timestamp,frame_number,phase,round_number,score_team1,score_team2,game_timer,spike_timer,post_round_timer,player_0_name,player_0_team,player_0_agent,player_0_alive,player_0_health,player_0_armor,player_0_ability_1,player_0_ability_2,player_0_ability_3,player_0_ultimate_charges,player_0_ultimate_full,player_0_weapon,player_0_weapon_tier,player_0_credits,player_0_pos_x,player_0_pos_y,player_1_name,player_1_team,player_1_agent,player_1_alive,player_1_health,player_1_armor,player_1_ability_1,player_1_ability_2,player_1_ability_3,player_1_ultimate_charges,player_1_ultimate_full,player_1_weapon,player_1_weapon_tier,player_1_credits,player_1_pos_x,player_1_pos_y,player_2_name,player_2_team,player_2_agent,player_2_alive,player_2_health,player_2_armor,player_2_ability_1,player_2_ability_2,player_2_ability_3,player_2_ultimate_charges,player_2_ultimate_full,player_2_weapon,player_2_weapon_tier,player_2_credits,player_2_pos_x,player_2_pos_y,player_3_name,player_3_team,player_3_agent,player_3_alive,player_3_health,player_3_armor,player_3_ability_1,player_3_ability_2,player_3_ability_3,player_3_ultimate_charges,player_3_ultimate_full,player_3_weapon,player_3_weapon_tier,player_3_credits,player_3_pos_x,player_3_pos_y,player_4_name,player_4_team,player_4_agent,player_4_alive,player_4_health,player_4_armor,player_4_ability_1,player_4_ability_2,player_4_ability_3,player_4_ultimate_charges,player_4_ultimate_full,player_4_weapon,player_4_weapon_tier,player_4_credits,player_4_pos_x,player_4_pos_y,player_5_name,player_5_team,player_5_agent,player_5_alive,player_5_health,player_5_armor,player_5_ability_1,player_5_ability_2,player_5_ability_3,player_5_ultimate_charges,player_5_ultimate_full,player_5_weapon,player_5_weapon_tier,player_5_credits,player_5_pos_x,player_5_pos_y,player_6_name,player_6_team,player_6_agent,player_6_alive,player_6_health,player_6_armor,player_6_ability_1,player_6_ability_2,player_6_ability_3,player_6_ultimate_charges,player_6_ultimate_full,player_6_weapon,player_6_weapon_tier,player_6_credits,player_6_pos_x,player_6_pos_y,player_7_name,player_7_team,player_7_agent,player_7_alive,player_7_health,player_7_armor,player_7_ability_1,player_7_ability_2,player_7_ability_3,player_7_ultimate_charges,player_7_ultimate_full,player_7_weapon,player_7_weapon_tier,player_7_credits,player_7_pos_x,player_7_pos_y,player_8_name,player_8_team,player_8_agent,player_8_alive,player_8_health,player_8_armor,player_8_ability_1,player_8_ability_2,player_8_ability_3,player_8_ultimate_charges,player_8_ultimate_full,player_8_weapon,player_8_weapon_tier,player_8_credits,player_8_pos_x,player_8_pos_y,player_9_name,player_9_team,player_9_agent,player_9_alive,player_9_health,player_9_armor,player_9_ability_1,player_9_ability_2,player_9_ability_3,player_9_ultimate_charges,player_9_ultimate_full,player_9_weapon,player_9_weapon_tier,player_9_credits,player_9_pos_x,player_9_pos_y
135.469,61,PREROUND,1,0,0,,,,s0pp,FUT Esports,chamber,True,,,0,6,1,0,False,,,,,,xeus,FUT Esports,jett,True,,,1,0,1,0,False,,,,,,sociablEE,FUT Esports,fade,True,,,1,0,1,0,False,,,,,,yetujey,FUT Esports,astra,True,,,1,3,1,0,False,,,,,,KROSTALY,FUT Esports,kayo,True,,,0,1,1,0,False,,,,,,Chronicle,Team Vitality,chamber,True,,,0,6,1,0,False,,,,,,Derke,Team Vitality,neon,True,,,0,0,1,0,False,,,,,,Jamppi,Team Vitality,kayo,True,,,0,1,1,0,False,,,,,,Sayonara,Team Vitality,sova,True,,,1,0,1,0,False,,,,,,PROFEK,Team Vitality,astra,True,,,2,2,2,0,False,,,,,
135.952,62,PREROUND,1,0,0,,,,s0pp,FUT Esports,chamber,True,,,0,6,1,0,False,,,,,,xeus,FUT Esports,jett,True,,,1,0,1,0,False,,,,,,sociablEE,FUT Esports,fade,True,,,1,0,1,0,False,,,,,,yetujey,FUT Esports,astra,True,,,1,3,1,0,False,,,,,,KROSTALY,FUT Esports,kayo,True,,,0,1,1,0,False,,,,,,Chronicle,Team Vitality,chamber,True,,,0,6,1,0,False,,,,,,Derke,Team Vitality,neon,True,,,0,0,1,0,False,,,,,,Jamppi,Team Vitality,kayo,True,,,0,1,1,0,False,,,,,,Sayonara,Team Vitality,sova,True,,,1,0,1,0,False,,,,,,PROFEK,Team Vitality,astra,True,,,2,2,2,0,False,,,,,
136.436,63,PREROUND,1,0,0,,,,s0pp,FUT Esports,chamber,True,,,0,6,1,0,False,,,,,,xeus,FUT Esports,jett,True,,,1,0,1,0,False,,,,,,sociablEE,FUT Esports,fade,True,,,1,0,1,0,False,,,,,,yetujey,FUT Esports,astra,True,,,1,3,1,0,False,,,,,,KROSTALY,FUT Esports,kayo,True,,,0,1,1,0,False,,,,,,Chronicle,Team Vitality,chamber,True,,,0,6,1,0,False,,,,,,Derke,Team Vitality,neon,True,,,0,0,1,0,False,,,,,,Jamppi,Team Vitality,kayo,True,,,0,1,1,0,False,,,,,,Sayonara,Team Vitality,sova,True,,,1,0,1,0,False,,,,,,PROFEK,Team Vitality,astra,True,,,2,2,2,0,False,,,,,
136.920,64,PREROUND,1,0,0,,,,s0pp,FUT Esports,chamber,True,,,0,6,1,0,False,,,,,,xeus,FUT Esports,jett,True,,,1,0,1,0,False,,,,,,sociablEE,FUT Esports,fade,True,,,1,0,1,0,False,,,,,,yetujey,FUT Esports,astra,True,,,1,3,2,0,False,,,,,,KROSTALY,FUT Esports,kayo,True,,,0,1,1,0,False,,,,,,Chronicle,Team Vitality,chamber,True,,,0,6,1,0,False,,,,,,Derke,Team Vitality,neon,True,,,0,0,1,0,False,,,,,,Jamppi,Team Vitality,kayo,True,,,0,1,1,0,False,,,,,,Sayonara,Team Vitality,sova,True,,,1,0,1,0,False,,,,,,PROFEK,Team Vitality,astra,True,,,2,2,2,0,False,,,,,
137.404,65,PREROUND,1,0,0,,,,s0pp,FUT Esports,chamber,True,,,0,6,1,0,False,,,,,,xeus,FUT Esports,jett,True,,,1,0,1,0,False,,,,,,sociablEE,FUT Esports,fade,True,,,1,0,1,0,False,,,,,,yetujey,FUT Esports,astra,True,,,1,3,2,0,False,,,,,,KROSTALY,FUT Esports,kayo,True,,,0,1,1,0,False,,,,,,Chronicle,Team Vitality,chamber,True,,,0,6,1,0,False,,,,,,Derke,Team Vitality,neon,True,,,0,0,1,0,False,,,,,,Jamppi,Team Vitality,kayo,True,,,0,1,1,0,False,,,,,,Sayonara,Team Vitality,sova,True,,,1,0,1,0,False,,,,,,PROFEK,Team Vitality,astra,True,,,2,2,2,0,False,,,,,
137.888,66,PREROUND,1,0,0,,,,s0pp,FUT Esports,chamber,True,,,0,6,1,0,False,,,,,,xeus,FUT Esports,jett,True,,,1,0,1,0,False,,,,,,sociablEE,FUT Esports,fade,True,,,1,0,1,0,False,,,,,,yetujey,FUT Esports,astra,True,,,1,3,2,0,False,,,,,,KROSTALY,FUT Esports,kayo,True,,,0,1,1,0,False,,,,,,Chronicle,Team Vitality,chamber,True,,,0,6,1,0,False,,,,,,Derke,Team Vitality,neon,True,,,0,0,1,0,False,,,,,,Jamppi,Team Vitality,kayo,True,,,0,1,1,0,False,,,,,,Sayonara,Team Vitality,sova,True,,,1,0,1,0,False,,,,,,PROFEK,Team Vitality,astra,True,,,2,2,2,0,False,,,,,
138.372,67,PREROUND,1,0,0,,,,s0pp,FUT Esports,chamber,True,,,0,6,1,0,False,,,,,,xeus,FUT Esports,jett,True,,,1,0,1,0,False,,,,,,sociablEE,FUT Esports,fade,True,,,1,0,1,0,False,,,,,,yetujey,FUT Esports,astra,True,,,1,3,2,0,False,,,,,,KROSTALY,FUT Esports,kayo,True,,,0,1,1,0,False,,,,,,Chronicle,Team Vitality,chamber,True,,,0,6,1,0,False,,,,,,Derke,Team Vitality,neon,True,,,0,0,1,0,False,,,,,,Jamppi,Team Vitality,kayo,True,,,0,1,1,0,False,,,,,,Sayonara,Team Vitality,sova,True,,,1,0,1,0,False,,,,,,PROFEK,Team Vitality,astra,True,,,2,2,2,0,False,,,,,
138.855,68,PREROUND,1,0,0,,,,s0pp,FUT Esports,chamber,True,,,0,6,1,0,False,,,,,,xeus,FUT Esports,jett,True,,,1,0,1,0,False,,,,,,sociablEE,FUT Esports,fade,True,,,1,0,1,0,False,,,,,,yetujey,FUT Esports,astra,True,,,1,3,2,0,False,,,,,,KROSTALY,FUT Esports,kayo,True,,,0,1,1,0,False,,,,,,Chronicle,Team Vitality,chamber,True,,,0,6,1,0,False,,,,,,Derke,Team Vitality,neon,True,,,0,0,1,0,False,,,,,,Jamppi,Team Vitality,kayo,True,,,0,1,1,0,False,,,,,,Sayonara,Team Vitality,sova,True,,,1,0,1,0,False,,,,,,PROFEK,Team Vitality,astra,True,,,2,2,2,0,False,,,,,
139.339,69,PREROUND,1,0,0,,,,s0pp,FUT Esports,chamber,True,,,0,6,1,0,False,,,,,,xeus,FUT Esports,jett,True,,,1,0,1,0,False,,,,,,sociablEE,FUT Esports,fade,True,,,1,0,1,0,False,,,,,,yetujey,FUT Esports,astra,True,,,1,3,2,0,False,,,,,,KROSTALY,FUT Esports,kayo,True,,,0,1,1,0,False,,,,,,Chronicle,Team Vitality,chamber,True,,,0,6,1,0,False,,,,,,Derke,Team Vitality,neon,True,,,0,0,1,0,False,,,,,,Jamppi,Team Vitality,kayo,True,,,0,1,1,0,False,,,,,,Sayonara,Team Vitality,sova,True,,,1,0,1,0,False,,,,,,PROFEK,Team Vitality,astra,True,,,2,2,2,0,False,,,,,
139.823,70,PREROUND,1,0,0,,,,s0pp,FUT Esports,chamber,True,,,0,6,1,0,False,,,,,,xeus,FUT Esports,jett,True,,,1,0,1,0,False,,,,,,sociablEE,FUT Esports,fade,True,,,1,0,1,0,False,,,,,,yetujey,FUT Esports,astra,True,,,1,3,2,0,False,,,,,,KROSTALY,FUT Esports,kayo,True,,,0,1,1,0,False,,,,,,Chronicle,Team Vitality,chamber,True,,,0,6,1,0,False,,,,,,Derke,Team Vitality,neon,True,,,0,0,1,0,False,,,,,,Jamppi,Team Vitality,kayo,True,,,0,1,1,0,False,,,,,,Sayonara,Team Vitality,sova,True,,,1,0,1,0,False,,,,,,PROFEK,Team Vitality,astra,True,,,2,2,2,0,False,,,,,
140.307,71,PREROUND,1,0,0,,,,s0pp,FUT Esports,chamber,True,,,0,6,1,0,False,,,,,,xeus,FUT Esports,jett,True,,,1,0,1,0,False,,,,,,sociablEE,FUT Esports,fade,True,,,1,0,1,0,False,,,,,,yetujey,FUT Esports,astra,True,,,1,3,2,0,False,,,,,,KROSTALY,FUT Esports,kayo,True,,,0,1,1,0,False,,,,,,Chronicle,Team Vitality,chamber,True,,,0,6,1,0,False,,,,,,Derke,Team Vitality,neon,True,,,0,0,1,0,False,,,,,,Jamppi,Team Vitality,kayo,True,,,0,1,1,0,False,,,,,,Sayonara,Team Vitality,sova,True,,,1,0,1,0,False,,,,,,PROFEK,Team Vitality,astra,True,,,2,2,2,0,False,,,,,
140.791,72,PREROUND,1,0,0,,,,s0pp,FUT Esports,chamber,True,,,0,6,1,0,False,,,,,,xeus,FUT Esports,jett,True,,,1,0,1,0,False,,,,,,sociablEE,FUT Esports,fade,True,,,1,0,1,0,False,,,,,,yetujey,FUT Esports,astra,True,,,1,3,2,0,False,,,,,,KROSTALY,FUT Esports,kayo,True,,,0,1,1,0,False,,,,,,Chronicle,Team Vitality,chamber,True,,,0,6,1,0,False,,,,,,Derke,Team Vitality,neon,True,,,0,0,1,0,False,,,,,,Jamppi,Team Vitality,kayo,True,,,0,1,1,0,False,,,,,,Sayonara,Team Vitality,sova,True,,,1,0,1,0,False,,,,,,PROFEK,Team Vitality,astra,True,,,2,2,2,0,False,,,,,
141.274,73,PREROUND,1,0,0,,,,s0pp,FUT Esports,chamber,True,,,0,6,1,0,False,,,,,,xeus,FUT Esports,jett,True,,,1,0,1,0,False,,,,,,sociablEE,FUT Esports,fade,True,,,1,0,1,0,False,,,,,,yetujey,FUT Esports,astra,True,,,1,3,2,0,False,,,,,,KROSTALY,FUT Esports,kayo,True,,,0,1,1,0,False,,,,,,Chronicle,Team Vitality,chamber,True,,,0,6,1,0,False,,,,,,Derke,Team Vitality,neon,True,,,0,0,1,0,False,,,,,,Jamppi,Team Vitality,kayo,True,,,0,1,1,0,False,,,,,,Sayonara,Team Vitality,sova,True,,,1,0,1,0,False,,,,,,PROFEK,Team Vitality,astra,True,,,2,2,2,0,False,,,,,
141.758,74,PREROUND,1,0,0,,,,s0pp,FUT Esports,chamber,True,,,0,6,1,0,False,,,,,,xeus,FUT Esports,jett,True,,,1,0,1,0,False,,,,,,sociablEE,FUT Esports,fade,True,,,1,0,1,0,False,,,,,,yetujey,FUT Esports,astra,True,,,1,3,1,0,False,,,,,,KROSTALY,FUT Esports,kayo,True,,,0,1,1,0,False,,,,,,Chronicle,Team Vitality,chamber,True,,,0,6,1,0,False,,,,,,Derke,Team Vitality,neon,True,,,0,0,1,0,False,,,,,,Jamppi,Team Vitality,kayo,True,,,0,1,1,0,False,,,,,,Sayonara,Team Vitality,sova,True,,,1,0,1,0,False,,,,,,PROFEK,Team Vitality,astra,True,,,2,2,1,0,False,,,,,
142.242,75,PREROUND,1,0,0,,,,s0pp,FUT Esports,chamber,True,,,0,6,1,0,False,,,,,,xeus,FUT Esports,jett,True,,,1,0,1,0,False,,,,,,sociablEE,FUT Esports,fade,True,,,1,0,1,0,False,,,,,,yetujey,FUT Esports,astra,True,,,1,3,1,0,False,,,,,,KROSTALY,FUT Esports,kayo,True,,,0,1,1,0,False,,,,,,Chronicle,Team Vitality,chamber,True,,,0,6,1,0,False,,,,,,Derke,Team Vitality,neon,True,,,0,0,1,0,False,,,,,,Jamppi,Team Vitality,kayo,True,,,0,1,1,0,False,,,,,,Sayonara,Team Vitality,sova,True,,,1,0,1,0,False,,,,,,PROFEK,Team Vitality,astra,True,,,2,2,1,0,False,,,,,
142.726,76,PREROUND,1,0,0,,,,s0pp,FUT Esports,chamber,True,,,0,6,1,0,False,,,,,,xeus,FUT Esports,jett,True,,,1,0,1,0,False,,,,,,sociablEE,FUT Esports,fade,True,,,1,0,1,0,False,,,,,,yetujey,FUT Esports,astra,True,,,1,3,1,0,False,,,,,,KROSTALY,FUT Esports,kayo,True,,,0,1,1,0,False,,,,,,Chronicle,Team Vitality,chamber,True,,,0,6,1,0,False,,,,,,Derke,Team Vitality,neon,True,,,0,0,1,0,False,,,,,,Jamppi,Team Vitality,kayo,True,,,0,1,1,0,False,,,,,,Sayonara,Team Vitality,sova,True,,,1,0,1,0,False,,,,,,PROFEK,Team Vitality,astra,True,,,2,2,1,0,False,,,,,
143.210,77,PREROUND,1,0,0,,,,s0pp,FUT Esports,chamber,True,,,0,6,1,0,False,,,,,,xeus,FUT Esports,jett,True,,,1,0,1,0,False,,,,,,sociablEE,FUT Esports,fade,True,,,1,0,1,0,False,,,,,,yetujey,FUT Esports,astra,True,,,1,3,1,0,False,,,,,,KROSTALY,FUT Esports,kayo,True,,,0,1,1,0,False,,,,,,Chronicle,Team Vitality,chamber,True,,,0,6,1,0,False,,,,,,Derke,Team Vitality,neon,True,,,0,0,1,0,False,,,,,,Jamppi,Team Vitality,kayo,True,,,0,1,1,0,False,,,,,,Sayonara,Team Vitality,sova,True,,,1,0,1,0,False,,,,,,PROFEK,Team Vitality,astra,True,,,2,2,1,0,False,,,,,
143.694,78,PREROUND,1,0,0,,,,s0pp,FUT Esports,chamber,True,,,0,6,1,0,False,,,,,,xeus,FUT Esports,jett,True,,,1,0,1,0,False,,,,,,sociablEE,FUT Esports,fade,True,,,1,0,1,0,False,,,,,,yetujey,FUT Esports,astra,True,,,1,3,1,0,False,,,,,,KROSTALY,FUT Esports,kayo,True,,,0,1,1,0,False,,,,,,Chronicle,Team Vitality,chamber,True,,,0,6,1,0,False,,,,,,Derke,Team Vitality,neon,True,,,0,0,1,0,False,,,,,,Jamppi,Team Vitality,kayo,True,,,0,1,1,0,False,,,,,,Sayonara,Team Vitality,sova,True,,,1,0,1,0,False,,,,,,PROFEK,Team Vitality,astra,True,,,2,2,1,0,False,,,,,
144.177,79,PREROUND,1,0,0,,,,s0pp,FUT Esports,chamber,True,,,0,6,1,0,False,,,,,,xeus,FUT Esports,jett,True,,,1,0,1,0,False,,,,,,sociablEE,FUT Esports,fade,True,,,1,0,1,0,False,,,,,,yetujey,FUT Esports,astra,True,,,1,3,1,0,False,,,,,,KROSTALY,FUT Esports,kayo,True,,,0,1,1,0,False,,,,,,Chronicle,Team Vitality,chamber,True,,,0,6,1,0,False,,,,,,Derke,Team Vitality,neon,True,,,0,0,1,0,False,,,,,,Jamppi,Team Vitality,kayo,True,,,0,1,1,0,False,,,,,,Sayonara,Team Vitality,sova,True,,,1,0,1,0,False,,,,,,PROFEK,Team Vitality,astra,True,,,2,2,1,0,False,,,,,
144.661,80,PREROUND,1,0,0,,,,s0pp,FUT Esports,chamber,True,,,0,6,1,0,False,,,,,,xeus,FUT Esports,jett,True,,,1,0,1,0,False,,,,,,sociablEE,FUT Esports,fade,True,,,1,0,1,0,False,,,,,,yetujey,FUT Esports,astra,True,,,1,3,1,0,False,,,,,,KROSTALY,FUT Esports,kayo,True,,,0,1,1,0,False,,,,,,Chronicle,Team Vitality,chamber,True,,,0,6,1,0,False,,,,,,Derke,Team Vitality,neon,True,,,0,0,1,0,False,,,,,,Jamppi,Team Vitality,kayo,True,,,0,1,1,0,False,,,,,,Sayonara,Team Vitality,sova,True,,,1,0,1,0,False,,,,,,PROFEK,Team Vitality,astra,True,,,2,2,1,0,False,,,,,
145.145,81,PREROUND,1,0,0,,,,s0pp,FUT Esports,chamber,True,,,0,6,1,0,False,,,,,,xeus,FUT Esports,jett,True,,,1,0,1,0,False,,,,,,sociablEE,FUT Esports,fade,True,,,1,0,1,0,False,,,,,,yetujey,FUT Esports,astra,True,,,1,3,1,0,False,,,,,,KROSTALY,FUT Esports,kayo,True,,,0,1,1,0,False,,,,,,Chronicle,Team Vitality,chamber,True,,,0,6,1,0,False,,,,,,Derke,Team Vitality,neon,True,,,0,0,1,0,False,,,,,,Jamppi,Team Vitality,kayo,True,,,0,1,1,0,False,,,,,,Sayonara,Team Vitality,sova,True,,,1,0,1,0,False,,,,,,PROFEK,Team Vitality,astra,True,,,2,2,1,0,False,,,,,
145.629,82,PREROUND,1,0,0,,,,s0pp,FUT Esports,chamber,True,,,0,6,1,0,False,,,,,,xeus,FUT Esports,jett,True,,,1,0,1,0,False,,,,,,sociablEE,FUT Esports,fade,True,,,1,0,1,0,False,,,,,,yetujey,FUT Esports,astra,True,,,1,3,1,0,False,,,,,,KROSTALY,FUT Esports,kayo,True,,,0,1,1,0,False,,,,,,Chronicle,Team Vitality,chamber,True,,,0,6,1,0,False,,,,,,Derke,Team Vitality,neon,True,,,0,0,1,0,False,,,,,,Jamppi,Team Vitality,kayo,True,,,0,1,1,0,False,,,,,,Sayonara,Team Vitality,sova,True,,,1,0,1,0,False,,,,,,PROFEK,Team Vitality,astra,True,,,2,2,1,0,False,,,,,
146.113,83,PREROUND,1,0,0,,,,s0pp,FUT Esports,chamber,True,,,0,6,1,0,False,,,,,,xeus,FUT Esports,jett,True,,,1,0,1,0,False,,,,,,sociablEE,FUT Esports,fade,True,,,1,0,1,0,False,,,,,,yetujey,FUT Esports,astra,True,,,1,3,1,0,False,,,,,,KROSTALY,FUT Esports,kayo,True,,,0,1,1,0,False,,,,,,Chronicle,Team Vitality,chamber,True,,,0,6,1,0,False,,,,,,Derke,Team Vitality,neon,True,,,0,0,1,0,False,,,,,,Jamppi,Team Vitality,kayo,True,,,0,1,1,0,False,,,,,,Sayonara,Team Vitality,sova,True,,,1,0,1,0,False,,,,,,PROFEK,Team Vitality,astra,True,,,2,2,1,0,False,,,,,
146.596,84,ACTIVE_ROUND,1,0,0,99.000,,,s0pp,FUT Esports,chamber,True,,,0,6,1,0,False,,,,,,xeus,FUT Esports,jett,True,,,1,0,1,0,False,,,,0.1367,0.4789,sociablEE,FUT Esports,fade,True,,,1,0,1,0,False,,,,0.8189,0.4044,yetujey,FUT Esports,astra,True,,,1,3,1,0,False,,,,,,KROSTALY,FUT Esports,kayo,True,,,0,1,1,0,False,,,,0.6722,0.4856,Chronicle,Team Vitality,chamber,True,,,0,6,1,0,False,,,,0.3878,0.6778,Derke,Team Vitality,neon,True,,,0,0,1,0,False,,,,0.7733,0.6289,Jamppi,Team Vitality,kayo,True,,,0,1,1,0,False,,,,0.7400,0.6622,Sayonara,Team Vitality,sova,True,,,1,0,1,0,False,,,,0.2978,0.7800,PROFEK,Team Vitality,astra,True,,,2,2,1,0,False,,,,,
147.080,85,ACTIVE_ROUND,1,0,0,99.000,,,s0pp,FUT Esports,chamber,True,100,,0,6,1,0,False,,,,,,xeus,FUT Esports,jett,True,100,,1,0,1,0,False,,,,0.2122,0.4567,sociablEE,FUT Esports,fade,True,100,,1,0,1,0,False,,,,0.8256,0.4133,yetujey,FUT Esports,astra,True,100,,1,3,1,0,False,,,,,,KROSTALY,FUT Esports,kayo,True,100,,0,1,1,0,False,,,,0.1011,0.4922,Chronicle,Team Vitality,chamber,True,100,,0,6,1,0,False,,,,0.3878,0.6911,Derke,Team Vitality,neon,True,100,,0,0,1,0,False,,,,0.7756,0.6200,Jamppi,Team Vitality,kayo,True,100,,0,1,1,0,False,,,,0.7400,0.6600,Sayonara,Team Vitality,sova,True,100,25,1,0,1,0,False,,,,0.2956,0.7667,PROFEK,Team Vitality,astra,True,100,,2,2,1,0,False,,,,0.7111,0.7522
147.564,86,ACTIVE_ROUND,1,0,0,98.000,,,s0pp,FUT Esports,chamber,True,100,,0,6,1,0,False,,,,0.1689,0.5200,xeus,FUT Esports,jett,True,100,,1,0,1,0,False,,,,0.1367,0.5078,sociablEE,FUT Esports,fade,True,100,,1,0,1,0,False,,,,0.8300,0.4244,yetujey,FUT Esports,astra,True,100,,1,3,1,0,False,,,,,,KROSTALY,FUT Esports,kayo,True,100,,0,1,1,0,False,,,,0.4144,0.4833,Chronicle,Team Vitality,chamber,True,100,,0,6,1,0,False,,,,0.0856,0.5267,Derke,Team Vitality,neon,True,100,,0,0,1,0,False,,,,0.7844,0.6133,Jamppi,Team Vitality,kayo,True,100,,0,1,1,0,False,,,,0.7400,0.6600,Sayonara,Team Vitality,sova,True,100,25,1,0,1,0,False,,,,0.2956,0.7667,PROFEK,Team Vitality,astra,True,100,,2,2,1,0,False,,,,0.7111,0.7522
148.048,87,ACTIVE_ROUND,1,0,0,98.000,,,s0pp,FUT Esports,chamber,True,100,,0,6,1,0,False,,,,0.1667,0.5356,xeus,FUT Esports,jett,True,100,,1,0,1,0,False,,,,0.1322,0.5189,sociablEE,FUT Esports,fade,True,100,,1,0,1,0,False,,,,0.8300,0.4200,yetujey,FUT Esports,astra,True,100,,1,3,1,0,False,,,,,,KROSTALY,FUT Esports,kayo,True,100,,0,1,1,0,False,,,,0.4256,0.4922,Chronicle,Team Vitality,chamber,True,100,,0,6,1,0,False,,,,0.3878,0.6711,Derke,Team Vitality,neon,True,100,,0,0,1,0,False,,,,0.7911,0.6044,Jamppi,Team Vitality,kayo,True,100,,0,1,1,0,False,,,,0.7400,0.6622,Sayonara,Team Vitality,sova,True,100,25,1,0,1,0,False,,,,0.2956,0.7667,PROFEK,Team Vitality,astra,True,100,,2,2,1,0,False,,,,0.7111,0.7522
148.532,88,ACTIVE_ROUND,1,0,0,97.000,,,s0pp,FUT Esports,chamber,True,100,,0,6,1,0,False,classic,sidearm,,0.1622,0.5489,xeus,FUT Esports,jett,True,100,,1,0,1,0,False,ghost,sidearm,,0.1256,0.5278,sociablEE,FUT Esports,fade,True,100,,1,0,1,0,False,ghost,sidearm,,0.8278,0.4111,yetujey,FUT Esports,astra,True,100,,0,0,0,0,False,ghost,sidearm,,0.8311,0.3833,KROSTALY,FUT Esports,kayo,True,100,,0,0,1,0,False,ghost,sidearm,,0.4367,0.5011,Chronicle,Team Vitality,chamber,True,100,,0,6,1,0,False,classic,sidearm,,0.8278,0.6111,Derke,Team Vitality,neon,True,100,,0,0,1,0,False,sheriff,sidearm,,0.8000,0.6000,Jamppi,Team Vitality,kayo,True,100,,0,1,0,0,False,ghost,sidearm,,0.7400,0.6622,Sayonara,Team Vitality,sova,True,100,25,1,0,1,0,False,classic,sidearm,,0.2578,0.7133,PROFEK,Team Vitality,astra,True,100,,1,1,0,0,False,ghost,sidearm,,0.7111,0.7522
149.016,89,ACTIVE_ROUND,1,0,0,97.000,,,s0pp,FUT Esports,chamber,True,100,,0,6,1,0,False,classic,sidearm,,0.1622,0.5556,xeus,FUT Esports,jett,True,100,,1,0,1,0,False,ghost,sidearm,,0.1233,0.5367,sociablEE,FUT Esports,fade,True,100,,1,0,1,0,False,ghost,sidearm,,0.8233,0.3933,yetujey,FUT Esports,astra,True,100,,0,0,0,0,False,ghost,sidearm,,0.8222,0.3656,KROSTALY,FUT Esports,kayo,True,100,,0,0,1,0,False,ghost,sidearm,,0.4278,0.5011,Chronicle,Team Vitality,chamber,True,100,,0,6,1,0,False,classic,sidearm,,0.3878,0.6756,Derke,Team Vitality,neon,True,100,,0,0,1,0,False,sheriff,sidearm,,0.8111,0.5956,Jamppi,Team Vitality,kayo,True,100,,0,1,0,0,False,ghost,sidearm,,0.7400,0.6622,Sayonara,Team Vitality,sova,True,100,25,1,0,1,0,False,classic,sidearm,,0.2578,0.7133,PROFEK,Team Vitality,astra,True,100,,1,1,0,0,False,ghost,sidearm,,0.7111,0.7522
149.499,90,ACTIVE_ROUND,1,0,0,96.000,,,s0pp,FUT Esports,chamber,True,100,,0,6,1,0,False,classic,sidearm,,0.1622,0.5556,xeus,FUT Esports,jett,True,100,,1,0,1,0,False,ghost,sidearm,,0.1189,0.5456,sociablEE,FUT Esports,fade,True,100,,1,0,1,0,False,ghost,sidearm,,0.8100,0.3800,yetujey,FUT Esports,astra,True,100,,0,0,0,0,False,ghost,sidearm,,0.8222,0.3656,KROSTALY,FUT Esports,kayo,True,100,,0,0,1,0,False,ghost,sidearm,,0.4189,0.5033,Chronicle,Team Vitality,chamber,True,100,,0,6,1,0,False,classic,sidearm,,0.7522,0.3733,Derke,Team Vitality,neon,True,100,,0,0,1,0,False,sheriff,sidearm,,0.8200,0.5911,Jamppi,Team Vitality,kayo,True,100,,0,1,0,0,False,ghost,sidearm,,0.7400,0.6622,Sayonara,Team Vitality,sova,True,100,25,1,0,1,0,False,classic,sidearm,,0.2578,0.7133,PROFEK,Team Vitality,astra,True,100,,1,1,0,0,False,ghost,sidearm,,0.7111,0.7522
149.983,91,ACTIVE_ROUND,1,0,0,96.000,,,s0pp,FUT Esports,chamber,True,100,,0,6,1,0,False,classic,sidearm,,0.1622,0.5556,xeus,FUT Esports,jett,True,100,,1,0,1,0,False,ghost,sidearm,,0.1256,0.5411,sociablEE,FUT Esports,fade,True,100,,1,0,1,0,False,ghost,sidearm,,0.8100,0.3800,yetujey,FUT Esports,astra,True,100,,0,0,0,0,False,ghost,sidearm,,0.8222,0.3656,KROSTALY,FUT Esports,kayo,True,100,,0,0,1,0,False,ghost,sidearm,,0.4078,0.5100,Chronicle,Team Vitality,chamber,True,100,,0,6,1,0,False,classic,sidearm,,0.7389,0.3733,Derke,Team Vitality,neon,True,100,,0,0,1,0,False,sheriff,sidearm,,0.8311,0.5867,Jamppi,Team Vitality,kayo,True,100,,0,1,0,0,False,ghost,sidearm,,0.8044,0.4044,Sayonara,Team Vitality,sova,True,100,25,1,0,1,0,False,classic,sidearm,,0.2578,0.7133,PROFEK,Team Vitality,astra,True,100,,1,1,0,0,False,ghost,sidearm,,0.7111,0.7522
150.467,92,ACTIVE_ROUND,1,0,0,95.000,,,s0pp,FUT Esports,chamber,True,100,,0,6,1,0,False,classic,sidearm,,0.1622,0.5556,xeus,FUT Esports,jett,True,100,,1,0,1,0,False,ghost,sidearm,,0.1256,0.5411,sociablEE,FUT Esports,fade,True,100,,1,0,1,0,False,ghost,sidearm,,0.8100,0.3800,yetujey,FUT Esports,astra,True,100,,0,0,0,0,False,ghost,sidearm,,0.8222,0.3656,KROSTALY,FUT Esports,kayo,True,100,,0,0,1,0,False,ghost,sidearm,,0.3967,0.5144,Chronicle,Team Vitality,chamber,True,100,,0,6,1,0,False,classic,sidearm,,0.5522,0.7733,Derke,Team Vitality,neon,True,100,,0,0,1,0,False,sheriff,sidearm,,0.8422,0.5822,Jamppi,Team Vitality,kayo,True,100,,0,1,0,0,False,ghost,sidearm,,0.8044,0.4044,Sayonara,Team Vitality,sova,True,100,25,0,0,1,0,False,classic,sidearm,,0.2578,0.7133,PROFEK,Team Vitality,astra,True,100,,1,1,0,0,False,ghost,sidearm,,0.7111,0.7522
150.951,93,ACTIVE_ROUND,1,0,0,95.000,,,s0pp,FUT Esports,chamber,True,100,,0,6,1,0,False,classic,sidearm,,0.1622,0.5556,xeus,FUT Esports,jett,True,100,,1,0,1,0,False,ghost,sidearm,,0.2100,0.4567,sociablEE,FUT Esports,fade,True,100,,1,0,1,0,False,ghost,sidearm,,0.8100,0.3800,yetujey,FUT Esports,astra,True,100,,0,0,0,0,False,ghost,sidearm,,0.8222,0.3656,KROSTALY,FUT Esports,kayo,True,100,,0,0,1,0,False,ghost,sidearm,,0.3878,0.5167,Chronicle,Team Vitality,chamber,True,100,,0,6,1,0,False,classic,sidearm,,0.8900,0.6089,Derke,Team Vitality,neon,True,100,,0,0,1,0,False,sheriff,sidearm,,0.8533,0.5800,Jamppi,Team Vitality,kayo,True,100,,0,1,0,0,False,ghost,sidearm,,0.8044,0.4044,Sayonara,Team Vitality,sova,True,100,25,0,0,1,0,False,classic,sidearm,,0.2578,0.7133,PROFEK,Team Vitality,astra,True,100,,1,1,0,0,False,ghost,sidearm,,0.7111,0.7522
151.435,94,ACTIVE_ROUND,1,0,0,94.000,,,s0pp,FUT Esports,chamber,True,100,,0,6,1,0,False,classic,sidearm,,0.1622,0.5533,xeus,FUT Esports,jett,True,100,,1,0,1,0,False,ghost,sidearm,,0.1300,0.5433,sociablEE,FUT Esports,fade,True,100,,1,0,1,0,False,ghost,sidearm,,0.7656,0.3733,yetujey,FUT Esports,astra,True,100,,0,0,0,0,False,ghost,sidearm,,0.8222,0.3656,KROSTALY,FUT Esports,kayo,True,100,,0,0,1,0,False,ghost,sidearm,,0.3722,0.5189,Chronicle,Team Vitality,chamber,True,100,,0,6,1,0,False,classic,sidearm,,0.8922,0.6022,Derke,Team Vitality,neon,True,100,,0,0,1,0,False,sheriff,sidearm,,0.8644,0.5733,Jamppi,Team Vitality,kayo,True,100,,0,1,0,0,False,ghost,sidearm,,0.7511,0.6844,Sayonara,Team Vitality,sova,True,100,25,0,0,1,0,False,classic,sidearm,,0.1800,0.6644,PROFEK,Team Vitality,astra,True,100,,1,1,0,0,False,ghost,sidearm,,0.7111,0.7544
151.918,95,ACTIVE_ROUND,1,0,0,94.000,,,s0pp,FUT Esports,chamber,True,100,,0,6,1,0,False,classic,sidearm,,0.1600,0.5556,xeus,FUT Esports,jett,True,100,,1,0,1,0,False,ghost,sidearm,,0.1256,0.5433,sociablEE,FUT Esports,fade,True,100,,1,0,1,0,False,ghost,sidearm,,0.7656,0.3711,yetujey,FUT Esports,astra,True,100,,0,0,0,0,False,ghost,sidearm,,0.8222,0.3656,KROSTALY,FUT Esports,kayo,True,100,,0,0,1,0,False,ghost,sidearm,,0.3589,0.5189,Chronicle,Team Vitality,chamber,True,100,,0,6,1,0,False,classic,sidearm,,0.3878,0.6733,Derke,Team Vitality,neon,True,100,,0,0,1,0,False,sheriff,sidearm,,0.8778,0.5689,Jamppi,Team Vitality,kayo,True,100,,0,1,0,0,False,ghost,sidearm,,0.7511,0.6844,Sayonara,Team Vitality,sova,True,100,25,0,0,1,0,False,classic,sidearm,,0.1800,0.6600,PROFEK,Team Vitality,astra,True,100,,1,1,0,0,False,ghost,sidearm,,0.7089,0.7567
152.402,96,ACTIVE_ROUND,1,0,0,93.000,,,s0pp,FUT Esports,chamber,True,100,,0,4,1,0,False,classic,sidearm,,0.1578,0.5556,xeus,FUT Esports,jett,True,100,,1,0,0,0,False,ghost,sidearm,,0.1167,0.5500,sociablEE,FUT Esports,fade,True,100,,1,0,1,0,False,ghost,sidearm,,0.7678,0.3644,yetujey,FUT Esports,astra,True,100,,0,0,0,0,False,ghost,sidearm,,0.8111,0.3211,KROSTALY,FUT Esports,kayo,True,100,,0,0,1,0,False,ghost,sidearm,,0.3478,0.5211,Chronicle,Team Vitality,chamber,True,100,,0,6,1,0,False,classic,sidearm,,0.6011,0.8444,Derke,Team Vitality,neon,True,100,,0,0,1,0,False,sheriff,sidearm,,0.8889,0.5667,Jamppi,Team Vitality,kayo,True,100,,0,0,0,0,False,ghost,sidearm,,0.7511,0.6844,Sayonara,Team Vitality,sova,True,100,25,0,0,1,0,False,classic,sidearm,,0.1800,0.6600,PROFEK,Team Vitality,astra,True,100,,2,1,0,0,False,ghost,sidearm,,0.7089,0.7567
152.886,97,ACTIVE_ROUND,1,0,0,93.000,,,s0pp,FUT Esports,chamber,True,100,,0,4,1,0,False,classic,sidearm,,0.1578,0.5556,xeus,FUT Esports,jett,True,100,,1,0,0,0,False,ghost,sidearm,,0.1189,0.5500,sociablEE,FUT Esports,fade,True,100,,1,0,1,0,False,ghost,sidearm,,0.7678,0.3644,yetujey,FUT Esports,astra,True,100,,0,0,0,0,False,ghost,sidearm,,0.8178,0.3056,KROSTALY,FUT Esports,kayo,True,100,,0,0,1,0,False,ghost,sidearm,,0.3344,0.5211,Chronicle,Team Vitality,chamber,True,100,,0,6,1,0,False,classic,sidearm,,0.3878,0.7400,Derke,Team Vitality,neon,True,100,,0,0,1,0,False,sheriff,sidearm,,0.8956,0.5578,Jamppi,Team Vitality,kayo,True,100,,0,0,0,0,False,ghost,sidearm,,0.7489,0.7289,Sayonara,Team Vitality,sova,True,100,25,0,0,1,0,False,classic,sidearm,,0.1800,0.6600,PROFEK,Team Vitality,astra,True,100,,2,1,0,0,False,ghost,sidearm,,0.7089,0.7567
153.370,98,ACTIVE_ROUND,1,0,0,92.000,,,s0pp,FUT Esports,chamber,True,91,,0,4,1,0,False,classic,sidearm,,0.1578,0.5556,xeus,FUT Esports,jett,True,74,,1,0,0,0,False,ghost,sidearm,,0.1189,0.5478,sociablEE,FUT Esports,fade,True,100,,1,0,1,0,False,ghost,sidearm,,0.7678,0.3644,yetujey,FUT Esports,astra,True,100,,0,0,0,0,False,ghost,sidearm,,0.8267,0.2944,KROSTALY,FUT Esports,kayo,True,100,,0,0,1,0,False,ghost,sidearm,,0.3167,0.5211,Chronicle,Team Vitality,chamber,True,100,,0,6,1,0,False,classic,sidearm,,0.3878,0.6711,Derke,Team Vitality,neon,True,100,,0,0,1,0,False,sheriff,sidearm,,0.9000,0.5511,Jamppi,Team Vitality,kayo,True,100,,0,0,0,0,False,ghost,sidearm,,0.7400,0.7422,Sayonara,Team Vitality,sova,False,,25,0,0,1,0,False,classic,sidearm,,0.1800,0.6600,PROFEK,Team Vitality,astra,True,100,,2,1,0,0,False,ghost,sidearm,,0.7089,0.7567
153.854,99,ACTIVE_ROUND,1,0,0,92.000,,,s0pp,FUT Esports,chamber,True,91,,0,4,1,0,False,classic,sidearm,,0.1578,0.5556,xeus,FUT Esports,jett,True,74,,1,0,0,0,False,ghost,sidearm,,0.1189,0.5478,sociablEE,FUT Esports,fade,True,100,,1,0,1,0,False,ghost,sidearm,,0.7656,0.3667,yetujey,FUT Esports,astra,True,100,,0,0,0,0,False,ghost,sidearm,,0.8267,0.2944,KROSTALY,FUT Esports,kayo,True,100,,0,0,1,0,False,ghost,sidearm,,0.3011,0.5189,Chronicle,Team Vitality,chamber,True,100,,0,6,1,0,False,classic,sidearm,,0.9233,0.5756,Derke,Team Vitality,neon,True,100,,0,0,1,0,False,sheriff,sidearm,,0.9000,0.5400,Jamppi,Team Vitality,kayo,True,100,,0,0,0,0,False,ghost,sidearm,,0.7400,0.7422,Sayonara,Team Vitality,sova,False,,25,0,0,1,0,False,classic,sidearm,,,,PROFEK,Team Vitality,astra,True,100,,2,1,0,0,False,ghost,sidearm,,0.7089,0.7567
154.338,100,ACTIVE_ROUND,1,0,0,91.000,,,s0pp,FUT Esports,chamber,True,91,,0,3,0,0,False,classic,sidearm,,0.2000,0.4511,xeus,FUT Esports,jett,True,74,,1,0,0,1,False,ghost,sidearm,,0.1656,0.4767,sociablEE,FUT Esports,fade,True,100,,1,0,1,0,False,ghost,sidearm,,0.7633,0.3689,yetujey,FUT Esports,astra,True,100,,0,0,0,0,False,ghost,sidearm,,0.8267,0.2944,KROSTALY,FUT Esports,kayo,True,100,,0,0,1,0,False,ghost,sidearm,,0.2922,0.5100,Chronicle,Team Vitality,chamber,True,100,,0,6,1,0,False,classic,sidearm,,0.7233,0.6400,Derke,Team Vitality,neon,True,100,,0,0,1,0,False,sheriff,sidearm,,0.9000,0.5400,Jamppi,Team Vitality,kayo,True,100,,0,0,0,0,False,ghost,sidearm,,0.7400,0.7422,Sayonara,Team Vitality,sova,False,,25,0,0,1,0,False,classic,sidearm,,,,PROFEK,Team Vitality,astra,True,100,,1,1,0,0,False,ghost,sidearm,,0.7089,0.7567
154.821,101,ACTIVE_ROUND,1,0,0,91.000,,,s0pp,FUT Esports,chamber,True,91,,0,3,0,0,False,classic,sidearm,,0.2178,0.4378,xeus,FUT Esports,jett,True,74,,1,0,0,1,False,ghost,sidearm,,0.1944,0.4611,sociablEE,FUT Esports,fade,True,100,,1,0,1,0,False,ghost,sidearm,,0.7633,0.3689,yetujey,FUT Esports,astra,True,100,,0,0,0,0,False,ghost,sidearm,,0.8267,0.2944,KROSTALY,FUT Esports,kayo,True,100,,0,0,1,0,False,ghost,sidearm,,0.2856,0.5011,Chronicle,Team Vitality,chamber,True,100,,0,6,1,0,False,classic,sidearm,,0.7256,0.6489,Derke,Team Vitality,neon,True,100,,0,0,1,0,False,sheriff,sidearm,,0.9000,0.5400,Jamppi,Team Vitality,kayo,True,100,,0,0,0,0,False,ghost,sidearm,,0.7400,0.7422,Sayonara,Team Vitality,sova,False,,25,0,0,1,0,False,classic,sidearm,,,,PROFEK,Team Vitality,astra,True,100,,1,1,0,0,False,ghost,sidearm,,0.7089,0.7567
155.305,102,ACTIVE_ROUND,1,0,0,91.000,,,s0pp,FUT Esports,chamber,True,91,,0,3,0,0,False,classic,sidearm,,0.2378,0.4244,xeus,FUT Esports,jett,True,74,,1,0,0,1,False,ghost,sidearm,,0.8789,0.3033,sociablEE,FUT Esports,fade,True,100,,1,0,1,0,False,ghost,sidearm,,0.7633,0.3689,yetujey,FUT Esports,astra,True,100,,0,0,0,0,False,ghost,sidearm,,0.8267,0.2944,KROSTALY,FUT Esports,kayo,True,100,,0,0,1,0,False,ghost,sidearm,,0.2789,0.4967,Chronicle,Team Vitality,chamber,True,100,,0,6,1,0,False,classic,sidearm,,0.7078,0.3822,Derke,Team Vitality,neon,True,100,,0,0,1,0,False,sheriff,sidearm,,0.9000,0.5400,Jamppi,Team Vitality,kayo,True,100,,0,0,0,0,False,ghost,sidearm,,0.7400,0.7422,Sayonara,Team Vitality,sova,False,,25,0,0,1,0,False,classic,sidearm,,,,PROFEK,Team Vitality,astra,True,100,,1,1,0,0,False,ghost,sidearm,,0.7089,0.7567
155.789,103,ACTIVE_ROUND,1,0,0,90.000,,,s0pp,FUT Esports,chamber,True,91,,0,3,0,0,False,classic,sidearm,,0.2578,0.4222,xeus,FUT Esports,jett,True,74,,1,0,0,1,False,ghost,sidearm,,0.2144,0.4522,sociablEE,FUT Esports,fade,True,100,,1,0,1,0,False,ghost,sidearm,,0.7611,0.3689,yetujey,FUT Esports,astra,True,100,,0,0,0,0,False,ghost,sidearm,,0.8667,0.2833,KROSTALY,FUT Esports,kayo,True,100,,0,0,1,0,False,ghost,sidearm,,0.2700,0.4989,Chronicle,Team Vitality,chamber,True,100,,0,6,1,0,False,classic,sidearm,,0.3878,0.7400,Derke,Team Vitality,neon,True,100,,0,0,1,0,False,sheriff,sidearm,,0.9000,0.5400,Jamppi,Team Vitality,kayo,True,100,,0,0,0,0,False,ghost,sidearm,,0.7400,0.7422,Sayonara,Team Vitality,sova,False,,25,0,0,1,0,False,classic,sidearm,,,,PROFEK,Team Vitality,astra,True,100,,1,1,0,0,False,ghost,sidearm,,0.7089,0.7567
156.273,104,ACTIVE_ROUND,1,0,0,90.000,,,s0pp,FUT Esports,chamber,True,91,,0,3,0,0,False,classic,sidearm,,0.2711,0.4267,xeus,FUT Esports,jett,True,74,,1,0,0,1,False,ghost,sidearm,,0.2256,0.4500,sociablEE,FUT Esports,fade,True,100,,1,0,1,0,False,ghost,sidearm,,0.7656,0.3756,yetujey,FUT Esports,astra,True,100,,0,0,0,0,False,ghost,sidearm,,0.8667,0.2833,KROSTALY,FUT Esports,kayo,True,100,,0,0,1,0,False,ghost,sidearm,,0.2700,0.5078,Chronicle,Team Vitality,chamber,True,100,,0,6,1,0,False,classic,sidearm,,0.7211,0.6444,Derke,Team Vitality,neon,True,100,,0,0,1,0,False,sheriff,sidearm,,0.9000,0.5400,Jamppi,Team Vitality,kayo,True,100,,0,0,0,0,False,ghost,sidearm,,0.7400,0.7422,Sayonara,Team Vitality,sova,False,,25,0,0,1,0,False,classic,sidearm,,,,PROFEK,Team Vitality,astra,True,100,,1,1,0,0,False,ghost,sidearm,,0.7089,0.7567
156.757,105,ACTIVE_ROUND,1,0,0,89.000,,,s0pp,FUT Esports,chamber,True,91,,0,3,0,0,False,classic,sidearm,,0.2911,0.4133,xeus,FUT Esports,jett,True,74,,1,0,0,1,False,ghost,sidearm,,0.2367,0.4478,sociablEE,FUT Esports,fade,True,100,,1,0,1,0,False,ghost,sidearm,,0.7656,0.3756,yetujey,FUT Esports,astra,True,100,,0,0,0,0,False,ghost,sidearm,,0.8667,0.2789,KROSTALY,FUT Esports,kayo,True,100,,0,0,1,0,False,ghost,sidearm,,0.7900,0.4078,Chronicle,Team Vitality,chamber,True,100,,0,6,1,0,False,classic,sidearm,,0.7233,0.6467,Derke,Team Vitality,neon,True,100,,0,0,1,0,False,sheriff,sidearm,,0.9000,0.5400,Jamppi,Team Vitality,kayo,True,100,,0,0,0,0,False,ghost,sidearm,,0.7400,0.7422,Sayonara,Team Vitality,sova,False,,25,0,0,1,0,False,classic,sidearm,,,,PROFEK,Team Vitality,astra,True,100,,1,1,0,0,False,ghost,sidearm,,0.7089,0.7567
157.240,106,ACTIVE_ROUND,1,0,0,89.000,,,s0pp,FUT Esports,chamber,True,91,,0,3,0,0,False,classic,sidearm,,0.2867,0.3933,xeus,FUT Esports,jett,True,74,,1,0,0,1,False,ghost,sidearm,,0.2478,0.4433,sociablEE,FUT Esports,fade,True,100,,1,0,1,0,False,ghost,sidearm,,0.7656,0.3756,yetujey,FUT Esports,astra,True,100,,0,0,0,0,False,ghost,sidearm,,0.8667,0.2789,KROSTALY,FUT Esports,kayo,True,100,,0,0,1,0,False,ghost,sidearm,,0.7878,0.4056,Chronicle,Team Vitality,chamber,True,100,,0,6,1,0,False,classic,sidearm,,0.7233,0.6467,Derke,Team Vitality,neon,True,100,,0,0,1,0,False,sheriff,sidearm,,0.9000,0.5400,Jamppi,Team Vitality,kayo,True,100,,0,0,0,0,False,ghost,sidearm,,0.7400,0.7422,Sayonara,Team Vitality,sova,False,,25,0,0,1,0,False,classic,sidearm,,,,PROFEK,Team Vitality,astra,True,100,,1,1,0,0,False,ghost,sidearm,,0.7089,0.7567
157.724,107,ACTIVE_ROUND,1,0,0,88.000,,,s0pp,FUT Esports,chamber,True,91,,0,3,0,0,False,classic,sidearm,,0.2822,0.3711,xeus,FUT Esports,jett,True,74,,1,0,0,1,False,ghost,sidearm,,0.2589,0.4433,sociablEE,FUT Esports,fade,True,100,,1,0,1,0,False,ghost,sidearm,,0.7656,0.3756,yetujey,FUT Esports,astra,True,100,,0,0,0,0,False,ghost,sidearm,,0.8667,0.2789,KROSTALY,FUT Esports,kayo,True,100,,0,0,1,0,False,ghost,sidearm,,0.7900,0.4056,Chronicle,Team Vitality,chamber,True,100,,0,6,1,0,False,classic,sidearm,,0.7233,0.6467,Derke,Team Vitality,neon,True,100,,0,0,1,0,False,sheriff,sidearm,,0.9000,0.5400,Jamppi,Team Vitality,kayo,True,100,,0,0,0,0,False,ghost,sidearm,,0.7400,0.7422,Sayonara,Team Vitality,sova,False,,25,0,0,1,0,False,classic,sidearm,,,,PROFEK,Team Vitality,astra,True,100,,1,1,0,0,False,ghost,sidearm,,0.7089,0.7567
158.208,108,ACTIVE_ROUND,1,0,0,88.000,,,s0pp,FUT Esports,chamber,True,91,,0,3,0,0,False,classic,sidearm,,0.2822,0.3467,xeus,FUT Esports,jett,True,74,,1,0,0,1,False,ghost,sidearm,,0.2700,0.4456,sociablEE,FUT Esports,fade,True,100,,1,0,1,0,False,ghost,sidearm,,0.7656,0.3756,yetujey,FUT Esports,astra,True,100,,0,0,0,0,False,ghost,sidearm,,0.8667,0.2789,KROSTALY,FUT Esports,kayo,True,100,,0,0,1,0,False,ghost,sidearm,,0.2700,0.4856,Chronicle,Team Vitality,chamber,True,100,,0,6,1,0,False,classic,sidearm,,0.7233,0.6467,Derke,Team Vitality,neon,True,100,,0,0,1,0,False,sheriff,sidearm,,0.9000,0.5400,Jamppi,Team Vitality,kayo,True,100,,0,0,0,0,False,ghost,sidearm,,0.7400,0.7422,Sayonara,Team Vitality,sova,False,,25,0,0,1,0,False,classic,sidearm,,,,PROFEK,Team Vitality,astra,True,100,,1,1,0,0,False,ghost,sidearm,,0.7089,0.7567
158.692,109,ACTIVE_ROUND,1,0,0,87.000,,,s0pp,FUT Esports,chamber,True,91,,0,3,0,0,False,classic,sidearm,,0.2800,0.3244,xeus,FUT Esports,jett,True,74,,1,0,0,1,False,ghost,sidearm,,0.2789,0.4389,sociablEE,FUT Esports,fade,True,100,,1,0,1,0,False,ghost,sidearm,,0.7656,0.3756,yetujey,FUT Esports,astra,True,100,,0,0,0,0,False,ghost,sidearm,,0.8667,0.2789,KROSTALY,FUT Esports,kayo,True,100,,0,0,1,0,False,ghost,sidearm,,0.2700,0.4856,Chronicle,Team Vitality,chamber,True,100,,0,6,1,0,False,classic,sidearm,,0.7233,0.6467,Derke,Team Vitality,neon,True,100,,0,0,1,0,False,sheriff,sidearm,,0.9000,0.5400,Jamppi,Team Vitality,kayo,True,100,,0,0,0,0,False,ghost,sidearm,,0.7400,0.7422,Sayonara,Team Vitality,sova,False,,25,0,0,1,0,False,classic,sidearm,,,,PROFEK,Team Vitality,astra,True,100,,1,1,0,0,False,ghost,sidearm,,0.7089,0.7567
159.176,110,ACTIVE_ROUND,1,0,0,87.000,,,s0pp,FUT Esports,chamber,True,91,,0,3,0,0,False,classic,sidearm,,0.2689,0.3178,xeus,FUT Esports,jett,True,74,,1,0,0,1,False,ghost,sidearm,,0.2900,0.4233,sociablEE,FUT Esports,fade,True,100,,1,0,1,0,False,ghost,sidearm,,0.7656,0.3756,yetujey,FUT Esports,astra,True,100,,0,0,0,0,False,ghost,sidearm,,0.8667,0.2789,KROSTALY,FUT Esports,kayo,True,100,,0,0,1,0,False,ghost,sidearm,,0.2700,0.5078,Chronicle,Team Vitality,chamber,True,100,,0,6,1,0,False,classic,sidearm,,0.7233,0.6467,Derke,Team Vitality,neon,True,100,,0,0,1,0,False,sheriff,sidearm,,0.9000,0.5400,Jamppi,Team Vitality,kayo,True,100,,0,0,0,0,False,ghost,sidearm,,0.7400,0.7422,Sayonara,Team Vitality,sova,False,,25,0,0,1,0,False,classic,sidearm,,,,PROFEK,Team Vitality,astra,True,100,,1,1,0,0,False,ghost,sidearm,,0.7089,0.7567
159.660,111,ACTIVE_ROUND,1,0,0,86.000,,,s0pp,FUT Esports,chamber,True,91,,0,3,0,0,False,classic,sidearm,,0.2844,0.3311,xeus,FUT Esports,jett,True,74,,1,0,0,1,False,ghost,sidearm,,0.2967,0.4011,sociablEE,FUT Esports,fade,True,100,,1,0,1,0,False,ghost,sidearm,,0.7878,0.3867,yetujey,FUT Esports,astra,True,45,,0,0,0,0,False,ghost,sidearm,,0.8667,0.2789,KROSTALY,FUT Esports,kayo,True,100,,0,0,1,0,False,ghost,sidearm,,0.2700,0.5078,Chronicle,Team Vitality,chamber,True,100,,0,6,1,0,False,classic,sidearm,,0.7300,0.6578,Derke,Team Vitality,neon,True,100,,0,0,1,0,False,sheriff,sidearm,,0.9000,0.5400,Jamppi,Team Vitality,kayo,True,100,,0,0,0,0,False,ghost,sidearm,,0.7400,0.7422,Sayonara,Team Vitality,sova,False,,25,0,0,1,0,False,classic,sidearm,,,,PROFEK,Team Vitality,astra,True,100,,1,1,0,0,False,ghost,sidearm,,0.7089,0.7567
160.143,112,ACTIVE_ROUND,1,0,0,86.000,,,s0pp,FUT Esports,chamber,True,91,,0,3,0,0,False,classic,sidearm,,0.2933,0.3511,xeus,FUT Esports,jett,True,74,,1,0,0,1,False,ghost,sidearm,,0.3122,0.3833,sociablEE,FUT Esports,fade,True,100,,1,0,1,0,False,ghost,sidearm,,0.7967,0.3889,yetujey,FUT Esports,astra,True,45,,0,0,0,0,False,ghost,sidearm,,0.8667,0.2789,KROSTALY,FUT Esports,kayo,True,100,,0,0,1,0,False,ghost,sidearm,,0.2700,0.5078,Chronicle,Team Vitality,chamber,True,100,,0,6,1,0,False,classic,sidearm,,0.7300,0.6533,Derke,Team Vitality,neon,True,100,,0,0,1,0,False,sheriff,sidearm,,0.9000,0.5400,Jamppi,Team Vitality,kayo,True,100,,0,0,0,0,False,ghost,sidearm,,0.7400,0.7422,Sayonara,Team Vitality,sova,False,,25,0,0,1,0,False,classic,sidearm,,,,PROFEK,Team Vitality,astra,True,100,,1,1,0,0,False,ghost,sidearm,,0.7089,0.7567
160.627,113,ACTIVE_ROUND,1,0,0,85.000,,,s0pp,FUT Esports,chamber,True,91,,0,3,0,0,False,classic,sidearm,,0.3044,0.3689,xeus,FUT Esports,jett,True,74,,1,0,0,1,False,ghost,sidearm,,0.3344,0.3744,sociablEE,FUT Esports,fade,True,100,,1,0,1,0,False,ghost,sidearm,,0.8033,0.3889,yetujey,FUT Esports,astra,True,45,,0,0,0,0,False,ghost,sidearm,,0.8711,0.2744,KROSTALY,FUT Esports,kayo,True,100,,0,0,1,0,False,ghost,sidearm,,0.2700,0.4944,Chronicle,Team Vitality,chamber,True,100,,0,6,1,0,False,classic,sidearm,,0.3878,0.6556,Derke,Team Vitality,neon,True,100,,0,0,1,0,False,sheriff,sidearm,,0.9000,0.5400,Jamppi,Team Vitality,kayo,True,100,,0,0,0,0,False,ghost,sidearm,,0.7400,0.7422,Sayonara,Team Vitality,sova,False,,25,0,0,1,0,False,classic,sidearm,,,,PROFEK,Team Vitality,astra,True,100,,1,1,0,0,False,ghost,sidearm,,0.7089,0.7567
161.111,114,ACTIVE_ROUND,1,0,0,85.000,,,s0pp,FUT Esports,chamber,True,91,,0,3,0,0,False,classic,sidearm,,0.3244,0.3733,xeus,FUT Esports,jett,True,74,,1,0,0,1,False,ghost,sidearm,,0.3544,0.3656,sociablEE,FUT Esports,fade,True,100,,1,0,1,0,False,ghost,sidearm,,0.8056,0.4000,yetujey,FUT Esports,astra,True,45,,0,0,0,0,False,ghost,sidearm,,0.8911,0.2767,KROSTALY,FUT Esports,kayo,True,100,,0,0,1,0,False,ghost,sidearm,,0.2700,0.4878,Chronicle,Team Vitality,chamber,True,100,,0,6,1,0,False,classic,sidearm,,0.5567,0.7778,Derke,Team Vitality,neon,True,100,,0,0,1,0,False,sheriff,sidearm,,0.9000,0.5400,Jamppi,Team Vitality,kayo,True,100,,0,0,0,0,False,ghost,sidearm,,0.7400,0.7422,Sayonara,Team Vitality,sova,False,,25,0,0,1,0,False,classic,sidearm,,,,PROFEK,Team Vitality,astra,True,100,,1,1,0,0,False,ghost,sidearm,,0.7089,0.7567
161.595,115,ACTIVE_ROUND,1,0,0,84.000,,,s0pp,FUT Esports,chamber,True,91,,0,3,0,0,False,classic,sidearm,,0.3467,0.3667,xeus,FUT Esports,jett,True,74,,1,0,0,1,False,ghost,sidearm,,0.3700,0.3456,sociablEE,FUT Esports,fade,True,100,,1,0,1,0,False,ghost,sidearm,,0.8033,0.4111,yetujey,FUT Esports,astra,True,45,,0,0,0,0,False,ghost,sidearm,,0.9044,0.2789,KROSTALY,FUT Esports,kayo,True,100,,0,0,1,0,False,ghost,sidearm,,0.2700,0.4878,Chronicle,Team Vitality,chamber,True,100,,0,6,1,0,False,classic,sidearm,,0.7300,0.6578,Derke,Team Vitality,neon,True,100,,0,0,1,0,False,sheriff,sidearm,,0.9000,0.5400,Jamppi,Team Vitality,kayo,True,100,,0,0,0,0,False,ghost,sidearm,,0.7400,0.7422,Sayonara,Team Vitality,sova,False,,25,0,0,1,0,False,classic,sidearm,,,,PROFEK,Team Vitality,astra,True,100,,1,1,0,0,False,ghost,sidearm,,0.7089,0.7567
162.079,116,ACTIVE_ROUND,1,0,0,84.000,,,s0pp,FUT Esports,chamber,True,91,,0,3,0,0,False,classic,sidearm,,0.3667,0.3556,xeus,FUT Esports,jett,True,74,,1,0,0,1,False,ghost,sidearm,,0.3811,0.3278,sociablEE,FUT Esports,fade,True,100,,1,0,1,0,False,ghost,sidearm,,0.8033,0.4111,yetujey,FUT Esports,astra,True,45,,0,0,0,0,False,ghost,sidearm,,0.9022,0.2767,KROSTALY,FUT Esports,kayo,True,100,,0,0,1,0,False,ghost,sidearm,,0.2700,0.4878,Chronicle,Team Vitality,chamber,True,100,,0,6,1,0,False,classic,sidearm,,0.7300,0.6578,Derke,Team Vitality,neon,True,100,,0,0,1,0,False,sheriff,sidearm,,0.9000,0.5400,Jamppi,Team Vitality,kayo,True,100,,0,0,0,0,False,ghost,sidearm,,0.7400,0.7422,Sayonara,Team Vitality,sova,False,,25,0,0,1,0,False,classic,sidearm,,,,PROFEK,Team Vitality,astra,True,100,,1,1,0,0,False,ghost,sidearm,,0.7089,0.7567
162.562,117,ACTIVE_ROUND,1,0,0,83.000,,,s0pp,FUT Esports,chamber,True,91,,0,3,0,0,False,classic,sidearm,,0.3733,0.3333,xeus,FUT Esports,jett,True,74,,1,0,0,1,False,ghost,sidearm,,0.3900,0.3056,sociablEE,FUT Esports,fade,True,100,,1,0,1,0,False,ghost,sidearm,,0.8033,0.4111,yetujey,FUT Esports,astra,True,45,,0,0,0,0,False,ghost,sidearm,,0.9133,0.2833,KROSTALY,FUT Esports,kayo,True,100,,0,0,1,0,False,ghost,sidearm,,0.2700,0.4967,Chronicle,Team Vitality,chamber,True,100,,0,6,1,0,False,classic,sidearm,,0.5567,0.7778,Derke,Team Vitality,neon,True,100,,0,0,1,0,False,sheriff,sidearm,,0.9000,0.5400,Jamppi,Team Vitality,kayo,True,100,,0,0,0,0,False,ghost,sidearm,,0.7400,0.7422,Sayonara,Team Vitality,sova,False,,25,0,0,1,0,False,classic,sidearm,,,,PROFEK,Team Vitality,astra,True,100,,1,1,0,0,False,ghost,sidearm,,0.7089,0.7567
163.046,118,ACTIVE_ROUND,1,0,0,83.000,,,s0pp,FUT Esports,chamber,True,91,,0,3,0,0,False,classic,sidearm,,0.3756,0.3111,xeus,FUT Esports,jett,True,74,,1,0,0,1,False,ghost,sidearm,,0.4033,0.2878,sociablEE,FUT Esports,fade,True,100,,1,0,1,0,False,ghost,sidearm,,0.8033,0.4111,yetujey,FUT Esports,astra,True,45,,0,0,0,0,False,ghost,sidearm,,0.9156,0.2900,KROSTALY,FUT Esports,kayo,True,100,,0,0,1,0,False,ghost,sidearm,,0.2700,0.5056,Chronicle,Team Vitality,chamber,True,100,,0,6,1,0,False,classic,sidearm,,0.7300,0.6578,Derke,Team Vitality,neon,True,100,,0,0,1,0,False,sheriff,sidearm,,0.9000,0.5400,Jamppi,Team Vitality,kayo,True,100,,0,0,0,0,False,ghost,sidearm,,0.7400,0.7422,Sayonara,Team Vitality,sova,False,,25,0,0,1,0,False,classic,sidearm,,,,PROFEK,Team Vitality,astra,True,100,,1,1,0,0,False,ghost,sidearm,,0.7089,0.7567
163.530,119,ACTIVE_ROUND,1,0,0,82.000,,,s0pp,FUT Esports,chamber,True,91,,0,3,0,0,False,classic,sidearm,,0.3933,0.2956,xeus,FUT Esports,jett,True,74,,1,0,0,1,False,ghost,sidearm,,0.4256,0.2767,sociablEE,FUT Esports,fade,True,100,,1,0,1,0,False,ghost,sidearm,,0.8033,0.4111,yetujey,FUT Esports,astra,True,45,,0,0,0,0,False,ghost,sidearm,,0.9133,0.2900,KROSTALY,FUT Esports,kayo,True,100,,0,0,1,0,False,ghost,sidearm,,0.7900,0.4078,Chronicle,Team Vitality,chamber,True,100,,0,6,1,0,False,classic,sidearm,,0.7300,0.6578,Derke,Team Vitality,neon,True,100,,0,0,1,0,False,sheriff,sidearm,,0.9000,0.5400,Jamppi,Team Vitality,kayo,True,100,,0,0,0,0,False,ghost,sidearm,,0.7400,0.7422,Sayonara,Team Vitality,sova,False,,25,0,0,1,0,False,classic,sidearm,,,,PROFEK,Team Vitality,astra,True,100,,1,1,0,0,False,ghost,sidearm,,0.7089,0.7567
164.014,120,ACTIVE_ROUND,1,0,0,82.000,,,s0pp,FUT Esports,chamber,True,91,,0,3,0,0,False,classic,sidearm,,0.4133,0.2844,xeus,FUT Esports,jett,True,74,,1,0,0,1,False,ghost,sidearm,,0.4456,0.2700,sociablEE,FUT Esports,fade,True,100,,1,0,1,0,False,ghost,sidearm,,0.8033,0.4111,yetujey,FUT Esports,astra,True,45,,0,0,0,0,False,ghost,sidearm,,0.9089,0.2744,KROSTALY,FUT Esports,kayo,True,100,,0,0,0,0,False,ghost,sidearm,,0.7900,0.4078,Chronicle,Team Vitality,chamber,True,100,,0,6,1,0,False,classic,sidearm,,0.7300,0.6578,Derke,Team Vitality,neon,True,100,,0,0,1,0,False,sheriff,sidearm,,0.9000,0.5400,Jamppi,Team Vitality,kayo,True,100,,0,0,0,0,False,ghost,sidearm,,0.7400,0.7422,Sayonara,Team Vitality,sova,False,,25,0,0,1,0,False,classic,sidearm,,,,PROFEK,Team Vitality,astra,True,100,,1,1,0,0,False,ghost,sidearm,,0.7089,0.7567
164.498,121,ACTIVE_ROUND,1,0,0,81.000,,,s0pp,FUT Esports,chamber,True,91,,0,3,0,0,False,classic,sidearm,,0.4333,0.2733,xeus,FUT Esports,jett,True,74,,1,0,0,1,False,ghost,sidearm,,0.4678,0.2589,sociablEE,FUT Esports,fade,True,100,,1,0,1,0,False,ghost,sidearm,,0.8033,0.4111,yetujey,FUT Esports,astra,True,45,,0,0,0,0,False,ghost,sidearm,,0.9089,0.2744,KROSTALY,FUT Esports,kayo,True,100,,0,0,0,0,False,ghost,sidearm,,0.2700,0.4856,Chronicle,Team Vitality,chamber,True,100,,0,6,1,0,False,classic,sidearm,,0.4100,0.6400,Derke,Team Vitality,neon,True,100,,0,0,1,0,False,sheriff,sidearm,,0.9000,0.5400,Jamppi,Team Vitality,kayo,True,100,,0,0,0,0,False,ghost,sidearm,,0.7400,0.7422,Sayonara,Team Vitality,sova,False,,25,0,0,1,0,False,classic,sidearm,,,,PROFEK,Team Vitality,astra,True,100,,1,1,0,0,False,ghost,sidearm,,0.7089,0.7567
164.981,122,ACTIVE_ROUND,1,0,0,81.000,,,s0pp,FUT Esports,chamber,True,91,,0,3,0,0,False,classic,sidearm,,0.4556,0.2644,xeus,FUT Esports,jett,True,74,,1,0,0,1,False,ghost,sidearm,,0.4900,0.2522,sociablEE,FUT Esports,fade,True,100,,1,0,1,0,False,ghost,sidearm,,0.8033,0.4111,yetujey,FUT Esports,astra,True,45,,0,0,0,0,False,ghost,sidearm,,0.9089,0.2744,KROSTALY,FUT Esports,kayo,True,100,,0,0,0,0,False,ghost,sidearm,,0.2700,0.5078,Chronicle,Team Vitality,chamber,True,100,,0,6,1,0,False,classic,sidearm,,0.7300,0.6578,Derke,Team Vitality,neon,True,100,,0,0,1,0,False,sheriff,sidearm,,0.9000,0.5400,Jamppi,Team Vitality,kayo,True,100,,0,0,0,0,False,ghost,sidearm,,0.7400,0.7422,Sayonara,Team Vitality,sova,False,,25,0,0,1,0,False,classic,sidearm,,,,PROFEK,Team Vitality,astra,True,100,,1,1,0,0,False,ghost,sidearm,,0.7089,0.7567
165.465,123,ACTIVE_ROUND,1,0,0,80.000,,,s0pp,FUT Esports,chamber,True,91,,0,3,0,0,False,classic,sidearm,,0.4778,0.2556,xeus,FUT Esports,jett,True,74,,1,0,0,1,False,ghost,sidearm,,0.5122,0.2456,sociablEE,FUT Esports,fade,True,100,,1,0,1,0,False,ghost,sidearm,,0.8033,0.4111,yetujey,FUT Esports,astra,True,45,,0,0,0,0,False,ghost,sidearm,,0.9089,0.2744,KROSTALY,FUT Esports,kayo,True,100,,0,0,0,0,False,ghost,sidearm,,0.2700,0.4856,Chronicle,Team Vitality,chamber,True,100,,0,6,1,0,False,classic,sidearm,,0.5567,0.7778,Derke,Team Vitality,neon,True,100,,0,0,1,0,False,sheriff,sidearm,,0.9000,0.5400,Jamppi,Team Vitality,kayo,True,100,,0,0,0,0,False,ghost,sidearm,,0.7400,0.7422,Sayonara,Team Vitality,sova,False,,25,0,0,1,0,False,classic,sidearm,,,,PROFEK,Team Vitality,astra,True,100,,1,1,0,0,False,ghost,sidearm,,0.7089,0.7567
165.949,124,ACTIVE_ROUND,1,0,0,80.000,,,s0pp,FUT Esports,chamber,True,91,,0,3,0,0,False,classic,sidearm,,0.4956,0.2422,xeus,FUT Esports,jett,True,74,,1,0,0,1,False,ghost,sidearm,,0.5122,0.2456,sociablEE,FUT Esports,fade,True,100,,1,0,1,0,False,ghost,sidearm,,0.8033,0.4111,yetujey,FUT Esports,astra,True,45,,0,0,0,0,False,ghost,sidearm,,0.9089,0.2744,KROSTALY,FUT Esports,kayo,True,100,,0,0,0,0,False,ghost,sidearm,,0.2700,0.4856,Chronicle,Team Vitality,chamber,True,100,,0,6,1,0,False,classic,sidearm,,0.7300,0.6578,Derke,Team Vitality,neon,True,100,,0,0,1,1,False,sheriff,sidearm,,0.9000,0.5400,Jamppi,Team Vitality,kayo,True,100,,0,0,0,0,False,ghost,sidearm,,0.7400,0.7422,Sayonara,Team Vitality,sova,False,,25,0,0,1,0,False,classic,sidearm,,,,PROFEK,Team Vitality,astra,True,100,,1,1,0,0,False,ghost,sidearm,,0.7089,0.7567
166.433,125,ACTIVE_ROUND,1,0,0,79.000,,,s0pp,FUT Esports,chamber,True,91,,0,3,0,0,False,classic,sidearm,,0.4956,0.2422,xeus,FUT Esports,jett,True,74,,1,0,0,1,False,ghost,sidearm,,0.3167,0.5144,sociablEE,FUT Esports,fade,True,100,,1,0,1,0,False,ghost,sidearm,,0.8033,0.4111,yetujey,FUT Esports,astra,True,45,,0,0,0,0,False,ghost,sidearm,,0.9089,0.2744,KROSTALY,FUT Esports,kayo,True,100,,0,0,0,0,False,ghost,sidearm,,0.5344,0.2100,Chronicle,Team Vitality,chamber,True,100,,0,6,1,0,False,classic,sidearm,,0.2633,0.7622,Derke,Team Vitality,neon,True,100,,0,0,1,1,False,sheriff,sidearm,,0.8711,0.5178,Jamppi,Team Vitality,kayo,True,100,,0,0,0,0,False,ghost,sidearm,,0.7400,0.7422,Sayonara,Team Vitality,sova,False,,25,0,0,1,0,False,classic,sidearm,,,,PROFEK,Team Vitality,astra,True,100,,1,1,0,0,False,ghost,sidearm,,0.7089,0.7567
166.917,126,ACTIVE_ROUND,1,0,0,79.000,,,s0pp,FUT Esports,chamber,True,91,,0,3,0,0,False,classic,sidearm,,0.4956,0.2422,xeus,FUT Esports,jett,True,74,,1,0,0,1,False,ghost,sidearm,,0.5678,0.2056,sociablEE,FUT Esports,fade,True,100,,1,0,1,0,False,ghost,sidearm,,0.8033,0.4111,yetujey,FUT Esports,astra,True,45,,0,0,0,0,False,ghost,sidearm,,0.9089,0.2767,KROSTALY,FUT Esports,kayo,True,100,,0,0,0,0,False,ghost,sidearm,,0.2700,0.4856,Chronicle,Team Vitality,chamber,True,100,,0,6,1,0,False,classic,sidearm,,0.4700,0.6222,Derke,Team Vitality,neon,True,100,,0,0,1,1,False,sheriff,sidearm,,0.8689,0.5178,Jamppi,Team Vitality,kayo,True,100,,0,0,0,0,False,ghost,sidearm,,0.7400,0.7422,Sayonara,Team Vitality,sova,False,,25,0,0,1,0,False,classic,sidearm,,,,PROFEK,Team Vitality,astra,True,100,,1,1,0,0,False,ghost,sidearm,,0.5133,0.6300
167.401,127,ACTIVE_ROUND,1,0,0,78.000,,,s0pp,FUT Esports,chamber,True,91,,0,3,0,0,False,classic,sidearm,,0.4956,0.2400,xeus,FUT Esports,jett,True,74,,1,0,0,1,False,ghost,sidearm,,0.5900,0.1944,sociablEE,FUT Esports,fade,True,100,,1,0,1,0,False,ghost,sidearm,,0.8033,0.4111,yetujey,FUT Esports,astra,True,45,,0,0,0,0,False,ghost,sidearm,,0.9111,0.2722,KROSTALY,FUT Esports,kayo,True,100,,0,0,0,0,False,ghost,sidearm,,0.2700,0.4856,Chronicle,Team Vitality,chamber,True,100,,0,6,1,0,False,classic,sidearm,,0.2633,0.7622,Derke,Team Vitality,neon,True,100,,0,0,1,1,False,sheriff,sidearm,,0.8689,0.5178,Jamppi,Team Vitality,kayo,True,100,,0,0,0,0,False,ghost,sidearm,,0.7400,0.7422,Sayonara,Team Vitality,sova,False,,25,0,0,1,0,False,classic,sidearm,,,,PROFEK,Team Vitality,astra,True,100,,1,1,0,0,False,ghost,sidearm,,0.5244,0.6233
167.884,128,ACTIVE_ROUND,1,0,0,78.000,,,s0pp,FUT Esports,chamber,True,91,,0,3,0,0,False,classic,sidearm,,0.5111,0.2400,xeus,FUT Esports,jett,True,74,,1,0,0,1,False,ghost,sidearm,,0.6078,0.1833,sociablEE,FUT Esports,fade,True,100,,1,0,1,0,False,ghost,sidearm,,0.8033,0.4111,yetujey,FUT Esports,astra,True,45,,0,0,0,0,False,ghost,sidearm,,0.9089,0.2678,KROSTALY,FUT Esports,kayo,True,100,,0,0,0,0,False,ghost,sidearm,,0.2700,0.4856,Chronicle,Team Vitality,chamber,True,100,,0,6,1,0,False,classic,sidearm,,0.0856,0.6867,Derke,Team Vitality,neon,True,100,,0,0,1,1,False,sheriff,sidearm,,0.8711,0.5178,Jamppi,Team Vitality,kayo,True,100,,0,0,0,0,False,ghost,sidearm,,0.7400,0.7422,Sayonara,Team Vitality,sova,False,,25,0,0,1,0,False,classic,sidearm,,,,PROFEK,Team Vitality,astra,True,100,,1,1,0,0,False,ghost,sidearm,,0.5356,0.6189
168.368,129,ACTIVE_ROUND,1,0,0,77.000,,,s0pp,FUT Esports,chamber,True,91,,0,3,0,0,False,classic,sidearm,,0.5333,0.2356,xeus,FUT Esports,jett,True,74,,1,0,0,1,False,ghost,sidearm,,0.6300,0.1744,sociablEE,FUT Esports,fade,True,100,,1,0,1,0,False,ghost,sidearm,,0.8033,0.4111,yetujey,FUT Esports,astra,True,45,,0,0,0,0,False,ghost,sidearm,,0.9089,0.2678,KROSTALY,FUT Esports,kayo,True,100,,0,0,0,0,False,ghost,sidearm,,0.2700,0.5078,Chronicle,Team Vitality,chamber,True,100,,0,6,1,0,False,classic,sidearm,,0.7944,0.4978,Derke,Team Vitality,neon,True,100,,0,0,1,1,False,sheriff,sidearm,,0.8867,0.5222,Jamppi,Team Vitality,kayo,True,100,,0,0,0,0,False,ghost,sidearm,,0.6244,0.6822,Sayonara,Team Vitality,sova,False,,25,0,0,1,0,False,classic,sidearm,,,,PROFEK,Team Vitality,astra,True,100,,1,1,0,0,False,ghost,sidearm,,0.5444,0.6144
168.852,130,ACTIVE_ROUND,1,0,0,77.000,,,s0pp,FUT Esports,chamber,True,91,,0,3,0,0,False,classic,sidearm,,0.5333,0.2356,xeus,FUT Esports,jett,True,74,,1,0,0,1,False,ghost,sidearm,,0.6522,0.1678,sociablEE,FUT Esports,fade,True,100,,1,0,1,0,False,ghost,sidearm,,0.8033,0.4111,yetujey,FUT Esports,astra,True,45,,0,0,0,0,False,ghost,sidearm,,0.9089,0.2678,KROSTALY,FUT Esports,kayo,True,100,,0,0,0,0,False,ghost,sidearm,,0.2700,0.5078,Chronicle,Team Vitality,chamber,True,100,,0,6,1,0,False,classic,sidearm,,0.5567,0.7778,Derke,Team Vitality,neon,True,100,,0,0,1,1,False,sheriff,sidearm,,0.9000,0.5333,Jamppi,Team Vitality,kayo,True,100,,0,0,0,0,False,ghost,sidearm,,0.6267,0.6711,Sayonara,Team Vitality,sova,False,,25,0,0,1,0,False,classic,sidearm,,,,PROFEK,Team Vitality,astra,True,100,,1,1,0,0,False,ghost,sidearm,,0.5578,0.6100
169.336,131,ACTIVE_ROUND,1,0,0,77.000,,,s0pp,FUT Esports,chamber,True,91,,0,3,0,0,False,classic,sidearm,,0.5622,0.2156,xeus,FUT Esports,jett,True,74,,1,0,0,1,False,ghost,sidearm,,0.6744,0.1633,sociablEE,FUT Esports,fade,True,100,,1,0,1,0,False,ghost,sidearm,,0.8033,0.4000,yetujey,FUT Esports,astra,True,45,,0,0,0,0,False,ghost,sidearm,,0.9089,0.2678,KROSTALY,FUT Esports,kayo,True,100,,0,0,0,0,False,ghost,sidearm,,0.2700,0.5078,Chronicle,Team Vitality,chamber,True,100,,0,6,1,0,False,classic,sidearm,,0.5567,0.7778,Derke,Team Vitality,neon,True,100,,0,0,1,1,False,sheriff,sidearm,,0.9044,0.5533,Jamppi,Team Vitality,kayo,True,100,,0,0,0,0,False,ghost,sidearm,,0.6289,0.6600,Sayonara,Team Vitality,sova,False,,25,0,0,1,0,False,classic,sidearm,,,,PROFEK,Team Vitality,astra,True,100,,1,1,0,0,False,ghost,sidearm,,0.5689,0.6100
169.820,132,ACTIVE_ROUND,1,0,0,76.000,,,s0pp,FUT Esports,chamber,True,91,,0,3,0,0,False,classic,sidearm,,0.5622,0.2156,xeus,FUT Esports,jett,True,74,,1,0,0,1,False,ghost,sidearm,,0.6989,0.1611,sociablEE,FUT Esports,fade,True,100,,1,0,1,0,False,ghost,sidearm,,0.8033,0.3956,yetujey,FUT Esports,astra,True,45,,0,0,0,0,False,ghost,sidearm,,0.9089,0.2678,KROSTALY,FUT Esports,kayo,True,100,,0,0,0,0,False,ghost,sidearm,,0.2700,0.5078,Chronicle,Team Vitality,chamber,True,100,,0,6,1,0,False,classic,sidearm,,0.7633,0.5044,Derke,Team Vitality,neon,True,100,,0,0,1,1,False,sheriff,sidearm,,0.9000,0.5711,Jamppi,Team Vitality,kayo,True,100,,0,0,0,0,False,ghost,sidearm,,0.6289,0.6600,Sayonara,Team Vitality,sova,False,,25,0,0,1,0,False,classic,sidearm,,,,PROFEK,Team Vitality,astra,True,100,,1,1,0,0,False,ghost,sidearm,,0.5800,0.6122
170.303,133,ACTIVE_ROUND,1,0,0,76.000,,,s0pp,FUT Esports,chamber,True,91,,0,3,0,0,False,classic,sidearm,,0.5267,0.2422,xeus,FUT Esports,jett,True,74,,1,0,0,1,False,ghost,sidearm,,0.7211,0.1611,sociablEE,FUT Esports,fade,True,100,,1,0,1,0,False,ghost,sidearm,,0.8056,0.3911,yetujey,FUT Esports,astra,True,45,,0,0,0,0,False,ghost,sidearm,,0.9089,0.2678,KROSTALY,FUT Esports,kayo,True,100,,0,0,0,0,False,ghost,sidearm,,0.2700,0.5078,Chronicle,Team Vitality,chamber,True,100,,0,6,1,0,False,classic,sidearm,,0.7256,0.6356,Derke,Team Vitality,neon,True,100,,0,0,1,1,False,sheriff,sidearm,,0.8889,0.5800,Jamppi,Team Vitality,kayo,True,100,,0,0,0,0,False,ghost,sidearm,,0.6289,0.6600,Sayonara,Team Vitality,sova,False,,25,0,0,1,0,False,classic,sidearm,,,,PROFEK,Team Vitality,astra,True,100,,1,1,0,0,False,ghost,sidearm,,0.5800,0.6122
170.787,134,ACTIVE_ROUND,1,0,0,75.000,,,s0pp,FUT Esports,chamber,True,91,,0,3,0,0,False,classic,sidearm,,0.5067,0.2489,xeus,FUT Esports,jett,True,74,,1,0,0,1,False,ghost,sidearm,,0.7478,0.1611,sociablEE,FUT Esports,fade,True,100,,1,0,1,0,False,ghost,sidearm,,0.7967,0.3844,yetujey,FUT Esports,astra,True,45,,0,0,0,0,False,ghost,sidearm,,0.9089,0.2678,KROSTALY,FUT Esports,kayo,True,100,,0,0,0,0,False,ghost,sidearm,,0.2700,0.5078,Chronicle,Team Vitality,chamber,True,100,,0,6,1,0,False,classic,sidearm,,0.5567,0.7778,Derke,Team Vitality,neon,True,100,,0,0,1,1,False,sheriff,sidearm,,0.8978,0.5711,Jamppi,Team Vitality,kayo,True,100,,0,0,0,0,False,ghost,sidearm,,0.6289,0.6600,Sayonara,Team Vitality,sova,False,,25,0,0,1,0,False,classic,sidearm,,,,PROFEK,Team Vitality,astra,True,100,,1,1,0,0,False,ghost,sidearm,,0.5800,0.6122
171.271,135,ACTIVE_ROUND,1,0,0,75.000,,,s0pp,FUT Esports,chamber,True,91,,0,3,0,0,False,classic,sidearm,,0.4822,0.2511,xeus,FUT Esports,jett,True,74,,1,0,0,1,False,ghost,sidearm,,0.7478,0.1611,sociablEE,FUT Esports,fade,True,100,,1,0,1,0,False,ghost,sidearm,,0.7967,0.3844,yetujey,FUT Esports,astra,True,45,,0,0,0,0,False,ghost,sidearm,,0.9089,0.2700,KROSTALY,FUT Esports,kayo,True,100,,0,0,0,0,False,ghost,sidearm,,0.2700,0.4856,Chronicle,Team Vitality,chamber,True,100,,0,6,1,0,False,classic,sidearm,,0.7256,0.6356,Derke,Team Vitality,neon,True,100,,0,0,1,1,False,sheriff,sidearm,,0.9022,0.5622,Jamppi,Team Vitality,kayo,True,100,,0,0,0,0,False,ghost,sidearm,,0.6289,0.6600,Sayonara,Team Vitality,sova,False,,25,0,0,1,0,False,classic,sidearm,,,,PROFEK,Team Vitality,astra,True,100,,1,1,0,0,False,ghost,sidearm,,0.5800,0.6122
171.755,136,ACTIVE_ROUND,1,0,0,74.000,,,s0pp,FUT Esports,chamber,True,91,,0,3,0,0,False,classic,sidearm,,0.4600,0.2533,xeus,FUT Esports,jett,True,74,,1,0,0,1,False,ghost,sidearm,,0.7478,0.1611,sociablEE,FUT Esports,fade,True,100,,1,0,1,0,False,ghost,sidearm,,0.7744,0.3756,yetujey,FUT Esports,astra,True,45,,0,0,0,0,False,ghost,sidearm,,0.9089,0.2700,KROSTALY,FUT Esports,kayo,True,100,,0,0,0,0,False,ghost,sidearm,,0.2700,0.4856,Chronicle,Team Vitality,chamber,True,100,,0,6,1,0,False,classic,sidearm,,0.7256,0.6356,Derke,Team Vitality,neon,True,100,,0,0,1,1,False,sheriff,sidearm,,0.9089,0.5556,Jamppi,Team Vitality,kayo,True,100,,0,0,0,0,False,ghost,sidearm,,0.6289,0.6600,Sayonara,Team Vitality,sova,False,,25,0,0,1,0,False,classic,sidearm,,,,PROFEK,Team Vitality,astra,True,100,,1,1,0,0,False,ghost,sidearm,,0.5800,0.6122
172.239,137,ACTIVE_ROUND,1,0,0,74.000,,,s0pp,FUT Esports,chamber,True,91,,0,3,0,0,False,classic,sidearm,,0.4378,0.2644,xeus,FUT Esports,jett,True,74,,1,0,0,1,False,ghost,sidearm,,0.7478,0.1611,sociablEE,FUT Esports,fade,True,100,,1,0,1,0,False,ghost,sidearm,,0.7678,0.3689,yetujey,FUT Esports,astra,True,45,,0,0,0,0,False,ghost,sidearm,,0.9089,0.2700,KROSTALY,FUT Esports,kayo,True,100,,0,0,0,0,False,ghost,sidearm,,0.2700,0.4856,Chronicle,Team Vitality,chamber,True,100,,0,6,1,0,False,classic,sidearm,,0.7633,0.5044,Derke,Team Vitality,neon,True,100,,0,0,1,1,False,sheriff,sidearm,,0.9000,0.5622,Jamppi,Team Vitality,kayo,True,100,,0,0,0,0,False,ghost,sidearm,,0.6289,0.6600,Sayonara,Team Vitality,sova,False,,25,0,0,1,0,False,classic,sidearm,,,,PROFEK,Team Vitality,astra,True,100,,1,1,0,0,False,ghost,sidearm,,0.7111,0.7522
172.723,138,ACTIVE_ROUND,1,0,0,73.000,,,s0pp,FUT Esports,chamber,True,91,,0,3,0,0,False,classic,sidearm,,0.4200,0.2778,xeus,FUT Esports,jett,True,74,,1,0,0,1,False,ghost,sidearm,,0.8189,0.1789,sociablEE,FUT Esports,fade,True,100,,1,0,1,0,False,ghost,sidearm,,0.7633,0.3622,yetujey,FUT Esports,astra,True,45,,0,0,0,0,False,ghost,sidearm,,0.9089,0.2700,KROSTALY,FUT Esports,kayo,True,100,,0,0,0,0,False,ghost,sidearm,,0.2700,0.5078,Chronicle,Team Vitality,chamber,True,100,,0,6,1,0,False,classic,sidearm,,0.7256,0.6356,Derke,Team Vitality,neon,True,100,,0,0,1,1,False,sheriff,sidearm,,0.8933,0.5689,Jamppi,Team Vitality,kayo,True,100,,0,0,0,0,False,ghost,sidearm,,0.6289,0.6600,Sayonara,Team Vitality,sova,False,,25,0,0,1,0,False,classic,sidearm,,,,PROFEK,Team Vitality,astra,True,100,,1,1,0,0,False,ghost,sidearm,,0.7111,0.7522
173.206,139,ACTIVE_ROUND,1,0,0,73.000,,,s0pp,FUT Esports,chamber,True,91,,0,3,0,0,False,classic,sidearm,,0.4022,0.2911,xeus,FUT Esports,jett,True,74,,1,0,0,1,False,ghost,sidearm,,0.8300,0.1856,sociablEE,FUT Esports,fade,True,100,,1,0,1,0,False,ghost,sidearm,,0.7589,0.3578,yetujey,FUT Esports,astra,True,45,,0,0,0,0,False,ghost,sidearm,,0.9089,0.2700,KROSTALY,FUT Esports,kayo,True,100,,0,0,0,0,False,ghost,sidearm,,0.2700,0.5078,Chronicle,Team Vitality,chamber,True,100,,0,6,1,0,False,classic,sidearm,,0.7256,0.6356,Derke,Team Vitality,neon,True,100,,0,0,1,1,False,sheriff,sidearm,,0.8956,0.5578,Jamppi,Team Vitality,kayo,True,100,,0,0,0,0,False,ghost,sidearm,,0.6289,0.6600,Sayonara,Team Vitality,sova,False,,25,0,0,1,0,False,classic,sidearm,,,,PROFEK,Team Vitality,astra,True,100,,1,1,0,0,False,ghost,sidearm,,0.7111,0.7522
173.690,140,ACTIVE_ROUND,1,0,0,72.000,,,s0pp,FUT Esports,chamber,True,91,,0,3,0,0,False,classic,sidearm,,0.4022,0.2911,xeus,FUT Esports,jett,True,74,,1,0,0,1,False,ghost,sidearm,,0.8389,0.1922,sociablEE,FUT Esports,fade,True,100,,1,0,1,0,False,ghost,sidearm,,0.7633,0.3578,yetujey,FUT Esports,astra,True,45,,0,0,0,0,False,ghost,sidearm,,0.9089,0.2700,KROSTALY,FUT Esports,kayo,True,100,,0,0,0,0,False,ghost,sidearm,,0.2700,0.5078,Chronicle,Team Vitality,chamber,True,100,,0,6,1,0,False,classic,sidearm,,0.8678,0.2800,Derke,Team Vitality,neon,True,100,,0,0,1,1,False,sheriff,sidearm,,0.9000,0.5489,Jamppi,Team Vitality,kayo,True,100,,0,0,0,0,False,ghost,sidearm,,0.6289,0.6600,Sayonara,Team Vitality,sova,False,,25,0,0,1,0,False,classic,sidearm,,,,PROFEK,Team Vitality,astra,True,100,,0,0,0,0,False,ghost,sidearm,,0.7111,0.7522
174.174,141,ACTIVE_ROUND,1,0,0,72.000,,,s0pp,FUT Esports,chamber,True,91,,0,3,0,0,False,classic,sidearm,,0.4022,0.2911,xeus,FUT Esports,jett,True,74,,1,0,0,1,False,ghost,sidearm,,0.8522,0.2056,sociablEE,FUT Esports,fade,True,100,,1,0,1,0,False,ghost,sidearm,,0.7678,0.3622,yetujey,FUT Esports,astra,True,45,,0,0,0,0,False,ghost,sidearm,,0.9089,0.2700,KROSTALY,FUT Esports,kayo,True,100,,0,0,0,0,False,ghost,sidearm,,0.2700,0.4856,Chronicle,Team Vitality,chamber,True,100,,0,6,1,0,False,classic,sidearm,,0.7256,0.6311,Derke,Team Vitality,neon,True,100,,0,0,1,1,False,sheriff,sidearm,,0.8978,0.5400,Jamppi,Team Vitality,kayo,True,100,,0,0,0,0,False,ghost,sidearm,,0.6289,0.6600,Sayonara,Team Vitality,sova,False,,25,0,0,1,0,False,classic,sidearm,,,,PROFEK,Team Vitality,astra,True,100,,0,0,0,0,False,ghost,sidearm,,0.7111,0.7522
174.658,142,ACTIVE_ROUND,1,0,0,71.000,,,s0pp,FUT Esports,chamber,True,91,,0,3,0,0,False,classic,sidearm,,0.4022,0.2911,xeus,FUT Esports,jett,True,74,,1,0,0,1,False,ghost,sidearm,,0.8522,0.2056,sociablEE,FUT Esports,fade,True,100,,1,0,1,0,False,ghost,sidearm,,0.7678,0.3644,yetujey,FUT Esports,astra,True,45,,0,0,0,0,False,ghost,sidearm,,0.9089,0.2700,KROSTALY,FUT Esports,kayo,True,100,,0,0,0,0,False,ghost,sidearm,,0.2700,0.5078,Chronicle,Team Vitality,chamber,True,100,,0,6,1,0,False,classic,sidearm,,0.7256,0.6311,Derke,Team Vitality,neon,True,100,,0,0,1,1,False,sheriff,sidearm,,0.8911,0.5311,Jamppi,Team Vitality,kayo,True,100,,0,0,0,0,False,ghost,sidearm,,0.6289,0.6600,Sayonara,Team Vitality,sova,False,,25,0,0,1,0,False,classic,sidearm,,,,PROFEK,Team Vitality,astra,True,100,,0,0,0,0,False,ghost,sidearm,,0.7111,0.7522
175.142,143,ACTIVE_ROUND,1,0,0,71.000,,,s0pp,FUT Esports,chamber,True,91,,0,3,0,0,False,classic,sidearm,,0.4022,0.2911,xeus,FUT Esports,jett,True,74,,1,0,0,1,False,ghost,sidearm,,0.7011,0.4433,sociablEE,FUT Esports,fade,True,100,,1,0,1,0,False,ghost,sidearm,,0.7700,0.3622,yetujey,FUT Esports,astra,True,45,,0,0,0,0,False,ghost,sidearm,,0.9089,0.2700,KROSTALY,FUT Esports,kayo,True,100,,0,0,0,0,False,ghost,sidearm,,0.2700,0.4856,Chronicle,Team Vitality,chamber,True,100,,0,6,1,0,False,classic,sidearm,,0.8233,0.2356,Derke,Team Vitality,neon,True,100,,0,0,1,1,False,sheriff,sidearm,,0.8756,0.5200,Jamppi,Team Vitality,kayo,True,100,,0,0,0,0,False,ghost,sidearm,,0.6289,0.6600,Sayonara,Team Vitality,sova,False,,25,0,0,1,0,False,classic,sidearm,,,,PROFEK,Team Vitality,astra,True,100,,0,0,0,0,False,ghost,sidearm,,0.7111,0.7522
175.625,144,ACTIVE_ROUND,1,0,0,70.000,,,s0pp,FUT Esports,chamber,True,91,,0,3,0,0,False,classic,sidearm,,0.4022,0.2911,xeus,FUT Esports,jett,True,74,,1,0,0,1,False,ghost,sidearm,,0.8656,0.2167,sociablEE,FUT Esports,fade,True,100,,1,0,1,0,False,ghost,sidearm,,0.7744,0.3578,yetujey,FUT Esports,astra,True,45,,0,0,0,0,False,ghost,sidearm,,0.9089,0.2700,KROSTALY,FUT Esports,kayo,True,100,,0,0,0,0,False,ghost,sidearm,,0.2833,0.4989,Chronicle,Team Vitality,chamber,True,100,,0,6,1,0,False,classic,sidearm,,0.8144,0.2356,Derke,Team Vitality,neon,True,100,,0,0,1,1,False,sheriff,sidearm,,0.8689,0.5200,Jamppi,Team Vitality,kayo,True,100,,0,0,0,0,False,ghost,sidearm,,0.6289,0.6600,Sayonara,Team Vitality,sova,False,,25,0,0,1,0,False,classic,sidearm,,,,PROFEK,Team Vitality,astra,True,100,,0,0,0,0,False,ghost,sidearm,,0.7111,0.7522
176.109,145,ACTIVE_ROUND,1,0,0,70.000,,,s0pp,FUT Esports,chamber,True,91,,0,3,0,0,False,classic,sidearm,,0.4022,0.2911,xeus,FUT Esports,jett,True,74,,1,0,0,1,False,ghost,sidearm,,0.8611,0.2144,sociablEE,FUT Esports,fade,True,100,,1,0,1,0,False,ghost,sidearm,,0.7767,0.3556,yetujey,FUT Esports,astra,True,45,,0,0,0,0,False,ghost,sidearm,,0.9178,0.2856,KROSTALY,FUT Esports,kayo,True,100,,0,0,0,0,False,ghost,sidearm,,0.2900,0.4900,Chronicle,Team Vitality,chamber,True,100,,0,6,1,0,False,classic,sidearm,,0.8144,0.2311,Derke,Team Vitality,neon,True,100,,0,0,1,1,False,sheriff,sidearm,,0.8667,0.5178,Jamppi,Team Vitality,kayo,True,100,,0,0,0,0,False,ghost,sidearm,,0.6289,0.6600,Sayonara,Team Vitality,sova,False,,25,0,0,1,0,False,classic,sidearm,,,,PROFEK,Team Vitality,astra,True,100,,0,0,0,0,False,ghost,sidearm,,0.7111,0.7522
176.593,146,ACTIVE_ROUND,1,0,0,69.000,,,s0pp,FUT Esports,chamber,True,91,,0,3,0,0,False,classic,sidearm,,0.4133,0.2822,xeus,FUT Esports,jett,True,74,,1,0,0,1,False,ghost,sidearm,,0.8611,0.2144,sociablEE,FUT Esports,fade,True,100,,1,0,1,0,False,ghost,sidearm,,0.7811,0.3533,yetujey,FUT Esports,astra,True,45,,0,0,0,0,False,ghost,sidearm,,0.9111,0.2900,KROSTALY,FUT Esports,kayo,True,100,,0,0,0,0,False,ghost,sidearm,,0.7944,0.4078,Chronicle,Team Vitality,chamber,True,100,,0,6,1,0,False,classic,sidearm,,0.8100,0.2311,Derke,Team Vitality,neon,True,100,,0,0,1,1,False,sheriff,sidearm,,0.8578,0.5111,Jamppi,Team Vitality,kayo,True,100,,0,0,0,0,False,ghost,sidearm,,0.6289,0.6600,Sayonara,Team Vitality,sova,False,,25,0,0,1,0,False,classic,sidearm,,,,PROFEK,Team Vitality,astra,True,100,,0,0,0,0,False,ghost,sidearm,,0.7111,0.7522
177.077,147,ACTIVE_ROUND,1,0,0,69.000,,,s0pp,FUT Esports,chamber,True,91,,0,3,0,0,False,classic,sidearm,,0.4333,0.2733,xeus,FUT Esports,jett,True,74,,1,0,0,1,False,ghost,sidearm,,0.8611,0.2189,sociablEE,FUT Esports,fade,False,,,1,0,1,0,False,ghost,sidearm,,0.7811,0.3533,yetujey,FUT Esports,astra,True,45,,0,0,0,0,False,ghost,sidearm,,0.9111,0.2900,KROSTALY,FUT Esports,kayo,True,100,,0,0,0,0,False,ghost,sidearm,,0.2589,0.4967,Chronicle,Team Vitality,chamber,True,100,,0,6,1,0,False,classic,sidearm,,0.5389,0.5356,Derke,Team Vitality,neon,True,100,,0,0,1,1,False,sheriff,sidearm,,0.8622,0.5044,Jamppi,Team Vitality,kayo,True,100,,0,0,0,0,False,ghost,sidearm,,0.6289,0.6600,Sayonara,Team Vitality,sova,False,,25,0,0,1,0,False,classic,sidearm,,,,PROFEK,Team Vitality,astra,True,100,,0,0,0,0,False,ghost,sidearm,,0.7111,0.7522
177.561,148,ACTIVE_ROUND,1,0,0,68.000,,,s0pp,FUT Esports,chamber,True,91,,0,3,0,0,False,classic,sidearm,,0.4556,0.2644,xeus,FUT Esports,jett,True,74,,1,0,0,1,False,ghost,sidearm,,0.8611,0.2278,sociablEE,FUT Esports,fade,False,,,1,0,1,0,False,ghost,sidearm,,,,yetujey,FUT Esports,astra,True,45,,0,0,0,0,False,ghost,sidearm,,0.9111,0.2900,KROSTALY,FUT Esports,kayo,True,100,,0,0,0,0,False,ghost,sidearm,,0.2700,0.4856,Chronicle,Team Vitality,chamber,True,100,,0,6,1,0,False,classic,sidearm,,0.6989,0.3822,Derke,Team Vitality,neon,True,100,,0,0,1,2,False,sheriff,sidearm,,0.8644,0.5044,Jamppi,Team Vitality,kayo,True,100,,0,0,0,0,False,ghost,sidearm,,0.6289,0.6600,Sayonara,Team Vitality,sova,False,,25,0,0,1,0,False,classic,sidearm,,,,PROFEK,Team Vitality,astra,True,100,,0,0,0,0,False,ghost,sidearm,,0.7111,0.7522
178.045,149,ACTIVE_ROUND,1,0,0,68.000,,,s0pp,FUT Esports,chamber,True,91,,0,3,0,0,False,classic,sidearm,,0.4778,0.2578,xeus,FUT Esports,jett,True,74,,1,0,0,1,False,ghost,sidearm,,0.8611,0.2278,sociablEE,FUT Esports,fade,False,,,1,0,1,0,False,ghost,sidearm,,,,yetujey,FUT Esports,astra,True,45,,0,0,0,0,False,ghost,sidearm,,0.9111,0.2900,KROSTALY,FUT Esports,kayo,True,100,,0,0,0,0,False,ghost,sidearm,,0.2700,0.4856,Chronicle,Team Vitality,chamber,True,100,,0,6,1,0,False,classic,sidearm,,0.6989,0.3822,Derke,Team Vitality,neon,True,100,,0,0,1,2,False,sheriff,sidearm,,0.8778,0.5000,Jamppi,Team Vitality,kayo,True,100,,0,0,0,0,False,ghost,sidearm,,0.6289,0.6600,Sayonara,Team Vitality,sova,False,,25,0,0,1,0,False,classic,sidearm,,,,PROFEK,Team Vitality,astra,True,100,,0,0,0,0,False,ghost,sidearm,,0.7111,0.7522
178.528,150,ACTIVE_ROUND,1,0,0,67.000,,,s0pp,FUT Esports,chamber,True,91,,0,3,0,0,False,classic,sidearm,,0.5000,0.2489,xeus,FUT Esports,jett,True,74,,1,0,0,1,False,ghost,sidearm,,0.8611,0.2278,sociablEE,FUT Esports,fade,False,,,1,0,1,0,False,ghost,sidearm,,,,yetujey,FUT Esports,astra,True,45,,0,0,0,0,False,ghost,sidearm,,0.9111,0.2900,KROSTALY,FUT Esports,kayo,True,100,,0,0,0,0,False,ghost,sidearm,,0.2989,0.4322,Chronicle,Team Vitality,chamber,True,100,,0,6,1,0,False,classic,sidearm,,0.6989,0.3822,Derke,Team Vitality,neon,True,100,,0,0,1,2,False,sheriff,sidearm,,0.8778,0.4978,Jamppi,Team Vitality,kayo,True,100,,0,0,0,0,False,ghost,sidearm,,0.6289,0.6600,Sayonara,Team Vitality,sova,False,,25,0,0,1,0,False,classic,sidearm,,,,PROFEK,Team Vitality,astra,True,100,,0,0,0,0,False,ghost,sidearm,,0.7111,0.7522
179.012,151,ACTIVE_ROUND,1,0,0,67.000,,,s0pp,FUT Esports,chamber,True,91,,0,3,0,0,False,classic,sidearm,,0.5222,0.2400,xeus,FUT Esports,jett,True,74,,1,0,0,1,False,ghost,sidearm,,0.8611,0.2278,sociablEE,FUT Esports,fade,False,,,1,0,1,0,False,ghost,sidearm,,,,yetujey,FUT Esports,astra,True,45,,0,0,0,0,False,ghost,sidearm,,0.9111,0.2900,KROSTALY,FUT Esports,kayo,True,100,,0,0,0,0,False,ghost,sidearm,,0.3033,0.4211,Chronicle,Team Vitality,chamber,True,100,,0,6,1,0,False,classic,sidearm,,0.5567,0.7778,Derke,Team Vitality,neon,True,100,,0,0,1,2,False,sheriff,sidearm,,0.8711,0.4978,Jamppi,Team Vitality,kayo,True,100,,0,0,0,0,False,ghost,sidearm,,0.6289,0.6600,Sayonara,Team Vitality,sova,False,,25,0,0,1,0,False,classic,sidearm,,,,PROFEK,Team Vitality,astra,True,100,,0,0,0,0,False,ghost,sidearm,,0.7111,0.7522
179.496,152,ACTIVE_ROUND,1,0,0,66.000,,,s0pp,FUT Esports,chamber,True,91,,0,3,0,0,False,classic,sidearm,,0.5222,0.2400,xeus,FUT Esports,jett,True,74,,1,0,0,1,False,ghost,sidearm,,0.8611,0.2278,sociablEE,FUT Esports,fade,False,,,1,0,1,0,False,ghost,sidearm,,,,yetujey,FUT Esports,astra,True,45,,0,0,0,0,False,ghost,sidearm,,0.9111,0.2900,KROSTALY,FUT Esports,kayo,True,100,,0,0,0,0,False,ghost,sidearm,,0.3033,0.4078,Chronicle,Team Vitality,chamber,True,100,,0,6,1,0,False,classic,sidearm,,0.8367,0.3244,Derke,Team Vitality,neon,True,100,,0,0,1,2,False,sheriff,sidearm,,0.8600,0.5022,Jamppi,Team Vitality,kayo,True,100,,0,0,0,0,False,ghost,sidearm,,0.6289,0.6600,Sayonara,Team Vitality,sova,False,,25,0,0,1,0,False,classic,sidearm,,,,PROFEK,Team Vitality,astra,True,100,,0,0,0,0,False,ghost,sidearm,,0.7111,0.7522
179.980,153,ACTIVE_ROUND,1,0,0,66.000,,,s0pp,FUT Esports,chamber,True,91,,0,3,0,0,False,classic,sidearm,,0.5622,0.2156,xeus,FUT Esports,jett,True,74,,1,0,0,1,False,ghost,sidearm,,0.8611,0.2233,sociablEE,FUT Esports,fade,False,,,1,0,1,0,False,ghost,sidearm,,,,yetujey,FUT Esports,astra,True,45,,0,0,0,0,False,ghost,sidearm,,0.9111,0.2900,KROSTALY,FUT Esports,kayo,True,100,,0,0,0,0,False,ghost,sidearm,,0.3033,0.3967,Chronicle,Team Vitality,chamber,True,100,,0,6,1,0,False,classic,sidearm,,0.7211,0.6511,Derke,Team Vitality,neon,True,100,,0,0,1,2,False,sheriff,sidearm,,0.8444,0.5022,Jamppi,Team Vitality,kayo,True,100,,0,0,0,0,False,ghost,sidearm,,0.6289,0.6600,Sayonara,Team Vitality,sova,False,,25,0,0,1,0,False,classic,sidearm,,,,PROFEK,Team Vitality,astra,True,100,,0,0,0,0,False,ghost,sidearm,,0.7111,0.7522
180.464,154,ACTIVE_ROUND,1,0,0,65.000,,,s0pp,FUT Esports,chamber,True,91,,0,3,0,0,False,classic,sidearm,,0.5800,0.2022,xeus,FUT Esports,jett,True,74,,1,0,0,1,False,ghost,sidearm,,0.8611,0.2278,sociablEE,FUT Esports,fade,False,,,1,0,1,0,False,ghost,sidearm,,,,yetujey,FUT Esports,astra,True,45,,0,0,0,0,False,ghost,sidearm,,0.9111,0.2900,KROSTALY,FUT Esports,kayo,True,100,,0,0,0,0,False,ghost,sidearm,,0.3056,0.3856,Chronicle,Team Vitality,chamber,True,100,,0,6,1,0,False,classic,sidearm,,0.6589,0.4822,Derke,Team Vitality,neon,True,100,,0,0,1,2,False,sheriff,sidearm,,0.8467,0.5022,Jamppi,Team Vitality,kayo,True,100,,0,0,0,0,False,ghost,sidearm,,0.6289,0.6600,Sayonara,Team Vitality,sova,False,,25,0,0,1,0,False,classic,sidearm,,,,PROFEK,Team Vitality,astra,True,100,,0,0,0,0,False,ghost,sidearm,,0.8711,0.4811
180.947,155,ACTIVE_ROUND,1,0,0,65.000,,,s0pp,FUT Esports,chamber,True,91,,0,3,0,0,False,classic,sidearm,,0.6022,0.1956,xeus,FUT Esports,jett,True,74,,1,0,0,1,False,ghost,sidearm,,0.8611,0.2256,sociablEE,FUT Esports,fade,False,,,1,0,1,0,False,ghost,sidearm,,,,yetujey,FUT Esports,astra,True,45,,0,0,0,0,False,ghost,sidearm,,0.9111,0.2900,KROSTALY,FUT Esports,kayo,True,100,,0,0,0,0,False,ghost,sidearm,,0.3033,0.3722,Chronicle,Team Vitality,chamber,True,100,,0,6,1,0,False,classic,sidearm,,0.7211,0.6489,Derke,Team Vitality,neon,True,100,,0,0,1,2,False,sheriff,sidearm,,0.8467,0.5044,Jamppi,Team Vitality,kayo,True,100,,0,0,0,0,False,ghost,sidearm,,0.6289,0.6600,Sayonara,Team Vitality,sova,False,,25,0,0,1,0,False,classic,sidearm,,,,PROFEK,Team Vitality,astra,True,100,,0,0,0,0,False,ghost,sidearm,,0.8711,0.4811
181.431,156,ACTIVE_ROUND,1,0,0,64.000,,,s0pp,FUT Esports,chamber,True,91,,0,3,0,0,False,classic,sidearm,,0.6244,0.1911,xeus,FUT Esports,jett,True,74,,1,0,0,1,False,ghost,sidearm,,0.8611,0.2256,sociablEE,FUT Esports,fade,False,,,1,0,1,0,False,ghost,sidearm,,,,yetujey,FUT Esports,astra,True,45,,0,0,0,0,False,ghost,sidearm,,0.9111,0.2900,KROSTALY,FUT Esports,kayo,True,100,,0,0,0,0,False,ghost,sidearm,,0.3011,0.3611,Chronicle,Team Vitality,chamber,True,100,,0,6,1,0,False,classic,sidearm,,0.8078,0.5022,Derke,Team Vitality,neon,True,100,,0,0,1,2,False,sheriff,sidearm,,0.8444,0.5133,Jamppi,Team Vitality,kayo,True,100,,0,0,0,0,False,ghost,sidearm,,0.6911,0.4889,Sayonara,Team Vitality,sova,False,,25,0,0,1,0,False,classic,sidearm,,,,PROFEK,Team Vitality,astra,True,100,,1,0,0,0,False,ghost,sidearm,,0.7178,0.4967
181.915,157,ACTIVE_ROUND,1,0,0,64.000,,,s0pp,FUT Esports,chamber,True,91,,0,3,0,0,False,classic,sidearm,,0.6489,0.1911,xeus,FUT Esports,jett,True,74,,1,0,0,1,False,ghost,sidearm,,0.8611,0.2322,sociablEE,FUT Esports,fade,False,,,1,0,1,0,False,ghost,sidearm,,,,yetujey,FUT Esports,astra,True,45,,0,0,0,0,False,ghost,sidearm,,0.9111,0.2900,KROSTALY,FUT Esports,kayo,True,100,,0,0,0,0,False,ghost,sidearm,,0.2944,0.3522,Chronicle,Team Vitality,chamber,True,100,,0,6,1,0,False,classic,sidearm,,0.8078,0.5022,Derke,Team Vitality,neon,True,100,,0,0,1,2,False,sheriff,sidearm,,0.8444,0.5156,Jamppi,Team Vitality,kayo,True,100,,0,0,0,0,False,ghost,sidearm,,0.6911,0.4889,Sayonara,Team Vitality,sova,False,,25,0,0,1,0,False,classic,sidearm,,,,PROFEK,Team Vitality,astra,True,100,,1,0,0,0,False,ghost,sidearm,,0.7178,0.4967
182.399,158,ACTIVE_ROUND,1,0,0,63.000,,,s0pp,FUT Esports,chamber,True,91,,0,3,0,0,False,classic,sidearm,,0.6711,0.1911,xeus,FUT Esports,jett,True,74,,1,0,0,1,False,ghost,sidearm,,0.8611,0.2322,sociablEE,FUT Esports,fade,False,,,1,0,1,0,False,ghost,sidearm,,,,yetujey,FUT Esports,astra,True,45,,0,0,0,0,False,ghost,sidearm,,0.9111,0.2900,KROSTALY,FUT Esports,kayo,True,100,,0,0,0,0,False,ghost,sidearm,,0.2900,0.3411,Chronicle,Team Vitality,chamber,True,100,,0,6,1,0,False,classic,sidearm,,0.8078,0.5022,Derke,Team Vitality,neon,True,100,,0,0,1,2,False,sheriff,sidearm,,0.8444,0.5156,Jamppi,Team Vitality,kayo,True,100,,0,0,0,0,False,ghost,sidearm,,0.6911,0.4889,Sayonara,Team Vitality,sova,False,,25,0,0,1,0,False,classic,sidearm,,,,PROFEK,Team Vitality,astra,True,100,,1,0,0,0,False,ghost,sidearm,,0.7178,0.4967
182.883,159,ACTIVE_ROUND,1,0,0,63.000,,,s0pp,FUT Esports,chamber,True,91,,0,3,0,0,False,classic,sidearm,,0.6956,0.1911,xeus,FUT Esports,jett,True,74,,1,0,0,1,False,ghost,sidearm,,0.8722,0.2322,sociablEE,FUT Esports,fade,False,,,1,0,1,0,False,ghost,sidearm,,,,yetujey,FUT Esports,astra,True,45,,0,0,0,0,False,ghost,sidearm,,0.9111,0.2900,KROSTALY,FUT Esports,kayo,True,100,,0,0,0,0,False,ghost,sidearm,,0.2856,0.3300,Chronicle,Team Vitality,chamber,True,100,,0,6,1,0,False,classic,sidearm,,0.6411,0.1933,Derke,Team Vitality,neon,True,100,,0,0,1,2,False,sheriff,sidearm,,0.8422,0.5156,Jamppi,Team Vitality,kayo,True,100,,0,0,0,0,False,ghost,sidearm,,0.6911,0.4889,Sayonara,Team Vitality,sova,False,,25,0,0,1,0,False,classic,sidearm,,,,PROFEK,Team Vitality,astra,True,100,,1,0,0,0,False,ghost,sidearm,,0.7178,0.4967
183.367,160,ACTIVE_ROUND,1,0,0,62.000,,,s0pp,FUT Esports,chamber,True,91,,0,3,1,0,False,classic,sidearm,,0.7044,0.1911,xeus,FUT Esports,jett,True,74,,1,0,0,1,False,ghost,sidearm,,0.8678,0.2300,sociablEE,FUT Esports,fade,False,,,1,0,1,0,False,ghost,sidearm,,,,yetujey,FUT Esports,astra,True,45,,0,0,0,0,False,ghost,sidearm,,0.9111,0.2900,KROSTALY,FUT Esports,kayo,True,100,,0,0,0,0,False,ghost,sidearm,,0.2811,0.3189,Chronicle,Team Vitality,chamber,True,100,,0,6,1,0,False,classic,sidearm,,0.8078,0.5022,Derke,Team Vitality,neon,True,100,,0,0,1,2,False,sheriff,sidearm,,0.8467,0.5156,Jamppi,Team Vitality,kayo,True,100,,0,0,0,0,False,ghost,sidearm,,0.7044,0.4711,Sayonara,Team Vitality,sova,False,,25,0,0,1,0,False,classic,sidearm,,,,PROFEK,Team Vitality,astra,True,100,,1,0,0,0,False,ghost,sidearm,,0.7178,0.4967
183.850,161,ACTIVE_ROUND,1,0,0,62.000,,,s0pp,FUT Esports,chamber,True,91,,0,3,1,0,False,classic,sidearm,,0.7222,0.2000,xeus,FUT Esports,jett,True,74,,1,0,0,1,False,ghost,sidearm,,0.8656,0.2300,sociablEE,FUT Esports,fade,False,,,1,0,1,0,False,ghost,sidearm,,,,yetujey,FUT Esports,astra,True,45,,0,0,0,0,False,ghost,sidearm,,0.9111,0.2900,KROSTALY,FUT Esports,kayo,True,100,,0,0,0,0,False,ghost,sidearm,,0.2767,0.3189,Chronicle,Team Vitality,chamber,True,100,,0,6,1,0,False,classic,sidearm,,0.8078,0.5022,Derke,Team Vitality,neon,True,100,,0,0,1,2,False,sheriff,sidearm,,0.8622,0.5178,Jamppi,Team Vitality,kayo,True,100,,0,0,0,0,False,ghost,sidearm,,0.7044,0.4711,Sayonara,Team Vitality,sova,False,,25,0,0,1,0,False,classic,sidearm,,,,PROFEK,Team Vitality,astra,True,100,,1,0,0,0,False,ghost,sidearm,,0.7178,0.4967
184.334,162,ACTIVE_ROUND,1,0,0,61.000,,,s0pp,FUT Esports,chamber,True,91,,0,3,1,0,False,classic,sidearm,,0.7222,0.2000,xeus,FUT Esports,jett,True,24,,1,0,0,1,False,ghost,sidearm,,0.8589,0.2189,sociablEE,FUT Esports,fade,False,,,1,0,1,0,False,ghost,sidearm,,,,yetujey,FUT Esports,astra,True,45,,0,0,0,0,False,ghost,sidearm,,0.9111,0.2900,KROSTALY,FUT Esports,kayo,True,100,,0,0,0,0,False,ghost,sidearm,,0.2789,0.3233,Chronicle,Team Vitality,chamber,True,100,,0,6,1,0,False,classic,sidearm,,0.7211,0.6489,Derke,Team Vitality,neon,True,29,,0,0,1,2,False,sheriff,sidearm,,0.8711,0.5267,Jamppi,Team Vitality,kayo,True,100,,0,0,0,0,False,ghost,sidearm,,0.7044,0.4711,Sayonara,Team Vitality,sova,False,,25,0,0,1,0,False,classic,sidearm,,,,PROFEK,Team Vitality,astra,True,100,,1,0,0,0,False,ghost,sidearm,,0.7178,0.4967
184.818,163,ACTIVE_ROUND,1,0,0,61.000,,,s0pp,FUT Esports,chamber,True,91,,0,3,1,0,False,classic,sidearm,,0.7222,0.2000,xeus,FUT Esports,jett,True,24,,1,0,0,1,False,ghost,sidearm,,0.8567,0.2122,sociablEE,FUT Esports,fade,False,,,1,0,1,0,False,ghost,sidearm,,,,yetujey,FUT Esports,astra,True,45,,0,0,0,0,False,ghost,sidearm,,0.9111,0.2900,KROSTALY,FUT Esports,kayo,True,100,,0,0,0,0,False,ghost,sidearm,,0.2744,0.3233,Chronicle,Team Vitality,chamber,True,100,,0,6,1,0,False,classic,sidearm,,0.8056,0.2267,Derke,Team Vitality,neon,True,29,,0,0,1,2,False,sheriff,sidearm,,0.8800,0.5289,Jamppi,Team Vitality,kayo,True,100,,0,0,0,0,False,ghost,sidearm,,0.7044,0.4711,Sayonara,Team Vitality,sova,False,,25,0,0,1,0,False,classic,sidearm,,,,PROFEK,Team Vitality,astra,True,100,,1,0,0,0,False,ghost,sidearm,,0.7178,0.4967
185.302,164,ACTIVE_ROUND,1,0,0,61.000,,,s0pp,FUT Esports,chamber,True,91,,0,3,1,0,False,classic,sidearm,,0.9200,0.2956,xeus,FUT Esports,jett,True,24,,1,0,0,1,False,ghost,sidearm,,0.8589,0.2189,sociablEE,FUT Esports,fade,False,,,1,0,1,0,False,ghost,sidearm,,,,yetujey,FUT Esports,astra,True,45,,0,0,0,0,False,ghost,sidearm,,0.9111,0.2900,KROSTALY,FUT Esports,kayo,True,100,,0,0,0,0,False,ghost,sidearm,,0.2678,0.3233,Chronicle,Team Vitality,chamber,True,100,,0,6,1,0,False,classic,sidearm,,0.7656,0.5067,Derke,Team Vitality,neon,True,29,,0,0,1,2,False,sheriff,sidearm,,0.8756,0.5200,Jamppi,Team Vitality,kayo,True,100,,0,0,0,0,False,ghost,sidearm,,0.7044,0.4711,Sayonara,Team Vitality,sova,False,,25,0,0,1,0,False,classic,sidearm,,,,PROFEK,Team Vitality,astra,True,100,,1,0,0,0,False,ghost,sidearm,,0.7178,0.4967
185.786,165,ACTIVE_ROUND,1,0,0,60.000,,,s0pp,FUT Esports,chamber,True,91,,0,3,1,0,False,classic,sidearm,,0.9200,0.2956,xeus,FUT Esports,jett,True,24,,1,0,0,1,False,ghost,sidearm,,0.8589,0.2211,sociablEE,FUT Esports,fade,False,,,1,0,1,0,False,ghost,sidearm,,,,yetujey,FUT Esports,astra,True,45,,0,0,0,0,False,ghost,sidearm,,0.9111,0.2900,KROSTALY,FUT Esports,kayo,True,100,,0,0,0,0,False,ghost,sidearm,,0.2611,0.3144,Chronicle,Team Vitality,chamber,True,100,,0,6,1,0,False,classic,sidearm,,0.6433,0.3978,Derke,Team Vitality,neon,True,29,,0,0,1,2,False,sheriff,sidearm,,0.8800,0.5200,Jamppi,Team Vitality,kayo,True,100,,0,0,0,0,False,ghost,sidearm,,0.7044,0.4711,Sayonara,Team Vitality,sova,False,,25,0,0,1,0,False,classic,sidearm,,,,PROFEK,Team Vitality,astra,True,100,,1,0,0,0,False,ghost,sidearm,,0.7178,0.4967
186.269,166,ACTIVE_ROUND,1,0,0,60.000,,,s0pp,FUT Esports,chamber,True,91,,0,3,1,0,False,classic,sidearm,,0.9200,0.2956,xeus,FUT Esports,jett,True,24,,1,0,0,1,False,ghost,sidearm,,0.8611,0.2300,sociablEE,FUT Esports,fade,False,,,1,0,1,0,False,ghost,sidearm,,,,yetujey,FUT Esports,astra,True,45,,0,0,0,0,False,ghost,sidearm,,0.9200,0.2967,KROSTALY,FUT Esports,kayo,True,100,,0,0,0,0,False,ghost,sidearm,,0.2589,0.3056,Chronicle,Team Vitality,chamber,True,100,,0,6,1,0,False,classic,sidearm,,0.6433,0.3978,Derke,Team Vitality,neon,True,29,,0,0,1,2,False,sheriff,sidearm,,0.8733,0.5156,Jamppi,Team Vitality,kayo,True,100,,0,0,0,0,False,ghost,sidearm,,0.6844,0.3978,Sayonara,Team Vitality,sova,False,,25,0,0,1,0,False,classic,sidearm,,,,PROFEK,Team Vitality,astra,True,100,,1,0,0,0,False,ghost,sidearm,,0.9222,0.2967
186.753,167,ACTIVE_ROUND,1,0,0,59.000,,,s0pp,FUT Esports,chamber,True,91,,0,3,1,0,False,classic,sidearm,,0.9200,0.2956,xeus,FUT Esports,jett,True,24,,1,0,0,1,False,ghost,sidearm,,0.8611,0.2344,sociablEE,FUT Esports,fade,False,,,1,0,1,0,False,ghost,sidearm,,,,yetujey,FUT Esports,astra,True,45,,0,0,0,0,False,ghost,sidearm,,0.9200,0.2967,KROSTALY,FUT Esports,kayo,True,100,,0,0,0,0,False,ghost,sidearm,,0.2567,0.3033,Chronicle,Team Vitality,chamber,True,100,,0,6,1,0,False,classic,sidearm,,0.6433,0.3978,Derke,Team Vitality,neon,True,29,,0,0,1,2,False,sheriff,sidearm,,0.8711,0.5044,Jamppi,Team Vitality,kayo,True,100,,0,0,0,0,False,ghost,sidearm,,0.6844,0.3778,Sayonara,Team Vitality,sova,False,,25,0,0,1,0,False,classic,sidearm,,,,PROFEK,Team Vitality,astra,True,100,,1,0,0,0,False,ghost,sidearm,,0.9178,0.2967
187.237,168,ACTIVE_ROUND,1,0,0,59.000,,,s0pp,FUT Esports,chamber,True,91,,0,3,1,0,False,classic,sidearm,,0.9200,0.2956,xeus,FUT Esports,jett,True,24,,1,0,0,1,False,ghost,sidearm,,0.8678,0.2478,sociablEE,FUT Esports,fade,False,,,1,0,1,0,False,ghost,sidearm,,,,yetujey,FUT Esports,astra,True,45,,0,0,0,0,False,ghost,sidearm,,0.9200,0.2967,KROSTALY,FUT Esports,kayo,True,100,,0,0,0,0,False,ghost,sidearm,,0.2544,0.3033,Chronicle,Team Vitality,chamber,True,100,,0,6,1,0,False,classic,sidearm,,0.8433,0.5156,Derke,Team Vitality,neon,True,29,,0,0,1,2,False,sheriff,sidearm,,0.8667,0.4933,Jamppi,Team Vitality,kayo,True,100,,0,0,0,0,False,ghost,sidearm,,0.6844,0.3778,Sayonara,Team Vitality,sova,False,,25,0,0,1,0,False,classic,sidearm,,,,PROFEK,Team Vitality,astra,True,100,,0,0,0,0,False,ghost,sidearm,,0.7333,0.3678
187.721,169,ACTIVE_ROUND,1,0,0,58.000,,,s0pp,FUT Esports,chamber,True,91,,0,3,1,0,False,classic,sidearm,,0.9200,0.2956,xeus,FUT Esports,jett,True,24,,1,0,0,1,False,ghost,sidearm,,0.8700,0.2700,sociablEE,FUT Esports,fade,False,,,1,0,1,0,False,ghost,sidearm,,,,yetujey,FUT Esports,astra,True,45,,0,0,0,0,False,ghost,sidearm,,0.8911,0.3122,KROSTALY,FUT Esports,kayo,True,100,,0,0,0,0,False,ghost,sidearm,,0.2544,0.3033,Chronicle,Team Vitality,chamber,True,100,,0,6,1,0,False,classic,sidearm,,0.5656,0.8000,Derke,Team Vitality,neon,True,29,,0,0,1,2,False,sheriff,sidearm,,0.8444,0.4756,Jamppi,Team Vitality,kayo,True,100,,0,0,0,0,False,ghost,sidearm,,0.6844,0.3778,Sayonara,Team Vitality,sova,False,,25,0,0,1,0,False,classic,sidearm,,,,PROFEK,Team Vitality,astra,True,100,,0,0,0,0,False,ghost,sidearm,,0.7333,0.3678
188.205,170,ACTIVE_ROUND,1,0,0,58.000,,,s0pp,FUT Esports,chamber,True,91,,0,3,1,0,False,classic,sidearm,,0.9200,0.2956,xeus,FUT Esports,jett,True,24,,1,0,0,1,False,ghost,sidearm,,0.8611,0.2789,sociablEE,FUT Esports,fade,False,,,1,0,1,0,False,ghost,sidearm,,,,yetujey,FUT Esports,astra,True,45,,0,0,0,0,False,ghost,sidearm,,0.8911,0.3122,KROSTALY,FUT Esports,kayo,True,100,,0,0,0,0,False,ghost,sidearm,,0.2544,0.3033,Chronicle,Team Vitality,chamber,True,100,,0,6,1,0,False,classic,sidearm,,0.7767,0.4356,Derke,Team Vitality,neon,True,29,,0,0,1,2,False,sheriff,sidearm,,0.8200,0.4644,Jamppi,Team Vitality,kayo,True,100,,0,0,0,0,False,ghost,sidearm,,0.6844,0.3778,Sayonara,Team Vitality,sova,False,,25,0,0,1,0,False,classic,sidearm,,,,PROFEK,Team Vitality,astra,True,100,,0,0,0,0,False,ghost,sidearm,,0.7333,0.3678
188.689,171,ACTIVE_ROUND,1,0,0,57.000,,,s0pp,FUT Esports,chamber,True,91,,0,3,1,0,False,classic,sidearm,,0.8889,0.3156,xeus,FUT Esports,jett,True,24,,1,0,0,1,False,ghost,sidearm,,0.8611,0.2789,sociablEE,FUT Esports,fade,False,,,1,0,1,0,False,ghost,sidearm,,,,yetujey,FUT Esports,astra,True,45,,0,0,0,0,False,ghost,sidearm,,0.8911,0.3122,KROSTALY,FUT Esports,kayo,True,100,,0,0,0,0,False,ghost,sidearm,,0.2567,0.3056,Chronicle,Team Vitality,chamber,True,100,,0,6,1,0,False,classic,sidearm,,0.5656,0.8000,Derke,Team Vitality,neon,True,29,,0,0,1,2,False,sheriff,sidearm,,0.8133,0.4556,Jamppi,Team Vitality,kayo,True,100,,0,0,0,0,False,ghost,sidearm,,0.6844,0.3778,Sayonara,Team Vitality,sova,False,,25,0,0,1,0,False,classic,sidearm,,,,PROFEK,Team Vitality,astra,True,100,,0,0,0,0,False,ghost,sidearm,,0.7333,0.3678
189.172,172,ACTIVE_ROUND,1,0,0,57.000,,,s0pp,FUT Esports,chamber,True,91,,0,3,1,0,False,classic,sidearm,,0.8911,0.3178,xeus,FUT Esports,jett,True,24,,1,0,0,1,False,ghost,sidearm,,0.8611,0.2789,sociablEE,FUT Esports,fade,False,,,1,0,1,0,False,ghost,sidearm,,,,yetujey,FUT Esports,astra,True,45,,0,0,0,0,False,ghost,sidearm,,0.8911,0.3122,KROSTALY,FUT Esports,kayo,True,100,,0,0,0,0,False,ghost,sidearm,,0.2656,0.3167,Chronicle,Team Vitality,chamber,True,100,,0,5,1,0,False,classic,sidearm,,0.7300,0.6578,Derke,Team Vitality,neon,True,29,,0,0,1,2,False,sheriff,sidearm,,0.8133,0.4556,Jamppi,Team Vitality,kayo,True,100,,0,0,0,0,False,ghost,sidearm,,0.7444,0.3644,Sayonara,Team Vitality,sova,False,,25,0,0,1,0,False,classic,sidearm,,,,PROFEK,Team Vitality,astra,True,100,,0,0,0,0,False,ghost,sidearm,,0.7333,0.3678
189.656,173,ACTIVE_ROUND,1,0,0,56.000,,,s0pp,FUT Esports,chamber,True,91,,0,3,1,0,False,classic,sidearm,,0.8911,0.3178,xeus,FUT Esports,jett,True,24,,1,0,0,1,False,ghost,sidearm,,0.8567,0.3100,sociablEE,FUT Esports,fade,False,,,1,0,1,0,False,ghost,sidearm,,,,yetujey,FUT Esports,astra,False,,,0,0,0,0,False,ghost,sidearm,,0.8911,0.3122,KROSTALY,FUT Esports,kayo,True,100,,0,0,0,0,False,ghost,sidearm,,0.2767,0.3211,Chronicle,Team Vitality,chamber,True,100,,0,5,1,0,False,classic,sidearm,,0.6989,0.3644,Derke,Team Vitality,neon,True,29,,0,0,1,2,False,sheriff,sidearm,,0.8133,0.4556,Jamppi,Team Vitality,kayo,True,100,,0,0,0,0,False,ghost,sidearm,,0.7444,0.3644,Sayonara,Team Vitality,sova,False,,25,0,0,1,0,False,classic,sidearm,,,,PROFEK,Team Vitality,astra,True,100,,0,0,0,0,False,ghost,sidearm,,0.7333,0.3678
190.140,174,ACTIVE_ROUND,1,0,0,56.000,,,s0pp,FUT Esports,chamber,True,91,,0,3,1,0,False,classic,sidearm,,0.8911,0.3178,xeus,FUT Esports,jett,True,24,,1,0,0,1,False,ghost,sidearm,,0.8589,0.2789,sociablEE,FUT Esports,fade,False,,,1,0,1,0,False,ghost,sidearm,,,,yetujey,FUT Esports,astra,False,,,0,0,0,0,False,ghost,sidearm,,,,KROSTALY,FUT Esports,kayo,True,100,,0,0,0,0,False,ghost,sidearm,,0.2900,0.3344,Chronicle,Team Vitality,chamber,True,100,,0,5,1,0,False,classic,sidearm,,0.7256,0.6511,Derke,Team Vitality,neon,True,29,,0,0,1,2,False,sheriff,sidearm,,0.8133,0.4556,Jamppi,Team Vitality,kayo,True,100,,0,0,0,0,False,ghost,sidearm,,0.7444,0.3644,Sayonara,Team Vitality,sova,False,,25,0,0,1,0,False,classic,sidearm,,,,PROFEK,Team Vitality,astra,False,,,0,0,0,0,False,ghost,sidearm,,0.7333,0.3678
190.624,175,ACTIVE_ROUND,1,0,0,55.000,,,s0pp,FUT Esports,chamber,True,91,,0,3,1,0,False,classic,sidearm,,0.8911,0.3178,xeus,FUT Esports,jett,True,24,,1,0,0,1,False,ghost,sidearm,,0.8589,0.2789,sociablEE,FUT Esports,fade,False,,,1,0,1,0,False,ghost,sidearm,,,,yetujey,FUT Esports,astra,False,,,0,0,0,0,False,ghost,sidearm,,,,KROSTALY,FUT Esports,kayo,True,100,,0,0,0,0,False,ghost,sidearm,,0.2989,0.3522,Chronicle,Team Vitality,chamber,True,100,,0,5,1,0,False,classic,sidearm,,0.7078,0.3733,Derke,Team Vitality,neon,True,29,,0,0,1,2,False,sheriff,sidearm,,0.8133,0.4556,Jamppi,Team Vitality,kayo,True,100,,0,0,0,0,False,ghost,sidearm,,0.7444,0.3644,Sayonara,Team Vitality,sova,False,,25,0,0,1,0,False,classic,sidearm,,,,PROFEK,Team Vitality,astra,False,,,0,0,0,0,False,ghost,sidearm,,,
191.108,176,ACTIVE_ROUND,1,0,0,55.000,,,s0pp,FUT Esports,chamber,True,91,,0,2,1,0,False,classic,sidearm,,0.8911,0.3178,xeus,FUT Esports,jett,True,24,,1,0,0,1,False,ghost,sidearm,,0.8589,0.2789,sociablEE,FUT Esports,fade,False,,,1,0,1,0,False,ghost,sidearm,,,,yetujey,FUT Esports,astra,False,,,0,0,0,0,False,ghost,sidearm,,,,KROSTALY,FUT Esports,kayo,True,100,,0,0,0,0,False,ghost,sidearm,,0.3167,0.3656,Chronicle,Team Vitality,chamber,True,100,,0,5,1,0,False,classic,sidearm,,0.7656,0.5067,Derke,Team Vitality,neon,True,29,,0,0,1,3,False,sheriff,sidearm,,0.8133,0.4556,Jamppi,Team Vitality,kayo,True,100,,0,0,0,0,False,ghost,sidearm,,0.7444,0.3644,Sayonara,Team Vitality,sova,False,,25,0,0,1,0,False,classic,sidearm,,,,PROFEK,Team Vitality,astra,False,,,0,0,0,0,False,ghost,sidearm,,,
191.591,177,ACTIVE_ROUND,1,0,0,54.000,,,s0pp,FUT Esports,chamber,True,91,,0,2,1,0,False,classic,sidearm,,0.8911,0.3178,xeus,FUT Esports,jett,True,24,,1,0,0,1,False,ghost,sidearm,,0.8589,0.2789,sociablEE,FUT Esports,fade,False,,,1,0,1,0,False,ghost,sidearm,,,,yetujey,FUT Esports,astra,False,,,0,0,0,0,False,ghost,sidearm,,,,KROSTALY,FUT Esports,kayo,True,100,,0,0,0,0,False,ghost,sidearm,,0.3411,0.3678,Chronicle,Team Vitality,chamber,True,100,,0,5,1,0,False,classic,sidearm,,0.7256,0.6489,Derke,Team Vitality,neon,True,29,,0,0,1,3,False,sheriff,sidearm,,0.8133,0.4556,Jamppi,Team Vitality,kayo,True,100,,0,0,0,0,False,ghost,sidearm,,0.7444,0.3644,Sayonara,Team Vitality,sova,False,,25,0,0,1,0,False,classic,sidearm,,,,PROFEK,Team Vitality,astra,False,,,0,0,0,0,False,ghost,sidearm,,,
192.075,178,ACTIVE_ROUND,1,0,0,54.000,,,s0pp,FUT Esports,chamber,True,91,,0,2,1,0,False,classic,sidearm,,0.8911,0.3178,xeus,FUT Esports,jett,True,24,,1,0,0,1,False,ghost,sidearm,,0.8589,0.2789,sociablEE,FUT Esports,fade,False,,,1,0,1,0,False,ghost,sidearm,,,,yetujey,FUT Esports,astra,False,,,0,0,0,0,False,ghost,sidearm,,,,KROSTALY,FUT Esports,kayo,True,100,,0,0,0,0,False,ghost,sidearm,,0.3611,0.3611,Chronicle,Team Vitality,chamber,True,100,,0,5,1,0,False,classic,sidearm,,0.7256,0.6489,Derke,Team Vitality,neon,True,29,,0,0,1,3,False,sheriff,sidearm,,0.8133,0.4556,Jamppi,Team Vitality,kayo,True,100,,0,0,0,0,False,ghost,sidearm,,0.7444,0.3644,Sayonara,Team Vitality,sova,False,,25,0,0,1,0,False,classic,sidearm,,,,PROFEK,Team Vitality,astra,False,,,0,0,0,0,False,ghost,sidearm,,,
192.559,179,ACTIVE_ROUND,1,0,0,53.000,,,s0pp,FUT Esports,chamber,True,91,,0,2,1,0,False,classic,sidearm,,0.8911,0.3178,xeus,FUT Esports,jett,True,24,,1,0,0,1,False,ghost,sidearm,,0.8589,0.2789,sociablEE,FUT Esports,fade,False,,,1,0,1,0,False,ghost,sidearm,,,,yetujey,FUT Esports,astra,False,,,0,0,0,0,False,ghost,sidearm,,,,KROSTALY,FUT Esports,kayo,True,100,,0,0,0,0,False,ghost,sidearm,,0.3767,0.3411,Chronicle,Team Vitality,chamber,True,100,,0,5,1,0,False,classic,sidearm,,0.7767,0.4156,Derke,Team Vitality,neon,True,29,,0,0,1,3,False,sheriff,sidearm,,0.8867,0.4178,Jamppi,Team Vitality,kayo,True,100,,0,0,0,0,False,ghost,sidearm,,0.8178,0.3689,Sayonara,Team Vitality,sova,False,,25,0,0,1,0,False,classic,sidearm,,,,PROFEK,Team Vitality,astra,False,,,0,0,0,0,False,ghost,sidearm,,,
193.043,180,ACTIVE_ROUND,1,0,0,53.000,,,s0pp,FUT Esports,chamber,True,91,,0,1,0,0,False,classic,sidearm,,0.8911,0.3178,xeus,FUT Esports,jett,False,,,1,0,0,2,False,unknown,unknown,,0.8589,0.2789,sociablEE,FUT Esports,fade,False,,,1,0,1,0,False,ghost,sidearm,,,,yetujey,FUT Esports,astra,False,,,0,0,0,0,False,ghost,sidearm,,,,KROSTALY,FUT Esports,kayo,True,100,,0,0,0,0,False,ghost,sidearm,,0.3833,0.3189,Chronicle,Team Vitality,chamber,True,100,,0,5,1,0,False,classic,sidearm,,0.7767,0.4156,Derke,Team Vitality,neon,True,29,,0,0,1,3,False,sheriff,sidearm,,0.8978,0.4111,Jamppi,Team Vitality,kayo,True,100,,0,0,0,1,False,ghost,sidearm,,0.8356,0.3578,Sayonara,Team Vitality,sova,False,,25,0,0,1,0,False,classic,sidearm,,,,PROFEK,Team Vitality,astra,False,,,0,0,0,0,False,ghost,sidearm,,,
193.527,181,ACTIVE_ROUND,1,0,0,52.000,,,s0pp,FUT Esports,chamber,True,91,,0,1,0,0,False,classic,sidearm,,0.8911,0.3178,xeus,FUT Esports,jett,False,,,1,0,0,2,False,unknown,unknown,,,,sociablEE,FUT Esports,fade,False,,,1,0,1,0,False,ghost,sidearm,,,,yetujey,FUT Esports,astra,False,,,0,0,0,0,False,ghost,sidearm,,,,KROSTALY,FUT Esports,kayo,True,100,,0,0,0,0,False,ghost,sidearm,,0.3967,0.2989,Chronicle,Team Vitality,chamber,True,100,,0,5,1,0,False,classic,sidearm,,0.8344,0.4689,Derke,Team Vitality,neon,True,29,,0,0,1,3,False,sheriff,sidearm,,0.9089,0.3978,Jamppi,Team Vitality,kayo,True,100,,0,0,0,1,False,ghost,sidearm,,0.8422,0.3489,Sayonara,Team Vitality,sova,False,,25,0,0,1,0,False,classic,sidearm,,,,PROFEK,Team Vitality,astra,False,,,0,0,0,0,False,ghost,sidearm,,,
194.010,182,ACTIVE_ROUND,1,0,0,52.000,,,s0pp,FUT Esports,chamber,True,91,,0,1,0,0,False,classic,sidearm,,0.8911,0.3178,xeus,FUT Esports,jett,False,,,1,0,0,2,False,unknown,unknown,,,,sociablEE,FUT Esports,fade,False,,,1,0,1,0,False,ghost,sidearm,,,,yetujey,FUT Esports,astra,False,,,0,0,0,0,False,ghost,sidearm,,,,KROSTALY,FUT Esports,kayo,True,100,,0,0,0,0,False,ghost,sidearm,,0.4122,0.2833,Chronicle,Team Vitality,chamber,False,,,0,5,1,0,False,classic,sidearm,,0.8344,0.4711,Derke,Team Vitality,neon,True,29,,0,0,1,3,False,sheriff,sidearm,,0.9133,0.3978,Jamppi,Team Vitality,kayo,True,100,,0,0,0,1,False,ghost,sidearm,,0.8400,0.3422,Sayonara,Team Vitality,sova,False,,25,0,0,1,0,False,classic,sidearm,,,,PROFEK,Team Vitality,astra,False,,,0,0,0,0,False,ghost,sidearm,,,
194.494,183,ACTIVE_ROUND,1,0,0,51.000,,,s0pp,FUT Esports,chamber,True,91,,0,1,0,0,False,classic,sidearm,,0.8911,0.3178,xeus,FUT Esports,jett,False,,,1,0,0,2,False,unknown,unknown,,,,sociablEE,FUT Esports,fade,False,,,1,0,1,0,False,ghost,sidearm,,,,yetujey,FUT Esports,astra,False,,,0,0,0,0,False,ghost,sidearm,,,,KROSTALY,FUT Esports,kayo,True,100,,0,0,0,0,False,ghost,sidearm,,0.4344,0.2744,Chronicle,Team Vitality,chamber,False,,,0,5,1,0,False,classic,sidearm,,,,Derke,Team Vitality,neon,True,29,,0,0,1,3,False,sheriff,sidearm,,0.9111,0.3978,Jamppi,Team Vitality,kayo,True,100,,0,0,0,1,False,ghost,sidearm,,0.8378,0.3422,Sayonara,Team Vitality,sova,False,,25,0,0,1,0,False,classic,sidearm,,,,PROFEK,Team Vitality,astra,False,,,0,0,0,0,False,ghost,sidearm,,,
194.978,184,ACTIVE_ROUND,1,0,0,51.000,,,s0pp,FUT Esports,chamber,True,91,,0,1,0,1,False,classic,sidearm,,0.8911,0.3178,xeus,FUT Esports,jett,False,,,1,0,0,2,False,unknown,unknown,,,,sociablEE,FUT Esports,fade,False,,,1,0,1,0,False,ghost,sidearm,,,,yetujey,FUT Esports,astra,False,,,0,0,0,0,False,ghost,sidearm,,,,KROSTALY,FUT Esports,kayo,True,100,,0,0,0,0,False,ghost,sidearm,,0.4567,0.2656,Chronicle,Team Vitality,chamber,False,,,0,5,1,0,False,classic,sidearm,,,,Derke,Team Vitality,neon,True,29,,0,0,1,3,False,sheriff,sidearm,,0.9111,0.3978,Jamppi,Team Vitality,kayo,True,100,,0,0,0,1,False,ghost,sidearm,,0.8378,0.3422,Sayonara,Team Vitality,sova,False,,25,0,0,1,0,False,classic,sidearm,,,,PROFEK,Team Vitality,astra,False,,,0,0,0,0,False,ghost,sidearm,,,
195.462,185,ACTIVE_ROUND,1,0,0,50.000,,,s0pp,FUT Esports,chamber,True,91,,0,1,0,1,False,classic,sidearm,,0.8911,0.3178,xeus,FUT Esports,jett,False,,,1,0,0,2,False,unknown,unknown,,,,sociablEE,FUT Esports,fade,False,,,1,0,1,0,False,ghost,sidearm,,,,yetujey,FUT Esports,astra,False,,,0,0,0,0,False,ghost,sidearm,,,,KROSTALY,FUT Esports,kayo,True,100,,0,0,0,0,False,ghost,sidearm,,0.4789,0.2567,Chronicle,Team Vitality,chamber,False,,,0,5,1,0,False,classic,sidearm,,,,Derke,Team Vitality,neon,True,29,,0,0,1,3,False,sheriff,sidearm,,0.9111,0.3978,Jamppi,Team Vitality,kayo,True,100,,0,0,0,1,False,ghost,sidearm,,0.8378,0.3422,Sayonara,Team Vitality,sova,False,,25,0,0,1,0,False,classic,sidearm,,,,PROFEK,Team Vitality,astra,False,,,0,0,0,0,False,ghost,sidearm,,,
195.946,186,ACTIVE_ROUND,1,0,0,50.000,,,s0pp,FUT Esports,chamber,True,91,,0,1,0,1,False,classic,sidearm,,0.8911,0.3178,xeus,FUT Esports,jett,False,,,1,0,0,2,False,unknown,unknown,,,,sociablEE,FUT Esports,fade,False,,,1,0,1,0,False,ghost,sidearm,,,,yetujey,FUT Esports,astra,False,,,0,0,0,0,False,ghost,sidearm,,,,KROSTALY,FUT Esports,kayo,True,100,,0,0,0,0,False,ghost,sidearm,,0.4989,0.2478,Chronicle,Team Vitality,chamber,False,,,0,5,1,0,False,classic,sidearm,,,,Derke,Team Vitality,neon,True,29,,0,0,1,3,False,sheriff,sidearm,,0.9111,0.3978,Jamppi,Team Vitality,kayo,True,100,,0,0,0,1,False,ghost,sidearm,,0.8378,0.3422,Sayonara,Team Vitality,sova,False,,25,0,0,1,0,False,classic,sidearm,,,,PROFEK,Team Vitality,astra,False,,,0,0,0,0,False,ghost,sidearm,,,
196.430,187,ACTIVE_ROUND,1,0,0,49.000,,,s0pp,FUT Esports,chamber,True,91,,0,1,0,1,False,classic,sidearm,,0.8911,0.3178,xeus,FUT Esports,jett,False,,,1,0,0,2,False,unknown,unknown,,,,sociablEE,FUT Esports,fade,False,,,1,0,1,0,False,ghost,sidearm,,,,yetujey,FUT Esports,astra,False,,,0,0,0,0,False,ghost,sidearm,,,,KROSTALY,FUT Esports,kayo,True,100,,0,0,0,0,False,ghost,sidearm,,0.5344,0.2144,Chronicle,Team Vitality,chamber,False,,,0,5,1,0,False,classic,sidearm,,,,Derke,Team Vitality,neon,True,29,,0,0,1,3,False,sheriff,sidearm,,0.9111,0.3978,Jamppi,Team Vitality,kayo,True,100,,0,0,0,1,False,ghost,sidearm,,0.8378,0.3422,Sayonara,Team Vitality,sova,False,,25,0,0,1,0,False,classic,sidearm,,,,PROFEK,Team Vitality,astra,False,,,0,0,0,0,False,ghost,sidearm,,,
196.913,188,ACTIVE_ROUND,1,0,0,49.000,,,s0pp,FUT Esports,chamber,True,91,,0,1,0,1,False,classic,sidearm,,0.8911,0.3178,xeus,FUT Esports,jett,False,,,1,0,0,2,False,unknown,unknown,,,,sociablEE,FUT Esports,fade,False,,,1,0,1,0,False,ghost,sidearm,,,,yetujey,FUT Esports,astra,False,,,0,0,0,0,False,ghost,sidearm,,,,KROSTALY,FUT Esports,kayo,True,100,,0,0,0,0,False,ghost,sidearm,,0.5433,0.2322,Chronicle,Team Vitality,chamber,False,,,0,5,1,0,False,classic,sidearm,,,,Derke,Team Vitality,neon,True,29,,0,0,1,3,False,sheriff,sidearm,,0.9111,0.3978,Jamppi,Team Vitality,kayo,True,100,,0,0,0,1,False,ghost,sidearm,,0.8378,0.3422,Sayonara,Team Vitality,sova,False,,25,0,0,1,0,False,classic,sidearm,,,,PROFEK,Team Vitality,astra,False,,,0,0,0,0,False,ghost,sidearm,,,
197.397,189,ACTIVE_ROUND,1,0,0,48.000,,,s0pp,FUT Esports,chamber,True,91,,0,1,0,1,False,classic,sidearm,,0.8911,0.3178,xeus,FUT Esports,jett,False,,,1,0,0,2,False,unknown,unknown,,,,sociablEE,FUT Esports,fade,False,,,1,0,1,0,False,ghost,sidearm,,,,yetujey,FUT Esports,astra,False,,,0,0,0,0,False,ghost,sidearm,,,,KROSTALY,FUT Esports,kayo,True,100,,0,0,0,0,False,ghost,sidearm,,0.5589,0.2167,Chronicle,Team Vitality,chamber,False,,,0,5,1,0,False,classic,sidearm,,,,Derke,Team Vitality,neon,True,29,,0,0,1,3,False,sheriff,sidearm,,0.9111,0.4000,Jamppi,Team Vitality,kayo,True,100,,0,0,0,1,False,ghost,sidearm,,0.8378,0.3422,Sayonara,Team Vitality,sova,False,,25,0,0,1,0,False,classic,sidearm,,,,PROFEK,Team Vitality,astra,False,,,0,0,0,0,False,ghost,sidearm,,,
198.849,192,ACTIVE_ROUND,1,0,0,,0.000,,s0pp,FUT Esports,chamber,True,91,,0,1,0,1,False,classic,sidearm,,0.8911,0.3178,xeus,FUT Esports,jett,False,,,1,0,0,2,False,unknown,unknown,,,,sociablEE,FUT Esports,fade,False,,,1,0,1,0,False,ghost,sidearm,,,,yetujey,FUT Esports,astra,False,,,0,0,0,0,False,ghost,sidearm,,,,KROSTALY,FUT Esports,kayo,True,100,,0,0,0,0,False,ghost,sidearm,,0.6233,0.1967,Chronicle,Team Vitality,chamber,False,,,0,5,1,0,False,classic,sidearm,,,,Derke,Team Vitality,neon,True,29,,0,0,1,3,False,sheriff,sidearm,,0.9111,0.4000,Jamppi,Team Vitality,kayo,True,100,,0,0,0,2,False,ghost,sidearm,,0.8378,0.3422,Sayonara,Team Vitality,sova,False,,25,0,0,1,0,False,classic,sidearm,,,,PROFEK,Team Vitality,astra,False,,,0,0,0,0,False,ghost,sidearm,,,
199.332,193,ACTIVE_ROUND,1,0,0,,0.484,,s0pp,FUT Esports,chamber,True,91,,0,1,0,1,False,classic,sidearm,,0.8911,0.3178,xeus,FUT Esports,jett,False,,,1,0,0,2,False,unknown,unknown,,,,sociablEE,FUT Esports,fade,False,,,1,0,1,0,False,ghost,sidearm,,,,yetujey,FUT Esports,astra,False,,,0,0,0,0,False,ghost,sidearm,,,,KROSTALY,FUT Esports,kayo,True,100,,0,0,0,0,False,ghost,sidearm,,0.6478,0.1989,Chronicle,Team Vitality,chamber,False,,,0,5,1,0,False,classic,sidearm,,,,Derke,Team Vitality,neon,True,29,,0,0,1,3,False,sheriff,sidearm,,0.9111,0.3978,Jamppi,Team Vitality,kayo,True,100,,0,0,0,2,False,ghost,sidearm,,0.8378,0.3400,Sayonara,Team Vitality,sova,False,,25,0,0,1,0,False,classic,sidearm,,,,PROFEK,Team Vitality,astra,False,,,0,0,0,0,False,ghost,sidearm,,,
199.816,194,ACTIVE_ROUND,1,0,0,,0.968,,s0pp,FUT Esports,chamber,True,91,,0,1,0,1,False,classic,sidearm,,0.8911,0.3178,xeus,FUT Esports,jett,False,,,1,0,0,2,False,unknown,unknown,,,,sociablEE,FUT Esports,fade,False,,,1,0,1,0,False,ghost,sidearm,,,,yetujey,FUT Esports,astra,False,,,0,0,0,0,False,ghost,sidearm,,,,KROSTALY,FUT Esports,kayo,True,100,,0,0,0,0,False,ghost,sidearm,,0.7233,0.2322,Chronicle,Team Vitality,chamber,False,,,0,5,1,0,False,classic,sidearm,,,,Derke,Team Vitality,neon,True,29,,0,0,1,3,False,sheriff,sidearm,,0.9111,0.3933,Jamppi,Team Vitality,kayo,True,100,,0,0,0,2,False,ghost,sidearm,,0.8422,0.3511,Sayonara,Team Vitality,sova,False,,25,0,0,1,0,False,classic,sidearm,,,,PROFEK,Team Vitality,astra,False,,,0,0,0,0,False,ghost,sidearm,,,
200.300,195,ACTIVE_ROUND,1,0,0,,1.451,,s0pp,FUT Esports,chamber,True,91,,0,1,0,1,False,classic,sidearm,,0.8911,0.3178,xeus,FUT Esports,jett,False,,,1,0,0,2,False,unknown,unknown,,,,sociablEE,FUT Esports,fade,False,,,1,0,1,0,False,ghost,sidearm,,,,yetujey,FUT Esports,astra,False,,,0,0,0,0,False,ghost,sidearm,,,,KROSTALY,FUT Esports,kayo,True,100,,0,0,0,0,False,ghost,sidearm,,0.9389,0.5544,Chronicle,Team Vitality,chamber,False,,,0,5,1,0,False,classic,sidearm,,,,Derke,Team Vitality,neon,True,3,,0,0,1,3,False,sheriff,sidearm,,0.9133,0.3889,Jamppi,Team Vitality,kayo,True,100,,0,0,0,2,False,ghost,sidearm,,0.8422,0.3578,Sayonara,Team Vitality,sova,False,,25,0,0,1,0,False,classic,sidearm,,,,PROFEK,Team Vitality,astra,False,,,0,0,0,0,False,ghost,sidearm,,,
200.784,196,ACTIVE_ROUND,1,0,0,,1.935,,s0pp,FUT Esports,chamber,True,91,,0,1,0,1,False,classic,sidearm,,0.8911,0.3178,xeus,FUT Esports,jett,False,,,1,0,0,2,False,unknown,unknown,,,,sociablEE,FUT Esports,fade,False,,,1,0,1,0,False,ghost,sidearm,,,,yetujey,FUT Esports,astra,False,,,0,0,0,0,False,ghost,sidearm,,,,KROSTALY,FUT Esports,kayo,True,100,,0,0,0,0,False,ghost,sidearm,,0.5700,0.7322,Chronicle,Team Vitality,chamber,False,,,0,5,1,0,False,classic,sidearm,,,,Derke,Team Vitality,neon,True,3,,0,0,1,3,False,sheriff,sidearm,,0.9133,0.3844,Jamppi,Team Vitality,kayo,True,100,,0,0,0,2,False,ghost,sidearm,,0.8267,0.3711,Sayonara,Team Vitality,sova,False,,25,0,0,1,0,False,classic,sidearm,,,,PROFEK,Team Vitality,astra,False,,,0,0,0,0,False,ghost,sidearm,,,
201.268,197,ACTIVE_ROUND,1,0,0,,2.419,,s0pp,FUT Esports,chamber,True,91,,0,1,0,1,False,classic,sidearm,,0.8911,0.3178,xeus,FUT Esports,jett,False,,,1,0,0,2,False,unknown,unknown,,,,sociablEE,FUT Esports,fade,False,,,1,0,1,0,False,ghost,sidearm,,,,yetujey,FUT Esports,astra,False,,,0,0,0,0,False,ghost,sidearm,,,,KROSTALY,FUT Esports,kayo,True,100,,0,0,0,0,False,ghost,sidearm,,0.7300,0.2100,Chronicle,Team Vitality,chamber,False,,,0,5,1,0,False,classic,sidearm,,,,Derke,Team Vitality,neon,True,3,,0,0,1,3,False,sheriff,sidearm,,0.9133,0.3711,Jamppi,Team Vitality,kayo,True,100,,0,0,0,2,False,ghost,sidearm,,0.8178,0.3756,Sayonara,Team Vitality,sova,False,,25,0,0,1,0,False,classic,sidearm,,,,PROFEK,Team Vitality,astra,False,,,0,0,0,0,False,ghost,sidearm,,,
201.752,198,ACTIVE_ROUND,1,0,0,,2.903,,s0pp,FUT Esports,chamber,True,91,,0,1,0,1,False,classic,sidearm,,0.8911,0.3178,xeus,FUT Esports,jett,False,,,1,0,0,2,False,unknown,unknown,,,,sociablEE,FUT Esports,fade,False,,,1,0,1,0,False,ghost,sidearm,,,,yetujey,FUT Esports,astra,False,,,0,0,0,0,False,ghost,sidearm,,,,KROSTALY,FUT Esports,kayo,True,100,,0,0,0,0,False,ghost,sidearm,,0.7322,0.2189,Chronicle,Team Vitality,chamber,False,,,0,5,1,0,False,classic,sidearm,,,,Derke,Team Vitality,neon,True,3,,0,0,1,3,False,sheriff,sidearm,,0.9133,0.3600,Jamppi,Team Vitality,kayo,True,100,,0,0,0,2,False,ghost,sidearm,,0.8089,0.3689,Sayonara,Team Vitality,sova,False,,25,0,0,1,0,False,classic,sidearm,,,,PROFEK,Team Vitality,astra,False,,,0,0,0,0,False,ghost,sidearm,,,
202.235,199,ACTIVE_ROUND,1,0,0,,3.387,,s0pp,FUT Esports,chamber,True,91,,0,1,0,1,False,classic,sidearm,,0.8578,0.3111,xeus,FUT Esports,jett,False,,,1,0,0,2,False,unknown,unknown,,,,sociablEE,FUT Esports,fade,False,,,1,0,1,0,False,ghost,sidearm,,,,yetujey,FUT Esports,astra,False,,,0,0,0,0,False,ghost,sidearm,,,,KROSTALY,FUT Esports,kayo,True,100,,0,0,0,0,False,ghost,sidearm,,0.7344,0.2300,Chronicle,Team Vitality,chamber,False,,,0,5,1,0,False,classic,sidearm,,,,Derke,Team Vitality,neon,True,3,,0,0,1,3,False,sheriff,sidearm,,0.9133,0.3600,Jamppi,Team Vitality,kayo,True,100,,0,0,0,2,False,ghost,sidearm,,0.8044,0.3578,Sayonara,Team Vitality,sova,False,,25,0,0,1,0,False,classic,sidearm,,,,PROFEK,Team Vitality,astra,False,,,0,0,0,0,False,ghost,sidearm,,,
202.719,200,ACTIVE_ROUND,1,0,0,,3.871,,s0pp,FUT Esports,chamber,True,91,,0,1,0,1,False,classic,sidearm,,0.8489,0.3133,xeus,FUT Esports,jett,False,,,1,0,0,2,False,unknown,unknown,,,,sociablEE,FUT Esports,fade,False,,,1,0,1,0,False,ghost,sidearm,,,,yetujey,FUT Esports,astra,False,,,0,0,0,0,False,ghost,sidearm,,,,KROSTALY,FUT Esports,kayo,True,100,,0,0,0,0,False,ghost,sidearm,,0.7411,0.2389,Chronicle,Team Vitality,chamber,False,,,0,5,1,0,False,classic,sidearm,,,,Derke,Team Vitality,neon,True,3,,0,0,1,3,False,sheriff,sidearm,,0.9133,0.3600,Jamppi,Team Vitality,kayo,True,100,,0,0,0,2,False,ghost,sidearm,,0.8000,0.3467,Sayonara,Team Vitality,sova,False,,25,0,0,1,0,False,classic,sidearm,,,,PROFEK,Team Vitality,astra,False,,,0,0,0,0,False,ghost,sidearm,,,
203.203,201,ACTIVE_ROUND,1,0,0,,4.354,,s0pp,FUT Esports,chamber,True,91,,0,1,0,1,False,classic,sidearm,,0.8489,0.3133,xeus,FUT Esports,jett,False,,,1,0,0,2,False,unknown,unknown,,,,sociablEE,FUT Esports,fade,False,,,1,0,1,0,False,ghost,sidearm,,,,yetujey,FUT Esports,astra,False,,,0,0,0,0,False,ghost,sidearm,,,,KROSTALY,FUT Esports,kayo,True,100,,0,0,0,0,False,ghost,sidearm,,0.7478,0.2500,Chronicle,Team Vitality,chamber,False,,,0,5,1,0,False,classic,sidearm,,,,Derke,Team Vitality,neon,True,3,,0,0,1,3,False,sheriff,sidearm,,0.9133,0.3622,Jamppi,Team Vitality,kayo,True,100,,0,0,0,2,False,ghost,sidearm,,0.8000,0.3333,Sayonara,Team Vitality,sova,False,,25,0,0,1,0,False,classic,sidearm,,,,PROFEK,Team Vitality,astra,False,,,0,0,0,0,False,ghost,sidearm,,,
203.687,202,ACTIVE_ROUND,1,0,0,,4.838,,s0pp,FUT Esports,chamber,True,91,,0,1,0,1,False,classic,sidearm,,0.8489,0.3133,xeus,FUT Esports,jett,False,,,1,0,0,2,False,unknown,unknown,,,,sociablEE,FUT Esports,fade,False,,,1,0,1,0,False,ghost,sidearm,,,,yetujey,FUT Esports,astra,False,,,0,0,0,0,False,ghost,sidearm,,,,KROSTALY,FUT Esports,kayo,True,100,,0,0,0,0,False,ghost,sidearm,,0.9011,0.2944,Chronicle,Team Vitality,chamber,False,,,0,5,1,0,False,classic,sidearm,,,,Derke,Team Vitality,neon,True,3,,0,0,1,3,False,sheriff,sidearm,,0.9133,0.3644,Jamppi,Team Vitality,kayo,True,100,,0,0,0,2,False,ghost,sidearm,,0.8022,0.3933,Sayonara,Team Vitality,sova,False,,25,0,0,1,0,False,classic,sidearm,,,,PROFEK,Team Vitality,astra,False,,,0,0,0,0,False,ghost,sidearm,,,
204.171,203,ACTIVE_ROUND,1,0,0,,5.322,,s0pp,FUT Esports,chamber,True,91,,0,1,0,1,False,classic,sidearm,,0.8267,0.3156,xeus,FUT Esports,jett,False,,,1,0,0,2,False,unknown,unknown,,,,sociablEE,FUT Esports,fade,False,,,1,0,1,0,False,ghost,sidearm,,,,yetujey,FUT Esports,astra,False,,,0,0,0,0,False,ghost,sidearm,,,,KROSTALY,FUT Esports,kayo,True,100,,0,0,0,0,False,ghost,sidearm,,0.7589,0.2500,Chronicle,Team Vitality,chamber,False,,,0,5,1,0,False,classic,sidearm,,,,Derke,Team Vitality,neon,True,3,,0,0,1,3,False,sheriff,sidearm,,0.9133,0.3600,Jamppi,Team Vitality,kayo,False,,,0,0,0,2,False,ghost,sidearm,,0.7622,0.2511,Sayonara,Team Vitality,sova,False,,25,0,0,1,0,False,classic,sidearm,,,,PROFEK,Team Vitality,astra,False,,,0,0,0,0,False,ghost,sidearm,,,
204.654,204,ACTIVE_ROUND,1,0,0,,5.806,,s0pp,FUT Esports,chamber,True,35,,0,1,0,1,False,classic,sidearm,,0.8267,0.3156,xeus,FUT Esports,jett,False,,,1,0,0,2,False,unknown,unknown,,,,sociablEE,FUT Esports,fade,False,,,1,0,1,0,False,ghost,sidearm,,,,yetujey,FUT Esports,astra,False,,,0,0,0,0,False,ghost,sidearm,,,,KROSTALY,FUT Esports,kayo,True,100,,0,0,0,0,False,ghost,sidearm,,0.7544,0.2522,Chronicle,Team Vitality,chamber,False,,,0,5,1,0,False,classic,sidearm,,,,Derke,Team Vitality,neon,True,3,,0,0,1,3,False,sheriff,sidearm,,0.8956,0.3644,Jamppi,Team Vitality,kayo,False,,,0,0,0,2,False,ghost,sidearm,,,,Sayonara,Team Vitality,sova,False,,25,0,0,1,0,False,classic,sidearm,,,,PROFEK,Team Vitality,astra,False,,,0,0,0,0,False,ghost,sidearm,,,
205.138,205,ACTIVE_ROUND,1,0,0,,6.290,,s0pp,FUT Esports,chamber,True,35,,0,1,0,1,False,classic,sidearm,,0.8267,0.3156,xeus,FUT Esports,jett,False,,,1,0,0,2,False,unknown,unknown,,,,sociablEE,FUT Esports,fade,False,,,1,0,1,0,False,ghost,sidearm,,,,yetujey,FUT Esports,astra,False,,,0,0,0,0,False,ghost,sidearm,,,,KROSTALY,FUT Esports,kayo,False,,,0,0,0,0,False,ghost,sidearm,,0.5700,0.7322,Chronicle,Team Vitality,chamber,False,,,0,5,1,0,False,classic,sidearm,,,,Derke,Team Vitality,neon,True,3,,0,0,1,3,False,sheriff,sidearm,,0.8600,0.3556,Jamppi,Team Vitality,kayo,False,,,0,0,0,2,False,ghost,sidearm,,,,Sayonara,Team Vitality,sova,False,,25,0,0,1,0,False,classic,sidearm,,,,PROFEK,Team Vitality,astra,False,,,0,0,0,0,False,ghost,sidearm,,,
205.622,206,ACTIVE_ROUND,1,0,0,,6.773,,s0pp,FUT Esports,chamber,True,5,,0,1,0,1,False,classic,sidearm,,0.8200,0.3156,xeus,FUT Esports,jett,False,,,1,0,0,2,False,unknown,unknown,,,,sociablEE,FUT Esports,fade,False,,,1,0,1,0,False,ghost,sidearm,,,,yetujey,FUT Esports,astra,False,,,0,0,0,0,False,ghost,sidearm,,,,KROSTALY,FUT Esports,kayo,False,,,0,0,0,0,False,ghost,sidearm,,,,Chronicle,Team Vitality,chamber,False,,,0,5,1,0,False,classic,sidearm,,,,Derke,Team Vitality,neon,True,3,,0,0,1,3,False,sheriff,sidearm,,0.8333,0.3511,Jamppi,Team Vitality,kayo,False,,,0,0,0,2,False,ghost,sidearm,,,,Sayonara,Team Vitality,sova,False,,25,0,0,1,0,False,classic,sidearm,,,,PROFEK,Team Vitality,astra,False,,,0,0,0,0,False,ghost,sidearm,,,
206.106,207,ACTIVE_ROUND,1,0,0,,7.257,,s0pp,FUT Esports,chamber,True,5,,0,1,0,1,False,classic,sidearm,,0.8156,0.3178,xeus,FUT Esports,jett,False,,,1,0,0,2,False,unknown,unknown,,,,sociablEE,FUT Esports,fade,False,,,1,0,1,0,False,ghost,sidearm,,,,yetujey,FUT Esports,astra,False,,,0,0,0,0,False,ghost,sidearm,,,,KROSTALY,FUT Esports,kayo,False,,,0,0,0,0,False,ghost,sidearm,,,,Chronicle,Team Vitality,chamber,False,,,0,5,1,0,False,classic,sidearm,,,,Derke,Team Vitality,neon,True,3,,0,0,1,3,False,sheriff,sidearm,,0.8244,0.3556,Jamppi,Team Vitality,kayo,False,,,0,0,0,2,False,ghost,sidearm,,,,Sayonara,Team Vitality,sova,False,,25,0,0,1,0,False,classic,sidearm,,,,PROFEK,Team Vitality,astra,False,,,0,0,0,0,False,ghost,sidearm,,,
206.590,208,ACTIVE_ROUND,1,0,0,,7.741,,s0pp,FUT Esports,chamber,True,5,,0,1,0,1,False,classic,sidearm,,0.8133,0.3178,xeus,FUT Esports,jett,False,,,1,0,0,2,False,unknown,unknown,,,,sociablEE,FUT Esports,fade,False,,,1,0,1,0,False,ghost,sidearm,,,,yetujey,FUT Esports,astra,False,,,0,0,0,0,False,ghost,sidearm,,,,KROSTALY,FUT Esports,kayo,False,,,0,0,0,0,False,ghost,sidearm,,,,Chronicle,Team Vitality,chamber,False,,,0,5,1,0,False,classic,sidearm,,,,Derke,Team Vitality,neon,True,3,,0,0,0,3,False,sheriff,sidearm,,0.8244,0.3556,Jamppi,Team Vitality,kayo,False,,,0,0,0,2,False,ghost,sidearm,,,,Sayonara,Team Vitality,sova,False,,25,0,0,1,0,False,classic,sidearm,,,,PROFEK,Team Vitality,astra,False,,,0,0,0,0,False,ghost,sidearm,,,
207.074,209,ACTIVE_ROUND,1,0,0,,8.225,,s0pp,FUT Esports,chamber,True,5,,0,1,0,1,False,classic,sidearm,,0.8133,0.3178,xeus,FUT Esports,jett,False,,,1,0,0,2,False,unknown,unknown,,,,sociablEE,FUT Esports,fade,False,,,1,0,1,0,False,ghost,sidearm,,,,yetujey,FUT Esports,astra,False,,,0,0,0,0,False,ghost,sidearm,,,,KROSTALY,FUT Esports,kayo,False,,,0,0,0,0,False,ghost,sidearm,,,,Chronicle,Team Vitality,chamber,False,,,0,5,1,0,False,classic,sidearm,,,,Derke,Team Vitality,neon,True,3,,0,0,0,3,False,sheriff,sidearm,,0.6822,0.7178,Jamppi,Team Vitality,kayo,False,,,0,0,0,2,False,ghost,sidearm,,,,Sayonara,Team Vitality,sova,False,,25,0,0,1,0,False,classic,sidearm,,,,PROFEK,Team Vitality,astra,False,,,0,0,0,0,False,ghost,sidearm,,,
207.557,210,ACTIVE_ROUND,1,0,0,,8.709,,s0pp,FUT Esports,chamber,True,5,,0,1,0,1,False,classic,sidearm,,0.8111,0.3333,xeus,FUT Esports,jett,False,,,1,0,0,2,False,unknown,unknown,,,,sociablEE,FUT Esports,fade,False,,,1,0,1,0,False,ghost,sidearm,,,,yetujey,FUT Esports,astra,False,,,0,0,0,0,False,ghost,sidearm,,,,KROSTALY,FUT Esports,kayo,False,,,0,0,0,0,False,ghost,sidearm,,,,Chronicle,Team Vitality,chamber,False,,,0,5,1,0,False,classic,sidearm,,,,Derke,Team Vitality,neon,False,,,0,0,0,3,False,sheriff,sidearm,,0.6822,0.7178,Jamppi,Team Vitality,kayo,False,,,0,0,0,2,False,ghost,sidearm,,,,Sayonara,Team Vitality,sova,False,,25,0,0,1,0,False,classic,sidearm,,,,PROFEK,Team Vitality,astra,False,,,0,0,0,0,False,ghost,sidearm,,,
208.041,211,ACTIVE_ROUND,1,0,0,,9.193,,s0pp,FUT Esports,chamber,True,5,,0,1,0,1,False,classic,sidearm,,0.8133,0.3556,xeus,FUT Esports,jett,False,,,1,0,0,2,False,unknown,unknown,,,,sociablEE,FUT Esports,fade,False,,,1,0,1,0,False,ghost,sidearm,,,,yetujey,FUT Esports,astra,False,,,0,0,0,0,False,ghost,sidearm,,,,KROSTALY,FUT Esports,kayo,False,,,0,0,0,0,False,ghost,sidearm,,,,Chronicle,Team Vitality,chamber,False,,,0,5,1,0,False,classic,sidearm,,,,Derke,Team Vitality,neon,False,,,0,0,0,3,False,sheriff,sidearm,,,,Jamppi,Team Vitality,kayo,False,,,0,0,0,2,False,ghost,sidearm,,,,Sayonara,Team Vitality,sova,False,,25,0,0,1,0,False,classic,sidearm,,,,PROFEK,Team Vitality,astra,False,,,0,0,0,0,False,ghost,sidearm,,,
208.525,212,ACTIVE_ROUND,1,0,0,,9.676,,s0pp,FUT Esports,chamber,True,5,,0,1,0,2,False,classic,sidearm,,0.8222,0.3778,xeus,FUT Esports,jett,False,,,1,0,0,2,False,unknown,unknown,,,,sociablEE,FUT Esports,fade,False,,,1,0,1,0,False,ghost,sidearm,,,,yetujey,FUT Esports,astra,False,,,0,0,0,0,False,ghost,sidearm,,,,KROSTALY,FUT Esports,kayo,False,,,0,0,0,0,False,ghost,sidearm,,,,Chronicle,Team Vitality,chamber,False,,,0,5,1,0,False,classic,sidearm,,,,Derke,Team Vitality,neon,False,,,0,0,0,3,False,sheriff,sidearm,,,,Jamppi,Team Vitality,kayo,False,,,0,0,0,2,False,ghost,sidearm,,,,Sayonara,Team Vitality,sova,False,,25,0,0,1,0,False,classic,sidearm,,,,PROFEK,Team Vitality,astra,False,,,0,0,0,0,False,ghost,sidearm,,,
209.009,213,ACTIVE_ROUND,1,0,0,,10.160,,s0pp,FUT Esports,chamber,True,5,,0,1,0,2,False,classic,sidearm,,0.8378,0.3733,xeus,FUT Esports,jett,False,,,1,0,0,2,False,unknown,unknown,,,,sociablEE,FUT Esports,fade,False,,,1,0,1,0,False,ghost,sidearm,,,,yetujey,FUT Esports,astra,False,,,0,0,0,0,False,ghost,sidearm,,,,KROSTALY,FUT Esports,kayo,False,,,0,0,0,0,False,ghost,sidearm,,,,Chronicle,Team Vitality,chamber,False,,,0,5,1,0,False,classic,sidearm,,,,Derke,Team Vitality,neon,False,,,0,0,0,3,False,sheriff,sidearm,,,,Jamppi,Team Vitality,kayo,False,,,0,0,0,2,False,ghost,sidearm,,,,Sayonara,Team Vitality,sova,False,,25,0,0,1,0,False,classic,sidearm,,,,PROFEK,Team Vitality,astra,False,,,0,0,0,0,False,ghost,sidearm,,,
209.493,214,ACTIVE_ROUND,1,0,0,,10.644,,s0pp,FUT Esports,chamber,True,5,,0,1,0,2,False,classic,sidearm,,0.8422,0.3533,xeus,FUT Esports,jett,False,,,1,0,0,2,False,unknown,unknown,,,,sociablEE,FUT Esports,fade,False,,,1,0,1,0,False,ghost,sidearm,,,,yetujey,FUT Esports,astra,False,,,0,0,0,0,False,ghost,sidearm,,,,KROSTALY,FUT Esports,kayo,False,,,0,0,0,0,False,ghost,sidearm,,,,Chronicle,Team Vitality,chamber,False,,,0,5,1,0,False,classic,sidearm,,,,Derke,Team Vitality,neon,False,,,0,0,0,3,False,sheriff,sidearm,,,,Jamppi,Team Vitality,kayo,False,,,0,0,0,2,False,ghost,sidearm,,,,Sayonara,Team Vitality,sova,False,,25,0,0,1,0,False,classic,sidearm,,,,PROFEK,Team Vitality,astra,False,,,0,0,0,0,False,ghost,sidearm,,,
209.976,215,ACTIVE_ROUND,1,0,0,,11.128,,s0pp,FUT Esports,chamber,True,5,,0,1,0,2,False,classic,sidearm,,0.8422,0.3489,xeus,FUT Esports,jett,False,,,1,0,0,2,False,unknown,unknown,,,,sociablEE,FUT Esports,fade,False,,,1,0,1,0,False,ghost,sidearm,,,,yetujey,FUT Esports,astra,False,,,0,0,0,0,False,ghost,sidearm,,,,KROSTALY,FUT Esports,kayo,False,,,0,0,0,0,False,ghost,sidearm,,,,Chronicle,Team Vitality,chamber,False,,,0,5,1,0,False,classic,sidearm,,,,Derke,Team Vitality,neon,False,,,0,0,0,3,False,sheriff,sidearm,,,,Jamppi,Team Vitality,kayo,False,,,0,0,0,2,False,ghost,sidearm,,,,Sayonara,Team Vitality,sova,False,,25,0,0,1,0,False,classic,sidearm,,,,PROFEK,Team Vitality,astra,False,,,0,0,0,0,False,ghost,sidearm,,,
210.460,216,ACTIVE_ROUND,1,0,0,,11.612,,s0pp,FUT Esports,chamber,True,5,,0,1,0,2,False,sheriff,sidearm,,0.8422,0.3489,xeus,FUT Esports,jett,False,,,1,0,0,2,False,unknown,unknown,,,,sociablEE,FUT Esports,fade,False,,,1,0,1,0,False,ghost,sidearm,,,,yetujey,FUT Esports,astra,False,,,0,0,0,0,False,ghost,sidearm,,,,KROSTALY,FUT Esports,kayo,False,,,0,0,0,0,False,ghost,sidearm,,,,Chronicle,Team Vitality,chamber,False,,,0,5,1,0,False,classic,sidearm,,,,Derke,Team Vitality,neon,False,,,0,0,0,3,False,sheriff,sidearm,,,,Jamppi,Team Vitality,kayo,False,,,0,0,0,2,False,ghost,sidearm,,,,Sayonara,Team Vitality,sova,False,,25,0,0,1,0,False,classic,sidearm,,,,PROFEK,Team Vitality,astra,False,,,0,0,0,0,False,ghost,sidearm,,,
210.944,217,ACTIVE_ROUND,1,0,0,,12.095,,s0pp,FUT Esports,chamber,True,5,,0,1,0,2,False,sheriff,sidearm,,0.8422,0.3489,xeus,FUT Esports,jett,False,,,1,0,0,2,False,unknown,unknown,,,,sociablEE,FUT Esports,fade,False,,,1,0,1,0,False,ghost,sidearm,,,,yetujey,FUT Esports,astra,False,,,0,0,0,0,False,ghost,sidearm,,,,KROSTALY,FUT Esports,kayo,False,,,0,0,0,0,False,ghost,sidearm,,,,Chronicle,Team Vitality,chamber,False,,,0,5,1,0,False,classic,sidearm,,,,Derke,Team Vitality,neon,False,,,0,0,0,3,False,sheriff,sidearm,,,,Jamppi,Team Vitality,kayo,False,,,0,0,0,2,False,ghost,sidearm,,,,Sayonara,Team Vitality,sova,False,,25,0,0,1,0,False,classic,sidearm,,,,PROFEK,Team Vitality,astra,False,,,0,0,0,0,False,ghost,sidearm,,,
211.428,218,ACTIVE_ROUND,1,0,0,,12.579,,s0pp,FUT Esports,chamber,True,5,,0,1,0,2,False,sheriff,sidearm,,0.8422,0.3489,xeus,FUT Esports,jett,False,,,1,0,0,2,False,unknown,unknown,,,,sociablEE,FUT Esports,fade,False,,,1,0,1,0,False,ghost,sidearm,,,,yetujey,FUT Esports,astra,False,,,0,0,0,0,False,ghost,sidearm,,,,KROSTALY,FUT Esports,kayo,False,,,0,0,0,0,False,ghost,sidearm,,,,Chronicle,Team Vitality,chamber,False,,,0,5,1,0,False,classic,sidearm,,,,Derke,Team Vitality,neon,False,,,0,0,0,3,False,sheriff,sidearm,,,,Jamppi,Team Vitality,kayo,False,,,0,0,0,2,False,ghost,sidearm,,,,Sayonara,Team Vitality,sova,False,,25,0,0,1,0,False,classic,sidearm,,,,PROFEK,Team Vitality,astra,False,,,0,0,0,0,False,ghost,sidearm,,,
289.322,379,POST_ROUND,1,1,0,,,0.000,s0pp,FUT Esports,chamber,True,5,,0,1,0,2,False,sheriff,sidearm,,0.8422,0.3489,xeus,FUT Esports,jett,False,,,1,0,0,2,False,unknown,unknown,,,,sociablEE,FUT Esports,fade,False,,,1,0,1,0,False,ghost,sidearm,,,,yetujey,FUT Esports,astra,False,,,0,0,0,0,False,ghost,sidearm,,,,KROSTALY,FUT Esports,kayo,False,,,0,0,0,0,False,ghost,sidearm,,,,Chronicle,Team Vitality,chamber,False,,,0,5,1,0,False,classic,sidearm,,,,Derke,Team Vitality,neon,False,,,0,0,0,3,False,sheriff,sidearm,,,,Jamppi,Team Vitality,kayo,False,,,0,0,0,2,False,ghost,sidearm,,,,Sayonara,Team Vitality,sova,False,,25,0,0,1,0,False,classic,sidearm,,,,PROFEK,Team Vitality,astra,False,,,0,0,0,0,False,ghost,sidearm,,,
289.806,380,POST_ROUND,1,1,0,,,0.484,s0pp,FUT Esports,chamber,False,,,0,1,0,3,False,unknown,unknown,,0.8422,0.3489,xeus,FUT Esports,jett,False,,,1,0,0,2,False,unknown,unknown,,,,sociablEE,FUT Esports,fade,False,,,1,0,1,0,False,ghost,sidearm,,,,yetujey,FUT Esports,astra,False,,,0,0,0,0,False,ghost,sidearm,,,,KROSTALY,FUT Esports,kayo,False,,,0,0,0,0,False,ghost,sidearm,,,,Chronicle,Team Vitality,chamber,False,,,0,5,1,0,False,classic,sidearm,,,,Derke,Team Vitality,neon,False,,,0,0,0,3,False,sheriff,sidearm,,,,Jamppi,Team Vitality,kayo,False,,,0,0,0,2,False,ghost,sidearm,,,,Sayonara,Team Vitality,sova,False,,25,0,0,1,0,False,classic,sidearm,,,,PROFEK,Team Vitality,astra,False,,,0,0,0,0,False,ghost,sidearm,,,
290.290,381,POST_ROUND,1,1,0,,,0.968,s0pp,FUT Esports,chamber,False,,,0,1,0,3,False,unknown,unknown,,0.8422,0.3489,xeus,FUT Esports,jett,False,,,1,0,0,2,False,unknown,unknown,,,,sociablEE,FUT Esports,fade,False,,,1,0,1,0,False,ghost,sidearm,,,,yetujey,FUT Esports,astra,False,,,0,0,0,0,False,ghost,sidearm,,,,KROSTALY,FUT Esports,kayo,False,,,0,0,0,0,False,ghost,sidearm,,,,Chronicle,Team Vitality,chamber,False,,,0,5,1,0,False,classic,sidearm,,,,Derke,Team Vitality,neon,False,,,0,0,0,3,False,sheriff,sidearm,,,,Jamppi,Team Vitality,kayo,False,,,0,0,0,2,False,ghost,sidearm,,,,Sayonara,Team Vitality,sova,False,,25,0,0,1,0,False,classic,sidearm,,,,PROFEK,Team Vitality,astra,False,,,0,0,0,0,False,ghost,sidearm,,,
290.774,382,POST_ROUND,1,1,0,,,1.451,s0pp,FUT Esports,chamber,False,,,0,1,0,3,False,unknown,unknown,,0.8422,0.3489,xeus,FUT Esports,jett,False,,,1,0,0,2,False,unknown,unknown,,,,sociablEE,FUT Esports,fade,False,,,1,0,1,0,False,ghost,sidearm,,,,yetujey,FUT Esports,astra,False,,,0,0,0,0,False,ghost,sidearm,,,,KROSTALY,FUT Esports,kayo,False,,,0,0,0,0,False,ghost,sidearm,,,,Chronicle,Team Vitality,chamber,False,,,0,5,1,0,False,classic,sidearm,,,,Derke,Team Vitality,neon,False,,,0,0,0,3,False,sheriff,sidearm,,,,Jamppi,Team Vitality,kayo,False,,,0,0,0,2,False,ghost,sidearm,,,,Sayonara,Team Vitality,sova,False,,25,0,0,1,0,False,classic,sidearm,,,,PROFEK,Team Vitality,astra,False,,,0,0,0,0,False,ghost,sidearm,,,
291.258,383,POST_ROUND,1,1,0,,,1.935,s0pp,FUT Esports,chamber,False,,,0,1,0,3,False,unknown,unknown,,0.8422,0.3489,xeus,FUT Esports,jett,False,,,1,0,0,2,False,unknown,unknown,,,,sociablEE,FUT Esports,fade,False,,,1,0,1,0,False,ghost,sidearm,,,,yetujey,FUT Esports,astra,False,,,0,0,0,0,False,ghost,sidearm,,,,KROSTALY,FUT Esports,kayo,False,,,0,0,0,0,False,ghost,sidearm,,,,Chronicle,Team Vitality,chamber,False,,,0,5,1,0,False,classic,sidearm,,,,Derke,Team Vitality,neon,False,,,0,0,0,3,False,sheriff,sidearm,,,,Jamppi,Team Vitality,kayo,False,,,0,0,0,2,False,ghost,sidearm,,,,Sayonara,Team Vitality,sova,False,,25,0,0,1,0,False,classic,sidearm,,,,PROFEK,Team Vitality,astra,False,,,0,0,0,0,False,ghost,sidearm,,,
291.741,384,POST_ROUND,1,1,0,,,2.419,s0pp,FUT Esports,chamber,False,,,0,1,0,3,False,unknown,unknown,,0.8422,0.3489,xeus,FUT Esports,jett,False,,,1,0,0,2,False,unknown,unknown,,,,sociablEE,FUT Esports,fade,False,,,1,0,1,0,False,ghost,sidearm,,,,yetujey,FUT Esports,astra,False,,,0,0,0,0,False,ghost,sidearm,,,,KROSTALY,FUT Esports,kayo,False,,,0,0,0,0,False,ghost,sidearm,,,,Chronicle,Team Vitality,chamber,False,,,0,5,1,0,False,classic,sidearm,,,,Derke,Team Vitality,neon,False,,,0,0,0,3,False,sheriff,sidearm,,,,Jamppi,Team Vitality,kayo,False,,,0,0,0,2,False,ghost,sidearm,,,,Sayonara,Team Vitality,sova,False,,25,0,0,1,0,False,classic,sidearm,,,,PROFEK,Team Vitality,astra,False,,,0,0,0,0,False,ghost,sidearm,,,
292.225,385,POST_ROUND,1,1,0,,,2.903,s0pp,FUT Esports,chamber,False,,,0,1,0,3,False,unknown,unknown,,0.8422,0.3489,xeus,FUT Esports,jett,False,,,1,0,0,2,False,unknown,unknown,,,,sociablEE,FUT Esports,fade,False,,,1,0,1,0,False,ghost,sidearm,,,,yetujey,FUT Esports,astra,False,,,0,0,0,0,False,ghost,sidearm,,,,KROSTALY,FUT Esports,kayo,False,,,0,0,0,0,False,ghost,sidearm,,,,Chronicle,Team Vitality,chamber,False,,,0,5,1,0,False,classic,sidearm,,,,Derke,Team Vitality,neon,False,,,0,0,0,3,False,sheriff,sidearm,,,,Jamppi,Team Vitality,kayo,False,,,0,0,0,2,False,ghost,sidearm,,,,Sayonara,Team Vitality,sova,False,,25,0,0,1,0,False,classic,sidearm,,,,PROFEK,Team Vitality,astra,False,,,0,0,0,0,False,ghost,sidearm,,,
292.709,386,POST_ROUND,1,1,0,,,3.387,s0pp,FUT Esports,chamber,False,,,0,1,0,3,False,unknown,unknown,,0.8422,0.3489,xeus,FUT Esports,jett,False,,,1,0,0,2,False,unknown,unknown,,,,sociablEE,FUT Esports,fade,False,,,1,0,1,0,False,ghost,sidearm,,,,yetujey,FUT Esports,astra,False,,,0,0,0,0,False,ghost,sidearm,,,,KROSTALY,FUT Esports,kayo,False,,,0,0,0,0,False,ghost,sidearm,,,,Chronicle,Team Vitality,chamber,False,,,0,5,1,0,False,classic,sidearm,,,,Derke,Team Vitality,neon,False,,,0,0,0,3,False,sheriff,sidearm,,,,Jamppi,Team Vitality,kayo,False,,,0,0,0,2,False,ghost,sidearm,,,,Sayonara,Team Vitality,sova,False,,25,0,0,1,0,False,classic,sidearm,,,,PROFEK,Team Vitality,astra,False,,,0,0,0,0,False,ghost,sidearm,,,
293.193,387,POST_ROUND,1,1,0,,,3.871,s0pp,FUT Esports,chamber,False,,,0,1,0,3,False,unknown,unknown,,0.8422,0.3489,xeus,FUT Esports,jett,False,,,1,0,0,2,False,unknown,unknown,,,,sociablEE,FUT Esports,fade,False,,,1,0,1,0,False,ghost,sidearm,,,,yetujey,FUT Esports,astra,False,,,0,0,0,0,False,ghost,sidearm,,,,KROSTALY,FUT Esports,kayo,False,,,0,0,0,0,False,ghost,sidearm,,,,Chronicle,Team Vitality,chamber,False,,,0,5,1,0,False,classic,sidearm,,,,Derke,Team Vitality,neon,False,,,0,0,0,3,False,sheriff,sidearm,,,,Jamppi,Team Vitality,kayo,False,,,0,0,0,2,False,ghost,sidearm,,,,Sayonara,Team Vitality,sova,False,,25,0,0,1,0,False,classic,sidearm,,,,PROFEK,Team Vitality,astra,False,,,0,0,0,0,False,ghost,sidearm,,,
293.677,388,POST_ROUND,1,1,0,,,4.354,s0pp,FUT Esports,chamber,False,,,0,1,0,3,False,unknown,unknown,,0.8422,0.3489,xeus,FUT Esports,jett,False,,,1,0,0,2,False,unknown,unknown,,,,sociablEE,FUT Esports,fade,False,,,1,0,1,0,False,ghost,sidearm,,,,yetujey,FUT Esports,astra,False,,,0,0,0,0,False,ghost,sidearm,,,,KROSTALY,FUT Esports,kayo,False,,,0,0,0,0,False,ghost,sidearm,,,,Chronicle,Team Vitality,chamber,False,,,0,5,1,0,False,classic,sidearm,,,,Derke,Team Vitality,neon,False,,,0,0,0,3,False,sheriff,sidearm,,,,Jamppi,Team Vitality,kayo,False,,,0,0,0,2,False,ghost,sidearm,,,,Sayonara,Team Vitality,sova,False,,25,0,0,1,0,False,classic,sidearm,,,,PROFEK,Team Vitality,astra,False,,,0,0,0,0,False,ghost,sidearm,,,
294.161,389,POST_ROUND,1,1,0,,,4.838,s0pp,FUT Esports,chamber,False,,,0,1,0,3,False,unknown,unknown,,0.8422,0.3489,xeus,FUT Esports,jett,False,,,1,0,0,2,False,unknown,unknown,,,,sociablEE,FUT Esports,fade,False,,,1,0,1,0,False,ghost,sidearm,,,,yetujey,FUT Esports,astra,False,,,0,0,0,0,False,ghost,sidearm,,,,KROSTALY,FUT Esports,kayo,False,,,0,0,0,0,False,ghost,sidearm,,,,Chronicle,Team Vitality,chamber,False,,,0,5,1,0,False,classic,sidearm,,,,Derke,Team Vitality,neon,False,,,0,0,0,3,False,sheriff,sidearm,,,,Jamppi,Team Vitality,kayo,False,,,0,0,0,2,False,ghost,sidearm,,,,Sayonara,Team Vitality,sova,False,,25,0,0,1,0,False,classic,sidearm,,,,PROFEK,Team Vitality,astra,False,,,0,0,0,0,False,ghost,sidearm,,,
294.644,390,POST_ROUND,1,1,1,,,5.322,s0pp,FUT Esports,chamber,False,,,0,1,0,3,False,unknown,unknown,,0.8422,0.3489,xeus,FUT Esports,jett,False,,,1,0,0,2,False,unknown,unknown,,,,sociablEE,FUT Esports,fade,False,,,1,0,1,0,False,ghost,sidearm,,,,yetujey,FUT Esports,astra,False,,,0,0,0,0,False,ghost,sidearm,,,,KROSTALY,FUT Esports,kayo,False,,,0,0,0,0,False,ghost,sidearm,,,,Chronicle,Team Vitality,chamber,False,,,0,5,1,0,False,classic,sidearm,,,,Derke,Team Vitality,neon,False,,,0,0,0,3,False,sheriff,sidearm,,,,Jamppi,Team Vitality,kayo,False,,,0,0,0,2,False,ghost,sidearm,,,,Sayonara,Team Vitality,sova,False,,25,0,0,1,0,False,classic,sidearm,,,,PROFEK,Team Vitality,astra,False,,,0,0,0,0,False,ghost,sidearm,,,
295.128,391,POST_ROUND,1,1,1,,,5.806,s0pp,FUT Esports,chamber,False,,,0,1,0,3,False,unknown,unknown,,0.8422,0.3489,xeus,FUT Esports,jett,False,,,1,0,0,2,False,unknown,unknown,,,,sociablEE,FUT Esports,fade,False,,,1,0,1,0,False,ghost,sidearm,,,,yetujey,FUT Esports,astra,False,,,0,0,0,0,False,ghost,sidearm,,,,KROSTALY,FUT Esports,kayo,False,,,0,0,0,0,False,ghost,sidearm,,,,Chronicle,Team Vitality,chamber,False,,,0,5,1,0,False,classic,sidearm,,,,Derke,Team Vitality,neon,False,,,0,0,0,3,False,sheriff,sidearm,,,,Jamppi,Team Vitality,kayo,False,,,0,0,0,2,False,ghost,sidearm,,,,Sayonara,Team Vitality,sova,False,,25,0,0,1,0,False,classic,sidearm,,,,PROFEK,Team Vitality,astra,False,,,0,0,0,0,False,ghost,sidearm,,,
295.612,392,POST_ROUND,1,1,1,,,6.290,s0pp,FUT Esports,chamber,False,,,0,1,0,3,False,unknown,unknown,,0.8422,0.3489,xeus,FUT Esports,jett,False,,,1,0,0,2,False,unknown,unknown,,,,sociablEE,FUT Esports,fade,False,,,1,0,1,0,False,ghost,sidearm,,,,yetujey,FUT Esports,astra,False,,,0,0,0,0,False,ghost,sidearm,,,,KROSTALY,FUT Esports,kayo,False,,,0,0,0,0,False,ghost,sidearm,,,,Chronicle,Team Vitality,chamber,False,,,0,5,1,0,False,classic,sidearm,,,,Derke,Team Vitality,neon,False,,,0,0,0,3,False,sheriff,sidearm,,,,Jamppi,Team Vitality,kayo,False,,,0,0,0,2,False,ghost,sidearm,,,,Sayonara,Team Vitality,sova,False,,25,0,0,1,0,False,classic,sidearm,,,,PROFEK,Team Vitality,astra,False,,,0,0,0,0,False,ghost,sidearm,,,
296.096,393,POST_ROUND,1,1,1,,,6.773,s0pp,FUT Esports,chamber,False,,,0,1,0,3,False,unknown,unknown,,0.8422,0.3489,xeus,FUT Esports,jett,False,,,1,0,0,2,False,unknown,unknown,,,,sociablEE,FUT Esports,fade,False,,,1,0,1,0,False,ghost,sidearm,,,,yetujey,FUT Esports,astra,False,,,0,0,0,0,False,ghost,sidearm,,,,KROSTALY,FUT Esports,kayo,False,,,0,0,0,0,False,ghost,sidearm,,,,Chronicle,Team Vitality,chamber,False,,,0,5,1,0,False,classic,sidearm,,,,Derke,Team Vitality,neon,False,,,0,0,0,3,False,sheriff,sidearm,,,,Jamppi,Team Vitality,kayo,False,,,0,0,0,2,False,ghost,sidearm,,,,Sayonara,Team Vitality,sova,False,,25,0,0,1,0,False,classic,sidearm,,,,PROFEK,Team Vitality,astra,False,,,0,0,0,0,False,ghost,sidearm,,,
296.580,394,POST_ROUND,1,1,1,,,7.257,s0pp,FUT Esports,chamber,False,,,0,1,0,3,False,unknown,unknown,,0.8422,0.3489,xeus,FUT Esports,jett,False,,,1,0,0,2,False,unknown,unknown,,,,sociablEE,FUT Esports,fade,False,,,1,0,1,0,False,ghost,sidearm,,,,yetujey,FUT Esports,astra,False,,,0,0,0,0,False,ghost,sidearm,,,,KROSTALY,FUT Esports,kayo,False,,,0,0,0,0,False,ghost,sidearm,,,,Chronicle,Team Vitality,chamber,False,,,0,5,1,0,False,classic,sidearm,,,,Derke,Team Vitality,neon,False,,,0,0,0,3,False,sheriff,sidearm,,,,Jamppi,Team Vitality,kayo,False,,,0,0,0,2,False,ghost,sidearm,,,,Sayonara,Team Vitality,sova,False,,25,0,0,1,0,False,classic,sidearm,,,,PROFEK,Team Vitality,astra,False,,,0,0,0,0,False,ghost,sidearm,,,
297.063,395,POST_ROUND,1,1,1,,,7.741,s0pp,FUT Esports,chamber,False,,,0,1,0,3,False,unknown,unknown,,0.8422,0.3489,xeus,FUT Esports,jett,False,,,1,0,0,2,False,unknown,unknown,,,,sociablEE,FUT Esports,fade,False,,,1,0,1,0,False,ghost,sidearm,,,,yetujey,FUT Esports,astra,False,,,0,0,0,0,False,ghost,sidearm,,,,KROSTALY,FUT Esports,kayo,False,,,0,0,0,0,False,ghost,sidearm,,,,Chronicle,Team Vitality,chamber,False,,,0,5,1,0,False,classic,sidearm,,,,Derke,Team Vitality,neon,False,,,0,0,0,3,False,sheriff,sidearm,,,,Jamppi,Team Vitality,kayo,False,,,0,0,0,2,False,ghost,sidearm,,,,Sayonara,Team Vitality,sova,False,,25,0,0,1,0,False,classic,sidearm,,,,PROFEK,Team Vitality,astra,False,,,0,0,0,0,False,ghost,sidearm,,,
297.547,396,POST_ROUND,1,1,1,,,8.225,s0pp,FUT Esports,chamber,False,,,0,1,0,3,False,unknown,unknown,,0.8422,0.3489,xeus,FUT Esports,jett,False,,,1,0,0,2,False,unknown,unknown,,,,sociablEE,FUT Esports,fade,False,,,1,0,1,0,False,ghost,sidearm,,,,yetujey,FUT Esports,astra,False,,,0,0,0,0,False,ghost,sidearm,,,,KROSTALY,FUT Esports,kayo,False,,,0,0,0,0,False,ghost,sidearm,,,,Chronicle,Team Vitality,chamber,False,,,0,5,1,0,False,classic,sidearm,,,,Derke,Team Vitality,neon,False,,,0,0,0,3,False,sheriff,sidearm,,,,Jamppi,Team Vitality,kayo,False,,,0,0,0,2,False,ghost,sidearm,,,,Sayonara,Team Vitality,sova,False,,25,0,0,1,0,False,classic,sidearm,,,,PROFEK,Team Vitality,astra,False,,,0,0,0,0,False,ghost,sidearm,,,
298.031,397,POST_ROUND,1,1,1,,,8.709,s0pp,FUT Esports,chamber,False,,,0,1,0,3,False,unknown,unknown,,0.8422,0.3489,xeus,FUT Esports,jett,False,,,1,0,0,2,False,unknown,unknown,,,,sociablEE,FUT Esports,fade,False,,,1,0,1,0,False,ghost,sidearm,,,,yetujey,FUT Esports,astra,False,,,0,0,0,0,False,ghost,sidearm,,,,KROSTALY,FUT Esports,kayo,False,,,0,0,0,0,False,ghost,sidearm,,,,Chronicle,Team Vitality,chamber,False,,,0,5,1,0,False,classic,sidearm,,,,Derke,Team Vitality,neon,False,,,0,0,0,3,False,sheriff,sidearm,,,,Jamppi,Team Vitality,kayo,False,,,0,0,0,2,False,ghost,sidearm,,,,Sayonara,Team Vitality,sova,False,,25,0,0,1,0,False,classic,sidearm,,,,PROFEK,Team Vitality,astra,False,,,0,0,0,0,False,ghost,sidearm,,,
298.515,398,POST_ROUND,1,1,1,,,9.193,s0pp,FUT Esports,chamber,False,,,0,1,0,3,False,unknown,unknown,,0.8422,0.3489,xeus,FUT Esports,jett,False,,,1,0,0,2,False,unknown,unknown,,,,sociablEE,FUT Esports,fade,False,,,1,0,1,0,False,ghost,sidearm,,,,yetujey,FUT Esports,astra,False,,,0,0,0,0,False,ghost,sidearm,,,,KROSTALY,FUT Esports,kayo,False,,,0,0,0,0,False,ghost,sidearm,,,,Chronicle,Team Vitality,chamber,False,,,0,5,1,0,False,classic,sidearm,,,,Derke,Team Vitality,neon,False,,,0,0,0,3,False,sheriff,sidearm,,,,Jamppi,Team Vitality,kayo,False,,,0,0,0,2,False,ghost,sidearm,,,,Sayonara,Team Vitality,sova,False,,25,0,0,1,0,False,classic,sidearm,,,,PROFEK,Team Vitality,astra,False,,,0,0,0,0,False,ghost,sidearm,,,
298.999,399,POST_ROUND,1,1,1,,,9.676,s0pp,FUT Esports,chamber,False,,,0,1,0,3,False,unknown,unknown,,0.8422,0.3489,xeus,FUT Esports,jett,False,,,1,0,0,2,False,unknown,unknown,,,,sociablEE,FUT Esports,fade,False,,,1,0,1,0,False,ghost,sidearm,,,,yetujey,FUT Esports,astra,False,,,0,0,0,0,False,ghost,sidearm,,,,KROSTALY,FUT Esports,kayo,False,,,0,0,0,0,False,ghost,sidearm,,,,Chronicle,Team Vitality,chamber,False,,,0,5,1,0,False,classic,sidearm,,,,Derke,Team Vitality,neon,False,,,0,0,0,3,False,sheriff,sidearm,,,,Jamppi,Team Vitality,kayo,False,,,0,0,0,2,False,ghost,sidearm,,,,Sayonara,Team Vitality,sova,False,,25,0,0,1,0,False,classic,sidearm,,,,PROFEK,Team Vitality,astra,False,,,0,0,0,0,False,ghost,sidearm,,,
359.476,524,POST_ROUND,1,1,1,,,70.153,s0pp,FUT Esports,chamber,False,,,0,1,0,3,False,unknown,unknown,,0.8422,0.3489,xeus,FUT Esports,jett,False,,,1,0,0,2,False,unknown,unknown,,,,sociablEE,FUT Esports,fade,False,,,1,0,1,0,False,ghost,sidearm,,,,yetujey,FUT Esports,astra,False,,,0,0,0,0,False,ghost,sidearm,,,,KROSTALY,FUT Esports,kayo,False,,,0,0,0,0,False,ghost,sidearm,,,,Chronicle,Team Vitality,chamber,False,,,0,5,1,0,False,classic,sidearm,,,,Derke,Team Vitality,neon,False,,,0,0,0,3,False,sheriff,sidearm,,,,Jamppi,Team Vitality,kayo,False,,,0,0,0,2,False,ghost,sidearm,,,,Sayonara,Team Vitality,sova,False,,25,0,0,1,0,False,classic,sidearm,,,,PROFEK,Team Vitality,astra,False,,,0,0,0,0,False,ghost,sidearm,,,
359.960,525,POST_ROUND,1,1,1,,,70.637,s0pp,FUT Esports,chamber,False,,,0,1,0,3,False,unknown,unknown,,0.8422,0.3489,xeus,FUT Esports,jett,False,,,1,0,0,2,False,unknown,unknown,,,,sociablEE,FUT Esports,fade,False,,,1,0,1,0,False,ghost,sidearm,,,,yetujey,FUT Esports,astra,False,,,0,0,0,0,False,ghost,sidearm,,,,KROSTALY,FUT Esports,kayo,False,,,0,0,0,0,False,ghost,sidearm,,,,Chronicle,Team Vitality,chamber,False,,,0,5,1,0,False,classic,sidearm,,,,Derke,Team Vitality,neon,False,,,0,0,0,3,False,sheriff,sidearm,,,,Jamppi,Team Vitality,kayo,False,,,0,0,0,2,False,ghost,sidearm,,,,Sayonara,Team Vitality,sova,False,,25,0,0,1,0,False,classic,sidearm,,,,PROFEK,Team Vitality,astra,False,,,0,0,0,0,False,ghost,sidearm,,,
360.443,526,POST_ROUND,1,1,1,,,71.121,s0pp,FUT Esports,chamber,False,,,0,1,0,3,False,unknown,unknown,,0.8422,0.3489,xeus,FUT Esports,jett,False,,,1,0,0,2,False,unknown,unknown,,,,sociablEE,FUT Esports,fade,False,,,1,0,1,0,False,ghost,sidearm,,,,yetujey,FUT Esports,astra,False,,,0,0,0,0,False,ghost,sidearm,,,,KROSTALY,FUT Esports,kayo,False,,,0,0,0,0,False,ghost,sidearm,,,,Chronicle,Team Vitality,chamber,False,,,0,5,1,0,False,classic,sidearm,,,,Derke,Team Vitality,neon,False,,,0,0,0,3,False,sheriff,sidearm,,,,Jamppi,Team Vitality,kayo,False,,,0,0,0,2,False,ghost,sidearm,,,,Sayonara,Team Vitality,sova,False,,25,0,0,1,0,False,classic,sidearm,,,,PROFEK,Team Vitality,astra,False,,,0,0,0,0,False,ghost,sidearm,,,
360.927,527,POST_ROUND,1,1,1,,,71.605,s0pp,FUT Esports,chamber,False,,,0,1,0,3,False,unknown,unknown,,0.8422,0.3489,xeus,FUT Esports,jett,False,,,1,0,0,2,False,unknown,unknown,,,,sociablEE,FUT Esports,fade,False,,,1,0,1,0,False,ghost,sidearm,,,,yetujey,FUT Esports,astra,False,,,0,0,0,0,False,ghost,sidearm,,,,KROSTALY,FUT Esports,kayo,False,,,0,0,0,0,False,ghost,sidearm,,,,Chronicle,Team Vitality,chamber,False,,,0,5,1,0,False,classic,sidearm,,,,Derke,Team Vitality,neon,False,,,0,0,0,3,False,sheriff,sidearm,,,,Jamppi,Team Vitality,kayo,False,,,0,0,0,2,False,ghost,sidearm,,,,Sayonara,Team Vitality,sova,False,,25,0,0,1,0,False,classic,sidearm,,,,PROFEK,Team Vitality,astra,False,,,0,0,0,0,False,ghost,sidearm,,,
361.411,528,POST_ROUND,1,1,1,,,72.089,s0pp,FUT Esports,chamber,False,,,0,1,0,3,False,unknown,unknown,,0.8422,0.3489,xeus,FUT Esports,jett,False,,,1,0,0,2,False,unknown,unknown,,,,sociablEE,FUT Esports,fade,False,,,1,0,1,0,False,ghost,sidearm,,,,yetujey,FUT Esports,astra,False,,,0,0,0,0,False,ghost,sidearm,,,,KROSTALY,FUT Esports,kayo,False,,,0,0,0,0,False,ghost,sidearm,,,,Chronicle,Team Vitality,chamber,False,,,0,5,1,0,False,classic,sidearm,,,,Derke,Team Vitality,neon,False,,,0,0,0,3,False,sheriff,sidearm,,,,Jamppi,Team Vitality,kayo,False,,,0,0,0,2,False,ghost,sidearm,,,,Sayonara,Team Vitality,sova,False,,25,0,0,1,0,False,classic,sidearm,,,,PROFEK,Team Vitality,astra,False,,,0,0,0,0,False,ghost,sidearm,,,
361.895,529,POST_ROUND,1,1,1,,,72.573,s0pp,FUT Esports,chamber,False,,,0,1,0,3,False,unknown,unknown,,0.8422,0.3489,xeus,FUT Esports,jett,False,,,1,0,0,2,False,unknown,unknown,,,,sociablEE,FUT Esports,fade,False,,,1,0,1,0,False,ghost,sidearm,,,,yetujey,FUT Esports,astra,False,,,0,0,0,0,False,ghost,sidearm,,,,KROSTALY,FUT Esports,kayo,False,,,0,0,0,0,False,ghost,sidearm,,,,Chronicle,Team Vitality,chamber,False,,,0,5,1,0,False,classic,sidearm,,,,Derke,Team Vitality,neon,False,,,0,0,0,3,False,sheriff,sidearm,,,,Jamppi,Team Vitality,kayo,False,,,0,0,0,2,False,ghost,sidearm,,,,Sayonara,Team Vitality,sova,False,,25,0,0,1,0,False,classic,sidearm,,,,PROFEK,Team Vitality,astra,False,,,0,0,0,0,False,ghost,sidearm,,,
362.379,530,POST_ROUND,1,1,1,,,73.056,s0pp,FUT Esports,chamber,False,,,0,1,0,3,False,unknown,unknown,,0.8422,0.3489,xeus,FUT Esports,jett,False,,,1,0,0,2,False,unknown,unknown,,,,sociablEE,FUT Esports,fade,False,,,1,0,1,0,False,ghost,sidearm,,,,yetujey,FUT Esports,astra,False,,,0,0,0,0,False,ghost,sidearm,,,,KROSTALY,FUT Esports,kayo,False,,,0,0,0,0,False,ghost,sidearm,,,,Chronicle,Team Vitality,chamber,False,,,0,5,1,0,False,classic,sidearm,,,,Derke,Team Vitality,neon,False,,,0,0,0,3,False,sheriff,sidearm,,,,Jamppi,Team Vitality,kayo,False,,,0,0,0,2,False,ghost,sidearm,,,,Sayonara,Team Vitality,sova,False,,25,0,0,1,0,False,classic,sidearm,,,,PROFEK,Team Vitality,astra,False,,,0,0,0,0,False,ghost,sidearm,,,
362.863,531,POST_ROUND,1,1,1,,,73.540,s0pp,FUT Esports,chamber,False,,,0,1,0,3,False,unknown,unknown,,0.8422,0.3489,xeus,FUT Esports,jett,False,,,1,0,0,2,False,unknown,unknown,,,,sociablEE,FUT Esports,fade,False,,,1,0,1,0,False,ghost,sidearm,,,,yetujey,FUT Esports,astra,False,,,0,0,0,0,False,ghost,sidearm,,,,KROSTALY,FUT Esports,kayo,False,,,0,0,0,0,False,ghost,sidearm,,,,Chronicle,Team Vitality,chamber,False,,,0,5,1,0,False,classic,sidearm,,,,Derke,Team Vitality,neon,False,,,0,0,0,3,False,sheriff,sidearm,,,,Jamppi,Team Vitality,kayo,False,,,0,0,0,2,False,ghost,sidearm,,,,Sayonara,Team Vitality,sova,False,,25,0,0,1,0,False,classic,sidearm,,,,PROFEK,Team Vitality,astra,False,,,0,0,0,0,False,ghost,sidearm,,,
363.346,532,POST_ROUND,1,1,1,,,74.024,s0pp,FUT Esports,chamber,False,,,0,1,0,3,False,unknown,unknown,,0.8422,0.3489,xeus,FUT Esports,jett,False,,,1,0,0,2,False,unknown,unknown,,,,sociablEE,FUT Esports,fade,False,,,1,0,1,0,False,ghost,sidearm,,,,yetujey,FUT Esports,astra,False,,,0,0,0,0,False,ghost,sidearm,,,,KROSTALY,FUT Esports,kayo,False,,,0,0,0,0,False,ghost,sidearm,,,,Chronicle,Team Vitality,chamber,False,,,0,5,1,0,False,classic,sidearm,,,,Derke,Team Vitality,neon,False,,,0,0,0,3,False,sheriff,sidearm,,,,Jamppi,Team Vitality,kayo,False,,,0,0,0,2,False,ghost,sidearm,,,,Sayonara,Team Vitality,sova,False,,25,0,0,1,0,False,classic,sidearm,,,,PROFEK,Team Vitality,astra,False,,,0,0,0,0,False,ghost,sidearm,,,
363.830,533,POST_ROUND,1,1,1,,,74.508,s0pp,FUT Esports,chamber,False,,,0,1,0,3,False,unknown,unknown,,0.8422,0.3489,xeus,FUT Esports,jett,False,,,1,0,0,2,False,unknown,unknown,,,,sociablEE,FUT Esports,fade,False,,,1,0,1,0,False,ghost,sidearm,,,,yetujey,FUT Esports,astra,False,,,0,0,0,0,False,ghost,sidearm,,,,KROSTALY,FUT Esports,kayo,False,,,0,0,0,0,False,ghost,sidearm,,,,Chronicle,Team Vitality,chamber,False,,,0,5,1,0,False,classic,sidearm,,,,Derke,Team Vitality,neon,False,,,0,0,0,3,False,sheriff,sidearm,,,,Jamppi,Team Vitality,kayo,False,,,0,0,0,2,False,ghost,sidearm,,,,Sayonara,Team Vitality,sova,False,,25,0,0,1,0,False,classic,sidearm,,,,PROFEK,Team Vitality,astra,False,,,0,0,0,0,False,ghost,sidearm,,,
364.314,534,POST_ROUND,1,1,1,,,74.992,s0pp,FUT Esports,chamber,False,,,0,1,0,3,False,unknown,unknown,,0.8422,0.3489,xeus,FUT Esports,jett,False,,,1,0,0,2,False,unknown,unknown,,,,sociablEE,FUT Esports,fade,False,,,1,0,1,0,False,ghost,sidearm,,,,yetujey,FUT Esports,astra,False,,,0,0,0,0,False,ghost,sidearm,,,,KROSTALY,FUT Esports,kayo,False,,,0,0,0,0,False,ghost,sidearm,,,,Chronicle,Team Vitality,chamber,False,,,0,5,1,0,False,classic,sidearm,,,,Derke,Team Vitality,neon,False,,,0,0,0,3,False,sheriff,sidearm,,,,Jamppi,Team Vitality,kayo,False,,,0,0,0,2,False,ghost,sidearm,,,,Sayonara,Team Vitality,sova,False,,25,0,0,1,0,False,classic,sidearm,,,,PROFEK,Team Vitality,astra,False,,,0,0,0,0,False,ghost,sidearm,,,
364.798,535,POST_ROUND,1,1,1,,,75.475,s0pp,FUT Esports,chamber,False,,,0,1,0,3,False,unknown,unknown,,0.8422,0.3489,xeus,FUT Esports,jett,False,,,1,0,0,2,False,unknown,unknown,,,,sociablEE,FUT Esports,fade,False,,,1,0,1,0,False,ghost,sidearm,,,,yetujey,FUT Esports,astra,False,,,0,0,0,0,False,ghost,sidearm,,,,KROSTALY,FUT Esports,kayo,False,,,0,0,0,0,False,ghost,sidearm,,,,Chronicle,Team Vitality,chamber,False,,,0,5,1,0,False,classic,sidearm,,,,Derke,Team Vitality,neon,False,,,0,0,0,3,False,sheriff,sidearm,,,,Jamppi,Team Vitality,kayo,False,,,0,0,0,2,False,ghost,sidearm,,,,Sayonara,Team Vitality,sova,False,,25,0,0,1,0,False,classic,sidearm,,,,PROFEK,Team Vitality,astra,False,,,0,0,0,0,False,ghost,sidearm,,,
365.282,536,POST_ROUND,1,1,1,,,75.959,s0pp,FUT Esports,chamber,False,,,0,1,0,3,False,unknown,unknown,,0.8422,0.3489,xeus,FUT Esports,jett,False,,,1,0,0,2,False,unknown,unknown,,,,sociablEE,FUT Esports,fade,False,,,1,0,1,0,False,ghost,sidearm,,,,yetujey,FUT Esports,astra,False,,,0,0,0,0,False,ghost,sidearm,,,,KROSTALY,FUT Esports,kayo,False,,,0,0,0,0,False,ghost,sidearm,,,,Chronicle,Team Vitality,chamber,False,,,0,5,1,0,False,classic,sidearm,,,,Derke,Team Vitality,neon,False,,,0,0,0,3,False,sheriff,sidearm,,,,Jamppi,Team Vitality,kayo,False,,,0,0,0,2,False,ghost,sidearm,,,,Sayonara,Team Vitality,sova,False,,25,0,0,1,0,False,classic,sidearm,,,,PROFEK,Team Vitality,astra,False,,,0,0,0,0,False,ghost,sidearm,,,
365.765,537,POST_ROUND,1,1,1,,,76.443,s0pp,FUT Esports,chamber,False,,,0,1,0,3,False,unknown,unknown,,0.8422,0.3489,xeus,FUT Esports,jett,False,,,1,0,0,2,False,unknown,unknown,,,,sociablEE,FUT Esports,fade,False,,,1,0,1,0,False,ghost,sidearm,,,,yetujey,FUT Esports,astra,False,,,0,0,0,0,False,ghost,sidearm,,,,KROSTALY,FUT Esports,kayo,False,,,0,0,0,0,False,ghost,sidearm,,,,Chronicle,Team Vitality,chamber,False,,,0,5,1,0,False,classic,sidearm,,,,Derke,Team Vitality,neon,False,,,0,0,0,3,False,sheriff,sidearm,,,,Jamppi,Team Vitality,kayo,False,,,0,0,0,2,False,ghost,sidearm,,,,Sayonara,Team Vitality,sova,False,,25,0,0,1,0,False,classic,sidearm,,,,PROFEK,Team Vitality,astra,False,,,0,0,0,0,False,ghost,sidearm,,,
366.249,538,POST_ROUND,1,1,1,,,76.927,s0pp,FUT Esports,chamber,False,,,0,1,0,3,False,unknown,unknown,,0.8422,0.3489,xeus,FUT Esports,jett,False,,,1,0,0,2,False,unknown,unknown,,,,sociablEE,FUT Esports,fade,False,,,1,0,1,0,False,ghost,sidearm,,,,yetujey,FUT Esports,astra,False,,,0,0,0,0,False,ghost,sidearm,,,,KROSTALY,FUT Esports,kayo,False,,,0,0,0,0,False,ghost,sidearm,,,,Chronicle,Team Vitality,chamber,False,,,0,5,1,0,False,classic,sidearm,,,,Derke,Team Vitality,neon,False,,,0,0,0,3,False,sheriff,sidearm,,,,Jamppi,Team Vitality,kayo,False,,,0,0,0,2,False,ghost,sidearm,,,,Sayonara,Team Vitality,sova,False,,25,0,0,1,0,False,classic,sidearm,,,,PROFEK,Team Vitality,astra,False,,,0,0,0,0,False,ghost,sidearm,,,
366.733,539,POST_ROUND,1,1,1,,,77.411,s0pp,FUT Esports,chamber,False,,,0,1,0,3,False,unknown,unknown,,0.8422,0.3489,xeus,FUT Esports,jett,False,,,1,0,0,2,False,unknown,unknown,,,,sociablEE,FUT Esports,fade,False,,,1,0,1,0,False,ghost,sidearm,,,,yetujey,FUT Esports,astra,False,,,0,0,0,0,False,ghost,sidearm,,,,KROSTALY,FUT Esports,kayo,False,,,0,0,0,0,False,ghost,sidearm,,,,Chronicle,Team Vitality,chamber,False,,,0,5,1,0,False,classic,sidearm,,,,Derke,Team Vitality,neon,False,,,0,0,0,3,False,sheriff,sidearm,,,,Jamppi,Team Vitality,kayo,False,,,0,0,0,2,False,ghost,sidearm,,,,Sayonara,Team Vitality,sova,False,,25,0,0,1,0,False,classic,sidearm,,,,PROFEK,Team Vitality,astra,False,,,0,0,0,0,False,ghost,sidearm,,,
367.217,540,POST_ROUND,1,1,1,,,77.894,s0pp,FUT Esports,chamber,False,,,0,1,0,3,False,unknown,unknown,,0.8422,0.3489,xeus,FUT Esports,jett,False,,,1,0,0,2,False,unknown,unknown,,,,sociablEE,FUT Esports,fade,False,,,1,0,1,0,False,ghost,sidearm,,,,yetujey,FUT Esports,astra,False,,,0,0,0,0,False,ghost,sidearm,,,,KROSTALY,FUT Esports,kayo,False,,,0,0,0,0,False,ghost,sidearm,,,,Chronicle,Team Vitality,chamber,False,,,0,5,1,0,False,classic,sidearm,,,,Derke,Team Vitality,neon,False,,,0,0,0,3,False,sheriff,sidearm,,,,Jamppi,Team Vitality,kayo,False,,,0,0,0,2,False,ghost,sidearm,,,,Sayonara,Team Vitality,sova,False,,25,0,0,1,0,False,classic,sidearm,,,,PROFEK,Team Vitality,astra,False,,,0,0,0,0,False,ghost,sidearm,,,
367.701,541,POST_ROUND,1,1,1,,,78.378,s0pp,FUT Esports,chamber,False,,,0,1,0,3,False,unknown,unknown,,0.8422,0.3489,xeus,FUT Esports,jett,False,,,1,0,0,2,False,unknown,unknown,,,,sociablEE,FUT Esports,fade,False,,,1,0,1,0,False,ghost,sidearm,,,,yetujey,FUT Esports,astra,False,,,0,0,0,0,False,ghost,sidearm,,,,KROSTALY,FUT Esports,kayo,False,,,0,0,0,0,False,ghost,sidearm,,,,Chronicle,Team Vitality,chamber,False,,,0,5,1,0,False,classic,sidearm,,,,Derke,Team Vitality,neon,False,,,0,0,0,3,False,sheriff,sidearm,,,,Jamppi,Team Vitality,kayo,False,,,0,0,0,2,False,ghost,sidearm,,,,Sayonara,Team Vitality,sova,False,,25,0,0,1,0,False,classic,sidearm,,,,PROFEK,Team Vitality,astra,False,,,0,0,0,0,False,ghost,sidearm,,,
368.184,542,POST_ROUND,1,1,1,,,78.862,s0pp,FUT Esports,chamber,False,,,0,1,0,3,False,unknown,unknown,,0.8422,0.3489,xeus,FUT Esports,jett,False,,,1,0,0,2,False,unknown,unknown,,,,sociablEE,FUT Esports,fade,False,,,1,0,1,0,False,ghost,sidearm,,,,yetujey,FUT Esports,astra,False,,,0,0,0,0,False,ghost,sidearm,,,,KROSTALY,FUT Esports,kayo,False,,,0,0,0,0,False,ghost,sidearm,,,,Chronicle,Team Vitality,chamber,False,,,0,5,1,0,False,classic,sidearm,,,,Derke,Team Vitality,neon,False,,,0,0,0,3,False,sheriff,sidearm,,,,Jamppi,Team Vitality,kayo,False,,,0,0,0,2,False,ghost,sidearm,,,,Sayonara,Team Vitality,sova,False,,25,0,0,1,0,False,classic,sidearm,,,,PROFEK,Team Vitality,astra,False,,,0,0,0,0,False,ghost,sidearm,,,
368.668,543,POST_ROUND,1,1,1,,,79.346,s0pp,FUT Esports,chamber,False,,,0,1,0,3,False,unknown,unknown,,0.8422,0.3489,xeus,FUT Esports,jett,False,,,1,0,0,2,False,unknown,unknown,,,,sociablEE,FUT Esports,fade,False,,,1,0,1,0,False,ghost,sidearm,,,,yetujey,FUT Esports,astra,False,,,0,0,0,0,False,ghost,sidearm,,,,KROSTALY,FUT Esports,kayo,False,,,0,0,0,0,False,ghost,sidearm,,,,Chronicle,Team Vitality,chamber,False,,,0,5,1,0,False,classic,sidearm,,,,Derke,Team Vitality,neon,False,,,0,0,0,3,False,sheriff,sidearm,,,,Jamppi,Team Vitality,kayo,False,,,0,0,0,2,False,ghost,sidearm,,,,Sayonara,Team Vitality,sova,False,,25,0,0,1,0,False,classic,sidearm,,,,PROFEK,Team Vitality,astra,False,,,0,0,0,0,False,ghost,sidearm,,,
369.152,544,POST_ROUND,1,1,1,,,79.830,s0pp,FUT Esports,chamber,False,,,0,1,0,3,False,unknown,unknown,,0.8422,0.3489,xeus,FUT Esports,jett,False,,,1,0,0,2,False,unknown,unknown,,,,sociablEE,FUT Esports,fade,False,,,1,0,1,0,False,ghost,sidearm,,,,yetujey,FUT Esports,astra,False,,,0,0,0,0,False,ghost,sidearm,,,,KROSTALY,FUT Esports,kayo,False,,,0,0,0,0,False,ghost,sidearm,,,,Chronicle,Team Vitality,chamber,False,,,0,5,1,0,False,classic,sidearm,,,,Derke,Team Vitality,neon,False,,,0,0,0,3,False,sheriff,sidearm,,,,Jamppi,Team Vitality,kayo,False,,,0,0,0,2,False,ghost,sidearm,,,,Sayonara,Team Vitality,sova,False,,25,0,0,1,0,False,classic,sidearm,,,,PROFEK,Team Vitality,astra,False,,,0,0,0,0,False,ghost,sidearm,,,
369.636,545,POST_ROUND,1,1,1,,,80.314,s0pp,FUT Esports,chamber,False,,,0,1,0,3,False,unknown,unknown,,0.8422,0.3489,xeus,FUT Esports,jett,False,,,1,0,0,2,False,unknown,unknown,,,,sociablEE,FUT Esports,fade,False,,,1,0,1,0,False,ghost,sidearm,,,,yetujey,FUT Esports,astra,False,,,0,0,0,0,False,ghost,sidearm,,,,KROSTALY,FUT Esports,kayo,False,,,0,0,0,0,False,ghost,sidearm,,,,Chronicle,Team Vitality,chamber,False,,,0,5,1,0,False,classic,sidearm,,,,Derke,Team Vitality,neon,False,,,0,0,0,3,False,sheriff,sidearm,,,,Jamppi,Team Vitality,kayo,False,,,0,0,0,2,False,ghost,sidearm,,,,Sayonara,Team Vitality,sova,False,,25,0,0,1,0,False,classic,sidearm,,,,PROFEK,Team Vitality,astra,False,,,0,0,0,0,False,ghost,sidearm,,,
370.120,546,POST_ROUND,1,1,1,,,80.797,s0pp,FUT Esports,chamber,False,,,0,1,0,3,False,unknown,unknown,,0.8422,0.3489,xeus,FUT Esports,jett,False,,,1,0,0,2,False,unknown,unknown,,,,sociablEE,FUT Esports,fade,False,,,1,0,1,0,False,ghost,sidearm,,,,yetujey,FUT Esports,astra,False,,,0,0,0,0,False,ghost,sidearm,,,,KROSTALY,FUT Esports,kayo,False,,,0,0,0,0,False,ghost,sidearm,,,,Chronicle,Team Vitality,chamber,False,,,0,5,1,0,False,classic,sidearm,,,,Derke,Team Vitality,neon,False,,,0,0,0,3,False,sheriff,sidearm,,,,Jamppi,Team Vitality,kayo,False,,,0,0,0,2,False,ghost,sidearm,,,,Sayonara,Team Vitality,sova,False,,25,0,0,1,0,False,classic,sidearm,,,,PROFEK,Team Vitality,astra,False,,,0,0,0,0,False,ghost,sidearm,,,
370.604,547,POST_ROUND,1,1,1,,,81.281,s0pp,FUT Esports,chamber,False,,,0,1,0,3,False,unknown,unknown,,0.8422,0.3489,xeus,FUT Esports,jett,False,,,1,0,0,2,False,unknown,unknown,,,,sociablEE,FUT Esports,fade,False,,,1,0,1,0,False,ghost,sidearm,,,,yetujey,FUT Esports,astra,False,,,0,0,0,0,False,ghost,sidearm,,,,KROSTALY,FUT Esports,kayo,False,,,0,0,0,0,False,ghost,sidearm,,,,Chronicle,Team Vitality,chamber,False,,,0,5,1,0,False,classic,sidearm,,,,Derke,Team Vitality,neon,False,,,0,0,0,3,False,sheriff,sidearm,,,,Jamppi,Team Vitality,kayo,False,,,0,0,0,2,False,ghost,sidearm,,,,Sayonara,Team Vitality,sova,False,,25,0,0,1,0,False,classic,sidearm,,,,PROFEK,Team Vitality,astra,False,,,0,0,0,0,False,ghost,sidearm,,,
371.087,548,POST_ROUND,1,1,1,,,81.765,s0pp,FUT Esports,chamber,False,,,0,1,0,3,False,unknown,unknown,,0.8422,0.3489,xeus,FUT Esports,jett,False,,,1,0,0,2,False,unknown,unknown,,,,sociablEE,FUT Esports,fade,False,,,1,0,1,0,False,ghost,sidearm,,,,yetujey,FUT Esports,astra,False,,,0,0,0,0,False,ghost,sidearm,,,,KROSTALY,FUT Esports,kayo,False,,,0,0,0,0,False,ghost,sidearm,,,,Chronicle,Team Vitality,chamber,False,,,0,5,1,0,False,classic,sidearm,,,,Derke,Team Vitality,neon,False,,,0,0,0,3,False,sheriff,sidearm,,,,Jamppi,Team Vitality,kayo,False,,,0,0,0,2,False,ghost,sidearm,,,,Sayonara,Team Vitality,sova,False,,25,0,0,1,0,False,classic,sidearm,,,,PROFEK,Team Vitality,astra,False,,,0,0,0,0,False,ghost,sidearm,,,
371.571,549,POST_ROUND,1,1,1,,,82.249,s0pp,FUT Esports,chamber,False,,,0,1,0,3,False,unknown,unknown,,0.8422,0.3489,xeus,FUT Esports,jett,False,,,1,0,0,2,False,unknown,unknown,,,,sociablEE,FUT Esports,fade,False,,,1,0,1,0,False,ghost,sidearm,,,,yetujey,FUT Esports,astra,False,,,0,0,0,0,False,ghost,sidearm,,,,KROSTALY,FUT Esports,kayo,False,,,0,0,0,0,False,ghost,sidearm,,,,Chronicle,Team Vitality,chamber,False,,,0,5,1,0,False,classic,sidearm,,,,Derke,Team Vitality,neon,False,,,0,0,0,3,False,sheriff,sidearm,,,,Jamppi,Team Vitality,kayo,False,,,0,0,0,2,False,ghost,sidearm,,,,Sayonara,Team Vitality,sova,False,,25,0,0,1,0,False,classic,sidearm,,,,PROFEK,Team Vitality,astra,False,,,0,0,0,0,False,ghost,sidearm,,,
372.055,550,POST_ROUND,1,1,1,,,82.733,s0pp,FUT Esports,chamber,False,,,0,1,0,3,False,unknown,unknown,,0.8422,0.3489,xeus,FUT Esports,jett,False,,,1,0,0,2,False,unknown,unknown,,,,sociablEE,FUT Esports,fade,False,,,1,0,1,0,False,ghost,sidearm,,,,yetujey,FUT Esports,astra,False,,,0,0,0,0,False,ghost,sidearm,,,,KROSTALY,FUT Esports,kayo,False,,,0,0,0,0,False,ghost,sidearm,,,,Chronicle,Team Vitality,chamber,False,,,0,5,1,0,False,classic,sidearm,,,,Derke,Team Vitality,neon,False,,,0,0,0,3,False,sheriff,sidearm,,,,Jamppi,Team Vitality,kayo,False,,,0,0,0,2,False,ghost,sidearm,,,,Sayonara,Team Vitality,sova,False,,25,0,0,1,0,False,classic,sidearm,,,,PROFEK,Team Vitality,astra,False,,,0,0,0,0,False,ghost,sidearm,,,
372.539,551,POST_ROUND,1,1,1,,,83.216,s0pp,FUT Esports,chamber,False,,,0,1,0,3,False,unknown,unknown,,0.8422,0.3489,xeus,FUT Esports,jett,False,,,1,0,0,2,False,unknown,unknown,,,,sociablEE,FUT Esports,fade,False,,,1,0,1,0,False,ghost,sidearm,,,,yetujey,FUT Esports,astra,False,,,0,0,0,0,False,ghost,sidearm,,,,KROSTALY,FUT Esports,kayo,False,,,0,0,0,0,False,ghost,sidearm,,,,Chronicle,Team Vitality,chamber,False,,,0,5,1,0,False,classic,sidearm,,,,Derke,Team Vitality,neon,False,,,0,0,0,3,False,sheriff,sidearm,,,,Jamppi,Team Vitality,kayo,False,,,0,0,0,2,False,ghost,sidearm,,,,Sayonara,Team Vitality,sova,False,,25,0,0,1,0,False,classic,sidearm,,,,PROFEK,Team Vitality,astra,False,,,0,0,0,0,False,ghost,sidearm,,,
373.023,552,POST_ROUND,1,1,1,,,83.700,s0pp,FUT Esports,chamber,False,,,0,1,0,3,False,unknown,unknown,,0.8422,0.3489,xeus,FUT Esports,jett,False,,,1,0,0,2,False,unknown,unknown,,,,sociablEE,FUT Esports,fade,False,,,1,0,1,0,False,ghost,sidearm,,,,yetujey,FUT Esports,astra,False,,,0,0,0,0,False,ghost,sidearm,,,,KROSTALY,FUT Esports,kayo,False,,,0,0,0,0,False,ghost,sidearm,,,,Chronicle,Team Vitality,chamber,False,,,0,5,1,0,False,classic,sidearm,,,,Derke,Team Vitality,neon,False,,,0,0,0,3,False,sheriff,sidearm,,,,Jamppi,Team Vitality,kayo,False,,,0,0,0,2,False,ghost,sidearm,,,,Sayonara,Team Vitality,sova,False,,25,0,0,1,0,False,classic,sidearm,,,,PROFEK,Team Vitality,astra,False,,,0,0,0,0,False,ghost,sidearm,,,
373.506,553,POST_ROUND,1,1,1,,,84.184,s0pp,FUT Esports,chamber,False,,,0,1,0,3,False,unknown,unknown,,0.8422,0.3489,xeus,FUT Esports,jett,False,,,1,0,0,2,False,unknown,unknown,,,,sociablEE,FUT Esports,fade,False,,,1,0,1,0,False,ghost,sidearm,,,,yetujey,FUT Esports,astra,False,,,0,0,0,0,False,ghost,sidearm,,,,KROSTALY,FUT Esports,kayo,False,,,0,0,0,0,False,ghost,sidearm,,,,Chronicle,Team Vitality,chamber,False,,,0,5,1,0,False,classic,sidearm,,,,Derke,Team Vitality,neon,False,,,0,0,0,3,False,sheriff,sidearm,,,,Jamppi,Team Vitality,kayo,False,,,0,0,0,2,False,ghost,sidearm,,,,Sayonara,Team Vitality,sova,False,,25,0,0,1,0,False,classic,sidearm,,,,PROFEK,Team Vitality,astra,False,,,0,0,0,0,False,ghost,sidearm,,,
373.990,554,POST_ROUND,1,1,1,,,84.668,s0pp,FUT Esports,chamber,False,,,0,1,0,3,False,unknown,unknown,,0.8422,0.3489,xeus,FUT Esports,jett,False,,,1,0,0,2,False,unknown,unknown,,,,sociablEE,FUT Esports,fade,False,,,1,0,1,0,False,ghost,sidearm,,,,yetujey,FUT Esports,astra,False,,,0,0,0,0,False,ghost,sidearm,,,,KROSTALY,FUT Esports,kayo,False,,,0,0,0,0,False,ghost,sidearm,,,,Chronicle,Team Vitality,chamber,False,,,0,5,1,0,False,classic,sidearm,,,,Derke,Team Vitality,neon,False,,,0,0,0,3,False,sheriff,sidearm,,,,Jamppi,Team Vitality,kayo,False,,,0,0,0,2,False,ghost,sidearm,,,,Sayonara,Team Vitality,sova,False,,25,0,0,1,0,False,classic,sidearm,,,,PROFEK,Team Vitality,astra,False,,,0,0,0,0,False,ghost,sidearm,,,
374.474,555,POST_ROUND,1,1,1,,,85.152,s0pp,FUT Esports,chamber,False,,,0,1,0,3,False,unknown,unknown,,0.8422,0.3489,xeus,FUT Esports,jett,False,,,1,0,0,2,False,unknown,unknown,,,,sociablEE,FUT Esports,fade,False,,,1,0,1,0,False,ghost,sidearm,,,,yetujey,FUT Esports,astra,False,,,0,0,0,0,False,ghost,sidearm,,,,KROSTALY,FUT Esports,kayo,False,,,0,0,0,0,False,ghost,sidearm,,,,Chronicle,Team Vitality,chamber,False,,,0,5,1,0,False,classic,sidearm,,,,Derke,Team Vitality,neon,False,,,0,0,0,3,False,sheriff,sidearm,,,,Jamppi,Team Vitality,kayo,False,,,0,0,0,2,False,ghost,sidearm,,,,Sayonara,Team Vitality,sova,False,,25,0,0,1,0,False,classic,sidearm,,,,PROFEK,Team Vitality,astra,False,,,0,0,0,0,False,ghost,sidearm,,,
374.958,556,POST_ROUND,1,1,1,,,85.636,s0pp,FUT Esports,chamber,False,,,0,1,0,3,False,unknown,unknown,,0.8422,0.3489,xeus,FUT Esports,jett,False,,,1,0,0,2,False,unknown,unknown,,,,sociablEE,FUT Esports,fade,False,,,1,0,1,0,False,ghost,sidearm,,,,yetujey,FUT Esports,astra,False,,,0,0,0,0,False,ghost,sidearm,,,,KROSTALY,FUT Esports,kayo,False,,,0,0,0,0,False,ghost,sidearm,,,,Chronicle,Team Vitality,chamber,False,,,0,5,1,0,False,classic,sidearm,,,,Derke,Team Vitality,neon,False,,,0,0,0,3,False,sheriff,sidearm,,,,Jamppi,Team Vitality,kayo,False,,,0,0,0,2,False,ghost,sidearm,,,,Sayonara,Team Vitality,sova,False,,25,0,0,1,0,False,classic,sidearm,,,,PROFEK,Team Vitality,astra,False,,,0,0,0,0,False,ghost,sidearm,,,
375.442,557,POST_ROUND,1,1,1,,,86.119,s0pp,FUT Esports,chamber,False,,,0,1,0,3,False,unknown,unknown,,0.8422,0.3489,xeus,FUT Esports,jett,False,,,1,0,0,2,False,unknown,unknown,,,,sociablEE,FUT Esports,fade,False,,,1,0,1,0,False,ghost,sidearm,,,,yetujey,FUT Esports,astra,False,,,0,0,0,0,False,ghost,sidearm,,,,KROSTALY,FUT Esports,kayo,False,,,0,0,0,0,False,ghost,sidearm,,,,Chronicle,Team Vitality,chamber,False,,,0,5,1,0,False,classic,sidearm,,,,Derke,Team Vitality,neon,False,,,0,0,0,3,False,sheriff,sidearm,,,,Jamppi,Team Vitality,kayo,False,,,0,0,0,2,False,ghost,sidearm,,,,Sayonara,Team Vitality,sova,False,,25,0,0,1,0,False,classic,sidearm,,,,PROFEK,Team Vitality,astra,False,,,0,0,0,0,False,ghost,sidearm,,,
375.926,558,POST_ROUND,1,1,1,,,86.603,s0pp,FUT Esports,chamber,False,,,0,1,0,3,False,unknown,unknown,,0.8422,0.3489,xeus,FUT Esports,jett,False,,,1,0,0,2,False,unknown,unknown,,,,sociablEE,FUT Esports,fade,False,,,1,0,1,0,False,ghost,sidearm,,,,yetujey,FUT Esports,astra,False,,,0,0,0,0,False,ghost,sidearm,,,,KROSTALY,FUT Esports,kayo,False,,,0,0,0,0,False,ghost,sidearm,,,,Chronicle,Team Vitality,chamber,False,,,0,5,1,0,False,classic,sidearm,,,,Derke,Team Vitality,neon,False,,,0,0,0,3,False,sheriff,sidearm,,,,Jamppi,Team Vitality,kayo,False,,,0,0,0,2,False,ghost,sidearm,,,,Sayonara,Team Vitality,sova,False,,25,0,0,1,0,False,classic,sidearm,,,,PROFEK,Team Vitality,astra,False,,,0,0,0,0,False,ghost,sidearm,,,
376.409,559,POST_ROUND,1,1,1,,,87.087,s0pp,FUT Esports,chamber,False,,,0,1,0,3,False,unknown,unknown,,0.8422,0.3489,xeus,FUT Esports,jett,False,,,1,0,0,2,False,unknown,unknown,,,,sociablEE,FUT Esports,fade,False,,,1,0,1,0,False,ghost,sidearm,,,,yetujey,FUT Esports,astra,False,,,0,0,0,0,False,ghost,sidearm,,,,KROSTALY,FUT Esports,kayo,False,,,0,0,0,0,False,ghost,sidearm,,,,Chronicle,Team Vitality,chamber,False,,,0,5,1,0,False,classic,sidearm,,,,Derke,Team Vitality,neon,False,,,0,0,0,3,False,sheriff,sidearm,,,,Jamppi,Team Vitality,kayo,False,,,0,0,0,2,False,ghost,sidearm,,,,Sayonara,Team Vitality,sova,False,,25,0,0,1,0,False,classic,sidearm,,,,PROFEK,Team Vitality,astra,False,,,0,0,0,0,False,ghost,sidearm,,,
376.893,560,POST_ROUND,1,1,1,,,87.571,s0pp,FUT Esports,chamber,False,,,0,1,0,3,False,unknown,unknown,,0.8422,0.3489,xeus,FUT Esports,jett,False,,,1,0,0,2,False,unknown,unknown,,,,sociablEE,FUT Esports,fade,False,,,1,0,1,0,False,ghost,sidearm,,,,yetujey,FUT Esports,astra,False,,,0,0,0,0,False,ghost,sidearm,,,,KROSTALY,FUT Esports,kayo,False,,,0,0,0,0,False,ghost,sidearm,,,,Chronicle,Team Vitality,chamber,False,,,0,5,1,0,False,classic,sidearm,,,,Derke,Team Vitality,neon,False,,,0,0,0,3,False,sheriff,sidearm,,,,Jamppi,Team Vitality,kayo,False,,,0,0,0,2,False,ghost,sidearm,,,,Sayonara,Team Vitality,sova,False,,25,0,0,1,0,False,classic,sidearm,,,,PROFEK,Team Vitality,astra,False,,,0,0,0,0,False,ghost,sidearm,,,
377.377,561,POST_ROUND,1,1,1,,,88.055,s0pp,FUT Esports,chamber,False,,,0,1,0,3,False,unknown,unknown,,0.8422,0.3489,xeus,FUT Esports,jett,False,,,1,0,0,2,False,unknown,unknown,,,,sociablEE,FUT Esports,fade,False,,,1,0,1,0,False,ghost,sidearm,,,,yetujey,FUT Esports,astra,False,,,0,0,0,0,False,ghost,sidearm,,,,KROSTALY,FUT Esports,kayo,False,,,0,0,0,0,False,ghost,sidearm,,,,Chronicle,Team Vitality,chamber,False,,,0,5,1,0,False,classic,sidearm,,,,Derke,Team Vitality,neon,False,,,0,0,0,3,False,sheriff,sidearm,,,,Jamppi,Team Vitality,kayo,False,,,0,0,0,2,False,ghost,sidearm,,,,Sayonara,Team Vitality,sova,False,,25,0,0,1,0,False,classic,sidearm,,,,PROFEK,Team Vitality,astra,False,,,0,0,0,0,False,ghost,sidearm,,,
377.861,562,POST_ROUND,1,1,1,,,88.538,s0pp,FUT Esports,chamber,False,,,0,1,0,3,False,unknown,unknown,,0.8422,0.3489,xeus,FUT Esports,jett,False,,,1,0,0,2,False,unknown,unknown,,,,sociablEE,FUT Esports,fade,False,,,1,0,1,0,False,ghost,sidearm,,,,yetujey,FUT Esports,astra,False,,,0,0,0,0,False,ghost,sidearm,,,,KROSTALY,FUT Esports,kayo,False,,,0,0,0,0,False,ghost,sidearm,,,,Chronicle,Team Vitality,chamber,False,,,0,5,1,0,False,classic,sidearm,,,,Derke,Team Vitality,neon,False,,,0,0,0,3,False,sheriff,sidearm,,,,Jamppi,Team Vitality,kayo,False,,,0,0,0,2,False,ghost,sidearm,,,,Sayonara,Team Vitality,sova,False,,25,0,0,1,0,False,classic,sidearm,,,,PROFEK,Team Vitality,astra,False,,,0,0,0,0,False,ghost,sidearm,,,
378.345,563,POST_ROUND,1,1,1,,,89.022,s0pp,FUT Esports,chamber,False,,,0,1,0,3,False,unknown,unknown,,0.8422,0.3489,xeus,FUT Esports,jett,False,,,1,0,0,2,False,unknown,unknown,,,,sociablEE,FUT Esports,fade,False,,,1,0,1,0,False,ghost,sidearm,,,,yetujey,FUT Esports,astra,False,,,0,0,0,0,False,ghost,sidearm,,,,KROSTALY,FUT Esports,kayo,False,,,0,0,0,0,False,ghost,sidearm,,,,Chronicle,Team Vitality,chamber,False,,,0,5,1,0,False,classic,sidearm,,,,Derke,Team Vitality,neon,False,,,0,0,0,3,False,sheriff,sidearm,,,,Jamppi,Team Vitality,kayo,False,,,0,0,0,2,False,ghost,sidearm,,,,Sayonara,Team Vitality,sova,False,,25,0,0,1,0,False,classic,sidearm,,,,PROFEK,Team Vitality,astra,False,,,0,0,0,0,False,ghost,sidearm,,,
378.828,564,POST_ROUND,1,1,1,,,89.506,s0pp,FUT Esports,chamber,False,,,0,1,0,3,False,unknown,unknown,,0.8422,0.3489,xeus,FUT Esports,jett,False,,,1,0,0,2,False,unknown,unknown,,,,sociablEE,FUT Esports,fade,False,,,1,0,1,0,False,ghost,sidearm,,,,yetujey,FUT Esports,astra,False,,,0,0,0,0,False,ghost,sidearm,,,,KROSTALY,FUT Esports,kayo,False,,,0,0,0,0,False,ghost,sidearm,,,,Chronicle,Team Vitality,chamber,False,,,0,5,1,0,False,classic,sidearm,,,,Derke,Team Vitality,neon,False,,,0,0,0,3,False,sheriff,sidearm,,,,Jamppi,Team Vitality,kayo,False,,,0,0,0,2,False,ghost,sidearm,,,,Sayonara,Team Vitality,sova,False,,25,0,0,1,0,False,classic,sidearm,,,,PROFEK,Team Vitality,astra,False,,,0,0,0,0,False,ghost,sidearm,,,
379.312,565,POST_ROUND,1,1,1,,,89.990,s0pp,FUT Esports,chamber,False,,,0,1,0,3,False,unknown,unknown,,0.8422,0.3489,xeus,FUT Esports,jett,False,,,1,0,0,2,False,unknown,unknown,,,,sociablEE,FUT Esports,fade,False,,,1,0,1,0,False,ghost,sidearm,,,,yetujey,FUT Esports,astra,False,,,0,0,0,0,False,ghost,sidearm,,,,KROSTALY,FUT Esports,kayo,False,,,0,0,0,0,False,ghost,sidearm,,,,Chronicle,Team Vitality,chamber,False,,,0,5,1,0,False,classic,sidearm,,,,Derke,Team Vitality,neon,False,,,0,0,0,3,False,sheriff,sidearm,,,,Jamppi,Team Vitality,kayo,False,,,0,0,0,2,False,ghost,sidearm,,,,Sayonara,Team Vitality,sova,False,,25,0,0,1,0,False,classic,sidearm,,,,PROFEK,Team Vitality,astra,False,,,0,0,0,0,False,ghost,sidearm,,,
379.796,566,POST_ROUND,1,1,1,,,90.474,s0pp,FUT Esports,chamber,False,,,0,1,0,3,False,unknown,unknown,,0.8422,0.3489,xeus,FUT Esports,jett,False,,,1,0,0,2,False,unknown,unknown,,,,sociablEE,FUT Esports,fade,False,,,1,0,1,0,False,ghost,sidearm,,,,yetujey,FUT Esports,astra,False,,,0,0,0,0,False,ghost,sidearm,,,,KROSTALY,FUT Esports,kayo,False,,,0,0,0,0,False,ghost,sidearm,,,,Chronicle,Team Vitality,chamber,False,,,0,5,1,0,False,classic,sidearm,,,,Derke,Team Vitality,neon,False,,,0,0,0,3,False,sheriff,sidearm,,,,Jamppi,Team Vitality,kayo,False,,,0,0,0,2,False,ghost,sidearm,,,,Sayonara,Team Vitality,sova,False,,25,0,0,1,0,False,classic,sidearm,,,,PROFEK,Team Vitality,astra,False,,,0,0,0,0,False,ghost,sidearm,,,
380.280,567,POST_ROUND,1,1,1,,,90.958,s0pp,FUT Esports,chamber,False,,,0,1,0,3,False,unknown,unknown,,0.8422,0.3489,xeus,FUT Esports,jett,False,,,1,0,0,2,False,unknown,unknown,,,,sociablEE,FUT Esports,fade,False,,,1,0,1,0,False,ghost,sidearm,,,,yetujey,FUT Esports,astra,False,,,0,0,0,0,False,ghost,sidearm,,,,KROSTALY,FUT Esports,kayo,False,,,0,0,0,0,False,ghost,sidearm,,,,Chronicle,Team Vitality,chamber,False,,,0,5,1,0,False,classic,sidearm,,,,Derke,Team Vitality,neon,False,,,0,0,0,3,False,sheriff,sidearm,,,,Jamppi,Team Vitality,kayo,False,,,0,0,0,2,False,ghost,sidearm,,,,Sayonara,Team Vitality,sova,False,,25,0,0,1,0,False,classic,sidearm,,,,PROFEK,Team Vitality,astra,False,,,0,0,0,0,False,ghost,sidearm,,,
380.764,568,POST_ROUND,1,1,1,,,91.441,s0pp,FUT Esports,chamber,False,,,0,1,0,3,False,unknown,unknown,,0.8422,0.3489,xeus,FUT Esports,jett,False,,,1,0,0,2,False,unknown,unknown,,,,sociablEE,FUT Esports,fade,False,,,1,0,1,0,False,ghost,sidearm,,,,yetujey,FUT Esports,astra,False,,,0,0,0,0,False,ghost,sidearm,,,,KROSTALY,FUT Esports,kayo,False,,,0,0,0,0,False,ghost,sidearm,,,,Chronicle,Team Vitality,chamber,False,,,0,5,1,0,False,classic,sidearm,,,,Derke,Team Vitality,neon,False,,,0,0,0,3,False,sheriff,sidearm,,,,Jamppi,Team Vitality,kayo,False,,,0,0,0,2,False,ghost,sidearm,,,,Sayonara,Team Vitality,sova,False,,25,0,0,1,0,False,classic,sidearm,,,,PROFEK,Team Vitality,astra,False,,,0,0,0,0,False,ghost,sidearm,,,
381.248,569,POST_ROUND,1,1,1,,,91.925,s0pp,FUT Esports,chamber,False,,,0,1,0,3,False,unknown,unknown,,0.8422,0.3489,xeus,FUT Esports,jett,False,,,1,0,0,2,False,unknown,unknown,,,,sociablEE,FUT Esports,fade,False,,,1,0,1,0,False,ghost,sidearm,,,,yetujey,FUT Esports,astra,False,,,0,0,0,0,False,ghost,sidearm,,,,KROSTALY,FUT Esports,kayo,False,,,0,0,0,0,False,ghost,sidearm,,,,Chronicle,Team Vitality,chamber,False,,,0,5,1,0,False,classic,sidearm,,,,Derke,Team Vitality,neon,False,,,0,0,0,3,False,sheriff,sidearm,,,,Jamppi,Team Vitality,kayo,False,,,0,0,0,2,False,ghost,sidearm,,,,Sayonara,Team Vitality,sova,False,,25,0,0,1,0,False,classic,sidearm,,,,PROFEK,Team Vitality,astra,False,,,0,0,0,0,False,ghost,sidearm,,,
381.731,570,POST_ROUND,1,1,1,,,92.409,s0pp,FUT Esports,chamber,False,,,0,1,0,3,False,unknown,unknown,,0.8422,0.3489,xeus,FUT Esports,jett,False,,,1,0,0,2,False,unknown,unknown,,,,sociablEE,FUT Esports,fade,False,,,1,0,1,0,False,ghost,sidearm,,,,yetujey,FUT Esports,astra,False,,,0,0,0,0,False,ghost,sidearm,,,,KROSTALY,FUT Esports,kayo,False,,,0,0,0,0,False,ghost,sidearm,,,,Chronicle,Team Vitality,chamber,False,,,0,5,1,0,False,classic,sidearm,,,,Derke,Team Vitality,neon,False,,,0,0,0,3,False,sheriff,sidearm,,,,Jamppi,Team Vitality,kayo,False,,,0,0,0,2,False,ghost,sidearm,,,,Sayonara,Team Vitality,sova,False,,25,0,0,1,0,False,classic,sidearm,,,,PROFEK,Team Vitality,astra,False,,,0,0,0,0,False,ghost,sidearm,,,
382.215,571,POST_ROUND,1,1,1,,,92.893,s0pp,FUT Esports,chamber,False,,,0,1,0,3,False,unknown,unknown,,0.8422,0.3489,xeus,FUT Esports,jett,False,,,1,0,0,2,False,unknown,unknown,,,,sociablEE,FUT Esports,fade,False,,,1,0,1,0,False,ghost,sidearm,,,,yetujey,FUT Esports,astra,False,,,0,0,0,0,False,ghost,sidearm,,,,KROSTALY,FUT Esports,kayo,False,,,0,0,0,0,False,ghost,sidearm,,,,Chronicle,Team Vitality,chamber,False,,,0,5,1,0,False,classic,sidearm,,,,Derke,Team Vitality,neon,False,,,0,0,0,3,False,sheriff,sidearm,,,,Jamppi,Team Vitality,kayo,False,,,0,0,0,2,False,ghost,sidearm,,,,Sayonara,Team Vitality,sova,False,,25,0,0,1,0,False,classic,sidearm,,,,PROFEK,Team Vitality,astra,False,,,0,0,0,0,False,ghost,sidearm,,,
382.699,572,POST_ROUND,1,1,1,,,93.377,s0pp,FUT Esports,chamber,False,,,0,1,0,3,False,unknown,unknown,,0.8422,0.3489,xeus,FUT Esports,jett,False,,,1,0,0,2,False,unknown,unknown,,,,sociablEE,FUT Esports,fade,False,,,1,0,1,0,False,ghost,sidearm,,,,yetujey,FUT Esports,astra,False,,,0,0,0,0,False,ghost,sidearm,,,,KROSTALY,FUT Esports,kayo,False,,,0,0,0,0,False,ghost,sidearm,,,,Chronicle,Team Vitality,chamber,False,,,0,5,1,0,False,classic,sidearm,,,,Derke,Team Vitality,neon,False,,,0,0,0,3,False,sheriff,sidearm,,,,Jamppi,Team Vitality,kayo,False,,,0,0,0,2,False,ghost,sidearm,,,,Sayonara,Team Vitality,sova,False,,25,0,0,1,0,False,classic,sidearm,,,,PROFEK,Team Vitality,astra,False,,,0,0,0,0,False,ghost,sidearm,,,
383.183,573,POST_ROUND,1,1,1,,,93.860,s0pp,FUT Esports,chamber,False,,,0,1,0,3,False,unknown,unknown,,0.8422,0.3489,xeus,FUT Esports,jett,False,,,1,0,0,2,False,unknown,unknown,,,,sociablEE,FUT Esports,fade,False,,,1,0,1,0,False,ghost,sidearm,,,,yetujey,FUT Esports,astra,False,,,0,0,0,0,False,ghost,sidearm,,,,KROSTALY,FUT Esports,kayo,False,,,0,0,0,0,False,ghost,sidearm,,,,Chronicle,Team Vitality,chamber,False,,,0,5,1,0,False,classic,sidearm,,,,Derke,Team Vitality,neon,False,,,0,0,0,3,False,sheriff,sidearm,,,,Jamppi,Team Vitality,kayo,False,,,0,0,0,2,False,ghost,sidearm,,,,Sayonara,Team Vitality,sova,False,,25,0,0,1,0,False,classic,sidearm,,,,PROFEK,Team Vitality,astra,False,,,0,0,0,0,False,ghost,sidearm,,,
383.667,574,POST_ROUND,1,1,1,,,94.344,s0pp,FUT Esports,chamber,False,,,0,1,0,3,False,unknown,unknown,,0.8422,0.3489,xeus,FUT Esports,jett,False,,,1,0,0,2,False,unknown,unknown,,,,sociablEE,FUT Esports,fade,False,,,1,0,1,0,False,ghost,sidearm,,,,yetujey,FUT Esports,astra,False,,,0,0,0,0,False,ghost,sidearm,,,,KROSTALY,FUT Esports,kayo,False,,,0,0,0,0,False,ghost,sidearm,,,,Chronicle,Team Vitality,chamber,False,,,0,5,1,0,False,classic,sidearm,,,,Derke,Team Vitality,neon,False,,,0,0,0,3,False,sheriff,sidearm,,,,Jamppi,Team Vitality,kayo,False,,,0,0,0,2,False,ghost,sidearm,,,,Sayonara,Team Vitality,sova,False,,25,0,0,1,0,False,classic,sidearm,,,,PROFEK,Team Vitality,astra,False,,,0,0,0,0,False,ghost,sidearm,,,
384.150,575,POST_ROUND,1,1,1,,,94.828,s0pp,FUT Esports,chamber,False,,,0,1,0,3,False,unknown,unknown,,0.8422,0.3489,xeus,FUT Esports,jett,False,,,1,0,0,2,False,unknown,unknown,,,,sociablEE,FUT Esports,fade,False,,,1,0,1,0,False,ghost,sidearm,,,,yetujey,FUT Esports,astra,False,,,0,0,0,0,False,ghost,sidearm,,,,KROSTALY,FUT Esports,kayo,False,,,0,0,0,0,False,ghost,sidearm,,,,Chronicle,Team Vitality,chamber,False,,,0,5,1,0,False,classic,sidearm,,,,Derke,Team Vitality,neon,False,,,0,0,0,3,False,sheriff,sidearm,,,,Jamppi,Team Vitality,kayo,False,,,0,0,0,2,False,ghost,sidearm,,,,Sayonara,Team Vitality,sova,False,,25,0,0,1,0,False,classic,sidearm,,,,PROFEK,Team Vitality,astra,False,,,0,0,0,0,False,ghost,sidearm,,,
384.634,576,POST_ROUND,1,1,1,,,95.312,s0pp,FUT Esports,chamber,False,,,0,1,0,3,False,unknown,unknown,,0.8422,0.3489,xeus,FUT Esports,jett,False,,,1,0,0,2,False,unknown,unknown,,,,sociablEE,FUT Esports,fade,False,,,1,0,1,0,False,ghost,sidearm,,,,yetujey,FUT Esports,astra,False,,,0,0,0,0,False,ghost,sidearm,,,,KROSTALY,FUT Esports,kayo,False,,,0,0,0,0,False,ghost,sidearm,,,,Chronicle,Team Vitality,chamber,False,,,0,5,1,0,False,classic,sidearm,,,,Derke,Team Vitality,neon,False,,,0,0,0,3,False,sheriff,sidearm,,,,Jamppi,Team Vitality,kayo,False,,,0,0,0,2,False,ghost,sidearm,,,,Sayonara,Team Vitality,sova,False,,25,0,0,1,0,False,classic,sidearm,,,,PROFEK,Team Vitality,astra,False,,,0,0,0,0,False,ghost,sidearm,,,
385.118,577,POST_ROUND,1,1,1,,,95.796,s0pp,FUT Esports,chamber,False,,,0,1,0,3,False,unknown,unknown,,0.8422,0.3489,xeus,FUT Esports,jett,False,,,1,0,0,2,False,unknown,unknown,,,,sociablEE,FUT Esports,fade,False,,,1,0,1,0,False,ghost,sidearm,,,,yetujey,FUT Esports,astra,False,,,0,0,0,0,False,ghost,sidearm,,,,KROSTALY,FUT Esports,kayo,False,,,0,0,0,0,False,ghost,sidearm,,,,Chronicle,Team Vitality,chamber,False,,,0,5,1,0,False,classic,sidearm,,,,Derke,Team Vitality,neon,False,,,0,0,0,3,False,sheriff,sidearm,,,,Jamppi,Team Vitality,kayo,False,,,0,0,0,2,False,ghost,sidearm,,,,Sayonara,Team Vitality,sova,False,,25,0,0,1,0,False,classic,sidearm,,,,PROFEK,Team Vitality,astra,False,,,0,0,0,0,False,ghost,sidearm,,,
385.602,578,POST_ROUND,1,1,1,,,96.280,s0pp,FUT Esports,chamber,False,,,0,1,0,3,False,unknown,unknown,,0.8422,0.3489,xeus,FUT Esports,jett,False,,,1,0,0,2,False,unknown,unknown,,,,sociablEE,FUT Esports,fade,False,,,1,0,1,0,False,ghost,sidearm,,,,yetujey,FUT Esports,astra,False,,,0,0,0,0,False,ghost,sidearm,,,,KROSTALY,FUT Esports,kayo,False,,,0,0,0,0,False,ghost,sidearm,,,,Chronicle,Team Vitality,chamber,False,,,0,5,1,0,False,classic,sidearm,,,,Derke,Team Vitality,neon,False,,,0,0,0,3,False,sheriff,sidearm,,,,Jamppi,Team Vitality,kayo,False,,,0,0,0,2,False,ghost,sidearm,,,,Sayonara,Team Vitality,sova,False,,25,0,0,1,0,False,classic,sidearm,,,,PROFEK,Team Vitality,astra,False,,,0,0,0,0,False,ghost,sidearm,,,
386.086,579,POST_ROUND,1,1,1,,,96.763,s0pp,FUT Esports,chamber,False,,,0,1,0,3,False,unknown,unknown,,0.8422,0.3489,xeus,FUT Esports,jett,False,,,1,0,0,2,False,unknown,unknown,,,,sociablEE,FUT Esports,fade,False,,,1,0,1,0,False,ghost,sidearm,,,,yetujey,FUT Esports,astra,False,,,0,0,0,0,False,ghost,sidearm,,,,KROSTALY,FUT Esports,kayo,False,,,0,0,0,0,False,ghost,sidearm,,,,Chronicle,Team Vitality,chamber,False,,,0,5,1,0,False,classic,sidearm,,,,Derke,Team Vitality,neon,False,,,0,0,0,3,False,sheriff,sidearm,,,,Jamppi,Team Vitality,kayo,False,,,0,0,0,2,False,ghost,sidearm,,,,Sayonara,Team Vitality,sova,False,,25,0,0,1,0,False,classic,sidearm,,,,PROFEK,Team Vitality,astra,False,,,0,0,0,0,False,ghost,sidearm,,,
386.570,580,POST_ROUND,1,1,1,,,97.247,s0pp,FUT Esports,chamber,False,,,0,1,0,3,False,unknown,unknown,,0.8422,0.3489,xeus,FUT Esports,jett,False,,,1,0,0,2,False,unknown,unknown,,,,sociablEE,FUT Esports,fade,False,,,1,0,1,0,False,ghost,sidearm,,,,yetujey,FUT Esports,astra,False,,,0,0,0,0,False,ghost,sidearm,,,,KROSTALY,FUT Esports,kayo,False,,,0,0,0,0,False,ghost,sidearm,,,,Chronicle,Team Vitality,chamber,False,,,0,5,1,0,False,classic,sidearm,,,,Derke,Team Vitality,neon,False,,,0,0,0,3,False,sheriff,sidearm,,,,Jamppi,Team Vitality,kayo,False,,,0,0,0,2,False,ghost,sidearm,,,,Sayonara,Team Vitality,sova,False,,25,0,0,1,0,False,classic,sidearm,,,,PROFEK,Team Vitality,astra,False,,,0,0,0,0,False,ghost,sidearm,,,
387.053,581,POST_ROUND,1,1,1,,,97.731,s0pp,FUT Esports,chamber,False,,,0,1,0,3,False,unknown,unknown,,0.8422,0.3489,xeus,FUT Esports,jett,False,,,1,0,0,2,False,unknown,unknown,,,,sociablEE,FUT Esports,fade,False,,,1,0,1,0,False,ghost,sidearm,,,,yetujey,FUT Esports,astra,False,,,0,0,0,0,False,ghost,sidearm,,,,KROSTALY,FUT Esports,kayo,False,,,0,0,0,0,False,ghost,sidearm,,,,Chronicle,Team Vitality,chamber,False,,,0,5,1,0,False,classic,sidearm,,,,Derke,Team Vitality,neon,False,,,0,0,0,3,False,sheriff,sidearm,,,,Jamppi,Team Vitality,kayo,False,,,0,0,0,2,False,ghost,sidearm,,,,Sayonara,Team Vitality,sova,False,,25,0,0,1,0,False,classic,sidearm,,,,PROFEK,Team Vitality,astra,False,,,0,0,0,0,False,ghost,sidearm,,,
387.537,582,POST_ROUND,1,1,1,,,98.215,s0pp,FUT Esports,chamber,False,,,0,1,0,3,False,unknown,unknown,,0.8422,0.3489,xeus,FUT Esports,jett,False,,,1,0,0,2,False,unknown,unknown,,,,sociablEE,FUT Esports,fade,False,,,1,0,1,0,False,ghost,sidearm,,,,yetujey,FUT Esports,astra,False,,,0,0,0,0,False,ghost,sidearm,,,,KROSTALY,FUT Esports,kayo,False,,,0,0,0,0,False,ghost,sidearm,,,,Chronicle,Team Vitality,chamber,False,,,0,5,1,0,False,classic,sidearm,,,,Derke,Team Vitality,neon,False,,,0,0,0,3,False,sheriff,sidearm,,,,Jamppi,Team Vitality,kayo,False,,,0,0,0,2,False,ghost,sidearm,,,,Sayonara,Team Vitality,sova,False,,25,0,0,1,0,False,classic,sidearm,,,,PROFEK,Team Vitality,astra,False,,,0,0,0,0,False,ghost,sidearm,,,
388.021,583,POST_ROUND,1,1,1,,,98.699,s0pp,FUT Esports,chamber,False,,,0,1,0,3,False,unknown,unknown,,0.8422,0.3489,xeus,FUT Esports,jett,False,,,1,0,0,2,False,unknown,unknown,,,,sociablEE,FUT Esports,fade,False,,,1,0,1,0,False,ghost,sidearm,,,,yetujey,FUT Esports,astra,False,,,0,0,0,0,False,ghost,sidearm,,,,KROSTALY,FUT Esports,kayo,False,,,0,0,0,0,False,ghost,sidearm,,,,Chronicle,Team Vitality,chamber,False,,,0,5,1,0,False,classic,sidearm,,,,Derke,Team Vitality,neon,False,,,0,0,0,3,False,sheriff,sidearm,,,,Jamppi,Team Vitality,kayo,False,,,0,0,0,2,False,ghost,sidearm,,,,Sayonara,Team Vitality,sova,False,,25,0,0,1,0,False,classic,sidearm,,,,PROFEK,Team Vitality,astra,False,,,0,0,0,0,False,ghost,sidearm,,,
388.505,584,POST_ROUND,1,1,1,,,99.182,s0pp,FUT Esports,chamber,False,,,0,1,0,3,False,unknown,unknown,,0.8422,0.3489,xeus,FUT Esports,jett,False,,,1,0,0,2,False,unknown,unknown,,,,sociablEE,FUT Esports,fade,False,,,1,0,1,0,False,ghost,sidearm,,,,yetujey,FUT Esports,astra,False,,,0,0,0,0,False,ghost,sidearm,,,,KROSTALY,FUT Esports,kayo,False,,,0,0,0,0,False,ghost,sidearm,,,,Chronicle,Team Vitality,chamber,False,,,0,5,1,0,False,classic,sidearm,,,,Derke,Team Vitality,neon,False,,,0,0,0,3,False,sheriff,sidearm,,,,Jamppi,Team Vitality,kayo,False,,,0,0,0,2,False,ghost,sidearm,,,,Sayonara,Team Vitality,sova,False,,25,0,0,1,0,False,classic,sidearm,,,,PROFEK,Team Vitality,astra,False,,,0,0,0,0,False,ghost,sidearm,,,
388.989,585,POST_ROUND,1,1,1,,,99.666,s0pp,FUT Esports,chamber,False,,,0,1,0,3,False,unknown,unknown,,0.8422,0.3489,xeus,FUT Esports,jett,False,,,1,0,0,2,False,unknown,unknown,,,,sociablEE,FUT Esports,fade,False,,,1,0,1,0,False,ghost,sidearm,,,,yetujey,FUT Esports,astra,False,,,0,0,0,0,False,ghost,sidearm,,,,KROSTALY,FUT Esports,kayo,False,,,0,0,0,0,False,ghost,sidearm,,,,Chronicle,Team Vitality,chamber,False,,,0,5,1,0,False,classic,sidearm,,,,Derke,Team Vitality,neon,False,,,0,0,0,3,False,sheriff,sidearm,,,,Jamppi,Team Vitality,kayo,False,,,0,0,0,2,False,ghost,sidearm,,,,Sayonara,Team Vitality,sova,False,,25,0,0,1,0,False,classic,sidearm,,,,PROFEK,Team Vitality,astra,False,,,0,0,0,0,False,ghost,sidearm,,,
389.472,586,POST_ROUND,1,1,1,,,100.150,s0pp,FUT Esports,chamber,False,,,0,1,0,3,False,unknown,unknown,,0.8422,0.3489,xeus,FUT Esports,jett,False,,,1,0,0,2,False,unknown,unknown,,,,sociablEE,FUT Esports,fade,False,,,1,0,1,0,False,ghost,sidearm,,,,yetujey,FUT Esports,astra,False,,,0,0,0,0,False,ghost,sidearm,,,,KROSTALY,FUT Esports,kayo,False,,,0,0,0,0,False,ghost,sidearm,,,,Chronicle,Team Vitality,chamber,False,,,0,5,1,0,False,classic,sidearm,,,,Derke,Team Vitality,neon,False,,,0,0,0,3,False,sheriff,sidearm,,,,Jamppi,Team Vitality,kayo,False,,,0,0,0,2,False,ghost,sidearm,,,,Sayonara,Team Vitality,sova,False,,25,0,0,1,0,False,classic,sidearm,,,,PROFEK,Team Vitality,astra,False,,,0,0,0,0,False,ghost,sidearm,,,
389.956,587,POST_ROUND,1,1,1,,,100.634,s0pp,FUT Esports,chamber,False,,,0,1,0,3,False,unknown,unknown,,0.8422,0.3489,xeus,FUT Esports,jett,False,,,1,0,0,2,False,unknown,unknown,,,,sociablEE,FUT Esports,fade,False,,,1,0,1,0,False,ghost,sidearm,,,,yetujey,FUT Esports,astra,False,,,0,0,0,0,False,ghost,sidearm,,,,KROSTALY,FUT Esports,kayo,False,,,0,0,0,0,False,ghost,sidearm,,,,Chronicle,Team Vitality,chamber,False,,,0,5,1,0,False,classic,sidearm,,,,Derke,Team Vitality,neon,False,,,0,0,0,3,False,sheriff,sidearm,,,,Jamppi,Team Vitality,kayo,False,,,0,0,0,2,False,ghost,sidearm,,,,Sayonara,Team Vitality,sova,False,,25,0,0,1,0,False,classic,sidearm,,,,PROFEK,Team Vitality,astra,False,,,0,0,0,0,False,ghost,sidearm,,,
390.440,588,POST_ROUND,1,1,1,,,101.118,s0pp,FUT Esports,chamber,False,,,0,1,0,3,False,unknown,unknown,,0.8422,0.3489,xeus,FUT Esports,jett,False,,,1,0,0,2,False,unknown,unknown,,,,sociablEE,FUT Esports,fade,False,,,1,0,1,0,False,ghost,sidearm,,,,yetujey,FUT Esports,astra,False,,,0,0,0,0,False,ghost,sidearm,,,,KROSTALY,FUT Esports,kayo,False,,,0,0,0,0,False,ghost,sidearm,,,,Chronicle,Team Vitality,chamber,False,,,0,5,1,0,False,classic,sidearm,,,,Derke,Team Vitality,neon,False,,,0,0,0,3,False,sheriff,sidearm,,,,Jamppi,Team Vitality,kayo,False,,,0,0,0,2,False,ghost,sidearm,,,,Sayonara,Team Vitality,sova,False,,25,0,0,1,0,False,classic,sidearm,,,,PROFEK,Team Vitality,astra,False,,,0,0,0,0,False,ghost,sidearm,,,
390.924,589,POST_ROUND,1,1,1,,,101.602,s0pp,FUT Esports,chamber,False,,,0,1,0,3,False,unknown,unknown,,0.8422,0.3489,xeus,FUT Esports,jett,False,,,1,0,0,2,False,unknown,unknown,,,,sociablEE,FUT Esports,fade,False,,,1,0,1,0,False,ghost,sidearm,,,,yetujey,FUT Esports,astra,False,,,0,0,0,0,False,ghost,sidearm,,,,KROSTALY,FUT Esports,kayo,False,,,0,0,0,0,False,ghost,sidearm,,,,Chronicle,Team Vitality,chamber,False,,,0,5,1,0,False,classic,sidearm,,,,Derke,Team Vitality,neon,False,,,0,0,0,3,False,sheriff,sidearm,,,,Jamppi,Team Vitality,kayo,False,,,0,0,0,2,False,ghost,sidearm,,,,Sayonara,Team Vitality,sova,False,,25,0,0,1,0,False,classic,sidearm,,,,PROFEK,Team Vitality,astra,False,,,0,0,0,0,False,ghost,sidearm,,,
391.408,590,POST_ROUND,1,1,1,,,102.085,s0pp,FUT Esports,chamber,False,,,0,1,0,3,False,unknown,unknown,,0.8422,0.3489,xeus,FUT Esports,jett,False,,,1,0,0,2,False,unknown,unknown,,,,sociablEE,FUT Esports,fade,False,,,1,0,1,0,False,ghost,sidearm,,,,yetujey,FUT Esports,astra,False,,,0,0,0,0,False,ghost,sidearm,,,,KROSTALY,FUT Esports,kayo,False,,,0,0,0,0,False,ghost,sidearm,,,,Chronicle,Team Vitality,chamber,False,,,0,5,1,0,False,classic,sidearm,,,,Derke,Team Vitality,neon,False,,,0,0,0,3,False,sheriff,sidearm,,,,Jamppi,Team Vitality,kayo,False,,,0,0,0,2,False,ghost,sidearm,,,,Sayonara,Team Vitality,sova,False,,25,0,0,1,0,False,classic,sidearm,,,,PROFEK,Team Vitality,astra,False,,,0,0,0,0,False,ghost,sidearm,,,
391.892,591,POST_ROUND,1,1,1,,,102.569,s0pp,FUT Esports,chamber,False,,,0,1,0,3,False,unknown,unknown,,0.8422,0.3489,xeus,FUT Esports,jett,False,,,1,0,0,2,False,unknown,unknown,,,,sociablEE,FUT Esports,fade,False,,,1,0,1,0,False,ghost,sidearm,,,,yetujey,FUT Esports,astra,False,,,0,0,0,0,False,ghost,sidearm,,,,KROSTALY,FUT Esports,kayo,False,,,0,0,0,0,False,ghost,sidearm,,,,Chronicle,Team Vitality,chamber,False,,,0,5,1,0,False,classic,sidearm,,,,Derke,Team Vitality,neon,False,,,0,0,0,3,False,sheriff,sidearm,,,,Jamppi,Team Vitality,kayo,False,,,0,0,0,2,False,ghost,sidearm,,,,Sayonara,Team Vitality,sova,False,,25,0,0,1,0,False,classic,sidearm,,,,PROFEK,Team Vitality,astra,False,,,0,0,0,0,False,ghost,sidearm,,,
392.375,592,POST_ROUND,1,1,1,,,103.053,s0pp,FUT Esports,chamber,False,,,0,1,0,3,False,unknown,unknown,,0.8422,0.3489,xeus,FUT Esports,jett,False,,,1,0,0,2,False,unknown,unknown,,,,sociablEE,FUT Esports,fade,False,,,1,0,1,0,False,ghost,sidearm,,,,yetujey,FUT Esports,astra,False,,,0,0,0,0,False,ghost,sidearm,,,,KROSTALY,FUT Esports,kayo,False,,,0,0,0,0,False,ghost,sidearm,,,,Chronicle,Team Vitality,chamber,False,,,0,5,1,0,False,classic,sidearm,,,,Derke,Team Vitality,neon,False,,,0,0,0,3,False,sheriff,sidearm,,,,Jamppi,Team Vitality,kayo,False,,,0,0,0,2,False,ghost,sidearm,,,,Sayonara,Team Vitality,sova,False,,25,0,0,1,0,False,classic,sidearm,,,,PROFEK,Team Vitality,astra,False,,,0,0,0,0,False,ghost,sidearm,,,
392.859,593,POST_ROUND,1,1,1,,,103.537,s0pp,FUT Esports,chamber,False,,,0,1,0,3,False,unknown,unknown,,0.8422,0.3489,xeus,FUT Esports,jett,False,,,1,0,0,2,False,unknown,unknown,,,,sociablEE,FUT Esports,fade,False,,,1,0,1,0,False,ghost,sidearm,,,,yetujey,FUT Esports,astra,False,,,0,0,0,0,False,ghost,sidearm,,,,KROSTALY,FUT Esports,kayo,False,,,0,0,0,0,False,ghost,sidearm,,,,Chronicle,Team Vitality,chamber,False,,,0,5,1,0,False,classic,sidearm,,,,Derke,Team Vitality,neon,False,,,0,0,0,3,False,sheriff,sidearm,,,,Jamppi,Team Vitality,kayo,False,,,0,0,0,2,False,ghost,sidearm,,,,Sayonara,Team Vitality,sova,False,,25,0,0,1,0,False,classic,sidearm,,,,PROFEK,Team Vitality,astra,False,,,0,0,0,0,False,ghost,sidearm,,,
393.343,594,POST_ROUND,1,1,1,,,104.021,s0pp,FUT Esports,chamber,False,,,0,1,0,3,False,unknown,unknown,,0.8422,0.3489,xeus,FUT Esports,jett,False,,,1,0,0,2,False,unknown,unknown,,,,sociablEE,FUT Esports,fade,False,,,1,0,1,0,False,ghost,sidearm,,,,yetujey,FUT Esports,astra,False,,,0,0,0,0,False,ghost,sidearm,,,,KROSTALY,FUT Esports,kayo,False,,,0,0,0,0,False,ghost,sidearm,,,,Chronicle,Team Vitality,chamber,False,,,0,5,1,0,False,classic,sidearm,,,,Derke,Team Vitality,neon,False,,,0,0,0,3,False,sheriff,sidearm,,,,Jamppi,Team Vitality,kayo,False,,,0,0,0,2,False,ghost,sidearm,,,,Sayonara,Team Vitality,sova,False,,25,0,0,1,0,False,classic,sidearm,,,,PROFEK,Team Vitality,astra,False,,,0,0,0,0,False,ghost,sidearm,,,
393.827,595,POST_ROUND,1,1,1,,,104.504,s0pp,FUT Esports,chamber,False,,,0,1,0,3,False,unknown,unknown,,0.8422,0.3489,xeus,FUT Esports,jett,False,,,1,0,0,2,False,unknown,unknown,,,,sociablEE,FUT Esports,fade,False,,,1,0,1,0,False,ghost,sidearm,,,,yetujey,FUT Esports,astra,False,,,0,0,0,0,False,ghost,sidearm,,,,KROSTALY,FUT Esports,kayo,False,,,0,0,0,0,False,ghost,sidearm,,,,Chronicle,Team Vitality,chamber,False,,,0,5,1,0,False,classic,sidearm,,,,Derke,Team Vitality,neon,False,,,0,0,0,3,False,sheriff,sidearm,,,,Jamppi,Team Vitality,kayo,False,,,0,0,0,2,False,ghost,sidearm,,,,Sayonara,Team Vitality,sova,False,,25,0,0,1,0,False,classic,sidearm,,,,PROFEK,Team Vitality,astra,False,,,0,0,0,0,False,ghost,sidearm,,,
394.311,596,POST_ROUND,1,1,1,,,104.988,s0pp,FUT Esports,chamber,False,,,0,1,0,3,False,unknown,unknown,,0.8422,0.3489,xeus,FUT Esports,jett,False,,,1,0,0,2,False,unknown,unknown,,,,sociablEE,FUT Esports,fade,False,,,1,0,1,0,False,ghost,sidearm,,,,yetujey,FUT Esports,astra,False,,,0,0,0,0,False,ghost,sidearm,,,,KROSTALY,FUT Esports,kayo,False,,,0,0,0,0,False,ghost,sidearm,,,,Chronicle,Team Vitality,chamber,False,,,0,5,1,0,False,classic,sidearm,,,,Derke,Team Vitality,neon,False,,,0,0,0,3,False,sheriff,sidearm,,,,Jamppi,Team Vitality,kayo,False,,,0,0,0,2,False,ghost,sidearm,,,,Sayonara,Team Vitality,sova,False,,25,0,0,1,0,False,classic,sidearm,,,,PROFEK,Team Vitality,astra,False,,,0,0,0,0,False,ghost,sidearm,,,
394.794,597,POST_ROUND,1,1,1,,,105.472,s0pp,FUT Esports,chamber,False,,,0,1,0,3,False,unknown,unknown,,0.8422,0.3489,xeus,FUT Esports,jett,False,,,1,0,0,2,False,unknown,unknown,,,,sociablEE,FUT Esports,fade,False,,,1,0,1,0,False,ghost,sidearm,,,,yetujey,FUT Esports,astra,False,,,0,0,0,0,False,ghost,sidearm,,,,KROSTALY,FUT Esports,kayo,False,,,0,0,0,0,False,ghost,sidearm,,,,Chronicle,Team Vitality,chamber,False,,,0,5,1,0,False,classic,sidearm,,,,Derke,Team Vitality,neon,False,,,0,0,0,3,False,sheriff,sidearm,,,,Jamppi,Team Vitality,kayo,False,,,0,0,0,2,False,ghost,sidearm,,,,Sayonara,Team Vitality,sova,False,,25,0,0,1,0,False,classic,sidearm,,,,PROFEK,Team Vitality,astra,False,,,0,0,0,0,False,ghost,sidearm,,,
395.278,598,POST_ROUND,1,1,1,,,105.956,s0pp,FUT Esports,chamber,False,,,0,1,0,3,False,unknown,unknown,,0.8422,0.3489,xeus,FUT Esports,jett,False,,,1,0,0,2,False,unknown,unknown,,,,sociablEE,FUT Esports,fade,False,,,1,0,1,0,False,ghost,sidearm,,,,yetujey,FUT Esports,astra,False,,,0,0,0,0,False,ghost,sidearm,,,,KROSTALY,FUT Esports,kayo,False,,,0,0,0,0,False,ghost,sidearm,,,,Chronicle,Team Vitality,chamber,False,,,0,5,1,0,False,classic,sidearm,,,,Derke,Team Vitality,neon,False,,,0,0,0,3,False,sheriff,sidearm,,,,Jamppi,Team Vitality,kayo,False,,,0,0,0,2,False,ghost,sidearm,,,,Sayonara,Team Vitality,sova,False,,25,0,0,1,0,False,classic,sidearm,,,,PROFEK,Team Vitality,astra,False,,,0,0,0,0,False,ghost,sidearm,,,
395.762,599,POST_ROUND,1,1,1,,,106.440,s0pp,FUT Esports,chamber,False,,,0,1,0,3,False,unknown,unknown,,0.8422,0.3489,xeus,FUT Esports,jett,False,,,1,0,0,2,False,unknown,unknown,,,,sociablEE,FUT Esports,fade,False,,,1,0,1,0,False,ghost,sidearm,,,,yetujey,FUT Esports,astra,False,,,0,0,0,0,False,ghost,sidearm,,,,KROSTALY,FUT Esports,kayo,False,,,0,0,0,0,False,ghost,sidearm,,,,Chronicle,Team Vitality,chamber,False,,,0,5,1,0,False,classic,sidearm,,,,Derke,Team Vitality,neon,False,,,0,0,0,3,False,sheriff,sidearm,,,,Jamppi,Team Vitality,kayo,False,,,0,0,0,2,False,ghost,sidearm,,,,Sayonara,Team Vitality,sova,False,,25,0,0,1,0,False,classic,sidearm,,,,PROFEK,Team Vitality,astra,False,,,0,0,0,0,False,ghost,sidearm,,,
396.246,600,POST_ROUND,1,1,1,,,106.923,s0pp,FUT Esports,chamber,False,,,0,1,0,3,False,unknown,unknown,,0.8422,0.3489,xeus,FUT Esports,jett,False,,,1,0,0,2,False,unknown,unknown,,,,sociablEE,FUT Esports,fade,False,,,1,0,1,0,False,ghost,sidearm,,,,yetujey,FUT Esports,astra,False,,,0,0,0,0,False,ghost,sidearm,,,,KROSTALY,FUT Esports,kayo,False,,,0,0,0,0,False,ghost,sidearm,,,,Chronicle,Team Vitality,chamber,False,,,0,5,1,0,False,classic,sidearm,,,,Derke,Team Vitality,neon,False,,,0,0,0,3,False,sheriff,sidearm,,,,Jamppi,Team Vitality,kayo,False,,,0,0,0,2,False,ghost,sidearm,,,,Sayonara,Team Vitality,sova,False,,25,0,0,1,0,False,classic,sidearm,,,,PROFEK,Team Vitality,astra,False,,,0,0,0,0,False,ghost,sidearm,,,
405.922,620,POST_ROUND,1,1,1,,,116.600,s0pp,FUT Esports,chamber,False,,,0,1,0,3,False,unknown,unknown,,0.8422,0.3489,xeus,FUT Esports,jett,False,,,1,0,0,2,False,unknown,unknown,,,,sociablEE,FUT Esports,fade,False,,,1,0,1,0,False,ghost,sidearm,,,,yetujey,FUT Esports,astra,False,,,0,0,0,0,False,ghost,sidearm,,,,KROSTALY,FUT Esports,kayo,False,,,0,0,0,0,False,ghost,sidearm,,,,Chronicle,Team Vitality,chamber,False,,,0,5,1,0,False,classic,sidearm,,,,Derke,Team Vitality,neon,False,,,0,0,0,3,False,sheriff,sidearm,,,,Jamppi,Team Vitality,kayo,False,,,0,0,0,2,False,ghost,sidearm,,,,Sayonara,Team Vitality,sova,False,,25,0,0,1,0,False,classic,sidearm,,,,PROFEK,Team Vitality,astra,False,,,0,0,0,0,False,ghost,sidearm,,,
406.406,621,POST_ROUND,1,1,1,,,117.084,s0pp,FUT Esports,chamber,False,,,0,1,0,3,False,unknown,unknown,,0.8422,0.3489,xeus,FUT Esports,jett,False,,,1,0,0,2,False,unknown,unknown,,,,sociablEE,FUT Esports,fade,False,,,1,0,1,0,False,ghost,sidearm,,,,yetujey,FUT Esports,astra,False,,,0,0,0,0,False,ghost,sidearm,,,,KROSTALY,FUT Esports,kayo,False,,,0,0,0,0,False,ghost,sidearm,,,,Chronicle,Team Vitality,chamber,False,,,0,5,1,0,False,classic,sidearm,,,,Derke,Team Vitality,neon,False,,,0,0,0,3,False,sheriff,sidearm,,,,Jamppi,Team Vitality,kayo,False,,,0,0,0,2,False,ghost,sidearm,,,,Sayonara,Team Vitality,sova,False,,25,0,0,1,0,False,classic,sidearm,,,,PROFEK,Team Vitality,astra,False,,,0,0,0,0,False,ghost,sidearm,,,
406.890,622,POST_ROUND,1,1,1,,,117.567,s0pp,FUT Esports,chamber,False,,,0,1,0,3,False,unknown,unknown,,0.8422,0.3489,xeus,FUT Esports,jett,False,,,1,0,0,2,False,unknown,unknown,,,,sociablEE,FUT Esports,fade,False,,,1,0,1,0,False,ghost,sidearm,,,,yetujey,FUT Esports,astra,False,,,0,0,0,0,False,ghost,sidearm,,,,KROSTALY,FUT Esports,kayo,False,,,0,0,0,0,False,ghost,sidearm,,,,Chronicle,Team Vitality,chamber,False,,,0,5,1,0,False,classic,sidearm,,,,Derke,Team Vitality,neon,False,,,0,0,0,3,False,sheriff,sidearm,,,,Jamppi,Team Vitality,kayo,False,,,0,0,0,2,False,ghost,sidearm,,,,Sayonara,Team Vitality,sova,False,,25,0,0,1,0,False,classic,sidearm,,,,PROFEK,Team Vitality,astra,False,,,0,0,0,0,False,ghost,sidearm,,,
407.374,623,POST_ROUND,1,1,1,,,118.051,s0pp,FUT Esports,chamber,False,,,0,1,0,3,False,unknown,unknown,,0.8422,0.3489,xeus,FUT Esports,jett,False,,,1,0,0,2,False,unknown,unknown,,,,sociablEE,FUT Esports,fade,False,,,1,0,1,0,False,ghost,sidearm,,,,yetujey,FUT Esports,astra,False,,,0,0,0,0,False,ghost,sidearm,,,,KROSTALY,FUT Esports,kayo,False,,,0,0,0,0,False,ghost,sidearm,,,,Chronicle,Team Vitality,chamber,False,,,0,5,1,0,False,classic,sidearm,,,,Derke,Team Vitality,neon,False,,,0,0,0,3,False,sheriff,sidearm,,,,Jamppi,Team Vitality,kayo,False,,,0,0,0,2,False,ghost,sidearm,,,,Sayonara,Team Vitality,sova,False,,25,0,0,1,0,False,classic,sidearm,,,,PROFEK,Team Vitality,astra,False,,,0,0,0,0,False,ghost,sidearm,,,
407.857,624,POST_ROUND,1,1,1,,,118.535,s0pp,FUT Esports,chamber,False,,,0,1,0,3,False,unknown,unknown,,0.8422,0.3489,xeus,FUT Esports,jett,False,,,1,0,0,2,False,unknown,unknown,,,,sociablEE,FUT Esports,fade,False,,,1,0,1,0,False,ghost,sidearm,,,,yetujey,FUT Esports,astra,False,,,0,0,0,0,False,ghost,sidearm,,,,KROSTALY,FUT Esports,kayo,False,,,0,0,0,0,False,ghost,sidearm,,,,Chronicle,Team Vitality,chamber,False,,,0,5,1,0,False,classic,sidearm,,,,Derke,Team Vitality,neon,False,,,0,0,0,3,False,sheriff,sidearm,,,,Jamppi,Team Vitality,kayo,False,,,0,0,0,2,False,ghost,sidearm,,,,Sayonara,Team Vitality,sova,False,,25,0,0,1,0,False,classic,sidearm,,,,PROFEK,Team Vitality,astra,False,,,0,0,0,0,False,ghost,sidearm,,,
408.341,625,POST_ROUND,1,1,1,,,119.019,s0pp,FUT Esports,chamber,False,,,0,1,0,3,False,unknown,unknown,,0.8422,0.3489,xeus,FUT Esports,jett,False,,,1,0,0,2,False,unknown,unknown,,,,sociablEE,FUT Esports,fade,False,,,1,0,1,0,False,ghost,sidearm,,,,yetujey,FUT Esports,astra,False,,,0,0,0,0,False,ghost,sidearm,,,,KROSTALY,FUT Esports,kayo,False,,,0,0,0,0,False,ghost,sidearm,,,,Chronicle,Team Vitality,chamber,False,,,0,5,1,0,False,classic,sidearm,,,,Derke,Team Vitality,neon,False,,,0,0,0,3,False,sheriff,sidearm,,,,Jamppi,Team Vitality,kayo,False,,,0,0,0,2,False,ghost,sidearm,,,,Sayonara,Team Vitality,sova,False,,25,0,0,1,0,False,classic,sidearm,,,,PROFEK,Team Vitality,astra,False,,,0,0,0,0,False,ghost,sidearm,,,
408.825,626,POST_ROUND,1,1,1,,,119.503,s0pp,FUT Esports,chamber,False,,,0,1,0,3,False,unknown,unknown,,0.8422,0.3489,xeus,FUT Esports,jett,False,,,1,0,0,2,False,unknown,unknown,,,,sociablEE,FUT Esports,fade,False,,,1,0,1,0,False,ghost,sidearm,,,,yetujey,FUT Esports,astra,False,,,0,0,0,0,False,ghost,sidearm,,,,KROSTALY,FUT Esports,kayo,False,,,0,0,0,0,False,ghost,sidearm,,,,Chronicle,Team Vitality,chamber,False,,,0,5,1,0,False,classic,sidearm,,,,Derke,Team Vitality,neon,False,,,0,0,0,3,False,sheriff,sidearm,,,,Jamppi,Team Vitality,kayo,False,,,0,0,0,2,False,ghost,sidearm,,,,Sayonara,Team Vitality,sova,False,,25,0,0,1,0,False,classic,sidearm,,,,PROFEK,Team Vitality,astra,False,,,0,0,0,0,False,ghost,sidearm,,,
409.309,627,POST_ROUND,1,1,1,,,119.987,s0pp,FUT Esports,chamber,False,,,0,1,0,3,False,unknown,unknown,,0.8422,0.3489,xeus,FUT Esports,jett,False,,,1,0,0,2,False,unknown,unknown,,,,sociablEE,FUT Esports,fade,False,,,1,0,1,0,False,ghost,sidearm,,,,yetujey,FUT Esports,astra,False,,,0,0,0,0,False,ghost,sidearm,,,,KROSTALY,FUT Esports,kayo,False,,,0,0,0,0,False,ghost,sidearm,,,,Chronicle,Team Vitality,chamber,False,,,0,5,1,0,False,classic,sidearm,,,,Derke,Team Vitality,neon,False,,,0,0,0,3,False,sheriff,sidearm,,,,Jamppi,Team Vitality,kayo,False,,,0,0,0,2,False,ghost,sidearm,,,,Sayonara,Team Vitality,sova,False,,25,0,0,1,0,False,classic,sidearm,,,,PROFEK,Team Vitality,astra,False,,,0,0,0,0,False,ghost,sidearm,,,
409.793,628,POST_ROUND,1,1,1,,,120.470,s0pp,FUT Esports,chamber,False,,,0,1,0,3,False,unknown,unknown,,0.8422,0.3489,xeus,FUT Esports,jett,False,,,1,0,0,2,False,unknown,unknown,,,,sociablEE,FUT Esports,fade,False,,,1,0,1,0,False,ghost,sidearm,,,,yetujey,FUT Esports,astra,False,,,0,0,0,0,False,ghost,sidearm,,,,KROSTALY,FUT Esports,kayo,False,,,0,0,0,0,False,ghost,sidearm,,,,Chronicle,Team Vitality,chamber,False,,,0,5,1,0,False,classic,sidearm,,,,Derke,Team Vitality,neon,False,,,0,0,0,3,False,sheriff,sidearm,,,,Jamppi,Team Vitality,kayo,False,,,0,0,0,2,False,ghost,sidearm,,,,Sayonara,Team Vitality,sova,False,,25,0,0,1,0,False,classic,sidearm,,,,PROFEK,Team Vitality,astra,False,,,0,0,0,0,False,ghost,sidearm,,,
410.277,629,POST_ROUND,1,1,1,,,120.954,s0pp,FUT Esports,chamber,False,,,0,1,0,3,False,unknown,unknown,,0.8422,0.3489,xeus,FUT Esports,jett,False,,,1,0,0,2,False,unknown,unknown,,,,sociablEE,FUT Esports,fade,False,,,1,0,1,0,False,ghost,sidearm,,,,yetujey,FUT Esports,astra,False,,,0,0,0,0,False,ghost,sidearm,,,,KROSTALY,FUT Esports,kayo,False,,,0,0,0,0,False,ghost,sidearm,,,,Chronicle,Team Vitality,chamber,False,,,0,5,1,0,False,classic,sidearm,,,,Derke,Team Vitality,neon,False,,,0,0,0,3,False,sheriff,sidearm,,,,Jamppi,Team Vitality,kayo,False,,,0,0,0,2,False,ghost,sidearm,,,,Sayonara,Team Vitality,sova,False,,25,0,0,1,0,False,classic,sidearm,,,,PROFEK,Team Vitality,astra,False,,,0,0,0,0,False,ghost,sidearm,,,
410.760,630,POST_ROUND,1,1,1,,,121.438,s0pp,FUT Esports,chamber,False,,,0,1,0,3,False,unknown,unknown,,0.8422,0.3489,xeus,FUT Esports,jett,False,,,1,0,0,2,False,unknown,unknown,,,,sociablEE,FUT Esports,fade,False,,,1,0,1,0,False,ghost,sidearm,,,,yetujey,FUT Esports,astra,False,,,0,0,0,0,False,ghost,sidearm,,,,KROSTALY,FUT Esports,kayo,False,,,0,0,0,0,False,ghost,sidearm,,,,Chronicle,Team Vitality,chamber,False,,,0,5,1,0,False,classic,sidearm,,,,Derke,Team Vitality,neon,False,,,0,0,0,3,False,sheriff,sidearm,,,,Jamppi,Team Vitality,kayo,False,,,0,0,0,2,False,ghost,sidearm,,,,Sayonara,Team Vitality,sova,False,,25,0,0,1,0,False,classic,sidearm,,,,PROFEK,Team Vitality,astra,False,,,0,0,0,0,False,ghost,sidearm,,,
411.244,631,POST_ROUND,1,1,1,,,121.922,s0pp,FUT Esports,chamber,False,,,0,1,0,3,False,unknown,unknown,,0.8422,0.3489,xeus,FUT Esports,jett,False,,,1,0,0,2,False,unknown,unknown,,,,sociablEE,FUT Esports,fade,False,,,1,0,1,0,False,ghost,sidearm,,,,yetujey,FUT Esports,astra,False,,,0,0,0,0,False,ghost,sidearm,,,,KROSTALY,FUT Esports,kayo,False,,,0,0,0,0,False,ghost,sidearm,,,,Chronicle,Team Vitality,chamber,False,,,0,5,1,0,False,classic,sidearm,,,,Derke,Team Vitality,neon,False,,,0,0,0,3,False,sheriff,sidearm,,,,Jamppi,Team Vitality,kayo,False,,,0,0,0,2,False,ghost,sidearm,,,,Sayonara,Team Vitality,sova,False,,25,0,0,1,0,False,classic,sidearm,,,,PROFEK,Team Vitality,astra,False,,,0,0,0,0,False,ghost,sidearm,,,
411.728,632,POST_ROUND,1,1,1,,,122.406,s0pp,FUT Esports,chamber,False,,,0,1,0,3,False,unknown,unknown,,0.8422,0.3489,xeus,FUT Esports,jett,False,,,1,0,0,2,False,unknown,unknown,,,,sociablEE,FUT Esports,fade,False,,,1,0,1,0,False,ghost,sidearm,,,,yetujey,FUT Esports,astra,False,,,0,0,0,0,False,ghost,sidearm,,,,KROSTALY,FUT Esports,kayo,False,,,0,0,0,0,False,ghost,sidearm,,,,Chronicle,Team Vitality,chamber,False,,,0,5,1,0,False,classic,sidearm,,,,Derke,Team Vitality,neon,False,,,0,0,0,3,False,sheriff,sidearm,,,,Jamppi,Team Vitality,kayo,False,,,0,0,0,2,False,ghost,sidearm,,,,Sayonara,Team Vitality,sova,False,,25,0,0,1,0,False,classic,sidearm,,,,PROFEK,Team Vitality,astra,False,,,0,0,0,0,False,ghost,sidearm,,,
412.212,633,POST_ROUND,1,1,1,,,122.889,s0pp,FUT Esports,chamber,False,,,0,1,0,3,False,unknown,unknown,,0.8422,0.3489,xeus,FUT Esports,jett,False,,,1,0,0,2,False,unknown,unknown,,,,sociablEE,FUT Esports,fade,False,,,1,0,1,0,False,ghost,sidearm,,,,yetujey,FUT Esports,astra,False,,,0,0,0,0,False,ghost,sidearm,,,,KROSTALY,FUT Esports,kayo,False,,,0,0,0,0,False,ghost,sidearm,,,,Chronicle,Team Vitality,chamber,False,,,0,5,1,0,False,classic,sidearm,,,,Derke,Team Vitality,neon,False,,,0,0,0,3,False,sheriff,sidearm,,,,Jamppi,Team Vitality,kayo,False,,,0,0,0,2,False,ghost,sidearm,,,,Sayonara,Team Vitality,sova,False,,25,0,0,1,0,False,classic,sidearm,,,,PROFEK,Team Vitality,astra,False,,,0,0,0,0,False,ghost,sidearm,,,
412.696,634,POST_ROUND,1,1,1,,,123.373,s0pp,FUT Esports,chamber,False,,,0,1,0,3,False,unknown,unknown,,0.8422,0.3489,xeus,FUT Esports,jett,False,,,1,0,0,2,False,unknown,unknown,,,,sociablEE,FUT Esports,fade,False,,,1,0,1,0,False,ghost,sidearm,,,,yetujey,FUT Esports,astra,False,,,0,0,0,0,False,ghost,sidearm,,,,KROSTALY,FUT Esports,kayo,False,,,0,0,0,0,False,ghost,sidearm,,,,Chronicle,Team Vitality,chamber,False,,,0,5,1,0,False,classic,sidearm,,,,Derke,Team Vitality,neon,False,,,0,0,0,3,False,sheriff,sidearm,,,,Jamppi,Team Vitality,kayo,False,,,0,0,0,2,False,ghost,sidearm,,,,Sayonara,Team Vitality,sova,False,,25,0,0,1,0,False,classic,sidearm,,,,PROFEK,Team Vitality,astra,False,,,0,0,0,0,False,ghost,sidearm,,,
413.179,635,POST_ROUND,1,1,1,,,123.857,s0pp,FUT Esports,chamber,False,,,0,1,0,3,False,unknown,unknown,,0.8422,0.3489,xeus,FUT Esports,jett,False,,,1,0,0,2,False,unknown,unknown,,,,sociablEE,FUT Esports,fade,False,,,1,0,1,0,False,ghost,sidearm,,,,yetujey,FUT Esports,astra,False,,,0,0,0,0,False,ghost,sidearm,,,,KROSTALY,FUT Esports,kayo,False,,,0,0,0,0,False,ghost,sidearm,,,,Chronicle,Team Vitality,chamber,False,,,0,5,1,0,False,classic,sidearm,,,,Derke,Team Vitality,neon,False,,,0,0,0,3,False,sheriff,sidearm,,,,Jamppi,Team Vitality,kayo,False,,,0,0,0,2,False,ghost,sidearm,,,,Sayonara,Team Vitality,sova,False,,25,0,0,1,0,False,classic,sidearm,,,,PROFEK,Team Vitality,astra,False,,,0,0,0,0,False,ghost,sidearm,,,
413.663,636,POST_ROUND,1,1,1,,,124.341,s0pp,FUT Esports,chamber,False,,,0,1,0,3,False,unknown,unknown,,0.8422,0.3489,xeus,FUT Esports,jett,False,,,1,0,0,2,False,unknown,unknown,,,,sociablEE,FUT Esports,fade,False,,,1,0,1,0,False,ghost,sidearm,,,,yetujey,FUT Esports,astra,False,,,0,0,0,0,False,ghost,sidearm,,,,KROSTALY,FUT Esports,kayo,False,,,0,0,0,0,False,ghost,sidearm,,,,Chronicle,Team Vitality,chamber,False,,,0,5,1,0,False,classic,sidearm,,,,Derke,Team Vitality,neon,False,,,0,0,0,3,False,sheriff,sidearm,,,,Jamppi,Team Vitality,kayo,False,,,0,0,0,2,False,ghost,sidearm,,,,Sayonara,Team Vitality,sova,False,,25,0,0,1,0,False,classic,sidearm,,,,PROFEK,Team Vitality,astra,False,,,0,0,0,0,False,ghost,sidearm,,,
414.147,637,POST_ROUND,1,1,1,,,124.825,s0pp,FUT Esports,chamber,False,,,0,1,0,3,False,unknown,unknown,,0.8422,0.3489,xeus,FUT Esports,jett,False,,,1,0,0,2,False,unknown,unknown,,,,sociablEE,FUT Esports,fade,False,,,1,0,1,0,False,ghost,sidearm,,,,yetujey,FUT Esports,astra,False,,,0,0,0,0,False,ghost,sidearm,,,,KROSTALY,FUT Esports,kayo,False,,,0,0,0,0,False,ghost,sidearm,,,,Chronicle,Team Vitality,chamber,False,,,0,5,1,0,False,classic,sidearm,,,,Derke,Team Vitality,neon,False,,,0,0,0,3,False,sheriff,sidearm,,,,Jamppi,Team Vitality,kayo,False,,,0,0,0,2,False,ghost,sidearm,,,,Sayonara,Team Vitality,sova,False,,25,0,0,1,0,False,classic,sidearm,,,,PROFEK,Team Vitality,astra,False,,,0,0,0,0,False,ghost,sidearm,,,
414.631,638,POST_ROUND,1,1,1,,,125.309,s0pp,FUT Esports,chamber,False,,,0,1,0,3,False,unknown,unknown,,0.8422,0.3489,xeus,FUT Esports,jett,False,,,1,0,0,2,False,unknown,unknown,,,,sociablEE,FUT Esports,fade,False,,,1,0,1,0,False,ghost,sidearm,,,,yetujey,FUT Esports,astra,False,,,0,0,0,0,False,ghost,sidearm,,,,KROSTALY,FUT Esports,kayo,False,,,0,0,0,0,False,ghost,sidearm,,,,Chronicle,Team Vitality,chamber,False,,,0,5,1,0,False,classic,sidearm,,,,Derke,Team Vitality,neon,False,,,0,0,0,3,False,sheriff,sidearm,,,,Jamppi,Team Vitality,kayo,False,,,0,0,0,2,False,ghost,sidearm,,,,Sayonara,Team Vitality,sova,False,,25,0,0,1,0,False,classic,sidearm,,,,PROFEK,Team Vitality,astra,False,,,0,0,0,0,False,ghost,sidearm,,,
415.115,639,POST_ROUND,1,1,1,,,125.792,s0pp,FUT Esports,chamber,False,,,0,1,0,3,False,unknown,unknown,,0.8422,0.3489,xeus,FUT Esports,jett,False,,,1,0,0,2,False,unknown,unknown,,,,sociablEE,FUT Esports,fade,False,,,1,0,1,0,False,ghost,sidearm,,,,yetujey,FUT Esports,astra,False,,,0,0,0,0,False,ghost,sidearm,,,,KROSTALY,FUT Esports,kayo,False,,,0,0,0,0,False,ghost,sidearm,,,,Chronicle,Team Vitality,chamber,False,,,0,5,1,0,False,classic,sidearm,,,,Derke,Team Vitality,neon,False,,,0,0,0,3,False,sheriff,sidearm,,,,Jamppi,Team Vitality,kayo,False,,,0,0,0,2,False,ghost,sidearm,,,,Sayonara,Team Vitality,sova,False,,25,0,0,1,0,False,classic,sidearm,,,,PROFEK,Team Vitality,astra,False,,,0,0,0,0,False,ghost,sidearm,,,
415.599,640,POST_ROUND,1,1,1,,,126.276,s0pp,FUT Esports,chamber,False,,,0,1,0,3,False,unknown,unknown,,0.8422,0.3489,xeus,FUT Esports,jett,False,,,1,0,0,2,False,unknown,unknown,,,,sociablEE,FUT Esports,fade,False,,,1,0,1,0,False,ghost,sidearm,,,,yetujey,FUT Esports,astra,False,,,0,0,0,0,False,ghost,sidearm,,,,KROSTALY,FUT Esports,kayo,False,,,0,0,0,0,False,ghost,sidearm,,,,Chronicle,Team Vitality,chamber,False,,,0,5,1,0,False,classic,sidearm,,,,Derke,Team Vitality,neon,False,,,0,0,0,3,False,sheriff,sidearm,,,,Jamppi,Team Vitality,kayo,False,,,0,0,0,2,False,ghost,sidearm,,,,Sayonara,Team Vitality,sova,False,,25,0,0,1,0,False,classic,sidearm,,,,PROFEK,Team Vitality,astra,False,,,0,0,0,0,False,ghost,sidearm,,,
416.082,641,POST_ROUND,1,1,1,,,126.760,s0pp,FUT Esports,chamber,False,,,0,1,0,3,False,unknown,unknown,,0.8422,0.3489,xeus,FUT Esports,jett,False,,,1,0,0,2,False,unknown,unknown,,,,sociablEE,FUT Esports,fade,False,,,1,0,1,0,False,ghost,sidearm,,,,yetujey,FUT Esports,astra,False,,,0,0,0,0,False,ghost,sidearm,,,,KROSTALY,FUT Esports,kayo,False,,,0,0,0,0,False,ghost,sidearm,,,,Chronicle,Team Vitality,chamber,False,,,0,5,1,0,False,classic,sidearm,,,,Derke,Team Vitality,neon,False,,,0,0,0,3,False,sheriff,sidearm,,,,Jamppi,Team Vitality,kayo,False,,,0,0,0,2,False,ghost,sidearm,,,,Sayonara,Team Vitality,sova,False,,25,0,0,1,0,False,classic,sidearm,,,,PROFEK,Team Vitality,astra,False,,,0,0,0,0,False,ghost,sidearm,,,
416.566,642,POST_ROUND,1,1,1,,,127.244,s0pp,FUT Esports,chamber,False,,,0,1,0,3,False,unknown,unknown,,0.8422,0.3489,xeus,FUT Esports,jett,False,,,1,0,0,2,False,unknown,unknown,,,,sociablEE,FUT Esports,fade,False,,,1,0,1,0,False,ghost,sidearm,,,,yetujey,FUT Esports,astra,False,,,0,0,0,0,False,ghost,sidearm,,,,KROSTALY,FUT Esports,kayo,False,,,0,0,0,0,False,ghost,sidearm,,,,Chronicle,Team Vitality,chamber,False,,,0,5,1,0,False,classic,sidearm,,,,Derke,Team Vitality,neon,False,,,0,0,0,3,False,sheriff,sidearm,,,,Jamppi,Team Vitality,kayo,False,,,0,0,0,2,False,ghost,sidearm,,,,Sayonara,Team Vitality,sova,False,,25,0,0,1,0,False,classic,sidearm,,,,PROFEK,Team Vitality,astra,False,,,0,0,0,0,False,ghost,sidearm,,,
417.050,643,POST_ROUND,1,1,1,,,127.728,s0pp,FUT Esports,chamber,False,,,0,1,0,3,False,unknown,unknown,,0.8422,0.3489,xeus,FUT Esports,jett,False,,,1,0,0,2,False,unknown,unknown,,,,sociablEE,FUT Esports,fade,False,,,1,0,1,0,False,ghost,sidearm,,,,yetujey,FUT Esports,astra,False,,,0,0,0,0,False,ghost,sidearm,,,,KROSTALY,FUT Esports,kayo,False,,,0,0,0,0,False,ghost,sidearm,,,,Chronicle,Team Vitality,chamber,False,,,0,5,1,0,False,classic,sidearm,,,,Derke,Team Vitality,neon,False,,,0,0,0,3,False,sheriff,sidearm,,,,Jamppi,Team Vitality,kayo,False,,,0,0,0,2,False,ghost,sidearm,,,,Sayonara,Team Vitality,sova,False,,25,0,0,1,0,False,classic,sidearm,,,,PROFEK,Team Vitality,astra,False,,,0,0,0,0,False,ghost,sidearm,,,
417.534,644,POST_ROUND,1,1,1,,,128.211,s0pp,FUT Esports,chamber,False,,,0,1,0,3,False,unknown,unknown,,0.8422,0.3489,xeus,FUT Esports,jett,False,,,1,0,0,2,False,unknown,unknown,,,,sociablEE,FUT Esports,fade,False,,,1,0,1,0,False,ghost,sidearm,,,,yetujey,FUT Esports,astra,False,,,0,0,0,0,False,ghost,sidearm,,,,KROSTALY,FUT Esports,kayo,False,,,0,0,0,0,False,ghost,sidearm,,,,Chronicle,Team Vitality,chamber,False,,,0,5,1,0,False,classic,sidearm,,,,Derke,Team Vitality,neon,False,,,0,0,0,3,False,sheriff,sidearm,,,,Jamppi,Team Vitality,kayo,False,,,0,0,0,2,False,ghost,sidearm,,,,Sayonara,Team Vitality,sova,False,,25,0,0,1,0,False,classic,sidearm,,,,PROFEK,Team Vitality,astra,False,,,0,0,0,0,False,ghost,sidearm,,,
418.018,645,POST_ROUND,1,1,1,,,128.695,s0pp,FUT Esports,chamber,False,,,0,1,0,3,False,unknown,unknown,,0.8422,0.3489,xeus,FUT Esports,jett,False,,,1,0,0,2,False,unknown,unknown,,,,sociablEE,FUT Esports,fade,False,,,1,0,1,0,False,ghost,sidearm,,,,yetujey,FUT Esports,astra,False,,,0,0,0,0,False,ghost,sidearm,,,,KROSTALY,FUT Esports,kayo,False,,,0,0,0,0,False,ghost,sidearm,,,,Chronicle,Team Vitality,chamber,False,,,0,5,1,0,False,classic,sidearm,,,,Derke,Team Vitality,neon,False,,,0,0,0,3,False,sheriff,sidearm,,,,Jamppi,Team Vitality,kayo,False,,,0,0,0,2,False,ghost,sidearm,,,,Sayonara,Team Vitality,sova,False,,25,0,0,1,0,False,classic,sidearm,,,,PROFEK,Team Vitality,astra,False,,,0,0,0,0,False,ghost,sidearm,,,
418.501,646,POST_ROUND,1,1,1,,,129.179,s0pp,FUT Esports,chamber,False,,,0,1,0,3,False,unknown,unknown,,0.8422,0.3489,xeus,FUT Esports,jett,False,,,1,0,0,2,False,unknown,unknown,,,,sociablEE,FUT Esports,fade,False,,,1,0,1,0,False,ghost,sidearm,,,,yetujey,FUT Esports,astra,False,,,0,0,0,0,False,ghost,sidearm,,,,KROSTALY,FUT Esports,kayo,False,,,0,0,0,0,False,ghost,sidearm,,,,Chronicle,Team Vitality,chamber,False,,,0,5,1,0,False,classic,sidearm,,,,Derke,Team Vitality,neon,False,,,0,0,0,3,False,sheriff,sidearm,,,,Jamppi,Team Vitality,kayo,False,,,0,0,0,2,False,ghost,sidearm,,,,Sayonara,Team Vitality,sova,False,,25,0,0,1,0,False,classic,sidearm,,,,PROFEK,Team Vitality,astra,False,,,0,0,0,0,False,ghost,sidearm,,,
418.985,647,POST_ROUND,1,1,1,,,129.663,s0pp,FUT Esports,chamber,False,,,0,1,0,3,False,unknown,unknown,,0.8422,0.3489,xeus,FUT Esports,jett,False,,,1,0,0,2,False,unknown,unknown,,,,sociablEE,FUT Esports,fade,False,,,1,0,1,0,False,ghost,sidearm,,,,yetujey,FUT Esports,astra,False,,,0,0,0,0,False,ghost,sidearm,,,,KROSTALY,FUT Esports,kayo,False,,,0,0,0,0,False,ghost,sidearm,,,,Chronicle,Team Vitality,chamber,False,,,0,5,1,0,False,classic,sidearm,,,,Derke,Team Vitality,neon,False,,,0,0,0,3,False,sheriff,sidearm,,,,Jamppi,Team Vitality,kayo,False,,,0,0,0,2,False,ghost,sidearm,,,,Sayonara,Team Vitality,sova,False,,25,0,0,1,0,False,classic,sidearm,,,,PROFEK,Team Vitality,astra,False,,,0,0,0,0,False,ghost,sidearm,,,
419.469,648,POST_ROUND,1,1,1,,,130.147,s0pp,FUT Esports,chamber,False,,,0,1,0,3,False,unknown,unknown,,0.8422,0.3489,xeus,FUT Esports,jett,False,,,1,0,0,2,False,unknown,unknown,,,,sociablEE,FUT Esports,fade,False,,,1,0,1,0,False,ghost,sidearm,,,,yetujey,FUT Esports,astra,False,,,0,0,0,0,False,ghost,sidearm,,,,KROSTALY,FUT Esports,kayo,False,,,0,0,0,0,False,ghost,sidearm,,,,Chronicle,Team Vitality,chamber,False,,,0,5,1,0,False,classic,sidearm,,,,Derke,Team Vitality,neon,False,,,0,0,0,3,False,sheriff,sidearm,,,,Jamppi,Team Vitality,kayo,False,,,0,0,0,2,False,ghost,sidearm,,,,Sayonara,Team Vitality,sova,False,,25,0,0,1,0,False,classic,sidearm,,,,PROFEK,Team Vitality,astra,False,,,0,0,0,0,False,ghost,sidearm,,,
419.953,649,POST_ROUND,1,1,1,,,130.631,s0pp,FUT Esports,chamber,False,,,0,1,0,3,False,unknown,unknown,,0.8422,0.3489,xeus,FUT Esports,jett,False,,,1,0,0,2,False,unknown,unknown,,,,sociablEE,FUT Esports,fade,False,,,1,0,1,0,False,ghost,sidearm,,,,yetujey,FUT Esports,astra,False,,,0,0,0,0,False,ghost,sidearm,,,,KROSTALY,FUT Esports,kayo,False,,,0,0,0,0,False,ghost,sidearm,,,,Chronicle,Team Vitality,chamber,False,,,0,5,1,0,False,classic,sidearm,,,,Derke,Team Vitality,neon,False,,,0,0,0,3,False,sheriff,sidearm,,,,Jamppi,Team Vitality,kayo,False,,,0,0,0,2,False,ghost,sidearm,,,,Sayonara,Team Vitality,sova,False,,25,0,0,1,0,False,classic,sidearm,,,,PROFEK,Team Vitality,astra,False,,,0,0,0,0,False,ghost,sidearm,,,
420.437,650,POST_ROUND,1,1,1,,,131.114,s0pp,FUT Esports,chamber,False,,,0,1,0,3,False,unknown,unknown,,0.8422,0.3489,xeus,FUT Esports,jett,False,,,1,0,0,2,False,unknown,unknown,,,,sociablEE,FUT Esports,fade,False,,,1,0,1,0,False,ghost,sidearm,,,,yetujey,FUT Esports,astra,False,,,0,0,0,0,False,ghost,sidearm,,,,KROSTALY,FUT Esports,kayo,False,,,0,0,0,0,False,ghost,sidearm,,,,Chronicle,Team Vitality,chamber,False,,,0,5,1,0,False,classic,sidearm,,,,Derke,Team Vitality,neon,False,,,0,0,0,3,False,sheriff,sidearm,,,,Jamppi,Team Vitality,kayo,False,,,0,0,0,2,False,ghost,sidearm,,,,Sayonara,Team Vitality,sova,False,,25,0,0,1,0,False,classic,sidearm,,,,PROFEK,Team Vitality,astra,False,,,0,0,0,0,False,ghost,sidearm,,,
420.921,651,POST_ROUND,1,1,1,,,131.598,s0pp,FUT Esports,chamber,False,,,0,1,0,3,False,unknown,unknown,,0.8422,0.3489,xeus,FUT Esports,jett,False,,,1,0,0,2,False,unknown,unknown,,,,sociablEE,FUT Esports,fade,False,,,1,0,1,0,False,ghost,sidearm,,,,yetujey,FUT Esports,astra,False,,,0,0,0,0,False,ghost,sidearm,,,,KROSTALY,FUT Esports,kayo,False,,,0,0,0,0,False,ghost,sidearm,,,,Chronicle,Team Vitality,chamber,False,,,0,5,1,0,False,classic,sidearm,,,,Derke,Team Vitality,neon,False,,,0,0,0,3,False,sheriff,sidearm,,,,Jamppi,Team Vitality,kayo,False,,,0,0,0,2,False,ghost,sidearm,,,,Sayonara,Team Vitality,sova,False,,25,0,0,1,0,False,classic,sidearm,,,,PROFEK,Team Vitality,astra,False,,,0,0,0,0,False,ghost,sidearm,,,
421.404,652,POST_ROUND,1,1,1,,,132.082,s0pp,FUT Esports,chamber,False,,,0,1,0,3,False,unknown,unknown,,0.8422,0.3489,xeus,FUT Esports,jett,False,,,1,0,0,2,False,unknown,unknown,,,,sociablEE,FUT Esports,fade,False,,,1,0,1,0,False,ghost,sidearm,,,,yetujey,FUT Esports,astra,False,,,0,0,0,0,False,ghost,sidearm,,,,KROSTALY,FUT Esports,kayo,False,,,0,0,0,0,False,ghost,sidearm,,,,Chronicle,Team Vitality,chamber,False,,,0,5,1,0,False,classic,sidearm,,,,Derke,Team Vitality,neon,False,,,0,0,0,3,False,sheriff,sidearm,,,,Jamppi,Team Vitality,kayo,False,,,0,0,0,2,False,ghost,sidearm,,,,Sayonara,Team Vitality,sova,False,,25,0,0,1,0,False,classic,sidearm,,,,PROFEK,Team Vitality,astra,False,,,0,0,0,0,False,ghost,sidearm,,,
421.888,653,POST_ROUND,1,1,1,,,132.566,s0pp,FUT Esports,chamber,False,,,0,1,0,3,False,unknown,unknown,,0.8422,0.3489,xeus,FUT Esports,jett,False,,,1,0,0,2,False,unknown,unknown,,,,sociablEE,FUT Esports,fade,False,,,1,0,1,0,False,ghost,sidearm,,,,yetujey,FUT Esports,astra,False,,,0,0,0,0,False,ghost,sidearm,,,,KROSTALY,FUT Esports,kayo,False,,,0,0,0,0,False,ghost,sidearm,,,,Chronicle,Team Vitality,chamber,False,,,0,5,1,0,False,classic,sidearm,,,,Derke,Team Vitality,neon,False,,,0,0,0,3,False,sheriff,sidearm,,,,Jamppi,Team Vitality,kayo,False,,,0,0,0,2,False,ghost,sidearm,,,,Sayonara,Team Vitality,sova,False,,25,0,0,1,0,False,classic,sidearm,,,,PROFEK,Team Vitality,astra,False,,,0,0,0,0,False,ghost,sidearm,,,
422.372,654,POST_ROUND,1,1,1,,,133.050,s0pp,FUT Esports,chamber,False,,,0,1,0,3,False,unknown,unknown,,0.8422,0.3489,xeus,FUT Esports,jett,False,,,1,0,0,2,False,unknown,unknown,,,,sociablEE,FUT Esports,fade,False,,,1,0,1,0,False,ghost,sidearm,,,,yetujey,FUT Esports,astra,False,,,0,0,0,0,False,ghost,sidearm,,,,KROSTALY,FUT Esports,kayo,False,,,0,0,0,0,False,ghost,sidearm,,,,Chronicle,Team Vitality,chamber,False,,,0,5,1,0,False,classic,sidearm,,,,Derke,Team Vitality,neon,False,,,0,0,0,3,False,sheriff,sidearm,,,,Jamppi,Team Vitality,kayo,False,,,0,0,0,2,False,ghost,sidearm,,,,Sayonara,Team Vitality,sova,False,,25,0,0,1,0,False,classic,sidearm,,,,PROFEK,Team Vitality,astra,False,,,0,0,0,0,False,ghost,sidearm,,,
422.856,655,POST_ROUND,1,1,1,,,133.533,s0pp,FUT Esports,chamber,False,,,0,1,0,3,False,unknown,unknown,,0.8422,0.3489,xeus,FUT Esports,jett,False,,,1,0,0,2,False,unknown,unknown,,,,sociablEE,FUT Esports,fade,False,,,1,0,1,0,False,ghost,sidearm,,,,yetujey,FUT Esports,astra,False,,,0,0,0,0,False,ghost,sidearm,,,,KROSTALY,FUT Esports,kayo,False,,,0,0,0,0,False,ghost,sidearm,,,,Chronicle,Team Vitality,chamber,False,,,0,5,1,0,False,classic,sidearm,,,,Derke,Team Vitality,neon,False,,,0,0,0,3,False,sheriff,sidearm,,,,Jamppi,Team Vitality,kayo,False,,,0,0,0,2,False,ghost,sidearm,,,,Sayonara,Team Vitality,sova,False,,25,0,0,1,0,False,classic,sidearm,,,,PROFEK,Team Vitality,astra,False,,,0,0,0,0,False,ghost,sidearm,,,
423.340,656,POST_ROUND,1,1,1,,,134.017,s0pp,FUT Esports,chamber,False,,,0,1,0,3,False,unknown,unknown,,0.8422,0.3489,xeus,FUT Esports,jett,False,,,1,0,0,2,False,unknown,unknown,,,,sociablEE,FUT Esports,fade,False,,,1,0,1,0,False,ghost,sidearm,,,,yetujey,FUT Esports,astra,False,,,0,0,0,0,False,ghost,sidearm,,,,KROSTALY,FUT Esports,kayo,False,,,0,0,0,0,False,ghost,sidearm,,,,Chronicle,Team Vitality,chamber,False,,,0,5,1,0,False,classic,sidearm,,,,Derke,Team Vitality,neon,False,,,0,0,0,3,False,sheriff,sidearm,,,,Jamppi,Team Vitality,kayo,False,,,0,0,0,2,False,ghost,sidearm,,,,Sayonara,Team Vitality,sova,False,,25,0,0,1,0,False,classic,sidearm,,,,PROFEK,Team Vitality,astra,False,,,0,0,0,0,False,ghost,sidearm,,,
423.823,657,POST_ROUND,1,1,1,,,134.501,s0pp,FUT Esports,chamber,False,,,0,1,0,3,False,unknown,unknown,,0.8422,0.3489,xeus,FUT Esports,jett,False,,,1,0,0,2,False,unknown,unknown,,,,sociablEE,FUT Esports,fade,False,,,1,0,1,0,False,ghost,sidearm,,,,yetujey,FUT Esports,astra,False,,,0,0,0,0,False,ghost,sidearm,,,,KROSTALY,FUT Esports,kayo,False,,,0,0,0,0,False,ghost,sidearm,,,,Chronicle,Team Vitality,chamber,False,,,0,5,1,0,False,classic,sidearm,,,,Derke,Team Vitality,neon,False,,,0,0,0,3,False,sheriff,sidearm,,,,Jamppi,Team Vitality,kayo,False,,,0,0,0,2,False,ghost,sidearm,,,,Sayonara,Team Vitality,sova,False,,25,0,0,1,0,False,classic,sidearm,,,,PROFEK,Team Vitality,astra,False,,,0,0,0,0,False,ghost,sidearm,,,
424.307,658,POST_ROUND,1,1,1,,,134.985,s0pp,FUT Esports,chamber,False,,,0,1,0,3,False,unknown,unknown,,0.8422,0.3489,xeus,FUT Esports,jett,False,,,1,0,0,2,False,unknown,unknown,,,,sociablEE,FUT Esports,fade,False,,,1,0,1,0,False,ghost,sidearm,,,,yetujey,FUT Esports,astra,False,,,0,0,0,0,False,ghost,sidearm,,,,KROSTALY,FUT Esports,kayo,False,,,0,0,0,0,False,ghost,sidearm,,,,Chronicle,Team Vitality,chamber,False,,,0,5,1,0,False,classic,sidearm,,,,Derke,Team Vitality,neon,False,,,0,0,0,3,False,sheriff,sidearm,,,,Jamppi,Team Vitality,kayo,False,,,0,0,0,2,False,ghost,sidearm,,,,Sayonara,Team Vitality,sova,False,,25,0,0,1,0,False,classic,sidearm,,,,PROFEK,Team Vitality,astra,False,,,0,0,0,0,False,ghost,sidearm,,,
424.791,659,POST_ROUND,1,1,1,,,135.469,s0pp,FUT Esports,chamber,False,,,0,1,0,3,False,unknown,unknown,,0.8422,0.3489,xeus,FUT Esports,jett,False,,,1,0,0,2,False,unknown,unknown,,,,sociablEE,FUT Esports,fade,False,,,1,0,1,0,False,ghost,sidearm,,,,yetujey,FUT Esports,astra,False,,,0,0,0,0,False,ghost,sidearm,,,,KROSTALY,FUT Esports,kayo,False,,,0,0,0,0,False,ghost,sidearm,,,,Chronicle,Team Vitality,chamber,False,,,0,5,1,0,False,classic,sidearm,,,,Derke,Team Vitality,neon,False,,,0,0,0,3,False,sheriff,sidearm,,,,Jamppi,Team Vitality,kayo,False,,,0,0,0,2,False,ghost,sidearm,,,,Sayonara,Team Vitality,sova,False,,25,0,0,1,0,False,classic,sidearm,,,,PROFEK,Team Vitality,astra,False,,,0,0,0,0,False,ghost,sidearm,,,
425.275,660,POST_ROUND,1,1,1,,,135.952,s0pp,FUT Esports,chamber,False,,,0,1,0,3,False,unknown,unknown,,0.8422,0.3489,xeus,FUT Esports,jett,False,,,1,0,0,2,False,unknown,unknown,,,,sociablEE,FUT Esports,fade,False,,,1,0,1,0,False,ghost,sidearm,,,,yetujey,FUT Esports,astra,False,,,0,0,0,0,False,ghost,sidearm,,,,KROSTALY,FUT Esports,kayo,False,,,0,0,0,0,False,ghost,sidearm,,,,Chronicle,Team Vitality,chamber,False,,,0,5,1,0,False,classic,sidearm,,,,Derke,Team Vitality,neon,False,,,0,0,0,3,False,sheriff,sidearm,,,,Jamppi,Team Vitality,kayo,False,,,0,0,0,2,False,ghost,sidearm,,,,Sayonara,Team Vitality,sova,False,,25,0,0,1,0,False,classic,sidearm,,,,PROFEK,Team Vitality,astra,False,,,0,0,0,0,False,ghost,sidearm,,,
425.759,661,POST_ROUND,1,1,1,,,136.436,s0pp,FUT Esports,chamber,False,,,0,1,0,3,False,unknown,unknown,,0.8422,0.3489,xeus,FUT Esports,jett,False,,,1,0,0,2,False,unknown,unknown,,,,sociablEE,FUT Esports,fade,False,,,1,0,1,0,False,ghost,sidearm,,,,yetujey,FUT Esports,astra,False,,,0,0,0,0,False,ghost,sidearm,,,,KROSTALY,FUT Esports,kayo,False,,,0,0,0,0,False,ghost,sidearm,,,,Chronicle,Team Vitality,chamber,False,,,0,5,1,0,False,classic,sidearm,,,,Derke,Team Vitality,neon,False,,,0,0,0,3,False,sheriff,sidearm,,,,Jamppi,Team Vitality,kayo,False,,,0,0,0,2,False,ghost,sidearm,,,,Sayonara,Team Vitality,sova,False,,25,0,0,1,0,False,classic,sidearm,,,,PROFEK,Team Vitality,astra,False,,,0,0,0,0,False,ghost,sidearm,,,
426.242,662,POST_ROUND,1,1,1,,,136.920,s0pp,FUT Esports,chamber,False,,,0,1,0,3,False,unknown,unknown,,0.8422,0.3489,xeus,FUT Esports,jett,False,,,1,0,0,2,False,unknown,unknown,,,,sociablEE,FUT Esports,fade,False,,,1,0,1,0,False,ghost,sidearm,,,,yetujey,FUT Esports,astra,False,,,0,0,0,0,False,ghost,sidearm,,,,KROSTALY,FUT Esports,kayo,False,,,0,0,0,0,False,ghost,sidearm,,,,Chronicle,Team Vitality,chamber,False,,,0,5,1,0,False,classic,sidearm,,,,Derke,Team Vitality,neon,False,,,0,0,0,3,False,sheriff,sidearm,,,,Jamppi,Team Vitality,kayo,False,,,0,0,0,2,False,ghost,sidearm,,,,Sayonara,Team Vitality,sova,False,,25,0,0,1,0,False,classic,sidearm,,,,PROFEK,Team Vitality,astra,False,,,0,0,0,0,False,ghost,sidearm,,,
426.726,663,POST_ROUND,1,1,1,,,137.404,s0pp,FUT Esports,chamber,False,,,0,1,0,3,False,unknown,unknown,,0.8422,0.3489,xeus,FUT Esports,jett,False,,,1,0,0,2,False,unknown,unknown,,,,sociablEE,FUT Esports,fade,False,,,1,0,1,0,False,ghost,sidearm,,,,yetujey,FUT Esports,astra,False,,,0,0,0,0,False,ghost,sidearm,,,,KROSTALY,FUT Esports,kayo,False,,,0,0,0,0,False,ghost,sidearm,,,,Chronicle,Team Vitality,chamber,False,,,0,5,1,0,False,classic,sidearm,,,,Derke,Team Vitality,neon,False,,,0,0,0,3,False,sheriff,sidearm,,,,Jamppi,Team Vitality,kayo,False,,,0,0,0,2,False,ghost,sidearm,,,,Sayonara,Team Vitality,sova,False,,25,0,0,1,0,False,classic,sidearm,,,,PROFEK,Team Vitality,astra,False,,,0,0,0,0,False,ghost,sidearm,,,
427.210,664,POST_ROUND,1,1,1,,,137.888,s0pp,FUT Esports,chamber,False,,,0,1,0,3,False,unknown,unknown,,0.8422,0.3489,xeus,FUT Esports,jett,False,,,1,0,0,2,False,unknown,unknown,,,,sociablEE,FUT Esports,fade,False,,,1,0,1,0,False,ghost,sidearm,,,,yetujey,FUT Esports,astra,False,,,0,0,0,0,False,ghost,sidearm,,,,KROSTALY,FUT Esports,kayo,False,,,0,0,0,0,False,ghost,sidearm,,,,Chronicle,Team Vitality,chamber,False,,,0,5,1,0,False,classic,sidearm,,,,Derke,Team Vitality,neon,False,,,0,0,0,3,False,sheriff,sidearm,,,,Jamppi,Team Vitality,kayo,False,,,0,0,0,2,False,ghost,sidearm,,,,Sayonara,Team Vitality,sova,False,,25,0,0,1,0,False,classic,sidearm,,,,PROFEK,Team Vitality,astra,False,,,0,0,0,0,False,ghost,sidearm,,,
427.694,665,POST_ROUND,1,1,1,,,138.372,s0pp,FUT Esports,chamber,False,,,0,1,0,3,False,unknown,unknown,,0.8422,0.3489,xeus,FUT Esports,jett,False,,,1,0,0,2,False,unknown,unknown,,,,sociablEE,FUT Esports,fade,False,,,1,0,1,0,False,ghost,sidearm,,,,yetujey,FUT Esports,astra,False,,,0,0,0,0,False,ghost,sidearm,,,,KROSTALY,FUT Esports,kayo,False,,,0,0,0,0,False,ghost,sidearm,,,,Chronicle,Team Vitality,chamber,False,,,0,5,1,0,False,classic,sidearm,,,,Derke,Team Vitality,neon,False,,,0,0,0,3,False,sheriff,sidearm,,,,Jamppi,Team Vitality,kayo,False,,,0,0,0,2,False,ghost,sidearm,,,,Sayonara,Team Vitality,sova,False,,25,0,0,1,0,False,classic,sidearm,,,,PROFEK,Team Vitality,astra,False,,,0,0,0,0,False,ghost,sidearm,,,
428.178,666,POST_ROUND,1,1,1,,,138.855,s0pp,FUT Esports,chamber,False,,,0,1,0,3,False,unknown,unknown,,0.8422,0.3489,xeus,FUT Esports,jett,False,,,1,0,0,2,False,unknown,unknown,,,,sociablEE,FUT Esports,fade,False,,,1,0,1,0,False,ghost,sidearm,,,,yetujey,FUT Esports,astra,False,,,0,0,0,0,False,ghost,sidearm,,,,KROSTALY,FUT Esports,kayo,False,,,0,0,0,0,False,ghost,sidearm,,,,Chronicle,Team Vitality,chamber,False,,,0,5,1,0,False,classic,sidearm,,,,Derke,Team Vitality,neon,False,,,0,0,0,3,False,sheriff,sidearm,,,,Jamppi,Team Vitality,kayo,False,,,0,0,0,2,False,ghost,sidearm,,,,Sayonara,Team Vitality,sova,False,,25,0,0,1,0,False,classic,sidearm,,,,PROFEK,Team Vitality,astra,False,,,0,0,0,0,False,ghost,sidearm,,,
428.662,667,POST_ROUND,1,1,1,,,139.339,s0pp,FUT Esports,chamber,False,,,0,1,0,3,False,unknown,unknown,,0.8422,0.3489,xeus,FUT Esports,jett,False,,,1,0,0,2,False,unknown,unknown,,,,sociablEE,FUT Esports,fade,False,,,1,0,1,0,False,ghost,sidearm,,,,yetujey,FUT Esports,astra,False,,,0,0,0,0,False,ghost,sidearm,,,,KROSTALY,FUT Esports,kayo,False,,,0,0,0,0,False,ghost,sidearm,,,,Chronicle,Team Vitality,chamber,False,,,0,5,1,0,False,classic,sidearm,,,,Derke,Team Vitality,neon,False,,,0,0,0,3,False,sheriff,sidearm,,,,Jamppi,Team Vitality,kayo,False,,,0,0,0,2,False,ghost,sidearm,,,,Sayonara,Team Vitality,sova,False,,25,0,0,1,0,False,classic,sidearm,,,,PROFEK,Team Vitality,astra,False,,,0,0,0,0,False,ghost,sidearm,,,
429.145,668,POST_ROUND,1,1,1,,,139.823,s0pp,FUT Esports,chamber,False,,,0,1,0,3,False,unknown,unknown,,0.8422,0.3489,xeus,FUT Esports,jett,False,,,1,0,0,2,False,unknown,unknown,,,,sociablEE,FUT Esports,fade,False,,,1,0,1,0,False,ghost,sidearm,,,,yetujey,FUT Esports,astra,False,,,0,0,0,0,False,ghost,sidearm,,,,KROSTALY,FUT Esports,kayo,False,,,0,0,0,0,False,ghost,sidearm,,,,Chronicle,Team Vitality,chamber,False,,,0,5,1,0,False,classic,sidearm,,,,Derke,Team Vitality,neon,False,,,0,0,0,3,False,sheriff,sidearm,,,,Jamppi,Team Vitality,kayo,False,,,0,0,0,2,False,ghost,sidearm,,,,Sayonara,Team Vitality,sova,False,,25,0,0,1,0,False,classic,sidearm,,,,PROFEK,Team Vitality,astra,False,,,0,0,0,0,False,ghost,sidearm,,,
429.629,669,POST_ROUND,1,1,1,,,140.307,s0pp,FUT Esports,chamber,False,,,0,1,0,3,False,unknown,unknown,,0.8422,0.3489,xeus,FUT Esports,jett,False,,,1,0,0,2,False,unknown,unknown,,,,sociablEE,FUT Esports,fade,False,,,1,0,1,0,False,ghost,sidearm,,,,yetujey,FUT Esports,astra,False,,,0,0,0,0,False,ghost,sidearm,,,,KROSTALY,FUT Esports,kayo,False,,,0,0,0,0,False,ghost,sidearm,,,,Chronicle,Team Vitality,chamber,False,,,0,5,1,0,False,classic,sidearm,,,,Derke,Team Vitality,neon,False,,,0,0,0,3,False,sheriff,sidearm,,,,Jamppi,Team Vitality,kayo,False,,,0,0,0,2,False,ghost,sidearm,,,,Sayonara,Team Vitality,sova,False,,25,0,0,1,0,False,classic,sidearm,,,,PROFEK,Team Vitality,astra,False,,,0,0,0,0,False,ghost,sidearm,,,
430.113,670,POST_ROUND,1,1,1,,,140.791,s0pp,FUT Esports,chamber,False,,,0,1,0,3,False,unknown,unknown,,0.8422,0.3489,xeus,FUT Esports,jett,False,,,1,0,0,2,False,unknown,unknown,,,,sociablEE,FUT Esports,fade,False,,,1,0,1,0,False,ghost,sidearm,,,,yetujey,FUT Esports,astra,False,,,0,0,0,0,False,ghost,sidearm,,,,KROSTALY,FUT Esports,kayo,False,,,0,0,0,0,False,ghost,sidearm,,,,Chronicle,Team Vitality,chamber,False,,,0,5,1,0,False,classic,sidearm,,,,Derke,Team Vitality,neon,False,,,0,0,0,3,False,sheriff,sidearm,,,,Jamppi,Team Vitality,kayo,False,,,0,0,0,2,False,ghost,sidearm,,,,Sayonara,Team Vitality,sova,False,,25,0,0,1,0,False,classic,sidearm,,,,PROFEK,Team Vitality,astra,False,,,0,0,0,0,False,ghost,sidearm,,,
430.597,671,POST_ROUND,1,1,1,,,141.274,s0pp,FUT Esports,chamber,False,,,0,1,0,3,False,unknown,unknown,,0.8422,0.3489,xeus,FUT Esports,jett,False,,,1,0,0,2,False,unknown,unknown,,,,sociablEE,FUT Esports,fade,False,,,1,0,1,0,False,ghost,sidearm,,,,yetujey,FUT Esports,astra,False,,,0,0,0,0,False,ghost,sidearm,,,,KROSTALY,FUT Esports,kayo,False,,,0,0,0,0,False,ghost,sidearm,,,,Chronicle,Team Vitality,chamber,False,,,0,5,1,0,False,classic,sidearm,,,,Derke,Team Vitality,neon,False,,,0,0,0,3,False,sheriff,sidearm,,,,Jamppi,Team Vitality,kayo,False,,,0,0,0,2,False,ghost,sidearm,,,,Sayonara,Team Vitality,sova,False,,25,0,0,1,0,False,classic,sidearm,,,,PROFEK,Team Vitality,astra,False,,,0,0,0,0,False,ghost,sidearm,,,
431.081,672,POST_ROUND,1,1,1,,,141.758,s0pp,FUT Esports,chamber,False,,,0,1,0,3,False,unknown,unknown,,0.8422,0.3489,xeus,FUT Esports,jett,False,,,1,0,0,2,False,unknown,unknown,,,,sociablEE,FUT Esports,fade,False,,,1,0,1,0,False,ghost,sidearm,,,,yetujey,FUT Esports,astra,False,,,0,0,0,0,False,ghost,sidearm,,,,KROSTALY,FUT Esports,kayo,False,,,0,0,0,0,False,ghost,sidearm,,,,Chronicle,Team Vitality,chamber,False,,,0,5,1,0,False,classic,sidearm,,,,Derke,Team Vitality,neon,False,,,0,0,0,3,False,sheriff,sidearm,,,,Jamppi,Team Vitality,kayo,False,,,0,0,0,2,False,ghost,sidearm,,,,Sayonara,Team Vitality,sova,False,,25,0,0,1,0,False,classic,sidearm,,,,PROFEK,Team Vitality,astra,False,,,0,0,0,0,False,ghost,sidearm,,,
431.564,673,POST_ROUND,1,1,1,,,142.242,s0pp,FUT Esports,chamber,False,,,0,1,0,3,False,unknown,unknown,,0.8422,0.3489,xeus,FUT Esports,jett,False,,,1,0,0,2,False,unknown,unknown,,,,sociablEE,FUT Esports,fade,False,,,1,0,1,0,False,ghost,sidearm,,,,yetujey,FUT Esports,astra,False,,,0,0,0,0,False,ghost,sidearm,,,,KROSTALY,FUT Esports,kayo,False,,,0,0,0,0,False,ghost,sidearm,,,,Chronicle,Team Vitality,chamber,False,,,0,5,1,0,False,classic,sidearm,,,,Derke,Team Vitality,neon,False,,,0,0,0,3,False,sheriff,sidearm,,,,Jamppi,Team Vitality,kayo,False,,,0,0,0,2,False,ghost,sidearm,,,,Sayonara,Team Vitality,sova,False,,25,0,0,1,0,False,classic,sidearm,,,,PROFEK,Team Vitality,astra,False,,,0,0,0,0,False,ghost,sidearm,,,
432.048,674,POST_ROUND,1,1,1,,,142.726,s0pp,FUT Esports,chamber,False,,,0,1,0,3,False,unknown,unknown,,0.8422,0.3489,xeus,FUT Esports,jett,False,,,1,0,0,2,False,unknown,unknown,,,,sociablEE,FUT Esports,fade,False,,,1,0,1,0,False,ghost,sidearm,,,,yetujey,FUT Esports,astra,False,,,0,0,0,0,False,ghost,sidearm,,,,KROSTALY,FUT Esports,kayo,False,,,0,0,0,0,False,ghost,sidearm,,,,Chronicle,Team Vitality,chamber,False,,,0,5,1,0,False,classic,sidearm,,,,Derke,Team Vitality,neon,False,,,0,0,0,3,False,sheriff,sidearm,,,,Jamppi,Team Vitality,kayo,False,,,0,0,0,2,False,ghost,sidearm,,,,Sayonara,Team Vitality,sova,False,,25,0,0,1,0,False,classic,sidearm,,,,PROFEK,Team Vitality,astra,False,,,0,0,0,0,False,ghost,sidearm,,,
432.532,675,POST_ROUND,1,1,1,,,143.210,s0pp,FUT Esports,chamber,False,,,0,1,0,3,False,unknown,unknown,,0.8422,0.3489,xeus,FUT Esports,jett,False,,,1,0,0,2,False,unknown,unknown,,,,sociablEE,FUT Esports,fade,False,,,1,0,1,0,False,ghost,sidearm,,,,yetujey,FUT Esports,astra,False,,,0,0,0,0,False,ghost,sidearm,,,,KROSTALY,FUT Esports,kayo,False,,,0,0,0,0,False,ghost,sidearm,,,,Chronicle,Team Vitality,chamber,False,,,0,5,1,0,False,classic,sidearm,,,,Derke,Team Vitality,neon,False,,,0,0,0,3,False,sheriff,sidearm,,,,Jamppi,Team Vitality,kayo,False,,,0,0,0,2,False,ghost,sidearm,,,,Sayonara,Team Vitality,sova,False,,25,0,0,1,0,False,classic,sidearm,,,,PROFEK,Team Vitality,astra,False,,,0,0,0,0,False,ghost,sidearm,,,
433.016,676,POST_ROUND,1,1,1,,,143.694,s0pp,FUT Esports,chamber,False,,,0,1,0,3,False,unknown,unknown,,0.8422,0.3489,xeus,FUT Esports,jett,False,,,1,0,0,2,False,unknown,unknown,,,,sociablEE,FUT Esports,fade,False,,,1,0,1,0,False,ghost,sidearm,,,,yetujey,FUT Esports,astra,False,,,0,0,0,0,False,ghost,sidearm,,,,KROSTALY,FUT Esports,kayo,False,,,0,0,0,0,False,ghost,sidearm,,,,Chronicle,Team Vitality,chamber,False,,,0,5,1,0,False,classic,sidearm,,,,Derke,Team Vitality,neon,False,,,0,0,0,3,False,sheriff,sidearm,,,,Jamppi,Team Vitality,kayo,False,,,0,0,0,2,False,ghost,sidearm,,,,Sayonara,Team Vitality,sova,False,,25,0,0,1,0,False,classic,sidearm,,,,PROFEK,Team Vitality,astra,False,,,0,0,0,0,False,ghost,sidearm,,,
433.500,677,POST_ROUND,1,1,1,,,144.177,s0pp,FUT Esports,chamber,False,,,0,1,0,3,False,unknown,unknown,,0.8422,0.3489,xeus,FUT Esports,jett,False,,,1,0,0,2,False,unknown,unknown,,,,sociablEE,FUT Esports,fade,False,,,1,0,1,0,False,ghost,sidearm,,,,yetujey,FUT Esports,astra,False,,,0,0,0,0,False,ghost,sidearm,,,,KROSTALY,FUT Esports,kayo,False,,,0,0,0,0,False,ghost,sidearm,,,,Chronicle,Team Vitality,chamber,False,,,0,5,1,0,False,classic,sidearm,,,,Derke,Team Vitality,neon,False,,,0,0,0,3,False,sheriff,sidearm,,,,Jamppi,Team Vitality,kayo,False,,,0,0,0,2,False,ghost,sidearm,,,,Sayonara,Team Vitality,sova,False,,25,0,0,1,0,False,classic,sidearm,,,,PROFEK,Team Vitality,astra,False,,,0,0,0,0,False,ghost,sidearm,,,
433.984,678,POST_ROUND,1,1,1,,,144.661,s0pp,FUT Esports,chamber,False,,,0,1,0,3,False,unknown,unknown,,0.8422,0.3489,xeus,FUT Esports,jett,False,,,1,0,0,2,False,unknown,unknown,,,,sociablEE,FUT Esports,fade,False,,,1,0,1,0,False,ghost,sidearm,,,,yetujey,FUT Esports,astra,False,,,0,0,0,0,False,ghost,sidearm,,,,KROSTALY,FUT Esports,kayo,False,,,0,0,0,0,False,ghost,sidearm,,,,Chronicle,Team Vitality,chamber,False,,,0,5,1,0,False,classic,sidearm,,,,Derke,Team Vitality,neon,False,,,0,0,0,3,False,sheriff,sidearm,,,,Jamppi,Team Vitality,kayo,False,,,0,0,0,2,False,ghost,sidearm,,,,Sayonara,Team Vitality,sova,False,,25,0,0,1,0,False,classic,sidearm,,,,PROFEK,Team Vitality,astra,False,,,0,0,0,0,False,ghost,sidearm,,,
434.467,679,POST_ROUND,1,1,1,,,145.145,s0pp,FUT Esports,chamber,False,,,0,1,0,3,False,unknown,unknown,,0.8422,0.3489,xeus,FUT Esports,jett,False,,,1,0,0,2,False,unknown,unknown,,,,sociablEE,FUT Esports,fade,False,,,1,0,1,0,False,ghost,sidearm,,,,yetujey,FUT Esports,astra,False,,,0,0,0,0,False,ghost,sidearm,,,,KROSTALY,FUT Esports,kayo,False,,,0,0,0,0,False,ghost,sidearm,,,,Chronicle,Team Vitality,chamber,False,,,0,5,1,0,False,classic,sidearm,,,,Derke,Team Vitality,neon,False,,,0,0,0,3,False,sheriff,sidearm,,,,Jamppi,Team Vitality,kayo,False,,,0,0,0,2,False,ghost,sidearm,,,,Sayonara,Team Vitality,sova,False,,25,0,0,1,0,False,classic,sidearm,,,,PROFEK,Team Vitality,astra,False,,,0,0,0,0,False,ghost,sidearm,,,
434.951,680,POST_ROUND,1,1,1,,,145.629,s0pp,FUT Esports,chamber,False,,,0,1,0,3,False,unknown,unknown,,0.8422,0.3489,xeus,FUT Esports,jett,False,,,1,0,0,2,False,unknown,unknown,,,,sociablEE,FUT Esports,fade,False,,,1,0,1,0,False,ghost,sidearm,,,,yetujey,FUT Esports,astra,False,,,0,0,0,0,False,ghost,sidearm,,,,KROSTALY,FUT Esports,kayo,False,,,0,0,0,0,False,ghost,sidearm,,,,Chronicle,Team Vitality,chamber,False,,,0,5,1,0,False,classic,sidearm,,,,Derke,Team Vitality,neon,False,,,0,0,0,3,False,sheriff,sidearm,,,,Jamppi,Team Vitality,kayo,False,,,0,0,0,2,False,ghost,sidearm,,,,Sayonara,Team Vitality,sova,False,,25,0,0,1,0,False,classic,sidearm,,,,PROFEK,Team Vitality,astra,False,,,0,0,0,0,False,ghost,sidearm,,,
435.435,681,POST_ROUND,1,1,1,,,146.113,s0pp,FUT Esports,chamber,False,,,0,1,0,3,False,unknown,unknown,,0.8422,0.3489,xeus,FUT Esports,jett,False,,,1,0,0,2,False,unknown,unknown,,,,sociablEE,FUT Esports,fade,False,,,1,0,1,0,False,ghost,sidearm,,,,yetujey,FUT Esports,astra,False,,,0,0,0,0,False,ghost,sidearm,,,,KROSTALY,FUT Esports,kayo,False,,,0,0,0,0,False,ghost,sidearm,,,,Chronicle,Team Vitality,chamber,False,,,0,5,1,0,False,classic,sidearm,,,,Derke,Team Vitality,neon,False,,,0,0,0,3,False,sheriff,sidearm,,,,Jamppi,Team Vitality,kayo,False,,,0,0,0,2,False,ghost,sidearm,,,,Sayonara,Team Vitality,sova,False,,25,0,0,1,0,False,classic,sidearm,,,,PROFEK,Team Vitality,astra,False,,,0,0,0,0,False,ghost,sidearm,,,
435.919,682,POST_ROUND,1,1,1,,,146.596,s0pp,FUT Esports,chamber,False,,,0,1,0,3,False,unknown,unknown,,0.8422,0.3489,xeus,FUT Esports,jett,False,,,1,0,0,2,False,unknown,unknown,,,,sociablEE,FUT Esports,fade,False,,,1,0,1,0,False,ghost,sidearm,,,,yetujey,FUT Esports,astra,False,,,0,0,0,0,False,ghost,sidearm,,,,KROSTALY,FUT Esports,kayo,False,,,0,0,0,0,False,ghost,sidearm,,,,Chronicle,Team Vitality,chamber,False,,,0,5,1,0,False,classic,sidearm,,,,Derke,Team Vitality,neon,False,,,0,0,0,3,False,sheriff,sidearm,,,,Jamppi,Team Vitality,kayo,False,,,0,0,0,2,False,ghost,sidearm,,,,Sayonara,Team Vitality,sova,False,,25,0,0,1,0,False,classic,sidearm,,,,PROFEK,Team Vitality,astra,False,,,0,0,0,0,False,ghost,sidearm,,,
436.403,683,POST_ROUND,1,1,1,,,147.080,s0pp,FUT Esports,chamber,False,,,0,1,0,3,False,unknown,unknown,,0.8422,0.3489,xeus,FUT Esports,jett,False,,,1,0,0,2,False,unknown,unknown,,,,sociablEE,FUT Esports,fade,False,,,1,0,1,0,False,ghost,sidearm,,,,yetujey,FUT Esports,astra,False,,,0,0,0,0,False,ghost,sidearm,,,,KROSTALY,FUT Esports,kayo,False,,,0,0,0,0,False,ghost,sidearm,,,,Chronicle,Team Vitality,chamber,False,,,0,5,1,0,False,classic,sidearm,,,,Derke,Team Vitality,neon,False,,,0,0,0,3,False,sheriff,sidearm,,,,Jamppi,Team Vitality,kayo,False,,,0,0,0,2,False,ghost,sidearm,,,,Sayonara,Team Vitality,sova,False,,25,0,0,1,0,False,classic,sidearm,,,,PROFEK,Team Vitality,astra,False,,,0,0,0,0,False,ghost,sidearm,,,
436.886,684,POST_ROUND,1,1,1,,,147.564,s0pp,FUT Esports,chamber,False,,,0,1,0,3,False,unknown,unknown,,0.8422,0.3489,xeus,FUT Esports,jett,False,,,1,0,0,2,False,unknown,unknown,,,,sociablEE,FUT Esports,fade,False,,,1,0,1,0,False,ghost,sidearm,,,,yetujey,FUT Esports,astra,False,,,0,0,0,0,False,ghost,sidearm,,,,KROSTALY,FUT Esports,kayo,False,,,0,0,0,0,False,ghost,sidearm,,,,Chronicle,Team Vitality,chamber,False,,,0,5,1,0,False,classic,sidearm,,,,Derke,Team Vitality,neon,False,,,0,0,0,3,False,sheriff,sidearm,,,,Jamppi,Team Vitality,kayo,False,,,0,0,0,2,False,ghost,sidearm,,,,Sayonara,Team Vitality,sova,False,,25,0,0,1,0,False,classic,sidearm,,,,PROFEK,Team Vitality,astra,False,,,0,0,0,0,False,ghost,sidearm,,,
437.370,685,POST_ROUND,1,1,1,,,148.048,s0pp,FUT Esports,chamber,False,,,0,1,0,3,False,unknown,unknown,,0.8422,0.3489,xeus,FUT Esports,jett,False,,,1,0,0,2,False,unknown,unknown,,,,sociablEE,FUT Esports,fade,False,,,1,0,1,0,False,ghost,sidearm,,,,yetujey,FUT Esports,astra,False,,,0,0,0,0,False,ghost,sidearm,,,,KROSTALY,FUT Esports,kayo,False,,,0,0,0,0,False,ghost,sidearm,,,,Chronicle,Team Vitality,chamber,False,,,0,5,1,0,False,classic,sidearm,,,,Derke,Team Vitality,neon,False,,,0,0,0,3,False,sheriff,sidearm,,,,Jamppi,Team Vitality,kayo,False,,,0,0,0,2,False,ghost,sidearm,,,,Sayonara,Team Vitality,sova,False,,25,0,0,1,0,False,classic,sidearm,,,,PROFEK,Team Vitality,astra,False,,,0,0,0,0,False,ghost,sidearm,,,
437.854,686,POST_ROUND,1,1,1,,,148.532,s0pp,FUT Esports,chamber,False,,,0,1,0,3,False,unknown,unknown,,0.8422,0.3489,xeus,FUT Esports,jett,False,,,1,0,0,2,False,unknown,unknown,,,,sociablEE,FUT Esports,fade,False,,,1,0,1,0,False,ghost,sidearm,,,,yetujey,FUT Esports,astra,False,,,0,0,0,0,False,ghost,sidearm,,,,KROSTALY,FUT Esports,kayo,False,,,0,0,0,0,False,ghost,sidearm,,,,Chronicle,Team Vitality,chamber,False,,,0,5,1,0,False,classic,sidearm,,,,Derke,Team Vitality,neon,False,,,0,0,0,3,False,sheriff,sidearm,,,,Jamppi,Team Vitality,kayo,False,,,0,0,0,2,False,ghost,sidearm,,,,Sayonara,Team Vitality,sova,False,,25,0,0,1,0,False,classic,sidearm,,,,PROFEK,Team Vitality,astra,False,,,0,0,0,0,False,ghost,sidearm,,,
438.338,687,POST_ROUND,1,1,1,,,149.016,s0pp,FUT Esports,chamber,False,,,0,1,0,3,False,unknown,unknown,,0.8422,0.3489,xeus,FUT Esports,jett,False,,,1,0,0,2,False,unknown,unknown,,,,sociablEE,FUT Esports,fade,False,,,1,0,1,0,False,ghost,sidearm,,,,yetujey,FUT Esports,astra,False,,,0,0,0,0,False,ghost,sidearm,,,,KROSTALY,FUT Esports,kayo,False,,,0,0,0,0,False,ghost,sidearm,,,,Chronicle,Team Vitality,chamber,False,,,0,5,1,0,False,classic,sidearm,,,,Derke,Team Vitality,neon,False,,,0,0,0,3,False,sheriff,sidearm,,,,Jamppi,Team Vitality,kayo,False,,,0,0,0,2,False,ghost,sidearm,,,,Sayonara,Team Vitality,sova,False,,25,0,0,1,0,False,classic,sidearm,,,,PROFEK,Team Vitality,astra,False,,,0,0,0,0,False,ghost,sidearm,,,
438.822,688,POST_ROUND,1,1,1,,,149.499,s0pp,FUT Esports,chamber,False,,,0,1,0,3,False,unknown,unknown,,0.8422,0.3489,xeus,FUT Esports,jett,False,,,1,0,0,2,False,unknown,unknown,,,,sociablEE,FUT Esports,fade,False,,,1,0,1,0,False,ghost,sidearm,,,,yetujey,FUT Esports,astra,False,,,0,0,0,0,False,ghost,sidearm,,,,KROSTALY,FUT Esports,kayo,False,,,0,0,0,0,False,ghost,sidearm,,,,Chronicle,Team Vitality,chamber,False,,,0,5,1,0,False,classic,sidearm,,,,Derke,Team Vitality,neon,False,,,0,0,0,3,False,sheriff,sidearm,,,,Jamppi,Team Vitality,kayo,False,,,0,0,0,2,False,ghost,sidearm,,,,Sayonara,Team Vitality,sova,False,,25,0,0,1,0,False,classic,sidearm,,,,PROFEK,Team Vitality,astra,False,,,0,0,0,0,False,ghost,sidearm,,,
439.306,689,POST_ROUND,1,1,1,,,149.983,s0pp,FUT Esports,chamber,False,,,0,1,0,3,False,unknown,unknown,,0.8422,0.3489,xeus,FUT Esports,jett,False,,,1,0,0,2,False,unknown,unknown,,,,sociablEE,FUT Esports,fade,False,,,1,0,1,0,False,ghost,sidearm,,,,yetujey,FUT Esports,astra,False,,,0,0,0,0,False,ghost,sidearm,,,,KROSTALY,FUT Esports,kayo,False,,,0,0,0,0,False,ghost,sidearm,,,,Chronicle,Team Vitality,chamber,False,,,0,5,1,0,False,classic,sidearm,,,,Derke,Team Vitality,neon,False,,,0,0,0,3,False,sheriff,sidearm,,,,Jamppi,Team Vitality,kayo,False,,,0,0,0,2,False,ghost,sidearm,,,,Sayonara,Team Vitality,sova,False,,25,0,0,1,0,False,classic,sidearm,,,,PROFEK,Team Vitality,astra,False,,,0,0,0,0,False,ghost,sidearm,,,
439.789,690,POST_ROUND,1,1,1,,,150.467,s0pp,FUT Esports,chamber,False,,,0,1,0,3,False,unknown,unknown,,0.8422,0.3489,xeus,FUT Esports,jett,False,,,1,0,0,2,False,unknown,unknown,,,,sociablEE,FUT Esports,fade,False,,,1,0,1,0,False,ghost,sidearm,,,,yetujey,FUT Esports,astra,False,,,0,0,0,0,False,ghost,sidearm,,,,KROSTALY,FUT Esports,kayo,False,,,0,0,0,0,False,ghost,sidearm,,,,Chronicle,Team Vitality,chamber,False,,,0,5,1,0,False,classic,sidearm,,,,Derke,Team Vitality,neon,False,,,0,0,0,3,False,sheriff,sidearm,,,,Jamppi,Team Vitality,kayo,False,,,0,0,0,2,False,ghost,sidearm,,,,Sayonara,Team Vitality,sova,False,,25,0,0,1,0,False,classic,sidearm,,,,PROFEK,Team Vitality,astra,False,,,0,0,0,0,False,ghost,sidearm,,,
440.273,691,POST_ROUND,1,1,1,,,150.951,s0pp,FUT Esports,chamber,False,,,0,1,0,3,False,unknown,unknown,,0.8422,0.3489,xeus,FUT Esports,jett,False,,,1,0,0,2,False,unknown,unknown,,,,sociablEE,FUT Esports,fade,False,,,1,0,1,0,False,ghost,sidearm,,,,yetujey,FUT Esports,astra,False,,,0,0,0,0,False,ghost,sidearm,,,,KROSTALY,FUT Esports,kayo,False,,,0,0,0,0,False,ghost,sidearm,,,,Chronicle,Team Vitality,chamber,False,,,0,5,1,0,False,classic,sidearm,,,,Derke,Team Vitality,neon,False,,,0,0,0,3,False,sheriff,sidearm,,,,Jamppi,Team Vitality,kayo,False,,,0,0,0,2,False,ghost,sidearm,,,,Sayonara,Team Vitality,sova,False,,25,0,0,1,0,False,classic,sidearm,,,,PROFEK,Team Vitality,astra,False,,,0,0,0,0,False,ghost,sidearm,,,
440.757,692,POST_ROUND,1,1,1,,,151.435,s0pp,FUT Esports,chamber,False,,,0,1,0,3,False,unknown,unknown,,0.8422,0.3489,xeus,FUT Esports,jett,False,,,1,0,0,2,False,unknown,unknown,,,,sociablEE,FUT Esports,fade,False,,,1,0,1,0,False,ghost,sidearm,,,,yetujey,FUT Esports,astra,False,,,0,0,0,0,False,ghost,sidearm,,,,KROSTALY,FUT Esports,kayo,False,,,0,0,0,0,False,ghost,sidearm,,,,Chronicle,Team Vitality,chamber,False,,,0,5,1,0,False,classic,sidearm,,,,Derke,Team Vitality,neon,False,,,0,0,0,3,False,sheriff,sidearm,,,,Jamppi,Team Vitality,kayo,False,,,0,0,0,2,False,ghost,sidearm,,,,Sayonara,Team Vitality,sova,False,,25,0,0,1,0,False,classic,sidearm,,,,PROFEK,Team Vitality,astra,False,,,0,0,0,0,False,ghost,sidearm,,,
441.241,693,POST_ROUND,1,1,1,,,151.918,s0pp,FUT Esports,chamber,False,,,0,1,0,3,False,unknown,unknown,,0.8422,0.3489,xeus,FUT Esports,jett,False,,,1,0,0,2,False,unknown,unknown,,,,sociablEE,FUT Esports,fade,False,,,1,0,1,0,False,ghost,sidearm,,,,yetujey,FUT Esports,astra,False,,,0,0,0,0,False,ghost,sidearm,,,,KROSTALY,FUT Esports,kayo,False,,,0,0,0,0,False,ghost,sidearm,,,,Chronicle,Team Vitality,chamber,False,,,0,5,1,0,False,classic,sidearm,,,,Derke,Team Vitality,neon,False,,,0,0,0,3,False,sheriff,sidearm,,,,Jamppi,Team Vitality,kayo,False,,,0,0,0,2,False,ghost,sidearm,,,,Sayonara,Team Vitality,sova,False,,25,0,0,1,0,False,classic,sidearm,,,,PROFEK,Team Vitality,astra,False,,,0,0,0,0,False,ghost,sidearm,,,
441.725,694,POST_ROUND,1,1,1,,,152.402,s0pp,FUT Esports,chamber,False,,,0,1,0,3,False,unknown,unknown,,0.8422,0.3489,xeus,FUT Esports,jett,False,,,1,0,0,2,False,unknown,unknown,,,,sociablEE,FUT Esports,fade,False,,,1,0,1,0,False,ghost,sidearm,,,,yetujey,FUT Esports,astra,False,,,0,0,0,0,False,ghost,sidearm,,,,KROSTALY,FUT Esports,kayo,False,,,0,0,0,0,False,ghost,sidearm,,,,Chronicle,Team Vitality,chamber,False,,,0,5,1,0,False,classic,sidearm,,,,Derke,Team Vitality,neon,False,,,0,0,0,3,False,sheriff,sidearm,,,,Jamppi,Team Vitality,kayo,False,,,0,0,0,2,False,ghost,sidearm,,,,Sayonara,Team Vitality,sova,False,,25,0,0,1,0,False,classic,sidearm,,,,PROFEK,Team Vitality,astra,False,,,0,0,0,0,False,ghost,sidearm,,,
442.208,695,POST_ROUND,1,1,2,,,152.886,s0pp,FUT Esports,chamber,False,,,0,1,0,3,False,unknown,unknown,,0.8422,0.3489,xeus,FUT Esports,jett,False,,,1,0,0,2,False,unknown,unknown,,,,sociablEE,FUT Esports,fade,False,,,1,0,1,0,False,ghost,sidearm,,,,yetujey,FUT Esports,astra,False,,,0,0,0,0,False,ghost,sidearm,,,,KROSTALY,FUT Esports,kayo,False,,,0,0,0,0,False,ghost,sidearm,,,,Chronicle,Team Vitality,chamber,False,,,0,5,1,0,False,classic,sidearm,,,,Derke,Team Vitality,neon,False,,,0,0,0,3,False,sheriff,sidearm,,,,Jamppi,Team Vitality,kayo,False,,,0,0,0,2,False,ghost,sidearm,,,,Sayonara,Team Vitality,sova,False,,25,0,0,1,0,False,classic,sidearm,,,,PROFEK,Team Vitality,astra,False,,,0,0,0,0,False,ghost,sidearm,,,
442.692,696,POST_ROUND,1,1,2,,,153.370,s0pp,FUT Esports,chamber,False,,,0,1,0,3,False,unknown,unknown,,0.8422,0.3489,xeus,FUT Esports,jett,False,,,1,0,0,2,False,unknown,unknown,,,,sociablEE,FUT Esports,fade,False,,,1,0,1,0,False,ghost,sidearm,,,,yetujey,FUT Esports,astra,False,,,0,0,0,0,False,ghost,sidearm,,,,KROSTALY,FUT Esports,kayo,False,,,0,0,0,0,False,ghost,sidearm,,,,Chronicle,Team Vitality,chamber,False,,,0,5,1,0,False,classic,sidearm,,,,Derke,Team Vitality,neon,False,,,0,0,0,3,False,sheriff,sidearm,,,,Jamppi,Team Vitality,kayo,False,,,0,0,0,2,False,ghost,sidearm,,,,Sayonara,Team Vitality,sova,False,,25,0,0,1,0,False,classic,sidearm,,,,PROFEK,Team Vitality,astra,False,,,0,0,0,0,False,ghost,sidearm,,,
443.176,697,POST_ROUND,1,1,2,,,153.854,s0pp,FUT Esports,chamber,False,,,0,1,0,3,False,unknown,unknown,,0.8422,0.3489,xeus,FUT Esports,jett,False,,,1,0,0,2,False,unknown,unknown,,,,sociablEE,FUT Esports,fade,False,,,1,0,1,0,False,ghost,sidearm,,,,yetujey,FUT Esports,astra,False,,,0,0,0,0,False,ghost,sidearm,,,,KROSTALY,FUT Esports,kayo,False,,,0,0,0,0,False,ghost,sidearm,,,,Chronicle,Team Vitality,chamber,False,,,0,5,1,0,False,classic,sidearm,,,,Derke,Team Vitality,neon,False,,,0,0,0,3,False,sheriff,sidearm,,,,Jamppi,Team Vitality,kayo,False,,,0,0,0,2,False,ghost,sidearm,,,,Sayonara,Team Vitality,sova,False,,25,0,0,1,0,False,classic,sidearm,,,,PROFEK,Team Vitality,astra,False,,,0,0,0,0,False,ghost,sidearm,,,
443.660,698,POST_ROUND,1,1,2,,,154.338,s0pp,FUT Esports,chamber,False,,,0,1,0,3,False,unknown,unknown,,0.8422,0.3489,xeus,FUT Esports,jett,False,,,1,0,0,2,False,unknown,unknown,,,,sociablEE,FUT Esports,fade,False,,,1,0,1,0,False,ghost,sidearm,,,,yetujey,FUT Esports,astra,False,,,0,0,0,0,False,ghost,sidearm,,,,KROSTALY,FUT Esports,kayo,False,,,0,0,0,0,False,ghost,sidearm,,,,Chronicle,Team Vitality,chamber,False,,,0,5,1,0,False,classic,sidearm,,,,Derke,Team Vitality,neon,False,,,0,0,0,3,False,sheriff,sidearm,,,,Jamppi,Team Vitality,kayo,False,,,0,0,0,2,False,ghost,sidearm,,,,Sayonara,Team Vitality,sova,False,,25,0,0,1,0,False,classic,sidearm,,,,PROFEK,Team Vitality,astra,False,,,0,0,0,0,False,ghost,sidearm,,,
444.144,699,POST_ROUND,1,1,2,,,154.821,s0pp,FUT Esports,chamber,False,,,0,1,0,3,False,unknown,unknown,,0.8422,0.3489,xeus,FUT Esports,jett,False,,,1,0,0,2,False,unknown,unknown,,,,sociablEE,FUT Esports,fade,False,,,1,0,1,0,False,ghost,sidearm,,,,yetujey,FUT Esports,astra,False,,,0,0,0,0,False,ghost,sidearm,,,,KROSTALY,FUT Esports,kayo,False,,,0,0,0,0,False,ghost,sidearm,,,,Chronicle,Team Vitality,chamber,False,,,0,5,1,0,False,classic,sidearm,,,,Derke,Team Vitality,neon,False,,,0,0,0,3,False,sheriff,sidearm,,,,Jamppi,Team Vitality,kayo,False,,,0,0,0,2,False,ghost,sidearm,,,,Sayonara,Team Vitality,sova,False,,25,0,0,1,0,False,classic,sidearm,,,,PROFEK,Team Vitality,astra,False,,,0,0,0,0,False,ghost,sidearm,,,
444.628,700,POST_ROUND,1,1,2,,,155.305,s0pp,FUT Esports,chamber,False,,,0,1,0,3,False,unknown,unknown,,0.8422,0.3489,xeus,FUT Esports,jett,False,,,1,0,0,2,False,unknown,unknown,,,,sociablEE,FUT Esports,fade,False,,,1,0,1,0,False,ghost,sidearm,,,,yetujey,FUT Esports,astra,False,,,0,0,0,0,False,ghost,sidearm,,,,KROSTALY,FUT Esports,kayo,False,,,0,0,0,0,False,ghost,sidearm,,,,Chronicle,Team Vitality,chamber,False,,,0,5,1,0,False,classic,sidearm,,,,Derke,Team Vitality,neon,False,,,0,0,0,3,False,sheriff,sidearm,,,,Jamppi,Team Vitality,kayo,False,,,0,0,0,2,False,ghost,sidearm,,,,Sayonara,Team Vitality,sova,False,,25,0,0,1,0,False,classic,sidearm,,,,PROFEK,Team Vitality,astra,False,,,0,0,0,0,False,ghost,sidearm,,,
445.111,701,POST_ROUND,1,1,2,,,155.789,s0pp,FUT Esports,chamber,False,,,0,1,0,3,False,unknown,unknown,,0.8422,0.3489,xeus,FUT Esports,jett,False,,,1,0,0,2,False,unknown,unknown,,,,sociablEE,FUT Esports,fade,False,,,1,0,1,0,False,ghost,sidearm,,,,yetujey,FUT Esports,astra,False,,,0,0,0,0,False,ghost,sidearm,,,,KROSTALY,FUT Esports,kayo,False,,,0,0,0,0,False,ghost,sidearm,,,,Chronicle,Team Vitality,chamber,False,,,0,5,1,0,False,classic,sidearm,,,,Derke,Team Vitality,neon,False,,,0,0,0,3,False,sheriff,sidearm,,,,Jamppi,Team Vitality,kayo,False,,,0,0,0,2,False,ghost,sidearm,,,,Sayonara,Team Vitality,sova,False,,25,0,0,1,0,False,classic,sidearm,,,,PROFEK,Team Vitality,astra,False,,,0,0,0,0,False,ghost,sidearm,,,
445.595,702,POST_ROUND,1,1,2,,,156.273,s0pp,FUT Esports,chamber,False,,,0,1,0,3,False,unknown,unknown,,0.8422,0.3489,xeus,FUT Esports,jett,False,,,1,0,0,2,False,unknown,unknown,,,,sociablEE,FUT Esports,fade,False,,,1,0,1,0,False,ghost,sidearm,,,,yetujey,FUT Esports,astra,False,,,0,0,0,0,False,ghost,sidearm,,,,KROSTALY,FUT Esports,kayo,False,,,0,0,0,0,False,ghost,sidearm,,,,Chronicle,Team Vitality,chamber,False,,,0,5,1,0,False,classic,sidearm,,,,Derke,Team Vitality,neon,False,,,0,0,0,3,False,sheriff,sidearm,,,,Jamppi,Team Vitality,kayo,False,,,0,0,0,2,False,ghost,sidearm,,,,Sayonara,Team Vitality,sova,False,,25,0,0,1,0,False,classic,sidearm,,,,PROFEK,Team Vitality,astra,False,,,0,0,0,0,False,ghost,sidearm,,,
446.079,703,POST_ROUND,1,1,2,,,156.757,s0pp,FUT Esports,chamber,False,,,0,1,0,3,False,unknown,unknown,,0.8422,0.3489,xeus,FUT Esports,jett,False,,,1,0,0,2,False,unknown,unknown,,,,sociablEE,FUT Esports,fade,False,,,1,0,1,0,False,ghost,sidearm,,,,yetujey,FUT Esports,astra,False,,,0,0,0,0,False,ghost,sidearm,,,,KROSTALY,FUT Esports,kayo,False,,,0,0,0,0,False,ghost,sidearm,,,,Chronicle,Team Vitality,chamber,False,,,0,5,1,0,False,classic,sidearm,,,,Derke,Team Vitality,neon,False,,,0,0,0,3,False,sheriff,sidearm,,,,Jamppi,Team Vitality,kayo,False,,,0,0,0,2,False,ghost,sidearm,,,,Sayonara,Team Vitality,sova,False,,25,0,0,1,0,False,classic,sidearm,,,,PROFEK,Team Vitality,astra,False,,,0,0,0,0,False,ghost,sidearm,,,
446.563,704,POST_ROUND,1,1,2,,,157.240,s0pp,FUT Esports,chamber,False,,,0,1,0,3,False,unknown,unknown,,0.8422,0.3489,xeus,FUT Esports,jett,False,,,1,0,0,2,False,unknown,unknown,,,,sociablEE,FUT Esports,fade,False,,,1,0,1,0,False,ghost,sidearm,,,,yetujey,FUT Esports,astra,False,,,0,0,0,0,False,ghost,sidearm,,,,KROSTALY,FUT Esports,kayo,False,,,0,0,0,0,False,ghost,sidearm,,,,Chronicle,Team Vitality,chamber,False,,,0,5,1,0,False,classic,sidearm,,,,Derke,Team Vitality,neon,False,,,0,0,0,3,False,sheriff,sidearm,,,,Jamppi,Team Vitality,kayo,False,,,0,0,0,2,False,ghost,sidearm,,,,Sayonara,Team Vitality,sova,False,,25,0,0,1,0,False,classic,sidearm,,,,PROFEK,Team Vitality,astra,False,,,0,0,0,0,False,ghost,sidearm,,,
447.047,705,POST_ROUND,1,1,2,,,157.724,s0pp,FUT Esports,chamber,False,,,0,1,0,3,False,unknown,unknown,,0.8422,0.3489,xeus,FUT Esports,jett,False,,,1,0,0,2,False,unknown,unknown,,,,sociablEE,FUT Esports,fade,False,,,1,0,1,0,False,ghost,sidearm,,,,yetujey,FUT Esports,astra,False,,,0,0,0,0,False,ghost,sidearm,,,,KROSTALY,FUT Esports,kayo,False,,,0,0,0,0,False,ghost,sidearm,,,,Chronicle,Team Vitality,chamber,False,,,0,5,1,0,False,classic,sidearm,,,,Derke,Team Vitality,neon,False,,,0,0,0,3,False,sheriff,sidearm,,,,Jamppi,Team Vitality,kayo,False,,,0,0,0,2,False,ghost,sidearm,,,,Sayonara,Team Vitality,sova,False,,25,0,0,1,0,False,classic,sidearm,,,,PROFEK,Team Vitality,astra,False,,,0,0,0,0,False,ghost,sidearm,,,
447.530,706,POST_ROUND,1,1,2,,,158.208,s0pp,FUT Esports,chamber,False,,,0,1,0,3,False,unknown,unknown,,0.8422,0.3489,xeus,FUT Esports,jett,False,,,1,0,0,2,False,unknown,unknown,,,,sociablEE,FUT Esports,fade,False,,,1,0,1,0,False,ghost,sidearm,,,,yetujey,FUT Esports,astra,False,,,0,0,0,0,False,ghost,sidearm,,,,KROSTALY,FUT Esports,kayo,False,,,0,0,0,0,False,ghost,sidearm,,,,Chronicle,Team Vitality,chamber,False,,,0,5,1,0,False,classic,sidearm,,,,Derke,Team Vitality,neon,False,,,0,0,0,3,False,sheriff,sidearm,,,,Jamppi,Team Vitality,kayo,False,,,0,0,0,2,False,ghost,sidearm,,,,Sayonara,Team Vitality,sova,False,,25,0,0,1,0,False,classic,sidearm,,,,PROFEK,Team Vitality,astra,False,,,0,0,0,0,False,ghost,sidearm,,,
448.014,707,POST_ROUND,1,1,2,,,158.692,s0pp,FUT Esports,chamber,False,,,0,1,0,3,False,unknown,unknown,,0.8422,0.3489,xeus,FUT Esports,jett,False,,,1,0,0,2,False,unknown,unknown,,,,sociablEE,FUT Esports,fade,False,,,1,0,1,0,False,ghost,sidearm,,,,yetujey,FUT Esports,astra,False,,,0,0,0,0,False,ghost,sidearm,,,,KROSTALY,FUT Esports,kayo,False,,,0,0,0,0,False,ghost,sidearm,,,,Chronicle,Team Vitality,chamber,False,,,0,5,1,0,False,classic,sidearm,,,,Derke,Team Vitality,neon,False,,,0,0,0,3,False,sheriff,sidearm,,,,Jamppi,Team Vitality,kayo,False,,,0,0,0,2,False,ghost,sidearm,,,,Sayonara,Team Vitality,sova,False,,25,0,0,1,0,False,classic,sidearm,,,,PROFEK,Team Vitality,astra,False,,,0,0,0,0,False,ghost,sidearm,,,
448.498,708,POST_ROUND,1,1,2,,,159.176,s0pp,FUT Esports,chamber,False,,,0,1,0,3,False,unknown,unknown,,0.8422,0.3489,xeus,FUT Esports,jett,False,,,1,0,0,2,False,unknown,unknown,,,,sociablEE,FUT Esports,fade,False,,,1,0,1,0,False,ghost,sidearm,,,,yetujey,FUT Esports,astra,False,,,0,0,0,0,False,ghost,sidearm,,,,KROSTALY,FUT Esports,kayo,False,,,0,0,0,0,False,ghost,sidearm,,,,Chronicle,Team Vitality,chamber,False,,,0,5,1,0,False,classic,sidearm,,,,Derke,Team Vitality,neon,False,,,0,0,0,3,False,sheriff,sidearm,,,,Jamppi,Team Vitality,kayo,False,,,0,0,0,2,False,ghost,sidearm,,,,Sayonara,Team Vitality,sova,False,,25,0,0,1,0,False,classic,sidearm,,,,PROFEK,Team Vitality,astra,False,,,0,0,0,0,False,ghost,sidearm,,,
459.626,731,PREROUND,2,1,2,,,,s0pp,FUT Esports,chamber,True,,,1,3,1,4,False,,,,,,xeus,FUT Esports,jett,True,,,2,1,1,5,False,,,,,,sociablEE,FUT Esports,fade,True,,,2,1,1,4,False,,,,,,yetujey,FUT Esports,astra,True,,,1,3,1,6,False,,,,,,KROSTALY,FUT Esports,kayo,True,,,1,1,1,5,False,,,,,,Chronicle,Team Vitality,chamber,True,,,0,6,1,3,False,,,,,,Derke,Team Vitality,neon,True,,,1,1,1,7,True,,,,,,Jamppi,Team Vitality,kayo,True,,,1,2,1,7,False,,,,,,Sayonara,Team Vitality,sova,True,,,1,2,1,6,False,,,,,,PROFEK,Team Vitality,astra,True,,,2,2,1,3,False,,,,,
460.110,732,PREROUND,2,1,2,,,,s0pp,FUT Esports,chamber,True,,,1,3,1,4,False,,,,,,xeus,FUT Esports,jett,True,,,2,1,1,5,False,,,,,,sociablEE,FUT Esports,fade,True,,,2,1,1,4,False,,,,,,yetujey,FUT Esports,astra,True,,,1,3,1,6,False,,,,,,KROSTALY,FUT Esports,kayo,True,,,1,1,1,5,False,,,,,,Chronicle,Team Vitality,chamber,True,,,0,6,1,3,False,,,,,,Derke,Team Vitality,neon,True,,,1,1,1,7,True,,,,,,Jamppi,Team Vitality,kayo,True,,,1,2,1,7,False,,,,,,Sayonara,Team Vitality,sova,True,,,1,2,1,6,False,,,,,,PROFEK,Team Vitality,astra,True,,,2,2,1,3,False,,,,,
460.593,733,PREROUND,2,1,2,,,,s0pp,FUT Esports,chamber,True,,,1,3,1,4,False,,,,,,xeus,FUT Esports,jett,True,,,2,1,1,5,False,,,,,,sociablEE,FUT Esports,fade,True,,,2,1,1,4,False,,,,,,yetujey,FUT Esports,astra,True,,,1,3,1,6,False,,,,,,KROSTALY,FUT Esports,kayo,True,,,1,1,1,5,False,,,,,,Chronicle,Team Vitality,chamber,True,,,1,6,1,3,False,,,,,,Derke,Team Vitality,neon,True,,,1,1,1,7,True,,,,,,Jamppi,Team Vitality,kayo,True,,,1,2,1,7,False,,,,,,Sayonara,Team Vitality,sova,True,,,1,2,1,6,False,,,,,,PROFEK,Team Vitality,astra,True,,,2,2,1,3,False,,,,,
461.077,734,PREROUND,2,1,2,,,,s0pp,FUT Esports,chamber,True,,,1,3,1,4,False,,,,,,xeus,FUT Esports,jett,True,,,2,1,1,5,False,,,,,,sociablEE,FUT Esports,fade,True,,,2,1,1,4,False,,,,,,yetujey,FUT Esports,astra,True,,,1,3,1,6,False,,,,,,KROSTALY,FUT Esports,kayo,True,,,1,1,1,5,False,,,,,,Chronicle,Team Vitality,chamber,True,,,1,6,1,3,False,,,,,,Derke,Team Vitality,neon,True,,,1,1,1,7,True,,,,,,Jamppi,Team Vitality,kayo,True,,,1,2,1,7,False,,,,,,Sayonara,Team Vitality,sova,True,,,1,2,1,6,False,,,,,,PROFEK,Team Vitality,astra,True,,,2,2,1,3,False,,,,,
461.561,735,PREROUND,2,1,2,,,,s0pp,FUT Esports,chamber,True,,,1,3,1,4,False,,,,,,xeus,FUT Esports,jett,True,,,2,1,1,5,False,,,,,,sociablEE,FUT Esports,fade,True,,,2,1,1,4,False,,,,,,yetujey,FUT Esports,astra,True,,,1,3,1,6,False,,,,,,KROSTALY,FUT Esports,kayo,True,,,1,1,1,5,False,,,,,,Chronicle,Team Vitality,chamber,True,,,1,6,1,3,False,,,,,,Derke,Team Vitality,neon,True,,,1,1,1,7,True,,,,,,Jamppi,Team Vitality,kayo,True,,,1,2,1,7,False,,,,,,Sayonara,Team Vitality,sova,True,,,1,2,1,6,False,,,,,,PROFEK,Team Vitality,astra,True,,,2,2,1,3,False,,,,,
462.045,736,PREROUND,2,1,2,,,,s0pp,FUT Esports,chamber,True,,,1,3,1,4,False,,,,,,xeus,FUT Esports,jett,True,,,2,1,1,5,False,,,,,,sociablEE,FUT Esports,fade,True,,,2,1,1,4,False,,,,,,yetujey,FUT Esports,astra,True,,,1,3,1,6,False,,,,,,KROSTALY,FUT Esports,kayo,True,,,1,1,1,5,False,,,,,,Chronicle,Team Vitality,chamber,True,,,1,6,1,3,False,,,,,,Derke,Team Vitality,neon,True,,,1,1,1,7,True,,,,,,Jamppi,Team Vitality,kayo,True,,,1,2,1,7,False,,,,,,Sayonara,Team Vitality,sova,True,,,1,2,1,6,False,,,,,,PROFEK,Team Vitality,astra,True,,,2,2,1,3,False,,,,,
462.529,737,PREROUND,2,1,2,,,,s0pp,FUT Esports,chamber,True,,,1,3,1,4,False,,,,,,xeus,FUT Esports,jett,True,,,2,1,1,5,False,,,,,,sociablEE,FUT Esports,fade,True,,,2,1,1,4,False,,,,,,yetujey,FUT Esports,astra,True,,,1,3,1,6,False,,,,,,KROSTALY,FUT Esports,kayo,True,,,1,1,1,5,False,,,,,,Chronicle,Team Vitality,chamber,True,,,1,6,1,3,False,,,,,,Derke,Team Vitality,neon,True,,,1,1,1,7,True,,,,,,Jamppi,Team Vitality,kayo,True,,,1,2,1,7,False,,,,,,Sayonara,Team Vitality,sova,True,,,1,2,1,6,False,,,,,,PROFEK,Team Vitality,astra,True,,,2,2,1,3,False,,,,,
463.013,738,PREROUND,2,1,2,,,,s0pp,FUT Esports,chamber,True,,,1,3,1,4,False,,,,,,xeus,FUT Esports,jett,True,,,2,1,1,5,False,,,,,,sociablEE,FUT Esports,fade,True,,,2,1,1,4,False,,,,,,yetujey,FUT Esports,astra,True,,,1,3,1,6,False,,,,,,KROSTALY,FUT Esports,kayo,True,,,1,1,1,5,False,,,,,,Chronicle,Team Vitality,chamber,True,,,1,6,1,3,False,,,,,,Derke,Team Vitality,neon,True,,,1,1,1,7,True,,,,,,Jamppi,Team Vitality,kayo,True,,,1,2,1,7,False,,,,,,Sayonara,Team Vitality,sova,True,,,1,2,1,6,False,,,,,,PROFEK,Team Vitality,astra,True,,,2,2,1,3,False,,,,,
463.496,739,PREROUND,2,1,2,,,,s0pp,FUT Esports,chamber,True,,,1,3,1,4,False,,,,,,xeus,FUT Esports,jett,True,,,2,1,1,5,False,,,,,,sociablEE,FUT Esports,fade,True,,,2,1,1,4,False,,,,,,yetujey,FUT Esports,astra,True,,,1,3,1,6,False,,,,,,KROSTALY,FUT Esports,kayo,True,,,1,1,1,5,False,,,,,,Chronicle,Team Vitality,chamber,True,,,1,6,1,3,False,,,,,,Derke,Team Vitality,neon,True,,,1,1,1,7,True,,,,,,Jamppi,Team Vitality,kayo,True,,,1,2,1,7,False,,,,,,Sayonara,Team Vitality,sova,True,,,1,2,1,6,False,,,,,,PROFEK,Team Vitality,astra,True,,,2,2,1,3,False,,,,,
463.980,740,PREROUND,2,1,2,,,,s0pp,FUT Esports,chamber,True,,,1,3,1,4,False,,,,,,xeus,FUT Esports,jett,True,,,2,1,1,5,False,,,,,,sociablEE,FUT Esports,fade,True,,,2,1,1,4,False,,,,,,yetujey,FUT Esports,astra,True,,,1,3,1,6,False,,,,,,KROSTALY,FUT Esports,kayo,True,,,1,1,1,5,False,,,,,,Chronicle,Team Vitality,chamber,True,,,1,6,1,3,False,,,,,,Derke,Team Vitality,neon,True,,,1,1,1,7,True,,,,,,Jamppi,Team Vitality,kayo,True,,,1,2,1,7,False,,,,,,Sayonara,Team Vitality,sova,True,,,1,2,1,6,False,,,,,,PROFEK,Team Vitality,astra,True,,,2,2,1,3,False,,,,,
464.464,741,PREROUND,2,1,2,,,,s0pp,FUT Esports,chamber,True,,,1,3,1,4,False,,,,,,xeus,FUT Esports,jett,True,,,2,1,1,5,False,,,,,,sociablEE,FUT Esports,fade,True,,,2,1,1,4,False,,,,,,yetujey,FUT Esports,astra,True,,,1,3,1,6,False,,,,,,KROSTALY,FUT Esports,kayo,True,,,1,1,1,5,False,,,,,,Chronicle,Team Vitality,chamber,True,,,1,6,1,3,False,,,,,,Derke,Team Vitality,neon,True,,,1,1,1,7,True,,,,,,Jamppi,Team Vitality,kayo,True,,,1,2,1,7,False,,,,,,Sayonara,Team Vitality,sova,True,,,1,2,1,6,False,,,,,,PROFEK,Team Vitality,astra,True,,,2,2,1,3,False,,,,,
464.948,742,PREROUND,2,1,2,,,,s0pp,FUT Esports,chamber,True,,,1,3,1,4,False,,,,,,xeus,FUT Esports,jett,True,,,2,1,1,5,False,,,,,,sociablEE,FUT Esports,fade,True,,,2,1,1,4,False,,,,,,yetujey,FUT Esports,astra,True,,,1,3,1,6,False,,,,,,KROSTALY,FUT Esports,kayo,True,,,1,1,1,5,False,,,,,,Chronicle,Team Vitality,chamber,True,,,1,6,1,3,False,,,,,,Derke,Team Vitality,neon,True,,,1,1,1,7,True,,,,,,Jamppi,Team Vitality,kayo,True,,,1,2,1,7,False,,,,,,Sayonara,Team Vitality,sova,True,,,1,2,1,6,False,,,,,,PROFEK,Team Vitality,astra,True,,,2,2,1,3,False,,,,,
465.432,743,PREROUND,2,1,2,,,,s0pp,FUT Esports,chamber,True,,,1,3,1,4,False,,,,,,xeus,FUT Esports,jett,True,,,2,1,1,5,False,,,,,,sociablEE,FUT Esports,fade,True,,,2,1,1,4,False,,,,,,yetujey,FUT Esports,astra,True,,,1,3,1,6,False,,,,,,KROSTALY,FUT Esports,kayo,True,,,1,1,1,5,False,,,,,,Chronicle,Team Vitality,chamber,True,,,1,6,1,3,False,,,,,,Derke,Team Vitality,neon,True,,,1,1,1,7,True,,,,,,Jamppi,Team Vitality,kayo,True,,,1,2,1,7,False,,,,,,Sayonara,Team Vitality,sova,True,,,1,2,1,6,False,,,,,,PROFEK,Team Vitality,astra,True,,,2,2,1,3,False,,,,,
465.915,744,PREROUND,2,1,2,,,,s0pp,FUT Esports,chamber,True,,,1,3,1,4,False,,,,,,xeus,FUT Esports,jett,True,,,2,1,1,5,False,,,,,,sociablEE,FUT Esports,fade,True,,,2,1,1,4,False,,,,,,yetujey,FUT Esports,astra,True,,,1,3,1,6,False,,,,,,KROSTALY,FUT Esports,kayo,True,,,1,1,1,5,False,,,,,,Chronicle,Team Vitality,chamber,True,,,1,6,1,3,False,,,,,,Derke,Team Vitality,neon,True,,,1,1,1,7,True,,,,,,Jamppi,Team Vitality,kayo,True,,,1,2,1,7,False,,,,,,Sayonara,Team Vitality,sova,True,,,1,2,1,6,False,,,,,,PROFEK,Team Vitality,astra,True,,,2,2,1,3,False,,,,,
466.399,745,PREROUND,2,1,2,,,,s0pp,FUT Esports,chamber,True,,,1,3,1,4,False,,,,,,xeus,FUT Esports,jett,True,,,2,1,1,5,False,,,,,,sociablEE,FUT Esports,fade,True,,,2,1,1,4,False,,,,,,yetujey,FUT Esports,astra,True,,,1,3,1,6,False,,,,,,KROSTALY,FUT Esports,kayo,True,,,0,2,1,5,False,,,,,,Chronicle,Team Vitality,chamber,True,,,1,6,1,3,False,,,,,,Derke,Team Vitality,neon,True,,,1,1,1,7,True,,,,,,Jamppi,Team Vitality,kayo,True,,,1,2,1,7,False,,,,,,Sayonara,Team Vitality,sova,True,,,1,2,1,6,False,,,,,,PROFEK,Team Vitality,astra,True,,,2,2,1,3,False,,,,,
466.883,746,PREROUND,2,1,2,,,,s0pp,FUT Esports,chamber,True,,,1,3,1,4,False,,,,,,xeus,FUT Esports,jett,True,,,2,1,1,5,False,,,,,,sociablEE,FUT Esports,fade,True,,,2,1,1,4,False,,,,,,yetujey,FUT Esports,astra,True,,,1,3,1,6,False,,,,,,KROSTALY,FUT Esports,kayo,True,,,0,2,1,5,False,,,,,,Chronicle,Team Vitality,chamber,True,,,1,6,1,3,False,,,,,,Derke,Team Vitality,neon,True,,,1,1,1,7,True,,,,,,Jamppi,Team Vitality,kayo,True,,,1,2,1,7,False,,,,,,Sayonara,Team Vitality,sova,True,,,1,2,1,6,False,,,,,,PROFEK,Team Vitality,astra,True,,,2,2,1,3,False,,,,,
467.367,747,PREROUND,2,1,2,,,,s0pp,FUT Esports,chamber,True,,,1,3,1,4,False,,,,,,xeus,FUT Esports,jett,True,,,2,1,1,5,False,,,,,,sociablEE,FUT Esports,fade,True,,,2,1,1,4,False,,,,,,yetujey,FUT Esports,astra,True,,,1,3,1,6,False,,,,,,KROSTALY,FUT Esports,kayo,True,,,0,2,1,5,False,,,,,,Chronicle,Team Vitality,chamber,True,,,1,6,1,3,False,,,,,,Derke,Team Vitality,neon,True,,,1,1,1,7,True,,,,,,Jamppi,Team Vitality,kayo,True,,,1,2,1,7,False,,,,,,Sayonara,Team Vitality,sova,True,,,1,2,1,6,False,,,,,,PROFEK,Team Vitality,astra,True,,,2,2,1,3,False,,,,,
467.851,748,PREROUND,2,1,2,,,,s0pp,FUT Esports,chamber,True,,,1,3,1,4,False,,,,,,xeus,FUT Esports,jett,True,,,2,1,1,5,False,,,,,,sociablEE,FUT Esports,fade,True,,,2,1,1,4,False,,,,,,yetujey,FUT Esports,astra,True,,,1,3,1,6,False,,,,,,KROSTALY,FUT Esports,kayo,True,,,0,2,1,5,False,,,,,,Chronicle,Team Vitality,chamber,True,,,1,6,1,3,False,,,,,,Derke,Team Vitality,neon,True,,,1,1,1,7,True,,,,,,Jamppi,Team Vitality,kayo,True,,,1,2,1,7,False,,,,,,Sayonara,Team Vitality,sova,True,,,1,2,1,6,False,,,,,,PROFEK,Team Vitality,astra,True,,,2,2,1,3,False,,,,,
468.335,749,PREROUND,2,1,2,,,,s0pp,FUT Esports,chamber,True,,,0,3,1,4,False,,,,,,xeus,FUT Esports,jett,True,,,2,1,1,5,False,,,,,,sociablEE,FUT Esports,fade,True,,,2,1,1,4,False,,,,,,yetujey,FUT Esports,astra,True,,,1,3,1,6,False,,,,,,KROSTALY,FUT Esports,kayo,True,,,0,2,1,5,False,,,,,,Chronicle,Team Vitality,chamber,True,,,0,6,1,3,False,,,,,,Derke,Team Vitality,neon,True,,,1,1,1,7,True,,,,,,Jamppi,Team Vitality,kayo,True,,,1,2,1,7,False,,,,,,Sayonara,Team Vitality,sova,True,,,1,2,1,6,False,,,,,,PROFEK,Team Vitality,astra,True,,,1,2,1,3,False,,,,,
468.818,750,PREROUND,2,1,2,,,,s0pp,FUT Esports,chamber,True,,,0,3,1,4,False,,,,,,xeus,FUT Esports,jett,True,,,2,1,1,5,False,,,,,,sociablEE,FUT Esports,fade,True,,,2,1,1,4,False,,,,,,yetujey,FUT Esports,astra,True,,,1,3,1,6,False,,,,,,KROSTALY,FUT Esports,kayo,True,,,0,2,1,5,False,,,,,,Chronicle,Team Vitality,chamber,True,,,0,6,1,3,False,,,,,,Derke,Team Vitality,neon,True,,,1,1,1,7,True,,,,,,Jamppi,Team Vitality,kayo,True,,,1,2,1,7,False,,,,,,Sayonara,Team Vitality,sova,True,,,1,2,1,6,False,,,,,,PROFEK,Team Vitality,astra,True,,,1,2,1,3,False,,,,,
469.302,751,PREROUND,2,1,2,,,,s0pp,FUT Esports,chamber,True,,,0,3,1,4,False,,,,,,xeus,FUT Esports,jett,True,,,2,1,1,5,False,,,,,,sociablEE,FUT Esports,fade,True,,,2,1,1,4,False,,,,,,yetujey,FUT Esports,astra,True,,,1,3,1,6,False,,,,,,KROSTALY,FUT Esports,kayo,True,,,0,2,1,5,False,,,,,,Chronicle,Team Vitality,chamber,True,,,0,6,1,3,False,,,,,,Derke,Team Vitality,neon,True,,,1,1,1,7,True,,,,,,Jamppi,Team Vitality,kayo,True,,,1,2,1,7,False,,,,,,Sayonara,Team Vitality,sova,True,,,1,2,1,6,False,,,,,,PROFEK,Team Vitality,astra,True,,,1,2,1,3,False,,,,,
469.786,752,PREROUND,2,1,2,,,,s0pp,FUT Esports,chamber,True,,,0,3,1,4,False,,,,,,xeus,FUT Esports,jett,True,,,2,1,1,5,False,,,,,,sociablEE,FUT Esports,fade,True,,,2,1,1,4,False,,,,,,yetujey,FUT Esports,astra,True,,,1,3,1,6,False,,,,,,KROSTALY,FUT Esports,kayo,True,,,0,2,1,5,False,,,,,,Chronicle,Team Vitality,chamber,True,,,0,6,1,3,False,,,,,,Derke,Team Vitality,neon,True,,,1,1,1,7,True,,,,,,Jamppi,Team Vitality,kayo,True,,,1,2,1,7,False,,,,,,Sayonara,Team Vitality,sova,True,,,1,2,1,6,False,,,,,,PROFEK,Team Vitality,astra,True,,,1,2,1,3,False,,,,,
470.270,753,PREROUND,2,1,2,,,,s0pp,FUT Esports,chamber,True,,,0,3,1,4,False,,,,,,xeus,FUT Esports,jett,True,,,2,1,1,5,False,,,,,,sociablEE,FUT Esports,fade,True,,,2,1,1,4,False,,,,,,yetujey,FUT Esports,astra,True,,,1,3,1,6,False,,,,,,KROSTALY,FUT Esports,kayo,True,,,0,2,1,5,False,,,,,,Chronicle,Team Vitality,chamber,True,,,0,6,1,3,False,,,,,,Derke,Team Vitality,neon,True,,,1,1,1,7,True,,,,,,Jamppi,Team Vitality,kayo,True,,,1,2,1,7,False,,,,,,Sayonara,Team Vitality,sova,True,,,1,2,1,6,False,,,,,,PROFEK,Team Vitality,astra,True,,,1,2,1,3,False,,,,,
470.754,754,PREROUND,2,1,2,,,,s0pp,FUT Esports,chamber,True,,,0,3,1,4,False,,,,,,xeus,FUT Esports,jett,True,,,2,1,1,5,False,,,,,,sociablEE,FUT Esports,fade,True,,,2,1,1,4,False,,,,,,yetujey,FUT Esports,astra,True,,,1,3,1,6,False,,,,,,KROSTALY,FUT Esports,kayo,True,,,0,2,1,5,False,,,,,,Chronicle,Team Vitality,chamber,True,,,0,6,1,3,False,,,,,,Derke,Team Vitality,neon,True,,,1,1,1,7,True,,,,,,Jamppi,Team Vitality,kayo,True,,,1,2,1,7,False,,,,,,Sayonara,Team Vitality,sova,True,,,1,2,1,6,False,,,,,,PROFEK,Team Vitality,astra,True,,,1,2,1,3,False,,,,,
471.237,755,PREROUND,2,1,2,,,,s0pp,FUT Esports,chamber,True,,,0,3,1,4,False,,,,,,xeus,FUT Esports,jett,True,,,2,1,1,5,False,,,,,,sociablEE,FUT Esports,fade,True,,,2,1,1,4,False,,,,,,yetujey,FUT Esports,astra,True,,,1,3,1,6,False,,,,,,KROSTALY,FUT Esports,kayo,True,,,0,2,1,5,False,,,,,,Chronicle,Team Vitality,chamber,True,,,0,6,1,3,False,,,,,,Derke,Team Vitality,neon,True,,,1,1,1,7,True,,,,,,Jamppi,Team Vitality,kayo,True,,,1,2,1,7,False,,,,,,Sayonara,Team Vitality,sova,True,,,1,2,1,6,False,,,,,,PROFEK,Team Vitality,astra,True,,,1,2,1,3,False,,,,,
471.721,756,PREROUND,2,1,2,,,,s0pp,FUT Esports,chamber,True,,,0,3,0,4,False,,,,,,xeus,FUT Esports,jett,True,,,2,1,1,5,False,,,,,,sociablEE,FUT Esports,fade,True,,,2,1,1,4,False,,,,,,yetujey,FUT Esports,astra,True,,,1,3,1,6,False,,,,,,KROSTALY,FUT Esports,kayo,True,,,0,2,1,5,False,,,,,,Chronicle,Team Vitality,chamber,True,,,0,6,1,3,False,,,,,,Derke,Team Vitality,neon,True,,,1,1,1,7,True,,,,,,Jamppi,Team Vitality,kayo,True,,,1,2,1,7,False,,,,,,Sayonara,Team Vitality,sova,True,,,1,2,1,6,False,,,,,,PROFEK,Team Vitality,astra,True,,,1,2,1,3,False,,,,,
472.205,757,PREROUND,2,1,2,,,,s0pp,FUT Esports,chamber,True,,,0,3,0,4,False,,,,,,xeus,FUT Esports,jett,True,,,2,1,1,5,False,,,,,,sociablEE,FUT Esports,fade,True,,,2,1,1,4,False,,,,,,yetujey,FUT Esports,astra,True,,,1,3,1,6,False,,,,,,KROSTALY,FUT Esports,kayo,True,,,0,2,1,5,False,,,,,,Chronicle,Team Vitality,chamber,True,,,0,6,1,3,False,,,,,,Derke,Team Vitality,neon,True,,,1,1,1,7,True,,,,,,Jamppi,Team Vitality,kayo,True,,,1,2,1,7,False,,,,,,Sayonara,Team Vitality,sova,True,,,1,2,1,6,False,,,,,,PROFEK,Team Vitality,astra,True,,,1,2,1,3,False,,,,,
472.689,758,PREROUND,2,1,2,,,,s0pp,FUT Esports,chamber,True,,,0,3,0,4,False,,,,,,xeus,FUT Esports,jett,True,,,2,1,1,5,False,,,,,,sociablEE,FUT Esports,fade,True,,,2,1,1,4,False,,,,,,yetujey,FUT Esports,astra,True,,,1,3,1,6,False,,,,,,KROSTALY,FUT Esports,kayo,True,,,0,2,1,5,False,,,,,,Chronicle,Team Vitality,chamber,True,,,0,6,1,3,False,,,,,,Derke,Team Vitality,neon,True,,,1,1,1,7,True,,,,,,Jamppi,Team Vitality,kayo,True,,,1,2,1,7,False,,,,,,Sayonara,Team Vitality,sova,True,,,1,2,1,6,False,,,,,,PROFEK,Team Vitality,astra,True,,,1,2,1,3,False,,,,,
473.173,759,PREROUND,2,1,2,,,,s0pp,FUT Esports,chamber,True,,,0,3,0,4,False,,,,,,xeus,FUT Esports,jett,True,,,2,1,1,5,False,,,,,,sociablEE,FUT Esports,fade,True,,,2,1,1,4,False,,,,,,yetujey,FUT Esports,astra,True,,,1,3,1,6,False,,,,,,KROSTALY,FUT Esports,kayo,True,,,0,2,1,5,False,,,,,,Chronicle,Team Vitality,chamber,True,,,0,6,1,3,False,,,,,,Derke,Team Vitality,neon,True,,,1,1,1,7,True,,,,,,Jamppi,Team Vitality,kayo,True,,,1,2,1,7,False,,,,,,Sayonara,Team Vitality,sova,True,,,1,2,1,6,False,,,,,,PROFEK,Team Vitality,astra,True,,,1,2,1,3,False,,,,,
473.657,760,PREROUND,2,1,2,,,,s0pp,FUT Esports,chamber,True,,,0,3,0,4,False,,,,,,xeus,FUT Esports,jett,True,,,2,1,1,5,False,,,,,,sociablEE,FUT Esports,fade,True,,,2,1,1,4,False,,,,,,yetujey,FUT Esports,astra,True,,,1,3,1,6,False,,,,,,KROSTALY,FUT Esports,kayo,True,,,0,2,1,5,False,,,,,,Chronicle,Team Vitality,chamber,True,,,0,6,1,3,False,,,,,,Derke,Team Vitality,neon,True,,,1,1,1,7,True,,,,,,Jamppi,Team Vitality,kayo,True,,,1,2,1,7,False,,,,,,Sayonara,Team Vitality,sova,True,,,1,2,1,6,False,,,,,,PROFEK,Team Vitality,astra,True,,,1,2,1,3,False,,,,,
474.140,761,PREROUND,2,1,2,,,,s0pp,FUT Esports,chamber,True,,,0,3,0,4,False,,,,,,xeus,FUT Esports,jett,True,,,2,1,1,5,False,,,,,,sociablEE,FUT Esports,fade,True,,,2,1,1,4,False,,,,,,yetujey,FUT Esports,astra,True,,,1,3,1,6,False,,,,,,KROSTALY,FUT Esports,kayo,True,,,0,2,1,5,False,,,,,,Chronicle,Team Vitality,chamber,True,,,0,6,1,3,False,,,,,,Derke,Team Vitality,neon,True,,,1,1,1,7,True,,,,,,Jamppi,Team Vitality,kayo,True,,,1,2,1,7,False,,,,,,Sayonara,Team Vitality,sova,True,,,1,2,1,6,False,,,,,,PROFEK,Team Vitality,astra,True,,,1,2,1,3,False,,,,,
474.624,762,PREROUND,2,1,2,,,,s0pp,FUT Esports,chamber,True,,,0,3,1,4,False,,,,,,xeus,FUT Esports,jett,True,,,2,1,1,5,False,,,,,,sociablEE,FUT Esports,fade,True,,,2,1,1,4,False,,,,,,yetujey,FUT Esports,astra,True,,,1,3,1,6,False,,,,,,KROSTALY,FUT Esports,kayo,True,,,0,2,1,5,False,,,,,,Chronicle,Team Vitality,chamber,True,,,0,6,1,3,False,,,,,,Derke,Team Vitality,neon,True,,,1,1,1,7,True,,,,,,Jamppi,Team Vitality,kayo,True,,,1,2,1,7,False,,,,,,Sayonara,Team Vitality,sova,True,,,1,2,1,6,False,,,,,,PROFEK,Team Vitality,astra,True,,,1,2,1,3,False,,,,,
475.108,763,PREROUND,2,1,2,,,,s0pp,FUT Esports,chamber,True,,,0,3,1,4,False,,,,,,xeus,FUT Esports,jett,True,,,2,1,1,5,False,,,,,,sociablEE,FUT Esports,fade,True,,,2,1,1,4,False,,,,,,yetujey,FUT Esports,astra,True,,,1,3,1,6,False,,,,,,KROSTALY,FUT Esports,kayo,True,,,0,2,1,5,False,,,,,,Chronicle,Team Vitality,chamber,True,,,0,6,1,3,False,,,,,,Derke,Team Vitality,neon,True,,,1,1,1,7,True,,,,,,Jamppi,Team Vitality,kayo,True,,,1,2,1,7,False,,,,,,Sayonara,Team Vitality,sova,True,,,1,2,1,6,False,,,,,,PROFEK,Team Vitality,astra,True,,,1,2,1,3,False,,,,,
475.592,764,PREROUND,2,1,2,,,,s0pp,FUT Esports,chamber,True,,,0,3,1,4,False,,,,,,xeus,FUT Esports,jett,True,,,2,1,1,5,False,,,,,,sociablEE,FUT Esports,fade,True,,,2,1,1,4,False,,,,,,yetujey,FUT Esports,astra,True,,,1,3,1,6,False,,,,,,KROSTALY,FUT Esports,kayo,True,,,0,2,1,5,False,,,,,,Chronicle,Team Vitality,chamber,True,,,0,6,1,3,False,,,,,,Derke,Team Vitality,neon,True,,,1,1,1,7,True,,,,,,Jamppi,Team Vitality,kayo,True,,,1,2,1,7,False,,,,,,Sayonara,Team Vitality,sova,True,,,1,2,1,6,False,,,,,,PROFEK,Team Vitality,astra,True,,,1,2,1,3,False,,,,,
476.076,765,PREROUND,2,1,2,,,,s0pp,FUT Esports,chamber,True,,,0,3,1,4,False,,,,,,xeus,FUT Esports,jett,True,,,2,1,1,5,False,,,,,,sociablEE,FUT Esports,fade,True,,,2,1,1,4,False,,,,,,yetujey,FUT Esports,astra,True,,,1,3,1,6,False,,,,,,KROSTALY,FUT Esports,kayo,True,,,0,2,1,5,False,,,,,,Chronicle,Team Vitality,chamber,True,,,0,6,1,3,False,,,,,,Derke,Team Vitality,neon,True,,,1,1,1,7,True,,,,,,Jamppi,Team Vitality,kayo,True,,,1,2,1,7,False,,,,,,Sayonara,Team Vitality,sova,True,,,1,2,1,6,False,,,,,,PROFEK,Team Vitality,astra,True,,,1,2,1,3,False,,,,,
476.559,766,PREROUND,2,1,2,,,,s0pp,FUT Esports,chamber,True,,,0,3,1,4,False,,,,,,xeus,FUT Esports,jett,True,,,2,1,1,5,False,,,,,,sociablEE,FUT Esports,fade,True,,,2,1,1,4,False,,,,,,yetujey,FUT Esports,astra,True,,,1,3,1,6,False,,,,,,KROSTALY,FUT Esports,kayo,True,,,0,2,1,5,False,,,,,,Chronicle,Team Vitality,chamber,True,,,0,6,1,3,False,,,,,,Derke,Team Vitality,neon,True,,,1,1,1,7,True,,,,,,Jamppi,Team Vitality,kayo,True,,,1,2,1,7,False,,,,,,Sayonara,Team Vitality,sova,True,,,1,2,1,6,False,,,,,,PROFEK,Team Vitality,astra,True,,,1,2,1,3,False,,,,,
477.043,767,PREROUND,2,1,2,,,,s0pp,FUT Esports,chamber,True,,,0,3,1,4,False,,,,,,xeus,FUT Esports,jett,True,,,2,1,1,5,False,,,,,,sociablEE,FUT Esports,fade,True,,,2,1,1,4,False,,,,,,yetujey,FUT Esports,astra,True,,,1,3,1,6,False,,,,,,KROSTALY,FUT Esports,kayo,True,,,0,2,1,5,False,,,,,,Chronicle,Team Vitality,chamber,True,,,0,6,1,3,False,,,,,,Derke,Team Vitality,neon,True,,,1,1,1,7,True,,,,,,Jamppi,Team Vitality,kayo,True,,,1,2,1,7,False,,,,,,Sayonara,Team Vitality,sova,True,,,1,2,1,6,False,,,,,,PROFEK,Team Vitality,astra,True,,,1,2,1,3,False,,,,,
477.527,768,PREROUND,2,1,2,,,,s0pp,FUT Esports,chamber,True,,,0,3,1,4,False,,,,,,xeus,FUT Esports,jett,True,,,2,1,1,5,False,,,,,,sociablEE,FUT Esports,fade,True,,,2,1,1,4,False,,,,,,yetujey,FUT Esports,astra,True,,,1,3,1,6,False,,,,,,KROSTALY,FUT Esports,kayo,True,,,0,2,1,5,False,,,,,,Chronicle,Team Vitality,chamber,True,,,0,6,1,3,False,,,,,,Derke,Team Vitality,neon,True,,,1,1,1,7,True,,,,,,Jamppi,Team Vitality,kayo,True,,,1,2,1,7,False,,,,,,Sayonara,Team Vitality,sova,True,,,1,2,1,6,False,,,,,,PROFEK,Team Vitality,astra,True,,,1,2,1,3,False,,,,,
478.011,769,PREROUND,2,1,2,,,,s0pp,FUT Esports,chamber,True,,,0,3,1,4,False,,,,,,xeus,FUT Esports,jett,True,,,2,1,1,5,False,,,,,,sociablEE,FUT Esports,fade,True,,,2,1,1,4,False,,,,,,yetujey,FUT Esports,astra,True,,,1,3,1,6,False,,,,,,KROSTALY,FUT Esports,kayo,True,,,0,2,1,5,False,,,,,,Chronicle,Team Vitality,chamber,True,,,0,6,1,3,False,,,,,,Derke,Team Vitality,neon,True,,,1,1,1,7,True,,,,,,Jamppi,Team Vitality,kayo,True,,,1,2,1,7,False,,,,,,Sayonara,Team Vitality,sova,True,,,1,2,1,6,False,,,,,,PROFEK,Team Vitality,astra,True,,,2,2,1,3,False,,,,,
478.495,770,PREROUND,2,1,2,,,,s0pp,FUT Esports,chamber,True,,,0,3,1,4,False,,,,,,xeus,FUT Esports,jett,True,,,2,1,1,5,False,,,,,,sociablEE,FUT Esports,fade,True,,,2,1,1,4,False,,,,,,yetujey,FUT Esports,astra,True,,,1,3,1,6,False,,,,,,KROSTALY,FUT Esports,kayo,True,,,0,2,1,5,False,,,,,,Chronicle,Team Vitality,chamber,True,,,0,6,1,3,False,,,,,,Derke,Team Vitality,neon,True,,,1,1,1,7,True,,,,,,Jamppi,Team Vitality,kayo,True,,,1,2,1,7,False,,,,,,Sayonara,Team Vitality,sova,True,,,1,2,1,6,False,,,,,,PROFEK,Team Vitality,astra,True,,,2,2,1,3,False,,,,,
478.978,771,ACTIVE_ROUND,2,1,2,99.000,,,s0pp,FUT Esports,chamber,True,,,0,3,1,4,False,,,,,,xeus,FUT Esports,jett,False,0,0,2,1,1,5,False,,,,0.1767,0.5211,sociablEE,FUT Esports,fade,True,,,2,1,1,4,False,,,,,,yetujey,FUT Esports,astra,True,,,1,3,1,6,False,,,,,,KROSTALY,FUT Esports,kayo,True,,,0,2,1,5,False,,,,0.8078,0.4522,Chronicle,Team Vitality,chamber,True,,,0,6,1,3,False,,,,0.6944,0.6311,Derke,Team Vitality,neon,True,,,1,1,1,7,True,,,,0.7889,0.6222,Jamppi,Team Vitality,kayo,True,,,1,2,1,7,False,,,,0.7400,0.6578,Sayonara,Team Vitality,sova,True,,,1,2,1,6,False,,,,,,PROFEK,Team Vitality,astra,True,,,2,2,1,3,False,,,,0.6467,0.7900
479.462,772,ACTIVE_ROUND,2,1,2,99.000,,,s0pp,FUT Esports,chamber,True,100,50,0,3,1,4,False,vandal,rifle,,,,xeus,FUT Esports,jett,False,100,50,2,1,1,5,False,vandal,rifle,,,,sociablEE,FUT Esports,fade,True,100,25,2,1,1,4,False,vandal,rifle,,,,yetujey,FUT Esports,astra,True,100,50,1,0,0,6,False,stinger,smg,,,,KROSTALY,FUT Esports,kayo,True,100,50,0,1,1,5,False,vandal,rifle,,0.8122,0.4389,Chronicle,Team Vitality,chamber,True,100,25,0,6,1,3,False,vandal,rifle,,0.6944,0.6311,Derke,Team Vitality,neon,True,100,25,1,1,1,7,True,phantom,rifle,,0.8067,0.6000,Jamppi,Team Vitality,kayo,True,100,25,1,2,0,7,False,vandal,rifle,,0.7400,0.6578,Sayonara,Team Vitality,sova,True,100,50,1,2,1,6,False,bulldog,rifle,,,,PROFEK,Team Vitality,astra,True,100,50,1,1,0,3,False,bulldog,rifle,,0.6667,0.7789
479.946,773,ACTIVE_ROUND,2,1,2,98.000,,,s0pp,FUT Esports,chamber,True,100,50,0,3,1,4,False,vandal,rifle,,,,xeus,FUT Esports,jett,False,100,50,2,1,1,5,False,vandal,rifle,,,,sociablEE,FUT Esports,fade,True,100,25,2,1,1,4,False,vandal,rifle,,0.8122,0.4022,yetujey,FUT Esports,astra,True,100,50,1,0,0,6,False,stinger,smg,,,,KROSTALY,FUT Esports,kayo,True,100,50,0,1,1,5,False,vandal,rifle,,0.8167,0.4500,Chronicle,Team Vitality,chamber,True,100,25,0,6,1,3,False,vandal,rifle,,0.6078,0.8133,Derke,Team Vitality,neon,True,100,25,1,1,1,7,True,phantom,rifle,,0.8067,0.6000,Jamppi,Team Vitality,kayo,True,100,25,1,2,0,7,False,vandal,rifle,,0.7400,0.6578,Sayonara,Team Vitality,sova,True,100,50,1,2,1,6,False,bulldog,rifle,,,,PROFEK,Team Vitality,astra,True,100,50,1,1,0,3,False,bulldog,rifle,,0.6667,0.7789
480.430,774,ACTIVE_ROUND,2,1,2,98.000,,,s0pp,FUT Esports,chamber,True,100,50,0,3,1,4,False,vandal,rifle,,,,xeus,FUT Esports,jett,True,100,50,2,1,1,5,False,vandal,rifle,,,,sociablEE,FUT Esports,fade,True,100,25,2,1,1,4,False,vandal,rifle,,0.8056,0.3800,yetujey,FUT Esports,astra,True,100,50,1,0,0,6,False,stinger,smg,,,,KROSTALY,FUT Esports,kayo,True,100,50,0,1,1,5,False,vandal,rifle,,0.8300,0.4611,Chronicle,Team Vitality,chamber,True,100,25,0,6,1,3,False,vandal,rifle,,0.1078,0.7200,Derke,Team Vitality,neon,True,100,25,1,1,1,7,True,phantom,rifle,,0.8067,0.6000,Jamppi,Team Vitality,kayo,True,100,25,1,2,0,7,False,vandal,rifle,,0.7400,0.6578,Sayonara,Team Vitality,sova,True,100,50,1,2,1,6,False,bulldog,rifle,,,,PROFEK,Team Vitality,astra,True,100,50,1,1,0,3,False,bulldog,rifle,,0.6667,0.7789
480.914,775,ACTIVE_ROUND,2,1,2,97.000,,,s0pp,FUT Esports,chamber,True,100,50,0,3,1,4,False,vandal,rifle,,,,xeus,FUT Esports,jett,True,100,50,2,1,1,5,False,vandal,rifle,,0.8144,0.3922,sociablEE,FUT Esports,fade,True,100,25,2,1,1,4,False,vandal,rifle,,0.8056,0.3800,yetujey,FUT Esports,astra,True,100,50,1,0,0,6,False,stinger,smg,,,,KROSTALY,FUT Esports,kayo,True,100,50,0,1,1,5,False,vandal,rifle,,0.7656,0.3722,Chronicle,Team Vitality,chamber,True,100,25,0,6,1,3,False,vandal,rifle,,0.8233,0.4489,Derke,Team Vitality,neon,True,100,25,1,1,1,7,True,phantom,rifle,,0.7133,0.7533,Jamppi,Team Vitality,kayo,True,100,25,1,2,0,7,False,vandal,rifle,,0.8467,0.4533,Sayonara,Team Vitality,sova,True,100,50,1,2,1,6,False,bulldog,rifle,,,,PROFEK,Team Vitality,astra,True,100,50,1,1,0,3,False,bulldog,rifle,,0.6667,0.7789
481.398,776,ACTIVE_ROUND,2,1,2,97.000,,,s0pp,FUT Esports,chamber,True,100,50,0,3,1,4,False,vandal,rifle,,,,xeus,FUT Esports,jett,True,100,50,1,0,0,5,False,vandal,rifle,,0.8500,0.4167,sociablEE,FUT Esports,fade,True,100,25,2,1,0,4,False,vandal,rifle,,0.8056,0.3800,yetujey,FUT Esports,astra,True,100,50,1,1,0,6,False,stinger,smg,,,,KROSTALY,FUT Esports,kayo,True,100,50,0,1,1,5,False,vandal,rifle,,0.1589,0.5767,Chronicle,Team Vitality,chamber,True,100,25,0,6,1,3,False,vandal,rifle,,0.6967,0.6333,Derke,Team Vitality,neon,True,100,25,1,1,1,7,True,phantom,rifle,,0.7133,0.7533,Jamppi,Team Vitality,kayo,True,100,25,1,1,0,7,False,vandal,rifle,,0.8467,0.4533,Sayonara,Team Vitality,sova,True,100,50,1,2,1,6,False,bulldog,rifle,,,,PROFEK,Team Vitality,astra,True,100,50,1,2,0,3,False,bulldog,rifle,,0.6667,0.7789
481.881,777,ACTIVE_ROUND,2,1,2,96.000,,,s0pp,FUT Esports,chamber,True,100,50,0,3,1,4,False,vandal,rifle,,,,xeus,FUT Esports,jett,True,100,50,1,0,0,5,False,vandal,rifle,,0.8944,0.5700,sociablEE,FUT Esports,fade,True,100,25,2,1,0,4,False,vandal,rifle,,0.8033,0.3444,yetujey,FUT Esports,astra,True,100,50,1,1,0,6,False,stinger,smg,,0.8311,0.3878,KROSTALY,FUT Esports,kayo,True,100,50,0,1,1,5,False,vandal,rifle,,0.7944,0.4078,Chronicle,Team Vitality,chamber,True,100,25,0,6,1,3,False,vandal,rifle,,0.7033,0.6311,Derke,Team Vitality,neon,True,100,25,1,1,1,7,True,phantom,rifle,,0.7133,0.7533,Jamppi,Team Vitality,kayo,True,100,25,1,1,0,7,False,vandal,rifle,,0.8467,0.4533,Sayonara,Team Vitality,sova,True,100,50,1,2,1,6,False,bulldog,rifle,,0.8311,0.6000,PROFEK,Team Vitality,astra,True,100,50,1,2,0,3,False,bulldog,rifle,,0.6667,0.7789
482.365,778,ACTIVE_ROUND,2,1,2,96.000,,,s0pp,FUT Esports,chamber,True,100,50,0,3,1,4,False,vandal,rifle,,,,xeus,FUT Esports,jett,True,100,50,1,0,0,5,False,vandal,rifle,,0.8344,0.3500,sociablEE,FUT Esports,fade,True,100,25,2,1,0,4,False,vandal,rifle,,0.8033,0.3444,yetujey,FUT Esports,astra,True,100,50,1,1,0,6,False,stinger,smg,,0.8311,0.3878,KROSTALY,FUT Esports,kayo,False,,50,0,1,1,5,False,vandal,rifle,,0.7856,0.3367,Chronicle,Team Vitality,chamber,True,100,25,0,6,1,3,False,vandal,rifle,,0.6411,0.7511,Derke,Team Vitality,neon,True,100,25,1,1,1,7,True,phantom,rifle,,0.7133,0.7533,Jamppi,Team Vitality,kayo,True,100,25,1,1,0,7,False,vandal,rifle,,0.8467,0.4533,Sayonara,Team Vitality,sova,True,100,50,1,2,1,6,False,bulldog,rifle,,0.8356,0.6133,PROFEK,Team Vitality,astra,True,100,50,1,2,0,3,False,bulldog,rifle,,0.6667,0.7789
482.849,779,ACTIVE_ROUND,2,1,2,95.000,,,s0pp,FUT Esports,chamber,True,100,50,0,3,1,4,False,vandal,rifle,,0.1667,0.6022,xeus,FUT Esports,jett,True,100,50,1,0,0,5,False,vandal,rifle,,0.1767,0.6344,sociablEE,FUT Esports,fade,True,100,25,2,1,0,4,False,vandal,rifle,,0.8189,0.3044,yetujey,FUT Esports,astra,True,100,50,1,1,0,6,False,stinger,smg,,0.8311,0.3878,KROSTALY,FUT Esports,kayo,False,,50,0,1,1,5,False,vandal,rifle,,,,Chronicle,Team Vitality,chamber,True,100,25,0,6,1,3,False,vandal,rifle,,0.6078,0.7689,Derke,Team Vitality,neon,True,100,25,1,1,1,7,True,phantom,rifle,,0.9378,0.5178,Jamppi,Team Vitality,kayo,True,100,25,1,1,0,7,False,vandal,rifle,,0.8467,0.4533,Sayonara,Team Vitality,sova,True,100,50,1,2,1,6,False,bulldog,rifle,,0.8356,0.6133,PROFEK,Team Vitality,astra,True,100,50,1,2,0,3,False,bulldog,rifle,,0.6667,0.7789
483.333,780,ACTIVE_ROUND,2,1,2,95.000,,,s0pp,FUT Esports,chamber,True,100,50,0,3,1,4,False,vandal,rifle,,0.1578,0.6067,xeus,FUT Esports,jett,True,100,50,0,0,0,6,False,unknown,unknown,,0.8589,0.3256,sociablEE,FUT Esports,fade,True,100,25,2,1,0,4,False,vandal,rifle,,0.8344,0.3000,yetujey,FUT Esports,astra,True,100,50,1,0,0,6,False,stinger,smg,,0.8489,0.4300,KROSTALY,FUT Esports,kayo,False,,50,0,1,1,5,False,vandal,rifle,,,,Chronicle,Team Vitality,chamber,True,100,25,0,6,1,3,False,vandal,rifle,,0.8856,0.5289,Derke,Team Vitality,neon,False,,25,0,0,0,7,True,unknown,unknown,,0.9378,0.5178,Jamppi,Team Vitality,kayo,True,100,25,1,1,0,7,False,vandal,rifle,,0.8467,0.4533,Sayonara,Team Vitality,sova,True,100,50,1,2,1,6,False,bulldog,rifle,,0.8400,0.6044,PROFEK,Team Vitality,astra,True,100,50,1,1,0,3,False,bulldog,rifle,,0.6667,0.7789
483.817,781,ACTIVE_ROUND,2,1,2,94.000,,,s0pp,FUT Esports,chamber,True,100,50,0,3,1,4,False,vandal,rifle,,0.1533,0.6089,xeus,FUT Esports,jett,False,,50,0,0,0,6,False,unknown,unknown,,0.8567,0.3189,sociablEE,FUT Esports,fade,True,100,25,2,1,0,4,False,vandal,rifle,,0.8278,0.2978,yetujey,FUT Esports,astra,True,100,50,1,0,0,6,False,stinger,smg,,0.8511,0.4322,KROSTALY,FUT Esports,kayo,False,,50,0,1,1,5,False,vandal,rifle,,,,Chronicle,Team Vitality,chamber,True,100,25,0,6,1,3,False,vandal,rifle,,0.6944,0.6778,Derke,Team Vitality,neon,False,,25,0,0,0,7,True,unknown,unknown,,,,Jamppi,Team Vitality,kayo,True,100,25,1,1,0,7,False,vandal,rifle,,0.7911,0.5978,Sayonara,Team Vitality,sova,True,100,50,1,2,1,6,False,bulldog,rifle,,0.8400,0.6044,PROFEK,Team Vitality,astra,True,100,50,1,1,0,3,False,bulldog,rifle,,0.7089,0.7544
484.300,782,ACTIVE_ROUND,2,1,2,94.000,,,s0pp,FUT Esports,chamber,True,100,50,0,3,1,4,False,vandal,rifle,,0.1467,0.6133,xeus,FUT Esports,jett,False,,50,0,0,0,6,False,unknown,unknown,,,,sociablEE,FUT Esports,fade,True,100,25,2,1,0,4,False,vandal,rifle,,0.8100,0.3044,yetujey,FUT Esports,astra,True,100,50,1,0,0,6,False,stinger,smg,,0.8578,0.4256,KROSTALY,FUT Esports,kayo,False,,50,0,1,1,5,False,vandal,rifle,,,,Chronicle,Team Vitality,chamber,True,100,25,0,6,1,3,False,vandal,rifle,,0.8011,0.4356,Derke,Team Vitality,neon,False,,25,0,0,0,7,True,unknown,unknown,,,,Jamppi,Team Vitality,kayo,True,100,25,1,1,0,7,False,vandal,rifle,,0.7911,0.5978,Sayonara,Team Vitality,sova,True,100,50,1,2,1,6,False,bulldog,rifle,,0.8400,0.6044,PROFEK,Team Vitality,astra,True,100,50,1,1,0,3,False,bulldog,rifle,,0.7089,0.7544
484.784,783,ACTIVE_ROUND,2,1,2,93.000,,,s0pp,FUT Esports,chamber,True,100,50,0,3,1,4,False,vandal,rifle,,0.1422,0.6156,xeus,FUT Esports,jett,False,,50,0,0,0,6,False,unknown,unknown,,,,sociablEE,FUT Esports,fade,True,100,25,2,1,0,4,False,vandal,rifle,,0.8100,0.3022,yetujey,FUT Esports,astra,True,100,50,1,0,0,6,False,stinger,smg,,0.8689,0.4278,KROSTALY,FUT Esports,kayo,False,,50,0,1,1,5,False,vandal,rifle,,,,Chronicle,Team Vitality,chamber,True,100,25,0,6,1,3,False,vandal,rifle,,0.8144,0.4400,Derke,Team Vitality,neon,False,,25,0,0,0,7,True,unknown,unknown,,,,Jamppi,Team Vitality,kayo,True,100,25,1,1,0,7,False,vandal,rifle,,0.7911,0.5978,Sayonara,Team Vitality,sova,True,100,50,1,2,1,6,False,bulldog,rifle,,0.8400,0.6044,PROFEK,Team Vitality,astra,True,100,50,1,1,0,3,False,bulldog,rifle,,0.7089,0.7544
485.268,784,ACTIVE_ROUND,2,1,2,93.000,,,s0pp,FUT Esports,chamber,True,100,50,0,3,1,4,False,vandal,rifle,,0.1356,0.6244,xeus,FUT Esports,jett,False,,50,0,0,0,6,False,unknown,unknown,,,,sociablEE,FUT Esports,fade,True,100,25,2,1,0,4,False,vandal,rifle,,0.8122,0.2889,yetujey,FUT Esports,astra,True,100,50,1,1,0,6,False,stinger,smg,,0.8778,0.4278,KROSTALY,FUT Esports,kayo,False,,50,0,1,1,5,False,vandal,rifle,,,,Chronicle,Team Vitality,chamber,True,100,25,0,6,1,3,False,vandal,rifle,,0.7722,0.6467,Derke,Team Vitality,neon,False,,25,0,0,0,7,True,unknown,unknown,,,,Jamppi,Team Vitality,kayo,True,100,25,1,1,0,7,True,vandal,rifle,,0.8467,0.5978,Sayonara,Team Vitality,sova,True,100,50,0,2,1,6,False,bulldog,rifle,,0.8867,0.5667,PROFEK,Team Vitality,astra,True,100,50,1,1,0,3,False,bulldog,rifle,,0.7089,0.7544
485.752,785,ACTIVE_ROUND,2,1,2,92.000,,,s0pp,FUT Esports,chamber,True,100,50,0,3,1,4,False,vandal,rifle,,0.1311,0.6289,xeus,FUT Esports,jett,False,,50,0,0,0,6,False,unknown,unknown,,,,sociablEE,FUT Esports,fade,True,100,25,2,1,0,4,False,vandal,rifle,,0.8122,0.2778,yetujey,FUT Esports,astra,True,100,50,1,1,0,6,False,stinger,smg,,0.8778,0.4278,KROSTALY,FUT Esports,kayo,False,,50,0,1,1,5,False,vandal,rifle,,,,Chronicle,Team Vitality,chamber,True,100,25,0,6,1,3,False,vandal,rifle,,0.8233,0.4444,Derke,Team Vitality,neon,False,,25,0,0,0,7,True,unknown,unknown,,,,Jamppi,Team Vitality,kayo,True,100,25,1,1,0,7,True,vandal,rifle,,0.8467,0.5978,Sayonara,Team Vitality,sova,True,100,50,0,2,1,6,False,bulldog,rifle,,0.8867,0.5644,PROFEK,Team Vitality,astra,True,100,50,1,1,0,3,False,bulldog,rifle,,0.7089,0.7544
486.236,786,ACTIVE_ROUND,2,1,2,92.000,,,s0pp,FUT Esports,chamber,True,100,50,0,3,1,4,False,vandal,rifle,,0.1267,0.6356,xeus,FUT Esports,jett,False,,50,0,0,0,6,False,unknown,unknown,,,,sociablEE,FUT Esports,fade,True,100,25,2,1,0,4,False,vandal,rifle,,0.8122,0.2756,yetujey,FUT Esports,astra,True,100,50,1,1,0,6,False,stinger,smg,,0.8800,0.4278,KROSTALY,FUT Esports,kayo,False,,50,0,1,1,5,False,vandal,rifle,,,,Chronicle,Team Vitality,chamber,True,100,25,0,6,1,3,False,vandal,rifle,,0.7922,0.6178,Derke,Team Vitality,neon,False,,25,0,0,0,7,True,unknown,unknown,,,,Jamppi,Team Vitality,kayo,True,100,25,1,1,0,7,True,vandal,rifle,,0.8844,0.5933,Sayonara,Team Vitality,sova,True,100,50,0,2,1,6,False,bulldog,rifle,,0.8867,0.5667,PROFEK,Team Vitality,astra,True,100,50,1,1,0,3,False,bulldog,rifle,,0.7089,0.7567
486.720,787,ACTIVE_ROUND,2,1,2,91.000,,,s0pp,FUT Esports,chamber,True,100,50,0,3,1,4,False,vandal,rifle,,0.1244,0.6378,xeus,FUT Esports,jett,False,,50,0,0,0,6,False,unknown,unknown,,,,sociablEE,FUT Esports,fade,True,100,25,2,1,0,4,False,vandal,rifle,,0.8211,0.2756,yetujey,FUT Esports,astra,True,100,50,1,1,0,6,False,stinger,smg,,0.8844,0.4278,KROSTALY,FUT Esports,kayo,False,,50,0,1,1,5,False,vandal,rifle,,,,Chronicle,Team Vitality,chamber,True,100,25,0,6,1,3,False,vandal,rifle,,0.8122,0.6089,Derke,Team Vitality,neon,False,,25,0,0,0,7,True,unknown,unknown,,,,Jamppi,Team Vitality,kayo,True,100,25,1,1,0,7,True,vandal,rifle,,0.8844,0.5933,Sayonara,Team Vitality,sova,True,100,50,0,2,1,6,False,bulldog,rifle,,0.8867,0.5644,PROFEK,Team Vitality,astra,True,100,50,1,1,0,3,False,bulldog,rifle,,0.6756,0.7722
487.203,788,ACTIVE_ROUND,2,1,2,91.000,,,s0pp,FUT Esports,chamber,True,100,50,0,3,1,4,False,vandal,rifle,,0.1200,0.6422,xeus,FUT Esports,jett,False,,50,0,0,0,6,False,unknown,unknown,,,,sociablEE,FUT Esports,fade,True,100,25,2,1,0,4,False,vandal,rifle,,0.8278,0.2756,yetujey,FUT Esports,astra,True,100,50,1,0,0,6,False,stinger,smg,,0.8956,0.4278,KROSTALY,FUT Esports,kayo,False,,50,0,1,1,5,False,vandal,rifle,,,,Chronicle,Team Vitality,chamber,True,100,25,0,6,1,3,False,vandal,rifle,,0.7656,0.6222,Derke,Team Vitality,neon,False,,25,0,0,0,7,True,unknown,unknown,,,,Jamppi,Team Vitality,kayo,True,100,25,1,1,0,7,True,vandal,rifle,,0.8844,0.5933,Sayonara,Team Vitality,sova,True,100,50,0,2,1,6,False,bulldog,rifle,,0.8867,0.5644,PROFEK,Team Vitality,astra,True,100,50,1,0,0,3,False,bulldog,rifle,,0.6711,0.7656
487.687,789,ACTIVE_ROUND,2,1,2,90.000,,,s0pp,FUT Esports,chamber,True,100,50,0,3,1,4,False,vandal,rifle,,0.1200,0.6422,xeus,FUT Esports,jett,False,,50,0,0,0,6,False,unknown,unknown,,,,sociablEE,FUT Esports,fade,True,100,25,2,1,0,4,False,vandal,rifle,,0.8278,0.2756,yetujey,FUT Esports,astra,True,100,50,1,0,0,6,False,stinger,smg,,0.0933,0.6811,KROSTALY,FUT Esports,kayo,False,,50,0,1,1,5,False,vandal,rifle,,,,Chronicle,Team Vitality,chamber,True,100,25,0,6,1,3,False,vandal,rifle,,0.5611,0.7867,Derke,Team Vitality,neon,False,,25,0,0,0,7,True,unknown,unknown,,,,Jamppi,Team Vitality,kayo,True,100,25,1,1,0,7,True,vandal,rifle,,0.8844,0.5933,Sayonara,Team Vitality,sova,True,100,50,0,2,1,6,False,bulldog,rifle,,0.8867,0.5644,PROFEK,Team Vitality,astra,True,100,50,1,0,0,3,False,bulldog,rifle,,0.6711,0.7656
488.171,790,ACTIVE_ROUND,2,1,2,90.000,,,s0pp,FUT Esports,chamber,True,100,50,0,3,1,4,False,vandal,rifle,,0.1200,0.6422,xeus,FUT Esports,jett,False,,50,0,0,0,6,False,unknown,unknown,,,,sociablEE,FUT Esports,fade,True,100,25,2,1,0,4,False,vandal,rifle,,0.8344,0.2756,yetujey,FUT Esports,astra,True,100,50,1,0,0,6,False,stinger,smg,,0.0933,0.6789,KROSTALY,FUT Esports,kayo,False,,50,0,1,1,5,False,vandal,rifle,,,,Chronicle,Team Vitality,chamber,True,100,25,0,6,1,3,False,vandal,rifle,,0.5611,0.7867,Derke,Team Vitality,neon,False,,25,0,0,0,7,True,unknown,unknown,,,,Jamppi,Team Vitality,kayo,True,100,25,1,1,0,7,True,vandal,rifle,,0.9133,0.5333,Sayonara,Team Vitality,sova,True,100,50,0,2,1,6,False,bulldog,rifle,,0.8867,0.5644,PROFEK,Team Vitality,astra,True,100,50,1,0,0,3,False,bulldog,rifle,,0.6711,0.7656
488.655,791,ACTIVE_ROUND,2,1,2,89.000,,,s0pp,FUT Esports,chamber,True,100,50,0,3,1,4,False,vandal,rifle,,0.1200,0.6422,xeus,FUT Esports,jett,False,,50,0,0,0,6,False,unknown,unknown,,,,sociablEE,FUT Esports,fade,True,100,25,2,1,0,4,False,vandal,rifle,,0.8344,0.2778,yetujey,FUT Esports,astra,True,100,50,1,0,0,6,False,stinger,smg,,0.9044,0.4278,KROSTALY,FUT Esports,kayo,False,,50,0,1,1,5,False,vandal,rifle,,,,Chronicle,Team Vitality,chamber,True,100,25,0,6,1,3,False,vandal,rifle,,0.1122,0.7244,Derke,Team Vitality,neon,False,,25,0,0,0,7,True,unknown,unknown,,,,Jamppi,Team Vitality,kayo,True,100,25,1,1,0,7,True,vandal,rifle,,0.9089,0.5156,Sayonara,Team Vitality,sova,True,100,50,0,2,1,6,False,bulldog,rifle,,0.8867,0.5644,PROFEK,Team Vitality,astra,True,100,50,1,0,0,3,False,bulldog,rifle,,0.7089,0.7611
489.139,792,ACTIVE_ROUND,2,1,2,89.000,,,s0pp,FUT Esports,chamber,True,100,50,0,3,1,4,False,vandal,rifle,,0.1200,0.6422,xeus,FUT Esports,jett,False,,50,0,0,0,6,False,unknown,unknown,,,,sociablEE,FUT Esports,fade,True,100,25,2,1,0,4,False,vandal,rifle,,0.8367,0.2800,yetujey,FUT Esports,astra,True,100,50,1,1,0,6,False,stinger,smg,,0.0933,0.6767,KROSTALY,FUT Esports,kayo,False,,50,0,1,1,5,False,vandal,rifle,,,,Chronicle,Team Vitality,chamber,True,100,25,0,6,1,3,False,vandal,rifle,,0.8989,0.5556,Derke,Team Vitality,neon,False,,25,0,0,0,7,True,unknown,unknown,,,,Jamppi,Team Vitality,kayo,True,100,25,1,1,0,7,True,vandal,rifle,,0.8978,0.5022,Sayonara,Team Vitality,sova,True,100,50,0,2,1,6,False,bulldog,rifle,,0.8178,0.4733,PROFEK,Team Vitality,astra,True,100,50,1,0,0,3,False,bulldog,rifle,,0.7111,0.7522
489.622,793,ACTIVE_ROUND,2,1,2,88.000,,,s0pp,FUT Esports,chamber,True,100,50,0,3,1,4,False,vandal,rifle,,0.1200,0.6422,xeus,FUT Esports,jett,False,,50,0,0,0,6,False,unknown,unknown,,,,sociablEE,FUT Esports,fade,True,100,25,2,1,0,4,False,vandal,rifle,,0.8389,0.2756,yetujey,FUT Esports,astra,True,100,50,1,1,0,6,False,stinger,smg,,0.9022,0.4278,KROSTALY,FUT Esports,kayo,False,,50,0,1,1,5,False,vandal,rifle,,,,Chronicle,Team Vitality,chamber,True,100,25,0,6,1,3,False,vandal,rifle,,0.9011,0.5356,Derke,Team Vitality,neon,False,,25,0,0,0,7,True,unknown,unknown,,,,Jamppi,Team Vitality,kayo,True,100,25,1,1,0,7,True,vandal,rifle,,0.8867,0.4933,Sayonara,Team Vitality,sova,True,100,50,0,2,1,6,False,bulldog,rifle,,0.8867,0.5644,PROFEK,Team Vitality,astra,True,100,50,1,0,0,3,False,bulldog,rifle,,0.7422,0.7367
490.106,794,ACTIVE_ROUND,2,1,2,88.000,,,s0pp,FUT Esports,chamber,True,100,50,0,3,1,4,False,vandal,rifle,,0.1222,0.6333,xeus,FUT Esports,jett,False,,50,0,0,0,6,False,unknown,unknown,,,,sociablEE,FUT Esports,fade,True,100,25,2,1,0,4,False,vandal,rifle,,0.8433,0.2756,yetujey,FUT Esports,astra,True,100,50,1,1,0,6,False,stinger,smg,,0.9000,0.4278,KROSTALY,FUT Esports,kayo,False,,50,0,1,1,5,False,vandal,rifle,,,,Chronicle,Team Vitality,chamber,True,100,25,0,6,1,3,False,vandal,rifle,,0.8989,0.5156,Derke,Team Vitality,neon,False,,25,0,0,0,7,True,unknown,unknown,,,,Jamppi,Team Vitality,kayo,True,100,25,1,1,0,7,True,vandal,rifle,,0.8733,0.4267,Sayonara,Team Vitality,sova,True,100,50,0,2,1,6,False,bulldog,rifle,,0.8867,0.5667,PROFEK,Team Vitality,astra,True,100,50,1,0,0,3,False,bulldog,rifle,,0.7533,0.7211
490.590,795,ACTIVE_ROUND,2,1,2,87.000,,,s0pp,FUT Esports,chamber,True,100,50,0,3,1,4,False,vandal,rifle,,0.1289,0.6267,xeus,FUT Esports,jett,False,,50,0,0,0,6,False,unknown,unknown,,,,sociablEE,FUT Esports,fade,True,100,25,2,1,0,4,False,vandal,rifle,,0.8589,0.2756,yetujey,FUT Esports,astra,True,100,50,1,1,0,6,False,stinger,smg,,0.8933,0.4278,KROSTALY,FUT Esports,kayo,False,,50,0,1,1,5,False,vandal,rifle,,,,Chronicle,Team Vitality,chamber,True,100,25,0,6,1,3,False,vandal,rifle,,0.8011,0.5022,Derke,Team Vitality,neon,False,,25,0,0,0,7,True,unknown,unknown,,,,Jamppi,Team Vitality,kayo,True,100,25,1,1,0,7,True,vandal,rifle,,0.8733,0.4267,Sayonara,Team Vitality,sova,True,100,50,0,2,1,6,False,bulldog,rifle,,0.8867,0.5667,PROFEK,Team Vitality,astra,True,100,50,1,0,0,3,False,bulldog,rifle,,0.7600,0.6967
491.074,796,ACTIVE_ROUND,2,1,2,87.000,,,s0pp,FUT Esports,chamber,True,100,50,0,3,1,4,False,vandal,rifle,,0.1467,0.6156,xeus,FUT Esports,jett,False,,50,0,0,0,6,False,unknown,unknown,,,,sociablEE,FUT Esports,fade,True,100,25,2,1,0,4,False,vandal,rifle,,0.8678,0.2756,yetujey,FUT Esports,astra,True,100,50,1,1,0,6,False,stinger,smg,,0.8867,0.4278,KROSTALY,FUT Esports,kayo,False,,50,0,1,1,5,False,vandal,rifle,,,,Chronicle,Team Vitality,chamber,True,100,25,0,6,1,3,False,vandal,rifle,,0.8700,0.5000,Derke,Team Vitality,neon,False,,25,0,0,0,7,True,unknown,unknown,,,,Jamppi,Team Vitality,kayo,True,100,25,1,1,0,0,False,vandal,rifle,,0.8733,0.4267,Sayonara,Team Vitality,sova,True,100,50,0,2,1,6,False,bulldog,rifle,,0.9022,0.5511,PROFEK,Team Vitality,astra,True,100,50,1,0,0,3,False,bulldog,rifle,,0.7644,0.6744
491.558,797,ACTIVE_ROUND,2,1,2,86.000,,,s0pp,FUT Esports,chamber,True,100,50,0,3,1,4,False,vandal,rifle,,0.1667,0.6022,xeus,FUT Esports,jett,False,,50,0,0,0,6,False,unknown,unknown,,,,sociablEE,FUT Esports,fade,True,100,25,2,1,0,4,False,vandal,rifle,,0.8633,0.2756,yetujey,FUT Esports,astra,True,100,50,1,1,0,6,False,stinger,smg,,0.8756,0.4278,KROSTALY,FUT Esports,kayo,False,,50,0,1,1,5,False,vandal,rifle,,,,Chronicle,Team Vitality,chamber,True,100,25,0,6,1,3,False,vandal,rifle,,0.8500,0.5044,Derke,Team Vitality,neon,False,,25,0,0,0,7,True,unknown,unknown,,,,Jamppi,Team Vitality,kayo,True,100,25,1,1,0,0,False,vandal,rifle,,0.8733,0.4267,Sayonara,Team Vitality,sova,True,100,50,0,2,1,6,False,bulldog,rifle,,0.8956,0.5356,PROFEK,Team Vitality,astra,True,100,50,1,0,0,3,False,bulldog,rifle,,0.7733,0.6522
492.042,798,ACTIVE_ROUND,2,1,2,86.000,,,s0pp,FUT Esports,chamber,True,100,50,0,3,1,4,False,vandal,rifle,,0.1667,0.6022,xeus,FUT Esports,jett,False,,50,0,0,0,6,False,unknown,unknown,,,,sociablEE,FUT Esports,fade,True,100,25,2,1,0,4,False,vandal,rifle,,0.8611,0.2756,yetujey,FUT Esports,astra,True,100,50,1,1,0,6,False,stinger,smg,,0.8556,0.6100,KROSTALY,FUT Esports,kayo,False,,50,0,1,1,5,False,vandal,rifle,,,,Chronicle,Team Vitality,chamber,True,100,25,0,6,1,3,False,vandal,rifle,,0.8456,0.5044,Derke,Team Vitality,neon,False,,25,0,0,0,7,True,unknown,unknown,,,,Jamppi,Team Vitality,kayo,True,100,25,1,1,0,0,False,vandal,rifle,,0.8733,0.4267,Sayonara,Team Vitality,sova,True,100,50,0,2,1,6,False,bulldog,rifle,,0.8778,0.5244,PROFEK,Team Vitality,astra,True,100,50,1,0,0,3,False,bulldog,rifle,,0.7111,0.7522
492.525,799,ACTIVE_ROUND,2,1,2,85.000,,,s0pp,FUT Esports,chamber,True,100,50,0,3,1,4,False,vandal,rifle,,0.1667,0.6022,xeus,FUT Esports,jett,False,,50,0,0,0,6,False,unknown,unknown,,,,sociablEE,FUT Esports,fade,True,85,25,2,1,0,4,False,vandal,rifle,,0.8522,0.2756,yetujey,FUT Esports,astra,True,100,50,1,1,0,6,False,stinger,smg,,0.8778,0.4278,KROSTALY,FUT Esports,kayo,False,,50,0,1,1,5,False,vandal,rifle,,,,Chronicle,Team Vitality,chamber,True,100,25,0,6,1,3,False,vandal,rifle,,0.5567,0.7733,Derke,Team Vitality,neon,False,,25,0,0,0,7,True,unknown,unknown,,,,Jamppi,Team Vitality,kayo,True,100,25,1,1,0,0,False,vandal,rifle,,0.8733,0.4267,Sayonara,Team Vitality,sova,True,100,50,0,2,1,6,False,bulldog,rifle,,0.8778,0.5244,PROFEK,Team Vitality,astra,True,100,50,1,0,0,3,False,bulldog,rifle,,0.7111,0.7522
493.009,800,ACTIVE_ROUND,2,1,2,85.000,,,s0pp,FUT Esports,chamber,True,100,50,0,3,0,4,False,vandal,rifle,,0.1667,0.6022,xeus,FUT Esports,jett,False,,50,0,0,0,6,False,unknown,unknown,,,,sociablEE,FUT Esports,fade,True,85,25,2,1,0,4,False,vandal,rifle,,0.8389,0.2756,yetujey,FUT Esports,astra,True,100,50,1,1,0,6,False,stinger,smg,,0.8800,0.4278,KROSTALY,FUT Esports,kayo,False,,50,0,1,1,5,False,vandal,rifle,,,,Chronicle,Team Vitality,chamber,True,100,25,0,6,1,3,False,vandal,rifle,,0.2633,0.7622,Derke,Team Vitality,neon,False,,25,0,0,0,7,True,unknown,unknown,,,,Jamppi,Team Vitality,kayo,True,100,25,0,1,0,0,False,vandal,rifle,,0.8733,0.4267,Sayonara,Team Vitality,sova,True,100,50,0,2,1,6,False,bulldog,rifle,,0.8600,0.4933,PROFEK,Team Vitality,astra,True,100,50,1,0,0,3,False,bulldog,rifle,,0.7111,0.7522
493.493,801,ACTIVE_ROUND,2,1,2,85.000,,,s0pp,FUT Esports,chamber,True,100,50,0,3,0,4,False,vandal,rifle,,0.2044,0.4556,xeus,FUT Esports,jett,False,,50,0,0,0,6,False,unknown,unknown,,,,sociablEE,FUT Esports,fade,True,85,25,2,1,0,4,False,vandal,rifle,,0.8456,0.2756,yetujey,FUT Esports,astra,True,100,50,1,1,0,6,False,stinger,smg,,0.8800,0.4256,KROSTALY,FUT Esports,kayo,False,,50,0,1,1,5,False,vandal,rifle,,,,Chronicle,Team Vitality,chamber,True,100,25,0,6,1,3,False,vandal,rifle,,0.2900,0.7422,Derke,Team Vitality,neon,False,,25,0,0,0,7,True,unknown,unknown,,,,Jamppi,Team Vitality,kayo,True,100,25,0,1,0,0,False,vandal,rifle,,0.8733,0.4267,Sayonara,Team Vitality,sova,True,100,50,0,2,1,6,False,bulldog,rifle,,0.8600,0.4933,PROFEK,Team Vitality,astra,True,100,50,1,0,0,3,False,bulldog,rifle,,0.7111,0.7522
493.977,802,ACTIVE_ROUND,2,1,2,84.000,,,s0pp,FUT Esports,chamber,True,100,50,0,3,0,4,False,vandal,rifle,,0.2156,0.4356,xeus,FUT Esports,jett,False,,50,0,0,0,6,False,unknown,unknown,,,,sociablEE,FUT Esports,fade,True,85,25,2,1,0,4,False,vandal,rifle,,0.8456,0.2800,yetujey,FUT Esports,astra,True,100,50,1,1,0,6,False,stinger,smg,,0.1911,0.4611,KROSTALY,FUT Esports,kayo,False,,50,0,1,1,5,False,vandal,rifle,,,,Chronicle,Team Vitality,chamber,True,100,25,0,6,1,3,False,vandal,rifle,,0.2900,0.7422,Derke,Team Vitality,neon,False,,25,0,0,0,7,True,unknown,unknown,,,,Jamppi,Team Vitality,kayo,False,,25,0,1,0,0,False,vandal,rifle,,0.8733,0.4267,Sayonara,Team Vitality,sova,True,100,50,0,2,1,6,False,bulldog,rifle,,0.8600,0.4933,PROFEK,Team Vitality,astra,True,100,50,1,0,0,3,False,bulldog,rifle,,0.7111,0.7522
494.461,803,ACTIVE_ROUND,2,1,2,84.000,,,s0pp,FUT Esports,chamber,True,100,50,0,3,0,4,False,vandal,rifle,,0.2311,0.4222,xeus,FUT Esports,jett,False,,50,0,0,0,6,False,unknown,unknown,,,,sociablEE,FUT Esports,fade,True,85,25,2,1,0,4,False,vandal,rifle,,0.8456,0.2800,yetujey,FUT Esports,astra,True,100,50,1,1,0,6,False,stinger,smg,,0.1911,0.4611,KROSTALY,FUT Esports,kayo,False,,50,0,1,1,5,False,vandal,rifle,,,,Chronicle,Team Vitality,chamber,True,100,25,0,6,1,3,False,vandal,rifle,,0.2900,0.7422,Derke,Team Vitality,neon,False,,25,0,0,0,7,True,unknown,unknown,,,,Jamppi,Team Vitality,kayo,False,,25,0,1,0,0,False,vandal,rifle,,,,Sayonara,Team Vitality,sova,True,100,50,0,2,1,6,False,bulldog,rifle,,0.8600,0.4933,PROFEK,Team Vitality,astra,True,100,50,1,0,0,3,False,bulldog,rifle,,0.7111,0.7522
494.944,804,ACTIVE_ROUND,2,1,2,83.000,,,s0pp,FUT Esports,chamber,True,100,50,0,3,0,4,False,vandal,rifle,,0.2489,0.4089,xeus,FUT Esports,jett,False,,50,0,0,0,6,False,unknown,unknown,,,,sociablEE,FUT Esports,fade,True,85,25,2,1,0,4,False,vandal,rifle,,0.8589,0.2778,yetujey,FUT Esports,astra,True,100,50,1,1,0,6,False,stinger,smg,,0.1911,0.4611,KROSTALY,FUT Esports,kayo,False,,50,0,1,1,5,False,vandal,rifle,,,,Chronicle,Team Vitality,chamber,True,100,25,0,6,1,3,False,vandal,rifle,,0.1967,0.4133,Derke,Team Vitality,neon,False,,25,0,0,0,7,True,unknown,unknown,,,,Jamppi,Team Vitality,kayo,False,,25,0,1,0,0,False,vandal,rifle,,,,Sayonara,Team Vitality,sova,True,100,50,0,2,0,6,False,bulldog,rifle,,0.8600,0.4933,PROFEK,Team Vitality,astra,True,100,50,0,0,0,3,False,bulldog,rifle,,0.7111,0.7522
495.428,805,ACTIVE_ROUND,2,1,2,83.000,,,s0pp,FUT Esports,chamber,True,100,50,0,3,0,4,False,vandal,rifle,,0.2689,0.3933,xeus,FUT Esports,jett,False,,50,0,0,0,6,False,unknown,unknown,,,,sociablEE,FUT Esports,fade,True,85,5,2,1,0,4,False,vandal,rifle,,0.8678,0.2800,yetujey,FUT Esports,astra,True,100,50,1,1,0,6,False,stinger,smg,,0.1911,0.4611,KROSTALY,FUT Esports,kayo,False,,50,0,1,1,5,False,vandal,rifle,,,,Chronicle,Team Vitality,chamber,True,100,25,0,6,1,3,False,vandal,rifle,,0.0856,0.6244,Derke,Team Vitality,neon,False,,25,0,0,0,7,True,unknown,unknown,,,,Jamppi,Team Vitality,kayo,False,,25,0,1,0,0,False,vandal,rifle,,,,Sayonara,Team Vitality,sova,True,100,50,0,2,0,6,False,bulldog,rifle,,0.8600,0.4933,PROFEK,Team Vitality,astra,True,100,50,0,0,0,3,False,bulldog,rifle,,0.8756,0.5856
495.912,806,ACTIVE_ROUND,2,1,2,82.000,,,s0pp,FUT Esports,chamber,True,100,50,0,3,0,4,False,vandal,rifle,,0.2911,0.3867,xeus,FUT Esports,jett,False,,50,0,0,0,6,False,unknown,unknown,,,,sociablEE,FUT Esports,fade,True,85,5,2,1,0,4,False,vandal,rifle,,0.8656,0.2800,yetujey,FUT Esports,astra,True,100,50,1,1,0,6,False,stinger,smg,,0.1911,0.4611,KROSTALY,FUT Esports,kayo,False,,50,0,1,1,5,False,vandal,rifle,,,,Chronicle,Team Vitality,chamber,True,100,25,0,6,1,3,False,vandal,rifle,,0.5878,0.8222,Derke,Team Vitality,neon,False,,25,0,0,0,7,True,unknown,unknown,,,,Jamppi,Team Vitality,kayo,False,,25,0,1,0,0,False,vandal,rifle,,,,Sayonara,Team Vitality,sova,False,,50,0,2,0,6,False,bulldog,rifle,,0.8600,0.4933,PROFEK,Team Vitality,astra,True,100,50,0,0,0,3,False,bulldog,rifle,,0.8956,0.5789
496.396,807,ACTIVE_ROUND,2,1,2,82.000,,,s0pp,FUT Esports,chamber,True,100,50,0,3,0,4,False,vandal,rifle,,0.3133,0.3800,xeus,FUT Esports,jett,False,,50,0,0,0,6,False,unknown,unknown,,,,sociablEE,FUT Esports,fade,True,85,1,2,1,0,4,False,vandal,rifle,,0.8678,0.2800,yetujey,FUT Esports,astra,True,100,50,1,1,0,6,False,stinger,smg,,0.1911,0.4611,KROSTALY,FUT Esports,kayo,False,,50,0,1,1,5,False,vandal,rifle,,,,Chronicle,Team Vitality,chamber,True,100,25,0,6,1,3,False,vandal,rifle,,0.5878,0.8222,Derke,Team Vitality,neon,False,,25,0,0,0,7,True,unknown,unknown,,,,Jamppi,Team Vitality,kayo,False,,25,0,1,0,0,False,vandal,rifle,,,,Sayonara,Team Vitality,sova,False,,50,0,2,0,6,False,bulldog,rifle,,,,PROFEK,Team Vitality,astra,True,100,50,0,0,0,3,False,bulldog,rifle,,0.8956,0.5789
496.880,808,ACTIVE_ROUND,2,1,2,81.000,,,s0pp,FUT Esports,chamber,True,100,50,0,3,0,4,False,vandal,rifle,,0.3356,0.3711,xeus,FUT Esports,jett,False,,50,0,0,0,6,False,unknown,unknown,,,,sociablEE,FUT Esports,fade,True,85,1,2,1,0,5,False,vandal,rifle,,0.8856,0.2822,yetujey,FUT Esports,astra,True,100,50,1,1,0,7,True,stinger,smg,,0.1911,0.4611,KROSTALY,FUT Esports,kayo,False,,50,0,1,1,5,False,vandal,rifle,,,,Chronicle,Team Vitality,chamber,False,,25,0,6,1,4,False,unknown,unknown,,0.5878,0.8222,Derke,Team Vitality,neon,False,,25,0,0,0,7,True,unknown,unknown,,,,Jamppi,Team Vitality,kayo,False,,25,0,1,0,0,False,vandal,rifle,,,,Sayonara,Team Vitality,sova,False,,50,0,2,0,6,False,bulldog,rifle,,,,PROFEK,Team Vitality,astra,True,100,50,0,0,0,3,False,bulldog,rifle,,0.9022,0.5367
497.364,809,ACTIVE_ROUND,2,1,2,81.000,,,s0pp,FUT Esports,chamber,True,100,50,0,3,0,4,False,vandal,rifle,,0.3578,0.3667,xeus,FUT Esports,jett,False,,50,0,0,0,6,False,unknown,unknown,,,,sociablEE,FUT Esports,fade,True,85,1,2,1,0,5,False,vandal,rifle,,0.8967,0.2867,yetujey,FUT Esports,astra,True,100,50,1,1,0,7,True,stinger,smg,,0.1911,0.4611,KROSTALY,FUT Esports,kayo,False,,50,0,1,1,5,False,vandal,rifle,,,,Chronicle,Team Vitality,chamber,False,,25,0,6,1,4,False,unknown,unknown,,,,Derke,Team Vitality,neon,False,,25,0,0,0,7,True,unknown,unknown,,,,Jamppi,Team Vitality,kayo,False,,25,0,1,0,0,False,vandal,rifle,,,,Sayonara,Team Vitality,sova,False,,50,0,2,0,6,False,bulldog,rifle,,,,PROFEK,Team Vitality,astra,True,100,50,0,0,0,3,False,bulldog,rifle,,0.8911,0.5322
497.847,810,ACTIVE_ROUND,2,1,2,80.000,,,s0pp,FUT Esports,chamber,True,100,50,0,3,0,4,False,vandal,rifle,,0.3711,0.3489,xeus,FUT Esports,jett,False,,50,0,0,0,6,False,unknown,unknown,,,,sociablEE,FUT Esports,fade,True,85,1,2,1,0,5,False,vandal,rifle,,0.8922,0.2867,yetujey,FUT Esports,astra,True,100,50,1,1,0,7,True,stinger,smg,,0.1911,0.4611,KROSTALY,FUT Esports,kayo,False,,50,0,1,1,5,False,vandal,rifle,,,,Chronicle,Team Vitality,chamber,False,,25,0,6,1,4,False,unknown,unknown,,,,Derke,Team Vitality,neon,False,,25,0,0,0,7,True,unknown,unknown,,,,Jamppi,Team Vitality,kayo,False,,25,0,1,0,0,False,vandal,rifle,,,,Sayonara,Team Vitality,sova,False,,50,0,2,0,6,False,bulldog,rifle,,,,PROFEK,Team Vitality,astra,True,100,50,0,0,0,3,False,bulldog,rifle,,0.8822,0.5233
498.331,811,ACTIVE_ROUND,2,1,2,80.000,,,s0pp,FUT Esports,chamber,True,100,50,0,3,0,4,False,vandal,rifle,,0.3800,0.3267,xeus,FUT Esports,jett,False,,50,0,0,0,6,False,unknown,unknown,,,,sociablEE,FUT Esports,fade,True,85,1,2,1,0,5,False,vandal,rifle,,0.8900,0.2978,yetujey,FUT Esports,astra,True,100,50,1,1,0,7,True,stinger,smg,,0.1911,0.4611,KROSTALY,FUT Esports,kayo,False,,50,0,1,1,5,False,vandal,rifle,,,,Chronicle,Team Vitality,chamber,False,,25,0,6,1,4,False,unknown,unknown,,,,Derke,Team Vitality,neon,False,,25,0,0,0,7,True,unknown,unknown,,,,Jamppi,Team Vitality,kayo,False,,25,0,1,0,0,False,vandal,rifle,,,,Sayonara,Team Vitality,sova,False,,50,0,2,0,6,False,bulldog,rifle,,,,PROFEK,Team Vitality,astra,True,100,50,0,0,0,3,False,bulldog,rifle,,0.8756,0.5233
498.815,812,ACTIVE_ROUND,2,1,2,79.000,,,s0pp,FUT Esports,chamber,True,100,50,0,3,0,4,False,vandal,rifle,,0.3911,0.3044,xeus,FUT Esports,jett,False,,50,0,0,0,6,False,unknown,unknown,,,,sociablEE,FUT Esports,fade,True,85,1,2,1,0,5,False,vandal,rifle,,0.8878,0.3089,yetujey,FUT Esports,astra,True,100,50,1,1,0,7,True,stinger,smg,,0.1911,0.4611,KROSTALY,FUT Esports,kayo,False,,50,0,1,1,5,False,vandal,rifle,,,,Chronicle,Team Vitality,chamber,False,,25,0,6,1,4,False,unknown,unknown,,,,Derke,Team Vitality,neon,False,,25,0,0,0,7,True,unknown,unknown,,,,Jamppi,Team Vitality,kayo,False,,25,0,1,0,0,False,vandal,rifle,,,,Sayonara,Team Vitality,sova,False,,50,0,2,0,6,False,bulldog,rifle,,,,PROFEK,Team Vitality,astra,True,100,50,0,0,0,3,False,bulldog,rifle,,0.8667,0.5233
499.299,813,ACTIVE_ROUND,2,1,2,79.000,,,s0pp,FUT Esports,chamber,True,100,50,0,3,0,4,False,vandal,rifle,,0.3911,0.3044,xeus,FUT Esports,jett,False,,50,0,0,0,6,False,unknown,unknown,,,,sociablEE,FUT Esports,fade,True,85,8,2,1,0,5,False,vandal,rifle,,0.8878,0.3200,yetujey,FUT Esports,astra,True,51,50,1,1,0,7,True,stinger,smg,,0.4044,0.2878,KROSTALY,FUT Esports,kayo,False,,50,0,1,1,5,False,vandal,rifle,,,,Chronicle,Team Vitality,chamber,False,,25,0,6,1,4,False,unknown,unknown,,,,Derke,Team Vitality,neon,False,,25,0,0,0,7,True,unknown,unknown,,,,Jamppi,Team Vitality,kayo,False,,25,0,1,0,0,False,vandal,rifle,,,,Sayonara,Team Vitality,sova,False,,50,0,2,0,6,False,bulldog,rifle,,,,PROFEK,Team Vitality,astra,True,72,50,0,0,0,3,False,bulldog,rifle,,0.8667,0.5256
499.783,814,ACTIVE_ROUND,2,1,2,78.000,,,s0pp,FUT Esports,chamber,True,100,50,0,3,0,4,False,vandal,rifle,,0.4222,0.2733,xeus,FUT Esports,jett,False,,50,0,0,0,6,False,unknown,unknown,,,,sociablEE,FUT Esports,fade,True,85,8,2,1,0,5,False,vandal,rifle,,0.8900,0.3289,yetujey,FUT Esports,astra,True,51,50,1,1,0,7,True,stinger,smg,,0.4044,0.2878,KROSTALY,FUT Esports,kayo,False,,50,0,1,1,5,False,vandal,rifle,,,,Chronicle,Team Vitality,chamber,False,,25,0,6,1,4,False,unknown,unknown,,,,Derke,Team Vitality,neon,False,,25,0,0,0,7,True,unknown,unknown,,,,Jamppi,Team Vitality,kayo,False,,25,0,1,0,0,False,vandal,rifle,,,,Sayonara,Team Vitality,sova,False,,50,0,2,0,6,False,bulldog,rifle,,,,PROFEK,Team Vitality,astra,True,72,50,0,0,0,3,False,bulldog,rifle,,0.8689,0.5233
500.266,815,ACTIVE_ROUND,2,1,2,78.000,,,s0pp,FUT Esports,chamber,True,100,50,0,3,0,4,False,vandal,rifle,,0.4444,0.2644,xeus,FUT Esports,jett,False,,50,0,0,0,6,False,unknown,unknown,,,,sociablEE,FUT Esports,fade,True,85,25,2,1,0,5,False,vandal,rifle,,0.8967,0.3356,yetujey,FUT Esports,astra,False,,50,1,1,0,7,True,stinger,smg,,0.4044,0.2878,KROSTALY,FUT Esports,kayo,False,,50,0,1,1,5,False,vandal,rifle,,,,Chronicle,Team Vitality,chamber,False,,25,0,6,1,4,False,unknown,unknown,,,,Derke,Team Vitality,neon,False,,25,0,0,0,7,True,unknown,unknown,,,,Jamppi,Team Vitality,kayo,False,,25,0,1,0,0,False,vandal,rifle,,,,Sayonara,Team Vitality,sova,False,,50,0,2,0,6,False,bulldog,rifle,,,,PROFEK,Team Vitality,astra,True,72,50,0,0,0,3,False,bulldog,rifle,,0.8822,0.5211
500.750,816,ACTIVE_ROUND,2,1,2,77.000,,,s0pp,FUT Esports,chamber,True,100,50,0,3,0,4,False,vandal,rifle,,0.4667,0.2578,xeus,FUT Esports,jett,False,,50,0,0,0,6,False,unknown,unknown,,,,sociablEE,FUT Esports,fade,True,85,25,2,1,0,5,False,vandal,rifle,,0.9078,0.3378,yetujey,FUT Esports,astra,False,,50,1,1,0,7,True,stinger,smg,,,,KROSTALY,FUT Esports,kayo,False,,50,0,1,1,5,False,vandal,rifle,,,,Chronicle,Team Vitality,chamber,False,,25,0,6,1,4,False,unknown,unknown,,,,Derke,Team Vitality,neon,False,,25,0,0,0,7,True,unknown,unknown,,,,Jamppi,Team Vitality,kayo,False,,25,0,1,0,0,False,vandal,rifle,,,,Sayonara,Team Vitality,sova,False,,50,0,2,0,6,False,bulldog,rifle,,,,PROFEK,Team Vitality,astra,True,72,50,0,0,0,4,False,bulldog,rifle,,0.8822,0.5233
501.234,817,ACTIVE_ROUND,2,1,2,77.000,,,s0pp,FUT Esports,chamber,True,100,50,0,3,0,4,False,vandal,rifle,,0.4889,0.2489,xeus,FUT Esports,jett,False,,50,0,0,0,6,False,unknown,unknown,,,,sociablEE,FUT Esports,fade,True,85,25,2,1,0,5,False,vandal,rifle,,0.9167,0.3356,yetujey,FUT Esports,astra,False,,50,1,1,0,7,True,stinger,smg,,,,KROSTALY,FUT Esports,kayo,False,,50,0,1,1,5,False,vandal,rifle,,,,Chronicle,Team Vitality,chamber,False,,25,0,6,1,4,False,unknown,unknown,,,,Derke,Team Vitality,neon,False,,25,0,0,0,7,True,unknown,unknown,,,,Jamppi,Team Vitality,kayo,False,,25,0,1,0,0,False,vandal,rifle,,,,Sayonara,Team Vitality,sova,False,,50,0,2,0,6,False,bulldog,rifle,,,,PROFEK,Team Vitality,astra,True,72,50,0,0,0,4,False,bulldog,rifle,,0.8756,0.5189
501.718,818,ACTIVE_ROUND,2,1,2,76.000,,,s0pp,FUT Esports,chamber,True,100,50,0,3,0,4,False,vandal,rifle,,0.5111,0.2422,xeus,FUT Esports,jett,False,,50,0,0,0,6,False,unknown,unknown,,,,sociablEE,FUT Esports,fade,True,85,25,2,1,0,5,False,vandal,rifle,,0.9167,0.3356,yetujey,FUT Esports,astra,False,,50,1,1,0,7,True,stinger,smg,,,,KROSTALY,FUT Esports,kayo,False,,50,0,1,1,5,False,vandal,rifle,,,,Chronicle,Team Vitality,chamber,False,,25,0,6,1,4,False,unknown,unknown,,,,Derke,Team Vitality,neon,False,,25,0,0,0,7,True,unknown,unknown,,,,Jamppi,Team Vitality,kayo,False,,25,0,1,0,0,False,vandal,rifle,,,,Sayonara,Team Vitality,sova,False,,50,0,2,0,6,False,bulldog,rifle,,,,PROFEK,Team Vitality,astra,True,72,50,0,0,0,4,False,bulldog,rifle,,0.8711,0.5078
502.202,819,ACTIVE_ROUND,2,1,2,76.000,,,s0pp,FUT Esports,chamber,True,100,50,0,3,0,4,False,vandal,rifle,,0.5333,0.2356,xeus,FUT Esports,jett,False,,50,0,0,0,6,False,unknown,unknown,,,,sociablEE,FUT Esports,fade,True,85,25,2,1,0,5,False,vandal,rifle,,0.9211,0.3133,yetujey,FUT Esports,astra,False,,50,1,1,0,7,True,stinger,smg,,,,KROSTALY,FUT Esports,kayo,False,,50,0,1,1,5,False,vandal,rifle,,,,Chronicle,Team Vitality,chamber,False,,25,0,6,1,4,False,unknown,unknown,,,,Derke,Team Vitality,neon,False,,25,0,0,0,7,True,unknown,unknown,,,,Jamppi,Team Vitality,kayo,False,,25,0,1,0,0,False,vandal,rifle,,,,Sayonara,Team Vitality,sova,False,,50,0,2,0,6,False,bulldog,rifle,,,,PROFEK,Team Vitality,astra,True,72,50,0,0,0,4,False,bulldog,rifle,,0.8622,0.5011
502.686,820,ACTIVE_ROUND,2,1,2,75.000,,,s0pp,FUT Esports,chamber,True,100,50,0,3,0,4,False,vandal,rifle,,0.5533,0.2244,xeus,FUT Esports,jett,False,,50,0,0,0,6,False,unknown,unknown,,,,sociablEE,FUT Esports,fade,True,85,25,2,1,0,5,False,vandal,rifle,,0.9233,0.3000,yetujey,FUT Esports,astra,False,,50,1,1,0,7,True,stinger,smg,,,,KROSTALY,FUT Esports,kayo,False,,50,0,1,1,5,False,vandal,rifle,,,,Chronicle,Team Vitality,chamber,False,,25,0,6,1,4,False,unknown,unknown,,,,Derke,Team Vitality,neon,False,,25,0,0,0,7,True,unknown,unknown,,,,Jamppi,Team Vitality,kayo,False,,25,0,1,0,0,False,vandal,rifle,,,,Sayonara,Team Vitality,sova,False,,50,0,2,0,6,False,bulldog,rifle,,,,PROFEK,Team Vitality,astra,True,72,50,0,0,0,4,False,bulldog,rifle,,0.8622,0.5011
503.169,821,ACTIVE_ROUND,2,1,2,75.000,,,s0pp,FUT Esports,chamber,True,100,50,0,3,0,4,False,vandal,rifle,,0.5689,0.2089,xeus,FUT Esports,jett,False,,50,0,0,0,6,False,unknown,unknown,,,,sociablEE,FUT Esports,fade,True,85,25,2,1,0,5,False,vandal,rifle,,0.9256,0.2956,yetujey,FUT Esports,astra,False,,50,1,1,0,7,True,stinger,smg,,,,KROSTALY,FUT Esports,kayo,False,,50,0,1,1,5,False,vandal,rifle,,,,Chronicle,Team Vitality,chamber,False,,25,0,6,1,4,False,unknown,unknown,,,,Derke,Team Vitality,neon,False,,25,0,0,0,7,True,unknown,unknown,,,,Jamppi,Team Vitality,kayo,False,,25,0,1,0,0,False,vandal,rifle,,,,Sayonara,Team Vitality,sova,False,,50,0,2,0,6,False,bulldog,rifle,,,,PROFEK,Team Vitality,astra,True,72,50,0,0,0,4,False,bulldog,rifle,,0.8311,0.4900
503.653,822,ACTIVE_ROUND,2,1,2,74.000,,,s0pp,FUT Esports,chamber,True,100,50,0,3,0,4,False,vandal,rifle,,0.5911,0.1978,xeus,FUT Esports,jett,False,,50,0,0,0,6,False,unknown,unknown,,,,sociablEE,FUT Esports,fade,True,85,25,2,1,0,5,False,vandal,rifle,,0.9233,0.2933,yetujey,FUT Esports,astra,False,,50,1,1,0,7,True,stinger,smg,,,,KROSTALY,FUT Esports,kayo,False,,50,0,1,1,5,False,vandal,rifle,,,,Chronicle,Team Vitality,chamber,False,,25,0,6,1,4,False,unknown,unknown,,,,Derke,Team Vitality,neon,False,,25,0,0,0,7,True,unknown,unknown,,,,Jamppi,Team Vitality,kayo,False,,25,0,1,0,0,False,vandal,rifle,,,,Sayonara,Team Vitality,sova,False,,50,0,2,0,6,False,bulldog,rifle,,,,PROFEK,Team Vitality,astra,True,72,50,0,0,0,4,False,bulldog,rifle,,0.8689,0.4789
504.137,823,ACTIVE_ROUND,2,1,2,74.000,,,s0pp,FUT Esports,chamber,True,100,50,0,3,0,4,False,vandal,rifle,,0.6133,0.1956,xeus,FUT Esports,jett,False,,50,0,0,0,6,False,unknown,unknown,,,,sociablEE,FUT Esports,fade,True,85,25,2,1,0,5,False,vandal,rifle,,0.9211,0.2844,yetujey,FUT Esports,astra,False,,50,1,1,0,7,True,stinger,smg,,,,KROSTALY,FUT Esports,kayo,False,,50,0,1,1,5,False,vandal,rifle,,,,Chronicle,Team Vitality,chamber,False,,25,0,6,1,4,False,unknown,unknown,,,,Derke,Team Vitality,neon,False,,25,0,0,0,7,True,unknown,unknown,,,,Jamppi,Team Vitality,kayo,False,,25,0,1,0,0,False,vandal,rifle,,,,Sayonara,Team Vitality,sova,False,,50,0,2,0,6,False,bulldog,rifle,,,,PROFEK,Team Vitality,astra,True,72,50,0,0,0,4,False,bulldog,rifle,,0.8689,0.4789
504.621,824,ACTIVE_ROUND,2,1,2,73.000,,,s0pp,FUT Esports,chamber,True,100,50,0,3,0,4,False,vandal,rifle,,0.6378,0.1956,xeus,FUT Esports,jett,False,,50,0,0,0,6,False,unknown,unknown,,,,sociablEE,FUT Esports,fade,True,85,25,2,1,0,5,False,vandal,rifle,,0.9211,0.2889,yetujey,FUT Esports,astra,False,,50,1,1,0,7,True,stinger,smg,,,,KROSTALY,FUT Esports,kayo,False,,50,0,1,1,5,False,vandal,rifle,,,,Chronicle,Team Vitality,chamber,False,,25,0,6,1,4,False,unknown,unknown,,,,Derke,Team Vitality,neon,False,,25,0,0,0,7,True,unknown,unknown,,,,Jamppi,Team Vitality,kayo,False,,25,0,1,0,0,False,vandal,rifle,,,,Sayonara,Team Vitality,sova,False,,50,0,2,0,6,False,bulldog,rifle,,,,PROFEK,Team Vitality,astra,True,72,50,0,0,0,4,False,bulldog,rifle,,0.8689,0.4767
505.105,825,ACTIVE_ROUND,2,1,2,73.000,,,s0pp,FUT Esports,chamber,True,100,50,0,3,0,4,False,vandal,rifle,,0.6600,0.1933,xeus,FUT Esports,jett,False,,50,0,0,0,6,False,unknown,unknown,,,,sociablEE,FUT Esports,fade,True,85,25,2,1,0,5,False,vandal,rifle,,0.9211,0.2956,yetujey,FUT Esports,astra,False,,50,1,1,0,7,True,stinger,smg,,,,KROSTALY,FUT Esports,kayo,False,,50,0,1,1,5,False,vandal,rifle,,,,Chronicle,Team Vitality,chamber,False,,25,0,6,1,4,False,unknown,unknown,,,,Derke,Team Vitality,neon,False,,25,0,0,0,7,True,unknown,unknown,,,,Jamppi,Team Vitality,kayo,False,,25,0,1,0,0,False,vandal,rifle,,,,Sayonara,Team Vitality,sova,False,,50,0,2,0,6,False,bulldog,rifle,,,,PROFEK,Team Vitality,astra,True,72,50,0,0,0,4,False,bulldog,rifle,,0.8689,0.4833
505.588,826,ACTIVE_ROUND,2,1,2,72.000,,,s0pp,FUT Esports,chamber,True,100,50,0,3,0,4,False,vandal,rifle,,0.6844,0.1933,xeus,FUT Esports,jett,False,,50,0,0,0,6,False,unknown,unknown,,,,sociablEE,FUT Esports,fade,True,85,25,2,1,0,5,False,vandal,rifle,,0.9189,0.3000,yetujey,FUT Esports,astra,False,,50,1,1,0,7,True,stinger,smg,,,,KROSTALY,FUT Esports,kayo,False,,50,0,1,1,5,False,vandal,rifle,,,,Chronicle,Team Vitality,chamber,False,,25,0,6,1,4,False,unknown,unknown,,,,Derke,Team Vitality,neon,False,,25,0,0,0,7,True,unknown,unknown,,,,Jamppi,Team Vitality,kayo,False,,25,0,1,0,0,False,vandal,rifle,,,,Sayonara,Team Vitality,sova,False,,50,0,2,0,6,False,bulldog,rifle,,,,PROFEK,Team Vitality,astra,True,72,50,0,0,0,4,False,bulldog,rifle,,0.8689,0.4767
506.072,827,ACTIVE_ROUND,2,1,2,72.000,,,s0pp,FUT Esports,chamber,True,100,50,0,3,0,4,False,vandal,rifle,,0.7067,0.1911,xeus,FUT Esports,jett,False,,50,0,0,0,6,False,unknown,unknown,,,,sociablEE,FUT Esports,fade,True,85,25,2,1,0,5,False,vandal,rifle,,0.9078,0.2978,yetujey,FUT Esports,astra,False,,50,1,1,0,7,True,stinger,smg,,,,KROSTALY,FUT Esports,kayo,False,,50,0,1,1,5,False,vandal,rifle,,,,Chronicle,Team Vitality,chamber,False,,25,0,6,1,4,False,unknown,unknown,,,,Derke,Team Vitality,neon,False,,25,0,0,0,7,True,unknown,unknown,,,,Jamppi,Team Vitality,kayo,False,,25,0,1,0,0,False,vandal,rifle,,,,Sayonara,Team Vitality,sova,False,,50,0,2,0,6,False,bulldog,rifle,,,,PROFEK,Team Vitality,astra,True,72,50,0,0,0,4,False,bulldog,rifle,,0.8689,0.4767
506.556,828,ACTIVE_ROUND,2,1,2,71.000,,,s0pp,FUT Esports,chamber,True,100,50,0,3,0,4,False,vandal,rifle,,0.7244,0.1911,xeus,FUT Esports,jett,False,,50,0,0,0,6,False,unknown,unknown,,,,sociablEE,FUT Esports,fade,True,85,25,2,1,0,5,False,vandal,rifle,,0.8967,0.3089,yetujey,FUT Esports,astra,False,,50,1,1,0,7,True,stinger,smg,,,,KROSTALY,FUT Esports,kayo,False,,50,0,1,1,5,False,vandal,rifle,,,,Chronicle,Team Vitality,chamber,False,,25,0,6,1,4,False,unknown,unknown,,,,Derke,Team Vitality,neon,False,,25,0,0,0,7,True,unknown,unknown,,,,Jamppi,Team Vitality,kayo,False,,25,0,1,0,0,False,vandal,rifle,,,,Sayonara,Team Vitality,sova,False,,50,0,2,0,6,False,bulldog,rifle,,,,PROFEK,Team Vitality,astra,True,72,50,0,0,0,4,False,bulldog,rifle,,0.8689,0.4789
507.040,829,ACTIVE_ROUND,2,1,2,71.000,,,s0pp,FUT Esports,chamber,True,100,50,0,3,0,4,False,vandal,rifle,,0.7422,0.1889,xeus,FUT Esports,jett,False,,50,0,0,0,6,False,unknown,unknown,,,,sociablEE,FUT Esports,fade,True,85,25,2,1,0,5,False,vandal,rifle,,0.9056,0.3133,yetujey,FUT Esports,astra,False,,50,1,1,0,7,True,stinger,smg,,,,KROSTALY,FUT Esports,kayo,False,,50,0,1,1,5,False,vandal,rifle,,,,Chronicle,Team Vitality,chamber,False,,25,0,6,1,4,False,unknown,unknown,,,,Derke,Team Vitality,neon,False,,25,0,0,0,7,True,unknown,unknown,,,,Jamppi,Team Vitality,kayo,False,,25,0,1,0,0,False,vandal,rifle,,,,Sayonara,Team Vitality,sova,False,,50,0,2,0,6,False,bulldog,rifle,,,,PROFEK,Team Vitality,astra,True,72,50,0,0,0,4,False,bulldog,rifle,,0.8689,0.4789
507.524,830,ACTIVE_ROUND,2,1,2,70.000,,,s0pp,FUT Esports,chamber,True,100,50,0,3,0,4,False,vandal,rifle,,0.7422,0.1889,xeus,FUT Esports,jett,False,,50,0,0,0,6,False,unknown,unknown,,,,sociablEE,FUT Esports,fade,True,85,25,2,1,0,5,False,vandal,rifle,,0.9056,0.3067,yetujey,FUT Esports,astra,False,,50,1,1,0,7,True,stinger,smg,,,,KROSTALY,FUT Esports,kayo,False,,50,0,1,1,5,False,vandal,rifle,,,,Chronicle,Team Vitality,chamber,False,,25,0,6,1,4,False,unknown,unknown,,,,Derke,Team Vitality,neon,False,,25,0,0,0,7,True,unknown,unknown,,,,Jamppi,Team Vitality,kayo,False,,25,0,1,0,0,False,vandal,rifle,,,,Sayonara,Team Vitality,sova,False,,50,0,2,0,6,False,bulldog,rifle,,,,PROFEK,Team Vitality,astra,True,72,50,0,0,0,4,False,bulldog,rifle,,0.8689,0.4767
508.007,831,ACTIVE_ROUND,2,1,2,70.000,,,s0pp,FUT Esports,chamber,True,100,50,0,3,0,4,False,vandal,rifle,,0.7422,0.1889,xeus,FUT Esports,jett,False,,50,0,0,0,6,False,unknown,unknown,,,,sociablEE,FUT Esports,fade,True,85,25,2,1,0,5,False,vandal,rifle,,0.9033,0.3111,yetujey,FUT Esports,astra,False,,50,1,1,0,7,True,stinger,smg,,,,KROSTALY,FUT Esports,kayo,False,,50,0,1,1,5,False,vandal,rifle,,,,Chronicle,Team Vitality,chamber,False,,25,0,6,1,4,False,unknown,unknown,,,,Derke,Team Vitality,neon,False,,25,0,0,0,7,True,unknown,unknown,,,,Jamppi,Team Vitality,kayo,False,,25,0,1,0,0,False,vandal,rifle,,,,Sayonara,Team Vitality,sova,False,,50,0,2,0,6,False,bulldog,rifle,,,,PROFEK,Team Vitality,astra,True,72,50,0,0,0,4,False,bulldog,rifle,,0.8689,0.4767
508.491,832,ACTIVE_ROUND,2,1,2,70.000,,,s0pp,FUT Esports,chamber,True,100,50,0,3,0,4,False,vandal,rifle,,0.7422,0.1889,xeus,FUT Esports,jett,False,,50,0,0,0,6,False,unknown,unknown,,,,sociablEE,FUT Esports,fade,True,85,25,1,1,0,5,False,vandal,rifle,,0.9144,0.3156,yetujey,FUT Esports,astra,False,,50,1,1,0,7,True,stinger,smg,,,,KROSTALY,FUT Esports,kayo,False,,50,0,1,1,5,False,vandal,rifle,,,,Chronicle,Team Vitality,chamber,False,,25,0,6,1,4,False,unknown,unknown,,,,Derke,Team Vitality,neon,False,,25,0,0,0,7,True,unknown,unknown,,,,Jamppi,Team Vitality,kayo,False,,25,0,1,0,0,False,vandal,rifle,,,,Sayonara,Team Vitality,sova,False,,50,0,2,0,6,False,bulldog,rifle,,,,PROFEK,Team Vitality,astra,True,72,50,0,0,0,4,False,bulldog,rifle,,0.8689,0.4767
508.975,833,ACTIVE_ROUND,2,1,2,69.000,,,s0pp,FUT Esports,chamber,True,100,50,0,3,0,4,False,vandal,rifle,,0.7422,0.1889,xeus,FUT Esports,jett,False,,50,0,0,0,6,False,unknown,unknown,,,,sociablEE,FUT Esports,fade,True,85,25,1,1,0,5,False,vandal,rifle,,0.9211,0.3044,yetujey,FUT Esports,astra,False,,50,1,1,0,7,True,stinger,smg,,,,KROSTALY,FUT Esports,kayo,False,,50,0,1,1,5,False,vandal,rifle,,,,Chronicle,Team Vitality,chamber,False,,25,0,6,1,4,False,unknown,unknown,,,,Derke,Team Vitality,neon,False,,25,0,0,0,7,True,unknown,unknown,,,,Jamppi,Team Vitality,kayo,False,,25,0,1,0,0,False,vandal,rifle,,,,Sayonara,Team Vitality,sova,False,,50,0,2,0,6,False,bulldog,rifle,,,,PROFEK,Team Vitality,astra,True,72,50,0,0,0,4,False,bulldog,rifle,,0.8689,0.4767
509.459,834,ACTIVE_ROUND,2,1,2,69.000,,,s0pp,FUT Esports,chamber,True,100,50,0,3,0,4,False,vandal,rifle,,0.7422,0.1889,xeus,FUT Esports,jett,False,,50,0,0,0,6,False,unknown,unknown,,,,sociablEE,FUT Esports,fade,True,85,25,1,1,0,5,False,vandal,rifle,,0.9167,0.3067,yetujey,FUT Esports,astra,False,,50,1,1,0,7,True,stinger,smg,,,,KROSTALY,FUT Esports,kayo,False,,50,0,1,1,5,False,vandal,rifle,,,,Chronicle,Team Vitality,chamber,False,,25,0,6,1,4,False,unknown,unknown,,,,Derke,Team Vitality,neon,False,,25,0,0,0,7,True,unknown,unknown,,,,Jamppi,Team Vitality,kayo,False,,25,0,1,0,0,False,vandal,rifle,,,,Sayonara,Team Vitality,sova,False,,50,0,2,0,6,False,bulldog,rifle,,,,PROFEK,Team Vitality,astra,True,72,50,0,0,0,4,False,bulldog,rifle,,0.8689,0.4811
509.943,835,ACTIVE_ROUND,2,1,2,68.000,,,s0pp,FUT Esports,chamber,True,100,50,0,3,0,4,False,vandal,rifle,,0.7422,0.1889,xeus,FUT Esports,jett,False,,50,0,0,0,6,False,unknown,unknown,,,,sociablEE,FUT Esports,fade,True,85,25,1,1,0,5,False,vandal,rifle,,0.9189,0.3111,yetujey,FUT Esports,astra,False,,50,1,1,0,7,True,stinger,smg,,,,KROSTALY,FUT Esports,kayo,False,,50,0,1,1,5,False,vandal,rifle,,,,Chronicle,Team Vitality,chamber,False,,25,0,6,1,4,False,unknown,unknown,,,,Derke,Team Vitality,neon,False,,25,0,0,0,7,True,unknown,unknown,,,,Jamppi,Team Vitality,kayo,False,,25,0,1,0,0,False,vandal,rifle,,,,Sayonara,Team Vitality,sova,False,,50,0,2,0,6,False,bulldog,rifle,,,,PROFEK,Team Vitality,astra,True,72,50,0,0,0,4,False,bulldog,rifle,,0.8667,0.4833
510.427,836,ACTIVE_ROUND,2,1,2,68.000,,,s0pp,FUT Esports,chamber,True,100,50,0,3,0,4,False,vandal,rifle,,0.7422,0.1889,xeus,FUT Esports,jett,False,,50,0,0,0,6,False,unknown,unknown,,,,sociablEE,FUT Esports,fade,True,85,25,1,1,0,5,False,vandal,rifle,,0.9100,0.3111,yetujey,FUT Esports,astra,False,,50,1,1,0,7,True,stinger,smg,,,,KROSTALY,FUT Esports,kayo,False,,50,0,1,1,5,False,vandal,rifle,,,,Chronicle,Team Vitality,chamber,False,,25,0,6,1,4,False,unknown,unknown,,,,Derke,Team Vitality,neon,False,,25,0,0,0,7,True,unknown,unknown,,,,Jamppi,Team Vitality,kayo,False,,25,0,1,0,0,False,vandal,rifle,,,,Sayonara,Team Vitality,sova,False,,50,0,2,0,6,False,bulldog,rifle,,,,PROFEK,Team Vitality,astra,True,72,50,0,0,0,4,False,bulldog,rifle,,0.8689,0.4767
510.910,837,ACTIVE_ROUND,2,1,2,67.000,,,s0pp,FUT Esports,chamber,True,100,50,0,3,0,4,False,vandal,rifle,,0.7422,0.1889,xeus,FUT Esports,jett,False,,50,0,0,0,6,False,unknown,unknown,,,,sociablEE,FUT Esports,fade,True,85,25,1,1,0,5,False,vandal,rifle,,0.8967,0.3156,yetujey,FUT Esports,astra,False,,50,1,1,0,7,True,stinger,smg,,,,KROSTALY,FUT Esports,kayo,False,,50,0,1,1,5,False,vandal,rifle,,,,Chronicle,Team Vitality,chamber,False,,25,0,6,1,4,False,unknown,unknown,,,,Derke,Team Vitality,neon,False,,25,0,0,0,7,True,unknown,unknown,,,,Jamppi,Team Vitality,kayo,False,,25,0,1,0,0,False,vandal,rifle,,,,Sayonara,Team Vitality,sova,False,,50,0,2,0,6,False,bulldog,rifle,,,,PROFEK,Team Vitality,astra,True,72,50,0,0,0,4,False,bulldog,rifle,,0.8689,0.4789
511.394,838,ACTIVE_ROUND,2,1,2,67.000,,,s0pp,FUT Esports,chamber,True,100,50,0,3,0,4,False,vandal,rifle,,0.7422,0.1889,xeus,FUT Esports,jett,False,,50,0,0,0,6,False,unknown,unknown,,,,sociablEE,FUT Esports,fade,True,85,25,1,1,0,5,False,vandal,rifle,,0.8989,0.3267,yetujey,FUT Esports,astra,False,,50,1,1,0,7,True,stinger,smg,,,,KROSTALY,FUT Esports,kayo,False,,50,0,1,1,5,False,vandal,rifle,,,,Chronicle,Team Vitality,chamber,False,,25,0,6,1,4,False,unknown,unknown,,,,Derke,Team Vitality,neon,False,,25,0,0,0,7,True,unknown,unknown,,,,Jamppi,Team Vitality,kayo,False,,25,0,1,0,0,False,vandal,rifle,,,,Sayonara,Team Vitality,sova,False,,50,0,2,0,6,False,bulldog,rifle,,,,PROFEK,Team Vitality,astra,True,72,50,0,0,0,4,False,bulldog,rifle,,0.8689,0.4789
511.878,839,ACTIVE_ROUND,2,1,2,66.000,,,s0pp,FUT Esports,chamber,True,100,50,0,3,0,4,False,vandal,rifle,,0.7422,0.1889,xeus,FUT Esports,jett,False,,50,0,0,0,6,False,unknown,unknown,,,,sociablEE,FUT Esports,fade,True,85,25,1,1,0,5,False,vandal,rifle,,0.9033,0.3311,yetujey,FUT Esports,astra,False,,50,1,1,0,7,True,stinger,smg,,,,KROSTALY,FUT Esports,kayo,False,,50,0,1,1,5,False,vandal,rifle,,,,Chronicle,Team Vitality,chamber,False,,25,0,6,1,4,False,unknown,unknown,,,,Derke,Team Vitality,neon,False,,25,0,0,0,7,True,unknown,unknown,,,,Jamppi,Team Vitality,kayo,False,,25,0,1,0,0,False,vandal,rifle,,,,Sayonara,Team Vitality,sova,False,,50,0,2,0,6,False,bulldog,rifle,,,,PROFEK,Team Vitality,astra,True,72,50,0,0,0,4,False,bulldog,rifle,,0.8689,0.4811
512.362,840,ACTIVE_ROUND,2,1,2,66.000,,,s0pp,FUT Esports,chamber,True,100,50,0,3,0,4,False,vandal,rifle,,0.7422,0.1889,xeus,FUT Esports,jett,False,,50,0,0,0,6,False,unknown,unknown,,,,sociablEE,FUT Esports,fade,True,85,25,0,1,0,5,False,vandal,rifle,,0.9078,0.3267,yetujey,FUT Esports,astra,False,,50,1,1,0,7,True,stinger,smg,,,,KROSTALY,FUT Esports,kayo,False,,50,0,1,1,5,False,vandal,rifle,,,,Chronicle,Team Vitality,chamber,False,,25,0,6,1,4,False,unknown,unknown,,,,Derke,Team Vitality,neon,False,,25,0,0,0,7,True,unknown,unknown,,,,Jamppi,Team Vitality,kayo,False,,25,0,1,0,0,False,vandal,rifle,,,,Sayonara,Team Vitality,sova,False,,50,0,2,0,6,False,bulldog,rifle,,,,PROFEK,Team Vitality,astra,True,72,50,0,0,0,4,False,bulldog,rifle,,0.8689,0.4811
512.846,841,ACTIVE_ROUND,2,1,2,65.000,,,s0pp,FUT Esports,chamber,True,100,50,0,3,0,4,False,vandal,rifle,,0.7422,0.1889,xeus,FUT Esports,jett,False,,50,0,0,0,6,False,unknown,unknown,,,,sociablEE,FUT Esports,fade,True,85,25,0,1,0,5,False,vandal,rifle,,0.9122,0.3133,yetujey,FUT Esports,astra,False,,50,1,1,0,7,True,stinger,smg,,,,KROSTALY,FUT Esports,kayo,False,,50,0,1,1,5,False,vandal,rifle,,,,Chronicle,Team Vitality,chamber,False,,25,0,6,1,4,False,unknown,unknown,,,,Derke,Team Vitality,neon,False,,25,0,0,0,7,True,unknown,unknown,,,,Jamppi,Team Vitality,kayo,False,,25,0,1,0,0,False,vandal,rifle,,,,Sayonara,Team Vitality,sova,False,,50,0,2,0,6,False,bulldog,rifle,,,,PROFEK,Team Vitality,astra,True,72,50,0,0,0,4,False,bulldog,rifle,,0.8689,0.4811
513.329,842,ACTIVE_ROUND,2,1,2,65.000,,,s0pp,FUT Esports,chamber,True,100,50,0,3,0,4,False,vandal,rifle,,0.8000,0.2822,xeus,FUT Esports,jett,False,,50,0,0,0,6,False,unknown,unknown,,,,sociablEE,FUT Esports,fade,True,85,25,0,1,0,5,False,vandal,rifle,,0.9122,0.3067,yetujey,FUT Esports,astra,False,,50,1,1,0,7,True,stinger,smg,,,,KROSTALY,FUT Esports,kayo,False,,50,0,1,1,5,False,vandal,rifle,,,,Chronicle,Team Vitality,chamber,False,,25,0,6,1,4,False,unknown,unknown,,,,Derke,Team Vitality,neon,False,,25,0,0,0,7,True,unknown,unknown,,,,Jamppi,Team Vitality,kayo,False,,25,0,1,0,0,False,vandal,rifle,,,,Sayonara,Team Vitality,sova,False,,50,0,2,0,6,False,bulldog,rifle,,,,PROFEK,Team Vitality,astra,True,72,50,0,0,0,4,False,bulldog,rifle,,0.8689,0.4811
513.813,843,ACTIVE_ROUND,2,1,2,64.000,,,s0pp,FUT Esports,chamber,True,100,50,0,3,0,4,False,vandal,rifle,,0.8044,0.2911,xeus,FUT Esports,jett,False,,50,0,0,0,6,False,unknown,unknown,,,,sociablEE,FUT Esports,fade,True,85,25,0,1,0,5,False,vandal,rifle,,0.9100,0.3000,yetujey,FUT Esports,astra,False,,50,1,1,0,7,True,stinger,smg,,,,KROSTALY,FUT Esports,kayo,False,,50,0,1,1,5,False,vandal,rifle,,,,Chronicle,Team Vitality,chamber,False,,25,0,6,1,4,False,unknown,unknown,,,,Derke,Team Vitality,neon,False,,25,0,0,0,7,True,unknown,unknown,,,,Jamppi,Team Vitality,kayo,False,,25,0,1,0,0,False,vandal,rifle,,,,Sayonara,Team Vitality,sova,False,,50,0,2,0,6,False,bulldog,rifle,,,,PROFEK,Team Vitality,astra,True,72,50,0,0,0,4,False,bulldog,rifle,,0.8689,0.4811
514.297,844,ACTIVE_ROUND,2,1,2,64.000,,,s0pp,FUT Esports,chamber,True,100,50,0,3,0,4,False,vandal,rifle,,0.8089,0.3022,xeus,FUT Esports,jett,False,,50,0,0,0,6,False,unknown,unknown,,,,sociablEE,FUT Esports,fade,True,85,25,0,1,0,5,False,vandal,rifle,,0.9033,0.2933,yetujey,FUT Esports,astra,False,,50,1,1,0,7,True,stinger,smg,,,,KROSTALY,FUT Esports,kayo,False,,50,0,1,1,5,False,vandal,rifle,,,,Chronicle,Team Vitality,chamber,False,,25,0,6,1,4,False,unknown,unknown,,,,Derke,Team Vitality,neon,False,,25,0,0,0,7,True,unknown,unknown,,,,Jamppi,Team Vitality,kayo,False,,25,0,1,0,0,False,vandal,rifle,,,,Sayonara,Team Vitality,sova,False,,50,0,2,0,6,False,bulldog,rifle,,,,PROFEK,Team Vitality,astra,True,72,50,0,0,0,4,False,bulldog,rifle,,0.8689,0.4811
514.781,845,ACTIVE_ROUND,2,1,2,63.000,,,s0pp,FUT Esports,chamber,True,100,50,0,3,0,4,False,vandal,rifle,,0.8133,0.3067,xeus,FUT Esports,jett,False,,50,0,0,0,6,False,unknown,unknown,,,,sociablEE,FUT Esports,fade,True,85,25,0,1,0,5,False,vandal,rifle,,0.8989,0.2889,yetujey,FUT Esports,astra,False,,50,1,1,0,7,True,stinger,smg,,,,KROSTALY,FUT Esports,kayo,False,,50,0,1,1,5,False,vandal,rifle,,,,Chronicle,Team Vitality,chamber,False,,25,0,6,1,4,False,unknown,unknown,,,,Derke,Team Vitality,neon,False,,25,0,0,0,7,True,unknown,unknown,,,,Jamppi,Team Vitality,kayo,False,,25,0,1,0,0,False,vandal,rifle,,,,Sayonara,Team Vitality,sova,False,,50,0,2,0,6,False,bulldog,rifle,,,,PROFEK,Team Vitality,astra,True,72,50,0,0,0,4,False,bulldog,rifle,,0.8689,0.4811
515.265,846,ACTIVE_ROUND,2,1,2,63.000,,,s0pp,FUT Esports,chamber,True,100,50,0,3,0,4,False,vandal,rifle,,0.8133,0.3178,xeus,FUT Esports,jett,False,,50,0,0,0,6,False,unknown,unknown,,,,sociablEE,FUT Esports,fade,True,85,25,0,1,0,5,False,vandal,rifle,,0.8900,0.2822,yetujey,FUT Esports,astra,False,,50,1,1,0,7,True,stinger,smg,,,,KROSTALY,FUT Esports,kayo,False,,50,0,1,1,5,False,vandal,rifle,,,,Chronicle,Team Vitality,chamber,False,,25,0,6,1,4,False,unknown,unknown,,,,Derke,Team Vitality,neon,False,,25,0,0,0,7,True,unknown,unknown,,,,Jamppi,Team Vitality,kayo,False,,25,0,1,0,0,False,vandal,rifle,,,,Sayonara,Team Vitality,sova,False,,50,0,2,0,6,False,bulldog,rifle,,,,PROFEK,Team Vitality,astra,True,72,50,0,0,0,4,False,bulldog,rifle,,0.8689,0.4811
515.749,847,ACTIVE_ROUND,2,1,2,62.000,,,s0pp,FUT Esports,chamber,True,100,50,0,3,0,4,False,vandal,rifle,,0.8089,0.3289,xeus,FUT Esports,jett,False,,50,0,0,0,6,False,unknown,unknown,,,,sociablEE,FUT Esports,fade,True,85,25,0,1,0,5,False,vandal,rifle,,0.8789,0.2756,yetujey,FUT Esports,astra,False,,50,1,1,0,7,True,stinger,smg,,,,KROSTALY,FUT Esports,kayo,False,,50,0,1,1,5,False,vandal,rifle,,,,Chronicle,Team Vitality,chamber,False,,25,0,6,1,4,False,unknown,unknown,,,,Derke,Team Vitality,neon,False,,25,0,0,0,7,True,unknown,unknown,,,,Jamppi,Team Vitality,kayo,False,,25,0,1,0,0,False,vandal,rifle,,,,Sayonara,Team Vitality,sova,False,,50,0,2,0,6,False,bulldog,rifle,,,,PROFEK,Team Vitality,astra,True,72,50,0,0,0,4,False,bulldog,rifle,,0.8689,0.4811
516.232,848,ACTIVE_ROUND,2,1,2,62.000,,,s0pp,FUT Esports,chamber,True,100,50,0,3,0,4,False,vandal,rifle,,0.8111,0.3356,xeus,FUT Esports,jett,False,,50,0,0,0,6,False,unknown,unknown,,,,sociablEE,FUT Esports,fade,True,85,25,0,1,0,5,False,vandal,rifle,,0.8700,0.2711,yetujey,FUT Esports,astra,False,,50,1,1,0,7,True,stinger,smg,,,,KROSTALY,FUT Esports,kayo,False,,50,0,1,1,5,False,vandal,rifle,,,,Chronicle,Team Vitality,chamber,False,,25,0,6,1,4,False,unknown,unknown,,,,Derke,Team Vitality,neon,False,,25,0,0,0,7,True,unknown,unknown,,,,Jamppi,Team Vitality,kayo,False,,25,0,1,0,0,False,vandal,rifle,,,,Sayonara,Team Vitality,sova,False,,50,0,2,0,6,False,bulldog,rifle,,,,PROFEK,Team Vitality,astra,True,72,50,1,0,0,4,False,bulldog,rifle,,0.8689,0.4767
516.716,849,ACTIVE_ROUND,2,1,2,6.000,,,s0pp,FUT Esports,chamber,True,100,50,0,3,0,4,False,vandal,rifle,,0.8111,0.3378,xeus,FUT Esports,jett,False,,50,0,0,0,6,False,unknown,unknown,,,,sociablEE,FUT Esports,fade,True,85,25,0,1,0,5,False,vandal,rifle,,0.8678,0.2756,yetujey,FUT Esports,astra,False,,50,1,1,0,7,True,stinger,smg,,,,KROSTALY,FUT Esports,kayo,False,,50,0,1,1,5,False,vandal,rifle,,,,Chronicle,Team Vitality,chamber,False,,25,0,6,1,4,False,unknown,unknown,,,,Derke,Team Vitality,neon,False,,25,0,0,0,7,True,unknown,unknown,,,,Jamppi,Team Vitality,kayo,False,,25,0,1,0,0,False,vandal,rifle,,,,Sayonara,Team Vitality,sova,False,,50,0,2,0,6,False,bulldog,rifle,,,,PROFEK,Team Vitality,astra,True,72,50,1,0,0,4,False,bulldog,rifle,,0.8689,0.4767
517.200,850,POST_ROUND,2,2,2,,,0.000,s0pp,FUT Esports,chamber,True,100,50,0,3,0,4,False,vandal,rifle,,0.8111,0.3378,xeus,FUT Esports,jett,False,,50,0,0,0,6,False,unknown,unknown,,,,sociablEE,FUT Esports,fade,True,85,25,0,1,0,5,False,vandal,rifle,,0.8678,0.2756,yetujey,FUT Esports,astra,False,,50,1,1,0,7,True,stinger,smg,,,,KROSTALY,FUT Esports,kayo,False,,50,0,1,1,5,False,vandal,rifle,,,,Chronicle,Team Vitality,chamber,False,,25,0,6,1,4,False,unknown,unknown,,,,Derke,Team Vitality,neon,False,,25,0,0,0,7,True,unknown,unknown,,,,Jamppi,Team Vitality,kayo,False,,25,0,1,0,0,False,vandal,rifle,,,,Sayonara,Team Vitality,sova,False,,50,0,2,0,6,False,bulldog,rifle,,,,PROFEK,Team Vitality,astra,True,72,50,1,0,0,4,False,bulldog,rifle,,0.8689,0.4767
517.684,851,POST_ROUND,2,2,2,,,0.484,s0pp,FUT Esports,chamber,True,100,50,0,3,0,4,False,vandal,rifle,,0.8111,0.3378,xeus,FUT Esports,jett,False,,50,0,0,0,6,False,unknown,unknown,,,,sociablEE,FUT Esports,fade,True,85,25,0,1,0,5,False,vandal,rifle,,0.8678,0.2756,yetujey,FUT Esports,astra,False,,50,1,1,0,7,True,stinger,smg,,,,KROSTALY,FUT Esports,kayo,False,,50,0,1,1,5,False,vandal,rifle,,,,Chronicle,Team Vitality,chamber,False,,25,0,6,1,4,False,unknown,unknown,,,,Derke,Team Vitality,neon,False,,25,0,0,0,7,True,unknown,unknown,,,,Jamppi,Team Vitality,kayo,False,,25,0,1,0,0,False,vandal,rifle,,,,Sayonara,Team Vitality,sova,False,,50,0,2,0,6,False,bulldog,rifle,,,,PROFEK,Team Vitality,astra,False,,50,1,0,0,4,False,bulldog,rifle,,0.8689,0.4767
518.168,852,POST_ROUND,2,2,2,,,0.968,s0pp,FUT Esports,chamber,True,100,50,0,3,0,5,False,vandal,rifle,,0.8111,0.3378,xeus,FUT Esports,jett,False,,50,0,0,0,6,False,unknown,unknown,,,,sociablEE,FUT Esports,fade,True,85,25,0,1,0,5,False,vandal,rifle,,0.8678,0.2756,yetujey,FUT Esports,astra,False,,50,1,1,0,7,True,stinger,smg,,,,KROSTALY,FUT Esports,kayo,False,,50,0,1,1,5,False,vandal,rifle,,,,Chronicle,Team Vitality,chamber,False,,25,0,6,1,4,False,unknown,unknown,,,,Derke,Team Vitality,neon,False,,25,0,0,0,7,True,unknown,unknown,,,,Jamppi,Team Vitality,kayo,False,,25,0,1,0,0,False,vandal,rifle,,,,Sayonara,Team Vitality,sova,False,,50,0,2,0,6,False,bulldog,rifle,,,,PROFEK,Team Vitality,astra,False,,50,1,0,0,4,False,bulldog,rifle,,0.8689,0.4767
518.651,853,POST_ROUND,2,2,2,,,1.451,s0pp,FUT Esports,chamber,True,100,50,0,3,0,5,False,vandal,rifle,,0.8111,0.3378,xeus,FUT Esports,jett,False,,50,0,0,0,6,False,unknown,unknown,,,,sociablEE,FUT Esports,fade,True,85,25,0,1,0,5,False,vandal,rifle,,0.8678,0.2756,yetujey,FUT Esports,astra,False,,50,1,1,0,7,True,stinger,smg,,,,KROSTALY,FUT Esports,kayo,False,,50,0,1,1,5,False,vandal,rifle,,,,Chronicle,Team Vitality,chamber,False,,25,0,6,1,4,False,unknown,unknown,,,,Derke,Team Vitality,neon,False,,25,0,0,0,7,True,unknown,unknown,,,,Jamppi,Team Vitality,kayo,False,,25,0,1,0,0,False,vandal,rifle,,,,Sayonara,Team Vitality,sova,False,,50,0,2,0,6,False,bulldog,rifle,,,,PROFEK,Team Vitality,astra,False,,50,1,0,0,4,False,bulldog,rifle,,0.8689,0.4767
519.135,854,POST_ROUND,2,2,2,,,1.935,s0pp,FUT Esports,chamber,True,100,50,0,3,0,5,False,vandal,rifle,,0.8111,0.3378,xeus,FUT Esports,jett,False,,50,0,0,0,6,False,unknown,unknown,,,,sociablEE,FUT Esports,fade,True,85,25,0,1,0,5,False,vandal,rifle,,0.8678,0.2756,yetujey,FUT Esports,astra,False,,50,1,1,0,7,True,stinger,smg,,,,KROSTALY,FUT Esports,kayo,False,,50,0,1,1,5,False,vandal,rifle,,,,Chronicle,Team Vitality,chamber,False,,25,0,6,1,4,False,unknown,unknown,,,,Derke,Team Vitality,neon,False,,25,0,0,0,7,True,unknown,unknown,,,,Jamppi,Team Vitality,kayo,False,,25,0,1,0,0,False,vandal,rifle,,,,Sayonara,Team Vitality,sova,False,,50,0,2,0,6,False,bulldog,rifle,,,,PROFEK,Team Vitality,astra,False,,50,1,0,0,4,False,bulldog,rifle,,0.8689,0.4767
519.619,855,POST_ROUND,2,2,2,,,2.419,s0pp,FUT Esports,chamber,True,100,50,0,3,0,5,False,vandal,rifle,,0.8111,0.3378,xeus,FUT Esports,jett,False,,50,0,0,0,6,False,unknown,unknown,,,,sociablEE,FUT Esports,fade,True,85,25,0,1,0,5,False,vandal,rifle,,0.8678,0.2756,yetujey,FUT Esports,astra,False,,50,1,1,0,7,True,stinger,smg,,,,KROSTALY,FUT Esports,kayo,False,,50,0,1,1,5,False,vandal,rifle,,,,Chronicle,Team Vitality,chamber,False,,25,0,6,1,4,False,unknown,unknown,,,,Derke,Team Vitality,neon,False,,25,0,0,0,7,True,unknown,unknown,,,,Jamppi,Team Vitality,kayo,False,,25,0,1,0,0,False,vandal,rifle,,,,Sayonara,Team Vitality,sova,False,,50,0,2,0,6,False,bulldog,rifle,,,,PROFEK,Team Vitality,astra,False,,50,1,0,0,4,False,bulldog,rifle,,0.8689,0.4767
520.103,856,POST_ROUND,2,2,2,,,2.903,s0pp,FUT Esports,chamber,True,100,50,0,3,0,5,False,vandal,rifle,,0.8111,0.3378,xeus,FUT Esports,jett,False,,50,0,0,0,6,False,unknown,unknown,,,,sociablEE,FUT Esports,fade,True,85,25,0,1,0,5,False,vandal,rifle,,0.8678,0.2756,yetujey,FUT Esports,astra,False,,50,1,1,0,7,True,stinger,smg,,,,KROSTALY,FUT Esports,kayo,False,,50,0,1,1,5,False,vandal,rifle,,,,Chronicle,Team Vitality,chamber,False,,25,0,6,1,4,False,unknown,unknown,,,,Derke,Team Vitality,neon,False,,25,0,0,0,7,True,unknown,unknown,,,,Jamppi,Team Vitality,kayo,False,,25,0,1,0,0,False,vandal,rifle,,,,Sayonara,Team Vitality,sova,False,,50,0,2,0,6,False,bulldog,rifle,,,,PROFEK,Team Vitality,astra,False,,50,1,0,0,4,False,bulldog,rifle,,0.8689,0.4767
520.587,857,POST_ROUND,2,2,2,,,3.387,s0pp,FUT Esports,chamber,True,100,50,0,3,0,5,False,vandal,rifle,,0.8111,0.3378,xeus,FUT Esports,jett,False,,50,0,0,0,6,False,unknown,unknown,,,,sociablEE,FUT Esports,fade,True,85,25,0,1,0,5,False,vandal,rifle,,0.8678,0.2756,yetujey,FUT Esports,astra,False,,50,1,1,0,7,True,stinger,smg,,,,KROSTALY,FUT Esports,kayo,False,,50,0,1,1,5,False,vandal,rifle,,,,Chronicle,Team Vitality,chamber,False,,25,0,6,1,4,False,unknown,unknown,,,,Derke,Team Vitality,neon,False,,25,0,0,0,7,True,unknown,unknown,,,,Jamppi,Team Vitality,kayo,False,,25,0,1,0,0,False,vandal,rifle,,,,Sayonara,Team Vitality,sova,False,,50,0,2,0,6,False,bulldog,rifle,,,,PROFEK,Team Vitality,astra,False,,50,1,0,0,4,False,bulldog,rifle,,0.8689,0.4767
521.071,858,POST_ROUND,2,2,2,,,3.871,s0pp,FUT Esports,chamber,True,100,50,0,3,0,5,False,vandal,rifle,,0.8111,0.3378,xeus,FUT Esports,jett,False,,50,0,0,0,6,False,unknown,unknown,,,,sociablEE,FUT Esports,fade,True,85,25,0,1,0,5,False,vandal,rifle,,0.8678,0.2756,yetujey,FUT Esports,astra,False,,50,1,1,0,7,True,stinger,smg,,,,KROSTALY,FUT Esports,kayo,False,,50,0,1,1,5,False,vandal,rifle,,,,Chronicle,Team Vitality,chamber,False,,25,0,6,1,4,False,unknown,unknown,,,,Derke,Team Vitality,neon,False,,25,0,0,0,7,True,unknown,unknown,,,,Jamppi,Team Vitality,kayo,False,,25,0,1,0,0,False,vandal,rifle,,,,Sayonara,Team Vitality,sova,False,,50,0,2,0,6,False,bulldog,rifle,,,,PROFEK,Team Vitality,astra,False,,50,1,0,0,4,False,bulldog,rifle,,0.8689,0.4767
521.554,859,POST_ROUND,2,2,2,,,4.354,s0pp,FUT Esports,chamber,True,100,50,0,3,0,5,False,vandal,rifle,,0.8111,0.3378,xeus,FUT Esports,jett,False,,50,0,0,0,6,False,unknown,unknown,,,,sociablEE,FUT Esports,fade,True,85,25,0,1,0,5,False,vandal,rifle,,0.8678,0.2756,yetujey,FUT Esports,astra,False,,50,1,1,0,7,True,stinger,smg,,,,KROSTALY,FUT Esports,kayo,False,,50,0,1,1,5,False,vandal,rifle,,,,Chronicle,Team Vitality,chamber,False,,25,0,6,1,4,False,unknown,unknown,,,,Derke,Team Vitality,neon,False,,25,0,0,0,7,True,unknown,unknown,,,,Jamppi,Team Vitality,kayo,False,,25,0,1,0,0,False,vandal,rifle,,,,Sayonara,Team Vitality,sova,False,,50,0,2,0,6,False,bulldog,rifle,,,,PROFEK,Team Vitality,astra,False,,50,1,0,0,4,False,bulldog,rifle,,0.8689,0.4767
522.038,860,POST_ROUND,2,2,2,,,4.838,s0pp,FUT Esports,chamber,True,100,50,0,3,0,5,False,vandal,rifle,,0.8111,0.3378,xeus,FUT Esports,jett,False,,50,0,0,0,6,False,unknown,unknown,,,,sociablEE,FUT Esports,fade,True,85,25,0,1,0,5,False,vandal,rifle,,0.8678,0.2756,yetujey,FUT Esports,astra,False,,50,1,1,0,7,True,stinger,smg,,,,KROSTALY,FUT Esports,kayo,False,,50,0,1,1,5,False,vandal,rifle,,,,Chronicle,Team Vitality,chamber,False,,25,0,6,1,4,False,unknown,unknown,,,,Derke,Team Vitality,neon,False,,25,0,0,0,7,True,unknown,unknown,,,,Jamppi,Team Vitality,kayo,False,,25,0,1,0,0,False,vandal,rifle,,,,Sayonara,Team Vitality,sova,False,,50,0,2,0,6,False,bulldog,rifle,,,,PROFEK,Team Vitality,astra,False,,50,1,0,0,4,False,bulldog,rifle,,0.8689,0.4767
522.522,861,POST_ROUND,2,2,2,,,5.322,s0pp,FUT Esports,chamber,True,100,50,0,3,0,5,False,vandal,rifle,,0.8111,0.3378,xeus,FUT Esports,jett,False,,50,0,0,0,6,False,unknown,unknown,,,,sociablEE,FUT Esports,fade,True,85,25,0,1,0,5,False,vandal,rifle,,0.8678,0.2756,yetujey,FUT Esports,astra,False,,50,1,1,0,7,True,stinger,smg,,,,KROSTALY,FUT Esports,kayo,False,,50,0,1,1,5,False,vandal,rifle,,,,Chronicle,Team Vitality,chamber,False,,25,0,6,1,4,False,unknown,unknown,,,,Derke,Team Vitality,neon,False,,25,0,0,0,7,True,unknown,unknown,,,,Jamppi,Team Vitality,kayo,False,,25,0,1,0,0,False,vandal,rifle,,,,Sayonara,Team Vitality,sova,False,,50,0,2,0,6,False,bulldog,rifle,,,,PROFEK,Team Vitality,astra,False,,50,1,0,0,4,False,bulldog,rifle,,0.8689,0.4767
523.006,862,POST_ROUND,2,2,2,,,5.806,s0pp,FUT Esports,chamber,True,100,50,0,3,0,5,False,vandal,rifle,,0.8111,0.3378,xeus,FUT Esports,jett,False,,50,0,0,0,6,False,unknown,unknown,,,,sociablEE,FUT Esports,fade,True,85,25,0,1,0,5,False,vandal,rifle,,0.8678,0.2756,yetujey,FUT Esports,astra,False,,50,1,1,0,7,True,stinger,smg,,,,KROSTALY,FUT Esports,kayo,False,,50,0,1,1,5,False,vandal,rifle,,,,Chronicle,Team Vitality,chamber,False,,25,0,6,1,4,False,unknown,unknown,,,,Derke,Team Vitality,neon,False,,25,0,0,0,7,True,unknown,unknown,,,,Jamppi,Team Vitality,kayo,False,,25,0,1,0,0,False,vandal,rifle,,,,Sayonara,Team Vitality,sova,False,,50,0,2,0,6,False,bulldog,rifle,,,,PROFEK,Team Vitality,astra,False,,50,1,0,0,4,False,bulldog,rifle,,0.8689,0.4767
523.490,863,POST_ROUND,2,2,2,,,6.290,s0pp,FUT Esports,chamber,True,100,50,0,3,0,5,False,vandal,rifle,,0.8111,0.3378,xeus,FUT Esports,jett,False,,50,0,0,0,6,False,unknown,unknown,,,,sociablEE,FUT Esports,fade,True,85,25,0,1,0,5,False,vandal,rifle,,0.8678,0.2756,yetujey,FUT Esports,astra,False,,50,1,1,0,7,True,stinger,smg,,,,KROSTALY,FUT Esports,kayo,False,,50,0,1,1,5,False,vandal,rifle,,,,Chronicle,Team Vitality,chamber,False,,25,0,6,1,4,False,unknown,unknown,,,,Derke,Team Vitality,neon,False,,25,0,0,0,7,True,unknown,unknown,,,,Jamppi,Team Vitality,kayo,False,,25,0,1,0,0,False,vandal,rifle,,,,Sayonara,Team Vitality,sova,False,,50,0,2,0,6,False,bulldog,rifle,,,,PROFEK,Team Vitality,astra,False,,50,1,0,0,4,False,bulldog,rifle,,0.8689,0.4767
523.973,864,POST_ROUND,2,2,2,,,6.773,s0pp,FUT Esports,chamber,True,100,50,0,3,0,5,False,vandal,rifle,,0.8111,0.3378,xeus,FUT Esports,jett,False,,50,0,0,0,6,False,unknown,unknown,,,,sociablEE,FUT Esports,fade,True,85,25,0,1,0,5,False,vandal,rifle,,0.8678,0.2756,yetujey,FUT Esports,astra,False,,50,1,1,0,7,True,stinger,smg,,,,KROSTALY,FUT Esports,kayo,False,,50,0,1,1,5,False,vandal,rifle,,,,Chronicle,Team Vitality,chamber,False,,25,0,6,1,4,False,unknown,unknown,,,,Derke,Team Vitality,neon,False,,25,0,0,0,7,True,unknown,unknown,,,,Jamppi,Team Vitality,kayo,False,,25,0,1,0,0,False,vandal,rifle,,,,Sayonara,Team Vitality,sova,False,,50,0,2,0,6,False,bulldog,rifle,,,,PROFEK,Team Vitality,astra,False,,50,1,0,0,4,False,bulldog,rifle,,0.8689,0.4767
524.457,865,POST_ROUND,2,2,2,,,7.257,s0pp,FUT Esports,chamber,True,100,50,0,3,0,5,False,vandal,rifle,,0.8111,0.3378,xeus,FUT Esports,jett,False,,50,0,0,0,6,False,unknown,unknown,,,,sociablEE,FUT Esports,fade,True,85,25,0,1,0,5,False,vandal,rifle,,0.8678,0.2756,yetujey,FUT Esports,astra,False,,50,1,1,0,7,True,stinger,smg,,,,KROSTALY,FUT Esports,kayo,False,,50,0,1,1,5,False,vandal,rifle,,,,Chronicle,Team Vitality,chamber,False,,25,0,6,1,4,False,unknown,unknown,,,,Derke,Team Vitality,neon,False,,25,0,0,0,7,True,unknown,unknown,,,,Jamppi,Team Vitality,kayo,False,,25,0,1,0,0,False,vandal,rifle,,,,Sayonara,Team Vitality,sova,False,,50,0,2,0,6,False,bulldog,rifle,,,,PROFEK,Team Vitality,astra,False,,50,1,0,0,4,False,bulldog,rifle,,0.8689,0.4767
524.941,866,POST_ROUND,2,2,2,,,7.741,s0pp,FUT Esports,chamber,True,100,50,0,3,0,5,False,vandal,rifle,,0.8111,0.3378,xeus,FUT Esports,jett,False,,50,0,0,0,6,False,unknown,unknown,,,,sociablEE,FUT Esports,fade,True,85,25,0,1,0,5,False,vandal,rifle,,0.8678,0.2756,yetujey,FUT Esports,astra,False,,50,1,1,0,7,True,stinger,smg,,,,KROSTALY,FUT Esports,kayo,False,,50,0,1,1,5,False,vandal,rifle,,,,Chronicle,Team Vitality,chamber,False,,25,0,6,1,4,False,unknown,unknown,,,,Derke,Team Vitality,neon,False,,25,0,0,0,7,True,unknown,unknown,,,,Jamppi,Team Vitality,kayo,False,,25,0,1,0,0,False,vandal,rifle,,,,Sayonara,Team Vitality,sova,False,,50,0,2,0,6,False,bulldog,rifle,,,,PROFEK,Team Vitality,astra,False,,50,1,0,0,4,False,bulldog,rifle,,0.8689,0.4767
525.425,867,POST_ROUND,2,2,2,,,8.225,s0pp,FUT Esports,chamber,True,100,50,0,3,0,5,False,vandal,rifle,,0.8111,0.3378,xeus,FUT Esports,jett,False,,50,0,0,0,6,False,unknown,unknown,,,,sociablEE,FUT Esports,fade,True,85,25,0,1,0,5,False,vandal,rifle,,0.8678,0.2756,yetujey,FUT Esports,astra,False,,50,1,1,0,7,True,stinger,smg,,,,KROSTALY,FUT Esports,kayo,False,,50,0,1,1,5,False,vandal,rifle,,,,Chronicle,Team Vitality,chamber,False,,25,0,6,1,4,False,unknown,unknown,,,,Derke,Team Vitality,neon,False,,25,0,0,0,7,True,unknown,unknown,,,,Jamppi,Team Vitality,kayo,False,,25,0,1,0,0,False,vandal,rifle,,,,Sayonara,Team Vitality,sova,False,,50,0,2,0,6,False,bulldog,rifle,,,,PROFEK,Team Vitality,astra,False,,50,1,0,0,4,False,bulldog,rifle,,0.8689,0.4767
525.909,868,POST_ROUND,2,2,2,,,8.709,s0pp,FUT Esports,chamber,True,100,50,0,3,0,5,False,vandal,rifle,,0.8111,0.3378,xeus,FUT Esports,jett,False,,50,0,0,0,6,False,unknown,unknown,,,,sociablEE,FUT Esports,fade,True,85,25,0,1,0,5,False,vandal,rifle,,0.8678,0.2756,yetujey,FUT Esports,astra,False,,50,1,1,0,7,True,stinger,smg,,,,KROSTALY,FUT Esports,kayo,False,,50,0,1,1,5,False,vandal,rifle,,,,Chronicle,Team Vitality,chamber,False,,25,0,6,1,4,False,unknown,unknown,,,,Derke,Team Vitality,neon,False,,25,0,0,0,7,True,unknown,unknown,,,,Jamppi,Team Vitality,kayo,False,,25,0,1,0,0,False,vandal,rifle,,,,Sayonara,Team Vitality,sova,False,,50,0,2,0,6,False,bulldog,rifle,,,,PROFEK,Team Vitality,astra,False,,50,1,0,0,4,False,bulldog,rifle,,0.8689,0.4767
526.393,869,PREROUND,3,2,2,,,,s0pp,FUT Esports,chamber,True,,,1,4,1,5,False,,,,,,xeus,FUT Esports,jett,True,,,2,1,1,7,False,,,,,,sociablEE,FUT Esports,fade,True,,,0,1,1,5,False,,,,,,yetujey,FUT Esports,astra,True,,,1,3,1,7,True,,,,,,KROSTALY,FUT Esports,kayo,True,,,0,1,1,6,False,,,,,,Chronicle,Team Vitality,chamber,True,,,0,6,1,4,False,,,,,,Derke,Team Vitality,neon,True,,,1,1,1,7,True,,,,,,Jamppi,Team Vitality,kayo,True,,,0,1,1,1,False,,,,,,Sayonara,Team Vitality,sova,True,,,1,2,1,7,False,,,,,,PROFEK,Team Vitality,astra,True,,,1,2,1,5,False,,,,,
526.876,870,PREROUND,3,2,2,,,,s0pp,FUT Esports,chamber,True,,,1,4,1,5,False,,,,,,xeus,FUT Esports,jett,True,,,2,1,1,7,False,,,,,,sociablEE,FUT Esports,fade,True,,,0,1,1,5,False,,,,,,yetujey,FUT Esports,astra,True,,,1,3,1,7,True,,,,,,KROSTALY,FUT Esports,kayo,True,,,0,1,1,6,False,,,,,,Chronicle,Team Vitality,chamber,True,,,0,6,1,4,False,,,,,,Derke,Team Vitality,neon,True,,,1,1,1,7,True,,,,,,Jamppi,Team Vitality,kayo,True,,,0,1,1,1,False,,,,,,Sayonara,Team Vitality,sova,True,,,1,2,1,7,False,,,,,,PROFEK,Team Vitality,astra,True,,,1,2,1,5,False,,,,,
527.360,871,PREROUND,3,2,2,,,,s0pp,FUT Esports,chamber,True,,,1,4,1,5,False,,,,,,xeus,FUT Esports,jett,True,,,2,1,1,7,False,,,,,,sociablEE,FUT Esports,fade,True,,,2,1,1,5,False,,,,,,yetujey,FUT Esports,astra,True,,,1,3,1,7,True,,,,,,KROSTALY,FUT Esports,kayo,True,,,0,1,1,6,False,,,,,,Chronicle,Team Vitality,chamber,True,,,0,6,1,4,False,,,,,,Derke,Team Vitality,neon,True,,,1,1,1,7,True,,,,,,Jamppi,Team Vitality,kayo,True,,,0,1,1,1,False,,,,,,Sayonara,Team Vitality,sova,True,,,1,2,1,7,False,,,,,,PROFEK,Team Vitality,astra,True,,,1,2,1,5,False,,,,,
547.197,912,PREROUND,3,2,2,,,,s0pp,FUT Esports,chamber,True,,,1,4,1,5,False,,,,,,xeus,FUT Esports,jett,True,,,2,1,1,7,False,,,,,,sociablEE,FUT Esports,fade,True,,,1,1,1,5,False,,,,,,yetujey,FUT Esports,astra,True,,,1,3,1,7,True,,,,,,KROSTALY,FUT Esports,kayo,True,,,1,2,1,6,False,,,,,,Chronicle,Team Vitality,chamber,True,,,0,7,1,4,False,,,,,,Derke,Team Vitality,neon,True,,,1,1,1,7,True,,,,,,Jamppi,Team Vitality,kayo,True,,,1,2,1,1,False,,,,,,Sayonara,Team Vitality,sova,True,,,1,2,1,7,False,,,,,,PROFEK,Team Vitality,astra,True,,,2,2,1,5,False,,,,,
547.680,913,PREROUND,3,2,2,,,,s0pp,FUT Esports,chamber,True,,,1,4,1,5,False,,,,,,xeus,FUT Esports,jett,True,,,2,1,1,7,False,,,,,,sociablEE,FUT Esports,fade,True,,,1,1,1,5,False,,,,,,yetujey,FUT Esports,astra,True,,,1,3,1,7,True,,,,,,KROSTALY,FUT Esports,kayo,True,,,1,2,1,6,False,,,,,,Chronicle,Team Vitality,chamber,True,,,0,7,1,4,False,,,,,,Derke,Team Vitality,neon,True,,,1,1,1,7,True,,,,,,Jamppi,Team Vitality,kayo,True,,,1,2,1,1,False,,,,,,Sayonara,Team Vitality,sova,True,,,1,2,1,7,False,,,,,,PROFEK,Team Vitality,astra,True,,,2,2,1,5,False,,,,,
548.164,914,PREROUND,3,2,2,,,,s0pp,FUT Esports,chamber,True,,,1,4,1,5,False,,,,,,xeus,FUT Esports,jett,True,,,2,1,1,7,False,,,,,,sociablEE,FUT Esports,fade,True,,,1,1,1,5,False,,,,,,yetujey,FUT Esports,astra,True,,,1,3,1,7,True,,,,,,KROSTALY,FUT Esports,kayo,True,,,1,2,1,6,False,,,,,,Chronicle,Team Vitality,chamber,True,,,0,7,1,4,False,,,,,,Derke,Team Vitality,neon,True,,,1,1,1,7,True,,,,,,Jamppi,Team Vitality,kayo,True,,,1,2,1,1,False,,,,,,Sayonara,Team Vitality,sova,True,,,1,2,1,7,False,,,,,,PROFEK,Team Vitality,astra,True,,,2,2,1,5,False,,,,,
548.648,915,PREROUND,3,2,2,,,,s0pp,FUT Esports,chamber,True,,,1,4,1,5,False,,,,,,xeus,FUT Esports,jett,True,,,2,1,1,7,False,,,,,,sociablEE,FUT Esports,fade,True,,,1,1,1,5,False,,,,,,yetujey,FUT Esports,astra,True,,,1,3,1,7,True,,,,,,KROSTALY,FUT Esports,kayo,True,,,1,2,1,6,False,,,,,,Chronicle,Team Vitality,chamber,True,,,0,7,1,4,False,,,,,,Derke,Team Vitality,neon,True,,,1,1,1,7,True,,,,,,Jamppi,Team Vitality,kayo,True,,,1,2,1,1,False,,,,,,Sayonara,Team Vitality,sova,True,,,1,2,1,7,False,,,,,,PROFEK,Team Vitality,astra,True,,,2,2,1,5,False,,,,,
549.132,916,PREROUND,3,2,2,,,,s0pp,FUT Esports,chamber,True,,,1,4,1,5,False,,,,,,xeus,FUT Esports,jett,True,,,2,1,1,7,False,,,,,,sociablEE,FUT Esports,fade,True,,,1,1,1,5,False,,,,,,yetujey,FUT Esports,astra,True,,,1,3,1,7,True,,,,,,KROSTALY,FUT Esports,kayo,True,,,1,2,1,6,False,,,,,,Chronicle,Team Vitality,chamber,True,,,0,7,1,4,False,,,,,,Derke,Team Vitality,neon,True,,,1,1,1,7,True,,,,,,Jamppi,Team Vitality,kayo,True,,,1,2,1,1,False,,,,,,Sayonara,Team Vitality,sova,True,,,1,2,1,7,False,,,,,,PROFEK,Team Vitality,astra,True,,,2,2,1,5,False,,,,,
549.616,917,PREROUND,3,2,2,,,,s0pp,FUT Esports,chamber,True,,,1,4,1,5,False,,,,,,xeus,FUT Esports,jett,True,,,2,1,1,7,False,,,,,,sociablEE,FUT Esports,fade,True,,,1,1,1,5,False,,,,,,yetujey,FUT Esports,astra,True,,,1,3,1,7,True,,,,,,KROSTALY,FUT Esports,kayo,True,,,1,2,1,6,False,,,,,,Chronicle,Team Vitality,chamber,True,,,0,7,1,4,False,,,,,,Derke,Team Vitality,neon,True,,,1,1,1,7,True,,,,,,Jamppi,Team Vitality,kayo,True,,,1,2,1,1,False,,,,,,Sayonara,Team Vitality,sova,True,,,1,2,1,7,False,,,,,,PROFEK,Team Vitality,astra,True,,,2,2,1,5,False,,,,,
550.100,918,PREROUND,3,2,2,,,,s0pp,FUT Esports,chamber,True,,,1,4,1,5,False,,,,,,xeus,FUT Esports,jett,True,,,2,1,1,7,False,,,,,,sociablEE,FUT Esports,fade,True,,,1,1,1,5,False,,,,,,yetujey,FUT Esports,astra,True,,,1,3,1,7,True,,,,,,KROSTALY,FUT Esports,kayo,True,,,1,2,1,6,False,,,,,,Chronicle,Team Vitality,chamber,True,,,0,7,1,4,False,,,,,,Derke,Team Vitality,neon,True,,,1,1,1,7,True,,,,,,Jamppi,Team Vitality,kayo,True,,,1,2,1,1,False,,,,,,Sayonara,Team Vitality,sova,True,,,1,2,1,7,False,,,,,,PROFEK,Team Vitality,astra,True,,,2,2,1,5,False,,,,,
550.583,919,PREROUND,3,2,2,,,,s0pp,FUT Esports,chamber,True,,,1,4,1,5,False,,,,,,xeus,FUT Esports,jett,True,,,2,1,1,7,False,,,,,,sociablEE,FUT Esports,fade,True,,,1,1,1,5,False,,,,,,yetujey,FUT Esports,astra,True,,,1,3,1,7,True,,,,,,KROSTALY,FUT Esports,kayo,True,,,1,2,1,6,False,,,,,,Chronicle,Team Vitality,chamber,True,,,0,7,1,4,False,,,,,,Derke,Team Vitality,neon,True,,,1,1,1,7,True,,,,,,Jamppi,Team Vitality,kayo,True,,,1,2,1,1,False,,,,,,Sayonara,Team Vitality,sova,True,,,1,2,1,7,False,,,,,,PROFEK,Team Vitality,astra,True,,,2,2,1,5,False,,,,,
551.067,920,PREROUND,3,2,2,,,,s0pp,FUT Esports,chamber,True,,,1,4,1,5,False,,,,,,xeus,FUT Esports,jett,True,,,2,1,1,7,False,,,,,,sociablEE,FUT Esports,fade,True,,,1,1,1,5,False,,,,,,yetujey,FUT Esports,astra,True,,,1,3,1,7,True,,,,,,KROSTALY,FUT Esports,kayo,True,,,1,2,1,6,False,,,,,,Chronicle,Team Vitality,chamber,True,,,0,7,1,4,False,,,,,,Derke,Team Vitality,neon,True,,,1,1,1,7,True,,,,,,Jamppi,Team Vitality,kayo,True,,,1,2,1,1,False,,,,,,Sayonara,Team Vitality,sova,True,,,1,2,1,7,False,,,,,,PROFEK,Team Vitality,astra,True,,,2,2,1,5,False,,,,,
551.551,921,PREROUND,3,2,2,,,,s0pp,FUT Esports,chamber,True,,,1,4,1,5,False,,,,,,xeus,FUT Esports,jett,True,,,2,1,1,7,False,,,,,,sociablEE,FUT Esports,fade,True,,,1,1,1,5,False,,,,,,yetujey,FUT Esports,astra,True,,,1,3,1,7,True,,,,,,KROSTALY,FUT Esports,kayo,True,,,1,2,1,6,False,,,,,,Chronicle,Team Vitality,chamber,True,,,0,7,1,4,False,,,,,,Derke,Team Vitality,neon,True,,,1,1,1,7,True,,,,,,Jamppi,Team Vitality,kayo,True,,,1,2,1,1,False,,,,,,Sayonara,Team Vitality,sova,True,,,1,2,1,7,False,,,,,,PROFEK,Team Vitality,astra,True,,,2,2,1,5,False,,,,,
552.035,922,PREROUND,3,2,2,,,,s0pp,FUT Esports,chamber,True,,,1,4,1,5,False,,,,,,xeus,FUT Esports,jett,True,,,2,1,1,7,False,,,,,,sociablEE,FUT Esports,fade,True,,,1,1,1,5,False,,,,,,yetujey,FUT Esports,astra,True,,,1,3,1,7,True,,,,,,KROSTALY,FUT Esports,kayo,True,,,1,2,1,6,False,,,,,,Chronicle,Team Vitality,chamber,True,,,0,7,1,4,False,,,,,,Derke,Team Vitality,neon,True,,,1,1,1,7,True,,,,,,Jamppi,Team Vitality,kayo,True,,,1,2,1,1,False,,,,,,Sayonara,Team Vitality,sova,True,,,1,2,1,7,False,,,,,,PROFEK,Team Vitality,astra,True,,,2,2,1,5,False,,,,,
552.519,923,PREROUND,3,2,2,,,,s0pp,FUT Esports,chamber,True,,,1,4,1,5,False,,,,,,xeus,FUT Esports,jett,True,,,2,1,1,7,False,,,,,,sociablEE,FUT Esports,fade,True,,,1,1,1,5,False,,,,,,yetujey,FUT Esports,astra,True,,,1,3,1,7,True,,,,,,KROSTALY,FUT Esports,kayo,True,,,1,2,1,6,False,,,,,,Chronicle,Team Vitality,chamber,True,,,0,7,1,4,False,,,,,,Derke,Team Vitality,neon,True,,,1,1,1,7,True,,,,,,Jamppi,Team Vitality,kayo,True,,,1,2,1,1,False,,,,,,Sayonara,Team Vitality,sova,True,,,1,2,1,7,False,,,,,,PROFEK,Team Vitality,astra,True,,,2,2,1,5,False,,,,,
553.002,924,PREROUND,3,2,2,,,,s0pp,FUT Esports,chamber,True,,,1,4,1,5,False,,,,,,xeus,FUT Esports,jett,True,,,2,1,1,7,False,,,,,,sociablEE,FUT Esports,fade,True,,,1,1,1,5,False,,,,,,yetujey,FUT Esports,astra,True,,,1,3,1,7,True,,,,,,KROSTALY,FUT Esports,kayo,True,,,1,2,1,6,False,,,,,,Chronicle,Team Vitality,chamber,True,,,0,7,1,4,False,,,,,,Derke,Team Vitality,neon,True,,,1,1,1,7,True,,,,,,Jamppi,Team Vitality,kayo,True,,,1,2,1,1,False,,,,,,Sayonara,Team Vitality,sova,True,,,1,2,1,7,False,,,,,,PROFEK,Team Vitality,astra,True,,,2,2,1,5,False,,,,,
553.486,925,PREROUND,3,2,2,,,,s0pp,FUT Esports,chamber,True,,,1,4,1,5,False,,,,,,xeus,FUT Esports,jett,True,,,2,1,1,7,False,,,,,,sociablEE,FUT Esports,fade,True,,,1,1,1,5,False,,,,,,yetujey,FUT Esports,astra,True,,,1,3,1,7,True,,,,,,KROSTALY,FUT Esports,kayo,True,,,1,2,1,6,False,,,,,,Chronicle,Team Vitality,chamber,True,,,1,7,1,4,False,,,,,,Derke,Team Vitality,neon,True,,,1,1,1,7,True,,,,,,Jamppi,Team Vitality,kayo,True,,,1,2,1,1,False,,,,,,Sayonara,Team Vitality,sova,True,,,1,2,1,7,False,,,,,,PROFEK,Team Vitality,astra,True,,,2,2,1,5,False,,,,,
553.970,926,ACTIVE_ROUND,3,2,2,99.000,,,s0pp,FUT Esports,chamber,True,,,1,4,1,5,False,,,,,,xeus,FUT Esports,jett,False,0,0,2,1,1,7,False,,,,0.5011,0.5056,sociablEE,FUT Esports,fade,True,,,1,1,1,5,False,,,,0.6789,0.4978,yetujey,FUT Esports,astra,True,,,1,3,1,7,True,,,,0.1911,0.4633,KROSTALY,FUT Esports,kayo,True,,,1,2,1,6,False,,,,0.1011,0.4456,Chronicle,Team Vitality,chamber,True,,,1,7,1,4,False,,,,0.4056,0.7200,Derke,Team Vitality,neon,True,,,1,1,1,7,True,,,,,,Jamppi,Team Vitality,kayo,True,,,1,2,1,1,False,,,,,,Sayonara,Team Vitality,sova,True,,,1,2,1,7,False,,,,,,PROFEK,Team Vitality,astra,True,,,2,2,1,5,False,,,,,
554.454,927,ACTIVE_ROUND,3,2,2,99.000,,,s0pp,FUT Esports,chamber,True,100,50,1,4,1,5,False,,,,,,xeus,FUT Esports,jett,False,100,50,2,1,1,7,False,,,,,,sociablEE,FUT Esports,fade,True,100,25,1,1,1,5,False,,,,0.6789,0.5133,yetujey,FUT Esports,astra,True,100,50,1,3,1,7,True,,,,0.1911,0.4633,KROSTALY,FUT Esports,kayo,True,100,50,1,2,1,6,False,,,,0.9011,0.2989,Chronicle,Team Vitality,chamber,True,100,25,1,7,1,4,False,,,,0.4056,0.7156,Derke,Team Vitality,neon,True,100,50,1,1,1,7,True,,,,,,Jamppi,Team Vitality,kayo,True,100,50,1,2,1,1,False,,,,,,Sayonara,Team Vitality,sova,True,100,50,1,2,1,7,False,,,,,,PROFEK,Team Vitality,astra,True,100,50,2,2,1,5,False,,,,,
554.938,928,ACTIVE_ROUND,3,2,2,98.000,,,s0pp,FUT Esports,chamber,True,100,50,1,4,1,5,False,vandal,rifle,,,,xeus,FUT Esports,jett,False,100,50,2,1,1,7,False,vandal,rifle,,,,sociablEE,FUT Esports,fade,True,100,25,1,1,1,5,False,vandal,rifle,,0.6700,0.5200,yetujey,FUT Esports,astra,True,100,50,1,1,0,7,True,phantom,rifle,,0.1911,0.4633,KROSTALY,FUT Esports,kayo,True,100,50,1,2,1,6,False,phantom,rifle,,0.1011,0.4167,Chronicle,Team Vitality,chamber,True,100,25,1,7,1,4,False,phantom,rifle,,0.0856,0.4956,Derke,Team Vitality,neon,True,100,50,1,1,1,7,True,phantom,rifle,,0.2756,0.7200,Jamppi,Team Vitality,kayo,True,100,50,1,2,1,1,False,stinger,smg,,,,Sayonara,Team Vitality,sova,True,100,50,1,2,1,7,False,vandal,rifle,,,,PROFEK,Team Vitality,astra,True,100,50,2,1,0,5,False,phantom,rifle,,0.4178,0.8122
555.422,929,ACTIVE_ROUND,3,2,2,98.000,,,s0pp,FUT Esports,chamber,True,100,50,1,4,1,5,False,vandal,rifle,,,,xeus,FUT Esports,jett,True,100,50,2,1,1,7,False,vandal,rifle,,,,sociablEE,FUT Esports,fade,True,100,25,1,1,1,5,False,vandal,rifle,,0.6567,0.5200,yetujey,FUT Esports,astra,True,100,50,1,1,0,7,True,phantom,rifle,,0.1911,0.4633,KROSTALY,FUT Esports,kayo,True,100,50,1,2,1,6,False,phantom,rifle,,0.1011,0.3878,Chronicle,Team Vitality,chamber,True,100,25,1,7,1,4,False,phantom,rifle,,0.0856,0.4956,Derke,Team Vitality,neon,True,100,50,1,1,1,7,True,phantom,rifle,,0.2467,0.7111,Jamppi,Team Vitality,kayo,True,100,50,1,2,1,1,False,stinger,smg,,,,Sayonara,Team Vitality,sova,True,100,50,1,2,1,7,False,vandal,rifle,,,,PROFEK,Team Vitality,astra,True,100,50,2,1,0,5,False,phantom,rifle,,0.3956,0.8078
555.905,930,ACTIVE_ROUND,3,2,2,97.000,,,s0pp,FUT Esports,chamber,True,100,50,1,4,1,5,False,vandal,rifle,,0.8978,0.4756,xeus,FUT Esports,jett,True,100,50,2,1,1,7,False,vandal,rifle,,0.5278,0.5300,sociablEE,FUT Esports,fade,True,100,25,1,1,1,5,False,vandal,rifle,,0.6478,0.5244,yetujey,FUT Esports,astra,True,100,50,1,1,0,7,True,phantom,rifle,,0.1911,0.4633,KROSTALY,FUT Esports,kayo,True,100,50,1,2,1,6,False,phantom,rifle,,0.7300,0.1878,Chronicle,Team Vitality,chamber,True,100,25,1,7,1,4,False,phantom,rifle,,0.0856,0.4956,Derke,Team Vitality,neon,True,100,50,1,1,1,7,True,phantom,rifle,,0.2467,0.7111,Jamppi,Team Vitality,kayo,True,100,50,1,2,1,1,False,stinger,smg,,0.2622,0.7244,Sayonara,Team Vitality,sova,True,100,50,1,2,1,7,False,vandal,rifle,,,,PROFEK,Team Vitality,astra,True,100,50,2,1,0,5,False,phantom,rifle,,0.3956,0.8078
556.389,931,ACTIVE_ROUND,3,2,2,97.000,,,s0pp,FUT Esports,chamber,True,100,50,1,4,1,5,False,vandal,rifle,,0.9044,0.4689,xeus,FUT Esports,jett,True,100,50,2,1,1,7,False,vandal,rifle,,0.5300,0.5322,sociablEE,FUT Esports,fade,True,100,25,1,1,1,5,False,vandal,rifle,,0.6389,0.5289,yetujey,FUT Esports,astra,True,100,50,1,1,0,7,True,phantom,rifle,,0.1911,0.4633,KROSTALY,FUT Esports,kayo,True,100,50,1,2,1,6,False,phantom,rifle,,0.4256,0.4922,Chronicle,Team Vitality,chamber,True,100,25,1,7,1,4,False,phantom,rifle,,0.7167,0.2089,Derke,Team Vitality,neon,True,100,50,1,1,1,7,True,phantom,rifle,,0.2467,0.7111,Jamppi,Team Vitality,kayo,True,100,50,1,2,1,1,False,stinger,smg,,0.2622,0.7244,Sayonara,Team Vitality,sova,True,100,50,1,2,1,7,False,vandal,rifle,,,,PROFEK,Team Vitality,astra,True,100,50,2,1,0,5,False,phantom,rifle,,0.3956,0.8078
556.873,932,ACTIVE_ROUND,3,2,2,96.000,,,s0pp,FUT Esports,chamber,True,100,50,1,4,1,5,False,vandal,rifle,,0.9044,0.4689,xeus,FUT Esports,jett,True,100,50,2,1,1,7,False,vandal,rifle,,0.5300,0.5322,sociablEE,FUT Esports,fade,True,100,25,1,1,1,5,False,vandal,rifle,,0.6367,0.5311,yetujey,FUT Esports,astra,True,100,50,1,0,0,7,True,phantom,rifle,,0.1911,0.4633,KROSTALY,FUT Esports,kayo,True,100,50,1,1,1,6,False,classic,sidearm,,0.4233,0.4989,Chronicle,Team Vitality,chamber,True,100,25,1,7,1,4,False,phantom,rifle,,0.8056,0.5111,Derke,Team Vitality,neon,True,100,50,1,1,1,7,True,phantom,rifle,,0.1822,0.6933,Jamppi,Team Vitality,kayo,True,100,50,1,2,1,1,False,stinger,smg,,0.2622,0.7244,Sayonara,Team Vitality,sova,True,100,50,1,2,0,7,False,vandal,rifle,,,,PROFEK,Team Vitality,astra,True,100,50,1,1,0,5,False,phantom,rifle,,0.3378,0.7789
557.357,933,ACTIVE_ROUND,3,2,2,96.000,,,s0pp,FUT Esports,chamber,True,100,50,1,4,1,5,False,vandal,rifle,,0.9044,0.4689,xeus,FUT Esports,jett,True,100,50,2,1,1,7,False,vandal,rifle,,0.2122,0.4656,sociablEE,FUT Esports,fade,True,100,25,1,1,1,5,False,vandal,rifle,,0.6211,0.5267,yetujey,FUT Esports,astra,True,100,50,1,0,0,7,True,phantom,rifle,,0.1911,0.4633,KROSTALY,FUT Esports,kayo,True,100,50,1,1,1,6,False,classic,sidearm,,0.4211,0.5033,Chronicle,Team Vitality,chamber,True,100,25,1,7,1,4,False,phantom,rifle,,0.0989,0.6711,Derke,Team Vitality,neon,True,89,27,1,1,1,7,True,phantom,rifle,,0.1711,0.6844,Jamppi,Team Vitality,kayo,True,100,50,1,2,1,1,False,stinger,smg,,0.2622,0.7244,Sayonara,Team Vitality,sova,True,100,50,1,2,0,7,False,vandal,rifle,,,,PROFEK,Team Vitality,astra,True,100,50,1,1,0,5,False,phantom,rifle,,0.3222,0.7633
557.841,934,ACTIVE_ROUND,3,2,2,95.000,,,s0pp,FUT Esports,chamber,True,100,50,1,4,1,5,False,vandal,rifle,,0.9044,0.4689,xeus,FUT Esports,jett,True,100,50,2,1,1,7,False,vandal,rifle,,0.5478,0.5833,sociablEE,FUT Esports,fade,True,100,25,1,1,1,5,False,vandal,rifle,,0.6278,0.5289,yetujey,FUT Esports,astra,True,100,50,1,0,0,7,True,phantom,rifle,,0.1911,0.4633,KROSTALY,FUT Esports,kayo,True,100,50,1,1,1,6,False,classic,sidearm,,0.4100,0.5056,Chronicle,Team Vitality,chamber,True,100,25,1,7,1,4,False,phantom,rifle,,0.6500,0.7333,Derke,Team Vitality,neon,True,89,27,1,1,1,7,True,phantom,rifle,,0.1422,0.6600,Jamppi,Team Vitality,kayo,True,100,50,1,2,1,1,False,stinger,smg,,0.2400,0.7200,Sayonara,Team Vitality,sova,True,100,50,1,2,0,7,False,vandal,rifle,,0.5267,0.8356,PROFEK,Team Vitality,astra,True,100,50,1,1,0,5,False,phantom,rifle,,0.3067,0.7478
558.324,935,ACTIVE_ROUND,3,2,2,95.000,,,s0pp,FUT Esports,chamber,True,100,50,1,4,1,5,False,vandal,rifle,,0.9044,0.4689,xeus,FUT Esports,jett,True,10,50,2,1,1,7,False,vandal,rifle,,0.5344,0.5500,sociablEE,FUT Esports,fade,True,100,25,1,1,1,5,False,vandal,rifle,,0.6389,0.5333,yetujey,FUT Esports,astra,True,100,50,1,0,0,7,True,phantom,rifle,,0.1911,0.4633,KROSTALY,FUT Esports,kayo,True,100,50,1,1,1,6,False,classic,sidearm,,0.4056,0.4811,Chronicle,Team Vitality,chamber,True,100,25,1,7,1,4,False,phantom,rifle,,0.7433,0.7444,Derke,Team Vitality,neon,True,89,27,1,1,1,7,True,phantom,rifle,,0.1244,0.6400,Jamppi,Team Vitality,kayo,True,100,50,1,2,1,1,False,stinger,smg,,0.2400,0.7200,Sayonara,Team Vitality,sova,True,100,50,1,2,0,7,False,vandal,rifle,,0.5489,0.8289,PROFEK,Team Vitality,astra,True,100,50,1,1,0,5,False,phantom,rifle,,0.3067,0.7478
558.808,936,ACTIVE_ROUND,3,2,2,94.000,,,s0pp,FUT Esports,chamber,True,100,50,1,4,1,5,False,vandal,rifle,,0.9044,0.4689,xeus,FUT Esports,jett,True,10,50,2,1,0,7,False,vandal,rifle,,0.5411,0.5411,sociablEE,FUT Esports,fade,True,100,25,1,1,1,5,False,vandal,rifle,,0.6522,0.5356,yetujey,FUT Esports,astra,True,100,50,1,0,0,7,True,phantom,rifle,,0.1911,0.4633,KROSTALY,FUT Esports,kayo,True,100,50,1,1,1,6,False,phantom,rifle,,0.3922,0.5100,Chronicle,Team Vitality,chamber,True,100,25,1,7,1,4,False,phantom,rifle,,0.0856,0.5222,Derke,Team Vitality,neon,True,89,27,1,1,0,7,True,phantom,rifle,,0.1244,0.6400,Jamppi,Team Vitality,kayo,True,100,50,1,1,1,1,False,stinger,smg,,0.2400,0.7200,Sayonara,Team Vitality,sova,True,100,50,1,2,0,7,False,vandal,rifle,,0.5711,0.8222,PROFEK,Team Vitality,astra,True,100,50,2,1,0,5,False,phantom,rifle,,0.3067,0.7478
559.292,937,ACTIVE_ROUND,3,2,2,94.000,,,s0pp,FUT Esports,chamber,True,100,50,1,4,1,5,False,vandal,rifle,,0.9044,0.4689,xeus,FUT Esports,jett,True,10,50,2,1,0,7,False,vandal,rifle,,0.5411,0.5411,sociablEE,FUT Esports,fade,True,100,25,1,1,1,5,False,vandal,rifle,,0.6544,0.5378,yetujey,FUT Esports,astra,True,100,50,1,0,0,7,True,phantom,rifle,,0.1911,0.4633,KROSTALY,FUT Esports,kayo,True,100,50,1,1,1,6,False,phantom,rifle,,0.5700,0.7322,Chronicle,Team Vitality,chamber,True,100,25,1,7,1,4,False,phantom,rifle,,0.4633,0.2978,Derke,Team Vitality,neon,True,89,27,1,1,0,7,True,phantom,rifle,,0.1244,0.6400,Jamppi,Team Vitality,kayo,True,100,50,1,1,1,1,False,stinger,smg,,0.2400,0.7200,Sayonara,Team Vitality,sova,True,100,50,1,2,0,7,False,vandal,rifle,,0.5933,0.8200,PROFEK,Team Vitality,astra,True,100,50,2,1,0,5,False,phantom,rifle,,0.3067,0.7478
559.776,938,ACTIVE_ROUND,3,2,2,93.000,,,s0pp,FUT Esports,chamber,True,100,50,1,4,1,5,False,vandal,rifle,,0.9044,0.4689,xeus,FUT Esports,jett,True,10,50,2,1,0,7,False,vandal,rifle,,0.6167,0.5811,sociablEE,FUT Esports,fade,True,100,25,1,1,1,5,False,vandal,rifle,,0.6544,0.5378,yetujey,FUT Esports,astra,True,100,50,1,0,0,7,True,phantom,rifle,,0.1911,0.4633,KROSTALY,FUT Esports,kayo,True,100,50,1,1,1,6,False,phantom,rifle,,0.5989,0.5411,Chronicle,Team Vitality,chamber,True,100,25,1,7,1,4,False,phantom,rifle,,0.5833,0.7244,Derke,Team Vitality,neon,True,89,27,1,1,0,7,True,phantom,rifle,,0.1244,0.6400,Jamppi,Team Vitality,kayo,True,100,50,1,1,1,1,False,stinger,smg,,0.2400,0.7200,Sayonara,Team Vitality,sova,True,100,50,1,2,0,7,False,vandal,rifle,,0.5933,0.8200,PROFEK,Team Vitality,astra,True,100,50,2,1,0,5,False,phantom,rifle,,0.3067,0.7478
560.260,939,ACTIVE_ROUND,3,2,2,93.000,,,s0pp,FUT Esports,chamber,True,100,50,1,4,1,5,False,vandal,rifle,,0.9044,0.4689,xeus,FUT Esports,jett,True,10,50,2,1,0,7,False,vandal,rifle,,0.9322,0.4922,sociablEE,FUT Esports,fade,True,100,25,1,1,1,5,False,vandal,rifle,,0.6544,0.5378,yetujey,FUT Esports,astra,True,100,50,1,0,0,7,True,phantom,rifle,,0.1911,0.4633,KROSTALY,FUT Esports,kayo,True,100,50,1,1,1,6,False,phantom,rifle,,0.2789,0.5056,Chronicle,Team Vitality,chamber,True,100,25,1,7,1,4,False,phantom,rifle,,0.5922,0.7244,Derke,Team Vitality,neon,True,89,27,1,1,0,7,True,phantom,rifle,,0.1244,0.6400,Jamppi,Team Vitality,kayo,True,100,50,1,1,1,1,False,stinger,smg,,0.2400,0.7200,Sayonara,Team Vitality,sova,True,100,50,1,2,0,7,False,vandal,rifle,,0.5933,0.8200,PROFEK,Team Vitality,astra,True,100,50,2,1,0,5,False,phantom,rifle,,0.3067,0.7478
560.744,940,ACTIVE_ROUND,3,2,2,92.000,,,s0pp,FUT Esports,chamber,True,100,50,1,4,1,5,False,vandal,rifle,,0.9044,0.4689,xeus,FUT Esports,jett,True,10,50,2,1,0,7,False,vandal,rifle,,0.4367,0.5056,sociablEE,FUT Esports,fade,True,100,25,1,1,0,5,False,vandal,rifle,,0.6544,0.5378,yetujey,FUT Esports,astra,True,100,50,1,1,0,7,True,phantom,rifle,,0.1911,0.4633,KROSTALY,FUT Esports,kayo,True,100,50,1,1,1,6,False,phantom,rifle,,0.6144,0.5300,Chronicle,Team Vitality,chamber,True,100,25,1,7,1,4,False,phantom,rifle,,0.6011,0.7289,Derke,Team Vitality,neon,True,89,27,1,1,0,7,True,phantom,rifle,,0.1244,0.6400,Jamppi,Team Vitality,kayo,True,100,50,1,1,1,1,False,stinger,smg,,0.2400,0.7200,Sayonara,Team Vitality,sova,True,100,50,1,2,0,7,False,vandal,rifle,,0.5933,0.8200,PROFEK,Team Vitality,astra,True,100,50,0,1,0,5,False,phantom,rifle,,0.3067,0.7478
561.227,941,ACTIVE_ROUND,3,2,2,92.000,,,s0pp,FUT Esports,chamber,True,100,50,1,4,1,5,False,vandal,rifle,,0.9044,0.4689,xeus,FUT Esports,jett,True,10,50,2,1,0,7,False,vandal,rifle,,0.4367,0.5056,sociablEE,FUT Esports,fade,True,100,25,1,1,0,5,False,vandal,rifle,,0.6544,0.5378,yetujey,FUT Esports,astra,True,100,50,1,1,0,7,True,phantom,rifle,,0.1911,0.4633,KROSTALY,FUT Esports,kayo,True,100,50,1,1,1,6,False,phantom,rifle,,0.7656,0.6144,Chronicle,Team Vitality,chamber,True,100,25,1,7,1,4,False,phantom,rifle,,0.0856,0.5133,Derke,Team Vitality,neon,True,89,27,1,1,0,7,True,phantom,rifle,,0.1244,0.6400,Jamppi,Team Vitality,kayo,True,100,50,1,1,1,1,False,stinger,smg,,0.2400,0.7200,Sayonara,Team Vitality,sova,True,100,50,1,2,0,7,False,vandal,rifle,,0.5933,0.8200,PROFEK,Team Vitality,astra,True,100,50,0,1,0,5,False,phantom,rifle,,0.1911,0.7300
561.711,942,ACTIVE_ROUND,3,2,2,91.000,,,s0pp,FUT Esports,chamber,True,100,50,1,4,1,5,False,vandal,rifle,,0.2578,0.4311,xeus,FUT Esports,jett,True,10,50,2,1,0,7,False,vandal,rifle,,0.4011,0.5167,sociablEE,FUT Esports,fade,True,100,25,1,1,0,5,False,vandal,rifle,,0.6944,0.5044,yetujey,FUT Esports,astra,True,100,50,1,1,0,7,True,phantom,rifle,,0.1911,0.4633,KROSTALY,FUT Esports,kayo,True,100,50,1,1,1,6,False,phantom,rifle,,0.5700,0.7322,Chronicle,Team Vitality,chamber,True,100,25,1,7,1,4,False,phantom,rifle,,0.3478,0.5378,Derke,Team Vitality,neon,True,89,27,1,1,0,7,True,phantom,rifle,,0.1244,0.6400,Jamppi,Team Vitality,kayo,True,100,50,1,1,1,1,False,stinger,smg,,0.2400,0.7200,Sayonara,Team Vitality,sova,True,100,50,1,2,0,7,False,vandal,rifle,,0.5933,0.8200,PROFEK,Team Vitality,astra,True,100,50,0,1,0,5,False,phantom,rifle,,0.1822,0.7322
562.195,943,ACTIVE_ROUND,3,2,2,91.000,,,s0pp,FUT Esports,chamber,True,100,50,1,4,1,5,False,vandal,rifle,,0.2578,0.4311,xeus,FUT Esports,jett,True,10,50,2,1,0,7,False,vandal,rifle,,0.3944,0.5167,sociablEE,FUT Esports,fade,True,100,25,1,1,0,5,False,vandal,rifle,,0.6944,0.5044,yetujey,FUT Esports,astra,True,100,50,1,1,0,7,True,phantom,rifle,,0.2733,0.4233,KROSTALY,FUT Esports,kayo,True,100,50,1,1,1,6,False,phantom,rifle,,0.5700,0.7056,Chronicle,Team Vitality,chamber,True,100,25,1,7,1,4,False,phantom,rifle,,0.5767,0.7089,Derke,Team Vitality,neon,True,89,27,1,1,0,7,True,phantom,rifle,,0.1244,0.6400,Jamppi,Team Vitality,kayo,True,100,50,1,1,1,1,False,stinger,smg,,0.2400,0.7200,Sayonara,Team Vitality,sova,True,100,50,1,2,0,7,False,vandal,rifle,,0.7044,0.7933,PROFEK,Team Vitality,astra,True,100,50,0,1,0,5,False,phantom,rifle,,0.1822,0.7322
562.679,944,ACTIVE_ROUND,3,2,2,90.000,,,s0pp,FUT Esports,chamber,True,100,50,1,4,1,5,False,vandal,rifle,,0.2578,0.4311,xeus,FUT Esports,jett,True,10,50,2,1,0,7,False,vandal,rifle,,0.3833,0.5189,sociablEE,FUT Esports,fade,True,100,25,1,1,0,5,False,vandal,rifle,,0.6944,0.4756,yetujey,FUT Esports,astra,True,100,50,1,0,0,7,True,phantom,rifle,,0.2733,0.4233,KROSTALY,FUT Esports,kayo,True,100,50,1,1,1,6,False,phantom,rifle,,0.5700,0.7322,Chronicle,Team Vitality,chamber,True,100,25,1,7,1,4,False,phantom,rifle,,0.0856,0.6333,Derke,Team Vitality,neon,True,89,27,1,1,0,7,True,phantom,rifle,,0.1244,0.6400,Jamppi,Team Vitality,kayo,True,100,50,1,1,1,1,False,stinger,smg,,0.2400,0.7200,Sayonara,Team Vitality,sova,True,100,50,1,2,0,7,False,vandal,rifle,,0.7044,0.7933,PROFEK,Team Vitality,astra,True,100,50,1,1,0,5,False,phantom,rifle,,0.1822,0.7322
563.163,945,ACTIVE_ROUND,3,2,2,90.000,,,s0pp,FUT Esports,chamber,True,100,50,1,4,1,5,False,vandal,rifle,,0.2867,0.4067,xeus,FUT Esports,jett,True,10,50,2,1,0,7,False,vandal,rifle,,0.3811,0.5189,sociablEE,FUT Esports,fade,True,100,25,1,1,0,5,False,vandal,rifle,,0.6944,0.4622,yetujey,FUT Esports,astra,True,100,50,1,0,0,7,True,phantom,rifle,,0.2733,0.4233,KROSTALY,FUT Esports,kayo,True,100,50,1,1,1,6,False,phantom,rifle,,0.6567,0.4100,Chronicle,Team Vitality,chamber,True,100,25,1,7,1,4,False,phantom,rifle,,0.3300,0.8089,Derke,Team Vitality,neon,True,89,27,1,1,0,7,True,phantom,rifle,,0.1244,0.6400,Jamppi,Team Vitality,kayo,True,100,50,1,1,1,1,False,stinger,smg,,0.2400,0.7200,Sayonara,Team Vitality,sova,True,100,50,1,2,0,7,False,vandal,rifle,,0.7044,0.7933,PROFEK,Team Vitality,astra,True,100,50,1,1,0,5,False,phantom,rifle,,0.1556,0.7278
563.646,946,ACTIVE_ROUND,3,2,2,89.000,,,s0pp,FUT Esports,chamber,True,100,50,1,4,1,5,False,vandal,rifle,,0.2867,0.4067,xeus,FUT Esports,jett,True,10,50,2,1,0,7,False,vandal,rifle,,0.3811,0.5189,sociablEE,FUT Esports,fade,True,100,25,1,1,0,5,False,vandal,rifle,,0.6878,0.4489,yetujey,FUT Esports,astra,True,100,50,1,0,0,7,True,phantom,rifle,,0.2733,0.4233,KROSTALY,FUT Esports,kayo,True,100,50,1,1,1,6,False,phantom,rifle,,0.5700,0.7322,Chronicle,Team Vitality,chamber,True,100,25,1,7,1,4,False,phantom,rifle,,0.0833,0.7467,Derke,Team Vitality,neon,True,89,27,1,1,0,7,True,phantom,rifle,,0.1244,0.6400,Jamppi,Team Vitality,kayo,True,100,50,1,1,1,1,False,stinger,smg,,0.2400,0.7200,Sayonara,Team Vitality,sova,True,100,50,1,2,0,7,False,vandal,rifle,,0.7044,0.7933,PROFEK,Team Vitality,astra,True,100,50,1,1,0,5,False,phantom,rifle,,0.1467,0.7189
564.130,947,ACTIVE_ROUND,3,2,2,89.000,,,s0pp,FUT Esports,chamber,True,100,50,1,4,1,5,False,vandal,rifle,,0.2867,0.4067,xeus,FUT Esports,jett,True,10,50,2,1,0,7,False,vandal,rifle,,0.3722,0.5256,sociablEE,FUT Esports,fade,True,100,25,1,1,0,5,False,vandal,rifle,,0.6767,0.4400,yetujey,FUT Esports,astra,True,100,50,1,0,0,7,True,phantom,rifle,,0.2733,0.4233,KROSTALY,FUT Esports,kayo,True,100,50,1,1,1,6,False,phantom,rifle,,0.6278,0.7922,Chronicle,Team Vitality,chamber,True,100,25,1,7,1,4,False,phantom,rifle,,0.0833,0.7467,Derke,Team Vitality,neon,True,89,27,1,1,0,7,True,phantom,rifle,,0.1356,0.6267,Jamppi,Team Vitality,kayo,True,100,50,1,1,1,1,False,stinger,smg,,0.3844,0.8200,Sayonara,Team Vitality,sova,True,100,50,1,2,0,7,False,vandal,rifle,,0.7044,0.7933,PROFEK,Team Vitality,astra,True,100,50,1,1,0,5,False,phantom,rifle,,0.1400,0.7144
564.614,948,ACTIVE_ROUND,3,2,2,88.000,,,s0pp,FUT Esports,chamber,True,100,50,1,4,1,5,False,vandal,rifle,,0.2867,0.4067,xeus,FUT Esports,jett,True,10,50,2,1,0,7,False,vandal,rifle,,0.3633,0.5256,sociablEE,FUT Esports,fade,True,100,25,1,1,0,5,False,vandal,rifle,,0.6678,0.4333,yetujey,FUT Esports,astra,True,100,50,1,1,0,7,True,classic,sidearm,,0.2889,0.3678,KROSTALY,FUT Esports,kayo,True,100,50,1,1,1,6,False,phantom,rifle,,0.5811,0.2922,Chronicle,Team Vitality,chamber,True,100,25,1,7,1,4,False,phantom,rifle,,0.0833,0.7467,Derke,Team Vitality,neon,True,89,27,1,1,0,7,True,phantom,rifle,,0.1356,0.6511,Jamppi,Team Vitality,kayo,True,100,50,1,1,1,1,False,stinger,smg,,0.3733,0.8244,Sayonara,Team Vitality,sova,True,100,50,1,2,0,7,False,vandal,rifle,,0.2689,0.3622,PROFEK,Team Vitality,astra,True,100,50,1,1,0,5,False,phantom,rifle,,0.1467,0.7144
565.098,949,ACTIVE_ROUND,3,2,2,88.000,,,s0pp,FUT Esports,chamber,True,100,50,1,4,1,5,False,vandal,rifle,,0.2867,0.4067,xeus,FUT Esports,jett,True,10,50,2,1,0,7,False,vandal,rifle,,0.3967,0.5233,sociablEE,FUT Esports,fade,True,100,25,1,1,0,5,False,vandal,rifle,,0.6678,0.4333,yetujey,FUT Esports,astra,True,100,50,1,1,0,7,True,classic,sidearm,,0.2889,0.3678,KROSTALY,FUT Esports,kayo,True,100,50,1,1,1,6,False,phantom,rifle,,0.5811,0.2922,Chronicle,Team Vitality,chamber,True,100,25,1,7,1,4,False,phantom,rifle,,0.0833,0.7467,Derke,Team Vitality,neon,True,89,27,1,1,0,7,True,phantom,rifle,,0.6778,0.7511,Jamppi,Team Vitality,kayo,True,100,50,1,1,1,1,False,stinger,smg,,0.3733,0.8289,Sayonara,Team Vitality,sova,True,100,50,1,2,0,7,False,vandal,rifle,,0.3644,0.7867,PROFEK,Team Vitality,astra,True,100,50,1,1,0,5,False,phantom,rifle,,0.1578,0.7167
565.582,950,ACTIVE_ROUND,3,2,2,87.000,,,s0pp,FUT Esports,chamber,True,100,50,1,4,1,5,False,vandal,rifle,,0.2867,0.4067,xeus,FUT Esports,jett,True,10,50,2,1,0,7,False,vandal,rifle,,0.3967,0.5233,sociablEE,FUT Esports,fade,True,100,25,1,1,0,5,False,vandal,rifle,,0.6678,0.4333,yetujey,FUT Esports,astra,True,100,50,1,1,0,7,True,classic,sidearm,,0.2889,0.3678,KROSTALY,FUT Esports,kayo,True,100,50,1,1,1,6,False,phantom,rifle,,0.9522,0.5322,Chronicle,Team Vitality,chamber,True,100,25,1,7,1,4,False,phantom,rifle,,0.0833,0.7467,Derke,Team Vitality,neon,True,89,27,1,1,0,7,True,phantom,rifle,,0.6778,0.7511,Jamppi,Team Vitality,kayo,True,100,50,1,1,1,1,False,stinger,smg,,0.3778,0.8244,Sayonara,Team Vitality,sova,True,100,50,1,2,0,7,False,vandal,rifle,,0.3622,0.7933,PROFEK,Team Vitality,astra,True,100,50,1,1,0,5,False,phantom,rifle,,0.1600,0.7167
566.066,951,ACTIVE_ROUND,3,2,2,87.000,,,s0pp,FUT Esports,chamber,True,100,50,1,4,1,5,False,vandal,rifle,,0.2867,0.4067,xeus,FUT Esports,jett,True,10,50,2,1,0,7,False,vandal,rifle,,0.2656,0.4278,sociablEE,FUT Esports,fade,True,100,25,1,1,0,5,False,vandal,rifle,,0.6678,0.4333,yetujey,FUT Esports,astra,True,100,50,1,1,0,7,True,classic,sidearm,,0.2889,0.3678,KROSTALY,FUT Esports,kayo,True,100,50,1,1,1,6,False,phantom,rifle,,0.2856,0.3233,Chronicle,Team Vitality,chamber,True,100,25,1,7,1,4,False,phantom,rifle,,0.8722,0.4178,Derke,Team Vitality,neon,True,89,27,1,1,0,7,True,phantom,rifle,,0.6778,0.7511,Jamppi,Team Vitality,kayo,True,100,50,1,1,1,1,False,stinger,smg,,0.3778,0.8244,Sayonara,Team Vitality,sova,True,100,50,1,2,0,7,False,vandal,rifle,,0.7622,0.7356,PROFEK,Team Vitality,astra,True,100,50,1,1,0,5,False,phantom,rifle,,0.1756,0.7167
566.549,952,ACTIVE_ROUND,3,2,2,86.000,,,s0pp,FUT Esports,chamber,True,100,50,1,4,1,5,False,vandal,rifle,,0.2867,0.4067,xeus,FUT Esports,jett,True,10,50,2,1,0,7,False,vandal,rifle,,0.6989,0.4367,sociablEE,FUT Esports,fade,True,100,25,1,1,0,5,False,vandal,rifle,,0.6678,0.4333,yetujey,FUT Esports,astra,True,100,50,1,1,0,7,True,phantom,rifle,,0.2800,0.3278,KROSTALY,FUT Esports,kayo,True,100,50,1,1,1,6,False,phantom,rifle,,0.8878,0.4967,Chronicle,Team Vitality,chamber,True,100,25,1,7,1,4,False,phantom,rifle,,0.6011,0.8444,Derke,Team Vitality,neon,True,89,27,1,1,0,7,True,phantom,rifle,,0.6778,0.7511,Jamppi,Team Vitality,kayo,True,100,50,1,1,1,1,False,stinger,smg,,0.3778,0.8244,Sayonara,Team Vitality,sova,True,100,50,1,2,0,7,False,vandal,rifle,,0.7644,0.7311,PROFEK,Team Vitality,astra,True,100,50,2,1,0,5,False,classic,sidearm,,0.1756,0.7167
567.033,953,ACTIVE_ROUND,3,2,2,86.000,,,s0pp,FUT Esports,chamber,True,100,50,1,4,1,5,False,vandal,rifle,,0.2867,0.4067,xeus,FUT Esports,jett,True,10,50,2,1,0,7,False,vandal,rifle,,0.3056,0.5189,sociablEE,FUT Esports,fade,True,100,25,1,1,0,5,False,vandal,rifle,,0.6589,0.4311,yetujey,FUT Esports,astra,True,100,50,1,1,0,7,True,phantom,rifle,,0.2689,0.3211,KROSTALY,FUT Esports,kayo,True,100,50,1,1,1,6,False,phantom,rifle,,0.8878,0.4967,Chronicle,Team Vitality,chamber,True,100,25,1,7,1,4,False,phantom,rifle,,0.5744,0.7022,Derke,Team Vitality,neon,True,89,27,1,1,0,7,True,phantom,rifle,,0.6778,0.7511,Jamppi,Team Vitality,kayo,True,100,50,1,1,1,1,False,stinger,smg,,0.3778,0.8244,Sayonara,Team Vitality,sova,True,100,50,1,2,0,7,False,vandal,rifle,,0.7667,0.7289,PROFEK,Team Vitality,astra,True,100,50,2,1,0,5,False,classic,sidearm,,0.1978,0.7144
567.517,954,ACTIVE_ROUND,3,2,2,85.000,,,s0pp,FUT Esports,chamber,True,100,50,1,4,1,5,False,vandal,rifle,,0.2867,0.4067,xeus,FUT Esports,jett,True,10,50,2,1,0,7,False,vandal,rifle,,0.2678,0.4189,sociablEE,FUT Esports,fade,True,100,25,1,1,0,5,False,vandal,rifle,,0.6700,0.4356,yetujey,FUT Esports,astra,True,100,50,1,1,0,7,True,phantom,rifle,,0.2556,0.3189,KROSTALY,FUT Esports,kayo,True,100,50,1,1,1,6,False,phantom,rifle,,0.2700,0.4856,Chronicle,Team Vitality,chamber,True,100,25,1,7,1,4,False,phantom,rifle,,0.2633,0.7644,Derke,Team Vitality,neon,True,89,27,1,1,0,7,True,phantom,rifle,,0.6778,0.7511,Jamppi,Team Vitality,kayo,True,100,50,1,1,1,1,False,stinger,smg,,0.3778,0.8244,Sayonara,Team Vitality,sova,True,100,50,1,2,0,7,False,vandal,rifle,,0.7667,0.7289,PROFEK,Team Vitality,astra,True,100,50,2,1,0,5,False,classic,sidearm,,0.1978,0.7144
568.001,955,ACTIVE_ROUND,3,2,2,85.000,,,s0pp,FUT Esports,chamber,True,100,50,1,4,1,5,False,vandal,rifle,,0.2867,0.4067,xeus,FUT Esports,jett,True,10,50,2,1,0,7,False,vandal,rifle,,0.2633,0.4122,sociablEE,FUT Esports,fade,True,100,25,1,1,0,5,False,vandal,rifle,,0.6789,0.4467,yetujey,FUT Esports,astra,True,100,50,1,1,0,7,True,phantom,rifle,,0.2556,0.3189,KROSTALY,FUT Esports,kayo,True,100,50,1,1,1,6,False,phantom,rifle,,0.6722,0.4722,Chronicle,Team Vitality,chamber,True,100,25,1,7,1,4,False,phantom,rifle,,0.8900,0.3422,Derke,Team Vitality,neon,True,89,27,1,1,0,7,True,phantom,rifle,,0.6778,0.7511,Jamppi,Team Vitality,kayo,True,100,50,1,1,1,1,False,stinger,smg,,0.3778,0.8244,Sayonara,Team Vitality,sova,True,100,50,1,2,0,7,False,vandal,rifle,,0.7667,0.7289,PROFEK,Team Vitality,astra,True,100,50,2,1,0,5,False,classic,sidearm,,0.1978,0.7144
568.485,956,ACTIVE_ROUND,3,2,2,85.000,,,s0pp,FUT Esports,chamber,True,100,50,1,4,1,5,False,vandal,rifle,,0.2867,0.4067,xeus,FUT Esports,jett,True,10,50,2,1,0,7,False,vandal,rifle,,0.2633,0.4122,sociablEE,FUT Esports,fade,True,100,25,1,1,0,5,False,vandal,rifle,,0.6833,0.4511,yetujey,FUT Esports,astra,True,100,50,1,0,0,7,True,phantom,rifle,,0.2556,0.3189,KROSTALY,FUT Esports,kayo,True,100,50,1,1,1,6,False,phantom,rifle,,0.2900,0.4167,Chronicle,Team Vitality,chamber,True,100,25,1,7,1,4,False,phantom,rifle,,0.8900,0.3422,Derke,Team Vitality,neon,True,89,27,1,1,0,7,True,phantom,rifle,,0.8444,0.4644,Jamppi,Team Vitality,kayo,True,100,50,1,1,1,1,False,stinger,smg,,0.3778,0.8244,Sayonara,Team Vitality,sova,True,100,50,1,2,0,7,False,vandal,rifle,,0.7667,0.7289,PROFEK,Team Vitality,astra,True,100,50,1,1,0,5,False,phantom,rifle,,0.7089,0.7633
568.968,957,ACTIVE_ROUND,3,2,2,84.000,,,s0pp,FUT Esports,chamber,True,100,50,1,4,1,5,False,vandal,rifle,,0.2867,0.4067,xeus,FUT Esports,jett,True,10,50,2,1,0,7,False,vandal,rifle,,0.2633,0.4122,sociablEE,FUT Esports,fade,True,100,25,1,1,0,5,False,vandal,rifle,,0.6856,0.4511,yetujey,FUT Esports,astra,True,100,50,1,0,0,7,True,phantom,rifle,,0.2156,0.3167,KROSTALY,FUT Esports,kayo,True,100,50,1,1,1,6,False,phantom,rifle,,0.2900,0.4144,Chronicle,Team Vitality,chamber,True,100,25,1,7,1,4,False,phantom,rifle,,0.8589,0.2422,Derke,Team Vitality,neon,True,89,27,1,1,0,7,True,phantom,rifle,,0.8444,0.4644,Jamppi,Team Vitality,kayo,True,100,50,1,1,1,1,False,stinger,smg,,0.3778,0.8244,Sayonara,Team Vitality,sova,True,100,50,1,2,0,7,False,vandal,rifle,,0.7667,0.7289,PROFEK,Team Vitality,astra,True,100,50,1,1,0,5,False,phantom,rifle,,0.7089,0.7633
569.452,958,ACTIVE_ROUND,3,2,2,84.000,,,s0pp,FUT Esports,chamber,True,100,50,1,4,1,5,False,vandal,rifle,,0.2867,0.4067,xeus,FUT Esports,jett,True,10,50,2,1,0,7,False,vandal,rifle,,0.2633,0.4122,sociablEE,FUT Esports,fade,True,100,25,1,1,0,5,False,vandal,rifle,,0.6833,0.4511,yetujey,FUT Esports,astra,True,100,50,1,0,0,7,True,phantom,rifle,,0.2156,0.3167,KROSTALY,FUT Esports,kayo,True,100,50,1,1,1,6,False,phantom,rifle,,0.2878,0.4144,Chronicle,Team Vitality,chamber,True,100,25,1,7,1,4,False,phantom,rifle,,0.8589,0.2422,Derke,Team Vitality,neon,True,89,27,1,1,0,7,True,phantom,rifle,,0.3133,0.7689,Jamppi,Team Vitality,kayo,True,100,50,1,1,1,1,False,stinger,smg,,0.3933,0.8200,Sayonara,Team Vitality,sova,True,100,50,1,2,0,7,False,vandal,rifle,,0.7667,0.7289,PROFEK,Team Vitality,astra,True,100,50,1,1,0,5,False,phantom,rifle,,0.7089,0.7433
569.936,959,ACTIVE_ROUND,3,2,2,83.000,,,s0pp,FUT Esports,chamber,True,100,50,1,4,1,5,False,vandal,rifle,,0.2867,0.4067,xeus,FUT Esports,jett,True,10,50,2,1,0,7,False,vandal,rifle,,0.2633,0.4122,sociablEE,FUT Esports,fade,True,100,25,1,1,0,5,False,vandal,rifle,,0.6878,0.4511,yetujey,FUT Esports,astra,True,100,50,1,0,0,7,True,phantom,rifle,,0.2156,0.3167,KROSTALY,FUT Esports,kayo,True,100,50,1,1,1,6,False,phantom,rifle,,0.2878,0.4144,Chronicle,Team Vitality,chamber,True,100,25,1,7,1,4,False,phantom,rifle,,0.2633,0.7622,Derke,Team Vitality,neon,True,89,27,1,1,0,7,True,phantom,rifle,,0.3133,0.7689,Jamppi,Team Vitality,kayo,True,100,50,1,1,1,1,False,stinger,smg,,0.4044,0.8200,Sayonara,Team Vitality,sova,True,100,50,1,2,0,7,False,vandal,rifle,,0.7667,0.7289,PROFEK,Team Vitality,astra,True,100,50,1,1,0,5,False,phantom,rifle,,0.2778,0.7167
570.420,960,ACTIVE_ROUND,3,2,2,83.000,,,s0pp,FUT Esports,chamber,True,100,50,1,4,1,5,False,vandal,rifle,,0.2867,0.4067,xeus,FUT Esports,jett,True,10,50,2,1,0,7,False,vandal,rifle,,0.2633,0.4122,sociablEE,FUT Esports,fade,True,100,25,1,1,0,5,False,vandal,rifle,,0.6833,0.4511,yetujey,FUT Esports,astra,True,100,50,1,0,0,7,True,phantom,rifle,,0.2156,0.3167,KROSTALY,FUT Esports,kayo,True,100,50,1,1,1,6,False,phantom,rifle,,0.2878,0.4144,Chronicle,Team Vitality,chamber,True,100,25,1,7,1,4,False,phantom,rifle,,0.8211,0.4844,Derke,Team Vitality,neon,True,89,27,1,1,0,7,True,phantom,rifle,,0.3133,0.7689,Jamppi,Team Vitality,kayo,True,100,50,1,1,1,1,False,stinger,smg,,0.4044,0.8200,Sayonara,Team Vitality,sova,True,100,50,1,2,0,7,False,vandal,rifle,,0.7667,0.7289,PROFEK,Team Vitality,astra,True,100,50,1,1,0,5,False,phantom,rifle,,0.2778,0.7167
570.904,961,ACTIVE_ROUND,3,2,2,82.000,,,s0pp,FUT Esports,chamber,True,100,50,1,4,1,5,False,vandal,rifle,,0.2867,0.4067,xeus,FUT Esports,jett,True,10,50,2,1,0,7,False,vandal,rifle,,0.2633,0.4122,sociablEE,FUT Esports,fade,True,100,25,1,1,0,5,False,vandal,rifle,,0.6856,0.4511,yetujey,FUT Esports,astra,True,100,50,1,0,0,7,True,phantom,rifle,,0.2156,0.3167,KROSTALY,FUT Esports,kayo,True,100,50,1,1,1,6,False,phantom,rifle,,0.2878,0.4144,Chronicle,Team Vitality,chamber,True,100,25,1,7,1,4,False,phantom,rifle,,0.4544,0.4533,Derke,Team Vitality,neon,True,89,27,1,1,0,7,True,phantom,rifle,,0.3133,0.7689,Jamppi,Team Vitality,kayo,True,100,50,1,1,1,1,False,stinger,smg,,0.4044,0.8200,Sayonara,Team Vitality,sova,True,100,50,1,2,0,7,False,vandal,rifle,,0.7667,0.7289,PROFEK,Team Vitality,astra,True,100,50,1,1,0,5,False,phantom,rifle,,0.2778,0.7167
571.387,962,ACTIVE_ROUND,3,2,2,82.000,,,s0pp,FUT Esports,chamber,True,100,50,1,4,1,5,False,vandal,rifle,,0.2867,0.4067,xeus,FUT Esports,jett,True,10,50,2,1,0,7,False,vandal,rifle,,0.2122,0.4633,sociablEE,FUT Esports,fade,True,100,25,1,1,0,5,False,vandal,rifle,,0.6833,0.4511,yetujey,FUT Esports,astra,True,100,50,1,0,0,7,True,phantom,rifle,,0.2156,0.3167,KROSTALY,FUT Esports,kayo,True,100,50,1,1,1,6,False,phantom,rifle,,0.2944,0.4256,Chronicle,Team Vitality,chamber,True,100,25,1,7,1,4,False,phantom,rifle,,0.8144,0.4489,Derke,Team Vitality,neon,True,89,27,1,1,0,7,True,phantom,rifle,,0.3133,0.7689,Jamppi,Team Vitality,kayo,True,100,50,1,1,1,1,False,stinger,smg,,0.4044,0.8200,Sayonara,Team Vitality,sova,True,100,50,1,2,0,7,False,vandal,rifle,,0.7667,0.7289,PROFEK,Team Vitality,astra,True,100,50,1,1,0,5,False,phantom,rifle,,0.3178,0.7611
571.871,963,ACTIVE_ROUND,3,2,2,81.000,,,s0pp,FUT Esports,chamber,True,100,50,1,4,1,5,False,vandal,rifle,,0.2867,0.4067,xeus,FUT Esports,jett,True,10,50,2,1,0,7,False,vandal,rifle,,0.3056,0.4122,sociablEE,FUT Esports,fade,True,100,25,1,1,0,5,False,vandal,rifle,,0.6833,0.4511,yetujey,FUT Esports,astra,True,100,50,1,0,0,7,True,phantom,rifle,,0.2156,0.3167,KROSTALY,FUT Esports,kayo,True,100,50,1,1,1,6,False,phantom,rifle,,0.6722,0.4700,Chronicle,Team Vitality,chamber,True,100,25,1,7,1,4,False,phantom,rifle,,0.8056,0.6178,Derke,Team Vitality,neon,True,89,27,1,1,0,7,True,phantom,rifle,,0.3133,0.7689,Jamppi,Team Vitality,kayo,True,100,50,1,1,1,1,False,stinger,smg,,0.4311,0.7800,Sayonara,Team Vitality,sova,True,100,50,1,2,0,7,False,vandal,rifle,,0.7667,0.7289,PROFEK,Team Vitality,astra,True,100,50,1,1,0,5,False,phantom,rifle,,0.3178,0.7611
572.355,964,ACTIVE_ROUND,3,2,2,81.000,,,s0pp,FUT Esports,chamber,True,100,50,1,4,1,5,False,vandal,rifle,,0.2867,0.4067,xeus,FUT Esports,jett,True,10,50,2,1,0,7,False,vandal,rifle,,0.3078,0.5256,sociablEE,FUT Esports,fade,True,100,25,1,1,0,5,False,vandal,rifle,,0.6878,0.4511,yetujey,FUT Esports,astra,True,100,50,0,0,0,7,True,phantom,rifle,,0.2156,0.3167,KROSTALY,FUT Esports,kayo,True,100,50,1,1,1,6,False,phantom,rifle,,0.2856,0.5189,Chronicle,Team Vitality,chamber,True,100,25,1,7,1,4,False,phantom,rifle,,0.8056,0.6178,Derke,Team Vitality,neon,True,89,27,1,1,0,7,True,phantom,rifle,,0.3133,0.7689,Jamppi,Team Vitality,kayo,True,100,50,1,1,1,1,False,stinger,smg,,0.4356,0.7644,Sayonara,Team Vitality,sova,True,100,50,1,2,0,7,False,vandal,rifle,,0.7667,0.7289,PROFEK,Team Vitality,astra,True,100,50,1,1,0,5,False,phantom,rifle,,0.3467,0.7811
572.839,965,ACTIVE_ROUND,3,2,2,80.000,,,s0pp,FUT Esports,chamber,True,100,50,1,4,1,5,False,vandal,rifle,,0.2867,0.4067,xeus,FUT Esports,jett,True,10,50,2,1,0,7,False,vandal,rifle,,0.2633,0.4433,sociablEE,FUT Esports,fade,True,100,25,1,1,0,5,False,vandal,rifle,,0.6878,0.4533,yetujey,FUT Esports,astra,True,100,50,0,0,0,7,True,phantom,rifle,,0.2156,0.3167,KROSTALY,FUT Esports,kayo,True,100,50,1,1,1,6,False,phantom,rifle,,0.2167,0.3100,Chronicle,Team Vitality,chamber,True,100,25,1,7,1,4,False,phantom,rifle,,0.7633,0.5044,Derke,Team Vitality,neon,True,89,27,1,1,0,7,True,phantom,rifle,,0.3133,0.7689,Jamppi,Team Vitality,kayo,True,100,50,1,1,1,1,False,stinger,smg,,0.4356,0.7644,Sayonara,Team Vitality,sova,True,100,50,1,2,0,7,False,vandal,rifle,,0.7667,0.7289,PROFEK,Team Vitality,astra,True,100,50,1,1,0,5,False,phantom,rifle,,0.3467,0.7811
573.323,966,ACTIVE_ROUND,3,2,2,80.000,,,s0pp,FUT Esports,chamber,True,100,50,1,4,1,5,False,vandal,rifle,,0.2867,0.4067,xeus,FUT Esports,jett,True,10,50,2,1,0,7,False,vandal,rifle,,0.2633,0.4433,sociablEE,FUT Esports,fade,True,100,25,1,1,0,5,False,vandal,rifle,,0.6878,0.4533,yetujey,FUT Esports,astra,True,100,50,0,0,0,7,True,phantom,rifle,,0.2156,0.3167,KROSTALY,FUT Esports,kayo,True,100,50,1,1,1,6,False,phantom,rifle,,0.2367,0.4322,Chronicle,Team Vitality,chamber,True,100,25,1,7,1,4,False,phantom,rifle,,0.8144,0.4489,Derke,Team Vitality,neon,True,89,27,1,1,0,7,True,phantom,rifle,,0.3133,0.7689,Jamppi,Team Vitality,kayo,True,100,50,1,1,1,1,False,stinger,smg,,0.4422,0.7378,Sayonara,Team Vitality,sova,True,100,50,1,2,0,7,False,vandal,rifle,,0.7667,0.7289,PROFEK,Team Vitality,astra,True,100,50,1,1,0,5,False,phantom,rifle,,0.3467,0.7811
573.807,967,ACTIVE_ROUND,3,2,2,79.000,,,s0pp,FUT Esports,chamber,True,100,50,1,4,1,5,False,vandal,rifle,,0.2156,0.3133,xeus,FUT Esports,jett,True,10,50,2,1,0,7,False,vandal,rifle,,0.3411,0.5344,sociablEE,FUT Esports,fade,True,100,25,1,1,0,5,False,vandal,rifle,,0.6878,0.4533,yetujey,FUT Esports,astra,True,100,50,0,0,0,7,True,phantom,rifle,,0.2156,0.3167,KROSTALY,FUT Esports,kayo,True,100,50,1,1,1,6,False,phantom,rifle,,0.2367,0.4322,Chronicle,Team Vitality,chamber,True,100,25,1,7,1,4,False,phantom,rifle,,0.8144,0.4489,Derke,Team Vitality,neon,True,89,27,1,1,0,7,True,phantom,rifle,,0.3133,0.7689,Jamppi,Team Vitality,kayo,True,100,50,1,1,1,1,False,stinger,smg,,0.4422,0.7378,Sayonara,Team Vitality,sova,True,100,50,1,2,0,7,False,vandal,rifle,,0.7667,0.7289,PROFEK,Team Vitality,astra,True,100,50,1,1,0,5,False,phantom,rifle,,0.3467,0.7811
574.290,968,ACTIVE_ROUND,3,2,2,79.000,,,s0pp,FUT Esports,chamber,True,100,50,1,4,1,5,False,vandal,rifle,,0.2156,0.3133,xeus,FUT Esports,jett,True,10,50,2,1,0,7,False,vandal,rifle,,0.2633,0.4433,sociablEE,FUT Esports,fade,True,100,25,1,1,0,5,False,vandal,rifle,,0.6878,0.4533,yetujey,FUT Esports,astra,True,100,50,0,0,0,7,True,phantom,rifle,,0.2133,0.3189,KROSTALY,FUT Esports,kayo,True,100,50,1,1,1,6,False,phantom,rifle,,0.6722,0.4744,Chronicle,Team Vitality,chamber,True,100,25,1,7,1,4,False,phantom,rifle,,0.8144,0.4489,Derke,Team Vitality,neon,True,89,27,1,1,0,7,True,phantom,rifle,,0.3133,0.7689,Jamppi,Team Vitality,kayo,True,100,50,1,1,1,1,False,stinger,smg,,0.4422,0.7378,Sayonara,Team Vitality,sova,True,100,50,1,2,0,7,False,vandal,rifle,,0.7667,0.7289,PROFEK,Team Vitality,astra,True,100,50,1,1,0,5,False,phantom,rifle,,0.3956,0.7944
574.774,969,ACTIVE_ROUND,3,2,2,78.000,,,s0pp,FUT Esports,chamber,True,100,50,1,4,1,5,False,vandal,rifle,,0.2156,0.3133,xeus,FUT Esports,jett,True,10,50,2,1,0,7,False,vandal,rifle,,0.2633,0.4433,sociablEE,FUT Esports,fade,True,100,25,1,1,0,5,False,vandal,rifle,,0.6878,0.4533,yetujey,FUT Esports,astra,True,100,50,0,0,0,7,True,phantom,rifle,,0.2133,0.3189,KROSTALY,FUT Esports,kayo,True,100,50,1,1,1,6,False,phantom,rifle,,0.6722,0.4744,Chronicle,Team Vitality,chamber,True,100,25,1,7,1,4,False,phantom,rifle,,0.8811,0.4800,Derke,Team Vitality,neon,True,89,27,1,1,0,7,True,phantom,rifle,,0.3133,0.7689,Jamppi,Team Vitality,kayo,True,100,50,1,1,1,1,False,stinger,smg,,0.4422,0.7378,Sayonara,Team Vitality,sova,True,100,50,1,2,0,7,False,vandal,rifle,,0.7667,0.7289,PROFEK,Team Vitality,astra,True,100,50,1,1,0,5,False,phantom,rifle,,0.3956,0.7944
575.258,970,ACTIVE_ROUND,3,2,2,78.000,,,s0pp,FUT Esports,chamber,True,100,50,1,4,1,5,False,vandal,rifle,,0.2156,0.3133,xeus,FUT Esports,jett,True,10,50,2,1,0,7,False,vandal,rifle,,0.2633,0.4433,sociablEE,FUT Esports,fade,True,100,25,1,1,0,5,False,vandal,rifle,,0.6878,0.4533,yetujey,FUT Esports,astra,True,100,50,0,0,0,7,True,phantom,rifle,,0.2133,0.3189,KROSTALY,FUT Esports,kayo,True,100,50,1,1,1,6,False,phantom,rifle,,0.2367,0.4322,Chronicle,Team Vitality,chamber,True,100,25,1,7,1,4,False,phantom,rifle,,0.3878,0.7578,Derke,Team Vitality,neon,True,89,27,1,1,0,7,True,phantom,rifle,,0.3133,0.7689,Jamppi,Team Vitality,kayo,True,100,50,1,1,1,1,False,stinger,smg,,0.4511,0.6911,Sayonara,Team Vitality,sova,True,100,50,1,2,0,7,False,vandal,rifle,,0.7667,0.7289,PROFEK,Team Vitality,astra,True,100,50,1,1,0,5,False,phantom,rifle,,0.7089,0.7633
575.742,971,ACTIVE_ROUND,3,2,2,77.000,,,s0pp,FUT Esports,chamber,True,100,50,1,4,1,5,False,vandal,rifle,,0.2156,0.3133,xeus,FUT Esports,jett,True,10,50,2,1,0,7,False,vandal,rifle,,0.2633,0.4433,sociablEE,FUT Esports,fade,True,100,25,1,1,0,5,False,vandal,rifle,,0.6878,0.4533,yetujey,FUT Esports,astra,True,100,50,0,0,0,7,True,phantom,rifle,,0.2133,0.3189,KROSTALY,FUT Esports,kayo,True,100,50,1,1,1,6,False,phantom,rifle,,0.2367,0.4322,Chronicle,Team Vitality,chamber,True,100,25,1,7,1,4,False,phantom,rifle,,0.3211,0.8089,Derke,Team Vitality,neon,True,89,27,1,1,0,7,True,phantom,rifle,,0.3133,0.7689,Jamppi,Team Vitality,kayo,True,100,50,1,1,1,1,False,stinger,smg,,0.4511,0.6911,Sayonara,Team Vitality,sova,True,100,50,1,2,0,7,False,vandal,rifle,,0.7667,0.7289,PROFEK,Team Vitality,astra,True,100,50,1,1,0,5,False,phantom,rifle,,0.7089,0.7633
576.226,972,ACTIVE_ROUND,3,2,2,77.000,,,s0pp,FUT Esports,chamber,True,100,50,1,4,1,5,False,vandal,rifle,,0.2156,0.3133,xeus,FUT Esports,jett,True,10,50,2,1,0,7,False,vandal,rifle,,0.2633,0.4433,sociablEE,FUT Esports,fade,True,100,25,1,1,0,5,False,vandal,rifle,,0.6878,0.4533,yetujey,FUT Esports,astra,True,100,50,0,1,0,7,True,phantom,rifle,,0.2133,0.3189,KROSTALY,FUT Esports,kayo,True,100,50,1,1,1,6,False,phantom,rifle,,0.2367,0.4344,Chronicle,Team Vitality,chamber,True,100,25,1,7,1,4,False,phantom,rifle,,0.7456,0.6444,Derke,Team Vitality,neon,True,89,27,1,1,0,7,True,phantom,rifle,,0.3133,0.7689,Jamppi,Team Vitality,kayo,True,100,50,1,1,1,1,False,stinger,smg,,0.4511,0.6911,Sayonara,Team Vitality,sova,True,100,50,1,2,0,7,False,vandal,rifle,,0.7667,0.7289,PROFEK,Team Vitality,astra,True,100,50,1,1,0,5,False,phantom,rifle,,0.7089,0.7633
576.709,973,ACTIVE_ROUND,3,2,2,76.000,,,s0pp,FUT Esports,chamber,True,100,50,1,4,1,5,False,vandal,rifle,,0.2156,0.3133,xeus,FUT Esports,jett,True,10,50,2,1,0,7,False,vandal,rifle,,0.3611,0.5367,sociablEE,FUT Esports,fade,True,100,25,1,1,0,5,False,vandal,rifle,,0.6878,0.4533,yetujey,FUT Esports,astra,True,100,50,0,1,0,7,True,phantom,rifle,,0.2133,0.3189,KROSTALY,FUT Esports,kayo,True,100,50,1,1,1,6,False,phantom,rifle,,0.6722,0.4744,Chronicle,Team Vitality,chamber,True,100,25,1,7,1,4,False,phantom,rifle,,0.8811,0.4800,Derke,Team Vitality,neon,True,89,27,1,1,0,7,True,phantom,rifle,,0.4467,0.6911,Jamppi,Team Vitality,kayo,True,100,50,1,1,1,1,False,stinger,smg,,0.4511,0.6911,Sayonara,Team Vitality,sova,True,100,50,1,2,0,7,False,vandal,rifle,,0.7667,0.7289,PROFEK,Team Vitality,astra,True,100,50,1,1,0,5,False,phantom,rifle,,0.7089,0.7633
577.193,974,ACTIVE_ROUND,3,2,2,76.000,,,s0pp,FUT Esports,chamber,True,100,50,1,4,1,5,False,vandal,rifle,,0.2156,0.3133,xeus,FUT Esports,jett,True,10,50,2,1,0,7,False,vandal,rifle,,0.3611,0.5278,sociablEE,FUT Esports,fade,True,100,25,1,1,0,5,False,vandal,rifle,,0.6878,0.4533,yetujey,FUT Esports,astra,True,100,50,0,1,0,7,True,phantom,rifle,,0.2133,0.3189,KROSTALY,FUT Esports,kayo,True,100,50,1,1,1,6,False,phantom,rifle,,0.3389,0.5189,Chronicle,Team Vitality,chamber,True,100,25,1,7,1,4,False,phantom,rifle,,0.4522,0.9267,Derke,Team Vitality,neon,True,89,27,1,1,0,7,True,phantom,rifle,,0.4467,0.6911,Jamppi,Team Vitality,kayo,True,100,50,1,1,1,1,False,stinger,smg,,0.4511,0.6911,Sayonara,Team Vitality,sova,True,100,50,1,2,0,7,False,vandal,rifle,,0.7667,0.7289,PROFEK,Team Vitality,astra,True,100,50,1,1,0,5,False,phantom,rifle,,0.7089,0.7633
577.677,975,ACTIVE_ROUND,3,2,2,75.000,,,s0pp,FUT Esports,chamber,True,100,50,1,4,1,5,False,vandal,rifle,,0.2156,0.3133,xeus,FUT Esports,jett,True,10,50,2,1,0,7,False,vandal,rifle,,0.4078,0.5144,sociablEE,FUT Esports,fade,True,100,25,1,1,0,5,False,vandal,rifle,,0.6878,0.4533,yetujey,FUT Esports,astra,True,100,50,0,1,0,7,True,phantom,rifle,,0.2133,0.3189,KROSTALY,FUT Esports,kayo,True,100,50,1,1,1,6,False,phantom,rifle,,0.6722,0.4744,Chronicle,Team Vitality,chamber,True,100,25,1,7,1,4,False,phantom,rifle,,0.6011,0.8667,Derke,Team Vitality,neon,True,89,27,1,1,0,7,True,phantom,rifle,,0.4467,0.6911,Jamppi,Team Vitality,kayo,True,100,50,1,1,1,1,False,stinger,smg,,0.4511,0.6911,Sayonara,Team Vitality,sova,True,100,50,1,2,0,7,False,vandal,rifle,,0.7667,0.7289,PROFEK,Team Vitality,astra,True,100,50,1,1,0,5,False,phantom,rifle,,0.7089,0.7633
578.161,976,ACTIVE_ROUND,3,2,2,75.000,,,s0pp,FUT Esports,chamber,True,100,50,1,4,1,5,False,vandal,rifle,,0.2156,0.3133,xeus,FUT Esports,jett,True,10,50,2,1,0,7,False,vandal,rifle,,0.4078,0.5144,sociablEE,FUT Esports,fade,True,100,25,1,1,0,5,False,vandal,rifle,,0.6900,0.4533,yetujey,FUT Esports,astra,True,100,50,0,0,0,7,True,phantom,rifle,,0.2133,0.3189,KROSTALY,FUT Esports,kayo,True,100,50,1,1,1,6,False,phantom,rifle,,0.8722,0.4633,Chronicle,Team Vitality,chamber,True,100,25,1,7,1,4,False,phantom,rifle,,0.8878,0.3111,Derke,Team Vitality,neon,True,89,27,1,1,0,7,True,phantom,rifle,,0.4467,0.6911,Jamppi,Team Vitality,kayo,True,100,50,1,1,1,1,False,stinger,smg,,0.4511,0.6911,Sayonara,Team Vitality,sova,True,100,50,1,2,0,7,False,vandal,rifle,,0.7667,0.7289,PROFEK,Team Vitality,astra,True,100,50,1,1,0,5,False,phantom,rifle,,0.7089,0.7633
578.645,977,ACTIVE_ROUND,3,2,2,74.000,,,s0pp,FUT Esports,chamber,True,100,50,1,4,1,5,False,vandal,rifle,,0.2156,0.3111,xeus,FUT Esports,jett,True,10,50,2,1,0,7,False,vandal,rifle,,0.4078,0.5144,sociablEE,FUT Esports,fade,True,100,25,1,1,0,5,False,vandal,rifle,,0.6878,0.4533,yetujey,FUT Esports,astra,True,100,50,0,0,0,7,True,phantom,rifle,,0.2133,0.3189,KROSTALY,FUT Esports,kayo,True,100,50,1,1,1,6,False,phantom,rifle,,0.6611,0.4144,Chronicle,Team Vitality,chamber,True,100,25,1,7,1,4,False,phantom,rifle,,0.6011,0.8800,Derke,Team Vitality,neon,True,89,27,1,1,0,7,True,phantom,rifle,,0.4467,0.6911,Jamppi,Team Vitality,kayo,True,100,50,1,1,1,1,False,stinger,smg,,0.4511,0.6911,Sayonara,Team Vitality,sova,True,100,50,1,2,0,7,False,vandal,rifle,,0.7667,0.7289,PROFEK,Team Vitality,astra,True,100,50,1,1,0,5,False,phantom,rifle,,0.7089,0.7633
579.129,978,ACTIVE_ROUND,3,2,2,74.000,,,s0pp,FUT Esports,chamber,True,100,50,1,4,1,5,False,vandal,rifle,,0.2156,0.3111,xeus,FUT Esports,jett,True,10,50,2,1,0,7,False,vandal,rifle,,0.4078,0.5144,sociablEE,FUT Esports,fade,True,100,25,1,1,0,5,False,vandal,rifle,,0.6878,0.4533,yetujey,FUT Esports,astra,True,100,50,0,0,0,7,True,phantom,rifle,,0.2133,0.3189,KROSTALY,FUT Esports,kayo,True,100,50,1,1,1,6,False,phantom,rifle,,0.2589,0.4967,Chronicle,Team Vitality,chamber,True,100,25,1,7,1,4,False,phantom,rifle,,0.7167,0.2089,Derke,Team Vitality,neon,True,89,27,1,1,0,7,True,phantom,rifle,,0.4467,0.6911,Jamppi,Team Vitality,kayo,True,100,50,1,1,1,1,False,stinger,smg,,0.4511,0.6911,Sayonara,Team Vitality,sova,True,100,50,1,2,0,7,False,vandal,rifle,,0.7667,0.7289,PROFEK,Team Vitality,astra,True,100,50,1,1,0,5,False,phantom,rifle,,0.7089,0.7633
579.612,979,ACTIVE_ROUND,3,2,2,73.000,,,s0pp,FUT Esports,chamber,True,100,50,1,4,1,5,False,vandal,rifle,,0.2156,0.3111,xeus,FUT Esports,jett,True,10,50,2,1,0,7,False,vandal,rifle,,0.2589,0.3078,sociablEE,FUT Esports,fade,True,100,25,1,1,0,5,False,vandal,rifle,,0.6878,0.4533,yetujey,FUT Esports,astra,True,100,50,0,0,0,7,True,phantom,rifle,,0.2133,0.3189,KROSTALY,FUT Esports,kayo,True,100,50,1,1,1,6,False,phantom,rifle,,0.2589,0.4967,Chronicle,Team Vitality,chamber,True,100,25,1,7,1,4,False,phantom,rifle,,0.6100,0.1489,Derke,Team Vitality,neon,True,89,27,1,1,0,7,True,phantom,rifle,,0.4467,0.6911,Jamppi,Team Vitality,kayo,True,100,50,1,1,1,1,False,stinger,smg,,0.4511,0.6911,Sayonara,Team Vitality,sova,True,100,50,1,2,0,7,False,vandal,rifle,,0.7667,0.7289,PROFEK,Team Vitality,astra,True,100,50,1,1,0,5,False,phantom,rifle,,0.7089,0.7633
580.096,980,ACTIVE_ROUND,3,2,2,73.000,,,s0pp,FUT Esports,chamber,True,100,50,1,4,1,5,False,vandal,rifle,,0.2156,0.3111,xeus,FUT Esports,jett,True,10,50,2,1,0,7,False,vandal,rifle,,0.7167,0.4722,sociablEE,FUT Esports,fade,True,100,25,1,1,0,5,False,vandal,rifle,,0.6878,0.4533,yetujey,FUT Esports,astra,True,100,50,0,0,0,7,True,phantom,rifle,,0.2133,0.3189,KROSTALY,FUT Esports,kayo,True,100,50,1,1,1,6,False,phantom,rifle,,0.2856,0.4767,Chronicle,Team Vitality,chamber,True,100,25,1,7,1,4,False,phantom,rifle,,0.7167,0.2267,Derke,Team Vitality,neon,True,89,27,1,1,0,7,True,phantom,rifle,,0.4467,0.6911,Jamppi,Team Vitality,kayo,True,100,50,1,1,1,1,False,stinger,smg,,0.4511,0.6911,Sayonara,Team Vitality,sova,True,100,50,1,2,0,7,False,vandal,rifle,,0.7667,0.7289,PROFEK,Team Vitality,astra,True,100,50,1,1,0,5,False,phantom,rifle,,0.7089,0.7633
580.580,981,ACTIVE_ROUND,3,2,2,72.000,,,s0pp,FUT Esports,chamber,True,100,50,1,4,1,5,False,vandal,rifle,,0.2156,0.3111,xeus,FUT Esports,jett,True,10,50,2,1,0,7,False,vandal,rifle,,0.7167,0.4722,sociablEE,FUT Esports,fade,True,100,25,1,1,0,5,False,vandal,rifle,,0.6878,0.4533,yetujey,FUT Esports,astra,True,100,50,0,0,0,7,True,phantom,rifle,,0.2133,0.3189,KROSTALY,FUT Esports,kayo,True,100,50,1,1,1,6,False,phantom,rifle,,0.1611,0.3278,Chronicle,Team Vitality,chamber,True,100,25,1,7,1,4,False,phantom,rifle,,0.6011,0.1467,Derke,Team Vitality,neon,True,89,27,1,1,0,7,True,phantom,rifle,,0.4467,0.6911,Jamppi,Team Vitality,kayo,True,100,50,1,1,1,1,False,stinger,smg,,0.4511,0.6911,Sayonara,Team Vitality,sova,True,100,50,1,2,0,7,False,vandal,rifle,,0.7667,0.7289,PROFEK,Team Vitality,astra,True,100,50,1,1,0,5,False,phantom,rifle,,0.7089,0.7633
581.064,982,ACTIVE_ROUND,3,2,2,72.000,,,s0pp,FUT Esports,chamber,True,100,50,1,4,1,5,False,vandal,rifle,,0.2156,0.3111,xeus,FUT Esports,jett,True,10,50,2,1,0,7,False,vandal,rifle,,0.2611,0.4433,sociablEE,FUT Esports,fade,True,100,25,1,1,0,5,False,vandal,rifle,,0.6878,0.4533,yetujey,FUT Esports,astra,True,100,50,0,0,0,7,True,phantom,rifle,,0.2133,0.3189,KROSTALY,FUT Esports,kayo,True,100,50,1,1,1,6,False,phantom,rifle,,0.6722,0.4744,Chronicle,Team Vitality,chamber,True,100,25,1,7,1,4,False,phantom,rifle,,0.8722,0.4778,Derke,Team Vitality,neon,True,89,27,1,1,0,7,True,phantom,rifle,,0.4467,0.6911,Jamppi,Team Vitality,kayo,True,100,50,1,1,1,1,False,stinger,smg,,0.4511,0.6911,Sayonara,Team Vitality,sova,True,100,50,1,2,0,7,False,vandal,rifle,,0.7667,0.7289,PROFEK,Team Vitality,astra,True,100,50,1,1,0,5,False,phantom,rifle,,0.3511,0.7256
581.548,983,ACTIVE_ROUND,3,2,2,71.000,,,s0pp,FUT Esports,chamber,True,100,50,1,4,1,5,False,vandal,rifle,,0.2156,0.3133,xeus,FUT Esports,jett,True,10,50,2,1,0,7,False,vandal,rifle,,0.9211,0.3278,sociablEE,FUT Esports,fade,True,100,25,1,1,0,5,False,vandal,rifle,,0.6878,0.4533,yetujey,FUT Esports,astra,True,100,50,0,0,0,7,True,phantom,rifle,,0.2133,0.3189,KROSTALY,FUT Esports,kayo,True,100,50,1,1,1,6,False,phantom,rifle,,0.6722,0.4744,Chronicle,Team Vitality,chamber,True,100,25,1,7,1,4,False,phantom,rifle,,0.5367,0.5244,Derke,Team Vitality,neon,True,89,27,1,1,0,7,True,phantom,rifle,,0.4467,0.6911,Jamppi,Team Vitality,kayo,True,100,50,1,1,1,1,False,stinger,smg,,0.4511,0.6911,Sayonara,Team Vitality,sova,True,100,50,1,2,0,7,False,vandal,rifle,,0.7667,0.7289,PROFEK,Team Vitality,astra,True,100,50,1,1,0,5,False,phantom,rifle,,0.3511,0.7256
582.031,984,ACTIVE_ROUND,3,2,2,71.000,,,s0pp,FUT Esports,chamber,True,100,50,1,4,1,5,False,vandal,rifle,,0.2156,0.3133,xeus,FUT Esports,jett,True,10,50,2,1,0,7,False,vandal,rifle,,0.9456,0.4900,sociablEE,FUT Esports,fade,True,100,25,1,1,0,5,False,vandal,rifle,,0.6878,0.4533,yetujey,FUT Esports,astra,True,100,50,1,0,0,7,True,phantom,rifle,,0.2133,0.3189,KROSTALY,FUT Esports,kayo,True,100,50,1,1,1,6,False,phantom,rifle,,0.6722,0.4744,Chronicle,Team Vitality,chamber,True,100,25,1,7,1,4,False,phantom,rifle,,0.5367,0.5244,Derke,Team Vitality,neon,True,89,27,1,1,0,7,True,phantom,rifle,,0.4467,0.6911,Jamppi,Team Vitality,kayo,True,100,50,1,1,1,1,False,stinger,smg,,0.4511,0.6911,Sayonara,Team Vitality,sova,True,100,50,1,2,0,7,False,vandal,rifle,,0.7667,0.7289,PROFEK,Team Vitality,astra,True,100,50,2,1,0,5,False,phantom,rifle,,0.3511,0.7256
582.515,985,ACTIVE_ROUND,3,2,2,70.000,,,s0pp,FUT Esports,chamber,True,100,50,1,4,1,5,False,vandal,rifle,,0.2156,0.3133,xeus,FUT Esports,jett,True,10,50,2,1,0,7,False,vandal,rifle,,0.9211,0.3278,sociablEE,FUT Esports,fade,True,100,25,1,1,0,5,False,vandal,rifle,,0.6878,0.4533,yetujey,FUT Esports,astra,True,100,50,1,0,0,7,True,phantom,rifle,,0.2133,0.3189,KROSTALY,FUT Esports,kayo,True,100,50,1,1,1,6,False,phantom,rifle,,0.6722,0.4744,Chronicle,Team Vitality,chamber,True,100,25,1,7,1,4,False,phantom,rifle,,0.8722,0.4800,Derke,Team Vitality,neon,True,89,27,1,1,0,7,True,phantom,rifle,,0.4467,0.6911,Jamppi,Team Vitality,kayo,True,100,50,1,1,1,1,False,stinger,smg,,0.4511,0.6911,Sayonara,Team Vitality,sova,True,100,50,1,2,0,7,False,vandal,rifle,,0.7667,0.7289,PROFEK,Team Vitality,astra,True,100,50,2,1,0,5,False,phantom,rifle,,0.3511,0.7256
582.999,986,ACTIVE_ROUND,3,2,2,70.000,,,s0pp,FUT Esports,chamber,True,100,50,1,4,1,5,False,vandal,rifle,,0.2156,0.3133,xeus,FUT Esports,jett,True,10,50,2,1,0,7,False,vandal,rifle,,0.9211,0.3278,sociablEE,FUT Esports,fade,True,100,25,1,1,0,5,False,vandal,rifle,,0.6878,0.4533,yetujey,FUT Esports,astra,True,100,50,1,0,0,7,True,phantom,rifle,,0.2133,0.3189,KROSTALY,FUT Esports,kayo,True,100,50,1,1,1,6,False,phantom,rifle,,0.8722,0.4633,Chronicle,Team Vitality,chamber,True,100,25,1,7,1,4,False,phantom,rifle,,0.8722,0.4800,Derke,Team Vitality,neon,True,89,27,1,1,0,7,True,phantom,rifle,,0.4467,0.6911,Jamppi,Team Vitality,kayo,True,100,50,1,1,1,1,False,stinger,smg,,0.4511,0.6911,Sayonara,Team Vitality,sova,True,100,50,1,2,0,7,False,vandal,rifle,,0.7667,0.7289,PROFEK,Team Vitality,astra,True,100,50,2,1,0,5,False,phantom,rifle,,0.3511,0.7256
583.483,987,ACTIVE_ROUND,3,2,2,70.000,,,s0pp,FUT Esports,chamber,True,100,50,1,4,1,5,False,vandal,rifle,,0.2156,0.3133,xeus,FUT Esports,jett,True,10,50,2,1,0,7,False,vandal,rifle,,0.9211,0.3278,sociablEE,FUT Esports,fade,True,100,25,1,1,0,5,False,vandal,rifle,,0.6878,0.4533,yetujey,FUT Esports,astra,True,100,50,1,0,0,7,True,phantom,rifle,,0.2133,0.3189,KROSTALY,FUT Esports,kayo,True,100,50,1,1,1,6,False,phantom,rifle,,0.2411,0.4411,Chronicle,Team Vitality,chamber,True,100,25,1,7,1,4,False,phantom,rifle,,0.8722,0.4800,Derke,Team Vitality,neon,True,89,27,1,1,0,7,True,phantom,rifle,,0.4467,0.6911,Jamppi,Team Vitality,kayo,True,100,50,1,1,1,1,False,stinger,smg,,0.5800,0.5511,Sayonara,Team Vitality,sova,True,100,50,1,2,0,7,False,vandal,rifle,,0.7667,0.7289,PROFEK,Team Vitality,astra,True,100,50,2,1,0,5,False,phantom,rifle,,0.3511,0.7256
583.967,988,ACTIVE_ROUND,3,2,2,69.000,,,s0pp,FUT Esports,chamber,True,100,50,1,4,1,5,False,vandal,rifle,,0.2156,0.3133,xeus,FUT Esports,jett,True,10,50,2,1,0,7,False,vandal,rifle,,0.7122,0.4767,sociablEE,FUT Esports,fade,True,100,25,1,1,0,5,False,vandal,rifle,,0.6878,0.4533,yetujey,FUT Esports,astra,True,100,50,1,0,0,7,True,phantom,rifle,,0.2133,0.3189,KROSTALY,FUT Esports,kayo,True,100,50,1,1,1,6,False,phantom,rifle,,0.6722,0.4744,Chronicle,Team Vitality,chamber,True,100,25,1,7,1,4,False,phantom,rifle,,0.8811,0.4800,Derke,Team Vitality,neon,True,89,27,1,1,0,7,True,phantom,rifle,,0.4467,0.6911,Jamppi,Team Vitality,kayo,True,100,50,1,1,1,1,False,stinger,smg,,0.5800,0.5511,Sayonara,Team Vitality,sova,True,100,50,1,2,0,7,False,vandal,rifle,,0.7667,0.7289,PROFEK,Team Vitality,astra,True,100,50,0,1,0,5,False,phantom,rifle,,0.3511,0.7256
584.451,989,ACTIVE_ROUND,3,2,2,69.000,,,s0pp,FUT Esports,chamber,True,100,50,1,4,1,5,False,vandal,rifle,,0.2156,0.3133,xeus,FUT Esports,jett,True,10,50,2,1,0,7,False,vandal,rifle,,0.2700,0.4433,sociablEE,FUT Esports,fade,True,100,25,1,1,0,5,False,vandal,rifle,,0.6878,0.4533,yetujey,FUT Esports,astra,True,100,50,1,0,0,7,True,phantom,rifle,,0.2133,0.3189,KROSTALY,FUT Esports,kayo,True,100,50,1,1,1,6,False,phantom,rifle,,0.6722,0.4744,Chronicle,Team Vitality,chamber,True,100,25,1,7,1,4,False,phantom,rifle,,0.8811,0.4800,Derke,Team Vitality,neon,True,89,27,1,1,0,7,True,phantom,rifle,,0.4467,0.6911,Jamppi,Team Vitality,kayo,True,100,50,1,1,1,1,False,stinger,smg,,0.5800,0.5511,Sayonara,Team Vitality,sova,True,100,50,1,2,0,7,False,vandal,rifle,,0.7667,0.7289,PROFEK,Team Vitality,astra,True,100,50,0,1,0,5,False,phantom,rifle,,0.3511,0.7256
584.934,990,ACTIVE_ROUND,3,2,2,68.000,,,s0pp,FUT Esports,chamber,True,100,50,1,4,1,5,False,vandal,rifle,,0.2156,0.3133,xeus,FUT Esports,jett,True,10,50,2,1,0,7,False,vandal,rifle,,0.2700,0.4433,sociablEE,FUT Esports,fade,True,100,25,1,1,0,5,False,vandal,rifle,,0.6878,0.4533,yetujey,FUT Esports,astra,True,100,50,1,0,0,7,True,phantom,rifle,,0.2133,0.3189,KROSTALY,FUT Esports,kayo,True,100,50,1,1,1,6,False,phantom,rifle,,0.2344,0.4433,Chronicle,Team Vitality,chamber,True,100,25,1,7,1,4,False,phantom,rifle,,0.6544,0.7333,Derke,Team Vitality,neon,True,89,27,1,1,0,7,True,phantom,rifle,,0.4467,0.6911,Jamppi,Team Vitality,kayo,True,100,50,1,1,1,1,False,stinger,smg,,0.5244,0.6222,Sayonara,Team Vitality,sova,True,100,50,1,2,0,7,False,vandal,rifle,,0.7667,0.7289,PROFEK,Team Vitality,astra,True,100,50,0,1,0,5,False,phantom,rifle,,0.3511,0.7256
585.418,991,ACTIVE_ROUND,3,2,2,68.000,,,s0pp,FUT Esports,chamber,True,100,50,1,4,1,5,False,vandal,rifle,,0.2156,0.3133,xeus,FUT Esports,jett,True,10,50,2,1,0,7,False,vandal,rifle,,0.2700,0.4433,sociablEE,FUT Esports,fade,True,100,25,1,1,0,5,False,vandal,rifle,,0.6878,0.4533,yetujey,FUT Esports,astra,True,100,50,1,0,0,7,True,phantom,rifle,,0.2133,0.3189,KROSTALY,FUT Esports,kayo,True,100,50,1,1,1,6,False,phantom,rifle,,0.8722,0.4633,Chronicle,Team Vitality,chamber,True,100,25,1,7,1,4,False,phantom,rifle,,0.3122,0.5222,Derke,Team Vitality,neon,True,89,27,1,1,0,7,True,phantom,rifle,,0.4467,0.6911,Jamppi,Team Vitality,kayo,True,100,50,1,1,1,1,False,stinger,smg,,0.5244,0.6222,Sayonara,Team Vitality,sova,True,100,50,1,2,0,7,False,vandal,rifle,,0.7667,0.7289,PROFEK,Team Vitality,astra,True,100,50,0,1,0,5,False,phantom,rifle,,0.3511,0.7256
585.902,992,ACTIVE_ROUND,3,2,2,67.000,,,s0pp,FUT Esports,chamber,True,100,50,1,4,1,5,False,vandal,rifle,,0.2156,0.3133,xeus,FUT Esports,jett,True,10,50,2,1,0,7,False,vandal,rifle,,0.2700,0.4433,sociablEE,FUT Esports,fade,True,100,25,1,1,0,5,False,vandal,rifle,,0.6856,0.4511,yetujey,FUT Esports,astra,True,100,50,1,0,0,7,True,phantom,rifle,,0.2133,0.3189,KROSTALY,FUT Esports,kayo,True,100,50,1,1,1,6,False,phantom,rifle,,0.2967,0.4256,Chronicle,Team Vitality,chamber,True,100,25,1,7,1,4,False,phantom,rifle,,0.6522,0.7311,Derke,Team Vitality,neon,True,89,27,1,1,0,7,True,phantom,rifle,,0.4467,0.6911,Jamppi,Team Vitality,kayo,True,100,50,1,1,1,1,False,stinger,smg,,0.5244,0.6222,Sayonara,Team Vitality,sova,True,100,50,1,2,0,7,False,vandal,rifle,,0.7622,0.7222,PROFEK,Team Vitality,astra,True,100,50,0,2,0,5,False,phantom,rifle,,0.3844,0.8011
586.386,993,ACTIVE_ROUND,3,2,2,67.000,,,s0pp,FUT Esports,chamber,True,100,50,1,4,1,5,False,vandal,rifle,,0.2156,0.3133,xeus,FUT Esports,jett,True,10,50,2,1,0,7,False,vandal,rifle,,0.2700,0.4433,sociablEE,FUT Esports,fade,True,100,25,1,1,0,5,False,vandal,rifle,,0.6900,0.4511,yetujey,FUT Esports,astra,True,100,50,1,0,0,7,True,phantom,rifle,,0.2067,0.3189,KROSTALY,FUT Esports,kayo,True,100,50,1,1,1,6,False,phantom,rifle,,0.2922,0.4189,Chronicle,Team Vitality,chamber,True,100,25,1,7,1,4,False,phantom,rifle,,0.8811,0.4844,Derke,Team Vitality,neon,True,89,27,1,1,0,7,True,phantom,rifle,,0.4467,0.6911,Jamppi,Team Vitality,kayo,True,100,50,1,1,1,1,False,stinger,smg,,0.5244,0.6222,Sayonara,Team Vitality,sova,True,100,50,1,2,0,7,False,vandal,rifle,,0.7622,0.7178,PROFEK,Team Vitality,astra,True,100,50,0,2,0,5,False,phantom,rifle,,0.3844,0.8011
586.870,994,ACTIVE_ROUND,3,2,2,66.000,,,s0pp,FUT Esports,chamber,True,100,50,1,4,1,5,False,vandal,rifle,,0.2156,0.3133,xeus,FUT Esports,jett,True,10,50,2,1,0,7,False,vandal,rifle,,0.2700,0.4433,sociablEE,FUT Esports,fade,True,100,25,1,1,0,5,False,vandal,rifle,,0.6856,0.4511,yetujey,FUT Esports,astra,True,100,50,1,0,0,7,True,phantom,rifle,,0.2067,0.3167,KROSTALY,FUT Esports,kayo,True,100,50,1,1,1,6,False,phantom,rifle,,0.2922,0.4167,Chronicle,Team Vitality,chamber,True,100,25,1,7,1,4,False,phantom,rifle,,0.8811,0.4844,Derke,Team Vitality,neon,True,89,27,1,1,0,7,True,phantom,rifle,,0.4467,0.6911,Jamppi,Team Vitality,kayo,True,100,50,1,1,1,1,False,stinger,smg,,0.5244,0.6222,Sayonara,Team Vitality,sova,True,100,50,1,2,0,7,False,vandal,rifle,,0.7622,0.7178,PROFEK,Team Vitality,astra,True,100,50,0,2,0,5,False,phantom,rifle,,0.3844,0.8011
587.353,995,ACTIVE_ROUND,3,2,2,66.000,,,s0pp,FUT Esports,chamber,True,100,50,1,4,1,5,False,vandal,rifle,,0.2156,0.3133,xeus,FUT Esports,jett,True,10,50,2,1,0,7,False,vandal,rifle,,0.2567,0.3989,sociablEE,FUT Esports,fade,True,100,25,1,1,0,5,False,vandal,rifle,,0.6878,0.4511,yetujey,FUT Esports,astra,True,100,50,1,0,0,7,True,phantom,rifle,,0.2067,0.3167,KROSTALY,FUT Esports,kayo,True,100,50,1,1,1,6,False,phantom,rifle,,0.2900,0.4122,Chronicle,Team Vitality,chamber,True,100,25,1,7,1,4,False,phantom,rifle,,0.6522,0.7333,Derke,Team Vitality,neon,True,89,27,1,1,0,7,True,phantom,rifle,,0.4467,0.6911,Jamppi,Team Vitality,kayo,True,100,50,1,1,1,1,False,stinger,smg,,0.5244,0.6222,Sayonara,Team Vitality,sova,True,100,50,1,2,0,7,False,vandal,rifle,,0.7622,0.7178,PROFEK,Team Vitality,astra,True,100,50,0,2,0,5,False,phantom,rifle,,0.3844,0.8011
587.837,996,ACTIVE_ROUND,3,2,2,65.000,,,s0pp,FUT Esports,chamber,True,100,50,1,4,1,5,False,vandal,rifle,,0.2156,0.3133,xeus,FUT Esports,jett,True,10,50,2,1,0,7,False,vandal,rifle,,0.2544,0.3944,sociablEE,FUT Esports,fade,True,100,25,1,1,0,5,False,vandal,rifle,,0.6878,0.4511,yetujey,FUT Esports,astra,True,100,50,1,0,0,7,True,phantom,rifle,,0.2067,0.3167,KROSTALY,FUT Esports,kayo,True,100,50,1,1,1,6,False,phantom,rifle,,0.2878,0.4078,Chronicle,Team Vitality,chamber,True,100,25,1,7,1,4,False,phantom,rifle,,0.3878,0.7822,Derke,Team Vitality,neon,True,89,27,1,1,0,7,True,phantom,rifle,,0.4467,0.6911,Jamppi,Team Vitality,kayo,True,100,50,1,1,1,1,False,stinger,smg,,0.5244,0.6222,Sayonara,Team Vitality,sova,True,100,50,1,2,0,7,False,vandal,rifle,,0.7644,0.7178,PROFEK,Team Vitality,astra,True,100,50,1,1,0,5,False,phantom,rifle,,0.3844,0.8011
588.321,997,ACTIVE_ROUND,3,2,2,65.000,,,s0pp,FUT Esports,chamber,True,100,50,1,4,1,5,False,vandal,rifle,,0.2156,0.3133,xeus,FUT Esports,jett,True,10,50,2,1,0,7,False,vandal,rifle,,0.2589,0.4011,sociablEE,FUT Esports,fade,True,100,25,1,1,0,5,False,vandal,rifle,,0.6878,0.4511,yetujey,FUT Esports,astra,True,100,50,1,0,0,7,True,phantom,rifle,,0.2067,0.3167,KROSTALY,FUT Esports,kayo,True,100,50,1,1,1,6,False,phantom,rifle,,0.2922,0.4144,Chronicle,Team Vitality,chamber,True,100,25,1,7,1,4,False,phantom,rifle,,0.3878,0.7067,Derke,Team Vitality,neon,True,89,27,1,1,0,7,True,phantom,rifle,,0.4467,0.6911,Jamppi,Team Vitality,kayo,True,100,50,1,1,1,1,False,stinger,smg,,0.5244,0.6222,Sayonara,Team Vitality,sova,True,100,50,1,2,0,7,False,vandal,rifle,,0.7644,0.7178,PROFEK,Team Vitality,astra,True,100,50,1,1,0,5,False,phantom,rifle,,0.4333,0.7300
588.805,998,ACTIVE_ROUND,3,2,2,64.000,,,s0pp,FUT Esports,chamber,True,100,50,1,4,1,5,False,vandal,rifle,,0.2156,0.3133,xeus,FUT Esports,jett,True,10,50,2,1,0,7,False,vandal,rifle,,0.2589,0.4056,sociablEE,FUT Esports,fade,True,100,25,1,1,0,5,False,vandal,rifle,,0.6878,0.4511,yetujey,FUT Esports,astra,True,100,50,1,0,0,7,True,phantom,rifle,,0.2067,0.3167,KROSTALY,FUT Esports,kayo,True,100,50,1,1,1,6,False,phantom,rifle,,0.2922,0.4189,Chronicle,Team Vitality,chamber,True,100,25,1,7,1,4,False,phantom,rifle,,0.3878,0.7533,Derke,Team Vitality,neon,True,89,27,1,1,0,7,True,phantom,rifle,,0.4467,0.6911,Jamppi,Team Vitality,kayo,True,100,50,1,1,1,1,False,stinger,smg,,0.5244,0.6222,Sayonara,Team Vitality,sova,True,100,50,1,2,0,7,False,vandal,rifle,,0.7644,0.7178,PROFEK,Team Vitality,astra,True,100,50,1,1,0,5,False,phantom,rifle,,0.4378,0.7167
589.289,999,ACTIVE_ROUND,3,2,2,64.000,,,s0pp,FUT Esports,chamber,True,100,50,1,4,1,5,False,vandal,rifle,,0.2156,0.3133,xeus,FUT Esports,jett,True,10,50,2,1,0,7,False,vandal,rifle,,0.2589,0.4056,sociablEE,FUT Esports,fade,True,100,25,1,1,0,5,False,vandal,rifle,,0.6878,0.4511,yetujey,FUT Esports,astra,True,100,50,1,0,0,7,True,phantom,rifle,,0.2067,0.3167,KROSTALY,FUT Esports,kayo,True,100,50,1,1,1,6,False,phantom,rifle,,0.2922,0.4167,Chronicle,Team Vitality,chamber,True,100,25,1,7,1,4,False,phantom,rifle,,0.3878,0.7378,Derke,Team Vitality,neon,True,89,27,1,1,0,7,True,phantom,rifle,,0.4467,0.6911,Jamppi,Team Vitality,kayo,True,100,50,1,1,1,1,False,stinger,smg,,0.5244,0.6222,Sayonara,Team Vitality,sova,True,100,50,1,2,0,7,False,vandal,rifle,,0.7689,0.7133,PROFEK,Team Vitality,astra,True,100,50,1,1,0,5,False,phantom,rifle,,0.4422,0.7033
589.773,1000,ACTIVE_ROUND,3,2,2,63.000,,,s0pp,FUT Esports,chamber,True,100,50,1,4,1,5,False,vandal,rifle,,0.2111,0.3133,xeus,FUT Esports,jett,True,10,50,2,1,0,7,False,vandal,rifle,,0.7078,0.4767,sociablEE,FUT Esports,fade,True,100,25,1,1,0,5,False,vandal,rifle,,0.6856,0.4511,yetujey,FUT Esports,astra,True,100,50,1,0,0,7,True,phantom,rifle,,0.2067,0.3167,KROSTALY,FUT Esports,kayo,True,100,50,1,1,1,6,False,phantom,rifle,,0.2856,0.4056,Chronicle,Team Vitality,chamber,True,100,25,1,7,1,4,False,phantom,rifle,,0.8344,0.4667,Derke,Team Vitality,neon,True,89,27,1,1,0,7,True,phantom,rifle,,0.6089,0.5711,Jamppi,Team Vitality,kayo,True,100,50,1,1,1,1,False,stinger,smg,,0.5244,0.6222,Sayonara,Team Vitality,sova,True,100,50,1,2,0,7,False,vandal,rifle,,0.7733,0.7022,PROFEK,Team Vitality,astra,True,100,50,2,2,0,5,False,phantom,rifle,,0.4422,0.7033
590.256,1001,ACTIVE_ROUND,3,2,2,63.000,,,s0pp,FUT Esports,chamber,True,100,50,1,4,1,5,False,vandal,rifle,,0.2111,0.3133,xeus,FUT Esports,jett,True,10,50,2,1,0,7,False,vandal,rifle,,0.7100,0.4767,sociablEE,FUT Esports,fade,True,100,25,1,1,0,5,False,vandal,rifle,,0.6878,0.4511,yetujey,FUT Esports,astra,True,100,50,1,0,0,7,True,phantom,rifle,,0.2067,0.3167,KROSTALY,FUT Esports,kayo,True,100,50,1,1,1,6,False,phantom,rifle,,0.2789,0.3967,Chronicle,Team Vitality,chamber,True,100,25,1,7,1,4,False,phantom,rifle,,0.8344,0.4667,Derke,Team Vitality,neon,True,89,27,1,1,0,7,True,phantom,rifle,,0.6089,0.5711,Jamppi,Team Vitality,kayo,True,100,50,1,1,1,1,False,stinger,smg,,0.5244,0.6222,Sayonara,Team Vitality,sova,True,100,50,1,2,0,7,False,vandal,rifle,,0.7711,0.6933,PROFEK,Team Vitality,astra,True,100,50,2,2,0,5,False,phantom,rifle,,0.4422,0.7033
590.740,1002,ACTIVE_ROUND,3,2,2,62.000,,,s0pp,FUT Esports,chamber,True,100,50,1,4,1,5,False,vandal,rifle,,0.2111,0.3133,xeus,FUT Esports,jett,True,10,50,2,1,0,7,False,vandal,rifle,,0.3122,0.4078,sociablEE,FUT Esports,fade,True,100,25,1,1,0,5,False,vandal,rifle,,0.6878,0.4511,yetujey,FUT Esports,astra,True,100,50,1,0,0,7,True,phantom,rifle,,0.2067,0.3167,KROSTALY,FUT Esports,kayo,True,100,50,1,1,1,6,False,phantom,rifle,,0.2700,0.3878,Chronicle,Team Vitality,chamber,True,100,25,1,7,1,4,False,phantom,rifle,,0.7167,0.2244,Derke,Team Vitality,neon,True,89,27,1,1,0,7,True,phantom,rifle,,0.6089,0.5689,Jamppi,Team Vitality,kayo,True,100,50,1,1,1,1,False,stinger,smg,,0.5244,0.6222,Sayonara,Team Vitality,sova,True,100,50,1,2,0,7,False,vandal,rifle,,0.7711,0.6933,PROFEK,Team Vitality,astra,True,100,50,2,2,0,5,False,phantom,rifle,,0.4422,0.7033
591.224,1003,ACTIVE_ROUND,3,2,2,62.000,,,s0pp,FUT Esports,chamber,True,100,50,1,4,1,5,False,vandal,rifle,,0.2111,0.3133,xeus,FUT Esports,jett,True,10,50,2,1,0,7,False,vandal,rifle,,0.3122,0.4078,sociablEE,FUT Esports,fade,True,100,25,1,1,0,5,False,vandal,rifle,,0.6856,0.4511,yetujey,FUT Esports,astra,True,100,50,1,0,0,7,True,phantom,rifle,,0.2067,0.3167,KROSTALY,FUT Esports,kayo,True,100,50,1,1,1,6,False,phantom,rifle,,0.2611,0.3811,Chronicle,Team Vitality,chamber,True,100,25,1,7,1,4,False,phantom,rifle,,0.7167,0.2244,Derke,Team Vitality,neon,True,89,27,1,1,0,7,True,phantom,rifle,,0.6111,0.5711,Jamppi,Team Vitality,kayo,True,100,50,1,1,1,1,False,stinger,smg,,0.5244,0.6222,Sayonara,Team Vitality,sova,True,100,50,1,2,0,7,False,vandal,rifle,,0.7711,0.6933,PROFEK,Team Vitality,astra,True,100,50,2,2,0,5,False,phantom,rifle,,0.4422,0.7033
591.708,1004,ACTIVE_ROUND,3,2,2,61.000,,,s0pp,FUT Esports,chamber,True,100,50,1,4,1,5,False,vandal,rifle,,0.9200,0.4711,xeus,FUT Esports,jett,True,10,50,2,1,0,7,False,vandal,rifle,,0.7100,0.4767,sociablEE,FUT Esports,fade,True,100,25,1,1,0,5,False,vandal,rifle,,0.6856,0.4511,yetujey,FUT Esports,astra,True,100,50,1,0,0,7,True,phantom,rifle,,0.2067,0.3167,KROSTALY,FUT Esports,kayo,True,100,50,1,1,1,6,False,phantom,rifle,,0.2522,0.3744,Chronicle,Team Vitality,chamber,True,100,25,1,7,1,4,False,phantom,rifle,,0.8344,0.4667,Derke,Team Vitality,neon,True,89,27,1,1,0,7,True,phantom,rifle,,0.6111,0.5711,Jamppi,Team Vitality,kayo,True,100,50,1,1,1,1,False,stinger,smg,,0.5244,0.6222,Sayonara,Team Vitality,sova,True,100,50,1,2,0,7,False,vandal,rifle,,0.7756,0.6933,PROFEK,Team Vitality,astra,True,100,50,1,1,0,5,False,phantom,rifle,,0.4422,0.7033
592.192,1005,ACTIVE_ROUND,3,2,2,61.000,,,s0pp,FUT Esports,chamber,True,100,50,1,4,1,5,False,vandal,rifle,,0.9111,0.4800,xeus,FUT Esports,jett,True,10,50,2,1,0,7,False,vandal,rifle,,0.9211,0.3278,sociablEE,FUT Esports,fade,True,100,25,1,1,0,5,False,vandal,rifle,,0.6878,0.4511,yetujey,FUT Esports,astra,True,100,50,1,0,0,7,True,phantom,rifle,,0.2067,0.3167,KROSTALY,FUT Esports,kayo,True,100,50,1,1,1,6,False,phantom,rifle,,0.2433,0.3678,Chronicle,Team Vitality,chamber,True,100,25,1,7,1,4,False,phantom,rifle,,0.6189,0.6622,Derke,Team Vitality,neon,True,89,27,1,1,0,7,True,phantom,rifle,,0.6111,0.5711,Jamppi,Team Vitality,kayo,True,100,50,1,1,1,1,False,stinger,smg,,0.5244,0.6222,Sayonara,Team Vitality,sova,True,100,50,1,2,0,7,False,vandal,rifle,,0.7756,0.6933,PROFEK,Team Vitality,astra,True,100,50,1,1,0,5,False,phantom,rifle,,0.4422,0.7033
592.675,1006,ACTIVE_ROUND,3,2,2,60.000,,,s0pp,FUT Esports,chamber,True,100,50,1,4,1,5,False,vandal,rifle,,0.9044,0.4889,xeus,FUT Esports,jett,True,10,50,2,1,0,7,False,vandal,rifle,,0.9300,0.5056,sociablEE,FUT Esports,fade,True,100,25,1,1,0,5,False,vandal,rifle,,0.6856,0.4511,yetujey,FUT Esports,astra,True,100,50,1,0,0,7,True,phantom,rifle,,0.2067,0.3167,KROSTALY,FUT Esports,kayo,True,100,50,1,1,1,6,False,phantom,rifle,,0.2433,0.3678,Chronicle,Team Vitality,chamber,True,100,25,1,7,1,4,False,phantom,rifle,,0.6167,0.6511,Derke,Team Vitality,neon,True,89,27,1,1,0,7,True,phantom,rifle,,0.6111,0.5711,Jamppi,Team Vitality,kayo,True,100,50,1,1,1,1,False,stinger,smg,,0.5244,0.6222,Sayonara,Team Vitality,sova,True,100,50,1,2,0,7,False,vandal,rifle,,0.7756,0.6933,PROFEK,Team Vitality,astra,True,100,50,1,1,0,5,False,phantom,rifle,,0.4422,0.7033
593.159,1007,ACTIVE_ROUND,3,2,2,60.000,,,s0pp,FUT Esports,chamber,True,100,50,1,4,1,5,False,vandal,rifle,,0.9022,0.5089,xeus,FUT Esports,jett,True,10,50,2,1,0,7,False,vandal,rifle,,0.9300,0.5056,sociablEE,FUT Esports,fade,True,100,25,1,1,0,5,False,vandal,rifle,,0.6856,0.4511,yetujey,FUT Esports,astra,True,100,50,1,0,0,7,True,phantom,rifle,,0.2067,0.3167,KROSTALY,FUT Esports,kayo,True,100,50,1,1,1,6,False,phantom,rifle,,0.2478,0.3700,Chronicle,Team Vitality,chamber,True,100,25,1,7,1,4,False,phantom,rifle,,0.6122,0.6400,Derke,Team Vitality,neon,True,89,27,1,1,0,7,True,phantom,rifle,,0.6111,0.5689,Jamppi,Team Vitality,kayo,True,100,50,1,1,1,1,False,stinger,smg,,0.5244,0.6222,Sayonara,Team Vitality,sova,True,100,50,1,2,0,7,False,vandal,rifle,,0.7756,0.6956,PROFEK,Team Vitality,astra,True,100,50,1,1,0,5,False,phantom,rifle,,0.4422,0.7033
593.643,1008,ACTIVE_ROUND,3,2,2,59.000,,,s0pp,FUT Esports,chamber,True,100,50,1,4,1,5,False,vandal,rifle,,0.8933,0.5222,xeus,FUT Esports,jett,True,10,50,2,1,0,7,False,vandal,rifle,,0.9300,0.5056,sociablEE,FUT Esports,fade,True,100,25,1,1,0,5,False,vandal,rifle,,0.6856,0.4511,yetujey,FUT Esports,astra,True,100,50,1,0,0,7,True,phantom,rifle,,0.2067,0.3167,KROSTALY,FUT Esports,kayo,True,100,50,1,1,1,6,False,phantom,rifle,,0.2500,0.3722,Chronicle,Team Vitality,chamber,True,100,25,1,7,1,4,False,phantom,rifle,,0.6056,0.6289,Derke,Team Vitality,neon,True,89,27,1,1,0,7,True,phantom,rifle,,0.6133,0.5711,Jamppi,Team Vitality,kayo,True,100,50,1,1,1,1,False,stinger,smg,,0.5244,0.6222,Sayonara,Team Vitality,sova,True,100,50,1,2,0,7,False,vandal,rifle,,0.7756,0.6978,PROFEK,Team Vitality,astra,True,100,50,0,1,0,5,False,phantom,rifle,,0.4422,0.7033
594.127,1009,ACTIVE_ROUND,3,2,2,59.000,,,s0pp,FUT Esports,chamber,True,100,50,1,4,1,5,False,vandal,rifle,,0.8822,0.5089,xeus,FUT Esports,jett,True,10,50,2,1,0,7,False,vandal,rifle,,0.9300,0.5056,sociablEE,FUT Esports,fade,True,100,25,1,1,0,5,False,vandal,rifle,,0.6856,0.4511,yetujey,FUT Esports,astra,True,100,50,1,0,0,7,True,phantom,rifle,,0.2067,0.3167,KROSTALY,FUT Esports,kayo,True,100,50,1,1,1,6,False,phantom,rifle,,0.2433,0.3678,Chronicle,Team Vitality,chamber,True,100,25,1,7,1,4,False,phantom,rifle,,0.8856,0.3244,Derke,Team Vitality,neon,True,89,27,1,1,0,7,True,phantom,rifle,,0.6133,0.5756,Jamppi,Team Vitality,kayo,True,100,50,1,1,1,1,False,stinger,smg,,0.5244,0.6222,Sayonara,Team Vitality,sova,True,100,50,1,2,0,7,False,vandal,rifle,,0.7756,0.6978,PROFEK,Team Vitality,astra,True,100,50,0,1,0,5,False,phantom,rifle,,0.4422,0.7033
594.611,1010,ACTIVE_ROUND,3,2,2,58.000,,,s0pp,FUT Esports,chamber,True,100,50,1,4,1,5,False,vandal,rifle,,0.8756,0.5000,xeus,FUT Esports,jett,True,10,50,2,1,0,7,False,vandal,rifle,,0.9300,0.5056,sociablEE,FUT Esports,fade,True,100,25,1,1,0,5,False,vandal,rifle,,0.6856,0.4511,yetujey,FUT Esports,astra,True,100,50,1,0,0,7,True,phantom,rifle,,0.2067,0.3167,KROSTALY,FUT Esports,kayo,True,100,50,1,1,1,6,False,phantom,rifle,,0.2478,0.3700,Chronicle,Team Vitality,chamber,True,100,25,1,7,1,4,False,phantom,rifle,,0.8856,0.3244,Derke,Team Vitality,neon,True,89,27,1,1,0,7,True,phantom,rifle,,0.6133,0.5733,Jamppi,Team Vitality,kayo,True,100,50,1,1,1,1,False,stinger,smg,,0.5244,0.6222,Sayonara,Team Vitality,sova,True,100,50,1,2,0,7,False,vandal,rifle,,0.7756,0.6978,PROFEK,Team Vitality,astra,True,100,50,0,1,0,5,False,phantom,rifle,,0.4422,0.7033
595.095,1011,ACTIVE_ROUND,3,2,2,58.000,,,s0pp,FUT Esports,chamber,True,100,50,1,4,1,5,False,vandal,rifle,,0.8778,0.4889,xeus,FUT Esports,jett,True,10,50,2,1,0,7,False,vandal,rifle,,0.9300,0.5056,sociablEE,FUT Esports,fade,True,100,25,1,1,0,5,False,vandal,rifle,,0.6856,0.4511,yetujey,FUT Esports,astra,True,100,50,1,0,0,7,True,phantom,rifle,,0.2067,0.3167,KROSTALY,FUT Esports,kayo,True,100,50,1,1,1,6,False,phantom,rifle,,0.2433,0.3678,Chronicle,Team Vitality,chamber,True,100,25,1,7,1,4,False,phantom,rifle,,0.4522,0.9267,Derke,Team Vitality,neon,True,89,27,1,1,0,7,True,phantom,rifle,,0.6111,0.5489,Jamppi,Team Vitality,kayo,True,100,50,1,1,1,1,False,stinger,smg,,0.5244,0.6222,Sayonara,Team Vitality,sova,True,100,50,1,2,0,7,False,vandal,rifle,,0.7756,0.6978,PROFEK,Team Vitality,astra,True,100,50,0,1,0,5,False,phantom,rifle,,0.4422,0.7033
595.578,1012,ACTIVE_ROUND,3,2,2,57.000,,,s0pp,FUT Esports,chamber,True,100,50,0,4,1,5,False,vandal,rifle,,0.8844,0.4844,xeus,FUT Esports,jett,True,10,50,2,1,0,7,False,vandal,rifle,,0.4167,0.5100,sociablEE,FUT Esports,fade,True,100,25,1,1,0,5,False,vandal,rifle,,0.6833,0.4511,yetujey,FUT Esports,astra,True,100,50,1,0,0,7,True,phantom,rifle,,0.2067,0.3167,KROSTALY,FUT Esports,kayo,True,100,50,1,1,1,6,False,phantom,rifle,,0.2367,0.3633,Chronicle,Team Vitality,chamber,True,100,25,0,7,1,4,False,phantom,rifle,,0.4100,0.6356,Derke,Team Vitality,neon,True,89,27,1,1,0,7,True,phantom,rifle,,0.6111,0.5489,Jamppi,Team Vitality,kayo,True,100,50,1,1,1,1,False,stinger,smg,,0.5244,0.6222,Sayonara,Team Vitality,sova,True,100,50,1,2,0,7,False,vandal,rifle,,0.7756,0.6978,PROFEK,Team Vitality,astra,True,100,50,1,2,0,5,False,phantom,rifle,,0.4422,0.7033
596.062,1013,ACTIVE_ROUND,3,2,2,57.000,,,s0pp,FUT Esports,chamber,True,100,50,0,4,1,5,False,vandal,rifle,,0.8889,0.5067,xeus,FUT Esports,jett,True,10,50,2,1,0,7,False,vandal,rifle,,0.4167,0.5100,sociablEE,FUT Esports,fade,True,100,25,1,1,0,5,False,vandal,rifle,,0.6856,0.4511,yetujey,FUT Esports,astra,True,100,50,1,0,0,7,True,phantom,rifle,,0.2067,0.3167,KROSTALY,FUT Esports,kayo,True,100,50,1,1,1,6,False,phantom,rifle,,0.8678,0.5589,Chronicle,Team Vitality,chamber,True,100,25,0,7,1,4,False,phantom,rifle,,0.6011,0.1467,Derke,Team Vitality,neon,True,89,27,1,1,0,7,True,phantom,rifle,,0.6111,0.5489,Jamppi,Team Vitality,kayo,True,100,50,1,1,1,1,False,stinger,smg,,0.5244,0.6222,Sayonara,Team Vitality,sova,True,100,50,1,2,0,7,False,vandal,rifle,,0.7756,0.6978,PROFEK,Team Vitality,astra,True,100,50,1,2,0,5,False,phantom,rifle,,0.4422,0.7033
596.546,1014,ACTIVE_ROUND,3,2,2,56.000,,,s0pp,FUT Esports,chamber,True,100,50,0,4,1,5,False,vandal,rifle,,0.8933,0.5289,xeus,FUT Esports,jett,True,10,50,2,1,0,7,False,vandal,rifle,,0.4167,0.5100,sociablEE,FUT Esports,fade,True,100,25,1,1,0,5,False,vandal,rifle,,0.6744,0.4467,yetujey,FUT Esports,astra,True,100,50,1,0,0,7,True,phantom,rifle,,0.2067,0.3167,KROSTALY,FUT Esports,kayo,True,100,50,1,1,1,6,False,phantom,rifle,,0.4056,0.4811,Chronicle,Team Vitality,chamber,True,100,25,0,7,1,4,False,phantom,rifle,,0.8856,0.3156,Derke,Team Vitality,neon,True,89,27,1,1,0,7,True,phantom,rifle,,0.6111,0.5489,Jamppi,Team Vitality,kayo,True,100,50,1,1,1,1,False,stinger,smg,,0.5244,0.6222,Sayonara,Team Vitality,sova,True,100,50,1,2,0,7,False,vandal,rifle,,0.7756,0.6889,PROFEK,Team Vitality,astra,True,100,50,1,2,0,5,False,phantom,rifle,,0.4422,0.7033
597.030,1015,ACTIVE_ROUND,3,2,2,56.000,,,s0pp,FUT Esports,chamber,True,100,50,0,4,1,5,False,vandal,rifle,,0.9022,0.5400,xeus,FUT Esports,jett,True,10,50,2,1,0,7,False,vandal,rifle,,0.4167,0.5100,sociablEE,FUT Esports,fade,True,100,25,1,1,0,5,False,vandal,rifle,,0.6744,0.4467,yetujey,FUT Esports,astra,True,100,50,1,0,0,7,True,phantom,rifle,,0.2067,0.3167,KROSTALY,FUT Esports,kayo,True,100,50,1,1,1,6,False,phantom,rifle,,0.2478,0.3700,Chronicle,Team Vitality,chamber,True,100,25,0,7,1,4,False,phantom,rifle,,0.8856,0.3244,Derke,Team Vitality,neon,True,89,27,1,1,0,7,True,phantom,rifle,,0.6111,0.5489,Jamppi,Team Vitality,kayo,True,100,50,1,1,1,1,False,stinger,smg,,0.5244,0.6222,Sayonara,Team Vitality,sova,True,100,50,1,2,0,7,False,vandal,rifle,,0.7756,0.6778,PROFEK,Team Vitality,astra,True,100,50,1,2,0,5,False,phantom,rifle,,0.4422,0.7033
597.514,1016,ACTIVE_ROUND,3,2,2,55.000,,,s0pp,FUT Esports,chamber,True,100,50,0,4,1,5,False,vandal,rifle,,0.9022,0.5400,xeus,FUT Esports,jett,True,10,50,2,1,0,7,False,vandal,rifle,,0.9389,0.5411,sociablEE,FUT Esports,fade,True,100,25,1,1,0,5,False,vandal,rifle,,0.6744,0.4467,yetujey,FUT Esports,astra,True,100,50,1,0,0,7,True,phantom,rifle,,0.2067,0.3167,KROSTALY,FUT Esports,kayo,True,100,50,1,1,0,6,False,phantom,rifle,,0.2633,0.3811,Chronicle,Team Vitality,chamber,True,100,25,0,7,1,4,False,phantom,rifle,,0.8856,0.3244,Derke,Team Vitality,neon,True,89,27,1,1,0,7,True,phantom,rifle,,0.6111,0.5489,Jamppi,Team Vitality,kayo,True,100,50,1,1,1,1,False,stinger,smg,,0.5244,0.6222,Sayonara,Team Vitality,sova,True,100,50,1,2,0,7,False,vandal,rifle,,0.7822,0.6667,PROFEK,Team Vitality,astra,True,100,50,1,1,0,5,False,phantom,rifle,,0.4422,0.7033
597.997,1017,ACTIVE_ROUND,3,2,2,55.000,,,s0pp,FUT Esports,chamber,True,100,50,0,4,1,5,False,vandal,rifle,,0.9022,0.5400,xeus,FUT Esports,jett,True,10,50,2,1,0,7,False,vandal,rifle,,0.9389,0.5411,sociablEE,FUT Esports,fade,True,100,25,1,1,0,5,False,vandal,rifle,,0.6744,0.4467,yetujey,FUT Esports,astra,True,100,50,1,0,0,7,True,phantom,rifle,,0.2067,0.3167,KROSTALY,FUT Esports,kayo,True,100,50,1,1,0,6,False,phantom,rifle,,0.2811,0.3878,Chronicle,Team Vitality,chamber,True,100,25,0,7,1,4,False,phantom,rifle,,0.5722,0.5711,Derke,Team Vitality,neon,True,89,27,1,1,0,7,True,phantom,rifle,,0.6089,0.5511,Jamppi,Team Vitality,kayo,True,100,50,1,1,1,1,False,stinger,smg,,0.7978,0.3067,Sayonara,Team Vitality,sova,True,100,50,1,2,0,7,False,vandal,rifle,,0.7889,0.6556,PROFEK,Team Vitality,astra,True,100,50,1,1,0,5,False,phantom,rifle,,0.4422,0.7033
598.481,1018,ACTIVE_ROUND,3,2,2,54.000,,,s0pp,FUT Esports,chamber,True,100,50,0,4,1,5,False,vandal,rifle,,0.9022,0.5400,xeus,FUT Esports,jett,True,10,50,2,1,0,7,False,vandal,rifle,,0.2656,0.3767,sociablEE,FUT Esports,fade,True,100,25,1,1,0,5,False,vandal,rifle,,0.6744,0.4467,yetujey,FUT Esports,astra,True,100,50,1,0,0,7,True,phantom,rifle,,0.2067,0.3167,KROSTALY,FUT Esports,kayo,True,100,50,1,1,0,6,False,phantom,rifle,,0.2989,0.3900,Chronicle,Team Vitality,chamber,True,100,25,0,7,1,4,False,phantom,rifle,,0.5722,0.5711,Derke,Team Vitality,neon,True,89,27,1,1,0,7,True,phantom,rifle,,0.6089,0.5511,Jamppi,Team Vitality,kayo,True,100,50,1,1,1,1,False,stinger,smg,,0.8000,0.3067,Sayonara,Team Vitality,sova,True,100,50,1,2,0,7,False,vandal,rifle,,0.7889,0.6422,PROFEK,Team Vitality,astra,True,100,50,1,1,0,5,False,phantom,rifle,,0.5711,0.5344
598.965,1019,ACTIVE_ROUND,3,2,2,54.000,,,s0pp,FUT Esports,chamber,True,100,50,0,4,1,5,False,vandal,rifle,,0.9022,0.5400,xeus,FUT Esports,jett,True,10,50,2,1,0,7,False,vandal,rifle,,0.2656,0.3767,sociablEE,FUT Esports,fade,True,100,25,1,1,0,5,False,vandal,rifle,,0.6744,0.4467,yetujey,FUT Esports,astra,True,100,50,1,0,0,7,True,phantom,rifle,,0.2067,0.3167,KROSTALY,FUT Esports,kayo,True,100,50,1,1,0,6,False,phantom,rifle,,0.3167,0.3856,Chronicle,Team Vitality,chamber,True,100,25,0,7,1,4,False,phantom,rifle,,0.4656,0.5844,Derke,Team Vitality,neon,True,89,27,1,1,0,7,True,phantom,rifle,,0.6156,0.5556,Jamppi,Team Vitality,kayo,True,100,50,1,1,1,1,False,stinger,smg,,0.8000,0.3089,Sayonara,Team Vitality,sova,True,100,50,1,2,0,7,False,vandal,rifle,,0.7911,0.6356,PROFEK,Team Vitality,astra,True,100,50,1,1,0,5,False,phantom,rifle,,0.5711,0.5567
599.449,1020,ACTIVE_ROUND,3,2,2,54.000,,,s0pp,FUT Esports,chamber,True,100,50,0,4,1,6,False,vandal,rifle,,0.9022,0.5400,xeus,FUT Esports,jett,True,10,50,2,1,0,7,False,vandal,rifle,,0.2678,0.4100,sociablEE,FUT Esports,fade,True,100,25,1,1,0,5,False,vandal,rifle,,0.6744,0.4467,yetujey,FUT Esports,astra,True,100,50,1,0,0,7,True,phantom,rifle,,0.2178,0.3144,KROSTALY,FUT Esports,kayo,True,100,50,1,1,0,6,False,phantom,rifle,,0.3389,0.3811,Chronicle,Team Vitality,chamber,True,100,25,0,7,1,4,False,phantom,rifle,,0.7167,0.6400,Derke,Team Vitality,neon,True,89,27,1,1,0,7,True,phantom,rifle,,0.6156,0.5556,Jamppi,Team Vitality,kayo,True,100,50,1,1,1,1,False,stinger,smg,,0.8000,0.3089,Sayonara,Team Vitality,sova,True,100,50,0,2,0,7,False,vandal,rifle,,0.7911,0.6356,PROFEK,Team Vitality,astra,True,100,50,0,1,0,5,False,phantom,rifle,,0.5711,0.5567
599.933,1021,ACTIVE_ROUND,3,2,2,53.000,,,s0pp,FUT Esports,chamber,True,100,50,0,4,1,6,False,vandal,rifle,,0.8756,0.5178,xeus,FUT Esports,jett,True,10,50,2,1,0,7,False,vandal,rifle,,0.2678,0.4100,sociablEE,FUT Esports,fade,True,100,25,1,1,0,5,False,vandal,rifle,,0.6056,0.3756,yetujey,FUT Esports,astra,True,100,50,1,0,0,7,True,phantom,rifle,,0.2178,0.3144,KROSTALY,FUT Esports,kayo,True,100,50,1,1,0,6,False,phantom,rifle,,0.3567,0.3678,Chronicle,Team Vitality,chamber,True,100,25,0,7,1,4,False,phantom,rifle,,0.7167,0.6400,Derke,Team Vitality,neon,True,89,27,1,1,0,7,True,phantom,rifle,,0.6156,0.5556,Jamppi,Team Vitality,kayo,True,100,50,1,1,1,1,False,stinger,smg,,0.8000,0.3089,Sayonara,Team Vitality,sova,True,100,50,0,2,0,7,False,vandal,rifle,,0.7911,0.6356,PROFEK,Team Vitality,astra,True,100,50,0,1,0,5,False,phantom,rifle,,0.5711,0.5567
600.416,1022,ACTIVE_ROUND,3,2,2,53.000,,,s0pp,FUT Esports,chamber,True,100,50,0,4,1,6,False,vandal,rifle,,0.8622,0.5000,xeus,FUT Esports,jett,True,10,50,2,1,0,7,False,vandal,rifle,,0.2678,0.4100,sociablEE,FUT Esports,fade,True,100,25,1,1,0,5,False,vandal,rifle,,0.6011,0.3622,yetujey,FUT Esports,astra,True,100,50,1,0,0,7,True,phantom,rifle,,0.2267,0.3144,KROSTALY,FUT Esports,kayo,True,100,50,1,1,0,6,False,phantom,rifle,,0.3700,0.3500,Chronicle,Team Vitality,chamber,True,100,25,0,7,1,4,False,phantom,rifle,,0.7211,0.6489,Derke,Team Vitality,neon,True,89,7,1,1,0,7,True,phantom,rifle,,0.6222,0.5444,Jamppi,Team Vitality,kayo,True,100,50,1,1,1,1,False,stinger,smg,,0.8000,0.3089,Sayonara,Team Vitality,sova,True,100,50,0,2,0,7,False,vandal,rifle,,0.7911,0.6356,PROFEK,Team Vitality,astra,True,100,50,0,1,0,5,False,phantom,rifle,,0.5711,0.5567
600.900,1023,ACTIVE_ROUND,3,2,2,52.000,,,s0pp,FUT Esports,chamber,True,100,50,0,4,1,6,False,vandal,rifle,,0.8622,0.5000,xeus,FUT Esports,jett,True,10,50,2,1,0,7,False,vandal,rifle,,0.2678,0.4100,sociablEE,FUT Esports,fade,True,100,25,1,1,0,5,False,vandal,rifle,,0.5967,0.3489,yetujey,FUT Esports,astra,True,100,50,1,0,0,7,True,phantom,rifle,,0.2356,0.3167,KROSTALY,FUT Esports,kayo,True,100,50,1,1,0,6,False,phantom,rifle,,0.3789,0.3278,Chronicle,Team Vitality,chamber,True,100,25,0,7,1,4,False,phantom,rifle,,0.7211,0.6489,Derke,Team Vitality,neon,True,89,7,1,1,0,7,True,phantom,rifle,,0.6267,0.5333,Jamppi,Team Vitality,kayo,True,100,50,1,1,1,1,False,stinger,smg,,0.8000,0.3089,Sayonara,Team Vitality,sova,True,100,50,0,2,0,7,False,vandal,rifle,,0.7911,0.6356,PROFEK,Team Vitality,astra,True,100,50,0,1,0,5,False,phantom,rifle,,0.4822,0.6233
601.384,1024,ACTIVE_ROUND,3,2,2,52.000,,,s0pp,FUT Esports,chamber,True,100,50,0,4,1,6,False,vandal,rifle,,0.8622,0.5000,xeus,FUT Esports,jett,True,10,50,2,1,0,7,False,vandal,rifle,,0.2678,0.4100,sociablEE,FUT Esports,fade,True,100,25,1,1,0,5,False,vandal,rifle,,0.5944,0.3356,yetujey,FUT Esports,astra,True,100,50,0,0,0,7,True,phantom,rifle,,0.2333,0.3167,KROSTALY,FUT Esports,kayo,True,100,50,1,1,0,6,False,phantom,rifle,,0.8722,0.4589,Chronicle,Team Vitality,chamber,True,100,25,0,7,1,4,False,phantom,rifle,,0.4656,0.5889,Derke,Team Vitality,neon,True,89,7,1,1,0,7,True,phantom,rifle,,0.6400,0.5267,Jamppi,Team Vitality,kayo,True,100,50,1,1,1,1,False,stinger,smg,,0.8000,0.3067,Sayonara,Team Vitality,sova,True,100,50,0,2,0,7,False,vandal,rifle,,0.7911,0.6356,PROFEK,Team Vitality,astra,True,100,50,2,1,0,5,False,phantom,rifle,,0.4844,0.6233
601.868,1025,ACTIVE_ROUND,3,2,2,51.000,,,s0pp,FUT Esports,chamber,True,100,50,0,4,1,6,False,vandal,rifle,,0.8622,0.5000,xeus,FUT Esports,jett,True,10,50,2,1,0,7,False,vandal,rifle,,0.2678,0.4100,sociablEE,FUT Esports,fade,True,100,25,1,1,0,5,False,vandal,rifle,,0.5944,0.3356,yetujey,FUT Esports,astra,True,100,50,0,0,0,7,True,phantom,rifle,,0.2333,0.3167,KROSTALY,FUT Esports,kayo,True,100,50,1,1,0,6,False,phantom,rifle,,0.4011,0.2856,Chronicle,Team Vitality,chamber,True,100,25,0,7,1,4,False,phantom,rifle,,0.6944,0.7933,Derke,Team Vitality,neon,True,89,27,1,1,0,7,True,phantom,rifle,,0.6689,0.5311,Jamppi,Team Vitality,kayo,True,100,50,1,1,1,1,False,stinger,smg,,0.8000,0.3067,Sayonara,Team Vitality,sova,True,100,50,0,2,0,7,False,vandal,rifle,,0.7911,0.6356,PROFEK,Team Vitality,astra,True,100,50,2,1,0,5,False,phantom,rifle,,0.4844,0.6233
602.352,1026,ACTIVE_ROUND,3,2,2,51.000,,,s0pp,FUT Esports,chamber,True,100,50,0,4,1,6,False,vandal,rifle,,0.8622,0.5000,xeus,FUT Esports,jett,True,10,50,2,1,0,7,False,vandal,rifle,,0.2678,0.4100,sociablEE,FUT Esports,fade,True,100,25,1,1,0,5,False,vandal,rifle,,0.5944,0.3356,yetujey,FUT Esports,astra,True,100,50,0,0,0,7,True,phantom,rifle,,0.2333,0.3167,KROSTALY,FUT Esports,kayo,True,100,50,1,1,0,6,False,phantom,rifle,,0.4144,0.2656,Chronicle,Team Vitality,chamber,True,100,25,0,7,1,4,False,phantom,rifle,,0.7211,0.6489,Derke,Team Vitality,neon,True,89,7,1,1,0,7,True,phantom,rifle,,0.6689,0.5311,Jamppi,Team Vitality,kayo,True,100,50,1,1,1,1,False,stinger,smg,,0.8000,0.3067,Sayonara,Team Vitality,sova,True,100,50,0,2,0,7,False,vandal,rifle,,0.7911,0.6356,PROFEK,Team Vitality,astra,True,100,50,2,1,0,5,False,phantom,rifle,,0.4844,0.6233
602.836,1027,ACTIVE_ROUND,3,2,2,50.000,,,s0pp,FUT Esports,chamber,True,100,50,0,4,1,6,False,vandal,rifle,,0.8533,0.4267,xeus,FUT Esports,jett,True,10,50,2,1,0,7,False,vandal,rifle,,0.2678,0.4100,sociablEE,FUT Esports,fade,True,100,25,1,1,0,5,False,vandal,rifle,,0.5944,0.3356,yetujey,FUT Esports,astra,True,100,50,0,0,0,7,True,phantom,rifle,,0.2333,0.3167,KROSTALY,FUT Esports,kayo,True,100,50,1,1,0,6,False,phantom,rifle,,0.4344,0.2544,Chronicle,Team Vitality,chamber,True,100,25,0,7,1,4,False,phantom,rifle,,0.4522,0.9267,Derke,Team Vitality,neon,True,89,27,1,1,0,7,True,phantom,rifle,,0.6689,0.5311,Jamppi,Team Vitality,kayo,True,100,50,1,1,1,1,False,stinger,smg,,0.8000,0.3067,Sayonara,Team Vitality,sova,True,100,50,0,2,0,7,False,vandal,rifle,,0.7911,0.6356,PROFEK,Team Vitality,astra,True,100,50,2,1,0,5,False,phantom,rifle,,0.4844,0.6233
603.319,1028,ACTIVE_ROUND,3,2,2,50.000,,,s0pp,FUT Esports,chamber,True,100,50,0,4,1,6,False,vandal,rifle,,0.8600,0.4178,xeus,FUT Esports,jett,True,10,50,2,1,0,7,False,vandal,rifle,,0.2678,0.4100,sociablEE,FUT Esports,fade,True,100,25,1,1,0,5,False,vandal,rifle,,0.5944,0.3356,yetujey,FUT Esports,astra,True,100,50,0,0,0,7,True,phantom,rifle,,0.2067,0.3233,KROSTALY,FUT Esports,kayo,True,100,50,1,1,0,6,False,phantom,rifle,,0.4567,0.2478,Chronicle,Team Vitality,chamber,True,100,25,0,7,1,4,False,phantom,rifle,,0.8344,0.4667,Derke,Team Vitality,neon,True,89,27,1,1,0,7,True,phantom,rifle,,0.7200,0.5444,Jamppi,Team Vitality,kayo,True,100,50,1,1,1,1,False,stinger,smg,,0.8000,0.3067,Sayonara,Team Vitality,sova,True,100,50,0,2,0,7,False,vandal,rifle,,0.7911,0.6356,PROFEK,Team Vitality,astra,True,100,50,1,1,0,5,False,phantom,rifle,,0.4844,0.6233
603.803,1029,ACTIVE_ROUND,3,2,2,49.000,,,s0pp,FUT Esports,chamber,True,100,50,0,4,1,6,False,vandal,rifle,,0.8689,0.4089,xeus,FUT Esports,jett,True,10,50,2,1,0,7,False,vandal,rifle,,0.2678,0.4100,sociablEE,FUT Esports,fade,True,100,25,1,1,0,5,False,vandal,rifle,,0.5944,0.3356,yetujey,FUT Esports,astra,True,100,50,0,0,0,7,True,phantom,rifle,,0.2044,0.3233,KROSTALY,FUT Esports,kayo,True,100,50,1,1,0,6,False,phantom,rifle,,0.4789,0.2456,Chronicle,Team Vitality,chamber,True,100,25,0,7,1,4,False,phantom,rifle,,0.7211,0.6533,Derke,Team Vitality,neon,True,89,27,1,1,0,7,True,phantom,rifle,,0.7267,0.5289,Jamppi,Team Vitality,kayo,True,100,50,1,1,1,1,False,stinger,smg,,0.8000,0.3067,Sayonara,Team Vitality,sova,True,100,50,0,2,0,7,False,vandal,rifle,,0.7911,0.6356,PROFEK,Team Vitality,astra,True,100,50,1,1,0,5,False,phantom,rifle,,0.4844,0.6233
604.287,1030,ACTIVE_ROUND,3,2,2,49.000,,,s0pp,FUT Esports,chamber,True,100,50,0,4,1,6,False,vandal,rifle,,0.8733,0.4000,xeus,FUT Esports,jett,True,10,50,2,1,0,7,False,vandal,rifle,,0.2678,0.4100,sociablEE,FUT Esports,fade,True,100,25,1,1,0,5,False,vandal,rifle,,0.6122,0.2711,yetujey,FUT Esports,astra,True,100,50,0,0,0,7,True,phantom,rifle,,0.2000,0.3256,KROSTALY,FUT Esports,kayo,True,100,50,1,1,0,6,False,phantom,rifle,,0.5811,0.2922,Chronicle,Team Vitality,chamber,True,100,25,0,7,1,4,False,phantom,rifle,,0.4522,0.9267,Derke,Team Vitality,neon,True,89,27,1,1,0,7,True,phantom,rifle,,0.7178,0.5156,Jamppi,Team Vitality,kayo,True,100,50,1,1,1,1,False,stinger,smg,,0.8000,0.3067,Sayonara,Team Vitality,sova,True,100,50,0,2,0,7,False,vandal,rifle,,0.7911,0.6356,PROFEK,Team Vitality,astra,True,100,50,1,1,0,5,False,phantom,rifle,,0.4844,0.6233
604.771,1031,ACTIVE_ROUND,3,2,2,48.000,,,s0pp,FUT Esports,chamber,True,100,50,0,4,1,6,False,vandal,rifle,,0.8756,0.3956,xeus,FUT Esports,jett,True,10,50,2,1,0,7,False,vandal,rifle,,0.2678,0.4100,sociablEE,FUT Esports,fade,True,100,25,1,1,0,5,False,vandal,rifle,,0.6122,0.2711,yetujey,FUT Esports,astra,True,100,50,0,0,0,7,True,phantom,rifle,,0.2000,0.3256,KROSTALY,FUT Esports,kayo,True,100,50,1,1,0,6,False,phantom,rifle,,0.4633,0.4544,Chronicle,Team Vitality,chamber,True,100,25,0,7,1,4,False,phantom,rifle,,0.6011,0.8867,Derke,Team Vitality,neon,True,89,27,1,1,0,7,True,phantom,rifle,,0.7178,0.5133,Jamppi,Team Vitality,kayo,True,100,50,1,1,1,1,False,stinger,smg,,0.8000,0.3067,Sayonara,Team Vitality,sova,True,100,50,0,2,0,7,False,vandal,rifle,,0.7911,0.6356,PROFEK,Team Vitality,astra,True,100,50,1,1,0,5,False,phantom,rifle,,0.4844,0.6233
605.255,1032,ACTIVE_ROUND,3,2,2,48.000,,,s0pp,FUT Esports,chamber,True,100,50,0,4,1,6,False,vandal,rifle,,0.8800,0.3867,xeus,FUT Esports,jett,True,10,50,2,1,0,7,False,vandal,rifle,,0.2678,0.4100,sociablEE,FUT Esports,fade,True,100,25,1,1,0,5,False,vandal,rifle,,0.6122,0.2711,yetujey,FUT Esports,astra,True,100,50,0,0,0,7,True,phantom,rifle,,0.2222,0.3233,KROSTALY,FUT Esports,kayo,True,100,50,1,1,0,6,False,phantom,rifle,,0.5456,0.2278,Chronicle,Team Vitality,chamber,True,100,25,0,7,1,4,False,phantom,rifle,,0.7211,0.6533,Derke,Team Vitality,neon,True,89,27,1,1,0,7,True,phantom,rifle,,0.7244,0.5000,Jamppi,Team Vitality,kayo,True,100,50,1,1,1,1,False,stinger,smg,,0.8000,0.3067,Sayonara,Team Vitality,sova,True,100,50,0,2,0,7,False,vandal,rifle,,0.7911,0.6356,PROFEK,Team Vitality,astra,True,100,50,0,1,0,5,False,phantom,rifle,,0.4844,0.6233
605.738,1033,ACTIVE_ROUND,3,2,2,47.000,,,s0pp,FUT Esports,chamber,True,100,50,0,4,1,6,False,vandal,rifle,,0.8844,0.3822,xeus,FUT Esports,jett,True,10,50,2,1,0,7,False,vandal,rifle,,0.2678,0.4100,sociablEE,FUT Esports,fade,True,100,25,1,1,0,5,False,vandal,rifle,,0.6122,0.2711,yetujey,FUT Esports,astra,True,100,50,0,0,0,7,True,phantom,rifle,,0.2444,0.3189,KROSTALY,FUT Esports,kayo,True,100,50,1,1,0,6,False,phantom,rifle,,0.5589,0.2078,Chronicle,Team Vitality,chamber,True,100,25,0,7,1,4,False,phantom,rifle,,0.4233,0.6444,Derke,Team Vitality,neon,True,89,27,1,1,0,7,True,phantom,rifle,,0.7222,0.4822,Jamppi,Team Vitality,kayo,True,100,50,1,1,1,1,False,stinger,smg,,0.8000,0.3067,Sayonara,Team Vitality,sova,True,100,50,0,2,0,7,False,vandal,rifle,,0.7911,0.6356,PROFEK,Team Vitality,astra,True,100,50,0,1,0,5,False,phantom,rifle,,0.4844,0.6233
606.222,1034,ACTIVE_ROUND,3,2,2,47.000,,,s0pp,FUT Esports,chamber,True,100,50,0,4,1,6,False,vandal,rifle,,0.8844,0.3822,xeus,FUT Esports,jett,True,10,50,2,1,0,7,False,vandal,rifle,,0.2678,0.4100,sociablEE,FUT Esports,fade,True,100,25,1,1,0,5,False,vandal,rifle,,0.6122,0.2711,yetujey,FUT Esports,astra,True,100,50,0,0,0,7,True,phantom,rifle,,0.2622,0.3189,KROSTALY,FUT Esports,kayo,True,100,50,1,1,0,6,False,phantom,rifle,,0.5722,0.1900,Chronicle,Team Vitality,chamber,True,100,25,0,7,1,4,False,phantom,rifle,,0.7167,0.6444,Derke,Team Vitality,neon,True,89,27,1,1,0,7,True,phantom,rifle,,0.7222,0.4822,Jamppi,Team Vitality,kayo,True,100,50,1,1,1,1,False,stinger,smg,,0.8000,0.3067,Sayonara,Team Vitality,sova,True,100,50,0,2,0,7,False,vandal,rifle,,0.7867,0.6356,PROFEK,Team Vitality,astra,True,100,50,0,1,0,5,False,phantom,rifle,,0.4844,0.6233
606.706,1035,ACTIVE_ROUND,3,2,2,46.000,,,s0pp,FUT Esports,chamber,True,100,50,0,4,1,6,False,vandal,rifle,,0.8844,0.3800,xeus,FUT Esports,jett,True,10,50,2,1,0,7,False,vandal,rifle,,0.2678,0.4100,sociablEE,FUT Esports,fade,True,100,25,1,1,0,5,False,vandal,rifle,,0.6389,0.1956,yetujey,FUT Esports,astra,True,100,50,0,0,0,7,True,phantom,rifle,,0.2756,0.3211,KROSTALY,FUT Esports,kayo,True,100,50,1,1,0,6,False,phantom,rifle,,0.5900,0.1744,Chronicle,Team Vitality,chamber,True,100,25,0,7,1,4,False,phantom,rifle,,0.7167,0.4800,Derke,Team Vitality,neon,True,89,27,1,1,0,7,True,phantom,rifle,,0.7289,0.4578,Jamppi,Team Vitality,kayo,True,100,50,1,1,1,1,False,stinger,smg,,0.7222,0.4000,Sayonara,Team Vitality,sova,True,100,50,0,2,0,7,False,vandal,rifle,,0.7911,0.6200,PROFEK,Team Vitality,astra,True,100,50,0,1,0,5,False,phantom,rifle,,0.4844,0.6233
607.190,1036,ACTIVE_ROUND,3,2,2,46.000,,,s0pp,FUT Esports,chamber,True,100,50,0,4,1,6,False,vandal,rifle,,0.8844,0.3911,xeus,FUT Esports,jett,True,10,50,2,1,0,7,False,vandal,rifle,,0.4811,0.4767,sociablEE,FUT Esports,fade,True,100,25,1,1,0,5,False,vandal,rifle,,0.6567,0.1800,yetujey,FUT Esports,astra,True,100,50,0,0,0,7,True,phantom,rifle,,0.2756,0.3211,KROSTALY,FUT Esports,kayo,True,100,50,1,1,0,6,False,phantom,rifle,,0.6078,0.1611,Chronicle,Team Vitality,chamber,True,100,25,0,7,1,4,False,phantom,rifle,,0.7389,0.6089,Derke,Team Vitality,neon,True,89,27,1,1,0,7,True,phantom,rifle,,0.7289,0.4578,Jamppi,Team Vitality,kayo,True,100,50,1,1,1,1,False,stinger,smg,,0.7222,0.4000,Sayonara,Team Vitality,sova,True,100,50,0,2,0,7,False,vandal,rifle,,0.8044,0.6067,PROFEK,Team Vitality,astra,True,100,50,1,1,0,5,False,phantom,rifle,,0.4844,0.6233
607.674,1037,ACTIVE_ROUND,3,2,2,45.000,,,s0pp,FUT Esports,chamber,True,100,50,0,4,1,6,False,vandal,rifle,,0.8844,0.3911,xeus,FUT Esports,jett,True,10,50,2,1,0,7,False,vandal,rifle,,0.4833,0.4700,sociablEE,FUT Esports,fade,True,100,25,1,1,0,5,False,vandal,rifle,,0.6789,0.1733,yetujey,FUT Esports,astra,True,100,50,0,0,0,7,True,phantom,rifle,,0.2756,0.3211,KROSTALY,FUT Esports,kayo,True,100,50,1,1,0,6,False,phantom,rifle,,0.6300,0.1567,Chronicle,Team Vitality,chamber,True,100,25,0,7,1,4,False,phantom,rifle,,0.7389,0.6089,Derke,Team Vitality,neon,True,89,27,1,1,0,7,True,phantom,rifle,,0.7289,0.4311,Jamppi,Team Vitality,kayo,True,100,50,1,1,1,1,False,stinger,smg,,0.8000,0.3089,Sayonara,Team Vitality,sova,True,100,50,0,2,0,7,False,vandal,rifle,,0.8133,0.6022,PROFEK,Team Vitality,astra,True,100,50,1,1,0,5,False,phantom,rifle,,0.4844,0.6233
608.158,1038,ACTIVE_ROUND,3,2,2,45.000,,,s0pp,FUT Esports,chamber,True,100,50,0,4,1,6,False,vandal,rifle,,0.8844,0.3911,xeus,FUT Esports,jett,True,10,50,2,1,0,7,False,vandal,rifle,,0.4878,0.4633,sociablEE,FUT Esports,fade,True,100,25,1,1,0,5,False,vandal,rifle,,0.7011,0.1689,yetujey,FUT Esports,astra,True,100,50,0,0,0,7,True,phantom,rifle,,0.3044,0.3656,KROSTALY,FUT Esports,kayo,True,100,50,1,1,0,6,False,phantom,rifle,,0.4633,0.4544,Chronicle,Team Vitality,chamber,True,100,25,0,7,1,4,False,phantom,rifle,,0.4656,0.6000,Derke,Team Vitality,neon,True,89,27,1,1,0,7,True,phantom,rifle,,0.7289,0.4222,Jamppi,Team Vitality,kayo,True,100,50,1,1,1,1,False,stinger,smg,,0.7333,0.3889,Sayonara,Team Vitality,sova,True,100,50,0,2,0,7,False,vandal,rifle,,0.8244,0.6044,PROFEK,Team Vitality,astra,True,100,50,1,1,0,5,False,phantom,rifle,,0.4844,0.6233
608.641,1039,ACTIVE_ROUND,3,2,2,44.000,,,s0pp,FUT Esports,chamber,True,100,50,0,4,1,6,False,vandal,rifle,,0.8867,0.3778,xeus,FUT Esports,jett,True,10,50,2,1,0,7,False,vandal,rifle,,0.4900,0.4522,sociablEE,FUT Esports,fade,True,100,25,1,1,0,5,False,vandal,rifle,,0.7256,0.1667,yetujey,FUT Esports,astra,True,100,50,0,0,0,7,True,phantom,rifle,,0.3244,0.3767,KROSTALY,FUT Esports,kayo,True,100,50,1,1,0,6,False,phantom,rifle,,0.6767,0.1500,Chronicle,Team Vitality,chamber,True,100,25,0,7,1,4,False,phantom,rifle,,0.4656,0.6000,Derke,Team Vitality,neon,True,89,27,1,1,0,7,True,phantom,rifle,,0.7244,0.4133,Jamppi,Team Vitality,kayo,True,100,50,1,1,1,1,False,stinger,smg,,0.7333,0.3889,Sayonara,Team Vitality,sova,True,100,50,0,2,0,7,False,vandal,rifle,,0.8333,0.6133,PROFEK,Team Vitality,astra,True,100,50,1,1,0,5,False,phantom,rifle,,0.6800,0.5278
609.125,1040,ACTIVE_ROUND,3,2,2,44.000,,,s0pp,FUT Esports,chamber,True,100,50,0,4,1,6,False,vandal,rifle,,0.8867,0.3778,xeus,FUT Esports,jett,True,10,50,2,1,0,7,False,vandal,rifle,,0.4900,0.4456,sociablEE,FUT Esports,fade,True,100,25,1,1,0,5,False,vandal,rifle,,0.7478,0.1689,yetujey,FUT Esports,astra,True,100,50,0,0,0,7,True,phantom,rifle,,0.3444,0.3744,KROSTALY,FUT Esports,kayo,True,100,50,1,1,0,6,False,phantom,rifle,,0.4678,0.4367,Chronicle,Team Vitality,chamber,True,100,25,0,7,1,4,False,phantom,rifle,,0.4656,0.6000,Derke,Team Vitality,neon,True,89,27,1,1,0,7,True,phantom,rifle,,0.7178,0.4022,Jamppi,Team Vitality,kayo,True,100,50,1,1,1,1,False,stinger,smg,,0.7333,0.3889,Sayonara,Team Vitality,sova,True,100,50,0,2,0,7,False,vandal,rifle,,0.8333,0.6133,PROFEK,Team Vitality,astra,True,100,50,1,1,0,5,False,phantom,rifle,,0.6800,0.5278
609.609,1041,ACTIVE_ROUND,3,2,2,43.000,,,s0pp,FUT Esports,chamber,True,100,50,0,4,1,6,False,vandal,rifle,,0.8867,0.3822,xeus,FUT Esports,jett,True,10,50,2,1,0,7,False,vandal,rifle,,0.4878,0.4367,sociablEE,FUT Esports,fade,True,100,25,1,1,0,5,False,vandal,rifle,,0.7478,0.1689,yetujey,FUT Esports,astra,True,100,50,0,0,0,7,True,phantom,rifle,,0.3622,0.3611,KROSTALY,FUT Esports,kayo,True,100,50,1,1,0,6,False,phantom,rifle,,0.4633,0.4300,Chronicle,Team Vitality,chamber,True,100,25,0,7,1,4,False,phantom,rifle,,0.4656,0.6000,Derke,Team Vitality,neon,True,89,27,1,1,0,7,True,phantom,rifle,,0.7200,0.4000,Jamppi,Team Vitality,kayo,True,100,50,1,1,1,1,False,stinger,smg,,0.7333,0.3889,Sayonara,Team Vitality,sova,True,100,50,0,2,0,7,False,vandal,rifle,,0.8356,0.6133,PROFEK,Team Vitality,astra,True,100,50,1,1,0,5,False,phantom,rifle,,0.6800,0.5278
610.093,1042,ACTIVE_ROUND,3,2,2,43.000,,,s0pp,FUT Esports,chamber,True,100,50,0,4,1,6,False,vandal,rifle,,0.8867,0.3867,xeus,FUT Esports,jett,True,10,50,2,1,0,7,False,vandal,rifle,,0.4900,0.4278,sociablEE,FUT Esports,fade,True,100,25,1,1,0,5,False,vandal,rifle,,0.7478,0.1689,yetujey,FUT Esports,astra,True,100,50,0,0,0,7,True,phantom,rifle,,0.3733,0.3389,KROSTALY,FUT Esports,kayo,True,100,50,1,1,0,6,False,phantom,rifle,,0.4656,0.4211,Chronicle,Team Vitality,chamber,True,100,25,0,7,1,4,False,phantom,rifle,,0.4656,0.6000,Derke,Team Vitality,neon,True,89,27,1,1,0,7,True,phantom,rifle,,0.7200,0.4000,Jamppi,Team Vitality,kayo,True,100,50,1,1,1,1,False,stinger,smg,,0.7333,0.3889,Sayonara,Team Vitality,sova,True,100,50,0,2,0,7,False,vandal,rifle,,0.8289,0.6067,PROFEK,Team Vitality,astra,True,100,50,1,1,0,5,False,phantom,rifle,,0.6800,0.5278
610.577,1043,ACTIVE_ROUND,3,2,2,42.000,,,s0pp,FUT Esports,chamber,True,100,50,0,4,1,6,False,vandal,rifle,,0.8889,0.3889,xeus,FUT Esports,jett,True,10,50,2,1,0,7,False,vandal,rifle,,0.4944,0.4189,sociablEE,FUT Esports,fade,True,100,25,1,1,0,5,False,vandal,rifle,,0.8122,0.1889,yetujey,FUT Esports,astra,True,100,50,0,0,0,7,True,phantom,rifle,,0.3822,0.3189,KROSTALY,FUT Esports,kayo,True,100,50,1,1,0,6,False,phantom,rifle,,0.7589,0.1500,Chronicle,Team Vitality,chamber,True,100,25,0,7,1,4,False,phantom,rifle,,0.4656,0.6000,Derke,Team Vitality,neon,True,89,27,1,1,0,7,True,phantom,rifle,,0.7178,0.3889,Jamppi,Team Vitality,kayo,True,100,50,1,1,1,1,False,stinger,smg,,0.7333,0.3889,Sayonara,Team Vitality,sova,True,100,50,0,2,0,7,False,vandal,rifle,,0.8267,0.6089,PROFEK,Team Vitality,astra,True,100,50,1,1,0,5,False,phantom,rifle,,0.6800,0.5278
611.060,1044,ACTIVE_ROUND,3,2,2,42.000,,,s0pp,FUT Esports,chamber,True,100,50,0,4,1,6,False,vandal,rifle,,0.8889,0.3889,xeus,FUT Esports,jett,True,10,50,2,1,0,7,False,vandal,rifle,,0.4944,0.4189,sociablEE,FUT Esports,fade,True,100,25,1,1,0,5,False,vandal,rifle,,0.8122,0.1889,yetujey,FUT Esports,astra,True,100,50,0,0,0,7,True,phantom,rifle,,0.3822,0.3189,KROSTALY,FUT Esports,kayo,True,100,50,1,1,0,6,False,phantom,rifle,,0.4811,0.3967,Chronicle,Team Vitality,chamber,True,100,25,0,7,1,4,False,phantom,rifle,,0.7878,0.6000,Derke,Team Vitality,neon,True,89,27,1,1,0,7,True,phantom,rifle,,0.7178,0.3889,Jamppi,Team Vitality,kayo,True,100,50,1,0,1,1,False,stinger,smg,,0.7333,0.3889,Sayonara,Team Vitality,sova,True,100,50,0,2,0,7,False,vandal,rifle,,0.8267,0.6089,PROFEK,Team Vitality,astra,True,100,50,1,1,0,5,False,phantom,rifle,,0.6800,0.5278
611.544,1045,ACTIVE_ROUND,3,2,2,41.000,,,s0pp,FUT Esports,chamber,True,100,50,0,4,1,6,False,vandal,rifle,,0.8889,0.3889,xeus,FUT Esports,jett,True,10,50,2,1,0,7,False,vandal,rifle,,0.8144,0.1722,sociablEE,FUT Esports,fade,True,100,25,1,1,0,5,False,vandal,rifle,,0.8122,0.1889,yetujey,FUT Esports,astra,True,100,50,0,0,0,7,True,phantom,rifle,,0.3822,0.3189,KROSTALY,FUT Esports,kayo,True,100,50,1,1,0,6,False,phantom,rifle,,0.4900,0.3944,Chronicle,Team Vitality,chamber,True,100,25,0,7,1,4,False,phantom,rifle,,0.7878,0.6000,Derke,Team Vitality,neon,True,89,27,1,1,0,7,True,phantom,rifle,,0.7178,0.3889,Jamppi,Team Vitality,kayo,True,100,50,1,0,1,1,False,stinger,smg,,0.7333,0.3889,Sayonara,Team Vitality,sova,True,100,50,0,2,0,7,False,vandal,rifle,,0.8267,0.6089,PROFEK,Team Vitality,astra,True,100,50,1,1,0,5,False,phantom,rifle,,0.6800,0.5278
612.028,1046,ACTIVE_ROUND,3,2,2,41.000,,,s0pp,FUT Esports,chamber,True,100,50,0,4,1,6,False,vandal,rifle,,0.8889,0.3889,xeus,FUT Esports,jett,True,10,50,2,1,0,7,False,vandal,rifle,,0.4300,0.2922,sociablEE,FUT Esports,fade,True,100,25,1,1,0,5,False,vandal,rifle,,0.8122,0.1889,yetujey,FUT Esports,astra,True,100,50,0,0,0,7,True,phantom,rifle,,0.3822,0.3189,KROSTALY,FUT Esports,kayo,True,100,50,1,1,0,6,False,phantom,rifle,,0.4989,0.3833,Chronicle,Team Vitality,chamber,True,100,25,0,7,1,4,False,phantom,rifle,,0.7878,0.6000,Derke,Team Vitality,neon,True,89,27,1,1,0,7,True,phantom,rifle,,0.7178,0.3889,Jamppi,Team Vitality,kayo,True,100,50,1,0,1,1,False,stinger,smg,,0.7333,0.3889,Sayonara,Team Vitality,sova,True,100,50,0,2,0,7,False,vandal,rifle,,0.8267,0.6089,PROFEK,Team Vitality,astra,True,100,50,1,1,0,5,False,phantom,rifle,,0.6800,0.5278
612.512,1047,ACTIVE_ROUND,3,2,2,40.000,,,s0pp,FUT Esports,chamber,True,83,15,0,4,1,6,False,vandal,rifle,,0.8889,0.3889,xeus,FUT Esports,jett,True,10,50,2,1,0,7,False,vandal,rifle,,0.5656,0.3811,sociablEE,FUT Esports,fade,True,100,25,1,1,0,5,False,vandal,rifle,,0.8122,0.1889,yetujey,FUT Esports,astra,True,100,50,0,0,0,7,True,phantom,rifle,,0.3978,0.2900,KROSTALY,FUT Esports,kayo,True,100,50,1,1,0,6,False,phantom,rifle,,0.5078,0.3811,Chronicle,Team Vitality,chamber,True,100,25,0,7,1,4,False,phantom,rifle,,0.6856,0.3622,Derke,Team Vitality,neon,True,89,27,1,1,0,7,True,phantom,rifle,,0.8133,0.3578,Jamppi,Team Vitality,kayo,True,70,50,1,0,1,1,False,stinger,smg,,0.7333,0.3889,Sayonara,Team Vitality,sova,True,100,50,0,2,0,7,False,vandal,rifle,,0.8267,0.6089,PROFEK,Team Vitality,astra,True,100,50,1,1,0,5,False,phantom,rifle,,0.6800,0.5278
612.996,1048,ACTIVE_ROUND,3,2,2,40.000,,,s0pp,FUT Esports,chamber,True,83,15,0,4,0,6,False,vandal,rifle,,0.8889,0.3889,xeus,FUT Esports,jett,True,10,50,2,1,0,7,False,vandal,rifle,,0.5656,0.3811,sociablEE,FUT Esports,fade,True,100,25,1,1,0,5,False,vandal,rifle,,0.8122,0.1889,yetujey,FUT Esports,astra,True,100,50,0,0,0,7,True,phantom,rifle,,0.4000,0.2900,KROSTALY,FUT Esports,kayo,True,100,50,1,1,0,6,False,phantom,rifle,,0.8811,0.3167,Chronicle,Team Vitality,chamber,True,100,25,0,7,1,4,False,phantom,rifle,,0.7033,0.3733,Derke,Team Vitality,neon,True,89,27,1,1,1,7,True,phantom,rifle,,0.8133,0.3578,Jamppi,Team Vitality,kayo,True,70,50,1,0,1,1,False,stinger,smg,,0.7333,0.3889,Sayonara,Team Vitality,sova,True,100,50,0,2,0,7,False,vandal,rifle,,0.8267,0.6089,PROFEK,Team Vitality,astra,True,100,50,1,1,0,5,False,phantom,rifle,,0.6800,0.5278
613.480,1049,ACTIVE_ROUND,3,2,2,40.000,,,s0pp,FUT Esports,chamber,True,83,15,0,4,0,6,False,vandal,rifle,,0.9200,0.3267,xeus,FUT Esports,jett,True,10,50,2,1,0,7,False,vandal,rifle,,0.5500,0.3811,sociablEE,FUT Esports,fade,True,100,25,1,1,0,5,False,vandal,rifle,,0.8122,0.1889,yetujey,FUT Esports,astra,True,100,50,0,0,0,7,True,phantom,rifle,,0.4000,0.2900,KROSTALY,FUT Esports,kayo,True,100,50,1,1,0,6,False,phantom,rifle,,0.8433,0.2100,Chronicle,Team Vitality,chamber,True,100,25,0,7,1,4,False,phantom,rifle,,0.6056,0.5378,Derke,Team Vitality,neon,True,89,27,1,1,1,7,True,phantom,rifle,,0.8133,0.3578,Jamppi,Team Vitality,kayo,True,70,50,1,0,1,1,False,stinger,smg,,0.7333,0.3889,Sayonara,Team Vitality,sova,True,100,50,0,2,0,7,False,vandal,rifle,,0.8267,0.6089,PROFEK,Team Vitality,astra,True,100,50,1,1,0,5,False,phantom,rifle,,0.6800,0.5278
613.963,1050,ACTIVE_ROUND,3,2,2,39.000,,,s0pp,FUT Esports,chamber,True,83,15,0,4,0,6,False,vandal,rifle,,0.9200,0.3267,xeus,FUT Esports,jett,True,10,50,2,1,0,7,False,vandal,rifle,,0.9100,0.3078,sociablEE,FUT Esports,fade,True,100,25,1,1,0,5,False,vandal,rifle,,0.8122,0.1889,yetujey,FUT Esports,astra,True,100,50,0,0,0,7,True,phantom,rifle,,0.4000,0.2900,KROSTALY,FUT Esports,kayo,True,100,50,1,1,0,6,False,phantom,rifle,,0.5389,0.3767,Chronicle,Team Vitality,chamber,True,100,25,0,7,1,4,False,phantom,rifle,,0.5833,0.6933,Derke,Team Vitality,neon,True,89,27,1,1,1,7,True,phantom,rifle,,0.8133,0.3578,Jamppi,Team Vitality,kayo,True,70,50,1,0,1,1,False,stinger,smg,,0.7333,0.3889,Sayonara,Team Vitality,sova,True,100,50,0,2,0,7,False,vandal,rifle,,0.8267,0.6089,PROFEK,Team Vitality,astra,True,100,50,1,1,0,5,False,phantom,rifle,,0.6800,0.5278
614.447,1051,ACTIVE_ROUND,3,2,2,39.000,,,s0pp,FUT Esports,chamber,True,83,15,0,4,0,6,False,vandal,rifle,,0.9133,0.3067,xeus,FUT Esports,jett,True,10,50,2,1,0,7,False,vandal,rifle,,0.4878,0.2633,sociablEE,FUT Esports,fade,True,100,25,1,1,0,5,False,vandal,rifle,,0.8122,0.1889,yetujey,FUT Esports,astra,True,100,50,0,0,0,7,True,phantom,rifle,,0.4000,0.2900,KROSTALY,FUT Esports,kayo,True,100,50,1,1,0,6,False,phantom,rifle,,0.4456,0.2744,Chronicle,Team Vitality,chamber,True,100,25,0,7,1,4,False,phantom,rifle,,0.6811,0.3778,Derke,Team Vitality,neon,True,89,27,1,1,1,7,True,phantom,rifle,,0.8956,0.3800,Jamppi,Team Vitality,kayo,True,70,50,1,0,1,1,False,stinger,smg,,0.7333,0.3889,Sayonara,Team Vitality,sova,True,100,50,0,2,0,7,False,vandal,rifle,,0.9022,0.5889,PROFEK,Team Vitality,astra,True,100,50,1,1,0,5,False,phantom,rifle,,0.6800,0.5278
614.931,1052,ACTIVE_ROUND,3,2,2,38.000,,,s0pp,FUT Esports,chamber,True,83,15,0,4,0,6,False,vandal,rifle,,0.9133,0.3067,xeus,FUT Esports,jett,True,10,50,2,1,0,7,False,vandal,rifle,,0.5833,0.3833,sociablEE,FUT Esports,fade,True,100,25,1,1,0,5,False,vandal,rifle,,0.8122,0.1889,yetujey,FUT Esports,astra,True,100,50,0,0,0,0,False,phantom,rifle,,0.4644,0.2656,KROSTALY,FUT Esports,kayo,True,100,50,1,0,0,6,False,phantom,rifle,,0.5922,0.4189,Chronicle,Team Vitality,chamber,True,100,25,0,7,1,4,False,phantom,rifle,,0.7544,0.3622,Derke,Team Vitality,neon,True,89,27,1,1,1,7,True,classic,sidearm,,0.8689,0.3756,Jamppi,Team Vitality,kayo,True,70,50,1,0,0,1,False,stinger,smg,,0.8044,0.3889,Sayonara,Team Vitality,sova,True,100,50,0,2,0,7,False,vandal,rifle,,0.9156,0.5756,PROFEK,Team Vitality,astra,True,100,50,1,1,0,5,False,phantom,rifle,,0.5444,0.6011
615.415,1053,ACTIVE_ROUND,3,2,2,38.000,,,s0pp,FUT Esports,chamber,True,83,15,0,4,0,6,False,vandal,rifle,,0.9133,0.3000,xeus,FUT Esports,jett,True,10,50,2,1,0,7,False,vandal,rifle,,0.5900,0.3856,sociablEE,FUT Esports,fade,True,100,25,1,1,0,5,False,vandal,rifle,,0.8122,0.1889,yetujey,FUT Esports,astra,True,100,50,0,0,0,0,False,phantom,rifle,,0.4889,0.2567,KROSTALY,FUT Esports,kayo,True,100,50,1,0,0,6,False,phantom,rifle,,0.5922,0.4189,Chronicle,Team Vitality,chamber,True,100,25,0,7,1,4,False,phantom,rifle,,0.7567,0.3689,Derke,Team Vitality,neon,True,89,27,1,1,1,7,True,classic,sidearm,,0.8889,0.3822,Jamppi,Team Vitality,kayo,True,70,50,1,0,0,1,False,stinger,smg,,0.8689,0.2333,Sayonara,Team Vitality,sova,True,100,50,0,2,0,7,False,vandal,rifle,,0.9178,0.5556,PROFEK,Team Vitality,astra,True,100,50,1,1,0,5,False,phantom,rifle,,0.5444,0.6011
615.899,1054,ACTIVE_ROUND,3,2,2,37.000,,,s0pp,FUT Esports,chamber,True,83,15,0,4,0,6,False,vandal,rifle,,0.9133,0.2978,xeus,FUT Esports,jett,True,10,50,2,1,0,7,False,vandal,rifle,,0.5989,0.3833,sociablEE,FUT Esports,fade,True,100,25,1,1,0,5,False,vandal,rifle,,0.8122,0.1889,yetujey,FUT Esports,astra,True,100,50,0,0,0,0,False,phantom,rifle,,0.4889,0.2567,KROSTALY,FUT Esports,kayo,True,100,50,1,0,0,6,False,phantom,rifle,,0.8500,0.3033,Chronicle,Team Vitality,chamber,True,100,25,0,7,1,4,False,phantom,rifle,,0.8411,0.5356,Derke,Team Vitality,neon,True,89,27,1,1,1,7,True,classic,sidearm,,0.8889,0.3822,Jamppi,Team Vitality,kayo,True,70,50,1,0,0,1,False,stinger,smg,,0.8689,0.2333,Sayonara,Team Vitality,sova,True,100,50,0,2,0,7,False,vandal,rifle,,0.9067,0.5422,PROFEK,Team Vitality,astra,True,100,50,1,1,0,5,False,phantom,rifle,,0.5444,0.6011
616.382,1055,ACTIVE_ROUND,3,2,2,37.000,,,s0pp,FUT Esports,chamber,True,83,15,0,4,0,6,False,vandal,rifle,,0.9133,0.3022,xeus,FUT Esports,jett,True,10,50,2,1,0,7,False,vandal,rifle,,0.6033,0.3922,sociablEE,FUT Esports,fade,True,100,25,1,1,0,5,False,vandal,rifle,,0.8122,0.1889,yetujey,FUT Esports,astra,True,100,50,0,0,0,0,False,phantom,rifle,,0.4889,0.2567,KROSTALY,FUT Esports,kayo,True,100,50,1,0,0,6,False,phantom,rifle,,0.8678,0.2411,Chronicle,Team Vitality,chamber,True,100,25,0,7,1,4,False,phantom,rifle,,0.7722,0.3778,Derke,Team Vitality,neon,True,89,27,1,1,1,7,True,classic,sidearm,,0.9111,0.4067,Jamppi,Team Vitality,kayo,True,70,50,1,0,0,1,False,stinger,smg,,0.8378,0.4089,Sayonara,Team Vitality,sova,True,100,50,0,2,0,7,False,vandal,rifle,,0.9067,0.5422,PROFEK,Team Vitality,astra,True,100,50,1,1,0,5,False,phantom,rifle,,0.6778,0.5300
616.866,1056,ACTIVE_ROUND,3,2,2,36.000,,,s0pp,FUT Esports,chamber,True,83,15,0,4,0,6,False,vandal,rifle,,0.9089,0.3089,xeus,FUT Esports,jett,True,10,50,2,1,0,7,False,vandal,rifle,,0.6033,0.3922,sociablEE,FUT Esports,fade,True,100,25,1,1,0,5,False,vandal,rifle,,0.9078,0.2533,yetujey,FUT Esports,astra,True,100,50,0,0,0,0,False,phantom,rifle,,0.5467,0.2278,KROSTALY,FUT Esports,kayo,True,100,50,1,0,0,6,False,phantom,rifle,,0.8633,0.2522,Chronicle,Team Vitality,chamber,True,100,25,0,7,1,4,False,phantom,rifle,,0.7700,0.3800,Derke,Team Vitality,neon,True,89,27,1,0,1,7,True,phantom,rifle,,0.9156,0.3956,Jamppi,Team Vitality,kayo,True,70,50,0,0,0,1,False,stinger,smg,,0.8689,0.2533,Sayonara,Team Vitality,sova,True,100,50,0,2,1,7,False,vandal,rifle,,0.9067,0.5422,PROFEK,Team Vitality,astra,True,100,50,1,1,0,5,False,phantom,rifle,,0.8467,0.2922
617.350,1057,ACTIVE_ROUND,3,2,2,36.000,,,s0pp,FUT Esports,chamber,True,83,15,0,4,0,6,False,vandal,rifle,,0.9089,0.3067,xeus,FUT Esports,jett,True,10,50,2,1,0,7,False,vandal,rifle,,0.6033,0.3922,sociablEE,FUT Esports,fade,True,100,25,1,1,0,5,False,vandal,rifle,,0.9122,0.2600,yetujey,FUT Esports,astra,True,100,50,0,0,0,0,False,phantom,rifle,,0.5467,0.2278,KROSTALY,FUT Esports,kayo,True,100,50,1,0,0,6,False,phantom,rifle,,0.8678,0.2522,Chronicle,Team Vitality,chamber,True,100,25,0,7,1,4,False,phantom,rifle,,0.6989,0.3867,Derke,Team Vitality,neon,True,89,27,1,0,1,7,True,phantom,rifle,,0.9133,0.3844,Jamppi,Team Vitality,kayo,True,70,50,0,0,0,1,False,stinger,smg,,0.8689,0.2533,Sayonara,Team Vitality,sova,True,100,50,0,2,1,7,False,vandal,rifle,,0.9067,0.5422,PROFEK,Team Vitality,astra,True,100,50,1,1,0,5,False,phantom,rifle,,0.8467,0.2922
617.834,1058,ACTIVE_ROUND,3,2,2,35.000,,,s0pp,FUT Esports,chamber,True,83,15,0,4,0,6,False,vandal,rifle,,0.9022,0.2978,xeus,FUT Esports,jett,True,10,50,2,1,0,7,False,vandal,rifle,,0.6033,0.3922,sociablEE,FUT Esports,fade,True,100,25,1,1,0,5,False,vandal,rifle,,0.9144,0.2622,yetujey,FUT Esports,astra,True,100,50,0,0,0,0,False,phantom,rifle,,0.5667,0.2189,KROSTALY,FUT Esports,kayo,True,100,50,1,0,0,6,False,phantom,rifle,,0.8678,0.2522,Chronicle,Team Vitality,chamber,True,100,25,0,7,1,4,False,phantom,rifle,,0.6944,0.3911,Derke,Team Vitality,neon,True,89,27,1,0,1,7,True,phantom,rifle,,0.9133,0.3844,Jamppi,Team Vitality,kayo,True,70,50,0,0,0,1,False,stinger,smg,,0.8689,0.2533,Sayonara,Team Vitality,sova,True,100,50,0,2,1,7,False,vandal,rifle,,0.8556,0.5000,PROFEK,Team Vitality,astra,True,100,50,1,1,0,5,False,phantom,rifle,,0.8467,0.2922
618.318,1059,ACTIVE_ROUND,3,2,2,35.000,,,s0pp,FUT Esports,chamber,True,58,15,0,4,0,6,False,vandal,rifle,,0.9044,0.2978,xeus,FUT Esports,jett,True,10,50,2,1,0,7,False,vandal,rifle,,0.6033,0.3922,sociablEE,FUT Esports,fade,True,92,25,1,1,0,5,False,vandal,rifle,,0.9189,0.2644,yetujey,FUT Esports,astra,True,100,50,0,0,0,0,False,phantom,rifle,,0.5667,0.2189,KROSTALY,FUT Esports,kayo,True,100,50,1,0,0,6,False,phantom,rifle,,0.8656,0.2500,Chronicle,Team Vitality,chamber,True,100,25,0,7,1,4,False,phantom,rifle,,0.5789,0.4467,Derke,Team Vitality,neon,True,89,27,1,0,1,7,True,phantom,rifle,,0.9089,0.3911,Jamppi,Team Vitality,kayo,True,70,50,0,0,0,1,False,stinger,smg,,0.8689,0.2533,Sayonara,Team Vitality,sova,True,100,50,0,2,1,7,False,vandal,rifle,,0.8556,0.5000,PROFEK,Team Vitality,astra,True,100,50,1,1,0,5,False,phantom,rifle,,0.6778,0.5278
618.802,1060,ACTIVE_ROUND,3,2,2,34.000,,,s0pp,FUT Esports,chamber,True,58,15,0,4,0,6,False,vandal,rifle,,0.9133,0.3000,xeus,FUT Esports,jett,True,10,50,2,1,0,7,False,vandal,rifle,,0.6033,0.3922,sociablEE,FUT Esports,fade,True,92,25,1,1,0,5,False,vandal,rifle,,0.9211,0.2667,yetujey,FUT Esports,astra,True,100,50,0,0,0,0,False,phantom,rifle,,0.5844,0.2078,KROSTALY,FUT Esports,kayo,True,100,50,1,0,0,6,False,phantom,rifle,,0.8656,0.2478,Chronicle,Team Vitality,chamber,True,100,25,0,7,1,4,False,phantom,rifle,,0.6678,0.3933,Derke,Team Vitality,neon,True,89,27,1,0,1,7,True,phantom,rifle,,0.9156,0.4000,Jamppi,Team Vitality,kayo,True,70,50,0,0,0,1,False,stinger,smg,,0.8689,0.2533,Sayonara,Team Vitality,sova,True,100,50,0,2,1,7,False,vandal,rifle,,0.8556,0.5000,PROFEK,Team Vitality,astra,True,100,50,2,1,0,5,False,phantom,rifle,,0.6778,0.5278
619.285,1061,ACTIVE_ROUND,3,2,2,34.000,,,s0pp,FUT Esports,chamber,True,58,15,0,4,0,6,False,vandal,rifle,,0.9133,0.2978,xeus,FUT Esports,jett,True,10,50,2,1,0,7,False,vandal,rifle,,0.6144,0.4389,sociablEE,FUT Esports,fade,True,92,25,1,1,0,5,False,vandal,rifle,,0.9167,0.2556,yetujey,FUT Esports,astra,True,100,50,0,0,0,0,False,phantom,rifle,,0.5844,0.2033,KROSTALY,FUT Esports,kayo,True,100,50,1,0,0,6,False,phantom,rifle,,0.8589,0.2411,Chronicle,Team Vitality,chamber,True,100,25,0,7,1,4,False,phantom,rifle,,0.6589,0.3867,Derke,Team Vitality,neon,True,89,27,1,0,1,7,True,phantom,rifle,,0.9067,0.3933,Jamppi,Team Vitality,kayo,True,70,50,0,0,0,1,False,stinger,smg,,0.8689,0.2533,Sayonara,Team Vitality,sova,True,100,50,0,2,1,7,False,vandal,rifle,,0.8556,0.5000,PROFEK,Team Vitality,astra,True,100,50,2,1,0,5,False,phantom,rifle,,0.6778,0.5278
619.769,1062,ACTIVE_ROUND,3,2,2,33.000,,,s0pp,FUT Esports,chamber,True,58,15,0,4,0,6,False,vandal,rifle,,0.9133,0.2978,xeus,FUT Esports,jett,True,10,50,2,1,0,7,False,vandal,rifle,,0.6144,0.4433,sociablEE,FUT Esports,fade,True,92,25,1,1,0,5,False,vandal,rifle,,0.9033,0.2444,yetujey,FUT Esports,astra,True,100,50,0,0,0,0,False,phantom,rifle,,0.5867,0.2056,KROSTALY,FUT Esports,kayo,True,100,50,1,0,0,6,False,phantom,rifle,,0.8633,0.2367,Chronicle,Team Vitality,chamber,True,100,25,0,7,1,4,False,phantom,rifle,,0.5789,0.4467,Derke,Team Vitality,neon,True,89,27,1,0,1,7,True,phantom,rifle,,0.8911,0.3956,Jamppi,Team Vitality,kayo,True,70,50,0,0,0,1,False,stinger,smg,,0.8689,0.2533,Sayonara,Team Vitality,sova,True,100,50,0,2,1,7,False,vandal,rifle,,0.8556,0.5000,PROFEK,Team Vitality,astra,True,100,50,2,1,0,5,False,phantom,rifle,,0.5333,0.4967
620.253,1063,ACTIVE_ROUND,3,2,2,33.000,,,s0pp,FUT Esports,chamber,True,58,15,0,4,0,6,False,vandal,rifle,,0.9133,0.2978,xeus,FUT Esports,jett,True,10,50,2,1,0,7,False,vandal,rifle,,0.6144,0.4433,sociablEE,FUT Esports,fade,True,92,25,1,1,0,5,False,vandal,rifle,,0.9033,0.2444,yetujey,FUT Esports,astra,True,100,50,0,0,0,0,False,phantom,rifle,,0.5867,0.2056,KROSTALY,FUT Esports,kayo,True,100,50,1,0,0,6,False,phantom,rifle,,0.8633,0.2367,Chronicle,Team Vitality,chamber,True,100,25,0,7,1,4,False,phantom,rifle,,0.4522,0.9267,Derke,Team Vitality,neon,True,65,27,1,0,1,7,True,phantom,rifle,,0.8956,0.3956,Jamppi,Team Vitality,kayo,True,70,50,0,0,0,1,False,stinger,smg,,0.8689,0.2533,Sayonara,Team Vitality,sova,True,100,50,0,2,1,7,False,vandal,rifle,,0.8556,0.5000,PROFEK,Team Vitality,astra,True,100,50,2,1,0,5,False,phantom,rifle,,0.5333,0.4967
620.737,1064,ACTIVE_ROUND,3,2,2,32.000,,,s0pp,FUT Esports,chamber,True,58,15,0,4,0,6,False,vandal,rifle,,0.9133,0.2956,xeus,FUT Esports,jett,True,10,50,2,1,0,7,False,vandal,rifle,,0.6700,0.4433,sociablEE,FUT Esports,fade,True,92,25,1,1,1,5,False,vandal,rifle,,0.9033,0.2444,yetujey,FUT Esports,astra,True,100,50,0,0,0,0,False,phantom,rifle,,0.5867,0.2033,KROSTALY,FUT Esports,kayo,True,100,50,1,0,0,6,False,phantom,rifle,,0.8633,0.2367,Chronicle,Team Vitality,chamber,True,100,25,0,7,1,4,False,phantom,rifle,,0.4522,0.9267,Derke,Team Vitality,neon,True,65,27,1,0,1,7,True,phantom,rifle,,0.9022,0.3933,Jamppi,Team Vitality,kayo,True,70,50,0,0,0,1,False,stinger,smg,,0.8689,0.2533,Sayonara,Team Vitality,sova,True,100,50,0,2,1,7,False,vandal,rifle,,0.8556,0.5000,PROFEK,Team Vitality,astra,True,100,50,1,1,0,5,False,phantom,rifle,,0.5333,0.4967
621.221,1065,ACTIVE_ROUND,3,2,2,32.000,,,s0pp,FUT Esports,chamber,True,58,15,0,4,0,6,False,vandal,rifle,,0.9133,0.2956,xeus,FUT Esports,jett,True,10,50,2,1,0,7,False,vandal,rifle,,0.6389,0.4456,sociablEE,FUT Esports,fade,True,92,25,1,1,1,5,False,vandal,rifle,,0.9033,0.2444,yetujey,FUT Esports,astra,True,100,50,0,0,0,0,False,phantom,rifle,,0.5867,0.2078,KROSTALY,FUT Esports,kayo,True,100,50,1,0,0,6,False,phantom,rifle,,0.8544,0.2300,Chronicle,Team Vitality,chamber,True,100,25,0,7,1,4,False,phantom,rifle,,0.5300,0.2200,Derke,Team Vitality,neon,True,65,27,1,0,1,7,True,phantom,rifle,,0.9133,0.3933,Jamppi,Team Vitality,kayo,True,70,50,0,0,0,1,False,stinger,smg,,0.8689,0.2533,Sayonara,Team Vitality,sova,True,100,50,0,2,1,7,False,vandal,rifle,,0.8556,0.5000,PROFEK,Team Vitality,astra,True,100,50,1,1,0,5,False,phantom,rifle,,0.5333,0.4967
622.188,1067,ACTIVE_ROUND,3,2,2,,0.000,,s0pp,FUT Esports,chamber,True,58,15,0,4,0,6,False,vandal,rifle,,0.9133,0.2956,xeus,FUT Esports,jett,False,,50,2,1,0,7,False,vandal,rifle,,0.9233,0.3167,sociablEE,FUT Esports,fade,True,92,8,1,1,1,5,False,vandal,rifle,,0.9033,0.2444,yetujey,FUT Esports,astra,True,100,50,0,0,0,0,False,phantom,rifle,,0.5889,0.1989,KROSTALY,FUT Esports,kayo,True,100,50,1,0,0,6,False,phantom,rifle,,0.8522,0.2211,Chronicle,Team Vitality,chamber,True,100,25,0,7,1,4,False,phantom,rifle,,0.4522,0.9267,Derke,Team Vitality,neon,True,30,27,1,0,1,7,True,phantom,rifle,,0.9156,0.3844,Jamppi,Team Vitality,kayo,True,70,50,0,0,0,1,False,stinger,smg,,0.8200,0.4089,Sayonara,Team Vitality,sova,True,100,50,0,2,1,7,False,vandal,rifle,,0.8556,0.5000,PROFEK,Team Vitality,astra,True,100,50,1,1,0,5,False,phantom,rifle,,0.5333,0.4967
622.672,1068,ACTIVE_ROUND,3,2,2,,0.484,,s0pp,FUT Esports,chamber,True,58,15,0,4,0,6,False,vandal,rifle,,0.9133,0.2956,xeus,FUT Esports,jett,False,,50,2,1,0,7,False,vandal,rifle,,,,sociablEE,FUT Esports,fade,True,92,8,1,1,1,5,False,vandal,rifle,,0.9033,0.2444,yetujey,FUT Esports,astra,True,100,50,0,0,0,0,False,phantom,rifle,,0.5978,0.1989,KROSTALY,FUT Esports,kayo,True,100,50,1,0,0,6,False,phantom,rifle,,0.8478,0.2522,Chronicle,Team Vitality,chamber,True,100,25,0,7,1,5,False,phantom,rifle,,0.4522,0.9267,Derke,Team Vitality,neon,True,30,27,1,0,1,0,False,phantom,rifle,,0.9133,0.3956,Jamppi,Team Vitality,kayo,True,70,50,0,0,0,2,False,stinger,smg,,0.8267,0.4267,Sayonara,Team Vitality,sova,True,100,50,0,2,1,7,False,vandal,rifle,,0.8644,0.4933,PROFEK,Team Vitality,astra,True,100,50,0,1,0,5,False,phantom,rifle,,0.6778,0.5278
623.156,1069,ACTIVE_ROUND,3,2,2,,0.968,,s0pp,FUT Esports,chamber,True,58,15,0,4,0,6,False,vandal,rifle,,0.9133,0.2956,xeus,FUT Esports,jett,False,,50,2,1,0,7,False,vandal,rifle,,,,sociablEE,FUT Esports,fade,True,92,8,1,1,1,5,False,vandal,rifle,,0.9033,0.2444,yetujey,FUT Esports,astra,True,100,50,0,0,0,0,False,phantom,rifle,,0.5978,0.1989,KROSTALY,FUT Esports,kayo,True,100,50,1,0,0,6,False,phantom,rifle,,0.8589,0.2300,Chronicle,Team Vitality,chamber,True,100,25,0,7,1,5,False,phantom,rifle,,0.4478,0.4178,Derke,Team Vitality,neon,True,30,27,1,0,1,0,False,phantom,rifle,,0.9044,0.4156,Jamppi,Team Vitality,kayo,True,70,50,0,0,0,2,False,stinger,smg,,0.8378,0.4489,Sayonara,Team Vitality,sova,True,100,50,0,2,1,7,False,vandal,rifle,,0.8711,0.5067,PROFEK,Team Vitality,astra,True,100,50,0,1,0,5,False,phantom,rifle,,0.6778,0.5278
623.640,1070,ACTIVE_ROUND,3,2,2,,1.451,,s0pp,FUT Esports,chamber,True,58,15,0,4,0,6,False,vandal,rifle,,0.9133,0.2933,xeus,FUT Esports,jett,False,,50,2,1,0,7,False,vandal,rifle,,,,sociablEE,FUT Esports,fade,True,92,8,1,1,1,5,False,vandal,rifle,,0.9033,0.2444,yetujey,FUT Esports,astra,True,100,50,0,0,0,0,False,phantom,rifle,,0.6178,0.2100,KROSTALY,FUT Esports,kayo,True,100,50,1,0,0,6,False,phantom,rifle,,0.8589,0.2300,Chronicle,Team Vitality,chamber,True,100,25,0,7,1,5,False,phantom,rifle,,0.4478,0.4178,Derke,Team Vitality,neon,True,30,27,1,0,1,0,False,phantom,rifle,,0.8822,0.4222,Jamppi,Team Vitality,kayo,True,70,50,0,0,0,2,False,stinger,smg,,0.8444,0.4644,Sayonara,Team Vitality,sova,True,100,50,0,2,1,7,False,vandal,rifle,,0.8844,0.5200,PROFEK,Team Vitality,astra,True,100,50,0,1,0,5,False,phantom,rifle,,0.6778,0.5278
624.124,1071,ACTIVE_ROUND,3,2,2,,1.935,,s0pp,FUT Esports,chamber,True,58,15,0,4,0,6,False,vandal,rifle,,0.9111,0.2933,xeus,FUT Esports,jett,False,,50,2,1,0,7,False,vandal,rifle,,,,sociablEE,FUT Esports,fade,True,92,8,1,1,1,5,False,vandal,rifle,,0.8922,0.2422,yetujey,FUT Esports,astra,True,100,50,0,0,0,0,False,phantom,rifle,,0.6178,0.2100,KROSTALY,FUT Esports,kayo,True,100,50,1,0,0,6,False,phantom,rifle,,0.8611,0.2300,Chronicle,Team Vitality,chamber,True,100,25,0,7,1,5,False,phantom,rifle,,0.7456,0.7378,Derke,Team Vitality,neon,True,30,27,1,0,1,0,False,phantom,rifle,,0.8511,0.4244,Jamppi,Team Vitality,kayo,True,70,50,0,0,0,2,False,stinger,smg,,0.8444,0.4644,Sayonara,Team Vitality,sova,True,100,50,0,2,1,7,False,vandal,rifle,,0.8978,0.5333,PROFEK,Team Vitality,astra,True,100,50,0,1,0,5,False,phantom,rifle,,0.6778,0.5278
624.607,1072,ACTIVE_ROUND,3,2,2,,2.419,,s0pp,FUT Esports,chamber,True,58,15,0,4,0,6,False,vandal,rifle,,0.9067,0.2933,xeus,FUT Esports,jett,False,,50,2,1,0,7,False,vandal,rifle,,,,sociablEE,FUT Esports,fade,True,92,8,1,1,1,5,False,vandal,rifle,,0.9011,0.2533,yetujey,FUT Esports,astra,True,100,50,0,0,0,0,False,phantom,rifle,,0.6378,0.2011,KROSTALY,FUT Esports,kayo,True,100,50,1,0,0,6,False,phantom,rifle,,0.8633,0.2300,Chronicle,Team Vitality,chamber,True,100,25,0,7,1,5,False,phantom,rifle,,0.7478,0.7422,Derke,Team Vitality,neon,True,30,27,0,0,1,0,False,phantom,rifle,,0.8467,0.4467,Jamppi,Team Vitality,kayo,True,70,50,0,0,0,2,False,stinger,smg,,0.8711,0.4933,Sayonara,Team Vitality,sova,True,100,50,0,2,1,7,False,vandal,rifle,,0.9044,0.5444,PROFEK,Team Vitality,astra,True,100,50,2,1,0,5,False,phantom,rifle,,0.6778,0.5278
625.091,1073,ACTIVE_ROUND,3,2,2,,2.903,,s0pp,FUT Esports,chamber,True,58,15,0,4,0,6,False,vandal,rifle,,0.8911,0.2956,xeus,FUT Esports,jett,False,,50,2,1,0,7,False,vandal,rifle,,,,sociablEE,FUT Esports,fade,True,92,8,1,1,1,5,False,vandal,rifle,,0.9056,0.2622,yetujey,FUT Esports,astra,True,100,50,0,0,0,0,False,phantom,rifle,,0.6467,0.1989,KROSTALY,FUT Esports,kayo,True,100,50,1,0,0,6,False,phantom,rifle,,0.8700,0.2322,Chronicle,Team Vitality,chamber,True,100,25,0,7,1,5,False,phantom,rifle,,0.4478,0.4378,Derke,Team Vitality,neon,True,30,27,0,0,1,0,False,phantom,rifle,,0.8489,0.4689,Jamppi,Team Vitality,kayo,True,70,50,0,0,0,2,False,stinger,smg,,0.8911,0.4933,Sayonara,Team Vitality,sova,True,100,50,0,2,1,7,False,vandal,rifle,,0.9067,0.5556,PROFEK,Team Vitality,astra,True,100,50,2,1,0,5,False,phantom,rifle,,0.6778,0.5278
625.575,1074,ACTIVE_ROUND,3,2,2,,3.387,,s0pp,FUT Esports,chamber,True,58,15,0,4,0,6,False,vandal,rifle,,0.8889,0.3022,xeus,FUT Esports,jett,False,,50,2,1,0,7,False,vandal,rifle,,,,sociablEE,FUT Esports,fade,True,92,8,1,1,1,5,False,vandal,rifle,,0.9033,0.2622,yetujey,FUT Esports,astra,True,100,50,0,0,0,0,False,phantom,rifle,,0.6578,0.2011,KROSTALY,FUT Esports,kayo,True,100,50,1,0,0,6,False,phantom,rifle,,0.8856,0.2389,Chronicle,Team Vitality,chamber,True,100,25,0,7,1,5,False,phantom,rifle,,0.2633,0.8311,Derke,Team Vitality,neon,True,30,27,0,0,1,0,False,phantom,rifle,,0.8578,0.4911,Jamppi,Team Vitality,kayo,True,70,50,0,0,0,2,False,stinger,smg,,0.9022,0.4889,Sayonara,Team Vitality,sova,True,100,50,0,2,1,7,False,vandal,rifle,,0.9089,0.5667,PROFEK,Team Vitality,astra,True,100,50,2,1,0,5,False,phantom,rifle,,0.6778,0.5278
626.059,1075,ACTIVE_ROUND,3,2,2,,3.871,,s0pp,FUT Esports,chamber,True,58,15,0,4,0,6,False,vandal,rifle,,0.8911,0.3178,xeus,FUT Esports,jett,False,,50,2,1,0,7,False,vandal,rifle,,,,sociablEE,FUT Esports,fade,True,92,8,1,1,1,5,False,vandal,rifle,,0.9100,0.2800,yetujey,FUT Esports,astra,True,100,50,0,0,0,0,False,phantom,rifle,,0.6689,0.2056,KROSTALY,FUT Esports,kayo,True,100,50,1,0,0,6,False,phantom,rifle,,0.9011,0.2500,Chronicle,Team Vitality,chamber,True,100,25,0,7,1,5,False,phantom,rifle,,0.2633,0.8311,Derke,Team Vitality,neon,True,30,27,0,0,1,0,False,phantom,rifle,,0.8756,0.5044,Jamppi,Team Vitality,kayo,True,70,50,0,0,0,2,False,stinger,smg,,0.9111,0.4822,Sayonara,Team Vitality,sova,True,100,50,0,2,1,7,False,vandal,rifle,,0.9089,0.5778,PROFEK,Team Vitality,astra,True,100,50,2,1,0,5,False,phantom,rifle,,0.6778,0.5278
626.543,1076,ACTIVE_ROUND,3,2,2,,4.354,,s0pp,FUT Esports,chamber,True,58,15,0,4,0,6,False,vandal,rifle,,0.8956,0.3356,xeus,FUT Esports,jett,False,,50,2,1,0,7,False,vandal,rifle,,,,sociablEE,FUT Esports,fade,True,92,8,1,1,1,5,False,vandal,rifle,,0.8967,0.2800,yetujey,FUT Esports,astra,True,100,50,0,0,0,0,False,phantom,rifle,,0.6778,0.2100,KROSTALY,FUT Esports,kayo,True,100,50,1,0,0,6,False,phantom,rifle,,0.9100,0.2567,Chronicle,Team Vitality,chamber,True,100,25,0,7,1,5,False,phantom,rifle,,0.2633,0.8311,Derke,Team Vitality,neon,True,30,27,0,0,1,0,False,phantom,rifle,,0.8911,0.5222,Jamppi,Team Vitality,kayo,True,70,50,0,0,0,2,False,stinger,smg,,0.9200,0.4756,Sayonara,Team Vitality,sova,True,100,50,0,2,1,7,False,vandal,rifle,,0.9111,0.5889,PROFEK,Team Vitality,astra,True,100,50,2,1,0,5,False,phantom,rifle,,0.6778,0.5278
627.026,1077,ACTIVE_ROUND,3,2,2,,4.838,,s0pp,FUT Esports,chamber,True,58,15,0,4,0,6,False,vandal,rifle,,0.8933,0.3378,xeus,FUT Esports,jett,False,,50,2,1,0,7,False,vandal,rifle,,,,sociablEE,FUT Esports,fade,True,92,8,1,1,1,5,False,vandal,rifle,,0.8767,0.2844,yetujey,FUT Esports,astra,True,100,50,0,0,0,0,False,phantom,rifle,,0.6889,0.2100,KROSTALY,FUT Esports,kayo,True,100,50,1,0,0,6,False,phantom,rifle,,0.9100,0.2567,Chronicle,Team Vitality,chamber,True,100,25,0,7,1,5,False,phantom,rifle,,0.4700,0.6222,Derke,Team Vitality,neon,True,30,27,0,0,1,0,False,phantom,rifle,,0.9000,0.5444,Jamppi,Team Vitality,kayo,True,70,50,0,0,0,2,False,stinger,smg,,0.9289,0.4733,Sayonara,Team Vitality,sova,True,100,50,0,2,1,7,False,vandal,rifle,,0.9111,0.5956,PROFEK,Team Vitality,astra,True,100,50,2,1,0,5,False,phantom,rifle,,0.6778,0.5278
627.510,1078,ACTIVE_ROUND,3,2,2,,5.322,,s0pp,FUT Esports,chamber,True,58,15,0,4,0,6,False,vandal,rifle,,0.8933,0.3378,xeus,FUT Esports,jett,False,,50,2,1,0,7,False,vandal,rifle,,,,sociablEE,FUT Esports,fade,True,92,8,1,1,1,5,False,vandal,rifle,,0.8678,0.3000,yetujey,FUT Esports,astra,True,100,50,0,0,0,0,False,phantom,rifle,,0.6889,0.2100,KROSTALY,FUT Esports,kayo,True,100,50,1,0,0,6,False,phantom,rifle,,0.9144,0.2656,Chronicle,Team Vitality,chamber,True,100,25,0,7,1,5,False,phantom,rifle,,0.7167,0.4156,Derke,Team Vitality,neon,True,30,27,0,0,1,0,False,phantom,rifle,,0.8933,0.5667,Jamppi,Team Vitality,kayo,True,70,50,0,0,0,2,False,stinger,smg,,0.9244,0.4689,Sayonara,Team Vitality,sova,True,100,50,0,2,1,7,False,vandal,rifle,,0.9067,0.6000,PROFEK,Team Vitality,astra,True,100,50,2,1,0,5,False,phantom,rifle,,0.6778,0.5278
627.994,1079,ACTIVE_ROUND,3,2,2,,5.806,,s0pp,FUT Esports,chamber,True,58,15,0,4,0,6,False,vandal,rifle,,0.8956,0.3467,xeus,FUT Esports,jett,False,,50,2,1,0,7,False,vandal,rifle,,,,sociablEE,FUT Esports,fade,True,92,8,1,1,1,5,False,vandal,rifle,,0.8678,0.3200,yetujey,FUT Esports,astra,True,100,50,0,0,0,0,False,phantom,rifle,,0.6889,0.2100,KROSTALY,FUT Esports,kayo,True,100,50,1,0,0,6,False,phantom,rifle,,0.9011,0.2744,Chronicle,Team Vitality,chamber,True,100,25,0,7,1,5,False,phantom,rifle,,0.7078,0.4089,Derke,Team Vitality,neon,True,30,27,0,0,1,0,False,phantom,rifle,,0.8756,0.5800,Jamppi,Team Vitality,kayo,True,70,50,0,0,0,2,False,stinger,smg,,0.9244,0.4689,Sayonara,Team Vitality,sova,True,100,50,0,2,1,7,False,vandal,rifle,,0.9067,0.5978,PROFEK,Team Vitality,astra,True,100,50,2,1,0,5,False,phantom,rifle,,0.5644,0.3789
628.478,1080,ACTIVE_ROUND,3,2,2,,6.290,,s0pp,FUT Esports,chamber,True,58,15,0,4,0,6,False,vandal,rifle,,0.8956,0.3467,xeus,FUT Esports,jett,False,,50,2,1,0,7,False,vandal,rifle,,,,sociablEE,FUT Esports,fade,True,92,8,1,1,0,5,False,vandal,rifle,,0.8811,0.3356,yetujey,FUT Esports,astra,True,100,50,0,0,0,0,False,phantom,rifle,,0.7222,0.2100,KROSTALY,FUT Esports,kayo,True,100,50,1,0,0,6,False,phantom,rifle,,0.8878,0.2833,Chronicle,Team Vitality,chamber,True,100,25,0,7,1,5,False,phantom,rifle,,0.6989,0.4044,Derke,Team Vitality,neon,True,30,27,0,0,1,0,False,phantom,rifle,,0.8533,0.5911,Jamppi,Team Vitality,kayo,True,70,50,0,0,0,2,False,stinger,smg,,0.9022,0.4644,Sayonara,Team Vitality,sova,True,100,50,0,2,1,7,False,vandal,rifle,,0.9156,0.6044,PROFEK,Team Vitality,astra,True,100,50,1,1,0,5,False,phantom,rifle,,0.5644,0.3789
628.962,1081,ACTIVE_ROUND,3,2,2,,6.773,,s0pp,FUT Esports,chamber,True,58,15,0,4,0,6,False,vandal,rifle,,0.8956,0.3467,xeus,FUT Esports,jett,False,,50,2,1,0,7,False,vandal,rifle,,,,sociablEE,FUT Esports,fade,True,92,8,1,1,0,5,False,vandal,rifle,,0.8833,0.3444,yetujey,FUT Esports,astra,True,100,50,0,0,0,0,False,phantom,rifle,,0.7311,0.2100,KROSTALY,FUT Esports,kayo,True,100,50,1,0,0,6,False,phantom,rifle,,0.8878,0.2989,Chronicle,Team Vitality,chamber,True,100,25,0,7,1,5,False,phantom,rifle,,0.5789,0.4467,Derke,Team Vitality,neon,True,30,27,0,0,1,0,False,phantom,rifle,,0.8311,0.5978,Jamppi,Team Vitality,kayo,True,70,50,0,0,0,2,False,stinger,smg,,0.8911,0.4644,Sayonara,Team Vitality,sova,True,100,50,0,2,1,7,False,vandal,rifle,,0.9156,0.6044,PROFEK,Team Vitality,astra,True,100,50,1,1,0,5,False,phantom,rifle,,0.5644,0.3789
629.445,1082,ACTIVE_ROUND,3,2,2,,7.257,,s0pp,FUT Esports,chamber,True,58,15,0,4,0,6,False,vandal,rifle,,0.8956,0.3467,xeus,FUT Esports,jett,False,,50,2,1,0,7,False,vandal,rifle,,,,sociablEE,FUT Esports,fade,True,92,8,1,1,0,5,False,vandal,rifle,,0.8833,0.3578,yetujey,FUT Esports,astra,True,100,50,0,0,0,0,False,phantom,rifle,,0.7311,0.2300,KROSTALY,FUT Esports,kayo,True,100,50,1,0,0,6,False,phantom,rifle,,0.8900,0.3122,Chronicle,Team Vitality,chamber,True,100,25,0,7,1,5,False,phantom,rifle,,0.5789,0.4467,Derke,Team Vitality,neon,True,30,27,0,0,1,0,False,phantom,rifle,,0.8089,0.6067,Jamppi,Team Vitality,kayo,True,70,50,0,0,0,2,False,stinger,smg,,0.8911,0.4667,Sayonara,Team Vitality,sova,True,100,50,0,2,1,7,False,vandal,rifle,,0.9156,0.6044,PROFEK,Team Vitality,astra,True,100,50,1,1,0,5,False,phantom,rifle,,0.5644,0.3789
629.929,1083,ACTIVE_ROUND,3,2,2,,7.741,,s0pp,FUT Esports,chamber,True,58,15,0,4,0,6,False,vandal,rifle,,0.8956,0.3467,xeus,FUT Esports,jett,False,,50,2,1,0,7,False,vandal,rifle,,,,sociablEE,FUT Esports,fade,True,92,8,1,1,0,5,False,vandal,rifle,,0.8900,0.3689,yetujey,FUT Esports,astra,True,100,50,0,0,0,0,False,phantom,rifle,,0.7311,0.2300,KROSTALY,FUT Esports,kayo,True,100,50,1,0,0,6,False,phantom,rifle,,0.8900,0.3189,Chronicle,Team Vitality,chamber,True,100,25,0,7,1,5,False,phantom,rifle,,0.6811,0.3911,Derke,Team Vitality,neon,True,30,27,0,0,1,0,False,phantom,rifle,,0.7889,0.6156,Jamppi,Team Vitality,kayo,True,70,50,0,0,0,2,False,stinger,smg,,0.8956,0.4644,Sayonara,Team Vitality,sova,True,100,50,0,2,1,7,False,vandal,rifle,,0.9222,0.6067,PROFEK,Team Vitality,astra,True,100,50,1,1,0,5,False,phantom,rifle,,0.5644,0.3789
630.413,1084,ACTIVE_ROUND,3,2,2,,8.225,,s0pp,FUT Esports,chamber,True,58,15,0,4,0,6,False,vandal,rifle,,0.8867,0.3600,xeus,FUT Esports,jett,False,,50,2,1,0,7,False,vandal,rifle,,,,sociablEE,FUT Esports,fade,True,92,8,1,1,0,5,False,vandal,rifle,,0.8989,0.3844,yetujey,FUT Esports,astra,True,100,50,0,0,0,0,False,phantom,rifle,,0.7533,0.2544,KROSTALY,FUT Esports,kayo,True,100,50,1,0,0,6,False,phantom,rifle,,0.8789,0.3300,Chronicle,Team Vitality,chamber,True,100,25,0,7,1,5,False,phantom,rifle,,0.5789,0.4467,Derke,Team Vitality,neon,True,30,27,0,0,1,0,False,phantom,rifle,,0.7756,0.6356,Jamppi,Team Vitality,kayo,True,70,50,0,0,0,2,False,stinger,smg,,0.8956,0.4644,Sayonara,Team Vitality,sova,True,100,50,0,2,1,7,False,vandal,rifle,,0.9222,0.6067,PROFEK,Team Vitality,astra,True,100,50,1,1,0,5,False,phantom,rifle,,0.8956,0.4811
630.897,1085,ACTIVE_ROUND,3,2,2,,8.709,,s0pp,FUT Esports,chamber,True,58,15,0,4,0,6,False,vandal,rifle,,0.8800,0.3667,xeus,FUT Esports,jett,False,,50,2,1,0,7,False,vandal,rifle,,,,sociablEE,FUT Esports,fade,True,92,8,1,1,0,5,False,vandal,rifle,,0.9100,0.4000,yetujey,FUT Esports,astra,True,100,50,0,0,0,0,False,phantom,rifle,,0.7533,0.2544,KROSTALY,FUT Esports,kayo,True,100,50,1,0,0,6,False,phantom,rifle,,0.8678,0.3300,Chronicle,Team Vitality,chamber,True,100,25,0,7,1,5,False,phantom,rifle,,0.7767,0.4244,Derke,Team Vitality,neon,True,30,27,0,0,1,0,False,phantom,rifle,,0.7689,0.6578,Jamppi,Team Vitality,kayo,True,70,50,0,0,0,2,False,stinger,smg,,0.9044,0.4689,Sayonara,Team Vitality,sova,True,100,50,0,2,1,7,False,vandal,rifle,,0.9222,0.6067,PROFEK,Team Vitality,astra,True,100,50,1,1,0,5,False,phantom,rifle,,0.8956,0.4811
631.381,1086,ACTIVE_ROUND,3,2,2,,9.193,,s0pp,FUT Esports,chamber,True,58,15,0,4,0,6,False,vandal,rifle,,0.8578,0.3667,xeus,FUT Esports,jett,False,,50,2,1,0,7,False,vandal,rifle,,,,sociablEE,FUT Esports,fade,True,92,8,1,1,0,5,False,vandal,rifle,,0.9100,0.4000,yetujey,FUT Esports,astra,True,100,50,0,0,0,0,False,phantom,rifle,,0.7533,0.2544,KROSTALY,FUT Esports,kayo,True,100,50,1,0,0,6,False,phantom,rifle,,0.8722,0.3389,Chronicle,Team Vitality,chamber,True,100,25,0,7,1,5,False,phantom,rifle,,0.6011,0.8489,Derke,Team Vitality,neon,True,30,27,0,0,1,0,False,phantom,rifle,,0.7622,0.6800,Jamppi,Team Vitality,kayo,True,70,50,0,0,0,2,False,stinger,smg,,0.8978,0.4778,Sayonara,Team Vitality,sova,True,100,50,0,2,1,7,False,vandal,rifle,,0.9222,0.6067,PROFEK,Team Vitality,astra,True,100,50,1,1,0,5,False,phantom,rifle,,0.8956,0.4811
631.865,1087,ACTIVE_ROUND,3,2,2,,9.676,,s0pp,FUT Esports,chamber,True,58,15,0,4,0,6,False,vandal,rifle,,0.8356,0.3667,xeus,FUT Esports,jett,False,,50,2,1,0,7,False,vandal,rifle,,,,sociablEE,FUT Esports,fade,True,92,8,1,1,0,5,False,vandal,rifle,,0.8989,0.4111,yetujey,FUT Esports,astra,True,100,50,0,0,0,0,False,phantom,rifle,,0.7533,0.2544,KROSTALY,FUT Esports,kayo,True,100,50,1,0,0,6,False,phantom,rifle,,0.8700,0.3544,Chronicle,Team Vitality,chamber,True,100,25,0,7,1,5,False,phantom,rifle,,0.6944,0.7444,Derke,Team Vitality,neon,True,30,27,0,0,1,0,False,phantom,rifle,,0.7578,0.7022,Jamppi,Team Vitality,kayo,True,70,50,0,0,0,2,False,stinger,smg,,0.8867,0.4822,Sayonara,Team Vitality,sova,True,100,50,0,2,1,7,False,vandal,rifle,,0.9222,0.6067,PROFEK,Team Vitality,astra,True,100,50,1,1,0,5,False,phantom,rifle,,0.8956,0.4811
632.348,1088,ACTIVE_ROUND,3,2,2,,10.160,,s0pp,FUT Esports,chamber,True,58,15,0,4,0,6,False,vandal,rifle,,0.8178,0.3689,xeus,FUT Esports,jett,False,,50,2,1,0,7,False,vandal,rifle,,,,sociablEE,FUT Esports,fade,True,92,8,1,1,0,5,False,vandal,rifle,,0.8833,0.4044,yetujey,FUT Esports,astra,True,100,50,1,0,0,0,False,phantom,rifle,,0.7533,0.2544,KROSTALY,FUT Esports,kayo,True,100,50,1,0,0,6,False,phantom,rifle,,0.8500,0.3544,Chronicle,Team Vitality,chamber,True,100,25,0,7,1,5,False,phantom,rifle,,0.8011,0.4844,Derke,Team Vitality,neon,True,30,27,0,0,1,0,False,phantom,rifle,,0.7467,0.7244,Jamppi,Team Vitality,kayo,True,70,50,0,0,0,2,False,stinger,smg,,0.8822,0.4822,Sayonara,Team Vitality,sova,True,100,50,0,2,1,7,False,vandal,rifle,,0.9222,0.6067,PROFEK,Team Vitality,astra,True,100,50,2,1,0,5,False,phantom,rifle,,0.8956,0.4811
632.832,1089,ACTIVE_ROUND,3,2,2,,10.644,,s0pp,FUT Esports,chamber,True,58,15,0,4,0,6,False,vandal,rifle,,0.8178,0.3689,xeus,FUT Esports,jett,False,,50,2,1,0,7,False,vandal,rifle,,,,sociablEE,FUT Esports,fade,True,92,8,1,1,0,5,False,vandal,rifle,,0.8944,0.4067,yetujey,FUT Esports,astra,True,100,50,1,0,0,0,False,phantom,rifle,,0.7533,0.2544,KROSTALY,FUT Esports,kayo,True,100,50,1,0,0,6,False,phantom,rifle,,0.8300,0.3544,Chronicle,Team Vitality,chamber,True,100,25,0,7,1,5,False,phantom,rifle,,0.5789,0.4467,Derke,Team Vitality,neon,True,30,27,0,0,1,0,False,phantom,rifle,,0.7356,0.7444,Jamppi,Team Vitality,kayo,True,70,50,0,0,0,2,False,stinger,smg,,0.8822,0.4800,Sayonara,Team Vitality,sova,True,100,50,0,2,1,7,False,vandal,rifle,,0.9200,0.6022,PROFEK,Team Vitality,astra,True,100,50,2,1,0,5,False,phantom,rifle,,0.8956,0.4811
633.316,1090,ACTIVE_ROUND,3,2,2,,11.128,,s0pp,FUT Esports,chamber,True,58,15,0,4,0,6,False,vandal,rifle,,0.8178,0.3689,xeus,FUT Esports,jett,False,,50,2,1,0,7,False,vandal,rifle,,,,sociablEE,FUT Esports,fade,True,92,8,1,1,0,5,False,vandal,rifle,,0.9122,0.4156,yetujey,FUT Esports,astra,True,100,50,1,0,0,0,False,phantom,rifle,,0.7533,0.2544,KROSTALY,FUT Esports,kayo,True,100,50,1,0,0,6,False,phantom,rifle,,0.8122,0.3522,Chronicle,Team Vitality,chamber,True,100,25,0,7,1,5,False,phantom,rifle,,0.5789,0.4467,Derke,Team Vitality,neon,True,30,27,0,0,1,0,False,phantom,rifle,,0.7200,0.7600,Jamppi,Team Vitality,kayo,True,70,50,0,0,0,2,False,stinger,smg,,0.8911,0.4800,Sayonara,Team Vitality,sova,True,100,50,0,2,1,7,False,vandal,rifle,,0.9200,0.6022,PROFEK,Team Vitality,astra,True,100,50,2,1,0,5,False,phantom,rifle,,0.5422,0.6011
633.800,1091,ACTIVE_ROUND,3,2,2,,11.612,,s0pp,FUT Esports,chamber,True,58,15,0,4,0,6,False,vandal,rifle,,0.8111,0.3711,xeus,FUT Esports,jett,False,,50,2,1,0,7,False,vandal,rifle,,,,sociablEE,FUT Esports,fade,True,92,8,1,1,0,5,False,vandal,rifle,,0.9033,0.4156,yetujey,FUT Esports,astra,True,100,50,1,0,0,0,False,phantom,rifle,,0.7533,0.2544,KROSTALY,FUT Esports,kayo,True,100,50,1,0,0,6,False,phantom,rifle,,0.8078,0.3433,Chronicle,Team Vitality,chamber,True,100,25,0,7,1,5,False,phantom,rifle,,0.8011,0.4844,Derke,Team Vitality,neon,True,30,27,0,0,1,0,False,phantom,rifle,,0.7200,0.7600,Jamppi,Team Vitality,kayo,True,70,50,0,0,0,2,False,stinger,smg,,0.8800,0.4867,Sayonara,Team Vitality,sova,True,100,50,0,2,1,7,False,vandal,rifle,,0.9200,0.6022,PROFEK,Team Vitality,astra,True,100,50,2,1,0,5,False,phantom,rifle,,0.5422,0.6011
634.284,1092,ACTIVE_ROUND,3,2,2,,12.095,,s0pp,FUT Esports,chamber,True,58,15,0,4,0,6,False,vandal,rifle,,0.8111,0.3711,xeus,FUT Esports,jett,False,,50,2,1,0,7,False,vandal,rifle,,,,sociablEE,FUT Esports,fade,True,92,6,0,1,0,5,False,vandal,rifle,,0.9011,0.4156,yetujey,FUT Esports,astra,True,100,50,0,0,0,0,False,phantom,rifle,,0.8622,0.4056,KROSTALY,FUT Esports,kayo,True,100,50,0,0,0,6,False,phantom,rifle,,0.7967,0.3322,Chronicle,Team Vitality,chamber,True,100,25,0,7,1,5,False,phantom,rifle,,0.6144,0.7378,Derke,Team Vitality,neon,True,30,27,0,0,1,0,False,phantom,rifle,,0.6822,0.7533,Jamppi,Team Vitality,kayo,True,70,50,0,0,0,2,False,stinger,smg,,0.8622,0.4867,Sayonara,Team Vitality,sova,True,100,50,0,2,1,7,False,vandal,rifle,,0.9156,0.5956,PROFEK,Team Vitality,astra,True,100,50,1,1,0,5,False,phantom,rifle,,0.5422,0.6011
634.767,1093,ACTIVE_ROUND,3,2,2,,12.579,,s0pp,FUT Esports,chamber,True,58,15,0,4,0,6,False,vandal,rifle,,0.8111,0.3711,xeus,FUT Esports,jett,False,,50,2,1,0,7,False,vandal,rifle,,,,sociablEE,FUT Esports,fade,True,92,6,0,1,0,5,False,vandal,rifle,,0.8878,0.4222,yetujey,FUT Esports,astra,True,100,50,0,0,0,0,False,phantom,rifle,,0.8622,0.4056,KROSTALY,FUT Esports,kayo,True,100,50,0,0,0,6,False,phantom,rifle,,0.7922,0.3344,Chronicle,Team Vitality,chamber,True,100,25,0,7,1,5,False,phantom,rifle,,0.6144,0.7378,Derke,Team Vitality,neon,True,30,27,0,0,1,0,False,phantom,rifle,,0.6711,0.7333,Jamppi,Team Vitality,kayo,True,70,50,0,0,0,2,False,stinger,smg,,0.8733,0.4778,Sayonara,Team Vitality,sova,True,100,50,0,2,1,7,False,vandal,rifle,,0.9178,0.5889,PROFEK,Team Vitality,astra,True,100,50,1,1,0,5,False,phantom,rifle,,0.6778,0.5278
635.251,1094,ACTIVE_ROUND,3,2,2,,13.063,,s0pp,FUT Esports,chamber,True,58,15,0,4,0,6,False,vandal,rifle,,0.8111,0.3711,xeus,FUT Esports,jett,False,,50,2,1,0,7,False,vandal,rifle,,,,sociablEE,FUT Esports,fade,True,92,6,0,1,0,5,False,vandal,rifle,,0.8878,0.4222,yetujey,FUT Esports,astra,True,100,50,0,0,0,0,False,phantom,rifle,,0.8622,0.4056,KROSTALY,FUT Esports,kayo,True,100,50,0,0,0,6,False,phantom,rifle,,0.7922,0.3344,Chronicle,Team Vitality,chamber,True,100,25,0,7,1,5,False,phantom,rifle,,0.6144,0.7378,Derke,Team Vitality,neon,True,30,27,0,0,1,0,False,phantom,rifle,,0.6511,0.7222,Jamppi,Team Vitality,kayo,True,70,50,0,0,0,2,False,stinger,smg,,0.8689,0.4822,Sayonara,Team Vitality,sova,True,100,50,0,2,1,7,False,vandal,rifle,,0.9222,0.5778,PROFEK,Team Vitality,astra,True,100,50,1,1,0,5,False,phantom,rifle,,0.6778,0.5278
635.735,1095,ACTIVE_ROUND,3,2,2,,13.547,,s0pp,FUT Esports,chamber,True,58,15,0,4,0,6,False,vandal,rifle,,0.8111,0.3711,xeus,FUT Esports,jett,False,,50,2,1,0,7,False,vandal,rifle,,,,sociablEE,FUT Esports,fade,True,92,6,0,1,0,5,False,vandal,rifle,,0.8856,0.4200,yetujey,FUT Esports,astra,True,100,50,0,0,0,0,False,phantom,rifle,,0.8622,0.4056,KROSTALY,FUT Esports,kayo,True,100,50,0,0,0,6,False,phantom,rifle,,0.7900,0.3344,Chronicle,Team Vitality,chamber,False,,25,0,7,1,5,False,phantom,rifle,,0.5789,0.4467,Derke,Team Vitality,neon,True,30,27,0,0,1,0,False,phantom,rifle,,0.6356,0.7156,Jamppi,Team Vitality,kayo,True,70,50,0,0,0,2,False,stinger,smg,,0.8644,0.4867,Sayonara,Team Vitality,sova,True,100,50,0,2,1,7,False,vandal,rifle,,0.9156,0.5644,PROFEK,Team Vitality,astra,True,100,50,1,1,0,5,False,phantom,rifle,,0.6778,0.5278
636.219,1096,ACTIVE_ROUND,3,2,2,,14.031,,s0pp,FUT Esports,chamber,True,58,15,0,4,0,6,False,vandal,rifle,,0.8111,0.3711,xeus,FUT Esports,jett,False,,50,2,1,0,7,False,vandal,rifle,,,,sociablEE,FUT Esports,fade,True,92,6,0,1,0,5,False,vandal,rifle,,0.8833,0.4222,yetujey,FUT Esports,astra,True,100,50,0,0,0,0,False,phantom,rifle,,0.7978,0.3767,KROSTALY,FUT Esports,kayo,True,100,50,0,0,0,6,False,phantom,rifle,,0.7900,0.4056,Chronicle,Team Vitality,chamber,False,,25,0,7,1,5,False,phantom,rifle,,,,Derke,Team Vitality,neon,True,30,27,0,0,1,0,False,phantom,rifle,,0.6178,0.6978,Jamppi,Team Vitality,kayo,True,70,50,0,0,0,2,False,stinger,smg,,0.8622,0.4889,Sayonara,Team Vitality,sova,True,100,50,0,2,1,7,False,vandal,rifle,,0.9133,0.5444,PROFEK,Team Vitality,astra,True,100,50,0,0,0,5,False,phantom,rifle,,0.6756,0.5278
636.703,1097,ACTIVE_ROUND,3,2,2,,14.514,,s0pp,FUT Esports,chamber,True,58,15,0,4,0,6,False,vandal,rifle,,0.8111,0.3711,xeus,FUT Esports,jett,False,,50,2,1,0,7,False,vandal,rifle,,,,sociablEE,FUT Esports,fade,True,30,6,0,1,0,5,False,vandal,rifle,,0.8700,0.4244,yetujey,FUT Esports,astra,True,100,50,0,0,0,0,False,phantom,rifle,,0.7978,0.3767,KROSTALY,FUT Esports,kayo,True,100,50,0,0,0,6,False,phantom,rifle,,0.7989,0.3611,Chronicle,Team Vitality,chamber,False,,25,0,7,1,5,False,phantom,rifle,,,,Derke,Team Vitality,neon,True,30,27,0,0,1,0,False,phantom,rifle,,0.6156,0.6778,Jamppi,Team Vitality,kayo,True,70,50,0,0,0,2,False,stinger,smg,,0.8578,0.4867,Sayonara,Team Vitality,sova,True,100,50,0,2,1,7,False,vandal,rifle,,0.8978,0.5333,PROFEK,Team Vitality,astra,True,100,50,0,0,0,5,False,phantom,rifle,,0.6756,0.5278
637.187,1098,ACTIVE_ROUND,3,2,2,,14.998,,s0pp,FUT Esports,chamber,True,58,15,0,4,0,6,False,vandal,rifle,,0.8111,0.3711,xeus,FUT Esports,jett,False,,50,2,1,0,7,False,vandal,rifle,,,,sociablEE,FUT Esports,fade,True,30,6,0,1,0,5,False,vandal,rifle,,0.8500,0.4267,yetujey,FUT Esports,astra,True,100,50,0,0,0,0,False,phantom,rifle,,0.7978,0.3767,KROSTALY,FUT Esports,kayo,True,100,50,0,0,0,6,False,phantom,rifle,,0.8033,0.3611,Chronicle,Team Vitality,chamber,False,,25,0,7,1,5,False,phantom,rifle,,,,Derke,Team Vitality,neon,True,30,27,0,0,1,0,False,phantom,rifle,,0.6156,0.6622,Jamppi,Team Vitality,kayo,True,70,50,0,0,0,2,False,stinger,smg,,0.8578,0.4867,Sayonara,Team Vitality,sova,True,100,50,0,2,1,7,False,vandal,rifle,,0.8822,0.5244,PROFEK,Team Vitality,astra,True,100,50,0,0,0,5,False,phantom,rifle,,0.6756,0.5278
637.670,1099,ACTIVE_ROUND,3,2,2,,15.482,,s0pp,FUT Esports,chamber,False,,15,0,4,0,6,False,vandal,rifle,,0.8111,0.3711,xeus,FUT Esports,jett,False,,50,2,1,0,7,False,vandal,rifle,,,,sociablEE,FUT Esports,fade,True,30,6,0,1,0,5,False,vandal,rifle,,0.8344,0.4378,yetujey,FUT Esports,astra,True,82,13,0,0,0,0,False,phantom,rifle,,0.7978,0.3767,KROSTALY,FUT Esports,kayo,True,87,24,0,0,0,6,False,phantom,rifle,,0.8100,0.3611,Chronicle,Team Vitality,chamber,False,,25,0,7,1,5,False,phantom,rifle,,,,Derke,Team Vitality,neon,True,30,27,0,0,1,0,False,phantom,rifle,,0.6156,0.6444,Jamppi,Team Vitality,kayo,True,70,50,0,0,0,2,False,stinger,smg,,0.8733,0.4933,Sayonara,Team Vitality,sova,True,100,50,0,2,1,7,False,vandal,rifle,,0.8956,0.5267,PROFEK,Team Vitality,astra,True,100,50,0,0,0,5,False,phantom,rifle,,0.6756,0.5278
638.154,1100,ACTIVE_ROUND,3,2,2,,15.966,,s0pp,FUT Esports,chamber,False,,15,0,4,0,6,False,vandal,rifle,,,,xeus,FUT Esports,jett,False,,50,2,1,0,7,False,vandal,rifle,,,,sociablEE,FUT Esports,fade,True,30,6,0,1,0,6,False,vandal,rifle,,0.8300,0.4556,yetujey,FUT Esports,astra,True,82,13,0,0,0,0,False,phantom,rifle,,0.7978,0.3767,KROSTALY,FUT Esports,kayo,True,87,24,0,0,0,6,False,phantom,rifle,,0.8167,0.3611,Chronicle,Team Vitality,chamber,False,,25,0,7,1,5,False,phantom,rifle,,,,Derke,Team Vitality,neon,True,30,27,0,0,1,0,False,phantom,rifle,,0.6178,0.6222,Jamppi,Team Vitality,kayo,True,70,50,0,0,0,3,False,stinger,smg,,0.8933,0.4956,Sayonara,Team Vitality,sova,True,100,50,0,1,1,7,False,vandal,rifle,,0.8978,0.5444,PROFEK,Team Vitality,astra,True,100,50,0,0,0,5,False,phantom,rifle,,0.6756,0.5278
638.638,1101,ACTIVE_ROUND,3,2,2,,16.450,,s0pp,FUT Esports,chamber,False,,15,0,4,0,6,False,vandal,rifle,,,,xeus,FUT Esports,jett,False,,50,2,1,0,7,False,vandal,rifle,,,,sociablEE,FUT Esports,fade,True,30,6,0,1,0,6,False,vandal,rifle,,0.8322,0.4578,yetujey,FUT Esports,astra,True,82,13,0,0,0,0,False,phantom,rifle,,0.7978,0.3767,KROSTALY,FUT Esports,kayo,True,69,24,0,0,0,6,False,phantom,rifle,,0.8122,0.3522,Chronicle,Team Vitality,chamber,False,,25,0,7,1,5,False,phantom,rifle,,,,Derke,Team Vitality,neon,True,30,27,0,0,1,0,False,phantom,rifle,,0.6156,0.6000,Jamppi,Team Vitality,kayo,True,15,50,0,0,0,3,False,stinger,smg,,0.9022,0.4822,Sayonara,Team Vitality,sova,True,100,50,0,1,1,7,False,vandal,rifle,,0.6022,0.2933,PROFEK,Team Vitality,astra,True,100,50,0,0,0,5,False,phantom,rifle,,0.6756,0.5278
639.122,1102,ACTIVE_ROUND,3,2,2,,16.934,,s0pp,FUT Esports,chamber,False,,15,0,4,0,6,False,vandal,rifle,,,,xeus,FUT Esports,jett,False,,50,2,1,0,7,False,vandal,rifle,,,,sociablEE,FUT Esports,fade,True,30,6,0,1,0,6,False,vandal,rifle,,0.8478,0.4422,yetujey,FUT Esports,astra,True,82,13,0,0,0,0,False,phantom,rifle,,0.8356,0.3856,KROSTALY,FUT Esports,kayo,True,69,24,0,0,0,6,False,phantom,rifle,,0.8033,0.3522,Chronicle,Team Vitality,chamber,False,,25,0,7,1,5,False,phantom,rifle,,,,Derke,Team Vitality,neon,True,30,27,0,0,1,0,False,phantom,rifle,,0.6133,0.5800,Jamppi,Team Vitality,kayo,True,15,50,0,0,0,3,False,stinger,smg,,0.8956,0.4867,Sayonara,Team Vitality,sova,True,100,50,0,1,1,7,False,vandal,rifle,,0.6333,0.5222,PROFEK,Team Vitality,astra,True,100,50,0,0,0,5,False,phantom,rifle,,0.6756,0.5278
639.606,1103,ACTIVE_ROUND,3,2,2,,17.417,,s0pp,FUT Esports,chamber,False,,15,0,4,0,6,False,vandal,rifle,,,,xeus,FUT Esports,jett,False,,50,2,1,0,7,False,vandal,rifle,,,,sociablEE,FUT Esports,fade,True,30,6,0,1,0,6,False,vandal,rifle,,0.8456,0.4311,yetujey,FUT Esports,astra,True,82,13,0,0,0,0,False,phantom,rifle,,0.8422,0.3811,KROSTALY,FUT Esports,kayo,True,69,24,0,0,0,6,False,phantom,rifle,,0.7967,0.3411,Chronicle,Team Vitality,chamber,False,,25,0,7,1,5,False,phantom,rifle,,,,Derke,Team Vitality,neon,True,30,27,0,0,1,0,False,phantom,rifle,,0.6156,0.5667,Jamppi,Team Vitality,kayo,True,15,50,0,0,0,3,False,stinger,smg,,0.8822,0.5000,Sayonara,Team Vitality,sova,True,100,50,0,1,1,7,False,vandal,rifle,,0.6333,0.5222,PROFEK,Team Vitality,astra,True,100,50,0,0,0,5,False,phantom,rifle,,0.6778,0.5256
640.089,1104,ACTIVE_ROUND,3,2,2,,17.901,,s0pp,FUT Esports,chamber,False,,15,0,4,0,6,False,vandal,rifle,,,,xeus,FUT Esports,jett,False,,50,2,1,0,7,False,vandal,rifle,,,,sociablEE,FUT Esports,fade,True,30,6,0,1,0,6,False,vandal,rifle,,0.8589,0.4267,yetujey,FUT Esports,astra,True,82,13,0,0,0,0,False,phantom,rifle,,0.8578,0.3767,KROSTALY,FUT Esports,kayo,True,69,24,0,0,0,6,False,phantom,rifle,,0.7944,0.3256,Chronicle,Team Vitality,chamber,False,,25,0,7,1,5,False,phantom,rifle,,,,Derke,Team Vitality,neon,True,30,27,0,0,1,0,False,phantom,rifle,,0.6178,0.5511,Jamppi,Team Vitality,kayo,True,15,50,0,0,0,3,False,stinger,smg,,0.8689,0.5067,Sayonara,Team Vitality,sova,True,100,50,0,1,0,7,False,vandal,rifle,,0.9378,0.5778,PROFEK,Team Vitality,astra,True,100,50,0,0,0,5,False,phantom,rifle,,0.6756,0.5278
640.573,1105,ACTIVE_ROUND,3,2,2,,18.385,,s0pp,FUT Esports,chamber,False,,15,0,4,0,6,False,vandal,rifle,,,,xeus,FUT Esports,jett,False,,50,2,1,0,7,False,vandal,rifle,,,,sociablEE,FUT Esports,fade,True,30,6,0,1,0,6,False,vandal,rifle,,0.8767,0.4244,yetujey,FUT Esports,astra,True,82,13,0,0,0,0,False,phantom,rifle,,0.8667,0.3767,KROSTALY,FUT Esports,kayo,False,,24,0,0,0,6,False,phantom,rifle,,0.7878,0.3233,Chronicle,Team Vitality,chamber,False,,25,0,7,1,5,False,phantom,rifle,,,,Derke,Team Vitality,neon,True,30,27,0,0,1,0,False,phantom,rifle,,0.6289,0.5400,Jamppi,Team Vitality,kayo,True,15,50,0,0,0,3,False,stinger,smg,,0.8667,0.5089,Sayonara,Team Vitality,sova,True,100,50,0,1,0,7,False,vandal,rifle,,0.9311,0.5644,PROFEK,Team Vitality,astra,True,100,50,0,0,0,5,False,phantom,rifle,,0.6756,0.5278
641.057,1106,ACTIVE_ROUND,3,2,2,,18.869,,s0pp,FUT Esports,chamber,False,,15,0,4,0,6,False,vandal,rifle,,,,xeus,FUT Esports,jett,False,,50,2,1,0,7,False,vandal,rifle,,,,sociablEE,FUT Esports,fade,True,30,6,0,1,0,6,False,vandal,rifle,,0.8878,0.4111,yetujey,FUT Esports,astra,True,82,13,0,0,0,0,False,phantom,rifle,,0.8533,0.3744,KROSTALY,FUT Esports,kayo,False,,24,0,0,0,6,False,phantom,rifle,,,,Chronicle,Team Vitality,chamber,False,,25,0,7,1,5,False,phantom,rifle,,,,Derke,Team Vitality,neon,True,30,27,0,0,1,0,False,phantom,rifle,,0.6400,0.5333,Jamppi,Team Vitality,kayo,True,15,50,0,0,0,3,False,stinger,smg,,0.8733,0.5022,Sayonara,Team Vitality,sova,True,100,50,0,1,0,7,False,vandal,rifle,,0.9178,0.5533,PROFEK,Team Vitality,astra,True,100,50,0,0,0,5,False,phantom,rifle,,0.6800,0.5278
641.541,1107,ACTIVE_ROUND,3,2,2,,19.353,,s0pp,FUT Esports,chamber,False,,15,0,4,0,6,False,vandal,rifle,,,,xeus,FUT Esports,jett,False,,50,2,1,0,7,False,vandal,rifle,,,,sociablEE,FUT Esports,fade,True,30,6,0,1,0,6,False,vandal,rifle,,0.8900,0.3911,yetujey,FUT Esports,astra,True,82,13,0,0,0,0,False,phantom,rifle,,0.8378,0.3767,KROSTALY,FUT Esports,kayo,False,,24,0,0,0,6,False,phantom,rifle,,,,Chronicle,Team Vitality,chamber,False,,25,0,7,1,5,False,phantom,rifle,,,,Derke,Team Vitality,neon,True,30,27,0,0,1,0,False,phantom,rifle,,0.6556,0.5289,Jamppi,Team Vitality,kayo,True,1,50,0,0,0,3,False,stinger,smg,,0.8733,0.5022,Sayonara,Team Vitality,sova,True,100,50,0,1,0,7,False,vandal,rifle,,0.9200,0.5356,PROFEK,Team Vitality,astra,True,100,50,0,0,0,5,False,phantom,rifle,,0.8711,0.4789
642.025,1108,ACTIVE_ROUND,3,2,2,,19.836,,s0pp,FUT Esports,chamber,False,,15,0,4,0,6,False,vandal,rifle,,,,xeus,FUT Esports,jett,False,,50,2,1,0,7,False,vandal,rifle,,,,sociablEE,FUT Esports,fade,True,30,6,0,0,0,6,False,vandal,rifle,,0.8878,0.3711,yetujey,FUT Esports,astra,True,82,13,0,0,0,0,False,phantom,rifle,,0.8244,0.3767,KROSTALY,FUT Esports,kayo,False,,24,0,0,0,6,False,phantom,rifle,,,,Chronicle,Team Vitality,chamber,False,,25,0,7,1,5,False,phantom,rifle,,,,Derke,Team Vitality,neon,True,30,27,0,0,1,0,False,phantom,rifle,,0.6733,0.5244,Jamppi,Team Vitality,kayo,True,1,50,0,0,0,4,False,stinger,smg,,0.8733,0.5022,Sayonara,Team Vitality,sova,True,100,50,0,1,0,7,False,vandal,rifle,,0.9267,0.5200,PROFEK,Team Vitality,astra,True,100,50,1,0,0,5,False,phantom,rifle,,0.8689,0.4767
642.509,1109,ACTIVE_ROUND,3,2,2,,20.320,,s0pp,FUT Esports,chamber,False,,15,0,4,0,6,False,vandal,rifle,,,,xeus,FUT Esports,jett,False,,50,2,1,0,7,False,vandal,rifle,,,,sociablEE,FUT Esports,fade,True,30,6,0,0,0,6,False,vandal,rifle,,0.8833,0.3556,yetujey,FUT Esports,astra,True,82,13,0,0,0,0,False,phantom,rifle,,0.8200,0.3789,KROSTALY,FUT Esports,kayo,False,,24,0,0,0,6,False,phantom,rifle,,,,Chronicle,Team Vitality,chamber,False,,25,0,7,1,5,False,phantom,rifle,,,,Derke,Team Vitality,neon,True,30,27,0,0,1,0,False,phantom,rifle,,0.6733,0.5244,Jamppi,Team Vitality,kayo,True,1,50,0,0,0,4,False,stinger,smg,,0.8733,0.4733,Sayonara,Team Vitality,sova,True,100,50,0,1,0,7,False,vandal,rifle,,0.6289,0.5111,PROFEK,Team Vitality,astra,True,100,50,1,0,0,5,False,phantom,rifle,,0.8689,0.4767
642.992,1110,ACTIVE_ROUND,3,2,2,,20.804,,s0pp,FUT Esports,chamber,False,,15,0,4,0,6,False,vandal,rifle,,,,xeus,FUT Esports,jett,False,,50,2,1,0,7,False,vandal,rifle,,,,sociablEE,FUT Esports,fade,True,30,6,0,0,0,6,False,vandal,rifle,,0.8811,0.3378,yetujey,FUT Esports,astra,True,82,13,0,0,0,0,False,phantom,rifle,,0.8200,0.3789,KROSTALY,FUT Esports,kayo,False,,24,0,0,0,6,False,phantom,rifle,,,,Chronicle,Team Vitality,chamber,False,,25,0,7,1,5,False,phantom,rifle,,,,Derke,Team Vitality,neon,True,30,27,0,0,1,0,False,phantom,rifle,,0.6800,0.5022,Jamppi,Team Vitality,kayo,False,,50,0,0,0,4,False,stinger,smg,,0.8667,0.4889,Sayonara,Team Vitality,sova,True,100,50,0,1,0,7,False,vandal,rifle,,0.9089,0.5000,PROFEK,Team Vitality,astra,True,100,50,1,0,0,5,False,phantom,rifle,,0.8689,0.4767
643.476,1111,ACTIVE_ROUND,3,2,2,,21.288,,s0pp,FUT Esports,chamber,False,,15,0,4,0,6,False,vandal,rifle,,,,xeus,FUT Esports,jett,False,,50,2,1,0,7,False,vandal,rifle,,,,sociablEE,FUT Esports,fade,True,30,6,0,0,0,6,False,vandal,rifle,,0.8722,0.3222,yetujey,FUT Esports,astra,True,82,13,0,0,0,0,False,phantom,rifle,,0.8200,0.3789,KROSTALY,FUT Esports,kayo,False,,24,0,0,0,6,False,phantom,rifle,,,,Chronicle,Team Vitality,chamber,False,,25,0,7,1,5,False,phantom,rifle,,,,Derke,Team Vitality,neon,True,30,27,0,0,1,0,False,phantom,rifle,,0.6800,0.4933,Jamppi,Team Vitality,kayo,False,,50,0,0,0,4,False,stinger,smg,,,,Sayonara,Team Vitality,sova,True,100,50,0,1,0,7,False,vandal,rifle,,0.6311,0.5111,PROFEK,Team Vitality,astra,True,100,50,1,0,0,5,False,phantom,rifle,,0.6822,0.5344
643.960,1112,ACTIVE_ROUND,3,2,2,,21.772,,s0pp,FUT Esports,chamber,False,,15,0,4,0,6,False,vandal,rifle,,,,xeus,FUT Esports,jett,False,,50,2,1,0,7,False,vandal,rifle,,,,sociablEE,FUT Esports,fade,True,30,6,0,0,0,6,False,vandal,rifle,,0.8656,0.3089,yetujey,FUT Esports,astra,True,82,13,0,0,0,0,False,unknown,unknown,,0.8667,0.3611,KROSTALY,FUT Esports,kayo,False,,24,0,0,0,6,False,phantom,rifle,,,,Chronicle,Team Vitality,chamber,False,,25,0,7,1,5,False,phantom,rifle,,,,Derke,Team Vitality,neon,True,30,27,0,0,1,0,False,phantom,rifle,,0.6844,0.4822,Jamppi,Team Vitality,kayo,False,,50,0,0,0,4,False,stinger,smg,,,,Sayonara,Team Vitality,sova,True,100,50,0,1,0,7,False,vandal,rifle,,0.6311,0.5111,PROFEK,Team Vitality,astra,True,100,50,0,0,0,5,False,phantom,rifle,,0.6800,0.1922
644.444,1113,ACTIVE_ROUND,3,2,2,,22.256,,s0pp,FUT Esports,chamber,False,,15,0,4,0,6,False,vandal,rifle,,,,xeus,FUT Esports,jett,False,,50,2,1,0,7,False,vandal,rifle,,,,sociablEE,FUT Esports,fade,True,30,6,0,0,0,6,False,vandal,rifle,,0.8656,0.3089,yetujey,FUT Esports,astra,False,,13,0,0,0,0,False,unknown,unknown,,0.8667,0.3611,KROSTALY,FUT Esports,kayo,False,,24,0,0,0,6,False,phantom,rifle,,,,Chronicle,Team Vitality,chamber,False,,25,0,7,1,5,False,phantom,rifle,,,,Derke,Team Vitality,neon,True,30,27,0,0,1,0,False,phantom,rifle,,0.6889,0.4711,Jamppi,Team Vitality,kayo,False,,50,0,0,0,4,False,stinger,smg,,,,Sayonara,Team Vitality,sova,True,100,50,0,1,0,7,False,vandal,rifle,,0.6311,0.5111,PROFEK,Team Vitality,astra,True,100,50,0,0,0,5,False,phantom,rifle,,0.6978,0.1900
644.928,1114,ACTIVE_ROUND,3,2,2,,22.739,,s0pp,FUT Esports,chamber,False,,15,0,4,0,6,False,vandal,rifle,,,,xeus,FUT Esports,jett,False,,50,2,1,0,7,False,vandal,rifle,,,,sociablEE,FUT Esports,fade,True,30,6,0,0,0,6,False,vandal,rifle,,0.8544,0.3067,yetujey,FUT Esports,astra,False,,13,0,0,0,0,False,unknown,unknown,,,,KROSTALY,FUT Esports,kayo,False,,24,0,0,0,6,False,phantom,rifle,,,,Chronicle,Team Vitality,chamber,False,,25,0,7,1,5,False,phantom,rifle,,,,Derke,Team Vitality,neon,True,30,27,0,0,1,0,False,phantom,rifle,,0.6933,0.4511,Jamppi,Team Vitality,kayo,False,,50,0,0,0,4,False,stinger,smg,,,,Sayonara,Team Vitality,sova,True,100,50,0,1,0,7,False,vandal,rifle,,0.6311,0.5111,PROFEK,Team Vitality,astra,True,100,50,0,0,0,5,False,phantom,rifle,,0.7111,0.1900
645.411,1115,ACTIVE_ROUND,3,2,2,,23.223,,s0pp,FUT Esports,chamber,False,,15,0,4,0,6,False,vandal,rifle,,,,xeus,FUT Esports,jett,False,,50,2,1,0,7,False,vandal,rifle,,,,sociablEE,FUT Esports,fade,True,30,6,0,0,0,6,False,vandal,rifle,,0.8367,0.2978,yetujey,FUT Esports,astra,False,,13,0,0,0,0,False,unknown,unknown,,,,KROSTALY,FUT Esports,kayo,False,,24,0,0,0,6,False,phantom,rifle,,,,Chronicle,Team Vitality,chamber,False,,25,0,7,1,5,False,phantom,rifle,,,,Derke,Team Vitality,neon,True,30,27,0,0,1,0,False,phantom,rifle,,0.6933,0.4156,Jamppi,Team Vitality,kayo,False,,50,0,0,0,4,False,stinger,smg,,,,Sayonara,Team Vitality,sova,True,100,50,0,1,0,7,False,vandal,rifle,,0.8867,0.4667,PROFEK,Team Vitality,astra,True,100,50,0,0,0,5,False,phantom,rifle,,0.6778,0.5300
645.895,1116,ACTIVE_ROUND,3,2,2,,23.707,,s0pp,FUT Esports,chamber,False,,15,0,4,0,6,False,vandal,rifle,,,,xeus,FUT Esports,jett,False,,50,2,1,0,7,False,vandal,rifle,,,,sociablEE,FUT Esports,fade,True,30,6,0,0,0,6,False,vandal,rifle,,0.8278,0.2889,yetujey,FUT Esports,astra,False,,13,0,0,0,0,False,unknown,unknown,,,,KROSTALY,FUT Esports,kayo,False,,24,0,0,0,6,False,phantom,rifle,,,,Chronicle,Team Vitality,chamber,False,,25,0,7,1,5,False,phantom,rifle,,,,Derke,Team Vitality,neon,True,30,27,0,0,1,0,False,phantom,rifle,,0.6911,0.3822,Jamppi,Team Vitality,kayo,False,,50,0,0,0,4,False,stinger,smg,,,,Sayonara,Team Vitality,sova,True,100,50,0,1,0,7,False,vandal,rifle,,0.6356,0.5222,PROFEK,Team Vitality,astra,True,100,50,0,0,0,5,False,phantom,rifle,,0.6778,0.5300
646.379,1117,ACTIVE_ROUND,3,2,2,,24.191,,s0pp,FUT Esports,chamber,False,,15,0,4,0,6,False,vandal,rifle,,,,xeus,FUT Esports,jett,False,,50,2,1,0,7,False,vandal,rifle,,,,sociablEE,FUT Esports,fade,True,30,6,0,0,0,6,False,vandal,rifle,,0.8300,0.2911,yetujey,FUT Esports,astra,False,,13,0,0,0,0,False,unknown,unknown,,,,KROSTALY,FUT Esports,kayo,False,,24,0,0,0,6,False,phantom,rifle,,,,Chronicle,Team Vitality,chamber,False,,25,0,7,1,5,False,phantom,rifle,,,,Derke,Team Vitality,neon,True,30,27,0,0,1,0,False,phantom,rifle,,0.6911,0.3822,Jamppi,Team Vitality,kayo,False,,50,0,0,0,4,False,stinger,smg,,,,Sayonara,Team Vitality,sova,True,100,50,0,1,0,7,False,vandal,rifle,,0.8133,0.5044,PROFEK,Team Vitality,astra,True,100,50,0,0,0,5,False,phantom,rifle,,0.8378,0.4944
646.863,1118,ACTIVE_ROUND,3,2,2,,24.675,,s0pp,FUT Esports,chamber,False,,15,0,4,0,6,False,vandal,rifle,,,,xeus,FUT Esports,jett,False,,50,2,1,0,7,False,vandal,rifle,,,,sociablEE,FUT Esports,fade,True,30,6,0,0,0,6,False,vandal,rifle,,0.8256,0.2867,yetujey,FUT Esports,astra,False,,13,0,0,0,0,False,unknown,unknown,,,,KROSTALY,FUT Esports,kayo,False,,24,0,0,0,6,False,phantom,rifle,,,,Chronicle,Team Vitality,chamber,False,,25,0,7,1,5,False,phantom,rifle,,,,Derke,Team Vitality,neon,True,30,27,0,0,1,0,False,phantom,rifle,,0.6911,0.3756,Jamppi,Team Vitality,kayo,False,,50,0,0,0,4,False,stinger,smg,,,,Sayonara,Team Vitality,sova,True,100,50,0,1,0,7,False,vandal,rifle,,0.8089,0.5044,PROFEK,Team Vitality,astra,True,100,50,0,0,0,5,False,phantom,rifle,,0.8378,0.4944
647.347,1119,ACTIVE_ROUND,3,2,2,,25.158,,s0pp,FUT Esports,chamber,False,,15,0,4,0,6,False,vandal,rifle,,,,xeus,FUT Esports,jett,False,,50,2,1,0,7,False,vandal,rifle,,,,sociablEE,FUT Esports,fade,True,30,6,0,0,0,6,False,vandal,rifle,,0.8144,0.2822,yetujey,FUT Esports,astra,False,,13,0,0,0,0,False,unknown,unknown,,,,KROSTALY,FUT Esports,kayo,False,,24,0,0,0,6,False,phantom,rifle,,,,Chronicle,Team Vitality,chamber,False,,25,0,7,1,5,False,phantom,rifle,,,,Derke,Team Vitality,neon,True,30,27,0,0,1,0,False,phantom,rifle,,0.6889,0.3667,Jamppi,Team Vitality,kayo,False,,50,0,0,0,4,False,stinger,smg,,,,Sayonara,Team Vitality,sova,True,100,50,0,1,0,7,False,vandal,rifle,,0.8200,0.5067,PROFEK,Team Vitality,astra,True,100,50,0,0,0,5,False,phantom,rifle,,0.8378,0.4944
647.831,1120,POST_ROUND,3,2,3,,,0.000,s0pp,FUT Esports,chamber,False,,15,0,4,0,6,False,vandal,rifle,,,,xeus,FUT Esports,jett,False,,50,2,1,0,7,False,vandal,rifle,,,,sociablEE,FUT Esports,fade,False,,6,0,0,0,6,False,unknown,unknown,,0.8144,0.2822,yetujey,FUT Esports,astra,False,,13,0,0,0,0,False,unknown,unknown,,,,KROSTALY,FUT Esports,kayo,False,,24,0,0,0,6,False,phantom,rifle,,,,Chronicle,Team Vitality,chamber,False,,25,0,7,1,5,False,phantom,rifle,,,,Derke,Team Vitality,neon,True,30,27,0,0,0,0,False,phantom,rifle,,0.6889,0.3667,Jamppi,Team Vitality,kayo,False,,50,0,0,0,4,False,stinger,smg,,,,Sayonara,Team Vitality,sova,True,100,50,0,1,0,7,False,vandal,rifle,,0.8200,0.5067,PROFEK,Team Vitality,astra,True,100,50,0,0,0,5,False,phantom,rifle,,0.8378,0.4944
648.314,1121,POST_ROUND,3,2,3,,,0.484,s0pp,FUT Esports,chamber,False,,15,0,4,0,6,False,vandal,rifle,,,,xeus,FUT Esports,jett,False,,50,2,1,0,7,False,vandal,rifle,,,,sociablEE,FUT Esports,fade,False,,6,0,0,0,6,False,unknown,unknown,,0.8144,0.2822,yetujey,FUT Esports,astra,False,,13,0,0,0,0,False,unknown,unknown,,,,KROSTALY,FUT Esports,kayo,False,,24,0,0,0,6,False,phantom,rifle,,,,Chronicle,Team Vitality,chamber,False,,25,0,7,1,5,False,phantom,rifle,,,,Derke,Team Vitality,neon,True,30,27,0,0,0,0,False,phantom,rifle,,0.6889,0.3667,Jamppi,Team Vitality,kayo,False,,50,0,0,0,4,False,stinger,smg,,,,Sayonara,Team Vitality,sova,True,100,50,0,1,0,7,False,vandal,rifle,,0.8200,0.5067,PROFEK,Team Vitality,astra,True,100,50,0,0,0,5,False,phantom,rifle,,0.8378,0.4944
648.798,1122,POST_ROUND,3,2,3,,,0.968,s0pp,FUT Esports,chamber,False,,15,0,4,0,6,False,vandal,rifle,,,,xeus,FUT Esports,jett,False,,50,2,1,0,7,False,vandal,rifle,,,,sociablEE,FUT Esports,fade,False,,6,0,0,0,6,False,unknown,unknown,,0.8144,0.2822,yetujey,FUT Esports,astra,False,,13,0,0,0,0,False,unknown,unknown,,,,KROSTALY,FUT Esports,kayo,False,,24,0,0,0,6,False,phantom,rifle,,,,Chronicle,Team Vitality,chamber,False,,25,0,7,1,5,False,phantom,rifle,,,,Derke,Team Vitality,neon,True,30,27,0,0,0,0,False,phantom,rifle,,0.6889,0.3667,Jamppi,Team Vitality,kayo,False,,50,0,0,0,4,False,stinger,smg,,,,Sayonara,Team Vitality,sova,True,100,50,0,1,0,7,False,vandal,rifle,,0.8200,0.5067,PROFEK,Team Vitality,astra,True,100,50,0,0,0,5,False,phantom,rifle,,0.8378,0.4944
649.282,1123,POST_ROUND,3,2,3,,,1.451,s0pp,FUT Esports,chamber,False,,15,0,4,0,6,False,vandal,rifle,,,,xeus,FUT Esports,jett,False,,50,2,1,0,7,False,vandal,rifle,,,,sociablEE,FUT Esports,fade,False,,6,0,0,0,6,False,unknown,unknown,,0.8144,0.2822,yetujey,FUT Esports,astra,False,,13,0,0,0,0,False,unknown,unknown,,,,KROSTALY,FUT Esports,kayo,False,,24,0,0,0,6,False,phantom,rifle,,,,Chronicle,Team Vitality,chamber,False,,25,0,7,1,5,False,phantom,rifle,,,,Derke,Team Vitality,neon,True,30,27,0,0,0,0,False,phantom,rifle,,0.6889,0.3667,Jamppi,Team Vitality,kayo,False,,50,0,0,0,4,False,stinger,smg,,,,Sayonara,Team Vitality,sova,True,100,50,0,1,0,7,False,vandal,rifle,,0.8200,0.5067,PROFEK,Team Vitality,astra,True,100,50,0,0,0,5,False,phantom,rifle,,0.8378,0.4944
649.766,1124,POST_ROUND,3,2,3,,,1.935,s0pp,FUT Esports,chamber,False,,15,0,4,0,6,False,vandal,rifle,,,,xeus,FUT Esports,jett,False,,50,2,1,0,7,False,vandal,rifle,,,,sociablEE,FUT Esports,fade,False,,6,0,0,0,6,False,unknown,unknown,,0.8144,0.2822,yetujey,FUT Esports,astra,False,,13,0,0,0,0,False,unknown,unknown,,,,KROSTALY,FUT Esports,kayo,False,,24,0,0,0,6,False,phantom,rifle,,,,Chronicle,Team Vitality,chamber,False,,25,0,7,1,5,False,phantom,rifle,,,,Derke,Team Vitality,neon,True,30,27,0,0,0,0,False,phantom,rifle,,0.6889,0.3667,Jamppi,Team Vitality,kayo,False,,50,0,0,0,4,False,stinger,smg,,,,Sayonara,Team Vitality,sova,True,100,50,0,1,0,7,False,vandal,rifle,,0.8200,0.5067,PROFEK,Team Vitality,astra,True,100,50,0,0,0,6,False,phantom,rifle,,0.8378,0.4944
650.250,1125,POST_ROUND,3,2,3,,,2.419,s0pp,FUT Esports,chamber,False,,15,0,4,0,6,False,vandal,rifle,,,,xeus,FUT Esports,jett,False,,50,2,1,0,7,False,vandal,rifle,,,,sociablEE,FUT Esports,fade,False,,6,0,0,0,6,False,unknown,unknown,,0.8144,0.2822,yetujey,FUT Esports,astra,False,,13,0,0,0,0,False,unknown,unknown,,,,KROSTALY,FUT Esports,kayo,False,,24,0,0,0,6,False,phantom,rifle,,,,Chronicle,Team Vitality,chamber,False,,25,0,7,1,5,False,phantom,rifle,,,,Derke,Team Vitality,neon,True,30,27,0,0,0,0,False,phantom,rifle,,0.6889,0.3667,Jamppi,Team Vitality,kayo,False,,50,0,0,0,4,False,stinger,smg,,,,Sayonara,Team Vitality,sova,True,100,50,0,1,0,7,False,vandal,rifle,,0.8200,0.5067,PROFEK,Team Vitality,astra,True,100,50,0,0,0,6,False,phantom,rifle,,0.8378,0.4944
650.733,1126,POST_ROUND,3,2,3,,,2.903,s0pp,FUT Esports,chamber,False,,15,0,4,0,6,False,vandal,rifle,,,,xeus,FUT Esports,jett,False,,50,2,1,0,7,False,vandal,rifle,,,,sociablEE,FUT Esports,fade,False,,6,0,0,0,6,False,unknown,unknown,,0.8144,0.2822,yetujey,FUT Esports,astra,False,,13,0,0,0,0,False,unknown,unknown,,,,KROSTALY,FUT Esports,kayo,False,,24,0,0,0,6,False,phantom,rifle,,,,Chronicle,Team Vitality,chamber,False,,25,0,7,1,5,False,phantom,rifle,,,,Derke,Team Vitality,neon,True,30,27,0,0,0,0,False,phantom,rifle,,0.6889,0.3667,Jamppi,Team Vitality,kayo,False,,50,0,0,0,4,False,stinger,smg,,,,Sayonara,Team Vitality,sova,True,100,50,0,1,0,7,False,vandal,rifle,,0.8200,0.5067,PROFEK,Team Vitality,astra,True,100,50,0,0,0,6,False,phantom,rifle,,0.8378,0.4944
651.217,1127,POST_ROUND,3,2,3,,,3.387,s0pp,FUT Esports,chamber,False,,15,0,4,0,6,False,vandal,rifle,,,,xeus,FUT Esports,jett,False,,50,2,1,0,7,False,vandal,rifle,,,,sociablEE,FUT Esports,fade,False,,6,0,0,0,6,False,unknown,unknown,,0.8144,0.2822,yetujey,FUT Esports,astra,False,,13,0,0,0,0,False,unknown,unknown,,,,KROSTALY,FUT Esports,kayo,False,,24,0,0,0,6,False,phantom,rifle,,,,Chronicle,Team Vitality,chamber,False,,25,0,7,1,5,False,phantom,rifle,,,,Derke,Team Vitality,neon,True,30,27,0,0,0,0,False,phantom,rifle,,0.6889,0.3667,Jamppi,Team Vitality,kayo,False,,50,0,0,0,4,False,stinger,smg,,,,Sayonara,Team Vitality,sova,True,100,50,0,1,0,7,False,vandal,rifle,,0.8200,0.5067,PROFEK,Team Vitality,astra,True,100,50,0,0,0,6,False,phantom,rifle,,0.8378,0.4944
651.701,1128,POST_ROUND,3,2,3,,,3.871,s0pp,FUT Esports,chamber,False,,15,0,4,0,6,False,vandal,rifle,,,,xeus,FUT Esports,jett,False,,50,2,1,0,7,False,vandal,rifle,,,,sociablEE,FUT Esports,fade,False,,6,0,0,0,6,False,unknown,unknown,,0.8144,0.2822,yetujey,FUT Esports,astra,False,,13,0,0,0,0,False,unknown,unknown,,,,KROSTALY,FUT Esports,kayo,False,,24,0,0,0,6,False,phantom,rifle,,,,Chronicle,Team Vitality,chamber,False,,25,0,7,1,5,False,phantom,rifle,,,,Derke,Team Vitality,neon,True,30,27,0,0,0,0,False,phantom,rifle,,0.6889,0.3667,Jamppi,Team Vitality,kayo,False,,50,0,0,0,4,False,stinger,smg,,,,Sayonara,Team Vitality,sova,True,100,50,0,1,0,7,False,vandal,rifle,,0.8200,0.5067,PROFEK,Team Vitality,astra,True,100,50,0,0,0,6,False,phantom,rifle,,0.8378,0.4944
652.185,1129,POST_ROUND,3,2,3,,,4.354,s0pp,FUT Esports,chamber,False,,15,0,4,0,6,False,vandal,rifle,,,,xeus,FUT Esports,jett,False,,50,2,1,0,7,False,vandal,rifle,,,,sociablEE,FUT Esports,fade,False,,6,0,0,0,6,False,unknown,unknown,,0.8144,0.2822,yetujey,FUT Esports,astra,False,,13,0,0,0,0,False,unknown,unknown,,,,KROSTALY,FUT Esports,kayo,False,,24,0,0,0,6,False,phantom,rifle,,,,Chronicle,Team Vitality,chamber,False,,25,0,7,1,5,False,phantom,rifle,,,,Derke,Team Vitality,neon,True,30,27,0,0,0,0,False,phantom,rifle,,0.6889,0.3667,Jamppi,Team Vitality,kayo,False,,50,0,0,0,4,False,stinger,smg,,,,Sayonara,Team Vitality,sova,True,100,50,0,1,0,7,False,vandal,rifle,,0.8200,0.5067,PROFEK,Team Vitality,astra,True,100,50,0,0,0,6,False,phantom,rifle,,0.8378,0.4944
652.669,1130,POST_ROUND,3,2,3,,,4.838,s0pp,FUT Esports,chamber,False,,15,0,4,0,6,False,vandal,rifle,,,,xeus,FUT Esports,jett,False,,50,2,1,0,7,False,vandal,rifle,,,,sociablEE,FUT Esports,fade,False,,6,0,0,0,6,False,unknown,unknown,,0.8144,0.2822,yetujey,FUT Esports,astra,False,,13,0,0,0,0,False,unknown,unknown,,,,KROSTALY,FUT Esports,kayo,False,,24,0,0,0,6,False,phantom,rifle,,,,Chronicle,Team Vitality,chamber,False,,25,0,7,1,5,False,phantom,rifle,,,,Derke,Team Vitality,neon,True,30,27,0,0,0,0,False,phantom,rifle,,0.6889,0.3667,Jamppi,Team Vitality,kayo,False,,50,0,0,0,4,False,stinger,smg,,,,Sayonara,Team Vitality,sova,True,100,50,0,1,0,7,False,vandal,rifle,,0.8200,0.5067,PROFEK,Team Vitality,astra,True,100,50,0,0,0,6,False,phantom,rifle,,0.8378,0.4944
653.153,1131,POST_ROUND,3,2,3,,,5.322,s0pp,FUT Esports,chamber,False,,15,0,4,0,6,False,vandal,rifle,,,,xeus,FUT Esports,jett,False,,50,2,1,0,7,False,vandal,rifle,,,,sociablEE,FUT Esports,fade,False,,6,0,0,0,6,False,unknown,unknown,,0.8144,0.2822,yetujey,FUT Esports,astra,False,,13,0,0,0,0,False,unknown,unknown,,,,KROSTALY,FUT Esports,kayo,False,,24,0,0,0,6,False,phantom,rifle,,,,Chronicle,Team Vitality,chamber,False,,25,0,7,1,5,False,phantom,rifle,,,,Derke,Team Vitality,neon,True,30,27,0,0,0,0,False,phantom,rifle,,0.6889,0.3667,Jamppi,Team Vitality,kayo,False,,50,0,0,0,4,False,stinger,smg,,,,Sayonara,Team Vitality,sova,True,100,50,0,1,0,7,False,vandal,rifle,,0.8200,0.5067,PROFEK,Team Vitality,astra,True,100,50,0,0,0,6,False,phantom,rifle,,0.8378,0.4944
675.408,1177,PREROUND,4,2,3,,,,s0pp,FUT Esports,chamber,True,,,0,4,1,7,False,,,,,,xeus,FUT Esports,jett,True,,,2,1,1,7,True,,,,,,sociablEE,FUT Esports,fade,True,,,2,1,1,7,False,,,,,,yetujey,FUT Esports,astra,True,,,0,3,1,1,False,,,,,,KROSTALY,FUT Esports,kayo,True,,,1,2,1,7,False,,,,,,Chronicle,Team Vitality,chamber,True,,,1,7,1,6,False,,,,,,Derke,Team Vitality,neon,True,,,1,1,1,0,False,,,,,,Jamppi,Team Vitality,kayo,True,,,1,2,1,5,False,,,,,,Sayonara,Team Vitality,sova,True,,,1,2,1,7,False,,,,,,PROFEK,Team Vitality,astra,True,,,1,3,0,6,False,,,,,
675.892,1178,PREROUND,4,2,3,,,,s0pp,FUT Esports,chamber,True,,,0,4,1,7,False,,,,,,xeus,FUT Esports,jett,True,,,2,1,1,7,True,,,,,,sociablEE,FUT Esports,fade,True,,,2,1,1,7,False,,,,,,yetujey,FUT Esports,astra,True,,,1,3,1,1,False,,,,,,KROSTALY,FUT Esports,kayo,True,,,1,2,1,7,False,,,,,,Chronicle,Team Vitality,chamber,True,,,1,7,1,6,False,,,,,,Derke,Team Vitality,neon,True,,,1,1,1,0,False,,,,,,Jamppi,Team Vitality,kayo,True,,,1,2,1,5,False,,,,,,Sayonara,Team Vitality,sova,True,,,1,2,1,7,False,,,,,,PROFEK,Team Vitality,astra,True,,,2,2,1,6,False,,,,,
676.376,1179,PREROUND,4,2,3,,,,s0pp,FUT Esports,chamber,True,,,0,4,1,7,False,,,,,,xeus,FUT Esports,jett,True,,,2,1,1,7,True,,,,,,sociablEE,FUT Esports,fade,True,,,2,1,1,7,False,,,,,,yetujey,FUT Esports,astra,True,,,1,3,1,1,False,,,,,,KROSTALY,FUT Esports,kayo,True,,,1,2,1,7,False,,,,,,Chronicle,Team Vitality,chamber,True,,,0,7,1,6,False,,,,,,Derke,Team Vitality,neon,True,,,1,1,1,0,False,,,,,,Jamppi,Team Vitality,kayo,True,,,1,2,1,5,False,,,,,,Sayonara,Team Vitality,sova,True,,,1,2,1,7,False,,,,,,PROFEK,Team Vitality,astra,True,,,2,2,1,6,False,,,,,
676.860,1180,PREROUND,4,2,3,,,,s0pp,FUT Esports,chamber,True,,,0,4,1,7,False,,,,,,xeus,FUT Esports,jett,True,,,2,1,1,7,True,,,,,,sociablEE,FUT Esports,fade,True,,,2,1,1,7,False,,,,,,yetujey,FUT Esports,astra,True,,,1,3,1,1,False,,,,,,KROSTALY,FUT Esports,kayo,True,,,1,2,1,7,False,,,,,,Chronicle,Team Vitality,chamber,True,,,0,7,1,6,False,,,,,,Derke,Team Vitality,neon,True,,,1,1,1,0,False,,,,,,Jamppi,Team Vitality,kayo,True,,,1,2,1,5,False,,,,,,Sayonara,Team Vitality,sova,True,,,1,2,1,7,False,,,,,,PROFEK,Team Vitality,astra,True,,,1,2,1,6,False,,,,,
677.343,1181,PREROUND,4,2,3,,,,s0pp,FUT Esports,chamber,True,,,0,4,1,7,False,,,,,,xeus,FUT Esports,jett,True,,,2,1,1,7,True,,,,,,sociablEE,FUT Esports,fade,True,,,2,1,1,7,False,,,,,,yetujey,FUT Esports,astra,True,,,1,3,1,1,False,,,,,,KROSTALY,FUT Esports,kayo,True,,,1,2,1,7,False,,,,,,Chronicle,Team Vitality,chamber,True,,,0,7,1,6,False,,,,,,Derke,Team Vitality,neon,True,,,1,1,1,0,False,,,,,,Jamppi,Team Vitality,kayo,True,,,1,2,1,5,False,,,,,,Sayonara,Team Vitality,sova,True,,,1,2,1,7,False,,,,,,PROFEK,Team Vitality,astra,True,,,1,2,1,6,False,,,,,
677.827,1182,PREROUND,4,2,3,,,,s0pp,FUT Esports,chamber,True,,,0,4,1,7,False,,,,,,xeus,FUT Esports,jett,True,,,2,1,1,7,True,,,,,,sociablEE,FUT Esports,fade,True,,,2,1,1,7,False,,,,,,yetujey,FUT Esports,astra,True,,,1,3,1,1,False,,,,,,KROSTALY,FUT Esports,kayo,True,,,1,2,1,7,False,,,,,,Chronicle,Team Vitality,chamber,True,,,0,7,1,6,False,,,,,,Derke,Team Vitality,neon,True,,,1,1,1,0,False,,,,,,Jamppi,Team Vitality,kayo,True,,,1,2,1,5,False,,,,,,Sayonara,Team Vitality,sova,True,,,1,2,1,7,False,,,,,,PROFEK,Team Vitality,astra,True,,,1,2,1,6,False,,,,,
678.311,1183,PREROUND,4,2,3,,,,s0pp,FUT Esports,chamber,True,,,0,4,1,7,False,,,,,,xeus,FUT Esports,jett,True,,,2,1,1,7,True,,,,,,sociablEE,FUT Esports,fade,True,,,2,1,1,7,False,,,,,,yetujey,FUT Esports,astra,True,,,1,3,1,1,False,,,,,,KROSTALY,FUT Esports,kayo,True,,,1,2,1,7,False,,,,,,Chronicle,Team Vitality,chamber,True,,,0,7,1,6,False,,,,,,Derke,Team Vitality,neon,True,,,1,1,1,0,False,,,,,,Jamppi,Team Vitality,kayo,True,,,1,2,1,5,False,,,,,,Sayonara,Team Vitality,sova,True,,,1,2,1,7,False,,,,,,PROFEK,Team Vitality,astra,True,,,1,2,1,6,False,,,,,
678.795,1184,PREROUND,4,2,3,,,,s0pp,FUT Esports,chamber,True,,,0,4,1,7,False,,,,,,xeus,FUT Esports,jett,True,,,2,1,1,7,True,,,,,,sociablEE,FUT Esports,fade,True,,,2,1,1,7,False,,,,,,yetujey,FUT Esports,astra,True,,,1,3,1,1,False,,,,,,KROSTALY,FUT Esports,kayo,True,,,1,2,1,7,False,,,,,,Chronicle,Team Vitality,chamber,True,,,0,7,1,6,False,,,,,,Derke,Team Vitality,neon,True,,,1,1,1,0,False,,,,,,Jamppi,Team Vitality,kayo,True,,,1,2,1,5,False,,,,,,Sayonara,Team Vitality,sova,True,,,1,2,1,7,False,,,,,,PROFEK,Team Vitality,astra,True,,,1,2,1,6,False,,,,,
679.279,1185,PREROUND,4,2,3,,,,s0pp,FUT Esports,chamber,True,,,0,4,1,7,False,,,,,,xeus,FUT Esports,jett,True,,,2,1,1,7,True,,,,,,sociablEE,FUT Esports,fade,True,,,2,1,1,7,False,,,,,,yetujey,FUT Esports,astra,True,,,1,3,1,1,False,,,,,,KROSTALY,FUT Esports,kayo,True,,,1,2,1,7,False,,,,,,Chronicle,Team Vitality,chamber,True,,,0,7,1,6,False,,,,,,Derke,Team Vitality,neon,True,,,1,1,1,0,False,,,,,,Jamppi,Team Vitality,kayo,True,,,1,2,1,5,False,,,,,,Sayonara,Team Vitality,sova,True,,,1,2,1,7,False,,,,,,PROFEK,Team Vitality,astra,True,,,1,2,1,6,False,,,,,
679.762,1186,PREROUND,4,2,3,,,,s0pp,FUT Esports,chamber,True,,,0,4,1,7,False,,,,,,xeus,FUT Esports,jett,True,,,2,1,1,7,True,,,,,,sociablEE,FUT Esports,fade,True,,,2,1,1,7,False,,,,,,yetujey,FUT Esports,astra,True,,,1,3,1,1,False,,,,,,KROSTALY,FUT Esports,kayo,True,,,1,2,1,7,False,,,,,,Chronicle,Team Vitality,chamber,True,,,0,7,1,6,False,,,,,,Derke,Team Vitality,neon,True,,,1,1,1,0,False,,,,,,Jamppi,Team Vitality,kayo,True,,,1,2,1,5,False,,,,,,Sayonara,Team Vitality,sova,True,,,1,2,1,7,False,,,,,,PROFEK,Team Vitality,astra,True,,,1,2,1,6,False,,,,,
680.246,1187,PREROUND,4,2,3,,,,s0pp,FUT Esports,chamber,True,,,0,4,1,7,False,,,,,,xeus,FUT Esports,jett,True,,,2,1,1,7,True,,,,,,sociablEE,FUT Esports,fade,True,,,2,1,1,7,False,,,,,,yetujey,FUT Esports,astra,True,,,1,3,1,1,False,,,,,,KROSTALY,FUT Esports,kayo,True,,,1,2,1,7,False,,,,,,Chronicle,Team Vitality,chamber,True,,,0,7,1,6,False,,,,,,Derke,Team Vitality,neon,True,,,1,1,1,0,False,,,,,,Jamppi,Team Vitality,kayo,True,,,1,2,1,5,False,,,,,,Sayonara,Team Vitality,sova,True,,,1,2,1,7,False,,,,,,PROFEK,Team Vitality,astra,True,,,1,2,1,6,False,,,,,
680.730,1188,PREROUND,4,2,3,,,,s0pp,FUT Esports,chamber,True,,,0,4,1,7,False,,,,,,xeus,FUT Esports,jett,True,,,2,1,1,7,True,,,,,,sociablEE,FUT Esports,fade,True,,,2,1,1,7,False,,,,,,yetujey,FUT Esports,astra,True,,,1,3,1,1,False,,,,,,KROSTALY,FUT Esports,kayo,True,,,1,2,1,7,False,,,,,,Chronicle,Team Vitality,chamber,True,,,0,7,1,6,False,,,,,,Derke,Team Vitality,neon,True,,,1,1,1,0,False,,,,,,Jamppi,Team Vitality,kayo,True,,,1,2,1,5,False,,,,,,Sayonara,Team Vitality,sova,True,,,1,2,1,7,False,,,,,,PROFEK,Team Vitality,astra,True,,,1,2,1,6,False,,,,,
681.214,1189,PREROUND,4,2,3,,,,s0pp,FUT Esports,chamber,True,,,0,4,1,7,False,,,,,,xeus,FUT Esports,jett,True,,,2,1,1,7,True,,,,,,sociablEE,FUT Esports,fade,True,,,2,1,1,7,False,,,,,,yetujey,FUT Esports,astra,True,,,1,3,1,1,False,,,,,,KROSTALY,FUT Esports,kayo,True,,,1,2,1,7,False,,,,,,Chronicle,Team Vitality,chamber,True,,,0,7,1,6,False,,,,,,Derke,Team Vitality,neon,True,,,1,1,1,0,False,,,,,,Jamppi,Team Vitality,kayo,True,,,1,2,1,5,False,,,,,,Sayonara,Team Vitality,sova,True,,,1,2,1,7,False,,,,,,PROFEK,Team Vitality,astra,True,,,1,2,1,6,False,,,,,
681.698,1190,PREROUND,4,2,3,,,,s0pp,FUT Esports,chamber,True,,,0,4,1,7,False,,,,,,xeus,FUT Esports,jett,True,,,2,1,1,7,True,,,,,,sociablEE,FUT Esports,fade,True,,,2,1,1,7,False,,,,,,yetujey,FUT Esports,astra,True,,,1,3,1,1,False,,,,,,KROSTALY,FUT Esports,kayo,True,,,1,2,1,7,False,,,,,,Chronicle,Team Vitality,chamber,True,,,0,7,1,6,False,,,,,,Derke,Team Vitality,neon,True,,,1,1,1,0,False,,,,,,Jamppi,Team Vitality,kayo,True,,,1,2,1,5,False,,,,,,Sayonara,Team Vitality,sova,True,,,1,2,1,7,False,,,,,,PROFEK,Team Vitality,astra,True,,,1,2,1,6,False,,,,,
682.182,1191,PREROUND,4,2,3,,,,s0pp,FUT Esports,chamber,True,,,0,4,1,7,False,,,,,,xeus,FUT Esports,jett,True,,,2,1,1,7,True,,,,,,sociablEE,FUT Esports,fade,True,,,2,1,1,7,False,,,,,,yetujey,FUT Esports,astra,True,,,1,3,1,1,False,,,,,,KROSTALY,FUT Esports,kayo,True,,,1,2,1,7,False,,,,,,Chronicle,Team Vitality,chamber,True,,,0,7,1,6,False,,,,,,Derke,Team Vitality,neon,True,,,1,1,1,0,False,,,,,,Jamppi,Team Vitality,kayo,True,,,1,2,1,5,False,,,,,,Sayonara,Team Vitality,sova,True,,,1,2,1,7,False,,,,,,PROFEK,Team Vitality,astra,True,,,1,2,1,6,False,,,,,
682.665,1192,PREROUND,4,2,3,,,,s0pp,FUT Esports,chamber,True,,,0,4,1,7,False,,,,,,xeus,FUT Esports,jett,True,,,2,1,1,7,True,,,,,,sociablEE,FUT Esports,fade,True,,,2,1,1,7,False,,,,,,yetujey,FUT Esports,astra,True,,,1,3,1,1,False,,,,,,KROSTALY,FUT Esports,kayo,True,,,1,2,1,7,False,,,,,,Chronicle,Team Vitality,chamber,True,,,0,7,1,6,False,,,,,,Derke,Team Vitality,neon,True,,,1,1,1,0,False,,,,,,Jamppi,Team Vitality,kayo,True,,,1,2,1,5,False,,,,,,Sayonara,Team Vitality,sova,True,,,1,2,1,7,False,,,,,,PROFEK,Team Vitality,astra,True,,,1,2,1,6,False,,,,,
683.149,1193,PREROUND,4,2,3,,,,s0pp,FUT Esports,chamber,True,,,0,4,1,7,False,,,,,,xeus,FUT Esports,jett,True,,,2,1,1,7,True,,,,,,sociablEE,FUT Esports,fade,True,,,2,1,1,7,False,,,,,,yetujey,FUT Esports,astra,True,,,1,3,1,1,False,,,,,,KROSTALY,FUT Esports,kayo,True,,,1,2,1,7,False,,,,,,Chronicle,Team Vitality,chamber,True,,,0,7,1,6,False,,,,,,Derke,Team Vitality,neon,True,,,1,1,1,0,False,,,,,,Jamppi,Team Vitality,kayo,True,,,1,2,1,5,False,,,,,,Sayonara,Team Vitality,sova,True,,,1,2,1,7,False,,,,,,PROFEK,Team Vitality,astra,True,,,1,2,1,6,False,,,,,
683.633,1194,PREROUND,4,2,3,,,,s0pp,FUT Esports,chamber,True,,,0,4,1,7,False,,,,,,xeus,FUT Esports,jett,True,,,2,1,1,7,True,,,,,,sociablEE,FUT Esports,fade,True,,,2,1,1,7,False,,,,,,yetujey,FUT Esports,astra,True,,,1,3,1,1,False,,,,,,KROSTALY,FUT Esports,kayo,True,,,1,2,1,7,False,,,,,,Chronicle,Team Vitality,chamber,True,,,0,7,1,6,False,,,,,,Derke,Team Vitality,neon,True,,,1,1,1,0,False,,,,,,Jamppi,Team Vitality,kayo,True,,,1,2,1,5,False,,,,,,Sayonara,Team Vitality,sova,True,,,1,2,1,7,False,,,,,,PROFEK,Team Vitality,astra,True,,,1,2,1,6,False,,,,,
684.117,1195,PREROUND,4,2,3,,,,s0pp,FUT Esports,chamber,True,,,0,4,1,7,False,,,,,,xeus,FUT Esports,jett,True,,,2,1,1,7,True,,,,,,sociablEE,FUT Esports,fade,True,,,2,1,1,7,False,,,,,,yetujey,FUT Esports,astra,True,,,1,3,1,1,False,,,,,,KROSTALY,FUT Esports,kayo,True,,,1,2,1,7,False,,,,,,Chronicle,Team Vitality,chamber,True,,,0,7,1,6,False,,,,,,Derke,Team Vitality,neon,True,,,1,1,1,0,False,,,,,,Jamppi,Team Vitality,kayo,True,,,1,2,1,5,False,,,,,,Sayonara,Team Vitality,sova,True,,,1,2,1,7,False,,,,,,PROFEK,Team Vitality,astra,True,,,1,2,1,6,False,,,,,
684.601,1196,PREROUND,4,2,3,,,,s0pp,FUT Esports,chamber,True,,,0,4,1,7,False,,,,,,xeus,FUT Esports,jett,True,,,2,1,1,7,True,,,,,,sociablEE,FUT Esports,fade,True,,,2,1,1,7,False,,,,,,yetujey,FUT Esports,astra,True,,,1,3,1,1,False,,,,,,KROSTALY,FUT Esports,kayo,True,,,1,2,1,7,False,,,,,,Chronicle,Team Vitality,chamber,True,,,0,7,1,6,False,,,,,,Derke,Team Vitality,neon,True,,,1,1,1,0,False,,,,,,Jamppi,Team Vitality,kayo,True,,,1,2,1,5,False,,,,,,Sayonara,Team Vitality,sova,True,,,1,2,1,7,False,,,,,,PROFEK,Team Vitality,astra,True,,,1,2,1,6,False,,,,,
685.084,1197,ACTIVE_ROUND,4,2,3,99.000,,,s0pp,FUT Esports,chamber,True,100,,0,4,1,7,False,,,,0.8222,0.4000,xeus,FUT Esports,jett,True,100,50,2,1,1,7,True,,,,0.3011,0.3833,sociablEE,FUT Esports,fade,True,100,,2,1,1,7,False,,,,,,yetujey,FUT Esports,astra,True,100,,1,3,1,1,False,,,,0.4311,0.5233,KROSTALY,FUT Esports,kayo,True,100,,1,2,1,7,False,,,,0.2833,0.4656,Chronicle,Team Vitality,chamber,True,100,50,0,7,1,6,False,,,,0.3789,0.5378,Derke,Team Vitality,neon,True,100,50,1,1,1,0,False,,,,0.3089,0.7778,Jamppi,Team Vitality,kayo,True,100,50,1,2,1,5,False,,,,0.7400,0.6600,Sayonara,Team Vitality,sova,True,100,50,1,2,1,7,False,,,,,,PROFEK,Team Vitality,astra,True,100,50,1,2,1,6,False,,,,,
685.568,1198,ACTIVE_ROUND,4,2,3,99.000,,,s0pp,FUT Esports,chamber,True,100,,0,4,1,7,False,,,,0.8222,0.4000,xeus,FUT Esports,jett,True,100,50,2,1,1,7,True,,,,0.2856,0.3900,sociablEE,FUT Esports,fade,True,100,,2,1,1,7,False,,,,,,yetujey,FUT Esports,astra,True,100,,1,3,1,1,False,,,,0.4311,0.5233,KROSTALY,FUT Esports,kayo,True,100,,1,2,1,7,False,,,,0.2856,0.4589,Chronicle,Team Vitality,chamber,True,100,50,0,7,1,6,False,,,,0.3656,0.5467,Derke,Team Vitality,neon,True,100,50,1,1,1,0,False,,,,0.3089,0.7578,Jamppi,Team Vitality,kayo,True,100,50,1,2,1,5,False,,,,0.7511,0.6578,Sayonara,Team Vitality,sova,True,100,50,1,2,1,7,False,,,,,,PROFEK,Team Vitality,astra,True,100,50,1,2,1,6,False,,,,,
686.052,1199,ACTIVE_ROUND,4,2,3,98.000,,,s0pp,FUT Esports,chamber,True,100,,0,4,1,7,False,,,,0.8244,0.4000,xeus,FUT Esports,jett,True,100,50,2,1,1,7,True,,,,0.2789,0.3833,sociablEE,FUT Esports,fade,True,100,,2,1,1,7,False,,,,0.7100,0.4067,yetujey,FUT Esports,astra,True,100,,1,3,1,1,False,,,,0.2844,0.4544,KROSTALY,FUT Esports,kayo,True,100,,1,2,1,7,False,,,,0.7944,0.4100,Chronicle,Team Vitality,chamber,True,100,50,0,7,1,6,False,,,,0.1078,0.4711,Derke,Team Vitality,neon,True,100,50,1,1,1,0,False,,,,0.3044,0.7400,Jamppi,Team Vitality,kayo,True,100,50,1,2,1,5,False,,,,0.7622,0.6533,Sayonara,Team Vitality,sova,True,100,50,1,2,1,7,False,,,,,,PROFEK,Team Vitality,astra,True,100,50,1,2,1,6,False,,,,,
686.536,1200,ACTIVE_ROUND,4,2,3,98.000,,,s0pp,FUT Esports,chamber,True,100,,0,4,1,7,False,classic,sidearm,,0.8178,0.3867,xeus,FUT Esports,jett,True,100,50,2,1,1,7,True,classic,sidearm,,0.2856,0.3789,sociablEE,FUT Esports,fade,True,100,,2,1,0,7,False,classic,sidearm,,0.7078,0.3933,yetujey,FUT Esports,astra,True,100,,1,2,0,1,False,classic,sidearm,,0.4022,0.5500,KROSTALY,FUT Esports,kayo,True,100,,1,2,1,7,False,sheriff,sidearm,,0.7944,0.4100,Chronicle,Team Vitality,chamber,True,100,50,0,7,1,6,False,outlaw,sniper,,0.7122,0.6311,Derke,Team Vitality,neon,True,100,50,1,1,1,0,False,phantom,rifle,,0.2933,0.7222,Jamppi,Team Vitality,kayo,True,100,50,1,2,0,5,False,phantom,rifle,,0.7756,0.6444,Sayonara,Team Vitality,sova,True,100,50,1,2,1,7,False,vandal,rifle,,,,PROFEK,Team Vitality,astra,True,100,50,1,1,0,6,False,phantom,rifle,,,
687.020,1201,ACTIVE_ROUND,4,2,3,97.000,,,s0pp,FUT Esports,chamber,True,100,,0,4,1,7,False,classic,sidearm,,0.8089,0.3667,xeus,FUT Esports,jett,True,100,50,2,1,1,7,True,classic,sidearm,,0.2989,0.3767,sociablEE,FUT Esports,fade,True,100,,2,1,0,7,False,classic,sidearm,,0.7144,0.3822,yetujey,FUT Esports,astra,True,100,,1,2,0,1,False,classic,sidearm,,0.4022,0.5500,KROSTALY,FUT Esports,kayo,True,100,,1,2,1,7,False,sheriff,sidearm,,0.2878,0.4478,Chronicle,Team Vitality,chamber,True,100,50,0,7,1,6,False,outlaw,sniper,,0.6633,0.3911,Derke,Team Vitality,neon,True,100,50,1,1,1,0,False,phantom,rifle,,0.2800,0.7133,Jamppi,Team Vitality,kayo,True,100,50,1,2,0,5,False,phantom,rifle,,0.7844,0.6400,Sayonara,Team Vitality,sova,True,100,50,1,2,1,7,False,vandal,rifle,,,,PROFEK,Team Vitality,astra,True,100,50,1,1,0,6,False,phantom,rifle,,,
687.503,1202,ACTIVE_ROUND,4,2,3,97.000,,,s0pp,FUT Esports,chamber,True,100,,0,4,1,7,False,classic,sidearm,,0.8089,0.3689,xeus,FUT Esports,jett,True,100,50,2,1,1,7,True,classic,sidearm,,0.3100,0.3789,sociablEE,FUT Esports,fade,True,100,,2,1,0,7,False,classic,sidearm,,0.7278,0.3822,yetujey,FUT Esports,astra,True,100,,1,2,0,1,False,classic,sidearm,,0.4022,0.5500,KROSTALY,FUT Esports,kayo,True,100,,1,2,1,7,False,sheriff,sidearm,,0.2856,0.4389,Chronicle,Team Vitality,chamber,True,100,50,0,7,1,6,False,outlaw,sniper,,0.6811,0.3956,Derke,Team Vitality,neon,True,100,50,1,1,1,0,False,phantom,rifle,,0.2800,0.7133,Jamppi,Team Vitality,kayo,True,100,50,1,2,0,5,False,phantom,rifle,,0.7867,0.6378,Sayonara,Team Vitality,sova,True,100,50,1,2,1,7,False,vandal,rifle,,,,PROFEK,Team Vitality,astra,True,100,50,1,1,0,6,False,phantom,rifle,,0.3511,0.7278
687.987,1203,ACTIVE_ROUND,4,2,3,96.000,,,s0pp,FUT Esports,chamber,True,100,,0,4,1,7,False,classic,sidearm,,0.8200,0.3911,xeus,FUT Esports,jett,True,100,50,2,1,1,7,True,classic,sidearm,,0.3100,0.3789,sociablEE,FUT Esports,fade,True,100,,2,1,0,7,False,classic,sidearm,,0.7278,0.3822,yetujey,FUT Esports,astra,True,100,,1,2,0,1,False,classic,sidearm,,0.4022,0.5500,KROSTALY,FUT Esports,kayo,True,100,,1,2,1,7,False,sheriff,sidearm,,0.2878,0.4278,Chronicle,Team Vitality,chamber,True,100,50,0,7,1,6,False,outlaw,sniper,,0.1078,0.4711,Derke,Team Vitality,neon,True,100,50,1,1,1,0,False,phantom,rifle,,0.2511,0.7178,Jamppi,Team Vitality,kayo,True,100,50,1,2,0,5,False,phantom,rifle,,0.7933,0.6289,Sayonara,Team Vitality,sova,True,100,50,1,2,1,7,False,vandal,rifle,,,,PROFEK,Team Vitality,astra,True,100,50,1,1,0,6,False,phantom,rifle,,0.3511,0.7278
688.471,1204,ACTIVE_ROUND,4,2,3,96.000,,,s0pp,FUT Esports,chamber,True,100,,0,4,1,7,False,classic,sidearm,,0.8267,0.4111,xeus,FUT Esports,jett,True,100,50,2,1,1,7,True,classic,sidearm,,0.3122,0.3789,sociablEE,FUT Esports,fade,True,100,,2,1,0,7,False,classic,sidearm,,0.7278,0.3822,yetujey,FUT Esports,astra,True,100,,1,0,0,1,False,classic,sidearm,,0.4022,0.5500,KROSTALY,FUT Esports,kayo,True,100,,1,2,1,7,False,sheriff,sidearm,,0.2856,0.4300,Chronicle,Team Vitality,chamber,True,100,50,0,7,1,6,False,outlaw,sniper,,0.1078,0.4711,Derke,Team Vitality,neon,True,100,50,1,1,1,0,False,phantom,rifle,,0.2422,0.7178,Jamppi,Team Vitality,kayo,True,100,50,1,2,0,5,False,phantom,rifle,,0.7978,0.6178,Sayonara,Team Vitality,sova,True,100,50,0,2,1,7,False,vandal,rifle,,,,PROFEK,Team Vitality,astra,True,100,50,0,1,0,6,False,phantom,rifle,,0.3511,0.7278
688.955,1205,ACTIVE_ROUND,4,2,3,95.000,,,s0pp,FUT Esports,chamber,True,100,,0,4,1,7,False,classic,sidearm,,0.8356,0.4333,xeus,FUT Esports,jett,True,100,50,2,1,1,7,True,classic,sidearm,,0.3122,0.3789,sociablEE,FUT Esports,fade,True,100,,2,1,0,7,False,classic,sidearm,,0.7678,0.3733,yetujey,FUT Esports,astra,True,100,,1,0,0,1,False,classic,sidearm,,0.4022,0.5500,KROSTALY,FUT Esports,kayo,True,100,,1,2,1,7,False,sheriff,sidearm,,0.2856,0.4411,Chronicle,Team Vitality,chamber,True,100,50,0,7,1,6,False,outlaw,sniper,,0.4633,0.6422,Derke,Team Vitality,neon,True,100,50,1,1,1,0,False,phantom,rifle,,0.2422,0.7133,Jamppi,Team Vitality,kayo,True,100,50,1,2,0,5,False,phantom,rifle,,0.8089,0.6178,Sayonara,Team Vitality,sova,True,100,50,0,2,1,7,False,vandal,rifle,,,,PROFEK,Team Vitality,astra,True,100,50,0,1,0,6,False,phantom,rifle,,0.3511,0.7278
689.439,1206,ACTIVE_ROUND,4,2,3,95.000,,,s0pp,FUT Esports,chamber,True,100,,0,4,1,7,False,classic,sidearm,,0.8378,0.4533,xeus,FUT Esports,jett,True,100,50,2,1,1,7,True,classic,sidearm,,0.3056,0.3878,sociablEE,FUT Esports,fade,True,100,,2,1,0,7,False,classic,sidearm,,0.7811,0.3689,yetujey,FUT Esports,astra,True,100,,1,0,0,1,False,classic,sidearm,,0.4022,0.5500,KROSTALY,FUT Esports,kayo,True,100,,1,2,1,7,False,sheriff,sidearm,,0.2856,0.4567,Chronicle,Team Vitality,chamber,True,100,50,0,7,1,6,False,outlaw,sniper,,0.3922,0.6711,Derke,Team Vitality,neon,True,100,50,1,1,1,0,False,phantom,rifle,,0.2422,0.7133,Jamppi,Team Vitality,kayo,True,100,50,1,2,0,5,False,phantom,rifle,,0.8200,0.6156,Sayonara,Team Vitality,sova,True,100,50,0,2,1,7,False,vandal,rifle,,,,PROFEK,Team Vitality,astra,True,100,50,0,1,0,6,False,phantom,rifle,,0.3511,0.7278
689.923,1207,ACTIVE_ROUND,4,2,3,94.000,,,s0pp,FUT Esports,chamber,True,100,,0,4,1,7,False,classic,sidearm,,0.8378,0.4533,xeus,FUT Esports,jett,True,100,50,2,1,1,7,True,classic,sidearm,,0.3011,0.3967,sociablEE,FUT Esports,fade,True,100,,2,1,0,7,False,classic,sidearm,,0.7922,0.3711,yetujey,FUT Esports,astra,True,100,,1,0,0,1,False,classic,sidearm,,0.4022,0.5500,KROSTALY,FUT Esports,kayo,True,100,,1,2,1,7,False,sheriff,sidearm,,0.8256,0.6122,Chronicle,Team Vitality,chamber,True,100,50,0,7,1,6,False,outlaw,sniper,,0.1078,0.4578,Derke,Team Vitality,neon,True,100,50,1,1,1,0,False,phantom,rifle,,0.2333,0.7178,Jamppi,Team Vitality,kayo,True,100,50,1,2,0,5,False,phantom,rifle,,0.8311,0.6156,Sayonara,Team Vitality,sova,True,100,50,0,2,1,7,False,vandal,rifle,,,,PROFEK,Team Vitality,astra,True,100,50,0,1,0,6,False,phantom,rifle,,0.3511,0.7278
690.406,1208,ACTIVE_ROUND,4,2,3,94.000,,,s0pp,FUT Esports,chamber,True,100,,0,4,1,7,False,classic,sidearm,,0.8378,0.4533,xeus,FUT Esports,jett,True,100,50,2,1,1,7,True,classic,sidearm,,0.3011,0.4078,sociablEE,FUT Esports,fade,True,100,,2,1,0,7,False,classic,sidearm,,0.7989,0.3800,yetujey,FUT Esports,astra,True,100,,1,0,0,1,False,classic,sidearm,,0.4022,0.5500,KROSTALY,FUT Esports,kayo,True,100,,1,2,1,7,False,sheriff,sidearm,,0.2833,0.4789,Chronicle,Team Vitality,chamber,True,100,50,0,7,1,6,False,outlaw,sniper,,0.1078,0.4622,Derke,Team Vitality,neon,True,100,50,1,1,1,0,False,phantom,rifle,,0.2267,0.7222,Jamppi,Team Vitality,kayo,True,100,50,1,2,0,5,False,phantom,rifle,,0.8422,0.6178,Sayonara,Team Vitality,sova,True,100,50,0,2,1,7,False,vandal,rifle,,,,PROFEK,Team Vitality,astra,True,100,50,2,1,0,6,False,phantom,rifle,,0.3511,0.7278
690.890,1209,ACTIVE_ROUND,4,2,3,93.000,,,s0pp,FUT Esports,chamber,True,100,,0,4,1,7,False,classic,sidearm,,0.8378,0.4533,xeus,FUT Esports,jett,True,100,50,2,1,1,7,True,classic,sidearm,,0.3033,0.4078,sociablEE,FUT Esports,fade,True,100,,2,1,0,7,False,classic,sidearm,,0.7967,0.3822,yetujey,FUT Esports,astra,True,100,,1,0,0,1,False,classic,sidearm,,0.4022,0.5500,KROSTALY,FUT Esports,kayo,True,100,,1,2,1,7,False,sheriff,sidearm,,0.2833,0.4900,Chronicle,Team Vitality,chamber,True,100,50,0,7,1,6,False,outlaw,sniper,,0.1078,0.4578,Derke,Team Vitality,neon,True,100,50,1,1,1,0,False,phantom,rifle,,0.2267,0.7222,Jamppi,Team Vitality,kayo,True,100,50,1,2,0,5,False,phantom,rifle,,0.8444,0.6178,Sayonara,Team Vitality,sova,True,100,50,0,2,1,7,False,vandal,rifle,,,,PROFEK,Team Vitality,astra,True,100,50,2,1,0,6,False,phantom,rifle,,0.3511,0.7256
691.374,1210,ACTIVE_ROUND,4,2,3,93.000,,,s0pp,FUT Esports,chamber,True,100,,0,4,1,7,False,classic,sidearm,,0.8378,0.4533,xeus,FUT Esports,jett,True,100,50,2,1,1,7,True,classic,sidearm,,0.3033,0.3944,sociablEE,FUT Esports,fade,True,100,,2,1,0,7,False,classic,sidearm,,0.7856,0.3822,yetujey,FUT Esports,astra,True,100,,1,0,0,1,False,classic,sidearm,,0.4022,0.5500,KROSTALY,FUT Esports,kayo,True,100,,1,2,1,7,False,sheriff,sidearm,,0.2722,0.4944,Chronicle,Team Vitality,chamber,True,100,50,0,7,1,6,False,outlaw,sniper,,0.1078,0.4578,Derke,Team Vitality,neon,True,100,50,1,1,1,0,False,phantom,rifle,,0.1844,0.7422,Jamppi,Team Vitality,kayo,True,100,50,1,2,0,5,False,phantom,rifle,,0.8444,0.6178,Sayonara,Team Vitality,sova,True,100,50,0,2,1,7,False,vandal,rifle,,,,PROFEK,Team Vitality,astra,True,100,50,2,1,0,6,False,phantom,rifle,,0.3511,0.7256
691.858,1211,ACTIVE_ROUND,4,2,3,92.000,,,s0pp,FUT Esports,chamber,True,100,,0,4,1,7,False,classic,sidearm,,0.8378,0.4533,xeus,FUT Esports,jett,True,100,50,2,1,1,7,True,classic,sidearm,,0.2967,0.3833,sociablEE,FUT Esports,fade,True,100,,2,1,0,7,False,classic,sidearm,,0.7856,0.3822,yetujey,FUT Esports,astra,True,100,,1,0,0,1,False,classic,sidearm,,0.4022,0.5500,KROSTALY,FUT Esports,kayo,True,100,,1,2,1,7,False,sheriff,sidearm,,0.1478,0.2989,Chronicle,Team Vitality,chamber,True,100,50,0,7,1,6,False,outlaw,sniper,,0.3878,0.6333,Derke,Team Vitality,neon,True,100,50,1,1,1,0,False,phantom,rifle,,0.1533,0.7422,Jamppi,Team Vitality,kayo,True,100,50,1,2,0,5,False,phantom,rifle,,0.8444,0.6178,Sayonara,Team Vitality,sova,True,100,50,0,2,1,7,False,vandal,rifle,,,,PROFEK,Team Vitality,astra,True,100,50,2,1,0,6,False,phantom,rifle,,0.3511,0.7256
692.342,1212,ACTIVE_ROUND,4,2,3,92.000,,,s0pp,FUT Esports,chamber,True,100,,0,4,1,7,False,classic,sidearm,,0.8378,0.4533,xeus,FUT Esports,jett,True,100,50,2,1,1,7,True,classic,sidearm,,0.9189,0.4878,sociablEE,FUT Esports,fade,True,100,,2,1,0,7,False,classic,sidearm,,0.7633,0.3733,yetujey,FUT Esports,astra,True,100,,1,1,0,1,False,classic,sidearm,,0.4022,0.5500,KROSTALY,FUT Esports,kayo,True,100,,1,2,1,7,False,sheriff,sidearm,,0.2722,0.4967,Chronicle,Team Vitality,chamber,True,100,50,0,7,1,6,False,outlaw,sniper,,0.1078,0.4533,Derke,Team Vitality,neon,True,100,50,1,1,1,0,False,phantom,rifle,,0.1444,0.7422,Jamppi,Team Vitality,kayo,True,100,50,1,2,0,5,False,phantom,rifle,,0.8444,0.6178,Sayonara,Team Vitality,sova,True,100,50,0,2,1,7,False,vandal,rifle,,,,PROFEK,Team Vitality,astra,True,100,50,1,1,0,6,False,phantom,rifle,,0.3511,0.7256
692.825,1213,ACTIVE_ROUND,4,2,3,91.000,,,s0pp,FUT Esports,chamber,True,100,,0,4,1,7,False,classic,sidearm,,0.8378,0.4533,xeus,FUT Esports,jett,True,100,50,2,1,1,7,True,classic,sidearm,,0.2967,0.3856,sociablEE,FUT Esports,fade,True,100,,2,1,0,7,False,classic,sidearm,,0.7522,0.3667,yetujey,FUT Esports,astra,True,100,,1,1,0,1,False,classic,sidearm,,0.4022,0.5500,KROSTALY,FUT Esports,kayo,True,100,,1,2,1,7,False,sheriff,sidearm,,0.2722,0.4967,Chronicle,Team Vitality,chamber,True,100,50,0,7,1,6,False,outlaw,sniper,,0.1078,0.4622,Derke,Team Vitality,neon,True,100,50,1,1,1,0,False,phantom,rifle,,0.1444,0.7422,Jamppi,Team Vitality,kayo,True,100,50,1,2,0,5,False,phantom,rifle,,0.8444,0.6178,Sayonara,Team Vitality,sova,True,100,50,0,2,1,7,False,vandal,rifle,,,,PROFEK,Team Vitality,astra,True,100,50,1,1,0,6,False,phantom,rifle,,0.3511,0.7256
693.309,1214,ACTIVE_ROUND,4,2,3,91.000,,,s0pp,FUT Esports,chamber,True,100,,0,4,1,7,False,classic,sidearm,,0.8378,0.4533,xeus,FUT Esports,jett,True,100,50,2,1,1,7,True,classic,sidearm,,0.9344,0.4833,sociablEE,FUT Esports,fade,True,100,,2,1,0,7,False,classic,sidearm,,0.7500,0.3644,yetujey,FUT Esports,astra,True,100,,1,1,0,1,False,classic,sidearm,,0.4022,0.5500,KROSTALY,FUT Esports,kayo,True,100,,1,2,1,7,False,sheriff,sidearm,,0.2722,0.4967,Chronicle,Team Vitality,chamber,True,100,50,0,7,1,6,False,outlaw,sniper,,0.0900,0.5600,Derke,Team Vitality,neon,True,100,50,1,1,1,0,False,phantom,rifle,,0.1444,0.7422,Jamppi,Team Vitality,kayo,True,100,50,1,2,0,5,False,phantom,rifle,,0.8422,0.6178,Sayonara,Team Vitality,sova,True,100,50,0,2,1,7,False,vandal,rifle,,,,PROFEK,Team Vitality,astra,True,100,50,1,1,0,6,False,phantom,rifle,,0.3511,0.7256
693.793,1215,ACTIVE_ROUND,4,2,3,90.000,,,s0pp,FUT Esports,chamber,True,100,,0,4,1,7,False,classic,sidearm,,0.8378,0.4533,xeus,FUT Esports,jett,True,100,50,2,1,1,7,True,classic,sidearm,,0.9389,0.4856,sociablEE,FUT Esports,fade,True,100,,2,1,0,7,False,classic,sidearm,,0.7456,0.3756,yetujey,FUT Esports,astra,True,100,,1,1,0,1,False,classic,sidearm,,0.4022,0.5500,KROSTALY,FUT Esports,kayo,True,100,,1,2,1,7,False,sheriff,sidearm,,0.2722,0.4967,Chronicle,Team Vitality,chamber,True,100,50,0,7,1,6,False,outlaw,sniper,,0.6944,0.3844,Derke,Team Vitality,neon,True,100,50,1,1,1,0,False,phantom,rifle,,0.1422,0.7400,Jamppi,Team Vitality,kayo,True,100,50,1,2,0,5,False,phantom,rifle,,0.8444,0.6178,Sayonara,Team Vitality,sova,True,100,50,0,2,1,7,False,vandal,rifle,,,,PROFEK,Team Vitality,astra,True,100,50,1,1,0,6,False,phantom,rifle,,0.3511,0.7256
694.277,1216,ACTIVE_ROUND,4,2,3,90.000,,,s0pp,FUT Esports,chamber,True,100,,0,4,1,7,False,classic,sidearm,,0.8378,0.4533,xeus,FUT Esports,jett,True,100,50,2,1,1,7,True,classic,sidearm,,0.9278,0.5033,sociablEE,FUT Esports,fade,True,100,,2,1,0,7,False,classic,sidearm,,0.7411,0.3844,yetujey,FUT Esports,astra,True,100,,1,1,0,1,False,classic,sidearm,,0.4022,0.5500,KROSTALY,FUT Esports,kayo,True,100,,1,2,1,7,False,sheriff,sidearm,,0.2744,0.4900,Chronicle,Team Vitality,chamber,True,100,50,0,7,1,6,False,outlaw,sniper,,0.3878,0.6333,Derke,Team Vitality,neon,True,100,50,1,1,1,0,False,phantom,rifle,,0.1400,0.7378,Jamppi,Team Vitality,kayo,True,100,50,1,2,0,5,False,phantom,rifle,,0.8444,0.6178,Sayonara,Team Vitality,sova,True,100,50,0,2,1,7,False,vandal,rifle,,0.1800,0.6511,PROFEK,Team Vitality,astra,True,100,50,2,1,0,6,False,phantom,rifle,,0.3533,0.7278
694.761,1217,ACTIVE_ROUND,4,2,3,89.000,,,s0pp,FUT Esports,chamber,True,100,,0,4,1,7,False,classic,sidearm,,0.8378,0.4533,xeus,FUT Esports,jett,True,100,50,2,1,1,7,True,classic,sidearm,,0.2811,0.4056,sociablEE,FUT Esports,fade,True,100,,2,1,0,7,False,classic,sidearm,,0.7433,0.3756,yetujey,FUT Esports,astra,True,100,,1,1,0,1,False,classic,sidearm,,0.4022,0.5500,KROSTALY,FUT Esports,kayo,True,100,,1,2,1,7,False,sheriff,sidearm,,0.2767,0.4900,Chronicle,Team Vitality,chamber,True,100,50,0,7,1,6,False,outlaw,sniper,,0.3878,0.6333,Derke,Team Vitality,neon,True,100,50,1,1,1,0,False,phantom,rifle,,0.1444,0.7444,Jamppi,Team Vitality,kayo,True,100,50,1,2,0,5,False,phantom,rifle,,0.8444,0.6178,Sayonara,Team Vitality,sova,True,100,50,0,2,1,7,False,vandal,rifle,,0.1800,0.6511,PROFEK,Team Vitality,astra,True,100,50,2,1,0,6,False,phantom,rifle,,0.3533,0.7278
695.245,1218,ACTIVE_ROUND,4,2,3,89.000,,,s0pp,FUT Esports,chamber,True,100,,0,4,1,7,False,classic,sidearm,,0.8378,0.4533,xeus,FUT Esports,jett,True,100,50,2,1,1,7,True,classic,sidearm,,0.2811,0.4056,sociablEE,FUT Esports,fade,True,100,,2,1,0,7,False,classic,sidearm,,0.7456,0.3733,yetujey,FUT Esports,astra,True,100,,1,1,0,1,False,classic,sidearm,,0.4022,0.5500,KROSTALY,FUT Esports,kayo,True,100,,1,2,1,7,False,sheriff,sidearm,,0.2767,0.4900,Chronicle,Team Vitality,chamber,True,100,50,0,7,1,6,False,outlaw,sniper,,0.3878,0.6333,Derke,Team Vitality,neon,True,100,50,1,1,1,0,False,phantom,rifle,,0.1467,0.7422,Jamppi,Team Vitality,kayo,True,100,50,1,2,0,5,False,phantom,rifle,,0.8444,0.6178,Sayonara,Team Vitality,sova,True,100,50,0,2,1,7,False,vandal,rifle,,0.1800,0.6511,PROFEK,Team Vitality,astra,True,100,50,2,1,0,6,False,phantom,rifle,,0.3533,0.7278
695.728,1219,ACTIVE_ROUND,4,2,3,88.000,,,s0pp,FUT Esports,chamber,True,100,,0,4,1,7,False,classic,sidearm,,0.8378,0.4533,xeus,FUT Esports,jett,True,100,50,2,1,1,7,True,classic,sidearm,,0.3144,0.4078,sociablEE,FUT Esports,fade,True,100,,2,1,0,7,False,classic,sidearm,,0.7456,0.3733,yetujey,FUT Esports,astra,True,100,,1,1,0,1,False,classic,sidearm,,0.4022,0.5500,KROSTALY,FUT Esports,kayo,True,100,,1,2,1,7,False,sheriff,sidearm,,0.2767,0.4878,Chronicle,Team Vitality,chamber,True,100,50,0,7,1,6,False,outlaw,sniper,,0.3878,0.6333,Derke,Team Vitality,neon,True,100,50,1,1,1,0,False,phantom,rifle,,0.1400,0.7400,Jamppi,Team Vitality,kayo,True,100,50,1,2,0,5,False,phantom,rifle,,0.8444,0.6178,Sayonara,Team Vitality,sova,True,100,50,0,2,1,7,False,vandal,rifle,,0.1778,0.6556,PROFEK,Team Vitality,astra,True,100,50,2,1,0,6,False,phantom,rifle,,0.3511,0.7278
696.212,1220,ACTIVE_ROUND,4,2,3,88.000,,,s0pp,FUT Esports,chamber,True,100,,0,4,1,7,False,classic,sidearm,,0.8378,0.4533,xeus,FUT Esports,jett,True,100,50,2,1,1,7,True,classic,sidearm,,0.2922,0.4078,sociablEE,FUT Esports,fade,True,100,,2,1,0,7,False,classic,sidearm,,0.7456,0.3733,yetujey,FUT Esports,astra,True,100,,1,1,0,1,False,classic,sidearm,,0.4022,0.5500,KROSTALY,FUT Esports,kayo,True,100,,1,2,1,7,False,sheriff,sidearm,,0.2856,0.4811,Chronicle,Team Vitality,chamber,True,100,50,0,7,1,6,False,outlaw,sniper,,0.1144,0.5689,Derke,Team Vitality,neon,True,100,50,1,1,1,0,False,phantom,rifle,,0.1400,0.7400,Jamppi,Team Vitality,kayo,True,100,50,1,2,0,5,False,phantom,rifle,,0.8444,0.6178,Sayonara,Team Vitality,sova,True,100,50,0,2,1,7,False,vandal,rifle,,0.1778,0.6556,PROFEK,Team Vitality,astra,True,100,50,1,1,0,6,False,phantom,rifle,,0.3511,0.7278
696.696,1221,ACTIVE_ROUND,4,2,3,87.000,,,s0pp,FUT Esports,chamber,True,100,,0,4,1,7,False,classic,sidearm,,0.8378,0.4533,xeus,FUT Esports,jett,True,100,50,2,1,1,7,True,classic,sidearm,,0.2944,0.4100,sociablEE,FUT Esports,fade,True,100,,2,1,0,7,False,classic,sidearm,,0.7456,0.3733,yetujey,FUT Esports,astra,True,100,,1,1,0,1,False,classic,sidearm,,0.4022,0.5500,KROSTALY,FUT Esports,kayo,True,100,,1,2,1,7,False,sheriff,sidearm,,0.2833,0.4700,Chronicle,Team Vitality,chamber,True,100,50,0,7,1,6,False,outlaw,sniper,,0.3567,0.5511,Derke,Team Vitality,neon,True,100,50,1,1,1,0,False,phantom,rifle,,0.1333,0.7400,Jamppi,Team Vitality,kayo,True,100,50,1,2,0,5,False,phantom,rifle,,0.8444,0.6178,Sayonara,Team Vitality,sova,True,100,50,0,2,1,7,False,vandal,rifle,,0.1778,0.6556,PROFEK,Team Vitality,astra,True,100,50,1,1,0,6,False,phantom,rifle,,0.3511,0.7278
697.180,1222,ACTIVE_ROUND,4,2,3,87.000,,,s0pp,FUT Esports,chamber,True,100,,0,4,1,7,False,classic,sidearm,,0.8378,0.4533,xeus,FUT Esports,jett,True,100,50,2,1,1,7,True,classic,sidearm,,0.2967,0.4122,sociablEE,FUT Esports,fade,True,100,,2,1,0,7,False,classic,sidearm,,0.7456,0.3733,yetujey,FUT Esports,astra,True,100,,1,1,0,1,False,classic,sidearm,,0.4022,0.5500,KROSTALY,FUT Esports,kayo,True,100,,1,2,1,7,False,sheriff,sidearm,,0.2789,0.4589,Chronicle,Team Vitality,chamber,True,100,50,0,7,1,6,False,outlaw,sniper,,0.3611,0.5511,Derke,Team Vitality,neon,True,100,50,1,1,1,0,False,phantom,rifle,,0.1333,0.7400,Jamppi,Team Vitality,kayo,True,100,50,1,2,0,5,False,phantom,rifle,,0.8422,0.6178,Sayonara,Team Vitality,sova,True,100,50,0,2,1,7,False,vandal,rifle,,0.1778,0.6556,PROFEK,Team Vitality,astra,True,100,50,1,1,0,6,False,phantom,rifle,,0.3511,0.7278
697.664,1223,ACTIVE_ROUND,4,2,3,86.000,,,s0pp,FUT Esports,chamber,True,100,,0,4,1,7,False,classic,sidearm,,0.8378,0.4533,xeus,FUT Esports,jett,True,100,50,2,1,1,7,True,classic,sidearm,,0.2989,0.3989,sociablEE,FUT Esports,fade,True,100,,2,1,0,7,False,classic,sidearm,,0.7456,0.3733,yetujey,FUT Esports,astra,True,100,,1,1,0,1,False,classic,sidearm,,0.4022,0.5500,KROSTALY,FUT Esports,kayo,True,100,,1,2,1,7,False,sheriff,sidearm,,0.2744,0.4500,Chronicle,Team Vitality,chamber,True,100,50,0,7,1,6,False,outlaw,sniper,,0.3611,0.5511,Derke,Team Vitality,neon,True,100,50,1,1,1,0,False,phantom,rifle,,0.1356,0.7400,Jamppi,Team Vitality,kayo,True,100,50,1,2,0,5,False,phantom,rifle,,0.8444,0.6178,Sayonara,Team Vitality,sova,True,100,50,0,2,1,7,False,vandal,rifle,,0.1778,0.6556,PROFEK,Team Vitality,astra,True,100,50,1,1,0,6,False,phantom,rifle,,0.3511,0.7278
698.147,1224,ACTIVE_ROUND,4,2,3,86.000,,,s0pp,FUT Esports,chamber,True,100,,0,4,1,7,False,classic,sidearm,,0.8378,0.4533,xeus,FUT Esports,jett,True,100,50,2,1,1,7,True,classic,sidearm,,0.2989,0.3856,sociablEE,FUT Esports,fade,True,100,,2,1,0,7,False,classic,sidearm,,0.7456,0.3733,yetujey,FUT Esports,astra,True,100,,1,1,0,1,False,classic,sidearm,,0.4022,0.5500,KROSTALY,FUT Esports,kayo,True,100,,1,2,1,7,False,sheriff,sidearm,,0.2656,0.4411,Chronicle,Team Vitality,chamber,True,100,50,0,7,1,6,False,outlaw,sniper,,0.6989,0.3911,Derke,Team Vitality,neon,True,100,50,1,1,1,0,False,phantom,rifle,,0.1356,0.7400,Jamppi,Team Vitality,kayo,True,100,50,1,2,0,5,False,phantom,rifle,,0.8444,0.6178,Sayonara,Team Vitality,sova,True,100,50,0,2,1,7,False,vandal,rifle,,0.1778,0.6556,PROFEK,Team Vitality,astra,True,100,50,1,1,0,6,False,phantom,rifle,,0.3511,0.7278
698.631,1225,ACTIVE_ROUND,4,2,3,85.000,,,s0pp,FUT Esports,chamber,True,100,,0,4,1,7,False,classic,sidearm,,0.9667,0.5356,xeus,FUT Esports,jett,True,100,50,2,1,1,7,True,classic,sidearm,,0.2922,0.3811,sociablEE,FUT Esports,fade,True,100,,2,1,0,7,False,classic,sidearm,,0.7456,0.3733,yetujey,FUT Esports,astra,True,100,,1,1,0,1,False,classic,sidearm,,0.4022,0.5500,KROSTALY,FUT Esports,kayo,True,100,,1,2,1,7,False,sheriff,sidearm,,0.2589,0.4389,Chronicle,Team Vitality,chamber,True,100,50,0,7,1,6,False,outlaw,sniper,,0.6944,0.3978,Derke,Team Vitality,neon,True,100,50,1,1,1,0,False,phantom,rifle,,0.1400,0.7400,Jamppi,Team Vitality,kayo,True,100,50,1,2,0,5,False,phantom,rifle,,0.8444,0.6200,Sayonara,Team Vitality,sova,True,100,50,0,2,1,7,False,vandal,rifle,,0.1778,0.6556,PROFEK,Team Vitality,astra,True,100,50,1,1,0,6,False,phantom,rifle,,0.3511,0.7278
699.115,1226,ACTIVE_ROUND,4,2,3,85.000,,,s0pp,FUT Esports,chamber,True,100,,0,4,1,7,False,classic,sidearm,,0.9667,0.5356,xeus,FUT Esports,jett,True,100,50,2,1,1,7,True,classic,sidearm,,0.2767,0.3833,sociablEE,FUT Esports,fade,True,100,,2,1,0,7,False,classic,sidearm,,0.7456,0.3733,yetujey,FUT Esports,astra,True,100,,1,1,0,1,False,classic,sidearm,,0.4022,0.5500,KROSTALY,FUT Esports,kayo,True,100,,1,2,1,7,False,sheriff,sidearm,,0.2611,0.4433,Chronicle,Team Vitality,chamber,True,100,50,0,7,1,6,False,outlaw,sniper,,0.3878,0.6889,Derke,Team Vitality,neon,True,100,50,1,1,1,0,False,phantom,rifle,,0.1400,0.7400,Jamppi,Team Vitality,kayo,True,100,50,1,2,0,5,False,phantom,rifle,,0.8444,0.6178,Sayonara,Team Vitality,sova,True,100,50,0,2,1,7,False,vandal,rifle,,0.1778,0.6556,PROFEK,Team Vitality,astra,True,100,50,1,1,0,6,False,phantom,rifle,,0.3511,0.7278
699.599,1227,ACTIVE_ROUND,4,2,3,85.000,,,s0pp,FUT Esports,chamber,True,100,,0,4,1,7,False,classic,sidearm,,0.9667,0.5356,xeus,FUT Esports,jett,True,100,50,2,1,1,7,True,classic,sidearm,,0.9500,0.5633,sociablEE,FUT Esports,fade,True,100,,2,1,0,7,False,classic,sidearm,,0.7433,0.3822,yetujey,FUT Esports,astra,True,100,,1,1,0,1,False,classic,sidearm,,0.3800,0.5478,KROSTALY,FUT Esports,kayo,True,100,,1,2,1,7,False,sheriff,sidearm,,0.2678,0.4500,Chronicle,Team Vitality,chamber,True,100,50,0,7,1,6,False,outlaw,sniper,,0.7700,0.6311,Derke,Team Vitality,neon,True,100,50,1,1,1,0,False,phantom,rifle,,0.1400,0.7400,Jamppi,Team Vitality,kayo,True,100,50,1,2,0,5,False,phantom,rifle,,0.8444,0.6178,Sayonara,Team Vitality,sova,True,100,50,0,2,1,7,False,vandal,rifle,,0.1778,0.6556,PROFEK,Team Vitality,astra,True,100,50,1,1,0,6,False,phantom,rifle,,0.3511,0.7278
700.083,1228,ACTIVE_ROUND,4,2,3,84.000,,,s0pp,FUT Esports,chamber,True,100,,0,4,1,7,False,classic,sidearm,,0.9667,0.5356,xeus,FUT Esports,jett,True,100,50,2,1,1,7,True,classic,sidearm,,0.2589,0.4011,sociablEE,FUT Esports,fade,True,100,,2,1,0,7,False,classic,sidearm,,0.7433,0.3822,yetujey,FUT Esports,astra,True,100,,1,1,0,1,False,classic,sidearm,,0.3800,0.5478,KROSTALY,FUT Esports,kayo,True,100,,1,2,1,7,False,sheriff,sidearm,,0.2789,0.4567,Chronicle,Team Vitality,chamber,True,100,50,0,7,1,6,False,outlaw,sniper,,0.2633,0.7622,Derke,Team Vitality,neon,True,100,50,1,1,1,0,False,phantom,rifle,,0.1444,0.7400,Jamppi,Team Vitality,kayo,True,100,50,1,2,0,5,False,phantom,rifle,,0.8444,0.6178,Sayonara,Team Vitality,sova,True,100,50,0,2,1,7,False,vandal,rifle,,0.1778,0.6556,PROFEK,Team Vitality,astra,True,100,50,1,1,0,6,False,phantom,rifle,,0.3511,0.7278
700.567,1229,ACTIVE_ROUND,4,2,3,84.000,,,s0pp,FUT Esports,chamber,True,100,,0,4,1,7,False,classic,sidearm,,0.9667,0.5356,xeus,FUT Esports,jett,True,100,50,2,1,1,7,True,classic,sidearm,,0.9433,0.5767,sociablEE,FUT Esports,fade,True,100,,2,1,0,7,False,classic,sidearm,,0.7433,0.3822,yetujey,FUT Esports,astra,True,100,,1,1,0,1,False,classic,sidearm,,0.3578,0.5456,KROSTALY,FUT Esports,kayo,True,100,,1,2,1,7,False,sheriff,sidearm,,0.2278,0.4056,Chronicle,Team Vitality,chamber,True,100,50,0,7,1,6,False,outlaw,sniper,,0.6944,0.3956,Derke,Team Vitality,neon,True,100,50,1,1,1,0,False,phantom,rifle,,0.1444,0.7400,Jamppi,Team Vitality,kayo,True,100,50,1,2,0,5,False,phantom,rifle,,0.8444,0.6178,Sayonara,Team Vitality,sova,True,100,50,0,2,1,7,False,vandal,rifle,,0.1778,0.6556,PROFEK,Team Vitality,astra,True,100,50,1,1,0,6,False,phantom,rifle,,0.3511,0.7278
701.050,1230,ACTIVE_ROUND,4,2,3,83.000,,,s0pp,FUT Esports,chamber,True,100,,0,4,1,7,False,classic,sidearm,,0.9622,0.5356,xeus,FUT Esports,jett,True,100,50,2,1,1,7,True,classic,sidearm,,0.2544,0.4211,sociablEE,FUT Esports,fade,True,100,,2,1,0,7,False,classic,sidearm,,0.7433,0.3822,yetujey,FUT Esports,astra,True,100,,1,1,0,1,False,classic,sidearm,,0.3578,0.5456,KROSTALY,FUT Esports,kayo,True,100,,1,2,1,7,False,sheriff,sidearm,,0.2278,0.4167,Chronicle,Team Vitality,chamber,True,100,50,0,7,1,6,False,outlaw,sniper,,0.6989,0.3956,Derke,Team Vitality,neon,True,100,50,1,1,1,0,False,phantom,rifle,,0.1444,0.7400,Jamppi,Team Vitality,kayo,True,100,50,1,2,0,5,False,phantom,rifle,,0.8444,0.6178,Sayonara,Team Vitality,sova,True,100,50,0,2,1,7,False,vandal,rifle,,0.1778,0.6556,PROFEK,Team Vitality,astra,True,100,50,1,1,0,6,False,phantom,rifle,,0.3511,0.7278
701.534,1231,ACTIVE_ROUND,4,2,3,83.000,,,s0pp,FUT Esports,chamber,True,100,,0,4,1,7,False,classic,sidearm,,0.9467,0.5200,xeus,FUT Esports,jett,True,100,50,2,1,1,7,True,classic,sidearm,,0.2678,0.4278,sociablEE,FUT Esports,fade,True,100,,2,1,0,7,False,classic,sidearm,,0.7433,0.3822,yetujey,FUT Esports,astra,True,100,,1,1,0,1,False,classic,sidearm,,0.3356,0.5344,KROSTALY,FUT Esports,kayo,True,100,,1,2,1,7,False,sheriff,sidearm,,0.2589,0.4967,Chronicle,Team Vitality,chamber,True,100,50,0,7,1,6,False,outlaw,sniper,,0.2633,0.7756,Derke,Team Vitality,neon,True,100,50,1,1,1,0,False,phantom,rifle,,0.1444,0.7400,Jamppi,Team Vitality,kayo,True,100,50,1,2,0,5,False,phantom,rifle,,0.8444,0.6178,Sayonara,Team Vitality,sova,True,100,50,0,2,1,7,False,vandal,rifle,,0.1778,0.6556,PROFEK,Team Vitality,astra,True,100,50,1,1,0,6,False,phantom,rifle,,0.3511,0.7278
702.018,1232,ACTIVE_ROUND,4,2,3,82.000,,,s0pp,FUT Esports,chamber,True,100,,0,4,1,7,False,classic,sidearm,,0.9244,0.5200,xeus,FUT Esports,jett,True,100,50,2,1,1,7,True,classic,sidearm,,0.2811,0.4278,sociablEE,FUT Esports,fade,True,100,,2,1,0,7,False,classic,sidearm,,0.7411,0.3844,yetujey,FUT Esports,astra,True,100,,1,0,0,1,False,classic,sidearm,,0.3244,0.5322,KROSTALY,FUT Esports,kayo,True,100,,1,2,1,7,False,sheriff,sidearm,,0.2300,0.4011,Chronicle,Team Vitality,chamber,True,100,50,0,7,1,6,False,outlaw,sniper,,0.3878,0.6333,Derke,Team Vitality,neon,True,100,50,1,1,1,0,False,phantom,rifle,,0.1444,0.7378,Jamppi,Team Vitality,kayo,True,100,50,1,2,0,5,False,phantom,rifle,,0.8444,0.6200,Sayonara,Team Vitality,sova,True,100,50,0,2,1,7,False,vandal,rifle,,0.9133,0.5200,PROFEK,Team Vitality,astra,True,100,50,0,1,0,6,False,phantom,rifle,,0.3889,0.7900
702.502,1233,ACTIVE_ROUND,4,2,3,82.000,,,s0pp,FUT Esports,chamber,True,100,,0,4,1,7,False,classic,sidearm,,0.9156,0.5422,xeus,FUT Esports,jett,True,100,50,2,1,1,7,True,classic,sidearm,,0.2900,0.4211,sociablEE,FUT Esports,fade,True,100,,2,1,0,7,False,classic,sidearm,,0.7344,0.3889,yetujey,FUT Esports,astra,True,100,,1,0,0,1,False,classic,sidearm,,0.3133,0.5278,KROSTALY,FUT Esports,kayo,True,100,,1,2,1,7,False,sheriff,sidearm,,0.2589,0.4967,Chronicle,Team Vitality,chamber,True,100,50,0,7,1,6,False,outlaw,sniper,,0.2633,0.7622,Derke,Team Vitality,neon,True,100,50,1,1,1,0,False,phantom,rifle,,0.1467,0.7400,Jamppi,Team Vitality,kayo,True,100,50,1,2,0,5,False,phantom,rifle,,0.8444,0.6200,Sayonara,Team Vitality,sova,True,100,50,0,2,1,7,False,vandal,rifle,,0.9133,0.5200,PROFEK,Team Vitality,astra,True,100,50,0,1,0,6,False,phantom,rifle,,0.3889,0.7900
702.986,1234,ACTIVE_ROUND,4,2,3,81.000,,,s0pp,FUT Esports,chamber,True,100,,0,4,1,7,False,classic,sidearm,,0.9022,0.5400,xeus,FUT Esports,jett,True,100,50,2,1,1,7,True,classic,sidearm,,0.2922,0.4100,sociablEE,FUT Esports,fade,True,100,,2,1,0,7,False,classic,sidearm,,0.7344,0.3889,yetujey,FUT Esports,astra,True,100,,1,0,0,1,False,classic,sidearm,,0.3044,0.5233,KROSTALY,FUT Esports,kayo,True,100,,1,2,1,7,False,sheriff,sidearm,,0.8722,0.5411,Chronicle,Team Vitality,chamber,True,100,50,0,7,1,6,False,outlaw,sniper,,0.2633,0.7667,Derke,Team Vitality,neon,True,100,50,1,1,1,0,False,phantom,rifle,,0.1467,0.7400,Jamppi,Team Vitality,kayo,True,100,50,1,2,0,5,False,phantom,rifle,,0.8444,0.6200,Sayonara,Team Vitality,sova,True,100,50,0,2,1,7,False,vandal,rifle,,0.9133,0.5200,PROFEK,Team Vitality,astra,True,100,50,0,1,0,6,False,phantom,rifle,,0.3889,0.7900
703.469,1235,ACTIVE_ROUND,4,2,3,81.000,,,s0pp,FUT Esports,chamber,True,100,,0,4,1,7,False,classic,sidearm,,0.9022,0.5400,xeus,FUT Esports,jett,True,100,50,2,1,1,7,True,classic,sidearm,,0.2967,0.3989,sociablEE,FUT Esports,fade,True,100,,2,1,0,7,False,classic,sidearm,,0.7344,0.3889,yetujey,FUT Esports,astra,True,100,,1,0,0,1,False,classic,sidearm,,0.3000,0.5122,KROSTALY,FUT Esports,kayo,True,100,,1,2,1,7,False,sheriff,sidearm,,0.6922,0.3767,Chronicle,Team Vitality,chamber,True,100,50,0,7,1,6,False,outlaw,sniper,,0.2633,0.7667,Derke,Team Vitality,neon,True,100,50,1,1,1,0,False,phantom,rifle,,0.1467,0.7400,Jamppi,Team Vitality,kayo,True,100,50,1,2,0,5,False,phantom,rifle,,0.8444,0.6200,Sayonara,Team Vitality,sova,True,100,50,0,2,1,7,False,vandal,rifle,,0.9133,0.5200,PROFEK,Team Vitality,astra,True,100,50,0,1,0,6,False,phantom,rifle,,0.3889,0.7900
703.953,1236,ACTIVE_ROUND,4,2,3,80.000,,,s0pp,FUT Esports,chamber,True,100,,0,4,1,7,False,classic,sidearm,,0.9022,0.5400,xeus,FUT Esports,jett,True,100,50,2,1,1,7,True,classic,sidearm,,0.2989,0.3878,sociablEE,FUT Esports,fade,True,100,,1,1,0,7,False,classic,sidearm,,0.7344,0.3889,yetujey,FUT Esports,astra,True,100,,1,1,0,1,False,classic,sidearm,,0.3000,0.5122,KROSTALY,FUT Esports,kayo,True,100,,1,2,1,7,False,sheriff,sidearm,,0.2589,0.5189,Chronicle,Team Vitality,chamber,True,100,50,0,7,1,6,False,outlaw,sniper,,0.3878,0.6333,Derke,Team Vitality,neon,True,100,50,1,1,1,0,False,phantom,rifle,,0.1467,0.7400,Jamppi,Team Vitality,kayo,True,100,50,1,2,0,5,False,phantom,rifle,,0.8467,0.6044,Sayonara,Team Vitality,sova,True,100,50,0,2,1,7,False,vandal,rifle,,0.2956,0.4756,PROFEK,Team Vitality,astra,True,100,50,2,1,0,6,False,phantom,rifle,,0.3889,0.7900
704.437,1237,ACTIVE_ROUND,4,2,3,80.000,,,s0pp,FUT Esports,chamber,True,100,,0,4,1,7,False,classic,sidearm,,0.9022,0.5400,xeus,FUT Esports,jett,True,100,50,2,1,1,7,True,classic,sidearm,,0.3056,0.3767,sociablEE,FUT Esports,fade,True,100,,1,1,0,7,False,classic,sidearm,,0.7344,0.3889,yetujey,FUT Esports,astra,True,100,,1,1,0,1,False,classic,sidearm,,0.3022,0.5122,KROSTALY,FUT Esports,kayo,True,100,,1,2,1,7,False,sheriff,sidearm,,0.2589,0.4967,Chronicle,Team Vitality,chamber,True,100,50,0,7,1,6,False,outlaw,sniper,,0.3878,0.6333,Derke,Team Vitality,neon,True,100,50,1,1,1,0,False,phantom,rifle,,0.1467,0.7378,Jamppi,Team Vitality,kayo,True,100,50,1,2,0,5,False,phantom,rifle,,0.8578,0.6044,Sayonara,Team Vitality,sova,True,100,50,0,2,1,7,False,vandal,rifle,,0.3600,0.7156,PROFEK,Team Vitality,astra,True,100,50,2,1,0,6,False,phantom,rifle,,0.4111,0.8056
704.921,1238,ACTIVE_ROUND,4,2,3,79.000,,,s0pp,FUT Esports,chamber,True,100,,0,4,1,7,False,classic,sidearm,,0.8978,0.5356,xeus,FUT Esports,jett,True,100,50,2,1,1,7,True,classic,sidearm,,0.3056,0.3700,sociablEE,FUT Esports,fade,True,100,,1,1,0,7,False,classic,sidearm,,0.7344,0.3889,yetujey,FUT Esports,astra,True,100,,1,1,0,1,False,classic,sidearm,,0.3022,0.5122,KROSTALY,FUT Esports,kayo,True,100,,1,2,1,7,False,sheriff,sidearm,,0.2900,0.4389,Chronicle,Team Vitality,chamber,True,100,50,0,7,1,6,False,outlaw,sniper,,0.3878,0.6356,Derke,Team Vitality,neon,True,100,50,1,1,1,0,False,phantom,rifle,,0.1467,0.7378,Jamppi,Team Vitality,kayo,True,100,50,1,2,0,5,False,phantom,rifle,,0.8711,0.6044,Sayonara,Team Vitality,sova,True,100,50,0,2,1,7,False,vandal,rifle,,0.3267,0.5089,PROFEK,Team Vitality,astra,True,100,50,2,1,0,6,False,phantom,rifle,,0.4333,0.8144
705.405,1239,ACTIVE_ROUND,4,2,3,79.000,,,s0pp,FUT Esports,chamber,True,100,,0,4,1,7,False,classic,sidearm,,0.8867,0.5222,xeus,FUT Esports,jett,True,100,50,2,1,1,7,True,classic,sidearm,,0.3011,0.3611,sociablEE,FUT Esports,fade,True,100,,1,1,0,7,False,classic,sidearm,,0.7344,0.3889,yetujey,FUT Esports,astra,True,100,,1,1,0,1,False,classic,sidearm,,0.3022,0.5144,KROSTALY,FUT Esports,kayo,True,100,,1,2,1,7,False,sheriff,sidearm,,0.2922,0.4367,Chronicle,Team Vitality,chamber,True,100,50,0,7,1,6,False,outlaw,sniper,,0.2633,0.7622,Derke,Team Vitality,neon,True,100,50,1,1,1,0,False,phantom,rifle,,0.1467,0.7378,Jamppi,Team Vitality,kayo,True,100,50,1,2,0,5,False,phantom,rifle,,0.8711,0.6044,Sayonara,Team Vitality,sova,True,100,50,0,2,1,7,False,vandal,rifle,,0.3267,0.5089,PROFEK,Team Vitality,astra,True,100,50,2,1,0,6,False,phantom,rifle,,0.4333,0.8144
705.889,1240,ACTIVE_ROUND,4,2,3,78.000,,,s0pp,FUT Esports,chamber,True,100,,0,4,1,7,True,classic,sidearm,,0.8822,0.5133,xeus,FUT Esports,jett,True,100,50,2,1,1,7,True,classic,sidearm,,0.3011,0.3722,sociablEE,FUT Esports,fade,True,100,,1,1,0,7,False,classic,sidearm,,0.7344,0.3889,yetujey,FUT Esports,astra,True,100,,1,1,0,1,False,classic,sidearm,,0.3022,0.5144,KROSTALY,FUT Esports,kayo,True,100,,1,2,1,7,False,sheriff,sidearm,,0.7878,0.4078,Chronicle,Team Vitality,chamber,True,100,50,0,7,1,6,False,outlaw,sniper,,0.2633,0.7667,Derke,Team Vitality,neon,True,100,50,1,1,1,0,False,phantom,rifle,,0.1467,0.7378,Jamppi,Team Vitality,kayo,True,100,50,1,2,0,5,False,phantom,rifle,,0.8911,0.6000,Sayonara,Team Vitality,sova,True,100,50,0,2,1,7,False,vandal,rifle,,0.3267,0.5089,PROFEK,Team Vitality,astra,True,100,50,2,1,0,6,False,phantom,rifle,,0.4333,0.8144
706.372,1241,ACTIVE_ROUND,4,2,3,78.000,,,s0pp,FUT Esports,chamber,True,100,,0,4,1,7,True,classic,sidearm,,0.8778,0.4956,xeus,FUT Esports,jett,True,100,50,2,1,1,7,True,classic,sidearm,,0.3011,0.3878,sociablEE,FUT Esports,fade,True,100,,1,1,0,7,False,classic,sidearm,,0.7967,0.3889,yetujey,FUT Esports,astra,True,100,,1,1,0,1,False,classic,sidearm,,0.3022,0.5144,KROSTALY,FUT Esports,kayo,True,100,,1,2,1,7,False,sheriff,sidearm,,0.7900,0.4167,Chronicle,Team Vitality,chamber,True,100,50,0,7,1,6,False,outlaw,sniper,,0.2633,0.7667,Derke,Team Vitality,neon,True,100,50,1,1,1,0,False,phantom,rifle,,0.1467,0.7378,Jamppi,Team Vitality,kayo,True,100,50,1,2,0,5,False,phantom,rifle,,0.9000,0.6022,Sayonara,Team Vitality,sova,True,100,50,0,2,1,7,False,vandal,rifle,,0.3267,0.5089,PROFEK,Team Vitality,astra,True,100,50,2,1,0,6,False,phantom,rifle,,0.4333,0.8144
706.856,1242,ACTIVE_ROUND,4,2,3,77.000,,,s0pp,FUT Esports,chamber,True,100,,0,4,1,7,True,classic,sidearm,,0.8778,0.4956,xeus,FUT Esports,jett,True,100,50,2,1,1,7,True,classic,sidearm,,0.3033,0.4011,sociablEE,FUT Esports,fade,True,100,,1,1,0,7,False,classic,sidearm,,0.8033,0.3822,yetujey,FUT Esports,astra,True,100,,1,1,0,1,False,classic,sidearm,,0.3022,0.5144,KROSTALY,FUT Esports,kayo,True,100,1,1,2,1,7,False,sheriff,sidearm,,0.7944,0.4078,Chronicle,Team Vitality,chamber,True,100,50,0,7,1,6,False,outlaw,sniper,,0.2633,0.7667,Derke,Team Vitality,neon,True,100,50,1,1,1,0,False,phantom,rifle,,0.1467,0.7378,Jamppi,Team Vitality,kayo,True,100,50,1,2,0,5,False,phantom,rifle,,0.9089,0.5956,Sayonara,Team Vitality,sova,True,100,50,0,2,1,7,False,vandal,rifle,,0.3267,0.5089,PROFEK,Team Vitality,astra,True,100,50,2,1,0,6,False,phantom,rifle,,0.4333,0.8144
707.340,1243,ACTIVE_ROUND,4,2,3,77.000,,,s0pp,FUT Esports,chamber,True,100,,0,4,1,7,True,classic,sidearm,,0.8778,0.4956,xeus,FUT Esports,jett,True,100,50,2,1,1,7,True,classic,sidearm,,0.3011,0.4078,sociablEE,FUT Esports,fade,True,100,,1,1,0,7,False,classic,sidearm,,0.8056,0.3711,yetujey,FUT Esports,astra,True,100,,1,1,0,1,False,classic,sidearm,,0.3022,0.5144,KROSTALY,FUT Esports,kayo,True,100,1,1,2,1,7,False,sheriff,sidearm,,0.2589,0.4967,Chronicle,Team Vitality,chamber,True,100,50,0,7,1,6,False,outlaw,sniper,,0.2456,0.5222,Derke,Team Vitality,neon,True,100,50,1,1,1,0,False,phantom,rifle,,0.1467,0.7378,Jamppi,Team Vitality,kayo,True,100,50,1,2,0,5,False,phantom,rifle,,0.9133,0.5867,Sayonara,Team Vitality,sova,True,100,50,0,2,1,7,False,vandal,rifle,,0.3267,0.5089,PROFEK,Team Vitality,astra,True,100,50,2,1,0,6,False,phantom,rifle,,0.5356,0.8344
707.824,1244,ACTIVE_ROUND,4,2,3,76.000,,,s0pp,FUT Esports,chamber,True,100,,0,4,1,7,True,classic,sidearm,,0.8778,0.4956,xeus,FUT Esports,jett,True,100,50,2,1,1,7,True,classic,sidearm,,0.3011,0.4144,sociablEE,FUT Esports,fade,True,100,,1,1,0,7,False,classic,sidearm,,0.8033,0.3600,yetujey,FUT Esports,astra,True,100,,1,1,0,1,False,classic,sidearm,,0.3022,0.5144,KROSTALY,FUT Esports,kayo,True,100,1,1,2,1,7,False,sheriff,sidearm,,0.2589,0.4967,Chronicle,Team Vitality,chamber,True,100,50,0,7,1,6,False,outlaw,sniper,,0.4522,0.9267,Derke,Team Vitality,neon,True,100,50,1,1,1,0,False,phantom,rifle,,0.1467,0.7378,Jamppi,Team Vitality,kayo,True,100,50,0,0,0,5,False,unknown,unknown,,0.9133,0.5867,Sayonara,Team Vitality,sova,True,100,50,0,2,1,7,False,vandal,rifle,,0.3267,0.5089,PROFEK,Team Vitality,astra,True,100,50,1,1,0,6,False,phantom,rifle,,0.5467,0.8300
708.308,1245,ACTIVE_ROUND,4,2,3,76.000,,,s0pp,FUT Esports,chamber,True,100,,0,4,1,7,True,classic,sidearm,,0.8778,0.4956,xeus,FUT Esports,jett,True,100,50,2,1,1,7,True,classic,sidearm,,0.8078,0.3567,sociablEE,FUT Esports,fade,True,100,,1,1,0,7,False,classic,sidearm,,0.8033,0.3600,yetujey,FUT Esports,astra,True,100,,1,1,0,1,False,classic,sidearm,,0.3022,0.5144,KROSTALY,FUT Esports,kayo,True,100,1,1,2,1,7,False,sheriff,sidearm,,0.2589,0.5189,Chronicle,Team Vitality,chamber,True,100,50,0,7,1,6,False,outlaw,sniper,,0.2633,0.7667,Derke,Team Vitality,neon,True,100,50,1,1,1,0,False,phantom,rifle,,0.1444,0.7378,Jamppi,Team Vitality,kayo,False,,50,0,0,0,5,False,unknown,unknown,,0.9133,0.5867,Sayonara,Team Vitality,sova,True,100,50,0,2,1,7,False,vandal,rifle,,0.3267,0.5089,PROFEK,Team Vitality,astra,True,100,50,1,1,0,6,False,phantom,rifle,,0.5600,0.8233
708.791,1246,ACTIVE_ROUND,4,2,3,75.000,,,s0pp,FUT Esports,chamber,True,100,,0,4,1,7,True,classic,sidearm,,0.8778,0.4956,xeus,FUT Esports,jett,True,100,50,2,1,1,7,True,classic,sidearm,,0.8211,0.3633,sociablEE,FUT Esports,fade,True,100,,1,1,0,7,False,classic,sidearm,,0.7967,0.3356,yetujey,FUT Esports,astra,True,100,,1,1,0,1,False,classic,sidearm,,0.3022,0.5144,KROSTALY,FUT Esports,kayo,True,100,1,1,2,1,7,False,sheriff,sidearm,,0.2589,0.5167,Chronicle,Team Vitality,chamber,True,100,50,0,7,1,6,False,outlaw,sniper,,0.2456,0.5289,Derke,Team Vitality,neon,True,100,50,1,1,1,0,False,phantom,rifle,,0.1356,0.7400,Jamppi,Team Vitality,kayo,False,,50,0,0,0,5,False,unknown,unknown,,,,Sayonara,Team Vitality,sova,True,100,50,0,2,1,7,False,vandal,rifle,,0.3267,0.5089,PROFEK,Team Vitality,astra,True,100,50,1,1,0,6,False,phantom,rifle,,0.5711,0.8144
709.275,1247,ACTIVE_ROUND,4,2,3,75.000,,,s0pp,FUT Esports,chamber,True,100,,0,4,1,7,True,classic,sidearm,,0.8778,0.4956,xeus,FUT Esports,jett,True,100,50,2,1,1,7,True,classic,sidearm,,0.9078,0.4189,sociablEE,FUT Esports,fade,True,100,,1,1,0,7,False,classic,sidearm,,0.7944,0.3244,yetujey,FUT Esports,astra,True,100,,1,1,0,1,False,classic,sidearm,,0.3022,0.5144,KROSTALY,FUT Esports,kayo,True,100,1,1,2,1,7,False,sheriff,sidearm,,0.2589,0.4967,Chronicle,Team Vitality,chamber,True,100,50,0,7,1,6,False,outlaw,sniper,,0.2456,0.5289,Derke,Team Vitality,neon,True,100,50,1,1,1,0,False,phantom,rifle,,0.1311,0.7378,Jamppi,Team Vitality,kayo,False,,50,0,0,0,5,False,unknown,unknown,,,,Sayonara,Team Vitality,sova,True,100,50,0,2,1,7,False,vandal,rifle,,0.3267,0.5089,PROFEK,Team Vitality,astra,True,100,50,1,1,0,6,False,phantom,rifle,,0.5822,0.8056
709.759,1248,ACTIVE_ROUND,4,2,3,74.000,,,s0pp,FUT Esports,chamber,True,100,,0,4,0,7,True,classic,sidearm,,0.9022,0.4022,xeus,FUT Esports,jett,True,100,50,2,1,1,7,True,classic,sidearm,,0.3011,0.4189,sociablEE,FUT Esports,fade,True,100,,1,1,0,7,False,classic,sidearm,,0.7944,0.3244,yetujey,FUT Esports,astra,True,100,,1,0,0,1,False,classic,sidearm,,0.3022,0.5144,KROSTALY,FUT Esports,kayo,True,100,1,1,2,1,7,False,sheriff,sidearm,,0.7856,0.3233,Chronicle,Team Vitality,chamber,True,100,50,0,7,1,6,False,outlaw,sniper,,0.2456,0.5289,Derke,Team Vitality,neon,True,100,50,1,1,1,0,False,phantom,rifle,,0.1289,0.7267,Jamppi,Team Vitality,kayo,False,,50,0,0,0,5,False,unknown,unknown,,,,Sayonara,Team Vitality,sova,True,100,50,0,2,1,7,False,vandal,rifle,,0.3267,0.5089,PROFEK,Team Vitality,astra,True,100,50,1,1,0,6,False,phantom,rifle,,0.5822,0.8056
710.243,1249,ACTIVE_ROUND,4,2,3,74.000,,,s0pp,FUT Esports,chamber,True,100,,0,4,0,7,True,classic,sidearm,,0.8889,0.3956,xeus,FUT Esports,jett,True,100,50,2,1,1,7,True,classic,sidearm,,0.3011,0.4189,sociablEE,FUT Esports,fade,True,100,,1,1,0,7,False,classic,sidearm,,0.8100,0.3089,yetujey,FUT Esports,astra,True,100,,1,0,0,1,False,classic,sidearm,,0.3022,0.5144,KROSTALY,FUT Esports,kayo,True,100,1,1,2,1,7,False,sheriff,sidearm,,0.7856,0.3233,Chronicle,Team Vitality,chamber,True,100,50,0,7,1,6,False,outlaw,sniper,,0.7722,0.3311,Derke,Team Vitality,neon,True,100,50,1,1,1,0,False,phantom,rifle,,0.1289,0.7156,Jamppi,Team Vitality,kayo,False,,50,0,0,0,5,False,unknown,unknown,,,,Sayonara,Team Vitality,sova,True,100,50,0,2,1,7,False,vandal,rifle,,0.3267,0.5089,PROFEK,Team Vitality,astra,True,100,50,1,1,0,6,False,phantom,rifle,,0.5822,0.8056
710.727,1250,ACTIVE_ROUND,4,2,3,73.000,,,s0pp,FUT Esports,chamber,True,100,,0,4,0,7,True,classic,sidearm,,0.8667,0.4022,xeus,FUT Esports,jett,True,100,50,2,1,1,7,True,classic,sidearm,,0.3011,0.4189,sociablEE,FUT Esports,fade,True,100,,1,1,0,7,False,classic,sidearm,,0.8233,0.3044,yetujey,FUT Esports,astra,True,100,,1,0,0,1,False,classic,sidearm,,0.3022,0.5144,KROSTALY,FUT Esports,kayo,True,100,1,1,2,1,7,False,sheriff,sidearm,,0.8989,0.3256,Chronicle,Team Vitality,chamber,True,100,50,0,7,1,6,False,outlaw,sniper,,0.8144,0.4067,Derke,Team Vitality,neon,True,100,50,1,1,1,0,False,phantom,rifle,,0.1311,0.7022,Jamppi,Team Vitality,kayo,False,,50,0,0,0,5,False,unknown,unknown,,,,Sayonara,Team Vitality,sova,True,100,50,0,2,1,7,False,vandal,rifle,,0.3267,0.5089,PROFEK,Team Vitality,astra,True,100,50,1,1,0,6,False,phantom,rifle,,0.6133,0.7833
711.211,1251,ACTIVE_ROUND,4,2,3,73.000,,,s0pp,FUT Esports,chamber,True,100,,0,4,0,7,True,classic,sidearm,,0.8511,0.4178,xeus,FUT Esports,jett,True,100,50,2,1,1,7,True,classic,sidearm,,0.2922,0.4100,sociablEE,FUT Esports,fade,True,100,,1,1,0,7,False,classic,sidearm,,0.8256,0.3089,yetujey,FUT Esports,astra,True,100,,1,0,0,1,False,classic,sidearm,,0.3022,0.5144,KROSTALY,FUT Esports,kayo,True,100,1,1,2,1,7,False,sheriff,sidearm,,0.7856,0.3233,Chronicle,Team Vitality,chamber,True,100,50,0,7,1,6,False,outlaw,sniper,,0.2411,0.4311,Derke,Team Vitality,neon,True,100,50,1,1,1,0,False,phantom,rifle,,0.1333,0.6933,Jamppi,Team Vitality,kayo,False,,50,0,0,0,5,False,unknown,unknown,,,,Sayonara,Team Vitality,sova,True,100,50,0,2,1,7,False,vandal,rifle,,0.3267,0.5089,PROFEK,Team Vitality,astra,True,100,50,1,1,0,6,False,phantom,rifle,,0.6244,0.7811
711.694,1252,ACTIVE_ROUND,4,2,3,72.000,,,s0pp,FUT Esports,chamber,True,100,,0,4,0,7,True,classic,sidearm,,0.8511,0.4178,xeus,FUT Esports,jett,True,100,50,2,1,1,7,True,classic,sidearm,,0.2833,0.4011,sociablEE,FUT Esports,fade,True,100,,1,1,0,7,False,classic,sidearm,,0.8167,0.3133,yetujey,FUT Esports,astra,True,100,,1,0,0,1,False,classic,sidearm,,0.3022,0.5144,KROSTALY,FUT Esports,kayo,True,100,1,1,2,1,7,False,sheriff,sidearm,,0.5411,0.1056,Chronicle,Team Vitality,chamber,True,100,50,0,7,1,6,False,outlaw,sniper,,0.3944,0.6822,Derke,Team Vitality,neon,True,100,50,1,1,1,0,False,phantom,rifle,,0.1378,0.6844,Jamppi,Team Vitality,kayo,False,,50,0,0,0,5,False,unknown,unknown,,,,Sayonara,Team Vitality,sova,True,100,50,0,2,1,7,False,vandal,rifle,,0.3267,0.5089,PROFEK,Team Vitality,astra,True,100,50,1,1,0,6,False,phantom,rifle,,0.6333,0.7744
712.178,1253,ACTIVE_ROUND,4,2,3,72.000,,,s0pp,FUT Esports,chamber,True,100,,0,4,0,7,True,classic,sidearm,,0.8378,0.4489,xeus,FUT Esports,jett,True,100,50,2,1,1,7,True,classic,sidearm,,0.2744,0.3989,sociablEE,FUT Esports,fade,True,100,,1,1,0,7,False,classic,sidearm,,0.8167,0.3133,yetujey,FUT Esports,astra,True,100,,1,0,0,1,False,classic,sidearm,,0.3022,0.5144,KROSTALY,FUT Esports,kayo,True,100,1,1,2,1,7,False,sheriff,sidearm,,0.7856,0.3233,Chronicle,Team Vitality,chamber,True,100,50,0,7,1,6,False,outlaw,sniper,,0.3944,0.6800,Derke,Team Vitality,neon,True,100,50,1,1,1,0,False,phantom,rifle,,0.1400,0.6711,Jamppi,Team Vitality,kayo,False,,50,0,0,0,5,False,unknown,unknown,,,,Sayonara,Team Vitality,sova,True,100,50,0,2,1,7,False,vandal,rifle,,0.3267,0.5089,PROFEK,Team Vitality,astra,True,100,50,1,1,0,6,False,phantom,rifle,,0.6444,0.7722
712.662,1254,ACTIVE_ROUND,4,2,3,71.000,,,s0pp,FUT Esports,chamber,True,100,,0,4,0,7,True,classic,sidearm,,0.8333,0.4533,xeus,FUT Esports,jett,True,100,50,2,1,1,7,True,classic,sidearm,,0.2633,0.3989,sociablEE,FUT Esports,fade,True,100,,1,1,0,7,False,classic,sidearm,,0.8033,0.3244,yetujey,FUT Esports,astra,True,100,,1,0,0,1,False,classic,sidearm,,0.3022,0.5144,KROSTALY,FUT Esports,kayo,True,100,1,1,2,1,7,False,sheriff,sidearm,,0.5411,0.1056,Chronicle,Team Vitality,chamber,True,100,50,0,7,1,6,False,outlaw,sniper,,0.2456,0.5244,Derke,Team Vitality,neon,True,100,50,1,1,1,0,False,phantom,rifle,,0.1422,0.6600,Jamppi,Team Vitality,kayo,False,,50,0,0,0,5,False,unknown,unknown,,,,Sayonara,Team Vitality,sova,True,100,50,0,2,1,7,False,vandal,rifle,,0.3267,0.5089,PROFEK,Team Vitality,astra,True,100,50,1,1,0,6,False,phantom,rifle,,0.6444,0.7722
713.146,1255,ACTIVE_ROUND,4,2,3,71.000,,,s0pp,FUT Esports,chamber,True,100,,0,4,0,7,True,classic,sidearm,,0.8333,0.4578,xeus,FUT Esports,jett,True,100,50,2,1,1,7,True,classic,sidearm,,0.2500,0.3989,sociablEE,FUT Esports,fade,True,100,,1,1,0,7,False,classic,sidearm,,0.7900,0.3311,yetujey,FUT Esports,astra,True,100,,1,0,0,1,False,classic,sidearm,,0.3022,0.5144,KROSTALY,FUT Esports,kayo,True,100,1,1,2,1,7,False,sheriff,sidearm,,0.5811,0.2944,Chronicle,Team Vitality,chamber,True,100,50,0,7,1,6,False,outlaw,sniper,,0.2456,0.5244,Derke,Team Vitality,neon,True,100,50,1,1,1,0,False,phantom,rifle,,0.1444,0.6511,Jamppi,Team Vitality,kayo,False,,50,0,0,0,5,False,unknown,unknown,,,,Sayonara,Team Vitality,sova,True,100,50,0,2,1,7,False,vandal,rifle,,0.3267,0.5089,PROFEK,Team Vitality,astra,True,100,50,1,1,0,6,False,phantom,rifle,,0.6444,0.7722
713.630,1256,ACTIVE_ROUND,4,2,3,70.000,,,s0pp,FUT Esports,chamber,True,100,,0,4,0,7,True,classic,sidearm,,0.8378,0.4578,xeus,FUT Esports,jett,True,100,50,2,1,1,7,True,classic,sidearm,,0.2344,0.3989,sociablEE,FUT Esports,fade,True,100,,0,1,0,7,False,classic,sidearm,,0.7900,0.3311,yetujey,FUT Esports,astra,True,100,,1,1,0,1,False,classic,sidearm,,0.3022,0.5144,KROSTALY,FUT Esports,kayo,True,100,1,1,1,1,7,False,sheriff,sidearm,,0.8078,0.4522,Chronicle,Team Vitality,chamber,True,100,50,0,7,1,6,False,outlaw,sniper,,0.8367,0.2267,Derke,Team Vitality,neon,True,100,50,1,1,1,0,False,phantom,rifle,,0.1444,0.6511,Jamppi,Team Vitality,kayo,False,,50,0,0,0,5,False,unknown,unknown,,,,Sayonara,Team Vitality,sova,True,100,50,0,2,1,7,False,vandal,rifle,,0.3267,0.5089,PROFEK,Team Vitality,astra,True,100,50,1,1,0,6,False,phantom,rifle,,0.6444,0.7722
714.113,1257,ACTIVE_ROUND,4,2,3,70.000,,,s0pp,FUT Esports,chamber,True,100,,0,4,0,7,True,classic,sidearm,,0.8378,0.4578,xeus,FUT Esports,jett,True,100,50,2,1,1,7,True,classic,sidearm,,0.2122,0.3989,sociablEE,FUT Esports,fade,True,100,,0,1,0,7,False,classic,sidearm,,0.7900,0.3311,yetujey,FUT Esports,astra,True,100,,1,1,0,1,False,classic,sidearm,,0.3022,0.5144,KROSTALY,FUT Esports,kayo,True,100,1,1,1,1,7,False,sheriff,sidearm,,0.8189,0.4478,Chronicle,Team Vitality,chamber,True,100,50,0,7,1,6,False,outlaw,sniper,,0.5256,0.6533,Derke,Team Vitality,neon,True,100,50,1,1,1,0,False,phantom,rifle,,0.1444,0.6511,Jamppi,Team Vitality,kayo,False,,50,0,0,0,5,False,unknown,unknown,,,,Sayonara,Team Vitality,sova,True,100,50,0,2,1,7,False,vandal,rifle,,0.3267,0.5089,PROFEK,Team Vitality,astra,True,100,50,1,1,0,6,False,phantom,rifle,,0.6444,0.7722
714.597,1258,ACTIVE_ROUND,4,2,3,70.000,,,s0pp,FUT Esports,chamber,True,100,,0,4,0,7,True,classic,sidearm,,0.8378,0.4578,xeus,FUT Esports,jett,True,100,50,2,1,1,7,True,classic,sidearm,,0.8233,0.3078,sociablEE,FUT Esports,fade,True,100,,0,1,0,7,False,classic,sidearm,,0.7900,0.3311,yetujey,FUT Esports,astra,True,100,,1,1,0,1,False,classic,sidearm,,0.3022,0.5144,KROSTALY,FUT Esports,kayo,True,100,1,1,1,1,7,False,sheriff,sidearm,,0.7856,0.3233,Chronicle,Team Vitality,chamber,True,100,50,0,7,1,6,False,outlaw,sniper,,0.6056,0.7333,Derke,Team Vitality,neon,True,100,50,1,1,1,0,False,phantom,rifle,,0.1444,0.6511,Jamppi,Team Vitality,kayo,False,,50,0,0,0,5,False,unknown,unknown,,,,Sayonara,Team Vitality,sova,True,100,50,0,2,1,7,False,vandal,rifle,,0.3267,0.5089,PROFEK,Team Vitality,astra,True,100,50,1,1,0,6,False,phantom,rifle,,0.6444,0.7722
715.081,1259,ACTIVE_ROUND,4,2,3,69.000,,,s0pp,FUT Esports,chamber,True,100,,0,4,0,7,True,classic,sidearm,,0.8378,0.4578,xeus,FUT Esports,jett,True,100,50,2,1,1,7,True,classic,sidearm,,0.8189,0.2878,sociablEE,FUT Esports,fade,True,100,,0,1,0,7,False,classic,sidearm,,0.7900,0.3311,yetujey,FUT Esports,astra,True,100,,1,1,0,1,False,classic,sidearm,,0.3022,0.5144,KROSTALY,FUT Esports,kayo,True,100,1,1,1,1,7,False,sheriff,sidearm,,0.2700,0.4433,Chronicle,Team Vitality,chamber,True,100,50,0,7,1,6,False,outlaw,sniper,,0.0856,0.6289,Derke,Team Vitality,neon,True,100,50,1,1,1,0,False,phantom,rifle,,0.1422,0.6089,Jamppi,Team Vitality,kayo,False,,50,0,0,0,5,False,unknown,unknown,,,,Sayonara,Team Vitality,sova,True,100,50,0,2,1,7,False,vandal,rifle,,0.3267,0.5089,PROFEK,Team Vitality,astra,True,100,50,1,1,0,6,False,phantom,rifle,,0.6733,0.7322
715.565,1260,ACTIVE_ROUND,4,2,3,69.000,,,s0pp,FUT Esports,chamber,True,100,,0,4,0,7,True,classic,sidearm,,0.8378,0.4578,xeus,FUT Esports,jett,True,100,50,2,1,0,7,True,classic,sidearm,,0.8144,0.2989,sociablEE,FUT Esports,fade,True,100,,0,1,0,7,False,classic,sidearm,,0.7900,0.3311,yetujey,FUT Esports,astra,True,100,,1,1,0,1,False,classic,sidearm,,0.3022,0.5144,KROSTALY,FUT Esports,kayo,True,100,1,1,1,1,7,False,sheriff,sidearm,,0.2611,0.4322,Chronicle,Team Vitality,chamber,True,100,50,0,7,1,6,False,outlaw,sniper,,0.2500,0.5200,Derke,Team Vitality,neon,True,100,50,1,1,1,0,False,phantom,rifle,,0.1378,0.6067,Jamppi,Team Vitality,kayo,False,,50,0,0,0,5,False,unknown,unknown,,,,Sayonara,Team Vitality,sova,True,100,50,0,2,1,7,False,vandal,rifle,,0.3267,0.5089,PROFEK,Team Vitality,astra,True,100,50,1,1,0,6,False,phantom,rifle,,0.6644,0.7300
716.049,1261,ACTIVE_ROUND,4,2,3,68.000,,,s0pp,FUT Esports,chamber,True,100,,0,4,0,7,True,classic,sidearm,,0.8378,0.4578,xeus,FUT Esports,jett,True,100,50,2,1,0,7,True,classic,sidearm,,0.2122,0.3944,sociablEE,FUT Esports,fade,True,100,,0,1,0,7,False,classic,sidearm,,0.7922,0.2933,yetujey,FUT Esports,astra,True,100,,1,1,0,1,False,classic,sidearm,,0.3022,0.5144,KROSTALY,FUT Esports,kayo,True,100,1,1,1,1,7,False,sheriff,sidearm,,0.2544,0.4278,Chronicle,Team Vitality,chamber,True,100,50,0,7,1,6,False,outlaw,sniper,,0.5789,0.7333,Derke,Team Vitality,neon,True,100,50,1,1,1,0,False,phantom,rifle,,0.1289,0.6044,Jamppi,Team Vitality,kayo,False,,50,0,0,0,5,False,unknown,unknown,,,,Sayonara,Team Vitality,sova,True,100,50,0,2,1,7,False,vandal,rifle,,0.3267,0.5089,PROFEK,Team Vitality,astra,True,100,50,1,1,0,6,False,phantom,rifle,,0.6644,0.7300
716.532,1262,ACTIVE_ROUND,4,2,3,68.000,,,s0pp,FUT Esports,chamber,True,100,,0,4,0,7,True,classic,sidearm,,0.8378,0.4578,xeus,FUT Esports,jett,True,87,24,2,1,0,7,True,classic,sidearm,,0.8100,0.3100,sociablEE,FUT Esports,fade,True,100,,0,1,0,7,False,classic,sidearm,,0.7922,0.2933,yetujey,FUT Esports,astra,True,100,,1,1,0,1,False,classic,sidearm,,0.3022,0.5144,KROSTALY,FUT Esports,kayo,True,100,1,1,1,1,7,False,sheriff,sidearm,,0.2678,0.4322,Chronicle,Team Vitality,chamber,True,100,50,0,7,1,6,False,outlaw,sniper,,0.2456,0.5267,Derke,Team Vitality,neon,True,100,50,1,1,1,0,False,phantom,rifle,,0.1200,0.6022,Jamppi,Team Vitality,kayo,False,,50,0,0,0,5,False,unknown,unknown,,,,Sayonara,Team Vitality,sova,True,100,50,0,2,1,7,False,vandal,rifle,,0.3267,0.5089,PROFEK,Team Vitality,astra,True,100,50,1,1,0,6,False,phantom,rifle,,0.6422,0.7211
717.016,1263,ACTIVE_ROUND,4,2,3,67.000,,,s0pp,FUT Esports,chamber,True,100,,0,4,0,7,True,classic,sidearm,,0.8378,0.4578,xeus,FUT Esports,jett,True,87,24,2,1,0,7,True,classic,sidearm,,0.2500,0.3967,sociablEE,FUT Esports,fade,True,100,,0,1,0,7,False,classic,sidearm,,0.7922,0.2933,yetujey,FUT Esports,astra,True,100,,1,1,0,1,False,classic,sidearm,,0.3022,0.5144,KROSTALY,FUT Esports,kayo,True,100,1,1,1,1,7,False,sheriff,sidearm,,0.2789,0.4478,Chronicle,Team Vitality,chamber,True,100,50,0,7,1,6,False,outlaw,sniper,,0.8144,0.4889,Derke,Team Vitality,neon,True,100,50,1,1,1,0,False,phantom,rifle,,0.1156,0.5911,Jamppi,Team Vitality,kayo,False,,50,0,0,0,5,False,unknown,unknown,,,,Sayonara,Team Vitality,sova,True,100,50,0,2,1,7,False,vandal,rifle,,0.3267,0.5089,PROFEK,Team Vitality,astra,True,100,50,1,1,0,6,False,phantom,rifle,,0.6422,0.7211
717.500,1264,ACTIVE_ROUND,4,2,3,67.000,,,s0pp,FUT Esports,chamber,True,100,,0,4,0,7,True,classic,sidearm,,0.8378,0.4578,xeus,FUT Esports,jett,True,87,24,2,1,0,7,True,classic,sidearm,,0.2633,0.3944,sociablEE,FUT Esports,fade,True,100,,0,1,0,7,False,classic,sidearm,,0.7922,0.2933,yetujey,FUT Esports,astra,True,100,,1,1,0,1,False,classic,sidearm,,0.3022,0.5144,KROSTALY,FUT Esports,kayo,True,100,1,1,1,1,7,False,sheriff,sidearm,,0.2856,0.4611,Chronicle,Team Vitality,chamber,True,100,50,0,7,1,6,False,outlaw,sniper,,0.7167,0.2267,Derke,Team Vitality,neon,True,100,50,1,1,1,0,False,phantom,rifle,,0.1111,0.5800,Jamppi,Team Vitality,kayo,False,,50,0,0,0,5,False,unknown,unknown,,,,Sayonara,Team Vitality,sova,True,100,50,0,2,1,7,False,vandal,rifle,,0.3267,0.5089,PROFEK,Team Vitality,astra,True,100,50,0,1,0,6,False,phantom,rifle,,0.6422,0.7211
717.984,1265,ACTIVE_ROUND,4,2,3,66.000,,,s0pp,FUT Esports,chamber,True,100,,0,4,0,7,True,classic,sidearm,,0.8822,0.4844,xeus,FUT Esports,jett,True,87,24,2,1,0,7,True,classic,sidearm,,0.2789,0.3944,sociablEE,FUT Esports,fade,True,100,,0,1,0,7,False,classic,sidearm,,0.7922,0.2933,yetujey,FUT Esports,astra,True,100,,1,1,0,1,False,classic,sidearm,,0.3022,0.5144,KROSTALY,FUT Esports,kayo,True,100,1,1,1,1,7,False,sheriff,sidearm,,0.7633,0.2811,Chronicle,Team Vitality,chamber,True,100,50,0,7,1,6,False,outlaw,sniper,,0.8278,0.5022,Derke,Team Vitality,neon,True,100,50,1,1,1,0,False,phantom,rifle,,0.1089,0.5711,Jamppi,Team Vitality,kayo,False,,50,0,0,0,5,False,unknown,unknown,,,,Sayonara,Team Vitality,sova,True,100,50,0,2,1,7,False,vandal,rifle,,0.3267,0.5089,PROFEK,Team Vitality,astra,True,100,50,0,1,0,6,False,phantom,rifle,,0.6422,0.7211
718.468,1266,ACTIVE_ROUND,4,2,3,66.000,,,s0pp,FUT Esports,chamber,True,100,,0,4,0,7,True,classic,sidearm,,0.8889,0.4844,xeus,FUT Esports,jett,True,87,24,2,1,0,7,True,classic,sidearm,,0.2922,0.3944,sociablEE,FUT Esports,fade,True,100,,0,1,0,7,False,classic,sidearm,,0.7500,0.2444,yetujey,FUT Esports,astra,True,100,,1,1,0,1,False,classic,sidearm,,0.3022,0.5144,KROSTALY,FUT Esports,kayo,True,100,1,1,1,1,7,False,sheriff,sidearm,,0.6567,0.4100,Chronicle,Team Vitality,chamber,True,100,50,0,7,1,6,False,outlaw,sniper,,0.2456,0.5267,Derke,Team Vitality,neon,True,100,50,1,1,1,0,False,phantom,rifle,,0.1089,0.5711,Jamppi,Team Vitality,kayo,False,,50,0,0,0,5,False,unknown,unknown,,,,Sayonara,Team Vitality,sova,True,100,50,0,2,1,7,False,vandal,rifle,,0.3600,0.7178,PROFEK,Team Vitality,astra,True,100,50,0,1,0,6,False,phantom,rifle,,0.6133,0.6878
718.952,1267,ACTIVE_ROUND,4,2,3,65.000,,,s0pp,FUT Esports,chamber,True,100,,0,4,0,7,True,classic,sidearm,,0.8933,0.4889,xeus,FUT Esports,jett,True,87,24,2,1,0,7,True,classic,sidearm,,0.3056,0.3900,sociablEE,FUT Esports,fade,True,100,,0,1,0,7,False,classic,sidearm,,0.7500,0.2444,yetujey,FUT Esports,astra,True,100,,1,1,0,1,False,classic,sidearm,,0.3022,0.5144,KROSTALY,FUT Esports,kayo,True,100,1,1,1,1,7,False,sheriff,sidearm,,0.1011,0.6167,Chronicle,Team Vitality,chamber,True,100,50,0,7,1,6,False,outlaw,sniper,,0.3967,0.6711,Derke,Team Vitality,neon,True,100,50,1,1,1,0,False,phantom,rifle,,0.1089,0.5711,Jamppi,Team Vitality,kayo,False,,50,0,0,0,5,False,unknown,unknown,,,,Sayonara,Team Vitality,sova,True,100,50,0,2,1,7,False,vandal,rifle,,0.3600,0.7178,PROFEK,Team Vitality,astra,True,100,50,0,1,0,6,False,phantom,rifle,,0.6067,0.6789
719.435,1268,ACTIVE_ROUND,4,2,3,65.000,,,s0pp,FUT Esports,chamber,True,100,,0,4,0,7,True,classic,sidearm,,0.9000,0.4933,xeus,FUT Esports,jett,True,87,24,2,1,0,7,True,classic,sidearm,,0.3167,0.3833,sociablEE,FUT Esports,fade,True,100,,0,1,0,7,False,classic,sidearm,,0.7322,0.2222,yetujey,FUT Esports,astra,True,100,,1,1,0,1,False,classic,sidearm,,0.3022,0.5144,KROSTALY,FUT Esports,kayo,True,100,1,1,1,1,7,False,sheriff,sidearm,,0.6567,0.4100,Chronicle,Team Vitality,chamber,True,100,50,0,7,1,6,False,outlaw,sniper,,0.2456,0.5267,Derke,Team Vitality,neon,True,100,50,1,1,1,0,False,phantom,rifle,,0.1089,0.5711,Jamppi,Team Vitality,kayo,False,,50,0,0,0,5,False,unknown,unknown,,,,Sayonara,Team Vitality,sova,True,100,50,0,2,1,7,False,vandal,rifle,,0.3600,0.7178,PROFEK,Team Vitality,astra,True,100,50,0,2,0,6,False,phantom,rifle,,0.5978,0.6700
719.919,1269,ACTIVE_ROUND,4,2,3,64.000,,,s0pp,FUT Esports,chamber,True,100,,0,4,0,7,True,classic,sidearm,,0.9067,0.4978,xeus,FUT Esports,jett,True,87,24,2,1,0,7,True,classic,sidearm,,0.3189,0.3811,sociablEE,FUT Esports,fade,True,100,,0,1,0,7,False,classic,sidearm,,0.7322,0.2222,yetujey,FUT Esports,astra,True,100,,1,1,0,1,False,classic,sidearm,,0.3022,0.5144,KROSTALY,FUT Esports,kayo,True,100,1,1,1,1,7,False,sheriff,sidearm,,0.4611,0.4544,Chronicle,Team Vitality,chamber,True,100,50,0,7,1,6,False,outlaw,sniper,,0.2811,0.8044,Derke,Team Vitality,neon,True,100,50,1,1,1,0,False,phantom,rifle,,0.1089,0.5711,Jamppi,Team Vitality,kayo,False,,50,0,0,0,5,False,unknown,unknown,,,,Sayonara,Team Vitality,sova,True,100,50,0,2,1,7,False,vandal,rifle,,0.3600,0.7178,PROFEK,Team Vitality,astra,True,100,50,0,2,0,6,False,phantom,rifle,,0.5911,0.6611
720.403,1270,ACTIVE_ROUND,4,2,3,64.000,,,s0pp,FUT Esports,chamber,True,100,,0,4,0,7,True,classic,sidearm,,0.9111,0.5044,xeus,FUT Esports,jett,True,87,24,2,1,0,7,True,classic,sidearm,,0.3100,0.3678,sociablEE,FUT Esports,fade,True,100,,0,1,0,7,False,classic,sidearm,,0.7322,0.2222,yetujey,FUT Esports,astra,True,100,,1,1,0,1,False,classic,sidearm,,0.3022,0.5144,KROSTALY,FUT Esports,kayo,True,100,1,1,1,1,7,False,sheriff,sidearm,,0.6722,0.4700,Chronicle,Team Vitality,chamber,True,100,50,0,7,1,6,False,outlaw,sniper,,0.2811,0.8044,Derke,Team Vitality,neon,True,100,50,1,1,1,0,False,phantom,rifle,,0.1089,0.5711,Jamppi,Team Vitality,kayo,False,,50,0,0,0,5,False,unknown,unknown,,,,Sayonara,Team Vitality,sova,True,100,50,0,2,1,7,False,vandal,rifle,,0.3600,0.7178,PROFEK,Team Vitality,astra,True,100,50,0,2,0,6,False,phantom,rifle,,0.5844,0.6544
720.887,1271,ACTIVE_ROUND,4,2,3,63.000,,,s0pp,FUT Esports,chamber,True,100,,0,4,0,7,True,classic,sidearm,,0.9178,0.5089,xeus,FUT Esports,jett,True,87,24,2,1,0,7,True,classic,sidearm,,0.3033,0.3589,sociablEE,FUT Esports,fade,True,100,,0,1,0,7,False,classic,sidearm,,0.6989,0.1978,yetujey,FUT Esports,astra,True,100,,1,1,0,1,False,classic,sidearm,,0.3022,0.5144,KROSTALY,FUT Esports,kayo,True,100,1,1,1,1,7,False,sheriff,sidearm,,0.6567,0.4100,Chronicle,Team Vitality,chamber,True,100,50,0,7,1,6,False,outlaw,sniper,,0.2811,0.8044,Derke,Team Vitality,neon,True,100,50,1,1,1,0,False,phantom,rifle,,0.1089,0.5711,Jamppi,Team Vitality,kayo,False,,50,0,0,0,5,False,unknown,unknown,,,,Sayonara,Team Vitality,sova,True,100,50,0,2,1,7,False,vandal,rifle,,0.3600,0.7178,PROFEK,Team Vitality,astra,True,100,50,0,2,0,6,False,phantom,rifle,,0.5756,0.6478
721.371,1272,ACTIVE_ROUND,4,2,3,63.000,,,s0pp,FUT Esports,chamber,True,100,,0,4,0,7,True,classic,sidearm,,0.9244,0.5089,xeus,FUT Esports,jett,True,75,24,2,1,0,7,True,classic,sidearm,,0.3033,0.3589,sociablEE,FUT Esports,fade,True,100,,0,1,0,7,False,classic,sidearm,,0.6856,0.1911,yetujey,FUT Esports,astra,True,100,,1,1,0,1,False,classic,sidearm,,0.3022,0.5144,KROSTALY,FUT Esports,kayo,True,100,1,1,1,1,7,False,sheriff,sidearm,,0.6567,0.4100,Chronicle,Team Vitality,chamber,True,100,50,0,7,1,6,False,outlaw,sniper,,0.2811,0.8044,Derke,Team Vitality,neon,True,100,50,1,1,1,0,False,phantom,rifle,,0.1089,0.5711,Jamppi,Team Vitality,kayo,False,,50,0,0,0,5,False,unknown,unknown,,,,Sayonara,Team Vitality,sova,True,100,50,0,2,1,7,True,vandal,rifle,,0.3600,0.7178,PROFEK,Team Vitality,astra,True,100,50,1,1,0,6,False,phantom,rifle,,0.5667,0.6389
721.854,1273,ACTIVE_ROUND,4,2,3,62.000,,,s0pp,FUT Esports,chamber,True,100,,0,4,0,7,True,classic,sidearm,,0.9311,0.5111,xeus,FUT Esports,jett,False,,24,2,1,0,7,True,classic,sidearm,,0.3033,0.3589,sociablEE,FUT Esports,fade,True,100,,0,1,0,7,False,classic,sidearm,,0.6656,0.1867,yetujey,FUT Esports,astra,True,100,,1,1,0,1,False,classic,sidearm,,0.3022,0.5144,KROSTALY,FUT Esports,kayo,True,100,1,1,1,1,7,False,sheriff,sidearm,,0.6567,0.4100,Chronicle,Team Vitality,chamber,True,100,50,0,7,1,6,False,outlaw,sniper,,0.2811,0.8044,Derke,Team Vitality,neon,True,100,50,1,1,1,0,False,phantom,rifle,,0.1089,0.5711,Jamppi,Team Vitality,kayo,False,,50,0,0,0,5,False,unknown,unknown,,,,Sayonara,Team Vitality,sova,True,100,50,0,2,1,7,True,vandal,rifle,,0.3600,0.7178,PROFEK,Team Vitality,astra,True,100,50,1,1,0,6,False,phantom,rifle,,0.5578,0.6344
722.338,1274,ACTIVE_ROUND,4,2,3,62.000,,,s0pp,FUT Esports,chamber,True,100,,0,4,0,7,True,classic,sidearm,,0.9356,0.5133,xeus,FUT Esports,jett,False,,24,2,1,0,7,True,classic,sidearm,,,,sociablEE,FUT Esports,fade,True,100,,0,1,0,7,False,classic,sidearm,,0.6456,0.1867,yetujey,FUT Esports,astra,True,100,,1,1,0,1,False,classic,sidearm,,0.3022,0.5144,KROSTALY,FUT Esports,kayo,True,100,1,1,1,1,7,False,sheriff,sidearm,,0.8900,0.4856,Chronicle,Team Vitality,chamber,True,100,50,0,7,1,6,False,outlaw,sniper,,0.0856,0.6733,Derke,Team Vitality,neon,True,100,50,1,1,1,0,False,phantom,rifle,,0.6778,0.5022,Jamppi,Team Vitality,kayo,False,,50,0,0,0,5,False,unknown,unknown,,,,Sayonara,Team Vitality,sova,True,100,50,0,2,1,7,True,vandal,rifle,,0.3600,0.7178,PROFEK,Team Vitality,astra,True,100,50,1,1,0,6,False,phantom,rifle,,0.5467,0.6322
722.822,1275,ACTIVE_ROUND,4,2,3,61.000,,,s0pp,FUT Esports,chamber,True,100,,0,4,0,7,True,classic,sidearm,,0.9400,0.5156,xeus,FUT Esports,jett,False,,24,2,1,0,7,True,classic,sidearm,,,,sociablEE,FUT Esports,fade,True,100,,0,1,0,7,False,classic,sidearm,,0.6256,0.1911,yetujey,FUT Esports,astra,True,100,,1,1,0,1,False,classic,sidearm,,0.3022,0.5144,KROSTALY,FUT Esports,kayo,True,100,1,1,1,1,7,False,sheriff,sidearm,,0.6567,0.4100,Chronicle,Team Vitality,chamber,True,100,50,0,7,1,6,False,outlaw,sniper,,0.5678,0.5911,Derke,Team Vitality,neon,True,100,50,1,1,1,0,False,phantom,rifle,,0.6778,0.5022,Jamppi,Team Vitality,kayo,False,,50,0,0,0,5,False,unknown,unknown,,,,Sayonara,Team Vitality,sova,True,100,50,0,2,1,7,True,vandal,rifle,,0.3667,0.7844,PROFEK,Team Vitality,astra,True,100,50,1,1,0,6,False,phantom,rifle,,0.5356,0.6322
723.306,1276,ACTIVE_ROUND,4,2,3,61.000,,,s0pp,FUT Esports,chamber,True,100,,0,4,0,7,True,classic,sidearm,,0.9400,0.5200,xeus,FUT Esports,jett,False,,24,2,1,0,7,True,classic,sidearm,,,,sociablEE,FUT Esports,fade,True,100,,0,1,0,7,False,classic,sidearm,,0.6256,0.1911,yetujey,FUT Esports,astra,True,100,,0,0,0,1,False,classic,sidearm,,0.3022,0.5144,KROSTALY,FUT Esports,kayo,True,100,1,1,1,1,7,False,sheriff,sidearm,,0.8944,0.4833,Chronicle,Team Vitality,chamber,True,100,50,0,7,1,6,False,outlaw,sniper,,0.2500,0.5111,Derke,Team Vitality,neon,True,100,50,0,1,1,1,False,phantom,rifle,,0.6778,0.5022,Jamppi,Team Vitality,kayo,False,,50,0,0,0,5,False,unknown,unknown,,,,Sayonara,Team Vitality,sova,True,100,50,0,2,1,7,True,vandal,rifle,,0.3667,0.7844,PROFEK,Team Vitality,astra,True,100,50,2,2,0,6,False,phantom,rifle,,0.5244,0.6278
723.790,1277,ACTIVE_ROUND,4,2,3,60.000,,,s0pp,FUT Esports,chamber,True,100,,0,4,0,7,True,classic,sidearm,,0.9311,0.5244,xeus,FUT Esports,jett,False,,24,2,1,0,7,True,classic,sidearm,,,,sociablEE,FUT Esports,fade,True,100,,0,1,0,7,False,classic,sidearm,,0.6256,0.1911,yetujey,FUT Esports,astra,True,100,,0,0,0,1,False,classic,sidearm,,0.3022,0.5144,KROSTALY,FUT Esports,kayo,True,100,1,1,1,1,7,False,sheriff,sidearm,,0.5922,0.4189,Chronicle,Team Vitality,chamber,True,100,50,0,7,1,6,False,outlaw,sniper,,0.5300,0.2133,Derke,Team Vitality,neon,True,100,50,0,1,1,1,False,phantom,rifle,,0.6778,0.5022,Jamppi,Team Vitality,kayo,False,,50,0,0,0,5,False,unknown,unknown,,,,Sayonara,Team Vitality,sova,True,100,50,0,2,1,7,True,vandal,rifle,,0.3667,0.7844,PROFEK,Team Vitality,astra,True,100,50,2,2,0,6,False,phantom,rifle,,0.5244,0.6278
724.274,1278,ACTIVE_ROUND,4,2,3,60.000,,,s0pp,FUT Esports,chamber,True,100,,0,4,0,7,True,classic,sidearm,,0.9244,0.5311,xeus,FUT Esports,jett,False,,24,2,1,0,7,True,classic,sidearm,,,,sociablEE,FUT Esports,fade,True,100,,0,1,0,7,False,classic,sidearm,,0.5656,0.2133,yetujey,FUT Esports,astra,True,100,,0,0,0,1,False,classic,sidearm,,0.3022,0.5144,KROSTALY,FUT Esports,kayo,True,100,1,1,1,1,7,False,sheriff,sidearm,,0.2967,0.4278,Chronicle,Team Vitality,chamber,True,100,50,0,7,1,6,False,outlaw,sniper,,0.0856,0.5133,Derke,Team Vitality,neon,True,100,50,0,1,1,1,False,phantom,rifle,,0.6778,0.5022,Jamppi,Team Vitality,kayo,False,,50,0,0,0,5,False,unknown,unknown,,,,Sayonara,Team Vitality,sova,True,100,50,0,2,1,7,True,vandal,rifle,,0.3622,0.7844,PROFEK,Team Vitality,astra,True,100,50,2,2,0,6,False,phantom,rifle,,0.5200,0.6256
724.757,1279,ACTIVE_ROUND,4,2,3,59.000,,,s0pp,FUT Esports,chamber,True,100,,0,4,0,7,True,classic,sidearm,,0.9267,0.5356,xeus,FUT Esports,jett,False,,24,2,1,0,7,True,classic,sidearm,,,,sociablEE,FUT Esports,fade,True,100,,0,1,0,7,False,classic,sidearm,,0.5456,0.2289,yetujey,FUT Esports,astra,True,100,,0,0,0,1,False,classic,sidearm,,0.2578,0.4567,KROSTALY,FUT Esports,kayo,True,100,1,1,1,1,7,False,sheriff,sidearm,,0.2900,0.4078,Chronicle,Team Vitality,chamber,True,100,50,0,7,1,6,False,outlaw,sniper,,0.0856,0.5156,Derke,Team Vitality,neon,True,100,50,0,1,1,1,False,phantom,rifle,,0.6778,0.5022,Jamppi,Team Vitality,kayo,False,,50,0,0,0,5,False,unknown,unknown,,,,Sayonara,Team Vitality,sova,True,100,50,0,2,1,7,True,vandal,rifle,,0.3622,0.7822,PROFEK,Team Vitality,astra,True,100,50,2,2,0,6,False,phantom,rifle,,0.5200,0.6256
725.241,1280,ACTIVE_ROUND,4,2,3,59.000,,,s0pp,FUT Esports,chamber,True,100,,0,4,0,7,True,classic,sidearm,,0.9222,0.5289,xeus,FUT Esports,jett,False,,24,2,1,0,7,True,classic,sidearm,,,,sociablEE,FUT Esports,fade,True,100,,0,1,0,7,False,classic,sidearm,,0.5233,0.2378,yetujey,FUT Esports,astra,True,100,,0,0,0,1,False,classic,sidearm,,0.2400,0.4500,KROSTALY,FUT Esports,kayo,True,100,1,1,1,1,7,False,sheriff,sidearm,,0.2878,0.3900,Chronicle,Team Vitality,chamber,True,100,50,0,7,1,6,False,outlaw,sniper,,0.4011,0.6889,Derke,Team Vitality,neon,True,100,50,0,1,1,1,False,phantom,rifle,,0.6778,0.5022,Jamppi,Team Vitality,kayo,False,,50,0,0,0,5,False,unknown,unknown,,,,Sayonara,Team Vitality,sova,True,100,50,0,2,1,7,True,vandal,rifle,,0.3622,0.7822,PROFEK,Team Vitality,astra,True,100,50,1,2,0,6,False,phantom,rifle,,0.5200,0.6233
725.725,1281,ACTIVE_ROUND,4,2,3,58.000,,,s0pp,FUT Esports,chamber,True,100,,0,4,0,7,True,classic,sidearm,,0.9089,0.5244,xeus,FUT Esports,jett,False,,24,2,1,0,7,True,classic,sidearm,,,,sociablEE,FUT Esports,fade,True,100,,0,1,0,7,False,classic,sidearm,,0.5233,0.2378,yetujey,FUT Esports,astra,True,100,,0,0,0,1,False,classic,sidearm,,0.2244,0.4567,KROSTALY,FUT Esports,kayo,True,100,1,1,1,1,7,False,sheriff,sidearm,,0.2833,0.3722,Chronicle,Team Vitality,chamber,True,100,50,0,7,1,6,False,outlaw,sniper,,0.5833,0.6978,Derke,Team Vitality,neon,True,100,50,0,1,1,1,False,phantom,rifle,,0.6778,0.5022,Jamppi,Team Vitality,kayo,False,,50,0,0,0,5,False,unknown,unknown,,,,Sayonara,Team Vitality,sova,True,100,50,0,2,1,7,True,vandal,rifle,,0.3622,0.7822,PROFEK,Team Vitality,astra,True,100,50,1,2,0,6,False,phantom,rifle,,0.5244,0.6144
726.209,1282,ACTIVE_ROUND,4,2,3,58.000,,,s0pp,FUT Esports,chamber,True,100,,0,4,0,7,True,classic,sidearm,,0.8956,0.5200,xeus,FUT Esports,jett,False,,24,2,1,0,7,True,classic,sidearm,,,,sociablEE,FUT Esports,fade,True,100,,0,1,0,7,False,classic,sidearm,,0.4789,0.2511,yetujey,FUT Esports,astra,True,100,,0,0,0,1,False,classic,sidearm,,0.2244,0.4567,KROSTALY,FUT Esports,kayo,True,100,1,1,1,1,7,False,sheriff,sidearm,,0.2856,0.3589,Chronicle,Team Vitality,chamber,True,100,50,0,7,1,6,False,outlaw,sniper,,0.0989,0.6000,Derke,Team Vitality,neon,True,100,50,0,1,1,1,False,phantom,rifle,,0.6778,0.5022,Jamppi,Team Vitality,kayo,False,,50,0,0,0,5,False,unknown,unknown,,,,Sayonara,Team Vitality,sova,True,100,50,0,2,1,7,True,vandal,rifle,,0.3622,0.7822,PROFEK,Team Vitality,astra,True,100,50,1,2,0,6,False,phantom,rifle,,0.5267,0.6033
726.693,1283,ACTIVE_ROUND,4,2,3,57.000,,,s0pp,FUT Esports,chamber,True,100,,0,4,0,7,True,classic,sidearm,,0.8778,0.5044,xeus,FUT Esports,jett,False,,24,2,1,0,7,True,classic,sidearm,,,,sociablEE,FUT Esports,fade,True,100,,0,1,0,7,False,classic,sidearm,,0.4611,0.2578,yetujey,FUT Esports,astra,True,100,,0,0,0,1,False,classic,sidearm,,0.2244,0.4567,KROSTALY,FUT Esports,kayo,True,100,1,1,1,1,7,False,sheriff,sidearm,,0.2856,0.3522,Chronicle,Team Vitality,chamber,True,100,50,0,7,1,6,False,outlaw,sniper,,0.1033,0.4578,Derke,Team Vitality,neon,True,100,50,0,1,1,1,False,phantom,rifle,,0.6778,0.5022,Jamppi,Team Vitality,kayo,False,,50,0,0,0,5,False,unknown,unknown,,,,Sayonara,Team Vitality,sova,True,100,50,0,2,1,7,True,vandal,rifle,,0.3622,0.7822,PROFEK,Team Vitality,astra,True,100,50,1,2,0,6,False,phantom,rifle,,0.5289,0.5922
727.176,1284,ACTIVE_ROUND,4,2,3,57.000,,,s0pp,FUT Esports,chamber,True,100,,0,4,0,7,True,classic,sidearm,,0.8778,0.5044,xeus,FUT Esports,jett,False,,24,2,1,0,7,True,classic,sidearm,,,,sociablEE,FUT Esports,fade,True,100,,0,1,0,7,False,classic,sidearm,,0.4411,0.2689,yetujey,FUT Esports,astra,True,100,,0,0,0,1,False,classic,sidearm,,0.2244,0.4567,KROSTALY,FUT Esports,kayo,True,100,1,1,1,1,7,False,sheriff,sidearm,,0.2833,0.3544,Chronicle,Team Vitality,chamber,True,100,50,0,7,1,6,False,outlaw,sniper,,0.1033,0.4578,Derke,Team Vitality,neon,True,100,50,0,0,1,1,False,phantom,rifle,,0.6778,0.5022,Jamppi,Team Vitality,kayo,False,,50,0,0,0,5,False,unknown,unknown,,,,Sayonara,Team Vitality,sova,True,100,50,0,2,0,7,True,vandal,rifle,,0.3622,0.7822,PROFEK,Team Vitality,astra,True,100,50,1,1,0,6,False,phantom,rifle,,0.5333,0.5789
727.660,1285,ACTIVE_ROUND,4,2,3,56.000,,,s0pp,FUT Esports,chamber,True,100,,0,4,0,7,True,classic,sidearm,,0.8778,0.5044,xeus,FUT Esports,jett,False,,24,2,1,0,7,True,classic,sidearm,,,,sociablEE,FUT Esports,fade,True,100,,0,1,0,7,False,classic,sidearm,,0.4256,0.2800,yetujey,FUT Esports,astra,True,100,,0,0,0,1,False,classic,sidearm,,0.2244,0.4567,KROSTALY,FUT Esports,kayo,True,100,1,1,1,1,7,False,sheriff,sidearm,,0.2811,0.3522,Chronicle,Team Vitality,chamber,True,100,50,0,7,1,6,False,outlaw,sniper,,0.3744,0.2978,Derke,Team Vitality,neon,True,100,50,0,0,1,1,False,phantom,rifle,,0.6778,0.5022,Jamppi,Team Vitality,kayo,False,,50,0,0,0,5,False,unknown,unknown,,,,Sayonara,Team Vitality,sova,True,100,50,0,2,0,7,True,vandal,rifle,,0.3622,0.7822,PROFEK,Team Vitality,astra,True,100,50,1,1,0,6,False,phantom,rifle,,0.5422,0.5722
728.144,1286,ACTIVE_ROUND,4,2,3,56.000,,,s0pp,FUT Esports,chamber,True,100,,0,4,0,7,True,classic,sidearm,,0.8778,0.5044,xeus,FUT Esports,jett,False,,24,2,1,0,7,True,classic,sidearm,,,,sociablEE,FUT Esports,fade,True,100,,0,1,0,7,False,classic,sidearm,,0.4056,0.2911,yetujey,FUT Esports,astra,True,100,,0,0,0,1,False,classic,sidearm,,0.2244,0.4567,KROSTALY,FUT Esports,kayo,True,100,1,1,1,1,7,False,sheriff,sidearm,,0.2811,0.3500,Chronicle,Team Vitality,chamber,True,100,50,0,7,1,6,False,outlaw,sniper,,0.4478,0.4556,Derke,Team Vitality,neon,True,100,50,0,0,1,1,False,phantom,rifle,,0.6778,0.5022,Jamppi,Team Vitality,kayo,False,,50,0,0,0,5,False,unknown,unknown,,,,Sayonara,Team Vitality,sova,True,100,50,0,2,0,7,True,vandal,rifle,,0.3622,0.7822,PROFEK,Team Vitality,astra,True,100,50,1,1,0,6,False,phantom,rifle,,0.5422,0.5722
728.628,1287,ACTIVE_ROUND,4,2,3,56.000,,,s0pp,FUT Esports,chamber,True,100,,0,4,0,7,True,classic,sidearm,,0.8333,0.4267,xeus,FUT Esports,jett,False,,24,2,1,0,7,True,classic,sidearm,,,,sociablEE,FUT Esports,fade,True,100,,0,1,0,7,False,classic,sidearm,,0.3944,0.2933,yetujey,FUT Esports,astra,True,100,,0,0,0,1,False,classic,sidearm,,0.1822,0.4678,KROSTALY,FUT Esports,kayo,True,100,1,1,1,1,7,False,sheriff,sidearm,,0.2811,0.3433,Chronicle,Team Vitality,chamber,True,100,50,0,7,1,6,False,outlaw,sniper,,0.5211,0.1489,Derke,Team Vitality,neon,True,100,50,0,0,1,1,False,phantom,rifle,,0.6778,0.5022,Jamppi,Team Vitality,kayo,False,,50,0,0,0,5,False,unknown,unknown,,,,Sayonara,Team Vitality,sova,True,100,50,0,2,0,7,True,vandal,rifle,,0.3622,0.7822,PROFEK,Team Vitality,astra,True,100,50,1,1,0,6,False,phantom,rifle,,0.5422,0.5722
729.112,1288,ACTIVE_ROUND,4,2,3,55.000,,,s0pp,FUT Esports,chamber,True,100,,0,4,0,7,True,classic,sidearm,,0.8333,0.4267,xeus,FUT Esports,jett,False,,24,2,1,0,7,True,classic,sidearm,,,,sociablEE,FUT Esports,fade,True,100,,0,0,0,7,False,classic,sidearm,,0.3944,0.2933,yetujey,FUT Esports,astra,True,100,,0,0,0,1,False,classic,sidearm,,0.1822,0.4678,KROSTALY,FUT Esports,kayo,True,100,1,1,0,1,7,False,sheriff,sidearm,,0.7789,0.3700,Chronicle,Team Vitality,chamber,True,100,50,0,7,1,6,False,outlaw,sniper,,0.4100,0.6844,Derke,Team Vitality,neon,True,100,50,0,0,0,1,False,phantom,rifle,,0.6778,0.5022,Jamppi,Team Vitality,kayo,False,,50,0,0,0,5,False,unknown,unknown,,,,Sayonara,Team Vitality,sova,True,100,50,0,2,0,7,True,vandal,rifle,,0.3622,0.7822,PROFEK,Team Vitality,astra,True,100,50,1,1,0,6,False,phantom,rifle,,0.5422,0.5722
729.596,1289,ACTIVE_ROUND,4,2,3,55.000,,,s0pp,FUT Esports,chamber,True,100,,0,4,0,7,True,classic,sidearm,,0.8333,0.4267,xeus,FUT Esports,jett,False,,24,2,1,0,7,True,classic,sidearm,,,,sociablEE,FUT Esports,fade,True,100,,0,0,0,7,False,classic,sidearm,,0.3744,0.3356,yetujey,FUT Esports,astra,True,100,,0,0,0,1,False,classic,sidearm,,0.1822,0.4678,KROSTALY,FUT Esports,kayo,True,100,1,1,0,1,7,False,sheriff,sidearm,,0.2989,0.3256,Chronicle,Team Vitality,chamber,True,100,50,0,7,1,6,False,outlaw,sniper,,0.7033,0.7844,Derke,Team Vitality,neon,False,,50,0,0,0,1,False,phantom,rifle,,0.6778,0.5022,Jamppi,Team Vitality,kayo,False,,50,0,0,0,5,False,unknown,unknown,,,,Sayonara,Team Vitality,sova,True,100,50,0,2,0,7,True,vandal,rifle,,0.3622,0.7822,PROFEK,Team Vitality,astra,True,100,50,1,1,0,6,False,phantom,rifle,,0.5422,0.5722
730.079,1290,ACTIVE_ROUND,4,2,3,54.000,,,s0pp,FUT Esports,chamber,True,100,,0,4,0,7,True,classic,sidearm,,0.8089,0.3600,xeus,FUT Esports,jett,False,,24,2,1,0,7,True,classic,sidearm,,,,sociablEE,FUT Esports,fade,True,100,,0,0,0,7,False,classic,sidearm,,0.3744,0.3356,yetujey,FUT Esports,astra,True,100,,0,0,0,1,False,classic,sidearm,,0.2244,0.4589,KROSTALY,FUT Esports,kayo,True,100,1,1,0,1,7,False,sheriff,sidearm,,0.2922,0.3233,Chronicle,Team Vitality,chamber,True,100,50,0,7,1,6,False,outlaw,sniper,,0.8322,0.2156,Derke,Team Vitality,neon,False,,50,0,0,0,1,False,phantom,rifle,,,,Jamppi,Team Vitality,kayo,False,,50,0,0,0,5,False,unknown,unknown,,,,Sayonara,Team Vitality,sova,True,100,50,0,2,0,7,True,vandal,rifle,,0.3622,0.7822,PROFEK,Team Vitality,astra,True,100,50,1,1,0,6,False,phantom,rifle,,0.5422,0.5722
730.563,1291,ACTIVE_ROUND,4,2,3,54.000,,,s0pp,FUT Esports,chamber,True,100,,0,4,0,7,True,classic,sidearm,,0.8089,0.3600,xeus,FUT Esports,jett,False,,24,2,1,0,7,True,classic,sidearm,,,,sociablEE,FUT Esports,fade,True,100,,0,0,0,7,False,classic,sidearm,,0.3633,0.3756,yetujey,FUT Esports,astra,True,100,,0,0,0,1,False,classic,sidearm,,0.2244,0.4589,KROSTALY,FUT Esports,kayo,True,61,1,1,0,1,7,False,sheriff,sidearm,,0.7833,0.3233,Chronicle,Team Vitality,chamber,True,100,50,0,7,1,6,False,outlaw,sniper,,0.8878,0.3467,Derke,Team Vitality,neon,False,,50,0,0,0,1,False,phantom,rifle,,,,Jamppi,Team Vitality,kayo,False,,50,0,0,0,5,False,unknown,unknown,,,,Sayonara,Team Vitality,sova,True,100,50,0,2,0,7,True,vandal,rifle,,0.3622,0.7822,PROFEK,Team Vitality,astra,True,100,50,1,1,0,6,False,phantom,rifle,,0.5422,0.5722
731.047,1292,ACTIVE_ROUND,4,2,3,53.000,,,s0pp,FUT Esports,chamber,True,100,,0,4,0,7,True,classic,sidearm,,0.8089,0.3600,xeus,FUT Esports,jett,False,,24,2,1,0,7,True,classic,sidearm,,,,sociablEE,FUT Esports,fade,True,100,,0,0,0,7,False,classic,sidearm,,0.3633,0.3756,yetujey,FUT Esports,astra,True,100,,0,0,0,1,False,classic,sidearm,,0.2556,0.4544,KROSTALY,FUT Esports,kayo,True,61,1,1,0,1,7,True,sheriff,sidearm,,0.7633,0.2744,Chronicle,Team Vitality,chamber,True,100,50,0,7,1,6,False,outlaw,sniper,,0.3967,0.6867,Derke,Team Vitality,neon,False,,50,0,0,0,1,False,phantom,rifle,,,,Jamppi,Team Vitality,kayo,False,,50,0,0,0,5,False,unknown,unknown,,,,Sayonara,Team Vitality,sova,True,100,50,0,2,0,7,True,vandal,rifle,,0.3622,0.7822,PROFEK,Team Vitality,astra,True,100,50,2,1,0,6,False,phantom,rifle,,0.5422,0.5722
731.531,1293,ACTIVE_ROUND,4,2,3,53.000,,,s0pp,FUT Esports,chamber,True,100,,0,4,0,7,True,classic,sidearm,,0.8089,0.3600,xeus,FUT Esports,jett,False,,24,2,1,0,7,True,classic,sidearm,,,,sociablEE,FUT Esports,fade,True,100,,0,0,0,7,False,classic,sidearm,,0.3278,0.3911,yetujey,FUT Esports,astra,True,100,,0,0,0,1,False,classic,sidearm,,0.2756,0.4611,KROSTALY,FUT Esports,kayo,True,61,1,1,0,1,7,True,sheriff,sidearm,,0.2700,0.4856,Chronicle,Team Vitality,chamber,True,100,50,0,7,1,6,False,outlaw,sniper,,0.7456,0.7333,Derke,Team Vitality,neon,False,,50,0,0,0,1,False,phantom,rifle,,,,Jamppi,Team Vitality,kayo,False,,50,0,0,0,5,False,unknown,unknown,,,,Sayonara,Team Vitality,sova,True,100,50,0,2,0,7,True,vandal,rifle,,0.3622,0.7822,PROFEK,Team Vitality,astra,True,100,50,2,1,0,6,False,phantom,rifle,,0.5422,0.5722
732.015,1294,ACTIVE_ROUND,4,2,3,52.000,,,s0pp,FUT Esports,chamber,True,100,,0,4,0,7,True,classic,sidearm,,0.8089,0.3600,xeus,FUT Esports,jett,False,,24,2,1,0,7,True,classic,sidearm,,,,sociablEE,FUT Esports,fade,True,100,,0,0,0,7,False,classic,sidearm,,0.3167,0.3911,yetujey,FUT Esports,astra,True,100,,0,0,0,1,False,classic,sidearm,,0.2756,0.4611,KROSTALY,FUT Esports,kayo,True,61,1,1,0,1,7,True,sheriff,sidearm,,0.2833,0.4700,Chronicle,Team Vitality,chamber,True,100,50,0,7,1,6,False,outlaw,sniper,,0.5833,0.6956,Derke,Team Vitality,neon,False,,50,0,0,0,1,False,phantom,rifle,,,,Jamppi,Team Vitality,kayo,False,,50,0,0,0,5,False,unknown,unknown,,,,Sayonara,Team Vitality,sova,True,100,50,0,2,0,7,True,vandal,rifle,,0.3622,0.7822,PROFEK,Team Vitality,astra,True,100,50,2,1,0,6,False,phantom,rifle,,0.5222,0.4989
732.498,1295,ACTIVE_ROUND,4,2,3,52.000,,,s0pp,FUT Esports,chamber,True,100,,0,4,0,7,True,classic,sidearm,,0.8089,0.3600,xeus,FUT Esports,jett,False,,24,2,1,0,7,True,classic,sidearm,,,,sociablEE,FUT Esports,fade,True,100,,0,0,0,7,False,classic,sidearm,,0.2989,0.3933,yetujey,FUT Esports,astra,True,100,,0,0,0,1,False,classic,sidearm,,0.2756,0.4611,KROSTALY,FUT Esports,kayo,True,61,1,1,0,1,7,True,sheriff,sidearm,,0.2144,0.3056,Chronicle,Team Vitality,chamber,True,100,50,0,7,1,6,False,outlaw,sniper,,0.7456,0.6756,Derke,Team Vitality,neon,False,,50,0,0,0,1,False,phantom,rifle,,,,Jamppi,Team Vitality,kayo,False,,50,0,0,0,5,False,unknown,unknown,,,,Sayonara,Team Vitality,sova,True,100,50,0,2,0,7,True,vandal,rifle,,0.3622,0.7822,PROFEK,Team Vitality,astra,True,100,50,2,1,0,6,False,phantom,rifle,,0.5222,0.4989
732.982,1296,ACTIVE_ROUND,4,2,3,51.000,,,s0pp,FUT Esports,chamber,True,100,,0,4,0,7,True,classic,sidearm,,0.8089,0.3600,xeus,FUT Esports,jett,False,,24,2,1,0,7,True,classic,sidearm,,,,sociablEE,FUT Esports,fade,True,100,,0,0,0,7,False,classic,sidearm,,0.2856,0.4067,yetujey,FUT Esports,astra,True,100,,0,0,0,1,False,classic,sidearm,,0.2756,0.4611,KROSTALY,FUT Esports,kayo,True,61,1,1,0,1,0,False,phantom,rifle,,0.2033,0.3033,Chronicle,Team Vitality,chamber,True,100,50,0,7,1,6,False,outlaw,sniper,,0.5767,0.5556,Derke,Team Vitality,neon,False,,50,0,0,0,1,False,phantom,rifle,,,,Jamppi,Team Vitality,kayo,False,,50,0,0,0,5,False,unknown,unknown,,,,Sayonara,Team Vitality,sova,True,100,50,0,2,0,7,True,vandal,rifle,,0.3622,0.7822,PROFEK,Team Vitality,astra,True,100,50,2,1,0,6,False,phantom,rifle,,0.5222,0.4989
733.466,1297,ACTIVE_ROUND,4,2,3,51.000,,,s0pp,FUT Esports,chamber,True,100,,0,4,0,7,True,classic,sidearm,,0.8089,0.2844,xeus,FUT Esports,jett,False,,24,2,1,0,7,True,classic,sidearm,,,,sociablEE,FUT Esports,fade,True,100,,0,0,0,7,False,classic,sidearm,,0.2900,0.4178,yetujey,FUT Esports,astra,True,100,,0,0,0,1,False,classic,sidearm,,0.2844,0.5056,KROSTALY,FUT Esports,kayo,True,61,1,1,0,1,0,False,phantom,rifle,,0.2033,0.3033,Chronicle,Team Vitality,chamber,True,100,50,0,7,1,6,False,outlaw,sniper,,0.7478,0.6622,Derke,Team Vitality,neon,False,,50,0,0,0,1,False,phantom,rifle,,,,Jamppi,Team Vitality,kayo,False,,50,0,0,0,5,False,unknown,unknown,,,,Sayonara,Team Vitality,sova,True,100,50,0,2,0,7,True,vandal,rifle,,0.3622,0.7822,PROFEK,Team Vitality,astra,True,100,50,2,1,0,6,False,phantom,rifle,,0.5222,0.4989
733.950,1298,ACTIVE_ROUND,4,2,3,50.000,,,s0pp,FUT Esports,chamber,True,100,,0,4,0,7,True,classic,sidearm,,0.8089,0.2844,xeus,FUT Esports,jett,False,,24,2,1,0,7,True,classic,sidearm,,,,sociablEE,FUT Esports,fade,True,100,,0,0,0,7,False,classic,sidearm,,0.2944,0.4356,yetujey,FUT Esports,astra,True,100,,0,0,0,1,False,classic,sidearm,,0.2844,0.5056,KROSTALY,FUT Esports,kayo,True,61,1,1,0,1,0,False,phantom,rifle,,0.1967,0.3033,Chronicle,Team Vitality,chamber,True,100,50,0,7,1,6,False,outlaw,sniper,,0.5922,0.5644,Derke,Team Vitality,neon,False,,50,0,0,0,1,False,phantom,rifle,,,,Jamppi,Team Vitality,kayo,False,,50,0,0,0,5,False,unknown,unknown,,,,Sayonara,Team Vitality,sova,True,100,50,0,2,0,7,True,vandal,rifle,,0.3622,0.7822,PROFEK,Team Vitality,astra,True,100,50,2,1,0,6,False,phantom,rifle,,0.5222,0.4989
734.434,1299,ACTIVE_ROUND,4,2,3,50.000,,,s0pp,FUT Esports,chamber,True,100,,0,4,0,7,True,classic,sidearm,,0.8333,0.2867,xeus,FUT Esports,jett,False,,24,2,1,0,7,True,classic,sidearm,,,,sociablEE,FUT Esports,fade,True,100,,0,0,0,7,False,classic,sidearm,,0.2967,0.4422,yetujey,FUT Esports,astra,True,100,,0,0,0,1,False,classic,sidearm,,0.3000,0.5233,KROSTALY,FUT Esports,kayo,True,61,1,1,0,1,0,False,phantom,rifle,,0.1989,0.3033,Chronicle,Team Vitality,chamber,True,100,50,0,7,1,6,False,outlaw,sniper,,0.3878,0.6911,Derke,Team Vitality,neon,False,,50,0,0,0,1,False,phantom,rifle,,,,Jamppi,Team Vitality,kayo,False,,50,0,0,0,5,False,unknown,unknown,,,,Sayonara,Team Vitality,sova,True,100,50,0,2,0,7,True,vandal,rifle,,0.3622,0.7822,PROFEK,Team Vitality,astra,True,100,50,2,1,0,6,False,phantom,rifle,,0.5222,0.4989
734.918,1300,ACTIVE_ROUND,4,2,3,49.000,,,s0pp,FUT Esports,chamber,True,100,,0,4,0,7,True,classic,sidearm,,0.8422,0.2911,xeus,FUT Esports,jett,False,,24,2,1,0,7,True,classic,sidearm,,,,sociablEE,FUT Esports,fade,True,100,,0,0,0,7,False,classic,sidearm,,0.2967,0.4422,yetujey,FUT Esports,astra,True,100,,0,0,0,1,False,classic,sidearm,,0.3089,0.5278,KROSTALY,FUT Esports,kayo,True,61,1,1,0,1,0,False,phantom,rifle,,0.2700,0.4856,Chronicle,Team Vitality,chamber,True,100,50,0,7,1,6,False,outlaw,sniper,,0.6056,0.5622,Derke,Team Vitality,neon,False,,50,0,0,0,1,False,phantom,rifle,,,,Jamppi,Team Vitality,kayo,False,,50,0,0,0,5,False,unknown,unknown,,,,Sayonara,Team Vitality,sova,True,100,50,0,2,0,7,True,vandal,rifle,,0.3622,0.7822,PROFEK,Team Vitality,astra,True,100,50,1,1,0,6,False,phantom,rifle,,0.5222,0.4989
735.401,1301,ACTIVE_ROUND,4,2,3,49.000,,,s0pp,FUT Esports,chamber,True,100,,0,4,0,7,True,classic,sidearm,,0.8489,0.2978,xeus,FUT Esports,jett,False,,24,2,1,0,7,True,classic,sidearm,,,,sociablEE,FUT Esports,fade,True,100,,0,0,0,7,False,classic,sidearm,,0.2967,0.4422,yetujey,FUT Esports,astra,True,100,,0,0,0,1,False,classic,sidearm,,0.3222,0.5300,KROSTALY,FUT Esports,kayo,True,61,1,1,0,1,0,False,phantom,rifle,,0.2189,0.3056,Chronicle,Team Vitality,chamber,True,100,50,0,7,1,6,False,outlaw,sniper,,0.7967,0.3089,Derke,Team Vitality,neon,False,,50,0,0,0,1,False,phantom,rifle,,,,Jamppi,Team Vitality,kayo,False,,50,0,0,0,5,False,unknown,unknown,,,,Sayonara,Team Vitality,sova,True,100,50,0,2,0,7,True,vandal,rifle,,0.3622,0.7822,PROFEK,Team Vitality,astra,True,100,50,1,1,0,6,False,phantom,rifle,,0.5222,0.4989
735.885,1302,ACTIVE_ROUND,4,2,3,48.000,,,s0pp,FUT Esports,chamber,True,100,,0,4,0,7,True,classic,sidearm,,0.8556,0.3067,xeus,FUT Esports,jett,False,,24,2,1,0,7,True,classic,sidearm,,,,sociablEE,FUT Esports,fade,True,100,,0,0,0,7,False,classic,sidearm,,0.2967,0.4422,yetujey,FUT Esports,astra,True,100,,0,0,0,1,False,classic,sidearm,,0.3222,0.5300,KROSTALY,FUT Esports,kayo,True,61,1,1,0,1,0,False,phantom,rifle,,0.2389,0.3100,Chronicle,Team Vitality,chamber,True,100,50,0,7,1,6,False,outlaw,sniper,,0.6256,0.5422,Derke,Team Vitality,neon,False,,50,0,0,0,1,False,phantom,rifle,,,,Jamppi,Team Vitality,kayo,False,,50,0,0,0,5,False,unknown,unknown,,,,Sayonara,Team Vitality,sova,True,100,50,0,2,0,7,True,vandal,rifle,,0.3622,0.7822,PROFEK,Team Vitality,astra,True,100,50,1,1,0,6,False,phantom,rifle,,0.5222,0.4989
736.369,1303,ACTIVE_ROUND,4,2,3,48.000,,,s0pp,FUT Esports,chamber,True,100,,0,4,0,7,True,classic,sidearm,,0.8622,0.3133,xeus,FUT Esports,jett,False,,24,2,1,0,7,True,classic,sidearm,,,,sociablEE,FUT Esports,fade,True,100,,0,0,0,7,False,classic,sidearm,,0.2989,0.4556,yetujey,FUT Esports,astra,True,100,,0,0,0,1,False,classic,sidearm,,0.3222,0.5300,KROSTALY,FUT Esports,kayo,True,61,1,1,0,1,0,False,phantom,rifle,,0.2567,0.3144,Chronicle,Team Vitality,chamber,True,100,50,0,7,1,6,False,outlaw,sniper,,0.6322,0.5422,Derke,Team Vitality,neon,False,,50,0,0,0,1,False,phantom,rifle,,,,Jamppi,Team Vitality,kayo,False,,50,0,0,0,5,False,unknown,unknown,,,,Sayonara,Team Vitality,sova,True,100,50,0,2,0,7,True,vandal,rifle,,0.3622,0.7822,PROFEK,Team Vitality,astra,True,100,50,1,1,0,6,False,phantom,rifle,,0.5222,0.4989
736.853,1304,ACTIVE_ROUND,4,2,3,47.000,,,s0pp,FUT Esports,chamber,True,100,,0,4,0,7,True,classic,sidearm,,0.8644,0.3200,xeus,FUT Esports,jett,False,,24,2,1,0,7,True,classic,sidearm,,,,sociablEE,FUT Esports,fade,True,100,,0,0,0,7,False,classic,sidearm,,0.2833,0.4489,yetujey,FUT Esports,astra,True,100,,0,0,0,1,False,classic,sidearm,,0.3222,0.5300,KROSTALY,FUT Esports,kayo,True,61,1,1,0,1,0,False,phantom,rifle,,0.2744,0.3211,Chronicle,Team Vitality,chamber,True,100,50,0,7,1,6,False,outlaw,sniper,,0.4011,0.6889,Derke,Team Vitality,neon,False,,50,0,0,0,1,False,phantom,rifle,,,,Jamppi,Team Vitality,kayo,False,,50,0,0,0,5,False,unknown,unknown,,,,Sayonara,Team Vitality,sova,True,100,50,0,2,0,7,True,vandal,rifle,,0.3622,0.7822,PROFEK,Team Vitality,astra,True,100,50,2,1,0,6,False,phantom,rifle,,0.5222,0.4989
737.337,1305,ACTIVE_ROUND,4,2,3,47.000,,,s0pp,FUT Esports,chamber,True,100,,0,4,0,7,True,classic,sidearm,,0.8644,0.3267,xeus,FUT Esports,jett,False,,24,2,1,0,7,True,classic,sidearm,,,,sociablEE,FUT Esports,fade,True,100,,0,0,0,7,False,classic,sidearm,,0.2633,0.4556,yetujey,FUT Esports,astra,True,100,,0,0,0,1,False,classic,sidearm,,0.4089,0.5322,KROSTALY,FUT Esports,kayo,True,61,1,1,0,1,0,False,phantom,rifle,,0.2833,0.3300,Chronicle,Team Vitality,chamber,True,100,50,0,7,1,6,False,outlaw,sniper,,0.7478,0.7422,Derke,Team Vitality,neon,False,,50,0,0,0,1,False,phantom,rifle,,,,Jamppi,Team Vitality,kayo,False,,50,0,0,0,5,False,unknown,unknown,,,,Sayonara,Team Vitality,sova,True,100,50,0,2,0,7,True,vandal,rifle,,0.3622,0.7822,PROFEK,Team Vitality,astra,True,100,50,2,1,0,6,False,phantom,rifle,,0.5222,0.4989
737.820,1306,ACTIVE_ROUND,4,2,3,46.000,,,s0pp,FUT Esports,chamber,True,100,,0,4,0,7,True,classic,sidearm,,0.8644,0.3267,xeus,FUT Esports,jett,False,,24,2,1,0,7,True,classic,sidearm,,,,sociablEE,FUT Esports,fade,True,100,,0,0,0,7,False,classic,sidearm,,0.2633,0.4556,yetujey,FUT Esports,astra,True,100,,0,0,0,1,False,classic,sidearm,,0.4089,0.5322,KROSTALY,FUT Esports,kayo,True,61,1,1,0,1,0,False,phantom,rifle,,0.2900,0.3456,Chronicle,Team Vitality,chamber,True,100,50,0,7,1,6,False,outlaw,sniper,,0.3922,0.6756,Derke,Team Vitality,neon,False,,50,0,0,0,1,False,phantom,rifle,,,,Jamppi,Team Vitality,kayo,False,,50,0,0,0,5,False,unknown,unknown,,,,Sayonara,Team Vitality,sova,True,100,50,0,2,0,7,True,vandal,rifle,,0.3622,0.7822,PROFEK,Team Vitality,astra,True,100,50,2,1,0,6,False,phantom,rifle,,0.5222,0.4989
738.304,1307,ACTIVE_ROUND,4,2,3,46.000,,,s0pp,FUT Esports,chamber,True,100,,0,4,0,7,True,classic,sidearm,,0.8644,0.3267,xeus,FUT Esports,jett,False,,24,2,1,0,7,True,classic,sidearm,,,,sociablEE,FUT Esports,fade,True,100,,0,0,0,7,False,classic,sidearm,,0.2456,0.4533,yetujey,FUT Esports,astra,True,100,,0,0,0,1,False,classic,sidearm,,0.4467,0.5189,KROSTALY,FUT Esports,kayo,True,61,1,1,0,1,0,False,phantom,rifle,,0.3011,0.3611,Chronicle,Team Vitality,chamber,True,100,50,0,7,1,6,False,outlaw,sniper,,0.3967,0.6889,Derke,Team Vitality,neon,False,,50,0,0,0,1,False,phantom,rifle,,,,Jamppi,Team Vitality,kayo,False,,50,0,0,0,5,False,unknown,unknown,,,,Sayonara,Team Vitality,sova,True,100,50,0,2,0,7,True,vandal,rifle,,0.3622,0.7822,PROFEK,Team Vitality,astra,True,100,50,2,1,0,6,False,phantom,rifle,,0.5222,0.4989
738.788,1308,ACTIVE_ROUND,4,2,3,45.000,,,s0pp,FUT Esports,chamber,True,100,,0,4,1,7,True,classic,sidearm,,0.8644,0.3267,xeus,FUT Esports,jett,False,,24,2,1,0,7,True,classic,sidearm,,,,sociablEE,FUT Esports,fade,True,100,,0,0,0,7,False,classic,sidearm,,0.2456,0.4489,yetujey,FUT Esports,astra,True,100,,0,0,0,1,False,classic,sidearm,,0.4622,0.5211,KROSTALY,FUT Esports,kayo,True,61,1,1,0,1,0,False,phantom,rifle,,0.3189,0.3700,Chronicle,Team Vitality,chamber,True,100,50,0,7,1,6,False,outlaw,sniper,,0.4722,0.3933,Derke,Team Vitality,neon,False,,50,0,0,0,1,False,phantom,rifle,,,,Jamppi,Team Vitality,kayo,False,,50,0,0,0,5,False,unknown,unknown,,,,Sayonara,Team Vitality,sova,True,100,50,0,2,0,7,True,vandal,rifle,,0.3622,0.7822,PROFEK,Team Vitality,astra,True,100,50,2,2,0,6,False,phantom,rifle,,0.5222,0.4989
739.272,1309,ACTIVE_ROUND,4,2,3,45.000,,,s0pp,FUT Esports,chamber,True,100,,0,4,1,7,True,classic,sidearm,,0.8644,0.3267,xeus,FUT Esports,jett,False,,24,2,1,0,7,True,classic,sidearm,,,,sociablEE,FUT Esports,fade,True,100,,0,0,0,7,False,classic,sidearm,,0.2411,0.4467,yetujey,FUT Esports,astra,True,100,,0,0,0,1,False,classic,sidearm,,0.4733,0.5189,KROSTALY,FUT Esports,kayo,True,61,1,1,0,1,0,False,phantom,rifle,,0.3433,0.3700,Chronicle,Team Vitality,chamber,True,100,50,0,7,1,6,False,outlaw,sniper,,0.5256,0.6000,Derke,Team Vitality,neon,False,,50,0,0,0,1,False,phantom,rifle,,,,Jamppi,Team Vitality,kayo,False,,50,0,0,0,5,False,unknown,unknown,,,,Sayonara,Team Vitality,sova,True,100,50,0,2,0,7,True,vandal,rifle,,0.3622,0.7822,PROFEK,Team Vitality,astra,True,100,50,2,2,0,6,False,phantom,rifle,,0.5222,0.4989
739.756,1310,ACTIVE_ROUND,4,2,3,44.000,,,s0pp,FUT Esports,chamber,True,100,,0,4,1,7,True,classic,sidearm,,0.8644,0.3267,xeus,FUT Esports,jett,False,,24,2,1,0,7,True,classic,sidearm,,,,sociablEE,FUT Esports,fade,True,100,,0,0,0,7,False,classic,sidearm,,0.2233,0.4533,yetujey,FUT Esports,astra,True,100,,0,0,0,1,False,classic,sidearm,,0.4844,0.5167,KROSTALY,FUT Esports,kayo,True,61,1,1,0,1,0,False,phantom,rifle,,0.3656,0.3611,Chronicle,Team Vitality,chamber,True,100,50,0,7,1,6,False,outlaw,sniper,,0.3256,0.8067,Derke,Team Vitality,neon,False,,50,0,0,0,1,False,phantom,rifle,,,,Jamppi,Team Vitality,kayo,False,,50,0,0,0,5,False,unknown,unknown,,,,Sayonara,Team Vitality,sova,True,100,50,0,2,0,7,True,vandal,rifle,,0.3622,0.7822,PROFEK,Team Vitality,astra,True,100,50,2,2,0,6,False,phantom,rifle,,0.5222,0.4989
740.240,1311,ACTIVE_ROUND,4,2,3,44.000,,,s0pp,FUT Esports,chamber,True,100,,0,4,1,7,True,classic,sidearm,,0.8644,0.3267,xeus,FUT Esports,jett,False,,24,2,1,0,7,True,classic,sidearm,,,,sociablEE,FUT Esports,fade,True,100,,0,0,0,7,False,classic,sidearm,,0.2033,0.4622,yetujey,FUT Esports,astra,True,100,,0,0,0,1,False,classic,sidearm,,0.4956,0.5144,KROSTALY,FUT Esports,kayo,True,61,1,1,0,1,0,False,phantom,rifle,,0.3767,0.3433,Chronicle,Team Vitality,chamber,True,100,50,0,7,1,6,False,outlaw,sniper,,0.4011,0.6889,Derke,Team Vitality,neon,False,,50,0,0,0,1,False,phantom,rifle,,,,Jamppi,Team Vitality,kayo,False,,50,0,0,0,5,False,unknown,unknown,,,,Sayonara,Team Vitality,sova,True,100,50,0,2,0,7,True,vandal,rifle,,0.3622,0.7822,PROFEK,Team Vitality,astra,True,100,50,2,2,0,6,False,phantom,rifle,,0.5222,0.4989
740.723,1312,ACTIVE_ROUND,4,2,3,43.000,,,s0pp,FUT Esports,chamber,True,100,,0,4,1,7,True,classic,sidearm,,0.8644,0.3267,xeus,FUT Esports,jett,False,,24,2,1,0,7,True,classic,sidearm,,,,sociablEE,FUT Esports,fade,True,100,,0,0,0,7,False,classic,sidearm,,0.1811,0.4622,yetujey,FUT Esports,astra,True,100,,0,0,0,1,False,classic,sidearm,,0.4956,0.5144,KROSTALY,FUT Esports,kayo,True,61,1,1,0,1,0,False,phantom,rifle,,0.3833,0.3233,Chronicle,Team Vitality,chamber,True,100,50,0,7,1,6,False,outlaw,sniper,,0.3967,0.6844,Derke,Team Vitality,neon,False,,50,0,0,0,1,False,phantom,rifle,,,,Jamppi,Team Vitality,kayo,False,,50,0,0,0,5,False,unknown,unknown,,,,Sayonara,Team Vitality,sova,True,100,50,0,2,0,7,True,vandal,rifle,,0.3622,0.7822,PROFEK,Team Vitality,astra,True,100,50,0,2,0,6,False,phantom,rifle,,0.5222,0.4989
741.207,1313,ACTIVE_ROUND,4,2,3,43.000,,,s0pp,FUT Esports,chamber,True,100,,0,4,1,7,True,classic,sidearm,,0.8644,0.3267,xeus,FUT Esports,jett,False,,24,2,1,0,7,True,classic,sidearm,,,,sociablEE,FUT Esports,fade,True,100,,0,0,0,7,False,classic,sidearm,,0.1833,0.4711,yetujey,FUT Esports,astra,True,100,,0,0,0,1,False,classic,sidearm,,0.5200,0.5189,KROSTALY,FUT Esports,kayo,True,61,1,1,0,1,0,False,phantom,rifle,,0.3944,0.3011,Chronicle,Team Vitality,chamber,True,100,50,0,7,1,6,False,outlaw,sniper,,0.3967,0.6844,Derke,Team Vitality,neon,False,,50,0,0,0,1,False,phantom,rifle,,,,Jamppi,Team Vitality,kayo,False,,50,0,0,0,5,False,unknown,unknown,,,,Sayonara,Team Vitality,sova,True,100,50,0,2,0,7,True,vandal,rifle,,0.3622,0.7822,PROFEK,Team Vitality,astra,True,100,50,0,2,0,6,False,phantom,rifle,,0.5222,0.4989
741.691,1314,ACTIVE_ROUND,4,2,3,42.000,,,s0pp,FUT Esports,chamber,True,100,,0,4,1,7,True,classic,sidearm,,0.8644,0.3267,xeus,FUT Esports,jett,False,,24,2,1,0,7,True,classic,sidearm,,,,sociablEE,FUT Esports,fade,True,100,,0,0,0,7,False,classic,sidearm,,0.1744,0.4733,yetujey,FUT Esports,astra,True,100,,0,0,0,1,False,classic,sidearm,,0.5200,0.5189,KROSTALY,FUT Esports,kayo,True,61,1,1,0,1,0,False,phantom,rifle,,0.4078,0.2833,Chronicle,Team Vitality,chamber,True,100,50,0,7,1,6,False,outlaw,sniper,,0.7189,0.4289,Derke,Team Vitality,neon,False,,50,0,0,0,1,False,phantom,rifle,,,,Jamppi,Team Vitality,kayo,False,,50,0,0,0,5,False,unknown,unknown,,,,Sayonara,Team Vitality,sova,True,100,50,0,2,0,7,True,vandal,rifle,,0.3622,0.7822,PROFEK,Team Vitality,astra,True,100,50,0,2,0,6,False,phantom,rifle,,0.5222,0.4989
742.175,1315,ACTIVE_ROUND,4,2,3,42.000,,,s0pp,FUT Esports,chamber,True,100,,0,4,1,7,True,classic,sidearm,,0.8644,0.3267,xeus,FUT Esports,jett,False,,24,2,1,0,7,True,classic,sidearm,,,,sociablEE,FUT Esports,fade,True,100,,0,0,0,7,False,classic,sidearm,,0.1633,0.4889,yetujey,FUT Esports,astra,True,100,,0,0,0,1,False,classic,sidearm,,0.5400,0.5278,KROSTALY,FUT Esports,kayo,True,61,1,1,0,1,0,False,phantom,rifle,,0.4300,0.2744,Chronicle,Team Vitality,chamber,True,100,50,0,7,1,6,False,outlaw,sniper,,0.6011,0.8356,Derke,Team Vitality,neon,False,,50,0,0,0,1,False,phantom,rifle,,,,Jamppi,Team Vitality,kayo,False,,50,0,0,0,5,False,unknown,unknown,,,,Sayonara,Team Vitality,sova,True,100,50,0,2,0,7,True,vandal,rifle,,0.3622,0.7822,PROFEK,Team Vitality,astra,True,100,50,0,2,0,6,False,phantom,rifle,,0.5222,0.4989
742.659,1316,ACTIVE_ROUND,4,2,3,41.000,,,s0pp,FUT Esports,chamber,True,100,,0,4,1,7,True,classic,sidearm,,0.8644,0.3267,xeus,FUT Esports,jett,False,,24,2,1,0,7,True,classic,sidearm,,,,sociablEE,FUT Esports,fade,True,100,,0,0,0,7,False,classic,sidearm,,0.1567,0.5067,yetujey,FUT Esports,astra,True,100,,0,0,0,1,False,classic,sidearm,,0.5400,0.5278,KROSTALY,FUT Esports,kayo,True,61,1,1,0,1,0,False,phantom,rifle,,0.4522,0.2656,Chronicle,Team Vitality,chamber,True,100,50,0,7,1,6,False,outlaw,sniper,,0.7456,0.7400,Derke,Team Vitality,neon,False,,50,0,0,0,1,False,phantom,rifle,,,,Jamppi,Team Vitality,kayo,False,,50,0,0,0,5,False,unknown,unknown,,,,Sayonara,Team Vitality,sova,True,100,50,0,2,0,7,True,vandal,rifle,,0.3622,0.7822,PROFEK,Team Vitality,astra,True,100,50,1,2,0,6,False,phantom,rifle,,0.5222,0.4989
743.142,1317,ACTIVE_ROUND,4,2,3,41.000,,,s0pp,FUT Esports,chamber,True,100,,0,4,1,7,True,classic,sidearm,,0.8644,0.3267,xeus,FUT Esports,jett,False,,24,2,1,0,7,True,classic,sidearm,,,,sociablEE,FUT Esports,fade,True,100,,0,0,0,7,False,classic,sidearm,,0.1478,0.5289,yetujey,FUT Esports,astra,True,100,,0,0,0,1,False,classic,sidearm,,0.5400,0.5278,KROSTALY,FUT Esports,kayo,True,61,1,1,0,1,0,False,phantom,rifle,,0.4722,0.2544,Chronicle,Team Vitality,chamber,True,100,50,0,7,1,6,False,outlaw,sniper,,0.2900,0.7644,Derke,Team Vitality,neon,False,,50,0,0,0,1,False,phantom,rifle,,,,Jamppi,Team Vitality,kayo,False,,50,0,0,0,5,False,unknown,unknown,,,,Sayonara,Team Vitality,sova,True,100,50,0,2,0,7,True,vandal,rifle,,0.3622,0.7822,PROFEK,Team Vitality,astra,True,100,50,1,2,0,6,False,phantom,rifle,,0.5222,0.4989
743.626,1318,ACTIVE_ROUND,4,2,3,40.000,,,s0pp,FUT Esports,chamber,True,100,,0,4,1,7,True,classic,sidearm,,0.8644,0.3267,xeus,FUT Esports,jett,False,,24,2,1,0,7,True,classic,sidearm,,,,sociablEE,FUT Esports,fade,True,100,,0,0,0,7,False,classic,sidearm,,0.1411,0.5511,yetujey,FUT Esports,astra,True,100,,0,0,0,1,False,classic,sidearm,,0.5378,0.5567,KROSTALY,FUT Esports,kayo,True,61,1,1,0,1,0,False,phantom,rifle,,0.4922,0.2411,Chronicle,Team Vitality,chamber,True,100,50,0,7,1,6,False,outlaw,sniper,,0.4522,0.9289,Derke,Team Vitality,neon,False,,50,0,0,0,1,False,phantom,rifle,,,,Jamppi,Team Vitality,kayo,False,,50,0,0,0,5,False,unknown,unknown,,,,Sayonara,Team Vitality,sova,True,100,50,0,2,0,7,True,vandal,rifle,,0.3622,0.7822,PROFEK,Team Vitality,astra,True,100,50,1,2,0,6,False,phantom,rifle,,0.5222,0.4989
744.110,1319,ACTIVE_ROUND,4,2,3,40.000,,,s0pp,FUT Esports,chamber,True,100,,0,4,1,7,True,classic,sidearm,,0.8644,0.3267,xeus,FUT Esports,jett,False,,24,2,1,0,7,True,classic,sidearm,,,,sociablEE,FUT Esports,fade,True,100,,0,0,0,7,False,classic,sidearm,,0.1367,0.5733,yetujey,FUT Esports,astra,True,100,,0,0,0,1,False,classic,sidearm,,0.5378,0.5567,KROSTALY,FUT Esports,kayo,True,61,1,1,0,1,0,False,phantom,rifle,,0.6589,0.3367,Chronicle,Team Vitality,chamber,True,100,50,0,7,1,6,False,outlaw,sniper,,0.3433,0.8044,Derke,Team Vitality,neon,False,,50,0,0,0,1,False,phantom,rifle,,,,Jamppi,Team Vitality,kayo,False,,50,0,0,0,5,False,unknown,unknown,,,,Sayonara,Team Vitality,sova,True,100,50,0,2,0,7,True,vandal,rifle,,0.3622,0.7822,PROFEK,Team Vitality,astra,True,100,50,1,2,0,6,False,phantom,rifle,,0.5222,0.4989
744.594,1320,ACTIVE_ROUND,4,2,3,40.000,,,s0pp,FUT Esports,chamber,True,100,,0,4,1,7,True,classic,sidearm,,0.8644,0.3267,xeus,FUT Esports,jett,False,,24,2,1,0,7,True,classic,sidearm,,,,sociablEE,FUT Esports,fade,True,100,,0,0,0,7,False,classic,sidearm,,0.1367,0.5956,yetujey,FUT Esports,astra,True,100,,0,0,0,1,False,classic,sidearm,,0.5444,0.5789,KROSTALY,FUT Esports,kayo,True,61,1,1,0,1,0,False,phantom,rifle,,0.5300,0.2344,Chronicle,Team Vitality,chamber,True,100,50,0,7,1,6,False,outlaw,sniper,,0.5567,0.7178,Derke,Team Vitality,neon,False,,50,0,0,0,1,False,phantom,rifle,,,,Jamppi,Team Vitality,kayo,False,,50,0,0,0,5,False,unknown,unknown,,,,Sayonara,Team Vitality,sova,True,100,50,0,2,0,7,True,vandal,rifle,,0.3622,0.7822,PROFEK,Team Vitality,astra,True,100,50,0,1,0,6,False,phantom,rifle,,0.5222,0.4989
745.078,1321,ACTIVE_ROUND,4,2,3,39.000,,,s0pp,FUT Esports,chamber,True,100,,0,4,1,7,True,classic,sidearm,,0.8644,0.3267,xeus,FUT Esports,jett,False,,24,2,1,0,7,True,classic,sidearm,,,,sociablEE,FUT Esports,fade,True,100,,0,0,0,7,False,classic,sidearm,,0.1411,0.6200,yetujey,FUT Esports,astra,True,100,,0,0,0,1,False,classic,sidearm,,0.5467,0.5900,KROSTALY,FUT Esports,kayo,True,61,1,1,0,1,0,False,phantom,rifle,,0.5411,0.2322,Chronicle,Team Vitality,chamber,True,100,50,0,7,1,6,False,outlaw,sniper,,0.4522,0.8778,Derke,Team Vitality,neon,False,,50,0,0,0,1,False,phantom,rifle,,,,Jamppi,Team Vitality,kayo,False,,50,0,0,0,5,False,unknown,unknown,,,,Sayonara,Team Vitality,sova,True,100,50,0,2,0,7,True,vandal,rifle,,0.3622,0.7822,PROFEK,Team Vitality,astra,True,100,50,0,1,0,6,False,phantom,rifle,,0.5222,0.4989
745.561,1322,ACTIVE_ROUND,4,2,3,39.000,,,s0pp,FUT Esports,chamber,True,100,,0,4,1,7,True,classic,sidearm,,0.8644,0.3267,xeus,FUT Esports,jett,False,,24,2,1,0,7,True,classic,sidearm,,,,sociablEE,FUT Esports,fade,True,100,,0,0,0,7,False,classic,sidearm,,0.1478,0.6422,yetujey,FUT Esports,astra,True,100,,0,0,0,1,False,classic,sidearm,,0.5511,0.6011,KROSTALY,FUT Esports,kayo,True,61,1,1,0,1,0,False,phantom,rifle,,0.5456,0.2211,Chronicle,Team Vitality,chamber,True,100,50,0,7,1,6,False,outlaw,sniper,,0.2967,0.7289,Derke,Team Vitality,neon,False,,50,0,0,0,1,False,phantom,rifle,,,,Jamppi,Team Vitality,kayo,False,,50,0,0,0,5,False,unknown,unknown,,,,Sayonara,Team Vitality,sova,True,100,50,0,2,0,7,True,vandal,rifle,,0.3622,0.7822,PROFEK,Team Vitality,astra,True,100,50,0,1,0,6,False,phantom,rifle,,0.5222,0.4989
746.045,1323,ACTIVE_ROUND,4,2,3,38.000,,,s0pp,FUT Esports,chamber,True,100,,0,4,1,7,True,classic,sidearm,,0.8644,0.3267,xeus,FUT Esports,jett,False,,24,2,1,0,7,True,classic,sidearm,,,,sociablEE,FUT Esports,fade,True,100,,0,0,0,7,False,classic,sidearm,,0.1611,0.6622,yetujey,FUT Esports,astra,True,100,,0,0,0,1,False,classic,sidearm,,0.5578,0.6122,KROSTALY,FUT Esports,kayo,True,61,1,1,0,1,0,False,phantom,rifle,,0.5456,0.2100,Chronicle,Team Vitality,chamber,True,100,50,0,7,1,6,False,outlaw,sniper,,0.2989,0.7289,Derke,Team Vitality,neon,False,,50,0,0,0,1,False,phantom,rifle,,,,Jamppi,Team Vitality,kayo,False,,50,0,0,0,5,False,unknown,unknown,,,,Sayonara,Team Vitality,sova,True,100,50,0,2,0,7,True,vandal,rifle,,0.3622,0.7822,PROFEK,Team Vitality,astra,True,100,50,0,1,0,6,False,phantom,rifle,,0.5222,0.4989
746.529,1324,ACTIVE_ROUND,4,2,3,38.000,,,s0pp,FUT Esports,chamber,True,100,,0,4,1,7,True,classic,sidearm,,0.8644,0.3267,xeus,FUT Esports,jett,False,,24,2,1,0,7,True,classic,sidearm,,,,sociablEE,FUT Esports,fade,True,100,,0,0,1,7,False,classic,sidearm,,0.1744,0.6778,yetujey,FUT Esports,astra,True,100,,1,0,0,1,False,classic,sidearm,,0.5689,0.6167,KROSTALY,FUT Esports,kayo,True,61,1,1,0,1,0,False,phantom,rifle,,0.5478,0.2011,Chronicle,Team Vitality,chamber,True,100,50,0,7,1,6,False,outlaw,sniper,,0.2989,0.7289,Derke,Team Vitality,neon,False,,50,0,0,0,1,False,phantom,rifle,,,,Jamppi,Team Vitality,kayo,False,,50,0,0,0,5,False,unknown,unknown,,,,Sayonara,Team Vitality,sova,True,100,50,0,2,0,7,True,vandal,rifle,,0.3622,0.7822,PROFEK,Team Vitality,astra,True,100,50,1,2,0,6,False,phantom,rifle,,0.5222,0.4989
747.013,1325,ACTIVE_ROUND,4,2,3,37.000,,,s0pp,FUT Esports,chamber,True,100,,0,4,1,7,True,classic,sidearm,,0.8644,0.3267,xeus,FUT Esports,jett,False,,24,2,1,0,7,True,classic,sidearm,,,,sociablEE,FUT Esports,fade,True,100,,0,0,1,7,False,classic,sidearm,,0.1811,0.6911,yetujey,FUT Esports,astra,True,100,,1,0,0,1,False,classic,sidearm,,0.5800,0.6144,KROSTALY,FUT Esports,kayo,True,61,1,1,0,1,0,False,phantom,rifle,,0.5500,0.1900,Chronicle,Team Vitality,chamber,True,100,50,0,7,1,6,False,outlaw,sniper,,0.5678,0.2467,Derke,Team Vitality,neon,False,,50,0,0,0,1,False,phantom,rifle,,,,Jamppi,Team Vitality,kayo,False,,50,0,0,0,5,False,unknown,unknown,,,,Sayonara,Team Vitality,sova,True,100,50,0,2,0,7,True,vandal,rifle,,0.3622,0.7822,PROFEK,Team Vitality,astra,True,100,50,1,2,0,6,False,phantom,rifle,,0.5222,0.4989
747.497,1326,ACTIVE_ROUND,4,2,3,37.000,,,s0pp,FUT Esports,chamber,True,100,,0,4,1,7,True,classic,sidearm,,0.8644,0.3267,xeus,FUT Esports,jett,False,,24,2,1,0,7,True,classic,sidearm,,,,sociablEE,FUT Esports,fade,True,100,,0,0,1,7,False,classic,sidearm,,0.1944,0.7067,yetujey,FUT Esports,astra,True,100,,1,0,0,1,False,classic,sidearm,,0.5867,0.6056,KROSTALY,FUT Esports,kayo,True,61,1,1,0,1,0,False,phantom,rifle,,0.5544,0.1811,Chronicle,Team Vitality,chamber,True,100,50,0,7,1,6,False,outlaw,sniper,,0.3922,0.6822,Derke,Team Vitality,neon,False,,50,0,0,0,1,False,phantom,rifle,,,,Jamppi,Team Vitality,kayo,False,,50,0,0,0,5,False,unknown,unknown,,,,Sayonara,Team Vitality,sova,True,100,50,0,2,0,7,True,vandal,rifle,,0.3622,0.7822,PROFEK,Team Vitality,astra,True,100,50,1,2,0,6,False,phantom,rifle,,0.5222,0.4989
747.981,1327,ACTIVE_ROUND,4,2,3,36.000,,,s0pp,FUT Esports,chamber,True,100,,0,4,1,7,True,classic,sidearm,,0.8644,0.3267,xeus,FUT Esports,jett,False,,24,2,1,0,7,True,classic,sidearm,,,,sociablEE,FUT Esports,fade,True,100,,0,0,1,7,False,classic,sidearm,,0.2167,0.7178,yetujey,FUT Esports,astra,True,100,,1,0,0,1,False,classic,sidearm,,0.5956,0.5967,KROSTALY,FUT Esports,kayo,True,61,1,1,0,1,0,False,phantom,rifle,,0.5589,0.1767,Chronicle,Team Vitality,chamber,True,100,50,0,7,1,6,False,outlaw,sniper,,0.5767,0.2444,Derke,Team Vitality,neon,False,,50,0,0,0,1,False,phantom,rifle,,,,Jamppi,Team Vitality,kayo,False,,50,0,0,0,5,False,unknown,unknown,,,,Sayonara,Team Vitality,sova,True,100,50,0,2,0,7,True,vandal,rifle,,0.3622,0.7822,PROFEK,Team Vitality,astra,True,100,50,1,2,0,6,False,phantom,rifle,,0.5222,0.4989
748.464,1328,ACTIVE_ROUND,4,2,3,36.000,,,s0pp,FUT Esports,chamber,True,100,,0,4,1,7,True,classic,sidearm,,0.8644,0.3267,xeus,FUT Esports,jett,False,,24,2,1,0,7,True,classic,sidearm,,,,sociablEE,FUT Esports,fade,True,100,,0,0,1,7,False,classic,sidearm,,0.2389,0.7200,yetujey,FUT Esports,astra,True,100,,1,0,0,1,False,classic,sidearm,,0.5978,0.5856,KROSTALY,FUT Esports,kayo,True,61,1,1,0,1,0,False,phantom,rifle,,0.5611,0.1744,Chronicle,Team Vitality,chamber,True,100,50,0,7,1,6,False,outlaw,sniper,,0.3078,0.7600,Derke,Team Vitality,neon,False,,50,0,0,0,1,False,phantom,rifle,,,,Jamppi,Team Vitality,kayo,False,,50,0,0,0,5,False,unknown,unknown,,,,Sayonara,Team Vitality,sova,True,100,50,0,2,0,7,True,vandal,rifle,,0.3622,0.7822,PROFEK,Team Vitality,astra,True,100,50,2,2,0,6,False,phantom,rifle,,0.5222,0.4989
748.948,1329,ACTIVE_ROUND,4,2,3,35.000,,,s0pp,FUT Esports,chamber,True,100,,0,4,1,7,True,classic,sidearm,,0.8644,0.3267,xeus,FUT Esports,jett,False,,24,2,1,0,7,True,classic,sidearm,,,,sociablEE,FUT Esports,fade,True,100,,0,0,1,7,False,classic,sidearm,,0.2611,0.7289,yetujey,FUT Esports,astra,True,100,,1,0,0,1,False,classic,sidearm,,0.6022,0.5722,KROSTALY,FUT Esports,kayo,False,,1,1,0,1,0,False,phantom,rifle,,0.2767,0.7522,Chronicle,Team Vitality,chamber,True,100,50,0,7,1,6,False,outlaw,sniper,,0.6433,0.4156,Derke,Team Vitality,neon,False,,50,0,0,0,1,False,phantom,rifle,,,,Jamppi,Team Vitality,kayo,False,,50,0,0,0,5,False,unknown,unknown,,,,Sayonara,Team Vitality,sova,True,100,50,0,2,0,7,True,vandal,rifle,,0.3622,0.7822,PROFEK,Team Vitality,astra,True,100,50,2,2,0,6,False,phantom,rifle,,0.5222,0.4989
749.432,1330,ACTIVE_ROUND,4,2,3,35.000,,,s0pp,FUT Esports,chamber,True,100,,0,4,1,7,True,classic,sidearm,,0.8644,0.3267,xeus,FUT Esports,jett,False,,24,2,1,0,7,True,classic,sidearm,,,,sociablEE,FUT Esports,fade,True,100,,0,0,1,7,False,classic,sidearm,,0.2856,0.7311,yetujey,FUT Esports,astra,True,100,,1,0,0,1,False,classic,sidearm,,0.6067,0.5633,KROSTALY,FUT Esports,kayo,False,,1,1,0,1,0,False,phantom,rifle,,,,Chronicle,Team Vitality,chamber,True,100,50,0,7,1,6,False,outlaw,sniper,,0.6456,0.4044,Derke,Team Vitality,neon,False,,50,0,0,0,1,False,phantom,rifle,,,,Jamppi,Team Vitality,kayo,False,,50,0,0,0,5,False,unknown,unknown,,,,Sayonara,Team Vitality,sova,True,100,50,0,2,0,7,True,vandal,rifle,,0.3622,0.7822,PROFEK,Team Vitality,astra,True,33,50,2,2,0,6,False,phantom,rifle,,0.5222,0.4989
749.916,1331,ACTIVE_ROUND,4,2,3,34.000,,,s0pp,FUT Esports,chamber,True,100,,0,4,1,7,True,classic,sidearm,,0.8644,0.3267,xeus,FUT Esports,jett,False,,24,2,1,0,7,True,classic,sidearm,,,,sociablEE,FUT Esports,fade,True,100,,0,0,1,7,False,classic,sidearm,,0.3033,0.7422,yetujey,FUT Esports,astra,True,100,,1,0,0,1,False,classic,sidearm,,0.6156,0.5544,KROSTALY,FUT Esports,kayo,False,,1,1,0,1,0,False,phantom,rifle,,,,Chronicle,Team Vitality,chamber,True,100,50,0,7,1,6,False,outlaw,sniper,,0.4522,0.9267,Derke,Team Vitality,neon,False,,50,0,0,0,1,False,phantom,rifle,,,,Jamppi,Team Vitality,kayo,False,,50,0,0,0,5,False,unknown,unknown,,,,Sayonara,Team Vitality,sova,True,100,50,0,2,0,7,True,vandal,rifle,,0.3622,0.7822,PROFEK,Team Vitality,astra,True,33,50,2,2,0,6,False,phantom,rifle,,0.5222,0.4989
750.400,1332,ACTIVE_ROUND,4,2,3,34.000,,,s0pp,FUT Esports,chamber,True,100,,0,4,1,7,True,classic,sidearm,,0.8644,0.3267,xeus,FUT Esports,jett,False,,24,2,1,0,7,True,classic,sidearm,,,,sociablEE,FUT Esports,fade,True,100,,0,0,1,7,False,classic,sidearm,,0.3211,0.7600,yetujey,FUT Esports,astra,True,100,,1,0,0,1,False,classic,sidearm,,0.6267,0.5478,KROSTALY,FUT Esports,kayo,False,,1,1,0,1,0,False,phantom,rifle,,,,Chronicle,Team Vitality,chamber,True,100,50,0,7,1,6,False,outlaw,sniper,,0.4522,0.9267,Derke,Team Vitality,neon,False,,50,0,0,0,1,False,phantom,rifle,,,,Jamppi,Team Vitality,kayo,False,,50,0,0,0,5,False,unknown,unknown,,,,Sayonara,Team Vitality,sova,True,100,50,0,2,0,7,True,vandal,rifle,,0.3622,0.7822,PROFEK,Team Vitality,astra,True,33,50,0,2,0,7,True,phantom,rifle,,0.5222,0.4989
750.883,1333,ACTIVE_ROUND,4,2,3,33.000,,,s0pp,FUT Esports,chamber,True,100,,0,4,1,7,True,classic,sidearm,,0.8644,0.3289,xeus,FUT Esports,jett,False,,24,2,1,0,7,True,classic,sidearm,,,,sociablEE,FUT Esports,fade,True,100,,0,0,1,7,False,classic,sidearm,,0.3411,0.7711,yetujey,FUT Esports,astra,True,100,,1,0,0,1,False,classic,sidearm,,0.6378,0.5478,KROSTALY,FUT Esports,kayo,False,,1,1,0,1,0,False,phantom,rifle,,,,Chronicle,Team Vitality,chamber,True,100,50,0,7,1,6,False,outlaw,sniper,,0.5478,0.2711,Derke,Team Vitality,neon,False,,50,0,0,0,1,False,phantom,rifle,,,,Jamppi,Team Vitality,kayo,False,,50,0,0,0,5,False,unknown,unknown,,,,Sayonara,Team Vitality,sova,True,100,50,0,2,0,7,True,vandal,rifle,,0.3622,0.7822,PROFEK,Team Vitality,astra,True,33,50,0,2,0,7,True,phantom,rifle,,0.5222,0.4989
751.367,1334,ACTIVE_ROUND,4,2,3,33.000,,,s0pp,FUT Esports,chamber,True,100,,0,4,1,7,True,classic,sidearm,,0.8644,0.3289,xeus,FUT Esports,jett,False,,24,2,1,0,7,True,classic,sidearm,,,,sociablEE,FUT Esports,fade,True,100,,0,0,1,7,False,classic,sidearm,,0.3589,0.7867,yetujey,FUT Esports,astra,True,100,,1,0,0,1,False,classic,sidearm,,0.6511,0.5500,KROSTALY,FUT Esports,kayo,False,,1,1,0,1,0,False,phantom,rifle,,,,Chronicle,Team Vitality,chamber,True,100,50,0,7,1,6,False,outlaw,sniper,,0.6011,0.1422,Derke,Team Vitality,neon,False,,50,0,0,0,1,False,phantom,rifle,,,,Jamppi,Team Vitality,kayo,False,,50,0,0,0,5,False,unknown,unknown,,,,Sayonara,Team Vitality,sova,True,100,50,0,2,0,7,True,vandal,rifle,,0.3622,0.7822,PROFEK,Team Vitality,astra,True,33,50,0,2,0,7,True,phantom,rifle,,0.5222,0.4989
751.851,1335,ACTIVE_ROUND,4,2,3,32.000,,,s0pp,FUT Esports,chamber,True,100,,0,4,1,7,True,classic,sidearm,,0.8644,0.3289,xeus,FUT Esports,jett,False,,24,2,1,0,7,True,classic,sidearm,,,,sociablEE,FUT Esports,fade,True,100,,0,0,1,7,False,classic,sidearm,,0.3744,0.7956,yetujey,FUT Esports,astra,True,100,,1,0,0,1,False,classic,sidearm,,0.6622,0.5500,KROSTALY,FUT Esports,kayo,False,,1,1,0,1,0,False,phantom,rifle,,,,Chronicle,Team Vitality,chamber,True,100,50,0,7,1,6,False,outlaw,sniper,,0.7167,0.2133,Derke,Team Vitality,neon,False,,50,0,0,0,1,False,phantom,rifle,,,,Jamppi,Team Vitality,kayo,False,,50,0,0,0,5,False,unknown,unknown,,,,Sayonara,Team Vitality,sova,True,100,50,0,2,0,7,True,vandal,rifle,,0.3622,0.7822,PROFEK,Team Vitality,astra,True,33,50,0,2,0,7,True,phantom,rifle,,0.5222,0.4989
752.335,1336,ACTIVE_ROUND,4,2,3,32.000,,,s0pp,FUT Esports,chamber,True,100,,0,4,1,7,True,classic,sidearm,,0.8644,0.3289,xeus,FUT Esports,jett,False,,24,2,1,0,7,True,classic,sidearm,,,,sociablEE,FUT Esports,fade,True,100,,0,0,1,7,False,classic,sidearm,,0.3944,0.8022,yetujey,FUT Esports,astra,True,100,,1,0,0,1,False,classic,sidearm,,0.6711,0.5456,KROSTALY,FUT Esports,kayo,False,,1,1,0,1,0,False,phantom,rifle,,,,Chronicle,Team Vitality,chamber,True,100,50,0,7,1,6,False,outlaw,sniper,,0.5211,0.1489,Derke,Team Vitality,neon,False,,50,0,0,0,1,False,phantom,rifle,,,,Jamppi,Team Vitality,kayo,False,,50,0,0,0,5,False,unknown,unknown,,,,Sayonara,Team Vitality,sova,True,100,50,0,2,0,7,True,vandal,rifle,,0.3622,0.7822,PROFEK,Team Vitality,astra,True,33,50,1,1,0,7,True,phantom,rifle,,0.5222,0.4989
752.819,1337,ACTIVE_ROUND,4,2,3,31.000,,,s0pp,FUT Esports,chamber,True,100,,0,4,1,7,True,classic,sidearm,,0.8644,0.3289,xeus,FUT Esports,jett,False,,24,2,1,0,7,True,classic,sidearm,,,,sociablEE,FUT Esports,fade,True,100,,0,0,1,7,False,classic,sidearm,,0.4167,0.8022,yetujey,FUT Esports,astra,True,100,,1,0,0,1,False,classic,sidearm,,0.6711,0.5456,KROSTALY,FUT Esports,kayo,False,,1,1,0,1,0,False,phantom,rifle,,,,Chronicle,Team Vitality,chamber,True,100,50,0,7,1,6,False,outlaw,sniper,,0.5211,0.1489,Derke,Team Vitality,neon,False,,50,0,0,0,1,False,phantom,rifle,,,,Jamppi,Team Vitality,kayo,False,,50,0,0,0,5,False,unknown,unknown,,,,Sayonara,Team Vitality,sova,True,100,50,0,2,0,7,True,vandal,rifle,,0.3622,0.7822,PROFEK,Team Vitality,astra,True,33,50,1,1,0,7,True,phantom,rifle,,0.5222,0.4989
753.303,1338,ACTIVE_ROUND,4,2,3,31.000,,,s0pp,FUT Esports,chamber,True,100,,0,4,1,7,True,classic,sidearm,,0.8667,0.3289,xeus,FUT Esports,jett,False,,24,2,1,0,7,True,classic,sidearm,,,,sociablEE,FUT Esports,fade,True,100,,0,0,1,7,False,classic,sidearm,,0.4411,0.8067,yetujey,FUT Esports,astra,True,100,,1,0,0,1,False,classic,sidearm,,0.6689,0.5456,KROSTALY,FUT Esports,kayo,False,,1,1,0,1,0,False,phantom,rifle,,,,Chronicle,Team Vitality,chamber,True,100,50,0,7,1,6,False,outlaw,sniper,,0.5211,0.1489,Derke,Team Vitality,neon,False,,50,0,0,0,1,False,phantom,rifle,,,,Jamppi,Team Vitality,kayo,False,,50,0,0,0,5,False,unknown,unknown,,,,Sayonara,Team Vitality,sova,True,72,50,0,2,0,7,True,vandal,rifle,,0.3622,0.7822,PROFEK,Team Vitality,astra,True,33,50,1,1,0,7,True,phantom,rifle,,0.5222,0.4989
753.786,1339,ACTIVE_ROUND,4,2,3,30.000,,,s0pp,FUT Esports,chamber,True,100,,0,4,1,7,True,classic,sidearm,,0.8711,0.3378,xeus,FUT Esports,jett,False,,24,2,1,0,7,True,classic,sidearm,,,,sociablEE,FUT Esports,fade,True,100,,0,0,1,7,False,classic,sidearm,,0.4589,0.8178,yetujey,FUT Esports,astra,True,100,,1,0,0,1,False,classic,sidearm,,0.6667,0.5456,KROSTALY,FUT Esports,kayo,False,,1,1,0,1,0,False,phantom,rifle,,,,Chronicle,Team Vitality,chamber,True,100,50,0,7,1,6,False,outlaw,sniper,,0.6011,0.8933,Derke,Team Vitality,neon,False,,50,0,0,0,1,False,phantom,rifle,,,,Jamppi,Team Vitality,kayo,False,,50,0,0,0,5,False,unknown,unknown,,,,Sayonara,Team Vitality,sova,True,72,50,0,2,0,7,True,vandal,rifle,,0.3622,0.7822,PROFEK,Team Vitality,astra,True,33,50,1,1,0,7,True,phantom,rifle,,0.5222,0.4989
754.270,1340,ACTIVE_ROUND,4,2,3,30.000,,,s0pp,FUT Esports,chamber,True,100,,0,4,1,7,True,classic,sidearm,,0.8733,0.3400,xeus,FUT Esports,jett,False,,24,2,1,0,7,True,classic,sidearm,,,,sociablEE,FUT Esports,fade,True,100,,0,0,1,7,False,classic,sidearm,,0.4589,0.8178,yetujey,FUT Esports,astra,True,100,,1,0,0,1,False,classic,sidearm,,0.6667,0.5456,KROSTALY,FUT Esports,kayo,False,,1,1,0,1,0,False,phantom,rifle,,,,Chronicle,Team Vitality,chamber,True,100,50,0,7,1,6,False,outlaw,sniper,,0.7167,0.2200,Derke,Team Vitality,neon,False,,50,0,0,0,1,False,phantom,rifle,,,,Jamppi,Team Vitality,kayo,False,,50,0,0,0,5,False,unknown,unknown,,,,Sayonara,Team Vitality,sova,True,72,50,0,2,0,7,True,vandal,rifle,,0.3622,0.7822,PROFEK,Team Vitality,astra,True,33,50,1,2,0,7,True,phantom,rifle,,0.5222,0.4989
754.754,1341,ACTIVE_ROUND,4,2,3,29.000,,,s0pp,FUT Esports,chamber,True,100,,0,4,1,7,True,classic,sidearm,,0.8733,0.3467,xeus,FUT Esports,jett,False,,24,2,1,0,7,True,classic,sidearm,,,,sociablEE,FUT Esports,fade,True,100,,0,0,1,7,False,classic,sidearm,,0.4922,0.8378,yetujey,FUT Esports,astra,True,100,,1,0,0,1,False,classic,sidearm,,0.4578,0.9256,KROSTALY,FUT Esports,kayo,False,,1,1,0,1,0,False,phantom,rifle,,,,Chronicle,Team Vitality,chamber,True,100,50,0,7,1,6,False,outlaw,sniper,,0.6767,0.3600,Derke,Team Vitality,neon,False,,50,0,0,0,1,False,phantom,rifle,,,,Jamppi,Team Vitality,kayo,False,,50,0,0,0,5,False,unknown,unknown,,,,Sayonara,Team Vitality,sova,False,,50,0,2,0,7,True,vandal,rifle,,0.3622,0.7822,PROFEK,Team Vitality,astra,True,33,50,1,2,0,7,True,phantom,rifle,,0.5222,0.4989
755.238,1342,ACTIVE_ROUND,4,2,3,29.000,,,s0pp,FUT Esports,chamber,True,100,,0,4,1,7,True,classic,sidearm,,0.8778,0.3622,xeus,FUT Esports,jett,False,,24,2,1,0,7,True,classic,sidearm,,,,sociablEE,FUT Esports,fade,True,100,,0,0,1,7,False,classic,sidearm,,0.5122,0.8333,yetujey,FUT Esports,astra,False,,,1,0,0,1,False,classic,sidearm,,0.4578,0.9256,KROSTALY,FUT Esports,kayo,False,,1,1,0,1,0,False,phantom,rifle,,,,Chronicle,Team Vitality,chamber,True,100,50,0,7,1,6,False,outlaw,sniper,,0.8633,0.6000,Derke,Team Vitality,neon,False,,50,0,0,0,1,False,phantom,rifle,,,,Jamppi,Team Vitality,kayo,False,,50,0,0,0,5,False,unknown,unknown,,,,Sayonara,Team Vitality,sova,False,,50,0,2,0,7,True,vandal,rifle,,,,PROFEK,Team Vitality,astra,True,33,50,1,2,0,7,True,phantom,rifle,,0.5222,0.4989
755.722,1343,ACTIVE_ROUND,4,2,3,28.000,,,s0pp,FUT Esports,chamber,True,100,,0,4,1,7,True,classic,sidearm,,0.8756,0.3622,xeus,FUT Esports,jett,False,,24,2,1,0,7,True,classic,sidearm,,,,sociablEE,FUT Esports,fade,True,100,,0,0,1,7,False,classic,sidearm,,0.5322,0.8311,yetujey,FUT Esports,astra,False,,,1,0,0,1,False,classic,sidearm,,,,KROSTALY,FUT Esports,kayo,False,,1,1,0,1,0,False,phantom,rifle,,,,Chronicle,Team Vitality,chamber,True,100,50,0,7,1,6,False,outlaw,sniper,,0.6722,0.3600,Derke,Team Vitality,neon,False,,50,0,0,0,1,False,phantom,rifle,,,,Jamppi,Team Vitality,kayo,False,,50,0,0,0,5,False,unknown,unknown,,,,Sayonara,Team Vitality,sova,False,,50,0,2,0,7,True,vandal,rifle,,,,PROFEK,Team Vitality,astra,True,33,50,1,2,0,7,True,phantom,rifle,,0.5222,0.4989
756.205,1344,ACTIVE_ROUND,4,2,3,28.000,,,s0pp,FUT Esports,chamber,True,100,,0,4,1,7,True,classic,sidearm,,0.8778,0.3689,xeus,FUT Esports,jett,False,,24,2,1,0,7,True,classic,sidearm,,,,sociablEE,FUT Esports,fade,True,100,,0,0,1,7,False,classic,sidearm,,0.5500,0.8267,yetujey,FUT Esports,astra,False,,,1,0,0,1,False,classic,sidearm,,,,KROSTALY,FUT Esports,kayo,False,,1,1,0,1,0,False,phantom,rifle,,,,Chronicle,Team Vitality,chamber,True,100,50,0,7,1,7,False,outlaw,sniper,,0.6011,0.1422,Derke,Team Vitality,neon,False,,50,0,0,0,1,False,phantom,rifle,,,,Jamppi,Team Vitality,kayo,False,,50,0,0,0,5,False,unknown,unknown,,,,Sayonara,Team Vitality,sova,False,,50,0,2,0,7,True,vandal,rifle,,,,PROFEK,Team Vitality,astra,True,33,50,1,1,0,7,True,phantom,rifle,,0.5222,0.4989
756.689,1345,ACTIVE_ROUND,4,2,3,27.000,,,s0pp,FUT Esports,chamber,True,100,,0,4,1,7,True,classic,sidearm,,0.8778,0.3689,xeus,FUT Esports,jett,False,,24,2,1,0,7,True,classic,sidearm,,,,sociablEE,FUT Esports,fade,True,100,,0,0,1,7,False,classic,sidearm,,0.5744,0.8200,yetujey,FUT Esports,astra,False,,,1,0,0,1,False,classic,sidearm,,,,KROSTALY,FUT Esports,kayo,False,,1,1,0,1,0,False,phantom,rifle,,,,Chronicle,Team Vitality,chamber,True,100,50,0,7,1,7,False,outlaw,sniper,,0.7033,0.5244,Derke,Team Vitality,neon,False,,50,0,0,0,1,False,phantom,rifle,,,,Jamppi,Team Vitality,kayo,False,,50,0,0,0,5,False,unknown,unknown,,,,Sayonara,Team Vitality,sova,False,,50,0,2,0,7,True,vandal,rifle,,,,PROFEK,Team Vitality,astra,True,33,50,1,1,0,7,True,phantom,rifle,,0.5222,0.4989
757.173,1346,ACTIVE_ROUND,4,2,3,27.000,,,s0pp,FUT Esports,chamber,True,100,,0,4,1,7,True,classic,sidearm,,0.8578,0.3911,xeus,FUT Esports,jett,False,,24,2,1,0,7,True,classic,sidearm,,,,sociablEE,FUT Esports,fade,True,100,,0,0,1,7,False,classic,sidearm,,0.5944,0.8178,yetujey,FUT Esports,astra,False,,,1,0,0,1,False,classic,sidearm,,,,KROSTALY,FUT Esports,kayo,False,,1,1,0,1,0,False,phantom,rifle,,,,Chronicle,Team Vitality,chamber,False,,50,0,7,1,7,False,outlaw,sniper,,0.6633,0.3556,Derke,Team Vitality,neon,False,,50,0,0,0,1,False,phantom,rifle,,,,Jamppi,Team Vitality,kayo,False,,50,0,0,0,5,False,unknown,unknown,,,,Sayonara,Team Vitality,sova,False,,50,0,2,0,7,True,vandal,rifle,,,,PROFEK,Team Vitality,astra,True,33,50,1,1,0,7,True,phantom,rifle,,0.5222,0.4989
757.657,1347,ACTIVE_ROUND,4,2,3,26.000,,,s0pp,FUT Esports,chamber,True,100,,0,4,1,7,True,classic,sidearm,,0.8533,0.4133,xeus,FUT Esports,jett,False,,24,2,1,0,7,True,classic,sidearm,,,,sociablEE,FUT Esports,fade,True,100,,0,0,1,7,False,classic,sidearm,,0.6189,0.8111,yetujey,FUT Esports,astra,False,,,1,0,0,1,False,classic,sidearm,,,,KROSTALY,FUT Esports,kayo,False,,1,1,0,1,0,False,phantom,rifle,,,,Chronicle,Team Vitality,chamber,False,,50,0,7,1,7,False,outlaw,sniper,,,,Derke,Team Vitality,neon,False,,50,0,0,0,1,False,phantom,rifle,,,,Jamppi,Team Vitality,kayo,False,,50,0,0,0,5,False,unknown,unknown,,,,Sayonara,Team Vitality,sova,False,,50,0,2,0,7,True,vandal,rifle,,,,PROFEK,Team Vitality,astra,True,33,50,1,1,0,7,True,phantom,rifle,,0.4511,0.7833
758.141,1348,ACTIVE_ROUND,4,2,3,26.000,,,s0pp,FUT Esports,chamber,True,100,,0,1,1,7,True,classic,sidearm,,0.8533,0.4133,xeus,FUT Esports,jett,False,,24,2,1,0,7,True,classic,sidearm,,,,sociablEE,FUT Esports,fade,True,100,,0,0,1,7,False,classic,sidearm,,0.6389,0.8022,yetujey,FUT Esports,astra,False,,,1,0,0,1,False,classic,sidearm,,,,KROSTALY,FUT Esports,kayo,False,,1,1,0,1,0,False,phantom,rifle,,,,Chronicle,Team Vitality,chamber,False,,50,0,7,1,7,False,outlaw,sniper,,,,Derke,Team Vitality,neon,False,,50,0,0,0,1,False,phantom,rifle,,,,Jamppi,Team Vitality,kayo,False,,50,0,0,0,5,False,unknown,unknown,,,,Sayonara,Team Vitality,sova,False,,50,0,2,0,7,True,vandal,rifle,,,,PROFEK,Team Vitality,astra,True,33,50,1,1,0,7,True,phantom,rifle,,0.4511,0.7833
758.625,1349,ACTIVE_ROUND,4,2,3,26.000,,,s0pp,FUT Esports,chamber,True,100,,0,1,1,7,True,classic,sidearm,,0.8422,0.4378,xeus,FUT Esports,jett,False,,24,2,1,0,7,True,classic,sidearm,,,,sociablEE,FUT Esports,fade,True,100,,0,0,1,7,False,classic,sidearm,,0.6589,0.7911,yetujey,FUT Esports,astra,False,,,1,0,0,1,False,classic,sidearm,,,,KROSTALY,FUT Esports,kayo,False,,1,1,0,1,0,False,phantom,rifle,,,,Chronicle,Team Vitality,chamber,False,,50,0,7,1,7,False,outlaw,sniper,,,,Derke,Team Vitality,neon,False,,50,0,0,0,1,False,phantom,rifle,,,,Jamppi,Team Vitality,kayo,False,,50,0,0,0,5,False,unknown,unknown,,,,Sayonara,Team Vitality,sova,False,,50,0,2,0,7,True,vandal,rifle,,,,PROFEK,Team Vitality,astra,True,33,50,1,1,0,7,True,phantom,rifle,,0.4511,0.7833
759.108,1350,ACTIVE_ROUND,4,2,3,25.000,,,s0pp,FUT Esports,chamber,True,100,,0,1,1,7,True,classic,sidearm,,0.8422,0.4378,xeus,FUT Esports,jett,False,,24,2,1,0,7,True,classic,sidearm,,,,sociablEE,FUT Esports,fade,True,100,,0,0,1,7,False,classic,sidearm,,0.6811,0.7800,yetujey,FUT Esports,astra,False,,,1,0,0,1,False,classic,sidearm,,,,KROSTALY,FUT Esports,kayo,False,,1,1,0,1,0,False,phantom,rifle,,,,Chronicle,Team Vitality,chamber,False,,50,0,7,1,7,False,outlaw,sniper,,,,Derke,Team Vitality,neon,False,,50,0,0,0,1,False,phantom,rifle,,,,Jamppi,Team Vitality,kayo,False,,50,0,0,0,5,False,unknown,unknown,,,,Sayonara,Team Vitality,sova,False,,50,0,2,0,7,True,vandal,rifle,,,,PROFEK,Team Vitality,astra,True,33,50,1,1,0,7,True,phantom,rifle,,0.4511,0.7833
759.592,1351,ACTIVE_ROUND,4,2,3,25.000,,,s0pp,FUT Esports,chamber,True,100,,0,1,1,7,True,classic,sidearm,,0.8378,0.4378,xeus,FUT Esports,jett,False,,24,2,1,0,7,True,classic,sidearm,,,,sociablEE,FUT Esports,fade,True,100,,0,0,1,7,False,classic,sidearm,,0.7011,0.7733,yetujey,FUT Esports,astra,False,,,1,0,0,1,False,classic,sidearm,,,,KROSTALY,FUT Esports,kayo,False,,1,1,0,1,0,False,phantom,rifle,,,,Chronicle,Team Vitality,chamber,False,,50,0,7,1,7,False,outlaw,sniper,,,,Derke,Team Vitality,neon,False,,50,0,0,0,1,False,phantom,rifle,,,,Jamppi,Team Vitality,kayo,False,,50,0,0,0,5,False,unknown,unknown,,,,Sayonara,Team Vitality,sova,False,,50,0,2,0,7,True,vandal,rifle,,,,PROFEK,Team Vitality,astra,True,33,50,1,1,0,7,True,phantom,rifle,,0.5733,0.5389
760.076,1352,ACTIVE_ROUND,4,2,3,24.000,,,s0pp,FUT Esports,chamber,True,100,,0,1,1,7,True,classic,sidearm,,0.8378,0.4378,xeus,FUT Esports,jett,False,,24,2,1,0,7,True,classic,sidearm,,,,sociablEE,FUT Esports,fade,True,100,,0,0,1,7,False,classic,sidearm,,0.7167,0.7578,yetujey,FUT Esports,astra,False,,,1,0,0,1,False,classic,sidearm,,,,KROSTALY,FUT Esports,kayo,False,,1,1,0,1,0,False,phantom,rifle,,,,Chronicle,Team Vitality,chamber,False,,50,0,7,1,7,False,outlaw,sniper,,,,Derke,Team Vitality,neon,False,,50,0,0,0,1,False,phantom,rifle,,,,Jamppi,Team Vitality,kayo,False,,50,0,0,0,5,False,unknown,unknown,,,,Sayonara,Team Vitality,sova,False,,50,0,2,0,7,True,vandal,rifle,,,,PROFEK,Team Vitality,astra,True,33,50,2,1,0,7,True,phantom,rifle,,0.5733,0.5389
760.560,1353,ACTIVE_ROUND,4,2,3,24.000,,,s0pp,FUT Esports,chamber,True,100,,0,1,1,7,True,classic,sidearm,,0.8156,0.4689,xeus,FUT Esports,jett,False,,24,2,1,0,7,True,classic,sidearm,,,,sociablEE,FUT Esports,fade,True,100,,0,0,1,7,False,classic,sidearm,,0.7344,0.7422,yetujey,FUT Esports,astra,False,,,1,0,0,1,False,classic,sidearm,,,,KROSTALY,FUT Esports,kayo,False,,1,1,0,1,0,False,phantom,rifle,,,,Chronicle,Team Vitality,chamber,False,,50,0,7,1,7,False,outlaw,sniper,,,,Derke,Team Vitality,neon,False,,50,0,0,0,1,False,phantom,rifle,,,,Jamppi,Team Vitality,kayo,False,,50,0,0,0,5,False,unknown,unknown,,,,Sayonara,Team Vitality,sova,False,,50,0,2,0,7,True,vandal,rifle,,,,PROFEK,Team Vitality,astra,True,33,50,2,1,0,7,True,phantom,rifle,,0.5733,0.5389
761.044,1354,ACTIVE_ROUND,4,2,3,23.000,,,s0pp,FUT Esports,chamber,True,100,,0,1,1,7,True,classic,sidearm,,0.8111,0.4844,xeus,FUT Esports,jett,False,,24,2,1,0,7,True,classic,sidearm,,,,sociablEE,FUT Esports,fade,True,100,,0,0,1,7,False,classic,sidearm,,0.7500,0.7267,yetujey,FUT Esports,astra,False,,,1,0,0,1,False,classic,sidearm,,,,KROSTALY,FUT Esports,kayo,False,,1,1,0,1,0,False,phantom,rifle,,,,Chronicle,Team Vitality,chamber,False,,50,0,7,1,7,False,outlaw,sniper,,,,Derke,Team Vitality,neon,False,,50,0,0,0,1,False,phantom,rifle,,,,Jamppi,Team Vitality,kayo,False,,50,0,0,0,5,False,unknown,unknown,,,,Sayonara,Team Vitality,sova,False,,50,0,2,0,7,True,vandal,rifle,,,,PROFEK,Team Vitality,astra,True,33,50,2,1,0,7,True,phantom,rifle,,0.5733,0.5389
761.527,1355,ACTIVE_ROUND,4,2,3,23.000,,,s0pp,FUT Esports,chamber,True,100,,0,1,1,7,True,classic,sidearm,,0.8067,0.5000,xeus,FUT Esports,jett,False,,24,2,1,0,7,True,classic,sidearm,,,,sociablEE,FUT Esports,fade,True,100,,0,0,1,7,False,classic,sidearm,,0.7567,0.7067,yetujey,FUT Esports,astra,False,,,1,0,0,1,False,classic,sidearm,,,,KROSTALY,FUT Esports,kayo,False,,1,1,0,1,0,False,phantom,rifle,,,,Chronicle,Team Vitality,chamber,False,,50,0,7,1,7,False,outlaw,sniper,,,,Derke,Team Vitality,neon,False,,50,0,0,0,1,False,phantom,rifle,,,,Jamppi,Team Vitality,kayo,False,,50,0,0,0,5,False,unknown,unknown,,,,Sayonara,Team Vitality,sova,False,,50,0,2,0,7,True,vandal,rifle,,,,PROFEK,Team Vitality,astra,True,33,50,2,1,0,7,True,phantom,rifle,,0.5733,0.5389
762.011,1356,ACTIVE_ROUND,4,2,3,22.000,,,s0pp,FUT Esports,chamber,True,100,,0,1,1,7,True,classic,sidearm,,0.8044,0.5044,xeus,FUT Esports,jett,False,,24,2,1,0,7,True,classic,sidearm,,,,sociablEE,FUT Esports,fade,True,100,,0,0,1,7,False,classic,sidearm,,0.7589,0.6933,yetujey,FUT Esports,astra,False,,,1,0,0,1,False,classic,sidearm,,,,KROSTALY,FUT Esports,kayo,False,,1,1,0,1,0,False,phantom,rifle,,,,Chronicle,Team Vitality,chamber,False,,50,0,7,1,7,False,outlaw,sniper,,,,Derke,Team Vitality,neon,False,,50,0,0,0,1,False,phantom,rifle,,,,Jamppi,Team Vitality,kayo,False,,50,0,0,0,5,False,unknown,unknown,,,,Sayonara,Team Vitality,sova,False,,50,0,2,0,7,True,vandal,rifle,,,,PROFEK,Team Vitality,astra,True,33,50,1,1,0,7,True,phantom,rifle,,0.5733,0.5389
762.495,1357,ACTIVE_ROUND,4,2,3,22.000,,,s0pp,FUT Esports,chamber,True,100,,0,1,1,7,True,classic,sidearm,,0.8156,0.5067,xeus,FUT Esports,jett,False,,24,2,1,0,7,True,classic,sidearm,,,,sociablEE,FUT Esports,fade,True,100,,0,0,1,7,False,classic,sidearm,,0.7633,0.6800,yetujey,FUT Esports,astra,False,,,1,0,0,1,False,classic,sidearm,,,,KROSTALY,FUT Esports,kayo,False,,1,1,0,1,0,False,phantom,rifle,,,,Chronicle,Team Vitality,chamber,False,,50,0,7,1,7,False,outlaw,sniper,,,,Derke,Team Vitality,neon,False,,50,0,0,0,1,False,phantom,rifle,,,,Jamppi,Team Vitality,kayo,False,,50,0,0,0,5,False,unknown,unknown,,,,Sayonara,Team Vitality,sova,False,,50,0,2,0,7,True,vandal,rifle,,,,PROFEK,Team Vitality,astra,True,33,50,1,1,0,7,True,phantom,rifle,,0.5733,0.5389
762.979,1358,ACTIVE_ROUND,4,2,3,21.000,,,s0pp,FUT Esports,chamber,True,100,,0,1,1,7,True,classic,sidearm,,0.8333,0.5067,xeus,FUT Esports,jett,False,,24,2,1,0,7,True,classic,sidearm,,,,sociablEE,FUT Esports,fade,True,100,,0,0,1,7,False,classic,sidearm,,0.7678,0.6667,yetujey,FUT Esports,astra,False,,,1,0,0,1,False,classic,sidearm,,,,KROSTALY,FUT Esports,kayo,False,,1,1,0,1,0,False,phantom,rifle,,,,Chronicle,Team Vitality,chamber,False,,50,0,7,1,7,False,outlaw,sniper,,,,Derke,Team Vitality,neon,False,,50,0,0,0,1,False,phantom,rifle,,,,Jamppi,Team Vitality,kayo,False,,50,0,0,0,5,False,unknown,unknown,,,,Sayonara,Team Vitality,sova,False,,50,0,2,0,7,True,vandal,rifle,,,,PROFEK,Team Vitality,astra,True,33,50,1,1,0,7,True,phantom,rifle,,0.5733,0.5389
763.463,1359,ACTIVE_ROUND,4,2,3,21.000,,,s0pp,FUT Esports,chamber,True,100,,0,1,1,7,True,classic,sidearm,,0.8533,0.5067,xeus,FUT Esports,jett,False,,24,2,1,0,7,True,classic,sidearm,,,,sociablEE,FUT Esports,fade,True,100,,0,0,1,7,False,classic,sidearm,,0.7722,0.6533,yetujey,FUT Esports,astra,False,,,1,0,0,1,False,classic,sidearm,,,,KROSTALY,FUT Esports,kayo,False,,1,1,0,1,0,False,phantom,rifle,,,,Chronicle,Team Vitality,chamber,False,,50,0,7,1,7,False,outlaw,sniper,,,,Derke,Team Vitality,neon,False,,50,0,0,0,1,False,phantom,rifle,,,,Jamppi,Team Vitality,kayo,False,,50,0,0,0,5,False,unknown,unknown,,,,Sayonara,Team Vitality,sova,False,,50,0,2,0,7,True,vandal,rifle,,,,PROFEK,Team Vitality,astra,True,33,50,1,1,0,7,True,phantom,rifle,,0.5733,0.5389
763.947,1360,ACTIVE_ROUND,4,2,3,20.000,,,s0pp,FUT Esports,chamber,True,100,,0,1,1,7,True,classic,sidearm,,0.8578,0.5067,xeus,FUT Esports,jett,False,,24,2,1,0,7,True,classic,sidearm,,,,sociablEE,FUT Esports,fade,True,100,,0,0,1,7,False,classic,sidearm,,0.7767,0.6400,yetujey,FUT Esports,astra,False,,,1,0,0,1,False,classic,sidearm,,,,KROSTALY,FUT Esports,kayo,False,,1,1,0,1,0,False,phantom,rifle,,,,Chronicle,Team Vitality,chamber,False,,50,0,7,1,7,False,outlaw,sniper,,,,Derke,Team Vitality,neon,False,,50,0,0,0,1,False,phantom,rifle,,,,Jamppi,Team Vitality,kayo,False,,50,0,0,0,5,False,unknown,unknown,,,,Sayonara,Team Vitality,sova,False,,50,0,2,0,7,True,vandal,rifle,,,,PROFEK,Team Vitality,astra,True,33,50,1,0,0,7,True,phantom,rifle,,0.5733,0.5389
764.430,1361,ACTIVE_ROUND,4,2,3,20.000,,,s0pp,FUT Esports,chamber,True,100,,0,1,1,7,True,classic,sidearm,,0.8578,0.5089,xeus,FUT Esports,jett,False,,24,2,1,0,7,True,classic,sidearm,,,,sociablEE,FUT Esports,fade,True,100,,0,0,1,7,False,classic,sidearm,,0.7833,0.6267,yetujey,FUT Esports,astra,False,,,1,0,0,1,False,classic,sidearm,,,,KROSTALY,FUT Esports,kayo,False,,1,1,0,1,0,False,phantom,rifle,,,,Chronicle,Team Vitality,chamber,False,,50,0,7,1,7,False,outlaw,sniper,,,,Derke,Team Vitality,neon,False,,50,0,0,0,1,False,phantom,rifle,,,,Jamppi,Team Vitality,kayo,False,,50,0,0,0,5,False,unknown,unknown,,,,Sayonara,Team Vitality,sova,False,,50,0,2,0,7,True,vandal,rifle,,,,PROFEK,Team Vitality,astra,True,33,50,1,0,0,7,True,phantom,rifle,,0.6356,0.4300
764.914,1362,ACTIVE_ROUND,4,2,3,19.000,,,s0pp,FUT Esports,chamber,True,100,,0,1,1,7,True,classic,sidearm,,0.8644,0.5067,xeus,FUT Esports,jett,False,,24,2,1,0,7,True,classic,sidearm,,,,sociablEE,FUT Esports,fade,True,100,,0,0,1,7,False,classic,sidearm,,0.7922,0.6156,yetujey,FUT Esports,astra,False,,,1,0,0,1,False,classic,sidearm,,,,KROSTALY,FUT Esports,kayo,False,,1,1,0,1,0,False,phantom,rifle,,,,Chronicle,Team Vitality,chamber,False,,50,0,7,1,7,False,outlaw,sniper,,,,Derke,Team Vitality,neon,False,,50,0,0,0,1,False,phantom,rifle,,,,Jamppi,Team Vitality,kayo,False,,50,0,0,0,5,False,unknown,unknown,,,,Sayonara,Team Vitality,sova,False,,50,0,2,0,7,True,vandal,rifle,,,,PROFEK,Team Vitality,astra,True,33,50,1,0,0,7,True,phantom,rifle,,0.6489,0.4300
765.398,1363,ACTIVE_ROUND,4,2,3,19.000,,,s0pp,FUT Esports,chamber,True,100,,0,1,1,7,True,classic,sidearm,,0.8778,0.5000,xeus,FUT Esports,jett,False,,24,2,1,0,7,True,classic,sidearm,,,,sociablEE,FUT Esports,fade,True,100,,0,0,1,7,False,classic,sidearm,,0.8033,0.6089,yetujey,FUT Esports,astra,False,,,1,0,0,1,False,classic,sidearm,,,,KROSTALY,FUT Esports,kayo,False,,1,1,0,1,0,False,phantom,rifle,,,,Chronicle,Team Vitality,chamber,False,,50,0,7,1,7,False,outlaw,sniper,,,,Derke,Team Vitality,neon,False,,50,0,0,0,1,False,phantom,rifle,,,,Jamppi,Team Vitality,kayo,False,,50,0,0,0,5,False,unknown,unknown,,,,Sayonara,Team Vitality,sova,False,,50,0,2,0,7,True,vandal,rifle,,,,PROFEK,Team Vitality,astra,True,33,50,1,0,0,7,True,phantom,rifle,,0.6556,0.4300
765.882,1364,ACTIVE_ROUND,4,2,3,18.000,,,s0pp,FUT Esports,chamber,True,100,,0,1,1,7,True,classic,sidearm,,0.8644,0.5044,xeus,FUT Esports,jett,False,,24,2,1,0,7,True,classic,sidearm,,,,sociablEE,FUT Esports,fade,True,100,,0,0,1,7,False,classic,sidearm,,0.8167,0.6022,yetujey,FUT Esports,astra,False,,,1,0,0,1,False,classic,sidearm,,,,KROSTALY,FUT Esports,kayo,False,,1,1,0,1,0,False,phantom,rifle,,,,Chronicle,Team Vitality,chamber,False,,50,0,7,1,7,False,outlaw,sniper,,,,Derke,Team Vitality,neon,False,,50,0,0,0,1,False,phantom,rifle,,,,Jamppi,Team Vitality,kayo,False,,50,0,0,0,5,False,unknown,unknown,,,,Sayonara,Team Vitality,sova,False,,50,0,2,0,7,True,vandal,rifle,,,,PROFEK,Team Vitality,astra,True,33,50,1,0,0,7,True,phantom,rifle,,0.6644,0.4322
766.366,1365,ACTIVE_ROUND,4,2,3,18.000,,,s0pp,FUT Esports,chamber,True,100,,0,1,1,7,True,classic,sidearm,,0.8622,0.5044,xeus,FUT Esports,jett,False,,24,2,1,0,7,True,classic,sidearm,,,,sociablEE,FUT Esports,fade,True,100,,0,0,1,7,False,classic,sidearm,,0.8278,0.5956,yetujey,FUT Esports,astra,False,,,1,0,0,1,False,classic,sidearm,,,,KROSTALY,FUT Esports,kayo,False,,1,1,0,1,0,False,phantom,rifle,,,,Chronicle,Team Vitality,chamber,False,,50,0,7,1,7,False,outlaw,sniper,,,,Derke,Team Vitality,neon,False,,50,0,0,0,1,False,phantom,rifle,,,,Jamppi,Team Vitality,kayo,False,,50,0,0,0,5,False,unknown,unknown,,,,Sayonara,Team Vitality,sova,False,,50,0,2,0,7,True,vandal,rifle,,,,PROFEK,Team Vitality,astra,True,33,50,1,0,0,7,True,phantom,rifle,,0.6644,0.4322
766.849,1366,ACTIVE_ROUND,4,2,3,17.000,,,s0pp,FUT Esports,chamber,True,100,,0,1,1,7,True,classic,sidearm,,0.8422,0.5067,xeus,FUT Esports,jett,False,,24,2,1,0,7,True,classic,sidearm,,,,sociablEE,FUT Esports,fade,True,100,,0,0,1,7,False,classic,sidearm,,0.8411,0.5911,yetujey,FUT Esports,astra,False,,,1,0,0,1,False,classic,sidearm,,,,KROSTALY,FUT Esports,kayo,False,,1,1,0,1,0,False,phantom,rifle,,,,Chronicle,Team Vitality,chamber,False,,50,0,7,1,7,False,outlaw,sniper,,,,Derke,Team Vitality,neon,False,,50,0,0,0,1,False,phantom,rifle,,,,Jamppi,Team Vitality,kayo,False,,50,0,0,0,5,False,unknown,unknown,,,,Sayonara,Team Vitality,sova,False,,50,0,2,0,7,True,vandal,rifle,,,,PROFEK,Team Vitality,astra,True,33,50,1,0,0,7,True,phantom,rifle,,0.6644,0.4322
767.333,1367,ACTIVE_ROUND,4,2,3,17.000,,,s0pp,FUT Esports,chamber,True,100,,0,1,1,7,True,classic,sidearm,,0.8311,0.5067,xeus,FUT Esports,jett,False,,24,2,1,0,7,True,classic,sidearm,,,,sociablEE,FUT Esports,fade,True,100,,0,0,1,7,False,classic,sidearm,,0.8544,0.5867,yetujey,FUT Esports,astra,False,,,1,0,0,1,False,classic,sidearm,,,,KROSTALY,FUT Esports,kayo,False,,1,1,0,1,0,False,phantom,rifle,,,,Chronicle,Team Vitality,chamber,False,,50,0,7,1,7,False,outlaw,sniper,,,,Derke,Team Vitality,neon,False,,50,0,0,0,1,False,phantom,rifle,,,,Jamppi,Team Vitality,kayo,False,,50,0,0,0,5,False,unknown,unknown,,,,Sayonara,Team Vitality,sova,False,,50,0,2,0,7,True,vandal,rifle,,,,PROFEK,Team Vitality,astra,True,33,50,1,0,0,7,True,phantom,rifle,,0.6644,0.4322
767.817,1368,ACTIVE_ROUND,4,2,3,16.000,,,s0pp,FUT Esports,chamber,True,100,,0,1,1,7,True,classic,sidearm,,0.8311,0.5067,xeus,FUT Esports,jett,False,,24,2,1,0,7,True,classic,sidearm,,,,sociablEE,FUT Esports,fade,True,100,,0,0,1,7,False,classic,sidearm,,0.8678,0.5800,yetujey,FUT Esports,astra,False,,,1,0,0,1,False,classic,sidearm,,,,KROSTALY,FUT Esports,kayo,False,,1,1,0,1,0,False,phantom,rifle,,,,Chronicle,Team Vitality,chamber,False,,50,0,7,1,7,False,outlaw,sniper,,,,Derke,Team Vitality,neon,False,,50,0,0,0,1,False,phantom,rifle,,,,Jamppi,Team Vitality,kayo,False,,50,0,0,0,5,False,unknown,unknown,,,,Sayonara,Team Vitality,sova,False,,50,0,2,0,7,True,vandal,rifle,,,,PROFEK,Team Vitality,astra,True,33,50,1,0,0,7,True,phantom,rifle,,0.6644,0.4322
768.301,1369,ACTIVE_ROUND,4,2,3,16.000,,,s0pp,FUT Esports,chamber,True,100,,0,1,1,7,True,classic,sidearm,,0.8311,0.5067,xeus,FUT Esports,jett,False,,24,2,1,0,7,True,classic,sidearm,,,,sociablEE,FUT Esports,fade,True,100,,0,0,1,7,False,classic,sidearm,,0.8789,0.5733,yetujey,FUT Esports,astra,False,,,1,0,0,1,False,classic,sidearm,,,,KROSTALY,FUT Esports,kayo,False,,1,1,0,1,0,False,phantom,rifle,,,,Chronicle,Team Vitality,chamber,False,,50,0,7,1,7,False,outlaw,sniper,,,,Derke,Team Vitality,neon,False,,50,0,0,0,1,False,phantom,rifle,,,,Jamppi,Team Vitality,kayo,False,,50,0,0,0,5,False,unknown,unknown,,,,Sayonara,Team Vitality,sova,False,,50,0,2,0,7,True,vandal,rifle,,,,PROFEK,Team Vitality,astra,True,33,50,1,0,0,7,True,phantom,rifle,,0.6644,0.4322
768.785,1370,ACTIVE_ROUND,4,2,3,15.000,,,s0pp,FUT Esports,chamber,True,100,,0,1,1,7,True,classic,sidearm,,0.8311,0.5067,xeus,FUT Esports,jett,False,,24,2,1,0,7,True,classic,sidearm,,,,sociablEE,FUT Esports,fade,True,100,,0,0,1,7,False,classic,sidearm,,0.8900,0.5644,yetujey,FUT Esports,astra,False,,,1,0,0,1,False,classic,sidearm,,,,KROSTALY,FUT Esports,kayo,False,,1,1,0,1,0,False,phantom,rifle,,,,Chronicle,Team Vitality,chamber,False,,50,0,7,1,7,False,outlaw,sniper,,,,Derke,Team Vitality,neon,False,,50,0,0,0,1,False,phantom,rifle,,,,Jamppi,Team Vitality,kayo,False,,50,0,0,0,5,False,unknown,unknown,,,,Sayonara,Team Vitality,sova,False,,50,0,2,0,7,True,vandal,rifle,,,,PROFEK,Team Vitality,astra,True,33,50,1,0,0,7,True,phantom,rifle,,0.6644,0.4322
769.269,1371,ACTIVE_ROUND,4,2,3,15.000,,,s0pp,FUT Esports,chamber,True,100,,0,1,1,7,True,classic,sidearm,,0.8267,0.5089,xeus,FUT Esports,jett,False,,24,2,1,0,7,True,classic,sidearm,,,,sociablEE,FUT Esports,fade,True,100,,0,0,1,7,False,classic,sidearm,,0.8967,0.5533,yetujey,FUT Esports,astra,False,,,1,0,0,1,False,classic,sidearm,,,,KROSTALY,FUT Esports,kayo,False,,1,1,0,1,0,False,phantom,rifle,,,,Chronicle,Team Vitality,chamber,False,,50,0,7,1,7,False,outlaw,sniper,,,,Derke,Team Vitality,neon,False,,50,0,0,0,1,False,phantom,rifle,,,,Jamppi,Team Vitality,kayo,False,,50,0,0,0,5,False,unknown,unknown,,,,Sayonara,Team Vitality,sova,False,,50,0,2,0,7,True,vandal,rifle,,,,PROFEK,Team Vitality,astra,True,33,50,1,0,0,7,True,phantom,rifle,,0.6644,0.4322
769.752,1372,ACTIVE_ROUND,4,2,3,14.870,,,s0pp,FUT Esports,chamber,True,100,,0,1,1,7,True,classic,sidearm,,0.8311,0.5089,xeus,FUT Esports,jett,False,,24,2,1,0,7,True,classic,sidearm,,,,sociablEE,FUT Esports,fade,True,100,,0,0,1,7,False,classic,sidearm,,0.8989,0.5422,yetujey,FUT Esports,astra,False,,,1,0,0,1,False,classic,sidearm,,,,KROSTALY,FUT Esports,kayo,False,,1,1,0,1,0,False,phantom,rifle,,,,Chronicle,Team Vitality,chamber,False,,50,0,7,1,7,False,outlaw,sniper,,,,Derke,Team Vitality,neon,False,,50,0,0,0,1,False,phantom,rifle,,,,Jamppi,Team Vitality,kayo,False,,50,0,0,0,5,False,unknown,unknown,,,,Sayonara,Team Vitality,sova,False,,50,0,2,0,7,True,vandal,rifle,,,,PROFEK,Team Vitality,astra,True,33,50,1,0,0,7,True,phantom,rifle,,0.6644,0.4322
770.236,1373,ACTIVE_ROUND,4,2,3,14.390,,,s0pp,FUT Esports,chamber,True,100,,0,1,1,7,True,classic,sidearm,,0.8333,0.5111,xeus,FUT Esports,jett,False,,24,2,1,0,7,True,classic,sidearm,,,,sociablEE,FUT Esports,fade,True,100,,0,0,1,7,False,classic,sidearm,,0.8989,0.5289,yetujey,FUT Esports,astra,False,,,1,0,0,1,False,classic,sidearm,,,,KROSTALY,FUT Esports,kayo,False,,1,1,0,1,0,False,phantom,rifle,,,,Chronicle,Team Vitality,chamber,False,,50,0,7,1,7,False,outlaw,sniper,,,,Derke,Team Vitality,neon,False,,50,0,0,0,1,False,phantom,rifle,,,,Jamppi,Team Vitality,kayo,False,,50,0,0,0,5,False,unknown,unknown,,,,Sayonara,Team Vitality,sova,False,,50,0,2,0,7,True,vandal,rifle,,,,PROFEK,Team Vitality,astra,True,33,50,1,0,0,7,True,phantom,rifle,,0.8800,0.5122
770.720,1374,ACTIVE_ROUND,4,2,3,13.910,,,s0pp,FUT Esports,chamber,True,100,,0,1,1,7,True,classic,sidearm,,0.8311,0.5089,xeus,FUT Esports,jett,False,,24,2,1,0,7,True,classic,sidearm,,,,sociablEE,FUT Esports,fade,True,100,,0,0,1,7,False,classic,sidearm,,0.8967,0.5178,yetujey,FUT Esports,astra,False,,,1,0,0,1,False,classic,sidearm,,,,KROSTALY,FUT Esports,kayo,False,,1,1,0,1,0,False,phantom,rifle,,,,Chronicle,Team Vitality,chamber,False,,50,0,7,1,7,False,outlaw,sniper,,,,Derke,Team Vitality,neon,False,,50,0,0,0,1,False,phantom,rifle,,,,Jamppi,Team Vitality,kayo,False,,50,0,0,0,5,False,unknown,unknown,,,,Sayonara,Team Vitality,sova,False,,50,0,2,0,7,True,vandal,rifle,,,,PROFEK,Team Vitality,astra,True,33,50,1,0,0,7,True,phantom,rifle,,0.8800,0.5122
771.204,1375,ACTIVE_ROUND,4,2,3,13.420,,,s0pp,FUT Esports,chamber,True,100,,0,1,1,7,True,classic,sidearm,,0.8333,0.5089,xeus,FUT Esports,jett,False,,24,2,1,0,7,True,classic,sidearm,,,,sociablEE,FUT Esports,fade,True,100,,0,0,1,7,False,classic,sidearm,,0.8944,0.5067,yetujey,FUT Esports,astra,False,,,1,0,0,1,False,classic,sidearm,,,,KROSTALY,FUT Esports,kayo,False,,1,1,0,1,0,False,phantom,rifle,,,,Chronicle,Team Vitality,chamber,False,,50,0,7,1,7,False,outlaw,sniper,,,,Derke,Team Vitality,neon,False,,50,0,0,0,1,False,phantom,rifle,,,,Jamppi,Team Vitality,kayo,False,,50,0,0,0,5,False,unknown,unknown,,,,Sayonara,Team Vitality,sova,False,,50,0,2,0,7,True,vandal,rifle,,,,PROFEK,Team Vitality,astra,True,33,50,1,0,0,7,True,phantom,rifle,,0.8800,0.5122
771.688,1376,ACTIVE_ROUND,4,2,3,12.940,,,s0pp,FUT Esports,chamber,True,100,,0,1,1,7,True,classic,sidearm,,0.8333,0.5089,xeus,FUT Esports,jett,False,,24,2,1,0,7,True,classic,sidearm,,,,sociablEE,FUT Esports,fade,True,100,,0,0,1,7,False,classic,sidearm,,0.8900,0.4956,yetujey,FUT Esports,astra,False,,,1,0,0,1,False,classic,sidearm,,,,KROSTALY,FUT Esports,kayo,False,,1,1,0,1,0,False,phantom,rifle,,,,Chronicle,Team Vitality,chamber,False,,50,0,7,1,7,False,outlaw,sniper,,,,Derke,Team Vitality,neon,False,,50,0,0,0,1,False,phantom,rifle,,,,Jamppi,Team Vitality,kayo,False,,50,0,0,0,5,False,unknown,unknown,,,,Sayonara,Team Vitality,sova,False,,50,0,2,0,7,True,vandal,rifle,,,,PROFEK,Team Vitality,astra,True,33,50,1,0,0,7,True,phantom,rifle,,0.8800,0.5122
772.171,1377,ACTIVE_ROUND,4,2,3,12.460,,,s0pp,FUT Esports,chamber,True,100,,0,1,1,7,True,classic,sidearm,,0.8333,0.5089,xeus,FUT Esports,jett,False,,24,2,1,0,7,True,classic,sidearm,,,,sociablEE,FUT Esports,fade,True,100,,0,0,1,7,False,classic,sidearm,,0.8811,0.4867,yetujey,FUT Esports,astra,False,,,1,0,0,1,False,classic,sidearm,,,,KROSTALY,FUT Esports,kayo,False,,1,1,0,1,0,False,phantom,rifle,,,,Chronicle,Team Vitality,chamber,False,,50,0,7,1,7,False,outlaw,sniper,,,,Derke,Team Vitality,neon,False,,50,0,0,0,1,False,phantom,rifle,,,,Jamppi,Team Vitality,kayo,False,,50,0,0,0,5,False,unknown,unknown,,,,Sayonara,Team Vitality,sova,False,,50,0,2,0,7,True,vandal,rifle,,,,PROFEK,Team Vitality,astra,True,33,50,1,0,0,7,True,phantom,rifle,,0.8800,0.5122
772.655,1378,ACTIVE_ROUND,4,2,3,11.970,,,s0pp,FUT Esports,chamber,True,100,,0,1,1,7,True,classic,sidearm,,0.8333,0.5089,xeus,FUT Esports,jett,False,,24,2,1,0,7,True,classic,sidearm,,,,sociablEE,FUT Esports,fade,True,100,,0,0,1,7,False,classic,sidearm,,0.8700,0.4822,yetujey,FUT Esports,astra,False,,,1,0,0,1,False,classic,sidearm,,,,KROSTALY,FUT Esports,kayo,False,,1,1,0,1,0,False,phantom,rifle,,,,Chronicle,Team Vitality,chamber,False,,50,0,7,1,7,False,outlaw,sniper,,,,Derke,Team Vitality,neon,False,,50,0,0,0,1,False,phantom,rifle,,,,Jamppi,Team Vitality,kayo,False,,50,0,0,0,5,False,unknown,unknown,,,,Sayonara,Team Vitality,sova,False,,50,0,2,0,7,True,vandal,rifle,,,,PROFEK,Team Vitality,astra,True,33,50,1,0,0,7,True,phantom,rifle,,0.8689,0.4811
773.139,1379,ACTIVE_ROUND,4,2,3,11.490,,,s0pp,FUT Esports,chamber,True,100,,0,1,1,7,True,classic,sidearm,,0.8356,0.5089,xeus,FUT Esports,jett,False,,24,2,1,0,7,True,classic,sidearm,,,,sociablEE,FUT Esports,fade,True,100,,0,0,1,7,False,classic,sidearm,,0.8678,0.4844,yetujey,FUT Esports,astra,False,,,1,0,0,1,False,classic,sidearm,,,,KROSTALY,FUT Esports,kayo,False,,1,1,0,1,0,False,phantom,rifle,,,,Chronicle,Team Vitality,chamber,False,,50,0,7,1,7,False,outlaw,sniper,,,,Derke,Team Vitality,neon,False,,50,0,0,0,1,False,phantom,rifle,,,,Jamppi,Team Vitality,kayo,False,,50,0,0,0,5,False,unknown,unknown,,,,Sayonara,Team Vitality,sova,False,,50,0,2,0,7,True,vandal,rifle,,,,PROFEK,Team Vitality,astra,True,33,50,1,0,0,7,True,phantom,rifle,,0.8689,0.4833
773.623,1380,ACTIVE_ROUND,4,2,3,11.010,,,s0pp,FUT Esports,chamber,True,100,,0,1,1,7,True,classic,sidearm,,0.8311,0.5022,xeus,FUT Esports,jett,False,,24,2,1,0,7,True,classic,sidearm,,,,sociablEE,FUT Esports,fade,True,100,,0,0,1,7,False,classic,sidearm,,0.8633,0.4911,yetujey,FUT Esports,astra,False,,,1,0,0,1,False,classic,sidearm,,,,KROSTALY,FUT Esports,kayo,False,,1,1,0,1,0,False,phantom,rifle,,,,Chronicle,Team Vitality,chamber,False,,50,0,7,1,7,False,outlaw,sniper,,,,Derke,Team Vitality,neon,False,,50,0,0,0,1,False,phantom,rifle,,,,Jamppi,Team Vitality,kayo,False,,50,0,0,0,5,False,unknown,unknown,,,,Sayonara,Team Vitality,sova,False,,50,0,2,0,7,True,vandal,rifle,,,,PROFEK,Team Vitality,astra,True,33,50,1,0,0,7,True,phantom,rifle,,0.8689,0.4833
774.107,1381,ACTIVE_ROUND,4,2,3,10.530,,,s0pp,FUT Esports,chamber,True,100,,0,1,1,7,True,classic,sidearm,,0.8244,0.4867,xeus,FUT Esports,jett,False,,24,2,1,0,7,True,classic,sidearm,,,,sociablEE,FUT Esports,fade,True,100,,0,0,1,7,False,classic,sidearm,,0.8567,0.4911,yetujey,FUT Esports,astra,False,,,1,0,0,1,False,classic,sidearm,,,,KROSTALY,FUT Esports,kayo,False,,1,1,0,1,0,False,phantom,rifle,,,,Chronicle,Team Vitality,chamber,False,,50,0,7,1,7,False,outlaw,sniper,,,,Derke,Team Vitality,neon,False,,50,0,0,0,1,False,phantom,rifle,,,,Jamppi,Team Vitality,kayo,False,,50,0,0,0,5,False,unknown,unknown,,,,Sayonara,Team Vitality,sova,False,,50,0,2,0,7,True,vandal,rifle,,,,PROFEK,Team Vitality,astra,True,33,50,1,0,0,7,True,phantom,rifle,,0.8689,0.4833
774.590,1382,ACTIVE_ROUND,4,2,3,10.040,,,s0pp,FUT Esports,chamber,True,100,,0,1,1,7,True,classic,sidearm,,0.8178,0.4689,xeus,FUT Esports,jett,False,,24,2,1,0,7,True,classic,sidearm,,,,sociablEE,FUT Esports,fade,True,100,,0,0,1,7,False,classic,sidearm,,0.8611,0.4800,yetujey,FUT Esports,astra,False,,,1,0,0,1,False,classic,sidearm,,,,KROSTALY,FUT Esports,kayo,False,,1,1,0,1,0,False,phantom,rifle,,,,Chronicle,Team Vitality,chamber,False,,50,0,7,1,7,False,outlaw,sniper,,,,Derke,Team Vitality,neon,False,,50,0,0,0,1,False,phantom,rifle,,,,Jamppi,Team Vitality,kayo,False,,50,0,0,0,5,False,unknown,unknown,,,,Sayonara,Team Vitality,sova,False,,50,0,2,0,7,True,vandal,rifle,,,,PROFEK,Team Vitality,astra,True,33,50,1,0,0,7,True,phantom,rifle,,0.8689,0.4833
775.558,1384,ACTIVE_ROUND,4,2,3,19.010,,,s0pp,FUT Esports,chamber,True,100,,0,0,1,7,True,classic,sidearm,,0.8178,0.4689,xeus,FUT Esports,jett,False,,24,2,1,0,7,True,classic,sidearm,,,,sociablEE,FUT Esports,fade,True,100,,0,0,0,7,False,classic,sidearm,,0.8656,0.4889,yetujey,FUT Esports,astra,False,,,1,0,0,1,False,classic,sidearm,,,,KROSTALY,FUT Esports,kayo,False,,1,1,0,1,0,False,phantom,rifle,,,,Chronicle,Team Vitality,chamber,False,,50,0,7,1,7,False,outlaw,sniper,,,,Derke,Team Vitality,neon,False,,50,0,0,0,1,False,phantom,rifle,,,,Jamppi,Team Vitality,kayo,False,,50,0,0,0,5,False,unknown,unknown,,,,Sayonara,Team Vitality,sova,False,,50,0,2,0,7,True,vandal,rifle,,,,PROFEK,Team Vitality,astra,True,33,50,1,0,0,7,True,phantom,rifle,,0.8689,0.4833
777.010,1387,ACTIVE_ROUND,4,2,3,6.000,,,s0pp,FUT Esports,chamber,True,100,,0,0,1,7,True,classic,sidearm,,0.8489,0.4000,xeus,FUT Esports,jett,False,,24,2,1,0,7,True,classic,sidearm,,,,sociablEE,FUT Esports,fade,True,100,,0,0,0,7,False,classic,sidearm,,0.8567,0.4956,yetujey,FUT Esports,astra,False,,,1,0,0,1,False,classic,sidearm,,,,KROSTALY,FUT Esports,kayo,False,,1,1,0,1,0,False,phantom,rifle,,,,Chronicle,Team Vitality,chamber,False,,50,0,7,1,7,False,outlaw,sniper,,,,Derke,Team Vitality,neon,False,,50,0,0,0,1,False,phantom,rifle,,,,Jamppi,Team Vitality,kayo,False,,50,0,0,0,5,False,unknown,unknown,,,,Sayonara,Team Vitality,sova,False,,50,0,2,0,7,True,vandal,rifle,,,,PROFEK,Team Vitality,astra,False,,50,1,0,0,7,True,phantom,rifle,,0.8689,0.4833
777.493,1388,POST_ROUND,4,3,3,,,0.000,s0pp,FUT Esports,chamber,True,100,,0,0,1,7,True,classic,sidearm,,0.8489,0.4000,xeus,FUT Esports,jett,False,,24,2,1,0,7,True,classic,sidearm,,,,sociablEE,FUT Esports,fade,True,100,,0,0,0,7,True,classic,sidearm,,0.8567,0.4956,yetujey,FUT Esports,astra,False,,,1,0,0,1,False,classic,sidearm,,,,KROSTALY,FUT Esports,kayo,False,,1,1,0,1,0,False,phantom,rifle,,,,Chronicle,Team Vitality,chamber,False,,50,0,7,1,7,False,outlaw,sniper,,,,Derke,Team Vitality,neon,False,,50,0,0,0,1,False,phantom,rifle,,,,Jamppi,Team Vitality,kayo,False,,50,0,0,0,5,False,unknown,unknown,,,,Sayonara,Team Vitality,sova,False,,50,0,2,0,7,True,vandal,rifle,,,,PROFEK,Team Vitality,astra,False,,50,1,0,0,7,True,phantom,rifle,,0.8689,0.4833
777.977,1389,POST_ROUND,4,3,3,,,0.484,s0pp,FUT Esports,chamber,True,100,,0,0,1,7,True,classic,sidearm,,0.8489,0.4000,xeus,FUT Esports,jett,False,,24,2,1,0,7,True,classic,sidearm,,,,sociablEE,FUT Esports,fade,True,100,,0,0,0,7,True,classic,sidearm,,0.8567,0.4956,yetujey,FUT Esports,astra,False,,,1,0,0,1,False,classic,sidearm,,,,KROSTALY,FUT Esports,kayo,False,,1,1,0,1,0,False,phantom,rifle,,,,Chronicle,Team Vitality,chamber,False,,50,0,7,1,7,False,outlaw,sniper,,,,Derke,Team Vitality,neon,False,,50,0,0,0,1,False,phantom,rifle,,,,Jamppi,Team Vitality,kayo,False,,50,0,0,0,5,False,unknown,unknown,,,,Sayonara,Team Vitality,sova,False,,50,0,2,0,7,True,vandal,rifle,,,,PROFEK,Team Vitality,astra,False,,50,1,0,0,7,True,phantom,rifle,,0.8689,0.4833
778.461,1390,POST_ROUND,4,3,3,,,0.968,s0pp,FUT Esports,chamber,True,100,,0,0,1,7,True,classic,sidearm,,0.8489,0.4000,xeus,FUT Esports,jett,False,,24,2,1,0,7,True,classic,sidearm,,,,sociablEE,FUT Esports,fade,True,100,,0,0,0,7,True,classic,sidearm,,0.8567,0.4956,yetujey,FUT Esports,astra,False,,,1,0,0,1,False,classic,sidearm,,,,KROSTALY,FUT Esports,kayo,False,,1,1,0,1,0,False,phantom,rifle,,,,Chronicle,Team Vitality,chamber,False,,50,0,7,1,7,False,outlaw,sniper,,,,Derke,Team Vitality,neon,False,,50,0,0,0,1,False,phantom,rifle,,,,Jamppi,Team Vitality,kayo,False,,50,0,0,0,5,False,unknown,unknown,,,,Sayonara,Team Vitality,sova,False,,50,0,2,0,7,True,vandal,rifle,,,,PROFEK,Team Vitality,astra,False,,50,1,0,0,7,True,phantom,rifle,,0.8689,0.4833
778.945,1391,POST_ROUND,4,3,3,,,1.451,s0pp,FUT Esports,chamber,True,100,,0,0,1,7,True,classic,sidearm,,0.8489,0.4000,xeus,FUT Esports,jett,False,,24,2,1,0,7,True,classic,sidearm,,,,sociablEE,FUT Esports,fade,True,100,,0,0,0,7,True,classic,sidearm,,0.8567,0.4956,yetujey,FUT Esports,astra,False,,,1,0,0,1,False,classic,sidearm,,,,KROSTALY,FUT Esports,kayo,False,,1,1,0,1,0,False,phantom,rifle,,,,Chronicle,Team Vitality,chamber,False,,50,0,7,1,7,False,outlaw,sniper,,,,Derke,Team Vitality,neon,False,,50,0,0,0,1,False,phantom,rifle,,,,Jamppi,Team Vitality,kayo,False,,50,0,0,0,5,False,unknown,unknown,,,,Sayonara,Team Vitality,sova,False,,50,0,2,0,7,True,vandal,rifle,,,,PROFEK,Team Vitality,astra,False,,50,1,0,0,7,True,phantom,rifle,,0.8689,0.4833
779.429,1392,POST_ROUND,4,3,3,,,1.935,s0pp,FUT Esports,chamber,True,100,,0,0,1,7,True,classic,sidearm,,0.8489,0.4000,xeus,FUT Esports,jett,False,,24,2,1,0,7,True,classic,sidearm,,,,sociablEE,FUT Esports,fade,True,100,,0,0,0,7,True,classic,sidearm,,0.8567,0.4956,yetujey,FUT Esports,astra,False,,,1,0,0,1,False,classic,sidearm,,,,KROSTALY,FUT Esports,kayo,False,,1,1,0,1,0,False,phantom,rifle,,,,Chronicle,Team Vitality,chamber,False,,50,0,7,1,7,False,outlaw,sniper,,,,Derke,Team Vitality,neon,False,,50,0,0,0,1,False,phantom,rifle,,,,Jamppi,Team Vitality,kayo,False,,50,0,0,0,5,False,unknown,unknown,,,,Sayonara,Team Vitality,sova,False,,50,0,2,0,7,True,vandal,rifle,,,,PROFEK,Team Vitality,astra,False,,50,1,0,0,7,True,phantom,rifle,,0.8689,0.4833
779.912,1393,POST_ROUND,4,3,3,,,2.419,s0pp,FUT Esports,chamber,True,100,,0,0,1,7,True,classic,sidearm,,0.8489,0.4000,xeus,FUT Esports,jett,False,,24,2,1,0,7,True,classic,sidearm,,,,sociablEE,FUT Esports,fade,True,100,,0,0,0,7,True,classic,sidearm,,0.8567,0.4956,yetujey,FUT Esports,astra,False,,,1,0,0,1,False,classic,sidearm,,,,KROSTALY,FUT Esports,kayo,False,,1,1,0,1,0,False,phantom,rifle,,,,Chronicle,Team Vitality,chamber,False,,50,0,7,1,7,False,outlaw,sniper,,,,Derke,Team Vitality,neon,False,,50,0,0,0,1,False,phantom,rifle,,,,Jamppi,Team Vitality,kayo,False,,50,0,0,0,5,False,unknown,unknown,,,,Sayonara,Team Vitality,sova,False,,50,0,2,0,7,True,vandal,rifle,,,,PROFEK,Team Vitality,astra,False,,50,1,0,0,7,True,phantom,rifle,,0.8689,0.4833
780.396,1394,POST_ROUND,4,3,3,,,2.903,s0pp,FUT Esports,chamber,True,100,,0,0,1,7,True,classic,sidearm,,0.8489,0.4000,xeus,FUT Esports,jett,False,,24,2,1,0,7,True,classic,sidearm,,,,sociablEE,FUT Esports,fade,True,100,,0,0,0,7,True,classic,sidearm,,0.8567,0.4956,yetujey,FUT Esports,astra,False,,,1,0,0,1,False,classic,sidearm,,,,KROSTALY,FUT Esports,kayo,False,,1,1,0,1,0,False,phantom,rifle,,,,Chronicle,Team Vitality,chamber,False,,50,0,7,1,7,False,outlaw,sniper,,,,Derke,Team Vitality,neon,False,,50,0,0,0,1,False,phantom,rifle,,,,Jamppi,Team Vitality,kayo,False,,50,0,0,0,5,False,unknown,unknown,,,,Sayonara,Team Vitality,sova,False,,50,0,2,0,7,True,vandal,rifle,,,,PROFEK,Team Vitality,astra,False,,50,1,0,0,7,True,phantom,rifle,,0.8689,0.4833
780.880,1395,POST_ROUND,4,3,3,,,3.387,s0pp,FUT Esports,chamber,True,100,,0,0,1,7,True,classic,sidearm,,0.8489,0.4000,xeus,FUT Esports,jett,False,,24,2,1,0,7,True,classic,sidearm,,,,sociablEE,FUT Esports,fade,True,100,,0,0,0,7,True,classic,sidearm,,0.8567,0.4956,yetujey,FUT Esports,astra,False,,,1,0,0,1,False,classic,sidearm,,,,KROSTALY,FUT Esports,kayo,False,,1,1,0,1,0,False,phantom,rifle,,,,Chronicle,Team Vitality,chamber,False,,50,0,7,1,7,False,outlaw,sniper,,,,Derke,Team Vitality,neon,False,,50,0,0,0,1,False,phantom,rifle,,,,Jamppi,Team Vitality,kayo,False,,50,0,0,0,5,False,unknown,unknown,,,,Sayonara,Team Vitality,sova,False,,50,0,2,0,7,True,vandal,rifle,,,,PROFEK,Team Vitality,astra,False,,50,1,0,0,7,True,phantom,rifle,,0.8689,0.4833
781.364,1396,POST_ROUND,4,3,3,,,3.871,s0pp,FUT Esports,chamber,True,100,,0,0,1,7,True,vandal,rifle,,0.8489,0.4000,xeus,FUT Esports,jett,False,,24,2,1,0,7,True,classic,sidearm,,,,sociablEE,FUT Esports,fade,True,100,,0,0,0,7,True,phantom,rifle,,0.8567,0.4956,yetujey,FUT Esports,astra,False,,,1,0,0,1,False,classic,sidearm,,,,KROSTALY,FUT Esports,kayo,False,,1,1,0,1,0,False,phantom,rifle,,,,Chronicle,Team Vitality,chamber,False,,50,0,7,1,7,False,outlaw,sniper,,,,Derke,Team Vitality,neon,False,,50,0,0,0,1,False,phantom,rifle,,,,Jamppi,Team Vitality,kayo,False,,50,0,0,0,5,False,unknown,unknown,,,,Sayonara,Team Vitality,sova,False,,50,0,2,0,7,True,vandal,rifle,,,,PROFEK,Team Vitality,astra,False,,50,1,0,0,7,True,phantom,rifle,,0.8689,0.4833
781.848,1397,POST_ROUND,4,3,3,,,4.354,s0pp,FUT Esports,chamber,True,100,,0,0,1,7,True,vandal,rifle,,0.8489,0.4000,xeus,FUT Esports,jett,False,,24,2,1,0,7,True,classic,sidearm,,,,sociablEE,FUT Esports,fade,True,100,,0,0,0,7,True,phantom,rifle,,0.8567,0.4956,yetujey,FUT Esports,astra,False,,,1,0,0,1,False,classic,sidearm,,,,KROSTALY,FUT Esports,kayo,False,,1,1,0,1,0,False,phantom,rifle,,,,Chronicle,Team Vitality,chamber,False,,50,0,7,1,7,False,outlaw,sniper,,,,Derke,Team Vitality,neon,False,,50,0,0,0,1,False,phantom,rifle,,,,Jamppi,Team Vitality,kayo,False,,50,0,0,0,5,False,unknown,unknown,,,,Sayonara,Team Vitality,sova,False,,50,0,2,0,7,True,vandal,rifle,,,,PROFEK,Team Vitality,astra,False,,50,1,0,0,7,True,phantom,rifle,,0.8689,0.4833
782.332,1398,POST_ROUND,4,3,3,,,4.838,s0pp,FUT Esports,chamber,True,100,,0,0,1,7,True,vandal,rifle,,0.8489,0.4000,xeus,FUT Esports,jett,False,,24,2,1,0,7,True,classic,sidearm,,,,sociablEE,FUT Esports,fade,True,100,,0,0,0,7,True,phantom,rifle,,0.8567,0.4956,yetujey,FUT Esports,astra,False,,,1,0,0,1,False,classic,sidearm,,,,KROSTALY,FUT Esports,kayo,False,,1,1,0,1,0,False,phantom,rifle,,,,Chronicle,Team Vitality,chamber,False,,50,0,7,1,7,False,outlaw,sniper,,,,Derke,Team Vitality,neon,False,,50,0,0,0,1,False,phantom,rifle,,,,Jamppi,Team Vitality,kayo,False,,50,0,0,0,5,False,unknown,unknown,,,,Sayonara,Team Vitality,sova,False,,50,0,2,0,7,True,vandal,rifle,,,,PROFEK,Team Vitality,astra,False,,50,1,0,0,7,True,phantom,rifle,,0.8689,0.4833
812.328,1460,PREROUND,5,3,3,,,,s0pp,FUT Esports,chamber,True,,,0,4,1,0,False,,,,,,xeus,FUT Esports,jett,True,,,2,1,1,1,False,,,,,,sociablEE,FUT Esports,fade,True,,,2,1,1,7,True,,,,,,yetujey,FUT Esports,astra,True,,,1,3,1,2,False,,,,,,KROSTALY,FUT Esports,kayo,True,,,1,2,1,1,False,,,,,,Chronicle,Team Vitality,chamber,True,,,1,8,1,7,True,,,,,,Derke,Team Vitality,neon,True,,,1,1,1,2,False,,,,,,Jamppi,Team Vitality,kayo,True,,,1,2,1,6,False,,,,,,Sayonara,Team Vitality,sova,True,,,1,2,1,7,True,,,,,,PROFEK,Team Vitality,astra,True,,,2,2,1,7,True,,,,,
812.812,1461,PREROUND,5,3,3,,,,s0pp,FUT Esports,chamber,True,,,0,4,1,0,False,,,,,,xeus,FUT Esports,jett,True,,,2,1,1,1,False,,,,,,sociablEE,FUT Esports,fade,True,,,2,1,1,7,True,,,,,,yetujey,FUT Esports,astra,True,,,1,3,1,2,False,,,,,,KROSTALY,FUT Esports,kayo,True,,,1,2,1,1,False,,,,,,Chronicle,Team Vitality,chamber,True,,,1,8,1,7,True,,,,,,Derke,Team Vitality,neon,True,,,1,1,1,2,False,,,,,,Jamppi,Team Vitality,kayo,True,,,1,2,1,6,False,,,,,,Sayonara,Team Vitality,sova,True,,,1,2,1,7,True,,,,,,PROFEK,Team Vitality,astra,True,,,2,2,1,7,True,,,,,
813.296,1462,PREROUND,5,3,3,,,,s0pp,FUT Esports,chamber,True,,,0,4,1,0,False,,,,,,xeus,FUT Esports,jett,True,,,2,1,1,1,False,,,,,,sociablEE,FUT Esports,fade,True,,,2,1,1,7,True,,,,,,yetujey,FUT Esports,astra,True,,,1,3,1,2,False,,,,,,KROSTALY,FUT Esports,kayo,True,,,1,2,1,1,False,,,,,,Chronicle,Team Vitality,chamber,True,,,1,8,1,7,True,,,,,,Derke,Team Vitality,neon,True,,,1,1,1,2,False,,,,,,Jamppi,Team Vitality,kayo,True,,,1,2,1,6,False,,,,,,Sayonara,Team Vitality,sova,True,,,1,2,1,7,True,,,,,,PROFEK,Team Vitality,astra,True,,,1,2,1,7,True,,,,,
813.780,1463,PREROUND,5,3,3,,,,s0pp,FUT Esports,chamber,True,,,0,4,1,0,False,,,,,,xeus,FUT Esports,jett,True,,,2,1,1,1,False,,,,,,sociablEE,FUT Esports,fade,True,,,2,1,1,7,True,,,,,,yetujey,FUT Esports,astra,True,,,1,3,1,2,False,,,,,,KROSTALY,FUT Esports,kayo,True,,,1,2,1,1,False,,,,,,Chronicle,Team Vitality,chamber,True,,,1,8,1,7,True,,,,,,Derke,Team Vitality,neon,True,,,1,1,1,2,False,,,,,,Jamppi,Team Vitality,kayo,True,,,1,2,1,6,False,,,,,,Sayonara,Team Vitality,sova,True,,,1,2,1,7,True,,,,,,PROFEK,Team Vitality,astra,True,,,1,2,1,7,True,,,,,
814.263,1464,ACTIVE_ROUND,5,3,3,99.000,,,s0pp,FUT Esports,chamber,True,,,0,4,1,0,False,,,,0.1511,0.4844,xeus,FUT Esports,jett,False,0,50,2,1,1,2,False,vandal,rifle,,0.8456,0.4389,sociablEE,FUT Esports,fade,False,0,50,2,1,1,0,False,phantom,rifle,,0.8167,0.4244,yetujey,FUT Esports,astra,False,0,50,1,3,1,3,False,vandal,rifle,,0.1333,0.4189,KROSTALY,FUT Esports,kayo,False,0,50,1,2,1,1,False,vandal,rifle,,0.8233,0.3189,Chronicle,Team Vitality,chamber,True,,,1,8,1,7,True,,,,0.4522,0.9267,Derke,Team Vitality,neon,True,10,50,1,1,1,3,False,phantom,rifle,,,,Jamppi,Team Vitality,kayo,True,,,1,2,1,6,False,,,,,,Sayonara,Team Vitality,sova,True,10,50,1,2,1,2,False,vandal,rifle,,,,PROFEK,Team Vitality,astra,True,10,25,0,0,0,2,False,classic,sidearm,,0.4422,0.6744
814.747,1465,ACTIVE_ROUND,5,3,3,99.000,,,s0pp,FUT Esports,chamber,True,100,50,0,4,1,0,False,,,,0.1533,0.5000,xeus,FUT Esports,jett,False,100,50,2,1,1,2,False,vandal,rifle,,,,sociablEE,FUT Esports,fade,False,100,50,2,1,1,0,False,phantom,rifle,,,,yetujey,FUT Esports,astra,False,100,50,1,3,1,3,False,vandal,rifle,,,,KROSTALY,FUT Esports,kayo,False,100,50,1,2,1,1,False,vandal,rifle,,,,Chronicle,Team Vitality,chamber,True,100,25,1,8,1,7,True,,,,0.7167,0.2089,Derke,Team Vitality,neon,True,100,50,1,1,1,3,False,phantom,rifle,,,,Jamppi,Team Vitality,kayo,True,100,50,1,2,1,6,False,,,,,,Sayonara,Team Vitality,sova,True,100,50,1,2,1,2,False,vandal,rifle,,,,PROFEK,Team Vitality,astra,True,100,25,0,0,0,2,False,classic,sidearm,,0.4422,0.6744
815.231,1466,ACTIVE_ROUND,5,3,3,98.000,,,s0pp,FUT Esports,chamber,True,100,50,0,4,1,0,False,,,,0.1578,0.5178,xeus,FUT Esports,jett,False,100,50,2,1,1,2,False,vandal,rifle,,,,sociablEE,FUT Esports,fade,False,100,50,2,1,1,0,False,phantom,rifle,,,,yetujey,FUT Esports,astra,False,100,50,1,3,1,3,False,vandal,rifle,,,,KROSTALY,FUT Esports,kayo,False,100,50,1,2,1,1,False,vandal,rifle,,,,Chronicle,Team Vitality,chamber,True,100,25,1,8,1,7,True,,,,0.7167,0.2089,Derke,Team Vitality,neon,True,100,50,1,1,1,3,False,phantom,rifle,,0.6200,0.6889,Jamppi,Team Vitality,kayo,True,100,50,1,2,1,6,False,,,,,,Sayonara,Team Vitality,sova,True,100,50,1,2,1,2,False,vandal,rifle,,0.7333,0.6578,PROFEK,Team Vitality,astra,True,100,25,0,0,0,2,False,classic,sidearm,,0.4422,0.6744
815.715,1467,ACTIVE_ROUND,5,3,3,98.000,,,s0pp,FUT Esports,chamber,True,100,50,0,4,1,0,False,,,,0.1600,0.5356,xeus,FUT Esports,jett,True,100,50,2,1,1,2,False,vandal,rifle,,,,sociablEE,FUT Esports,fade,True,100,50,2,1,1,0,False,phantom,rifle,,,,yetujey,FUT Esports,astra,True,100,50,1,3,1,3,False,vandal,rifle,,,,KROSTALY,FUT Esports,kayo,True,100,50,1,2,1,1,False,vandal,rifle,,,,Chronicle,Team Vitality,chamber,True,100,25,1,8,1,7,True,,,,0.4522,0.9267,Derke,Team Vitality,neon,True,100,50,1,1,1,3,False,phantom,rifle,,0.6244,0.6600,Jamppi,Team Vitality,kayo,True,100,50,1,2,1,6,False,,,,,,Sayonara,Team Vitality,sova,True,100,50,1,2,1,2,False,vandal,rifle,,0.7378,0.6667,PROFEK,Team Vitality,astra,True,100,25,0,0,0,2,False,classic,sidearm,,0.4422,0.6744
816.199,1468,ACTIVE_ROUND,5,3,3,97.000,,,s0pp,FUT Esports,chamber,True,100,50,0,4,1,0,False,operator,sniper,,0.1578,0.5444,xeus,FUT Esports,jett,True,100,50,2,1,0,1,False,vandal,rifle,,0.9567,0.5144,sociablEE,FUT Esports,fade,True,100,50,2,1,1,7,True,phantom,rifle,,0.8367,0.4556,yetujey,FUT Esports,astra,True,100,50,1,1,0,2,False,vandal,rifle,,,,KROSTALY,FUT Esports,kayo,True,100,50,1,2,0,1,False,vandal,rifle,,0.8078,0.3700,Chronicle,Team Vitality,chamber,True,100,25,1,8,1,7,True,classic,sidearm,,0.2856,0.7378,Derke,Team Vitality,neon,True,100,50,1,1,1,2,False,phantom,rifle,,0.6311,0.6511,Jamppi,Team Vitality,kayo,True,100,50,1,2,1,6,False,vandal,rifle,,,,Sayonara,Team Vitality,sova,True,100,50,1,2,1,7,True,vandal,rifle,,0.7444,0.6778,PROFEK,Team Vitality,astra,True,100,25,1,1,0,7,True,phantom,rifle,,0.4422,0.6744
816.683,1469,ACTIVE_ROUND,5,3,3,97.000,,,s0pp,FUT Esports,chamber,True,100,50,0,4,1,0,False,operator,sniper,,0.1489,0.5489,xeus,FUT Esports,jett,True,100,50,2,1,0,1,False,vandal,rifle,,0.9567,0.5144,sociablEE,FUT Esports,fade,True,100,50,2,1,1,7,True,phantom,rifle,,0.8367,0.4556,yetujey,FUT Esports,astra,True,100,50,1,1,0,2,False,vandal,rifle,,,,KROSTALY,FUT Esports,kayo,True,100,50,1,2,0,1,False,vandal,rifle,,0.8100,0.3856,Chronicle,Team Vitality,chamber,True,100,25,1,8,1,7,True,classic,sidearm,,0.0856,0.4156,Derke,Team Vitality,neon,True,100,50,1,1,1,2,False,phantom,rifle,,0.6378,0.6422,Jamppi,Team Vitality,kayo,True,100,50,1,2,1,6,False,vandal,rifle,,,,Sayonara,Team Vitality,sova,True,100,50,1,2,1,7,True,vandal,rifle,,0.7467,0.6978,PROFEK,Team Vitality,astra,True,100,25,1,1,0,7,True,phantom,rifle,,0.4422,0.6744
817.166,1470,ACTIVE_ROUND,5,3,3,96.000,,,s0pp,FUT Esports,chamber,True,100,50,0,4,1,0,False,operator,sniper,,0.1378,0.5489,xeus,FUT Esports,jett,True,100,50,2,1,0,1,False,vandal,rifle,,0.9700,0.5122,sociablEE,FUT Esports,fade,True,100,50,2,1,1,7,True,phantom,rifle,,0.8589,0.4933,yetujey,FUT Esports,astra,True,100,50,1,1,0,2,False,vandal,rifle,,,,KROSTALY,FUT Esports,kayo,True,100,50,1,2,0,1,False,vandal,rifle,,0.8100,0.3967,Chronicle,Team Vitality,chamber,True,100,25,1,8,1,7,True,classic,sidearm,,0.7167,0.2222,Derke,Team Vitality,neon,True,100,50,1,1,1,2,False,phantom,rifle,,0.6422,0.6311,Jamppi,Team Vitality,kayo,True,100,50,1,2,1,6,False,vandal,rifle,,,,Sayonara,Team Vitality,sova,True,100,50,1,2,1,7,True,vandal,rifle,,0.7622,0.6956,PROFEK,Team Vitality,astra,True,100,25,1,1,0,7,True,phantom,rifle,,0.4422,0.6744
817.650,1471,ACTIVE_ROUND,5,3,3,96.000,,,s0pp,FUT Esports,chamber,True,100,50,0,4,1,0,False,operator,sniper,,0.1289,0.5444,xeus,FUT Esports,jett,True,100,50,2,1,0,1,False,vandal,rifle,,0.9700,0.5122,sociablEE,FUT Esports,fade,True,100,50,2,1,1,7,True,phantom,rifle,,0.8700,0.5111,yetujey,FUT Esports,astra,True,100,50,1,1,0,2,False,vandal,rifle,,,,KROSTALY,FUT Esports,kayo,True,100,50,1,2,0,1,False,vandal,rifle,,0.8078,0.3922,Chronicle,Team Vitality,chamber,True,100,25,1,8,1,7,True,classic,sidearm,,0.4522,0.9267,Derke,Team Vitality,neon,True,100,50,1,1,1,2,False,phantom,rifle,,0.6422,0.6200,Jamppi,Team Vitality,kayo,True,100,50,1,2,1,6,False,vandal,rifle,,,,Sayonara,Team Vitality,sova,True,100,50,1,2,1,7,True,vandal,rifle,,0.7667,0.6822,PROFEK,Team Vitality,astra,True,100,25,1,1,0,7,True,phantom,rifle,,0.4422,0.6744
818.134,1472,ACTIVE_ROUND,5,3,3,95.000,,,s0pp,FUT Esports,chamber,True,100,50,0,4,1,0,False,operator,sniper,,0.1289,0.5444,xeus,FUT Esports,jett,True,100,50,2,1,0,1,False,vandal,rifle,,0.9700,0.5122,sociablEE,FUT Esports,fade,True,100,50,2,1,1,7,True,phantom,rifle,,0.8833,0.5267,yetujey,FUT Esports,astra,True,100,50,1,0,0,2,False,vandal,rifle,,,,KROSTALY,FUT Esports,kayo,True,100,50,1,2,0,1,False,vandal,rifle,,0.8056,0.3789,Chronicle,Team Vitality,chamber,True,100,25,1,8,1,7,True,classic,sidearm,,0.6500,0.7333,Derke,Team Vitality,neon,True,100,50,1,1,1,2,False,phantom,rifle,,0.6378,0.6089,Jamppi,Team Vitality,kayo,True,100,50,1,2,1,6,False,vandal,rifle,,,,Sayonara,Team Vitality,sova,True,100,50,1,2,0,7,True,vandal,rifle,,0.7711,0.6822,PROFEK,Team Vitality,astra,True,100,25,1,2,0,7,True,phantom,rifle,,0.4422,0.6744
818.618,1473,ACTIVE_ROUND,5,3,3,95.000,,,s0pp,FUT Esports,chamber,True,100,50,0,4,1,0,False,operator,sniper,,0.1289,0.5444,xeus,FUT Esports,jett,True,100,50,2,1,0,1,False,vandal,rifle,,0.9700,0.5122,sociablEE,FUT Esports,fade,True,100,50,2,1,1,7,True,phantom,rifle,,0.8833,0.5333,yetujey,FUT Esports,astra,True,100,50,1,0,0,2,False,vandal,rifle,,,,KROSTALY,FUT Esports,kayo,True,100,50,1,2,0,1,False,vandal,rifle,,0.7989,0.3678,Chronicle,Team Vitality,chamber,True,100,25,1,8,1,7,True,classic,sidearm,,0.8189,0.4933,Derke,Team Vitality,neon,True,100,50,1,1,1,2,False,phantom,rifle,,0.6378,0.5978,Jamppi,Team Vitality,kayo,True,100,50,1,2,1,6,False,vandal,rifle,,,,Sayonara,Team Vitality,sova,True,100,50,1,2,0,7,True,vandal,rifle,,0.7733,0.6711,PROFEK,Team Vitality,astra,True,100,25,1,2,0,7,True,phantom,rifle,,0.4422,0.6744
819.102,1474,ACTIVE_ROUND,5,3,3,94.000,,,s0pp,FUT Esports,chamber,True,100,50,0,4,1,0,False,operator,sniper,,0.1289,0.5444,xeus,FUT Esports,jett,True,100,50,2,1,0,1,False,vandal,rifle,,0.9700,0.5122,sociablEE,FUT Esports,fade,True,100,50,2,1,1,7,True,phantom,rifle,,0.8789,0.5311,yetujey,FUT Esports,astra,True,100,50,1,0,0,2,False,vandal,rifle,,,,KROSTALY,FUT Esports,kayo,True,100,50,1,2,0,1,False,vandal,rifle,,0.7856,0.3611,Chronicle,Team Vitality,chamber,True,100,25,1,8,1,7,True,classic,sidearm,,0.6500,0.7333,Derke,Team Vitality,neon,True,100,50,1,1,1,2,False,phantom,rifle,,0.6378,0.5978,Jamppi,Team Vitality,kayo,True,100,50,1,2,1,6,False,vandal,rifle,,0.8511,0.5356,Sayonara,Team Vitality,sova,True,100,50,1,2,0,7,True,vandal,rifle,,0.7800,0.6622,PROFEK,Team Vitality,astra,True,100,25,1,2,0,7,True,phantom,rifle,,0.7289,0.5278
819.585,1475,ACTIVE_ROUND,5,3,3,94.000,,,s0pp,FUT Esports,chamber,True,100,50,0,4,1,0,False,operator,sniper,,0.1289,0.5444,xeus,FUT Esports,jett,True,100,50,2,1,0,1,False,vandal,rifle,,0.9700,0.5122,sociablEE,FUT Esports,fade,True,100,50,2,1,1,7,True,phantom,rifle,,0.8789,0.5311,yetujey,FUT Esports,astra,True,100,50,1,0,0,2,False,vandal,rifle,,,,KROSTALY,FUT Esports,kayo,True,100,50,1,2,0,1,False,vandal,rifle,,0.1011,0.4322,Chronicle,Team Vitality,chamber,True,100,25,1,8,1,7,True,classic,sidearm,,0.5544,0.6578,Derke,Team Vitality,neon,True,100,50,1,1,1,2,False,phantom,rifle,,0.6378,0.5978,Jamppi,Team Vitality,kayo,True,100,50,1,2,1,6,False,vandal,rifle,,0.8511,0.5356,Sayonara,Team Vitality,sova,True,100,50,1,2,0,7,True,vandal,rifle,,0.7867,0.6533,PROFEK,Team Vitality,astra,True,100,25,1,2,0,7,True,phantom,rifle,,0.7289,0.5278
820.069,1476,ACTIVE_ROUND,5,3,3,93.000,,,s0pp,FUT Esports,chamber,True,100,50,0,4,1,0,False,operator,sniper,,0.1289,0.5444,xeus,FUT Esports,jett,True,100,50,2,1,0,1,False,vandal,rifle,,0.9678,0.5144,sociablEE,FUT Esports,fade,True,100,50,1,1,1,7,True,phantom,rifle,,0.8789,0.5311,yetujey,FUT Esports,astra,True,100,50,1,1,0,2,False,vandal,rifle,,,,KROSTALY,FUT Esports,kayo,True,100,50,1,2,0,1,False,vandal,rifle,,0.1011,0.3678,Chronicle,Team Vitality,chamber,True,100,25,1,8,1,7,True,classic,sidearm,,0.6456,0.7244,Derke,Team Vitality,neon,True,100,50,1,1,1,2,False,phantom,rifle,,0.6378,0.5978,Jamppi,Team Vitality,kayo,True,100,50,1,2,1,6,False,vandal,rifle,,0.6267,0.6333,Sayonara,Team Vitality,sova,True,100,50,1,2,0,7,True,vandal,rifle,,0.7911,0.6422,PROFEK,Team Vitality,astra,True,100,25,1,2,0,7,True,phantom,rifle,,0.7289,0.5278
820.553,1477,ACTIVE_ROUND,5,3,3,93.000,,,s0pp,FUT Esports,chamber,True,100,50,0,4,1,0,False,operator,sniper,,0.1289,0.5444,xeus,FUT Esports,jett,True,100,50,2,1,0,1,False,vandal,rifle,,0.9700,0.5344,sociablEE,FUT Esports,fade,True,100,50,1,1,1,7,True,phantom,rifle,,0.8811,0.5267,yetujey,FUT Esports,astra,True,100,50,1,1,0,2,False,vandal,rifle,,,,KROSTALY,FUT Esports,kayo,True,100,50,1,2,0,1,False,vandal,rifle,,0.1011,0.5056,Chronicle,Team Vitality,chamber,True,100,25,1,8,1,7,True,classic,sidearm,,0.6411,0.7178,Derke,Team Vitality,neon,True,100,50,1,1,1,2,False,phantom,rifle,,0.6111,0.5400,Jamppi,Team Vitality,kayo,True,100,50,1,2,1,6,False,vandal,rifle,,0.6244,0.6111,Sayonara,Team Vitality,sova,True,100,50,1,2,0,7,True,vandal,rifle,,0.7911,0.6378,PROFEK,Team Vitality,astra,True,100,25,1,2,0,7,True,phantom,rifle,,0.7289,0.5278
821.037,1478,ACTIVE_ROUND,5,3,3,92.000,,,s0pp,FUT Esports,chamber,True,100,50,0,4,1,0,False,operator,sniper,,0.1289,0.5444,xeus,FUT Esports,jett,True,100,50,2,1,0,1,False,vandal,rifle,,0.9700,0.5411,sociablEE,FUT Esports,fade,True,100,50,1,1,1,7,True,phantom,rifle,,0.8811,0.5267,yetujey,FUT Esports,astra,True,100,50,1,1,0,2,False,vandal,rifle,,,,KROSTALY,FUT Esports,kayo,True,100,50,1,2,0,1,False,vandal,rifle,,0.1011,0.5056,Chronicle,Team Vitality,chamber,True,100,25,1,8,1,7,True,classic,sidearm,,0.6367,0.7111,Derke,Team Vitality,neon,True,100,50,1,1,1,2,False,phantom,rifle,,0.6067,0.5267,Jamppi,Team Vitality,kayo,True,100,50,1,2,1,6,False,vandal,rifle,,0.1133,0.4311,Sayonara,Team Vitality,sova,True,100,50,1,2,0,7,True,vandal,rifle,,0.7889,0.6378,PROFEK,Team Vitality,astra,True,100,25,1,2,0,7,True,phantom,rifle,,0.7289,0.5278
821.521,1479,ACTIVE_ROUND,5,3,3,92.000,,,s0pp,FUT Esports,chamber,True,100,50,0,4,1,0,False,operator,sniper,,0.1289,0.5444,xeus,FUT Esports,jett,True,100,50,2,1,0,1,False,vandal,rifle,,0.9700,0.5389,sociablEE,FUT Esports,fade,True,100,50,1,1,1,7,True,phantom,rifle,,0.8856,0.5222,yetujey,FUT Esports,astra,True,100,50,1,1,0,2,False,vandal,rifle,,0.1267,0.4122,KROSTALY,FUT Esports,kayo,True,100,50,1,2,0,1,False,vandal,rifle,,0.1011,0.3811,Chronicle,Team Vitality,chamber,True,100,25,1,8,1,7,True,classic,sidearm,,0.7122,0.6267,Derke,Team Vitality,neon,True,100,50,1,1,1,2,False,phantom,rifle,,0.6133,0.5222,Jamppi,Team Vitality,kayo,True,100,50,1,2,1,6,False,vandal,rifle,,0.1133,0.4311,Sayonara,Team Vitality,sova,True,100,50,1,2,0,7,True,vandal,rifle,,0.7711,0.6311,PROFEK,Team Vitality,astra,True,100,25,1,2,0,7,True,phantom,rifle,,0.7289,0.5278
822.005,1480,ACTIVE_ROUND,5,3,3,91.000,,,s0pp,FUT Esports,chamber,True,100,50,0,4,1,0,False,operator,sniper,,0.1289,0.5444,xeus,FUT Esports,jett,True,100,50,2,1,0,1,False,vandal,rifle,,0.9678,0.5256,sociablEE,FUT Esports,fade,True,100,50,1,1,1,7,True,phantom,rifle,,0.8856,0.5089,yetujey,FUT Esports,astra,True,100,50,1,0,0,2,False,vandal,rifle,,0.1378,0.4144,KROSTALY,FUT Esports,kayo,True,100,50,1,2,0,1,False,vandal,rifle,,0.1011,0.4144,Chronicle,Team Vitality,chamber,True,100,25,1,8,1,7,True,classic,sidearm,,0.7033,0.6178,Derke,Team Vitality,neon,True,100,50,1,1,1,2,False,phantom,rifle,,0.6267,0.5222,Jamppi,Team Vitality,kayo,True,100,50,1,2,1,6,False,vandal,rifle,,0.1133,0.4311,Sayonara,Team Vitality,sova,True,100,50,1,2,0,7,True,vandal,rifle,,0.7622,0.6222,PROFEK,Team Vitality,astra,True,100,25,2,1,0,7,True,phantom,rifle,,0.7289,0.5278
822.488,1481,ACTIVE_ROUND,5,3,3,91.000,,,s0pp,FUT Esports,chamber,True,100,50,0,4,1,0,False,operator,sniper,,0.1289,0.5444,xeus,FUT Esports,jett,True,100,50,2,1,0,1,False,vandal,rifle,,0.9656,0.5144,sociablEE,FUT Esports,fade,True,100,50,1,1,1,7,True,phantom,rifle,,0.8856,0.5000,yetujey,FUT Esports,astra,True,100,50,1,0,0,2,False,vandal,rifle,,0.1400,0.4144,KROSTALY,FUT Esports,kayo,True,100,50,1,2,0,1,False,vandal,rifle,,0.1011,0.4144,Chronicle,Team Vitality,chamber,True,100,25,1,8,1,7,True,classic,sidearm,,0.6189,0.6644,Derke,Team Vitality,neon,True,100,50,1,1,1,2,False,phantom,rifle,,0.6356,0.5178,Jamppi,Team Vitality,kayo,True,100,50,1,2,1,6,False,vandal,rifle,,0.6156,0.5422,Sayonara,Team Vitality,sova,True,100,50,1,2,0,7,True,vandal,rifle,,0.7600,0.6111,PROFEK,Team Vitality,astra,True,100,25,2,1,0,7,True,phantom,rifle,,0.4844,0.6256
822.972,1482,ACTIVE_ROUND,5,3,3,90.000,,,s0pp,FUT Esports,chamber,True,100,50,0,4,1,0,False,operator,sniper,,0.1289,0.5444,xeus,FUT Esports,jett,True,100,50,2,1,0,1,False,vandal,rifle,,0.9611,0.5056,sociablEE,FUT Esports,fade,True,100,50,1,1,1,7,True,phantom,rifle,,0.1367,0.4111,yetujey,FUT Esports,astra,True,100,50,1,0,0,2,False,vandal,rifle,,0.1400,0.4144,KROSTALY,FUT Esports,kayo,True,100,50,1,2,0,1,False,vandal,rifle,,0.1011,0.3833,Chronicle,Team Vitality,chamber,True,100,25,1,8,1,7,True,classic,sidearm,,0.6011,0.8844,Derke,Team Vitality,neon,True,100,50,1,1,1,2,False,phantom,rifle,,0.6356,0.5178,Jamppi,Team Vitality,kayo,True,100,50,1,2,1,6,False,vandal,rifle,,0.6156,0.5422,Sayonara,Team Vitality,sova,True,100,50,1,2,0,7,True,vandal,rifle,,0.7578,0.6022,PROFEK,Team Vitality,astra,True,100,25,2,1,0,7,True,phantom,rifle,,0.4844,0.6256
823.456,1483,ACTIVE_ROUND,5,3,3,90.000,,,s0pp,FUT Esports,chamber,True,100,50,0,4,1,0,False,operator,sniper,,0.1289,0.5444,xeus,FUT Esports,jett,True,100,50,2,1,0,1,False,vandal,rifle,,0.9589,0.4989,sociablEE,FUT Esports,fade,True,100,50,1,1,1,7,True,phantom,rifle,,0.8700,0.4867,yetujey,FUT Esports,astra,True,100,50,1,0,0,2,False,vandal,rifle,,0.1356,0.4056,KROSTALY,FUT Esports,kayo,True,100,50,1,2,0,1,False,vandal,rifle,,0.1011,0.4033,Chronicle,Team Vitality,chamber,True,100,25,1,8,1,7,True,classic,sidearm,,0.6033,0.6244,Derke,Team Vitality,neon,True,100,50,1,1,1,2,False,phantom,rifle,,0.6444,0.5222,Jamppi,Team Vitality,kayo,True,100,50,1,2,1,6,False,vandal,rifle,,0.6156,0.5422,Sayonara,Team Vitality,sova,True,100,50,1,2,0,7,True,vandal,rifle,,0.6933,0.4889,PROFEK,Team Vitality,astra,True,100,25,2,1,0,7,True,phantom,rifle,,0.5467,0.6033
823.940,1484,ACTIVE_ROUND,5,3,3,89.000,,,s0pp,FUT Esports,chamber,True,100,50,0,4,1,0,False,operator,sniper,,0.1289,0.5444,xeus,FUT Esports,jett,True,100,50,2,1,0,1,False,vandal,rifle,,0.9656,0.5078,sociablEE,FUT Esports,fade,True,100,50,1,1,1,7,True,phantom,rifle,,0.8589,0.4822,yetujey,FUT Esports,astra,True,100,50,1,1,0,2,False,vandal,rifle,,0.1356,0.4056,KROSTALY,FUT Esports,kayo,True,100,50,1,2,0,1,False,vandal,rifle,,0.1011,0.4033,Chronicle,Team Vitality,chamber,True,100,25,1,8,1,7,True,classic,sidearm,,0.6078,0.6044,Derke,Team Vitality,neon,True,100,50,1,1,1,2,False,phantom,rifle,,0.6467,0.5222,Jamppi,Team Vitality,kayo,True,100,50,1,2,1,6,False,vandal,rifle,,0.6156,0.5422,Sayonara,Team Vitality,sova,True,100,50,1,2,0,7,True,vandal,rifle,,0.6956,0.4844,PROFEK,Team Vitality,astra,True,100,25,2,2,0,7,True,classic,sidearm,,0.5711,0.5567
824.424,1485,ACTIVE_ROUND,5,3,3,89.000,,,s0pp,FUT Esports,chamber,True,100,50,0,4,1,0,False,operator,sniper,,0.1289,0.5444,xeus,FUT Esports,jett,True,100,50,2,1,0,1,False,vandal,rifle,,0.9700,0.5167,sociablEE,FUT Esports,fade,True,100,50,1,1,1,7,True,phantom,rifle,,0.8567,0.4822,yetujey,FUT Esports,astra,True,100,50,1,1,0,2,False,vandal,rifle,,0.1356,0.4056,KROSTALY,FUT Esports,kayo,True,100,50,1,2,0,1,False,vandal,rifle,,0.1011,0.4033,Chronicle,Team Vitality,chamber,True,100,25,1,8,1,7,True,classic,sidearm,,0.4656,0.5778,Derke,Team Vitality,neon,True,100,50,1,1,1,2,False,phantom,rifle,,0.6511,0.5200,Jamppi,Team Vitality,kayo,True,100,50,1,2,1,6,False,vandal,rifle,,0.6156,0.5422,Sayonara,Team Vitality,sova,True,100,50,1,2,0,7,True,vandal,rifle,,0.6956,0.4822,PROFEK,Team Vitality,astra,True,100,25,2,2,0,7,True,classic,sidearm,,0.5711,0.5567
824.907,1486,ACTIVE_ROUND,5,3,3,88.000,,,s0pp,FUT Esports,chamber,True,100,50,0,4,1,0,False,operator,sniper,,0.1356,0.4044,xeus,FUT Esports,jett,True,100,50,2,1,0,1,False,vandal,rifle,,0.9722,0.5189,sociablEE,FUT Esports,fade,True,100,50,1,1,1,7,True,phantom,rifle,,0.8678,0.4844,yetujey,FUT Esports,astra,True,100,50,1,1,0,2,False,vandal,rifle,,0.1356,0.4056,KROSTALY,FUT Esports,kayo,True,100,50,1,2,0,1,False,vandal,rifle,,0.7744,0.3522,Chronicle,Team Vitality,chamber,True,100,25,1,8,1,7,True,classic,sidearm,,0.4233,0.6444,Derke,Team Vitality,neon,True,100,50,1,1,1,2,False,phantom,rifle,,0.6511,0.5200,Jamppi,Team Vitality,kayo,True,100,50,1,2,1,6,False,vandal,rifle,,0.6156,0.5422,Sayonara,Team Vitality,sova,True,100,50,1,2,0,7,True,vandal,rifle,,0.6956,0.4822,PROFEK,Team Vitality,astra,True,100,25,2,2,0,7,True,classic,sidearm,,0.5711,0.5567
825.391,1487,ACTIVE_ROUND,5,3,3,88.000,,,s0pp,FUT Esports,chamber,True,100,50,0,4,1,0,False,operator,sniper,,0.1356,0.4044,xeus,FUT Esports,jett,True,100,50,2,1,0,1,False,vandal,rifle,,0.9722,0.5189,sociablEE,FUT Esports,fade,True,100,50,1,1,1,7,True,phantom,rifle,,0.8767,0.4889,yetujey,FUT Esports,astra,True,100,50,1,1,0,2,False,vandal,rifle,,0.1356,0.4056,KROSTALY,FUT Esports,kayo,True,100,50,1,2,0,1,False,vandal,rifle,,0.1344,0.4056,Chronicle,Team Vitality,chamber,True,100,25,1,8,1,7,True,classic,sidearm,,0.7189,0.4844,Derke,Team Vitality,neon,True,100,50,1,1,1,2,False,phantom,rifle,,0.7156,0.5133,Jamppi,Team Vitality,kayo,True,100,50,1,2,1,6,False,vandal,rifle,,0.6756,0.5289,Sayonara,Team Vitality,sova,True,100,50,1,2,0,7,True,vandal,rifle,,0.6956,0.4822,PROFEK,Team Vitality,astra,True,100,25,2,2,0,7,True,classic,sidearm,,0.5467,0.6011
825.875,1488,ACTIVE_ROUND,5,3,3,87.000,,,s0pp,FUT Esports,chamber,True,100,50,0,4,1,0,False,operator,sniper,,0.1356,0.4044,xeus,FUT Esports,jett,True,100,50,2,1,0,1,False,vandal,rifle,,0.9722,0.5189,sociablEE,FUT Esports,fade,True,100,50,1,1,1,7,True,phantom,rifle,,0.8744,0.4911,yetujey,FUT Esports,astra,True,100,50,1,0,0,2,False,vandal,rifle,,0.1311,0.4167,KROSTALY,FUT Esports,kayo,True,100,50,1,2,0,1,False,vandal,rifle,,0.1011,0.4278,Chronicle,Team Vitality,chamber,True,100,25,0,8,1,7,True,classic,sidearm,,0.4233,0.6444,Derke,Team Vitality,neon,True,100,50,1,1,0,2,False,phantom,rifle,,0.7289,0.5067,Jamppi,Team Vitality,kayo,True,100,50,1,2,1,6,False,vandal,rifle,,0.6756,0.5289,Sayonara,Team Vitality,sova,True,100,50,1,2,0,7,True,vandal,rifle,,0.6956,0.4822,PROFEK,Team Vitality,astra,True,100,25,1,2,0,7,True,phantom,rifle,,0.5467,0.6011
826.359,1489,ACTIVE_ROUND,5,3,3,87.000,,,s0pp,FUT Esports,chamber,True,100,50,0,4,1,0,False,operator,sniper,,0.1356,0.4133,xeus,FUT Esports,jett,True,100,50,2,1,0,1,False,vandal,rifle,,0.9722,0.5189,sociablEE,FUT Esports,fade,True,100,50,1,1,1,7,True,phantom,rifle,,0.8656,0.4867,yetujey,FUT Esports,astra,True,100,50,1,0,0,2,False,vandal,rifle,,0.1311,0.4167,KROSTALY,FUT Esports,kayo,True,100,50,1,2,0,1,False,vandal,rifle,,0.7944,0.3478,Chronicle,Team Vitality,chamber,True,100,25,0,8,1,7,True,classic,sidearm,,0.7189,0.4489,Derke,Team Vitality,neon,True,100,50,1,1,0,2,False,phantom,rifle,,0.7289,0.4933,Jamppi,Team Vitality,kayo,True,100,50,1,2,1,6,False,vandal,rifle,,0.6756,0.5289,Sayonara,Team Vitality,sova,True,100,50,1,2,0,7,True,vandal,rifle,,0.7756,0.5867,PROFEK,Team Vitality,astra,True,100,25,1,2,0,7,True,phantom,rifle,,0.5467,0.6011
826.843,1490,ACTIVE_ROUND,5,3,3,86.000,,,s0pp,FUT Esports,chamber,True,100,50,0,4,1,0,False,operator,sniper,,0.1022,0.5711,xeus,FUT Esports,jett,True,100,50,2,1,0,1,False,vandal,rifle,,0.9722,0.5144,sociablEE,FUT Esports,fade,True,100,50,1,1,1,7,True,phantom,rifle,,0.8544,0.4844,yetujey,FUT Esports,astra,True,100,50,1,0,0,2,False,vandal,rifle,,0.1489,0.4122,KROSTALY,FUT Esports,kayo,True,100,50,1,2,0,1,False,vandal,rifle,,0.8011,0.3367,Chronicle,Team Vitality,chamber,True,100,25,0,8,1,7,True,classic,sidearm,,0.4656,0.5733,Derke,Team Vitality,neon,True,100,50,1,1,0,2,False,phantom,rifle,,0.7267,0.4733,Jamppi,Team Vitality,kayo,True,100,50,1,2,1,6,False,vandal,rifle,,0.6778,0.5200,Sayonara,Team Vitality,sova,True,100,50,1,2,0,7,True,vandal,rifle,,0.7756,0.5867,PROFEK,Team Vitality,astra,True,100,25,1,2,0,7,True,phantom,rifle,,0.5467,0.6011
827.327,1491,ACTIVE_ROUND,5,3,3,86.000,,,s0pp,FUT Esports,chamber,True,100,50,0,4,1,0,False,operator,sniper,,0.1089,0.5756,xeus,FUT Esports,jett,True,100,50,2,1,0,1,False,vandal,rifle,,0.9611,0.5211,sociablEE,FUT Esports,fade,True,100,50,1,1,1,7,True,phantom,rifle,,0.8544,0.4844,yetujey,FUT Esports,astra,True,100,50,1,0,0,2,False,vandal,rifle,,0.1711,0.4122,KROSTALY,FUT Esports,kayo,True,100,50,1,2,0,1,False,vandal,rifle,,0.8122,0.3211,Chronicle,Team Vitality,chamber,True,100,25,0,8,1,7,True,classic,sidearm,,0.4656,0.5733,Derke,Team Vitality,neon,True,100,50,1,1,0,2,False,phantom,rifle,,0.7289,0.4556,Jamppi,Team Vitality,kayo,True,100,50,1,2,1,6,False,vandal,rifle,,0.6778,0.5200,Sayonara,Team Vitality,sova,True,100,50,1,2,0,7,True,vandal,rifle,,0.7756,0.5867,PROFEK,Team Vitality,astra,True,100,25,1,2,0,7,True,phantom,rifle,,0.5467,0.6011
827.810,1492,ACTIVE_ROUND,5,3,3,85.000,,,s0pp,FUT Esports,chamber,True,100,50,0,4,1,0,False,operator,sniper,,0.1156,0.5800,xeus,FUT Esports,jett,True,100,50,2,1,0,1,False,vandal,rifle,,0.9544,0.5256,sociablEE,FUT Esports,fade,True,100,50,1,1,1,7,True,phantom,rifle,,0.8544,0.4844,yetujey,FUT Esports,astra,True,100,50,1,0,0,2,False,vandal,rifle,,0.1933,0.4100,KROSTALY,FUT Esports,kayo,True,100,50,1,2,0,1,False,vandal,rifle,,0.8122,0.3300,Chronicle,Team Vitality,chamber,True,100,25,0,8,1,7,True,classic,sidearm,,0.4656,0.5733,Derke,Team Vitality,neon,True,100,50,1,1,0,2,False,phantom,rifle,,0.7289,0.4556,Jamppi,Team Vitality,kayo,True,100,50,1,2,0,6,False,vandal,rifle,,0.7000,0.4933,Sayonara,Team Vitality,sova,True,100,50,0,2,0,7,True,vandal,rifle,,0.7756,0.5867,PROFEK,Team Vitality,astra,True,100,25,1,1,0,7,True,phantom,rifle,,0.5467,0.6011
828.294,1493,ACTIVE_ROUND,5,3,3,85.000,,,s0pp,FUT Esports,chamber,True,100,50,0,4,1,0,False,operator,sniper,,0.1156,0.5867,xeus,FUT Esports,jett,True,100,50,2,1,0,1,False,vandal,rifle,,0.9544,0.5256,sociablEE,FUT Esports,fade,True,100,50,1,1,1,7,True,phantom,rifle,,0.8544,0.4844,yetujey,FUT Esports,astra,True,100,50,1,0,0,2,False,vandal,rifle,,0.2178,0.4033,KROSTALY,FUT Esports,kayo,True,100,50,1,2,0,1,False,vandal,rifle,,0.8122,0.3322,Chronicle,Team Vitality,chamber,True,100,25,0,8,1,7,True,classic,sidearm,,0.6789,0.5244,Derke,Team Vitality,neon,True,100,50,1,1,0,2,False,phantom,rifle,,0.7289,0.4556,Jamppi,Team Vitality,kayo,True,100,50,1,2,0,6,False,vandal,rifle,,0.7000,0.4711,Sayonara,Team Vitality,sova,True,100,50,0,2,0,7,True,vandal,rifle,,0.7756,0.5867,PROFEK,Team Vitality,astra,True,100,25,1,1,0,7,True,phantom,rifle,,0.5467,0.6011
828.778,1494,ACTIVE_ROUND,5,3,3,85.000,,,s0pp,FUT Esports,chamber,True,100,50,0,4,1,0,False,operator,sniper,,0.1156,0.5867,xeus,FUT Esports,jett,True,100,50,2,1,0,1,False,vandal,rifle,,0.9544,0.5256,sociablEE,FUT Esports,fade,True,100,50,1,1,1,7,True,phantom,rifle,,0.8544,0.4844,yetujey,FUT Esports,astra,True,100,50,1,0,0,2,False,vandal,rifle,,0.2400,0.3967,KROSTALY,FUT Esports,kayo,True,100,50,1,2,0,1,False,vandal,rifle,,0.8122,0.3322,Chronicle,Team Vitality,chamber,True,100,25,0,8,1,7,True,classic,sidearm,,0.4656,0.5756,Derke,Team Vitality,neon,True,100,50,1,1,0,2,False,phantom,rifle,,0.7289,0.4556,Jamppi,Team Vitality,kayo,True,100,50,1,2,0,6,False,vandal,rifle,,0.8000,0.3067,Sayonara,Team Vitality,sova,True,100,50,0,2,0,7,True,vandal,rifle,,0.7756,0.5867,PROFEK,Team Vitality,astra,True,100,25,1,1,0,7,True,phantom,rifle,,0.5467,0.6033
829.262,1495,ACTIVE_ROUND,5,3,3,84.000,,,s0pp,FUT Esports,chamber,True,100,50,0,4,1,0,False,operator,sniper,,0.1156,0.5867,xeus,FUT Esports,jett,True,100,50,2,1,0,1,False,vandal,rifle,,0.9522,0.5256,sociablEE,FUT Esports,fade,True,100,50,1,1,1,7,True,phantom,rifle,,0.8544,0.4844,yetujey,FUT Esports,astra,True,100,50,1,0,0,2,False,vandal,rifle,,0.2622,0.3922,KROSTALY,FUT Esports,kayo,True,100,50,1,2,0,1,False,vandal,rifle,,0.8122,0.3322,Chronicle,Team Vitality,chamber,True,100,25,0,8,1,7,True,classic,sidearm,,0.7189,0.4867,Derke,Team Vitality,neon,True,100,50,1,1,0,2,False,phantom,rifle,,0.7267,0.4267,Jamppi,Team Vitality,kayo,True,100,50,1,2,0,6,False,vandal,rifle,,0.7022,0.4511,Sayonara,Team Vitality,sova,True,100,50,0,2,0,7,True,vandal,rifle,,0.7756,0.5867,PROFEK,Team Vitality,astra,True,100,25,1,1,0,7,True,phantom,rifle,,0.6844,0.5278
829.746,1496,ACTIVE_ROUND,5,3,3,84.000,,,s0pp,FUT Esports,chamber,True,100,50,0,4,1,0,False,operator,sniper,,0.1156,0.5867,xeus,FUT Esports,jett,True,100,50,2,1,0,1,False,vandal,rifle,,0.9500,0.5256,sociablEE,FUT Esports,fade,True,100,50,1,1,1,7,True,phantom,rifle,,0.8544,0.4844,yetujey,FUT Esports,astra,True,100,50,1,0,0,2,False,vandal,rifle,,0.2867,0.3856,KROSTALY,FUT Esports,kayo,True,100,50,1,2,0,1,False,vandal,rifle,,0.8122,0.3322,Chronicle,Team Vitality,chamber,True,100,25,0,8,1,7,True,classic,sidearm,,0.7011,0.4756,Derke,Team Vitality,neon,True,100,50,1,1,0,2,False,phantom,rifle,,0.7156,0.4200,Jamppi,Team Vitality,kayo,True,100,50,1,2,0,6,False,vandal,rifle,,0.7044,0.4444,Sayonara,Team Vitality,sova,True,100,50,0,2,0,7,True,vandal,rifle,,0.7756,0.5867,PROFEK,Team Vitality,astra,True,100,25,0,0,0,7,True,phantom,rifle,,0.6844,0.5278
830.229,1497,ACTIVE_ROUND,5,3,3,83.000,,,s0pp,FUT Esports,chamber,True,100,50,0,4,1,0,False,operator,sniper,,0.1156,0.5867,xeus,FUT Esports,jett,True,100,50,2,1,0,1,False,vandal,rifle,,0.9478,0.5233,sociablEE,FUT Esports,fade,True,100,50,1,1,1,7,True,phantom,rifle,,0.8544,0.4844,yetujey,FUT Esports,astra,True,100,50,1,0,0,2,False,vandal,rifle,,0.3067,0.3789,KROSTALY,FUT Esports,kayo,True,100,50,1,2,0,1,False,vandal,rifle,,0.8122,0.3322,Chronicle,Team Vitality,chamber,True,100,25,0,8,1,7,True,classic,sidearm,,0.7189,0.4911,Derke,Team Vitality,neon,True,100,50,1,1,0,2,False,phantom,rifle,,0.7156,0.4111,Jamppi,Team Vitality,kayo,True,100,50,1,2,0,6,False,vandal,rifle,,0.7044,0.4444,Sayonara,Team Vitality,sova,True,100,50,0,2,0,7,True,vandal,rifle,,0.7756,0.5867,PROFEK,Team Vitality,astra,True,100,25,0,0,0,7,True,phantom,rifle,,0.6844,0.5300
830.713,1498,ACTIVE_ROUND,5,3,3,83.000,,,s0pp,FUT Esports,chamber,True,100,50,0,4,1,0,False,operator,sniper,,0.1156,0.5867,xeus,FUT Esports,jett,True,100,50,2,1,0,1,False,vandal,rifle,,0.9456,0.5233,sociablEE,FUT Esports,fade,True,100,50,1,1,1,7,True,phantom,rifle,,0.8544,0.4844,yetujey,FUT Esports,astra,True,100,50,1,0,0,2,False,vandal,rifle,,0.3067,0.3789,KROSTALY,FUT Esports,kayo,True,100,50,1,2,0,1,False,vandal,rifle,,0.8100,0.3256,Chronicle,Team Vitality,chamber,True,100,25,0,8,1,7,True,classic,sidearm,,0.7144,0.4600,Derke,Team Vitality,neon,True,100,50,1,1,0,2,False,phantom,rifle,,0.7156,0.4111,Jamppi,Team Vitality,kayo,True,100,50,1,2,0,6,False,vandal,rifle,,0.7044,0.4444,Sayonara,Team Vitality,sova,True,100,50,0,2,0,7,True,vandal,rifle,,0.7756,0.5867,PROFEK,Team Vitality,astra,True,100,25,0,0,0,7,True,phantom,rifle,,0.6844,0.5300
831.197,1499,ACTIVE_ROUND,5,3,3,82.000,,,s0pp,FUT Esports,chamber,True,100,50,0,4,1,0,False,operator,sniper,,0.1156,0.5867,xeus,FUT Esports,jett,True,100,50,2,1,0,1,False,vandal,rifle,,0.8233,0.3789,sociablEE,FUT Esports,fade,True,100,50,1,1,1,7,True,phantom,rifle,,0.8544,0.4844,yetujey,FUT Esports,astra,True,100,50,1,0,0,2,False,vandal,rifle,,0.3533,0.3633,KROSTALY,FUT Esports,kayo,True,100,50,1,2,0,1,False,vandal,rifle,,0.8100,0.3322,Chronicle,Team Vitality,chamber,True,100,25,0,8,1,7,True,classic,sidearm,,0.7144,0.4578,Derke,Team Vitality,neon,True,100,50,1,1,0,2,False,phantom,rifle,,0.7133,0.3867,Jamppi,Team Vitality,kayo,True,100,50,1,2,0,6,False,vandal,rifle,,0.7044,0.4444,Sayonara,Team Vitality,sova,True,100,50,0,2,0,7,True,vandal,rifle,,0.7756,0.5867,PROFEK,Team Vitality,astra,True,100,25,0,0,0,7,True,phantom,rifle,,0.6844,0.5300
831.681,1500,ACTIVE_ROUND,5,3,3,82.000,,,s0pp,FUT Esports,chamber,True,100,50,0,4,1,0,False,operator,sniper,,0.1156,0.5867,xeus,FUT Esports,jett,True,100,50,2,1,0,1,False,vandal,rifle,,0.9300,0.5256,sociablEE,FUT Esports,fade,True,100,50,1,1,1,0,False,phantom,rifle,,0.8544,0.4844,yetujey,FUT Esports,astra,True,100,50,1,0,0,2,False,vandal,rifle,,0.3578,0.3611,KROSTALY,FUT Esports,kayo,True,100,50,1,2,0,1,False,vandal,rifle,,0.1011,0.6144,Chronicle,Team Vitality,chamber,True,100,25,0,8,1,7,True,classic,sidearm,,0.7144,0.4600,Derke,Team Vitality,neon,True,100,50,1,1,0,2,False,phantom,rifle,,0.7111,0.3689,Jamppi,Team Vitality,kayo,True,100,50,1,1,0,6,False,vandal,rifle,,0.7044,0.4444,Sayonara,Team Vitality,sova,True,100,50,0,2,0,7,True,vandal,rifle,,0.7756,0.5867,PROFEK,Team Vitality,astra,True,100,25,0,0,0,7,True,phantom,rifle,,0.6844,0.5300
832.165,1501,ACTIVE_ROUND,5,3,3,81.000,,,s0pp,FUT Esports,chamber,True,100,50,0,4,1,0,False,operator,sniper,,0.1156,0.5867,xeus,FUT Esports,jett,True,100,50,2,1,0,1,False,vandal,rifle,,0.8189,0.3456,sociablEE,FUT Esports,fade,True,100,50,1,1,1,0,False,phantom,rifle,,0.8544,0.4844,yetujey,FUT Esports,astra,True,100,50,1,0,0,2,False,vandal,rifle,,0.3578,0.3611,KROSTALY,FUT Esports,kayo,True,100,50,1,2,0,1,False,vandal,rifle,,0.8056,0.4500,Chronicle,Team Vitality,chamber,True,100,25,0,8,1,7,True,classic,sidearm,,0.5789,0.4467,Derke,Team Vitality,neon,True,100,50,1,1,0,2,False,phantom,rifle,,0.7111,0.3689,Jamppi,Team Vitality,kayo,True,100,50,1,1,0,6,False,vandal,rifle,,0.7044,0.4444,Sayonara,Team Vitality,sova,True,100,50,0,2,0,7,True,vandal,rifle,,0.7756,0.5867,PROFEK,Team Vitality,astra,True,100,25,0,0,0,7,True,phantom,rifle,,0.5711,0.5567
832.648,1502,ACTIVE_ROUND,5,3,3,81.000,,,s0pp,FUT Esports,chamber,True,100,50,0,4,1,0,False,operator,sniper,,0.1156,0.5867,xeus,FUT Esports,jett,True,100,50,2,1,0,1,False,vandal,rifle,,0.9233,0.5411,sociablEE,FUT Esports,fade,True,100,50,1,1,1,0,False,phantom,rifle,,0.8233,0.4644,yetujey,FUT Esports,astra,True,100,50,1,0,0,2,False,vandal,rifle,,0.3578,0.3611,KROSTALY,FUT Esports,kayo,True,100,50,1,2,0,1,False,vandal,rifle,,0.6611,0.3389,Chronicle,Team Vitality,chamber,True,100,25,0,8,1,7,True,classic,sidearm,,0.3211,0.7956,Derke,Team Vitality,neon,True,100,50,1,1,0,2,False,phantom,rifle,,0.7111,0.3689,Jamppi,Team Vitality,kayo,True,100,50,1,1,0,6,False,vandal,rifle,,0.7044,0.4444,Sayonara,Team Vitality,sova,True,100,50,0,2,0,7,True,vandal,rifle,,0.7756,0.5867,PROFEK,Team Vitality,astra,True,100,25,0,0,0,7,True,phantom,rifle,,0.5711,0.5567
833.132,1503,ACTIVE_ROUND,5,3,3,80.000,,,s0pp,FUT Esports,chamber,True,100,50,0,4,1,0,False,operator,sniper,,0.1156,0.5867,xeus,FUT Esports,jett,True,100,50,2,1,0,1,False,vandal,rifle,,0.2367,0.3944,sociablEE,FUT Esports,fade,True,100,50,1,1,1,0,False,phantom,rifle,,0.8233,0.4644,yetujey,FUT Esports,astra,True,100,50,1,0,0,2,False,vandal,rifle,,0.3578,0.3611,KROSTALY,FUT Esports,kayo,True,100,50,1,2,0,1,False,vandal,rifle,,0.8233,0.3011,Chronicle,Team Vitality,chamber,True,100,25,0,8,1,7,True,classic,sidearm,,0.5789,0.4467,Derke,Team Vitality,neon,True,100,50,1,1,0,2,False,phantom,rifle,,0.6978,0.3422,Jamppi,Team Vitality,kayo,True,100,50,1,1,0,6,False,vandal,rifle,,0.7044,0.4444,Sayonara,Team Vitality,sova,True,100,50,0,2,0,7,True,vandal,rifle,,0.7756,0.5867,PROFEK,Team Vitality,astra,True,100,25,0,0,0,7,True,phantom,rifle,,0.5711,0.5456
833.616,1504,ACTIVE_ROUND,5,3,3,80.000,,,s0pp,FUT Esports,chamber,True,100,50,0,4,1,0,False,operator,sniper,,0.1156,0.5867,xeus,FUT Esports,jett,True,100,50,2,1,0,1,False,vandal,rifle,,0.9167,0.5544,sociablEE,FUT Esports,fade,True,100,50,1,1,1,0,False,phantom,rifle,,0.8233,0.4644,yetujey,FUT Esports,astra,True,100,50,0,0,0,2,False,vandal,rifle,,0.3733,0.3567,KROSTALY,FUT Esports,kayo,True,100,50,0,2,0,1,False,vandal,rifle,,0.8167,0.2900,Chronicle,Team Vitality,chamber,True,100,25,0,8,1,7,True,classic,sidearm,,0.7144,0.4600,Derke,Team Vitality,neon,True,74,1,1,0,0,2,False,phantom,rifle,,0.6978,0.3400,Jamppi,Team Vitality,kayo,True,74,1,1,1,0,6,False,vandal,rifle,,0.6867,0.3778,Sayonara,Team Vitality,sova,True,100,50,0,2,0,7,True,vandal,rifle,,0.7711,0.6044,PROFEK,Team Vitality,astra,True,100,25,1,0,0,7,True,phantom,rifle,,0.5711,0.5456
834.100,1505,ACTIVE_ROUND,5,3,3,79.000,,,s0pp,FUT Esports,chamber,True,100,50,0,4,1,0,False,operator,sniper,,0.1156,0.5867,xeus,FUT Esports,jett,True,100,50,2,1,0,1,False,vandal,rifle,,0.9167,0.5567,sociablEE,FUT Esports,fade,True,100,50,1,1,1,0,False,phantom,rifle,,0.8478,0.4378,yetujey,FUT Esports,astra,True,100,50,0,0,0,2,False,vandal,rifle,,0.3822,0.3389,KROSTALY,FUT Esports,kayo,True,100,50,0,2,0,1,False,vandal,rifle,,0.8167,0.2900,Chronicle,Team Vitality,chamber,True,100,25,0,8,1,7,True,classic,sidearm,,0.7144,0.4600,Derke,Team Vitality,neon,True,74,1,1,0,0,2,False,phantom,rifle,,0.6956,0.3511,Jamppi,Team Vitality,kayo,True,74,1,1,1,0,6,False,vandal,rifle,,0.6889,0.4000,Sayonara,Team Vitality,sova,True,100,50,0,2,0,7,True,vandal,rifle,,0.7756,0.6178,PROFEK,Team Vitality,astra,True,100,25,1,0,0,7,True,phantom,rifle,,0.5711,0.5456
834.584,1506,ACTIVE_ROUND,5,3,3,79.000,,,s0pp,FUT Esports,chamber,True,100,50,0,4,1,0,False,operator,sniper,,0.1156,0.5867,xeus,FUT Esports,jett,True,100,50,2,1,0,1,False,vandal,rifle,,0.9167,0.5589,sociablEE,FUT Esports,fade,True,100,50,1,1,1,0,False,phantom,rifle,,0.8456,0.4400,yetujey,FUT Esports,astra,True,100,50,0,0,0,2,False,vandal,rifle,,0.3844,0.3167,KROSTALY,FUT Esports,kayo,True,100,50,0,2,0,1,False,vandal,rifle,,0.8278,0.2967,Chronicle,Team Vitality,chamber,True,100,25,0,8,1,7,True,classic,sidearm,,0.7144,0.4600,Derke,Team Vitality,neon,True,74,1,1,0,0,2,False,phantom,rifle,,0.6978,0.3756,Jamppi,Team Vitality,kayo,True,74,1,1,1,0,6,False,vandal,rifle,,0.6933,0.4133,Sayonara,Team Vitality,sova,True,87,24,0,2,0,7,True,vandal,rifle,,0.7756,0.6178,PROFEK,Team Vitality,astra,True,100,25,1,0,0,7,True,phantom,rifle,,0.5711,0.5456
835.068,1507,ACTIVE_ROUND,5,3,3,78.000,,,s0pp,FUT Esports,chamber,True,100,50,0,4,1,0,False,operator,sniper,,0.1156,0.5867,xeus,FUT Esports,jett,False,,50,2,1,0,1,False,vandal,rifle,,0.9433,0.5544,sociablEE,FUT Esports,fade,True,100,50,1,1,1,0,False,phantom,rifle,,0.8456,0.4400,yetujey,FUT Esports,astra,True,100,50,0,0,0,2,False,vandal,rifle,,0.3844,0.3167,KROSTALY,FUT Esports,kayo,True,100,50,0,2,0,1,False,vandal,rifle,,0.8456,0.3033,Chronicle,Team Vitality,chamber,True,100,25,0,8,1,7,True,classic,sidearm,,0.7144,0.4600,Derke,Team Vitality,neon,True,74,1,1,0,0,2,False,phantom,rifle,,0.7067,0.4044,Jamppi,Team Vitality,kayo,True,74,1,1,1,0,6,False,vandal,rifle,,0.6933,0.4133,Sayonara,Team Vitality,sova,True,87,24,0,2,0,7,True,vandal,rifle,,0.7756,0.6178,PROFEK,Team Vitality,astra,True,100,25,1,0,0,7,True,phantom,rifle,,0.5711,0.5456
835.551,1508,ACTIVE_ROUND,5,3,3,78.000,,,s0pp,FUT Esports,chamber,True,100,50,0,4,1,0,False,operator,sniper,,0.1267,0.6422,xeus,FUT Esports,jett,False,,50,2,1,0,1,False,vandal,rifle,,,,sociablEE,FUT Esports,fade,True,100,50,1,1,1,0,False,phantom,rifle,,0.8456,0.4400,yetujey,FUT Esports,astra,True,100,50,0,0,0,2,False,vandal,rifle,,0.4133,0.2833,KROSTALY,FUT Esports,kayo,True,100,50,0,2,0,1,False,vandal,rifle,,0.8633,0.3122,Chronicle,Team Vitality,chamber,True,100,25,0,8,1,7,True,classic,sidearm,,0.7144,0.4600,Derke,Team Vitality,neon,True,74,1,1,0,0,2,False,phantom,rifle,,0.7111,0.4244,Jamppi,Team Vitality,kayo,True,74,1,1,1,0,6,False,vandal,rifle,,0.6933,0.4133,Sayonara,Team Vitality,sova,True,70,24,0,2,0,7,True,vandal,rifle,,0.7778,0.6289,PROFEK,Team Vitality,astra,True,100,25,1,0,0,7,True,phantom,rifle,,0.5711,0.5456
836.035,1509,ACTIVE_ROUND,5,3,3,77.000,,,s0pp,FUT Esports,chamber,True,100,50,0,4,1,0,False,operator,sniper,,0.1444,0.6289,xeus,FUT Esports,jett,False,,50,2,1,0,1,False,vandal,rifle,,,,sociablEE,FUT Esports,fade,True,100,50,1,1,1,0,False,phantom,rifle,,0.8478,0.4333,yetujey,FUT Esports,astra,True,100,50,0,0,0,2,False,vandal,rifle,,0.4289,0.2767,KROSTALY,FUT Esports,kayo,True,100,50,0,2,0,1,False,vandal,rifle,,0.8656,0.3144,Chronicle,Team Vitality,chamber,True,100,25,0,8,1,7,True,classic,sidearm,,0.5789,0.4467,Derke,Team Vitality,neon,True,74,1,1,0,0,2,False,phantom,rifle,,0.7178,0.4400,Jamppi,Team Vitality,kayo,True,74,1,1,1,0,6,False,vandal,rifle,,0.6933,0.4133,Sayonara,Team Vitality,sova,True,70,24,0,2,0,7,True,vandal,rifle,,0.7756,0.6489,PROFEK,Team Vitality,astra,True,100,25,1,0,0,7,True,phantom,rifle,,0.5711,0.5456
836.519,1510,ACTIVE_ROUND,5,3,3,77.000,,,s0pp,FUT Esports,chamber,True,100,50,0,4,1,0,False,operator,sniper,,0.1622,0.6133,xeus,FUT Esports,jett,False,,50,2,1,0,1,False,vandal,rifle,,,,sociablEE,FUT Esports,fade,True,100,50,1,1,1,0,False,phantom,rifle,,0.8500,0.4289,yetujey,FUT Esports,astra,True,100,50,0,0,0,2,False,vandal,rifle,,0.4222,0.2811,KROSTALY,FUT Esports,kayo,True,100,50,0,2,0,1,False,vandal,rifle,,0.8767,0.3278,Chronicle,Team Vitality,chamber,True,100,25,0,8,1,7,True,classic,sidearm,,0.5789,0.4467,Derke,Team Vitality,neon,True,74,1,1,0,0,2,False,phantom,rifle,,0.7178,0.4556,Jamppi,Team Vitality,kayo,True,74,1,1,1,0,6,False,vandal,rifle,,0.6933,0.4133,Sayonara,Team Vitality,sova,True,70,24,0,2,0,7,True,vandal,rifle,,0.7622,0.6600,PROFEK,Team Vitality,astra,True,100,25,1,0,0,7,True,phantom,rifle,,0.5711,0.5456
837.003,1511,ACTIVE_ROUND,5,3,3,76.000,,,s0pp,FUT Esports,chamber,True,100,50,0,4,1,0,False,operator,sniper,,0.1622,0.6133,xeus,FUT Esports,jett,False,,50,2,1,0,1,False,vandal,rifle,,,,sociablEE,FUT Esports,fade,True,100,50,1,1,1,0,False,phantom,rifle,,0.8500,0.4289,yetujey,FUT Esports,astra,True,100,50,0,0,0,2,False,vandal,rifle,,0.4267,0.2789,KROSTALY,FUT Esports,kayo,True,100,50,0,2,0,1,False,vandal,rifle,,0.8811,0.3389,Chronicle,Team Vitality,chamber,True,100,25,0,8,1,7,True,classic,sidearm,,0.5789,0.4467,Derke,Team Vitality,neon,True,74,1,1,0,0,2,False,phantom,rifle,,0.7178,0.4711,Jamppi,Team Vitality,kayo,True,74,1,1,1,0,6,False,vandal,rifle,,0.6978,0.4489,Sayonara,Team Vitality,sova,True,70,24,0,2,0,7,True,vandal,rifle,,0.7511,0.6711,PROFEK,Team Vitality,astra,True,100,25,1,0,0,7,True,phantom,rifle,,0.5711,0.5567
837.487,1512,ACTIVE_ROUND,5,3,3,76.000,,,s0pp,FUT Esports,chamber,True,100,50,0,4,0,0,False,operator,sniper,,0.1622,0.6133,xeus,FUT Esports,jett,False,,50,2,1,0,1,False,vandal,rifle,,,,sociablEE,FUT Esports,fade,True,100,50,1,1,1,0,False,phantom,rifle,,0.8500,0.4289,yetujey,FUT Esports,astra,True,100,50,0,0,0,2,False,vandal,rifle,,0.4178,0.2811,KROSTALY,FUT Esports,kayo,True,100,50,0,2,0,1,False,vandal,rifle,,0.8811,0.3433,Chronicle,Team Vitality,chamber,True,100,25,0,8,1,7,True,classic,sidearm,,0.5633,0.5578,Derke,Team Vitality,neon,True,74,1,1,0,0,2,False,phantom,rifle,,0.7111,0.4778,Jamppi,Team Vitality,kayo,True,74,1,1,1,0,6,False,vandal,rifle,,0.6867,0.4467,Sayonara,Team Vitality,sova,True,70,24,0,2,0,7,True,vandal,rifle,,0.7533,0.6889,PROFEK,Team Vitality,astra,True,100,25,1,0,0,7,True,phantom,rifle,,0.5467,0.6011
837.970,1513,ACTIVE_ROUND,5,3,3,75.000,,,s0pp,FUT Esports,chamber,True,100,50,0,4,0,0,False,operator,sniper,,0.1622,0.6133,xeus,FUT Esports,jett,False,,50,2,1,0,1,False,vandal,rifle,,,,sociablEE,FUT Esports,fade,True,100,50,1,1,1,0,False,phantom,rifle,,0.8633,0.4289,yetujey,FUT Esports,astra,True,100,50,0,0,0,2,False,vandal,rifle,,0.4044,0.2856,KROSTALY,FUT Esports,kayo,True,100,50,0,2,0,1,False,vandal,rifle,,0.8833,0.3544,Chronicle,Team Vitality,chamber,True,100,25,0,8,1,7,True,classic,sidearm,,0.6944,0.7267,Derke,Team Vitality,neon,True,74,1,1,0,0,2,False,phantom,rifle,,0.7111,0.4778,Jamppi,Team Vitality,kayo,True,74,1,1,1,0,6,False,vandal,rifle,,0.6867,0.4467,Sayonara,Team Vitality,sova,True,70,24,0,2,0,7,True,vandal,rifle,,0.7511,0.7067,PROFEK,Team Vitality,astra,True,100,25,1,0,0,7,True,phantom,rifle,,0.5467,0.6011
838.454,1514,ACTIVE_ROUND,5,3,3,75.000,,,s0pp,FUT Esports,chamber,True,100,50,0,4,0,0,False,operator,sniper,,0.1622,0.6133,xeus,FUT Esports,jett,False,,50,2,1,0,1,False,vandal,rifle,,,,sociablEE,FUT Esports,fade,True,100,50,1,1,1,0,False,phantom,rifle,,0.8522,0.4267,yetujey,FUT Esports,astra,True,100,50,0,0,0,2,False,vandal,rifle,,0.4044,0.2856,KROSTALY,FUT Esports,kayo,True,100,50,0,2,0,1,False,vandal,rifle,,0.8811,0.3478,Chronicle,Team Vitality,chamber,True,100,25,0,8,1,7,True,classic,sidearm,,0.7189,0.4467,Derke,Team Vitality,neon,True,74,1,1,0,0,2,False,phantom,rifle,,0.7044,0.4733,Jamppi,Team Vitality,kayo,True,74,1,1,1,0,6,False,vandal,rifle,,0.6867,0.4467,Sayonara,Team Vitality,sova,True,70,24,0,2,0,7,True,vandal,rifle,,0.7467,0.7244,PROFEK,Team Vitality,astra,True,100,25,1,0,0,7,True,phantom,rifle,,0.5444,0.5989
838.938,1515,ACTIVE_ROUND,5,3,3,74.000,,,s0pp,FUT Esports,chamber,True,100,50,0,4,0,0,False,operator,sniper,,0.2111,0.4556,xeus,FUT Esports,jett,False,,50,2,1,0,1,False,vandal,rifle,,,,sociablEE,FUT Esports,fade,True,100,50,1,1,1,0,False,phantom,rifle,,0.8522,0.4267,yetujey,FUT Esports,astra,True,100,50,0,0,0,2,False,vandal,rifle,,0.4044,0.2856,KROSTALY,FUT Esports,kayo,True,100,50,0,2,0,1,False,vandal,rifle,,0.8789,0.3367,Chronicle,Team Vitality,chamber,True,100,25,0,8,1,7,True,classic,sidearm,,0.5789,0.4467,Derke,Team Vitality,neon,True,74,1,1,0,0,2,False,phantom,rifle,,0.7000,0.4600,Jamppi,Team Vitality,kayo,True,74,1,1,1,0,6,False,vandal,rifle,,0.6867,0.4467,Sayonara,Team Vitality,sova,True,70,24,0,2,0,7,True,vandal,rifle,,0.7467,0.7378,PROFEK,Team Vitality,astra,True,100,25,1,0,0,7,True,phantom,rifle,,0.5467,0.6011
839.422,1516,ACTIVE_ROUND,5,3,3,74.000,,,s0pp,FUT Esports,chamber,True,100,50,0,4,0,0,False,operator,sniper,,0.2222,0.4422,xeus,FUT Esports,jett,False,,50,2,1,0,1,False,vandal,rifle,,,,sociablEE,FUT Esports,fade,True,100,50,1,1,1,0,False,phantom,rifle,,0.8500,0.4267,yetujey,FUT Esports,astra,True,100,50,0,0,0,2,False,vandal,rifle,,0.3822,0.3211,KROSTALY,FUT Esports,kayo,True,100,50,0,2,0,1,False,vandal,rifle,,0.8722,0.3278,Chronicle,Team Vitality,chamber,True,100,25,0,8,1,7,True,classic,sidearm,,0.0856,0.6489,Derke,Team Vitality,neon,True,75,1,1,0,0,2,False,phantom,rifle,,0.7000,0.4600,Jamppi,Team Vitality,kayo,True,75,1,1,1,0,6,False,vandal,rifle,,0.6867,0.4467,Sayonara,Team Vitality,sova,True,70,24,0,2,0,7,True,vandal,rifle,,0.7422,0.7467,PROFEK,Team Vitality,astra,True,100,25,1,0,0,7,True,phantom,rifle,,0.5467,0.6011
839.906,1517,ACTIVE_ROUND,5,3,3,73.000,,,s0pp,FUT Esports,chamber,True,100,50,0,4,0,0,False,operator,sniper,,0.2378,0.4378,xeus,FUT Esports,jett,False,,50,2,1,0,1,False,vandal,rifle,,,,sociablEE,FUT Esports,fade,True,100,50,1,1,1,0,False,phantom,rifle,,0.8456,0.4378,yetujey,FUT Esports,astra,True,100,50,0,0,0,2,False,vandal,rifle,,0.3756,0.3344,KROSTALY,FUT Esports,kayo,True,100,50,0,2,0,1,False,vandal,rifle,,0.8700,0.3233,Chronicle,Team Vitality,chamber,True,100,25,0,8,1,7,True,classic,sidearm,,0.6678,0.7511,Derke,Team Vitality,neon,True,75,1,1,0,0,2,False,phantom,rifle,,0.7000,0.4600,Jamppi,Team Vitality,kayo,True,75,1,1,1,0,6,False,vandal,rifle,,0.6867,0.4467,Sayonara,Team Vitality,sova,True,70,24,0,2,0,7,True,vandal,rifle,,0.7333,0.7533,PROFEK,Team Vitality,astra,True,100,25,1,0,0,7,True,phantom,rifle,,0.5467,0.6011
840.390,1518,ACTIVE_ROUND,5,3,3,73.000,,,s0pp,FUT Esports,chamber,True,100,50,0,4,0,0,False,operator,sniper,,0.2467,0.4400,xeus,FUT Esports,jett,False,,50,2,1,0,1,False,vandal,rifle,,,,sociablEE,FUT Esports,fade,True,100,50,1,1,1,0,False,phantom,rifle,,0.8478,0.4444,yetujey,FUT Esports,astra,True,100,50,0,0,0,2,False,vandal,rifle,,0.3711,0.3478,KROSTALY,FUT Esports,kayo,True,100,50,0,2,0,1,False,vandal,rifle,,0.8744,0.3300,Chronicle,Team Vitality,chamber,True,100,25,0,8,1,7,True,classic,sidearm,,0.1033,0.5956,Derke,Team Vitality,neon,True,100,50,1,0,0,2,False,phantom,rifle,,0.7000,0.4600,Jamppi,Team Vitality,kayo,True,100,50,1,1,0,6,False,vandal,rifle,,0.6867,0.4467,Sayonara,Team Vitality,sova,True,70,24,0,2,0,7,True,vandal,rifle,,0.7333,0.7533,PROFEK,Team Vitality,astra,True,100,25,1,0,0,7,True,phantom,rifle,,0.5467,0.6011
840.873,1519,ACTIVE_ROUND,5,3,3,72.000,,,s0pp,FUT Esports,chamber,True,100,50,0,4,0,0,False,operator,sniper,,0.2556,0.4467,xeus,FUT Esports,jett,False,,50,2,1,0,1,False,vandal,rifle,,,,sociablEE,FUT Esports,fade,True,100,50,1,1,1,0,False,phantom,rifle,,0.8478,0.4467,yetujey,FUT Esports,astra,True,100,50,0,0,0,2,False,vandal,rifle,,0.3644,0.3589,KROSTALY,FUT Esports,kayo,True,100,50,0,2,0,1,False,vandal,rifle,,0.8789,0.3411,Chronicle,Team Vitality,chamber,True,100,25,0,8,1,7,True,classic,sidearm,,0.4233,0.6533,Derke,Team Vitality,neon,True,100,50,1,0,0,2,False,phantom,rifle,,0.7000,0.4600,Jamppi,Team Vitality,kayo,True,100,50,1,1,0,6,False,vandal,rifle,,0.6867,0.4467,Sayonara,Team Vitality,sova,True,70,24,0,2,0,7,True,vandal,rifle,,0.7333,0.7533,PROFEK,Team Vitality,astra,True,100,25,1,0,0,7,True,phantom,rifle,,0.5467,0.6011
841.357,1520,ACTIVE_ROUND,5,3,3,72.000,,,s0pp,FUT Esports,chamber,True,100,50,0,4,0,0,False,operator,sniper,,0.2644,0.4511,xeus,FUT Esports,jett,False,,50,2,1,0,1,False,vandal,rifle,,,,sociablEE,FUT Esports,fade,True,100,50,0,1,1,0,False,phantom,rifle,,0.8478,0.4489,yetujey,FUT Esports,astra,True,100,50,0,0,0,2,False,vandal,rifle,,0.3533,0.3656,KROSTALY,FUT Esports,kayo,True,100,50,0,2,0,1,False,vandal,rifle,,0.8811,0.3522,Chronicle,Team Vitality,chamber,True,100,25,0,8,1,7,True,classic,sidearm,,0.6678,0.7733,Derke,Team Vitality,neon,True,100,50,1,0,0,2,False,phantom,rifle,,0.7000,0.4600,Jamppi,Team Vitality,kayo,True,100,50,1,1,0,6,False,vandal,rifle,,0.6867,0.4467,Sayonara,Team Vitality,sova,True,70,24,0,2,0,7,True,vandal,rifle,,0.7333,0.7533,PROFEK,Team Vitality,astra,True,100,25,0,0,0,7,True,phantom,rifle,,0.5467,0.6011
841.841,1521,ACTIVE_ROUND,5,3,3,71.000,,,s0pp,FUT Esports,chamber,True,100,50,0,4,0,0,False,operator,sniper,,0.2689,0.4489,xeus,FUT Esports,jett,False,,50,2,1,0,1,False,vandal,rifle,,,,sociablEE,FUT Esports,fade,True,100,50,0,1,1,0,False,phantom,rifle,,0.8478,0.4467,yetujey,FUT Esports,astra,True,100,50,0,0,0,2,False,vandal,rifle,,0.3422,0.3656,KROSTALY,FUT Esports,kayo,True,100,50,0,2,0,1,False,vandal,rifle,,0.8811,0.3544,Chronicle,Team Vitality,chamber,True,100,25,0,8,1,7,True,classic,sidearm,,0.6678,0.7600,Derke,Team Vitality,neon,True,100,50,1,0,0,2,False,phantom,rifle,,0.7000,0.4600,Jamppi,Team Vitality,kayo,True,100,50,1,1,0,6,False,vandal,rifle,,0.6867,0.4467,Sayonara,Team Vitality,sova,True,70,24,0,2,0,7,True,vandal,rifle,,0.7333,0.7533,PROFEK,Team Vitality,astra,True,100,25,0,0,0,7,True,phantom,rifle,,0.5467,0.6011
842.325,1522,ACTIVE_ROUND,5,3,3,71.000,,,s0pp,FUT Esports,chamber,True,100,50,0,4,0,0,False,operator,sniper,,0.2689,0.4511,xeus,FUT Esports,jett,False,,50,2,1,0,1,False,vandal,rifle,,,,sociablEE,FUT Esports,fade,True,100,50,0,1,1,0,False,phantom,rifle,,0.8478,0.4467,yetujey,FUT Esports,astra,True,100,50,0,0,0,2,False,vandal,rifle,,0.3311,0.3633,KROSTALY,FUT Esports,kayo,True,100,50,0,2,0,1,False,vandal,rifle,,0.8811,0.3544,Chronicle,Team Vitality,chamber,True,100,25,0,8,1,7,True,classic,sidearm,,0.3989,0.6333,Derke,Team Vitality,neon,True,100,50,1,0,0,2,False,phantom,rifle,,0.7000,0.4600,Jamppi,Team Vitality,kayo,True,100,50,1,1,0,6,False,vandal,rifle,,0.6867,0.4467,Sayonara,Team Vitality,sova,True,70,24,0,2,0,7,True,vandal,rifle,,0.7333,0.7533,PROFEK,Team Vitality,astra,True,100,25,0,0,0,7,True,phantom,rifle,,0.5467,0.6011
842.809,1523,ACTIVE_ROUND,5,3,3,71.000,,,s0pp,FUT Esports,chamber,True,100,50,0,4,0,0,False,operator,sniper,,0.2711,0.4556,xeus,FUT Esports,jett,False,,50,2,1,0,1,False,vandal,rifle,,,,sociablEE,FUT Esports,fade,True,100,50,0,1,1,0,False,phantom,rifle,,0.8478,0.4467,yetujey,FUT Esports,astra,True,100,50,0,0,0,2,False,vandal,rifle,,0.3200,0.3611,KROSTALY,FUT Esports,kayo,True,100,50,0,2,0,1,False,vandal,rifle,,0.8789,0.3433,Chronicle,Team Vitality,chamber,True,100,25,0,8,1,7,True,classic,sidearm,,0.6678,0.7600,Derke,Team Vitality,neon,True,100,50,1,0,0,2,False,phantom,rifle,,0.7000,0.4600,Jamppi,Team Vitality,kayo,True,100,50,1,1,0,6,False,vandal,rifle,,0.6867,0.4467,Sayonara,Team Vitality,sova,True,70,24,0,2,0,7,True,vandal,rifle,,0.7333,0.7533,PROFEK,Team Vitality,astra,True,100,25,0,0,0,7,True,phantom,rifle,,0.5467,0.6011
843.292,1524,ACTIVE_ROUND,5,3,3,70.000,,,s0pp,FUT Esports,chamber,True,100,50,0,4,0,0,False,operator,sniper,,0.2711,0.4556,xeus,FUT Esports,jett,False,,50,2,1,0,1,False,vandal,rifle,,,,sociablEE,FUT Esports,fade,True,100,50,0,1,1,0,False,phantom,rifle,,0.8456,0.4644,yetujey,FUT Esports,astra,True,100,50,0,0,0,2,False,vandal,rifle,,0.3089,0.3611,KROSTALY,FUT Esports,kayo,True,100,50,0,2,0,1,False,vandal,rifle,,0.8767,0.3367,Chronicle,Team Vitality,chamber,True,100,25,0,8,1,7,True,classic,sidearm,,0.5922,0.1111,Derke,Team Vitality,neon,True,100,50,1,0,0,2,False,phantom,rifle,,0.7000,0.4600,Jamppi,Team Vitality,kayo,True,100,50,1,1,0,6,False,vandal,rifle,,0.6867,0.4467,Sayonara,Team Vitality,sova,True,70,24,0,2,0,7,True,vandal,rifle,,0.7333,0.7533,PROFEK,Team Vitality,astra,True,100,25,2,1,0,7,True,phantom,rifle,,0.5467,0.6011
843.776,1525,ACTIVE_ROUND,5,3,3,70.000,,,s0pp,FUT Esports,chamber,True,100,50,0,4,0,0,False,operator,sniper,,0.2711,0.4556,xeus,FUT Esports,jett,False,,50,2,1,0,1,False,vandal,rifle,,,,sociablEE,FUT Esports,fade,True,100,50,0,1,1,0,False,phantom,rifle,,0.8433,0.4711,yetujey,FUT Esports,astra,True,100,50,0,0,0,2,False,vandal,rifle,,0.8778,0.3389,KROSTALY,FUT Esports,kayo,True,100,50,0,2,0,1,False,vandal,rifle,,0.3033,0.3567,Chronicle,Team Vitality,chamber,True,100,25,0,8,1,7,True,classic,sidearm,,0.7456,0.6800,Derke,Team Vitality,neon,True,100,50,1,0,0,2,False,phantom,rifle,,0.7000,0.4600,Jamppi,Team Vitality,kayo,True,100,50,1,1,0,6,False,vandal,rifle,,0.6867,0.4467,Sayonara,Team Vitality,sova,True,70,24,0,2,0,7,True,vandal,rifle,,0.7333,0.7533,PROFEK,Team Vitality,astra,True,100,25,2,1,0,7,True,phantom,rifle,,0.5467,0.6011
844.260,1526,ACTIVE_ROUND,5,3,3,69.000,,,s0pp,FUT Esports,chamber,True,100,50,0,4,0,0,False,operator,sniper,,0.2711,0.4556,xeus,FUT Esports,jett,False,,50,2,1,0,1,False,vandal,rifle,,,,sociablEE,FUT Esports,fade,True,100,50,0,1,1,0,False,phantom,rifle,,0.8456,0.4689,yetujey,FUT Esports,astra,True,100,50,0,0,0,2,False,vandal,rifle,,0.8778,0.3389,KROSTALY,FUT Esports,kayo,True,100,50,0,2,0,1,False,vandal,rifle,,0.8789,0.3456,Chronicle,Team Vitality,chamber,True,100,25,0,8,1,7,True,classic,sidearm,,0.6233,0.8222,Derke,Team Vitality,neon,True,100,50,1,0,0,2,False,phantom,rifle,,0.7000,0.4600,Jamppi,Team Vitality,kayo,True,100,50,1,1,0,6,False,vandal,rifle,,0.6867,0.4467,Sayonara,Team Vitality,sova,True,70,24,0,2,0,7,True,vandal,rifle,,0.7333,0.7533,PROFEK,Team Vitality,astra,True,100,25,2,1,0,7,True,phantom,rifle,,0.5467,0.6011
844.744,1527,ACTIVE_ROUND,5,3,3,69.000,,,s0pp,FUT Esports,chamber,True,100,50,0,4,0,0,False,operator,sniper,,0.2711,0.4533,xeus,FUT Esports,jett,False,,50,2,1,0,1,False,vandal,rifle,,,,sociablEE,FUT Esports,fade,True,100,50,0,1,1,0,False,phantom,rifle,,0.8456,0.4756,yetujey,FUT Esports,astra,True,100,50,0,0,0,2,False,vandal,rifle,,0.8778,0.3389,KROSTALY,FUT Esports,kayo,True,100,50,0,2,0,1,False,vandal,rifle,,0.8811,0.3544,Chronicle,Team Vitality,chamber,True,100,25,0,8,1,7,True,classic,sidearm,,0.5789,0.4489,Derke,Team Vitality,neon,True,100,50,1,0,0,2,False,phantom,rifle,,0.6067,0.4111,Jamppi,Team Vitality,kayo,True,100,50,1,1,0,6,False,vandal,rifle,,0.6867,0.4467,Sayonara,Team Vitality,sova,True,70,24,0,2,0,7,True,vandal,rifle,,0.7333,0.7533,PROFEK,Team Vitality,astra,True,100,25,2,1,0,7,True,phantom,rifle,,0.5467,0.6011
845.228,1528,ACTIVE_ROUND,5,3,3,68.000,,,s0pp,FUT Esports,chamber,True,100,50,0,4,0,0,False,operator,sniper,,0.2689,0.4533,xeus,FUT Esports,jett,False,,50,2,1,0,1,False,vandal,rifle,,,,sociablEE,FUT Esports,fade,True,100,50,0,1,1,0,False,phantom,rifle,,0.8456,0.4778,yetujey,FUT Esports,astra,True,100,50,0,0,0,2,False,vandal,rifle,,0.2822,0.3256,KROSTALY,FUT Esports,kayo,True,100,50,0,2,0,1,False,vandal,rifle,,0.8811,0.3522,Chronicle,Team Vitality,chamber,True,100,25,0,8,1,7,True,classic,sidearm,,0.6944,0.7600,Derke,Team Vitality,neon,True,100,50,1,0,0,2,False,phantom,rifle,,0.6067,0.4111,Jamppi,Team Vitality,kayo,True,100,50,1,1,0,6,False,vandal,rifle,,0.6867,0.4467,Sayonara,Team Vitality,sova,True,70,24,0,2,0,7,True,vandal,rifle,,0.7333,0.7533,PROFEK,Team Vitality,astra,True,100,25,1,1,0,7,True,phantom,rifle,,0.5467,0.6011
845.712,1529,ACTIVE_ROUND,5,3,3,68.000,,,s0pp,FUT Esports,chamber,True,100,50,0,4,0,0,False,operator,sniper,,0.2689,0.4533,xeus,FUT Esports,jett,False,,50,2,1,0,1,False,vandal,rifle,,,,sociablEE,FUT Esports,fade,True,100,50,0,1,1,0,False,phantom,rifle,,0.8411,0.4844,yetujey,FUT Esports,astra,True,100,50,0,0,0,2,False,vandal,rifle,,0.2689,0.3211,KROSTALY,FUT Esports,kayo,True,100,50,0,2,0,1,False,vandal,rifle,,0.8811,0.3456,Chronicle,Team Vitality,chamber,True,100,25,0,8,1,7,True,classic,sidearm,,0.6989,0.7689,Derke,Team Vitality,neon,True,100,50,1,0,0,2,False,phantom,rifle,,0.6067,0.4111,Jamppi,Team Vitality,kayo,True,100,50,1,1,0,6,False,vandal,rifle,,0.6867,0.4467,Sayonara,Team Vitality,sova,True,70,24,0,2,0,7,True,vandal,rifle,,0.7333,0.7533,PROFEK,Team Vitality,astra,True,100,25,1,1,0,7,True,phantom,rifle,,0.5467,0.6011
846.195,1530,ACTIVE_ROUND,5,3,3,67.000,,,s0pp,FUT Esports,chamber,True,100,50,0,4,0,0,False,operator,sniper,,0.2689,0.4511,xeus,FUT Esports,jett,False,,50,2,1,0,1,False,vandal,rifle,,,,sociablEE,FUT Esports,fade,True,100,50,0,1,1,0,False,phantom,rifle,,0.8389,0.4956,yetujey,FUT Esports,astra,True,100,50,0,0,0,2,False,vandal,rifle,,0.2556,0.3211,KROSTALY,FUT Esports,kayo,True,100,50,0,2,0,1,False,vandal,rifle,,0.8789,0.3411,Chronicle,Team Vitality,chamber,True,100,25,0,8,1,7,True,classic,sidearm,,0.4522,0.9267,Derke,Team Vitality,neon,True,100,50,1,0,0,2,False,phantom,rifle,,0.6067,0.4111,Jamppi,Team Vitality,kayo,True,100,50,1,1,0,6,False,vandal,rifle,,0.6867,0.4467,Sayonara,Team Vitality,sova,True,70,24,0,2,0,7,True,vandal,rifle,,0.7333,0.7533,PROFEK,Team Vitality,astra,True,100,25,1,1,0,7,True,phantom,rifle,,0.5467,0.6011
846.679,1531,ACTIVE_ROUND,5,3,3,67.000,,,s0pp,FUT Esports,chamber,True,100,50,0,4,0,0,False,operator,sniper,,0.2689,0.4511,xeus,FUT Esports,jett,False,,50,2,1,0,1,False,vandal,rifle,,,,sociablEE,FUT Esports,fade,True,100,50,0,1,1,0,False,phantom,rifle,,0.8433,0.5067,yetujey,FUT Esports,astra,True,100,50,0,0,0,2,False,vandal,rifle,,0.2422,0.3211,KROSTALY,FUT Esports,kayo,True,100,50,0,2,0,1,False,vandal,rifle,,0.8767,0.3367,Chronicle,Team Vitality,chamber,True,100,25,0,8,1,7,True,classic,sidearm,,0.5789,0.4422,Derke,Team Vitality,neon,True,100,50,1,0,0,2,False,phantom,rifle,,0.6067,0.4111,Jamppi,Team Vitality,kayo,True,100,50,1,1,0,6,False,vandal,rifle,,0.6867,0.4467,Sayonara,Team Vitality,sova,True,70,24,0,2,0,7,True,vandal,rifle,,0.7333,0.7533,PROFEK,Team Vitality,astra,True,100,25,1,1,0,7,True,phantom,rifle,,0.5467,0.6011
847.163,1532,ACTIVE_ROUND,5,3,3,66.000,,,s0pp,FUT Esports,chamber,True,100,50,0,4,0,0,False,operator,sniper,,0.2689,0.4511,xeus,FUT Esports,jett,False,,50,2,1,0,1,False,vandal,rifle,,,,sociablEE,FUT Esports,fade,True,100,50,0,1,1,0,False,phantom,rifle,,0.8522,0.5089,yetujey,FUT Esports,astra,True,100,50,1,0,0,2,False,vandal,rifle,,0.2289,0.3189,KROSTALY,FUT Esports,kayo,True,100,50,0,2,0,1,False,vandal,rifle,,0.8789,0.3411,Chronicle,Team Vitality,chamber,True,100,25,0,8,1,7,True,classic,sidearm,,0.4522,0.9267,Derke,Team Vitality,neon,True,100,50,1,0,0,2,False,phantom,rifle,,0.6067,0.4111,Jamppi,Team Vitality,kayo,True,100,50,1,1,0,6,False,vandal,rifle,,0.6867,0.4467,Sayonara,Team Vitality,sova,True,70,24,0,2,0,7,True,vandal,rifle,,0.7333,0.7533,PROFEK,Team Vitality,astra,True,100,25,1,1,0,7,True,phantom,rifle,,0.5467,0.6011
847.647,1533,ACTIVE_ROUND,5,3,3,66.000,,,s0pp,FUT Esports,chamber,True,100,50,0,4,0,0,False,operator,sniper,,0.2689,0.4511,xeus,FUT Esports,jett,False,,50,2,1,0,1,False,vandal,rifle,,,,sociablEE,FUT Esports,fade,True,100,50,0,1,1,0,False,phantom,rifle,,0.8611,0.5022,yetujey,FUT Esports,astra,True,100,50,1,0,0,2,False,vandal,rifle,,0.2156,0.3189,KROSTALY,FUT Esports,kayo,True,100,50,0,2,0,1,False,vandal,rifle,,0.8789,0.3433,Chronicle,Team Vitality,chamber,True,100,25,0,8,1,7,True,classic,sidearm,,0.4522,0.9267,Derke,Team Vitality,neon,True,100,50,1,0,0,2,False,phantom,rifle,,0.6067,0.4111,Jamppi,Team Vitality,kayo,True,100,50,1,1,0,6,False,vandal,rifle,,0.6867,0.4467,Sayonara,Team Vitality,sova,True,70,24,0,2,0,7,True,vandal,rifle,,0.7333,0.7533,PROFEK,Team Vitality,astra,True,100,25,1,1,0,7,True,phantom,rifle,,0.5467,0.6011
848.131,1534,ACTIVE_ROUND,5,3,3,65.000,,,s0pp,FUT Esports,chamber,True,100,50,0,4,0,0,False,operator,sniper,,0.2689,0.4511,xeus,FUT Esports,jett,False,,50,2,1,0,1,False,vandal,rifle,,,,sociablEE,FUT Esports,fade,True,100,50,0,1,1,0,False,phantom,rifle,,0.8700,0.4978,yetujey,FUT Esports,astra,True,100,50,1,0,0,2,False,vandal,rifle,,0.2156,0.3189,KROSTALY,FUT Esports,kayo,True,100,50,0,2,0,1,False,vandal,rifle,,0.8811,0.3522,Chronicle,Team Vitality,chamber,True,100,25,0,8,1,7,True,classic,sidearm,,0.5522,0.2689,Derke,Team Vitality,neon,True,100,50,1,0,0,2,False,phantom,rifle,,0.6067,0.4111,Jamppi,Team Vitality,kayo,True,100,50,1,1,0,6,False,vandal,rifle,,0.6867,0.4467,Sayonara,Team Vitality,sova,True,70,24,0,2,0,7,True,vandal,rifle,,0.7333,0.7533,PROFEK,Team Vitality,astra,True,100,25,1,1,0,7,True,phantom,rifle,,0.5467,0.6011
848.614,1535,ACTIVE_ROUND,5,3,3,65.000,,,s0pp,FUT Esports,chamber,True,100,50,0,4,0,0,False,operator,sniper,,0.2689,0.4511,xeus,FUT Esports,jett,False,,50,2,1,0,1,False,vandal,rifle,,,,sociablEE,FUT Esports,fade,True,100,50,0,1,1,0,False,phantom,rifle,,0.8767,0.4933,yetujey,FUT Esports,astra,True,100,50,1,0,0,2,False,vandal,rifle,,0.2156,0.3189,KROSTALY,FUT Esports,kayo,True,100,50,0,2,0,1,False,vandal,rifle,,0.8744,0.3456,Chronicle,Team Vitality,chamber,True,100,25,0,8,1,7,True,classic,sidearm,,0.8189,0.5089,Derke,Team Vitality,neon,True,100,50,1,0,0,2,False,phantom,rifle,,0.6067,0.4111,Jamppi,Team Vitality,kayo,True,100,50,1,1,0,6,False,vandal,rifle,,0.6867,0.4467,Sayonara,Team Vitality,sova,True,70,24,0,2,0,7,True,vandal,rifle,,0.7333,0.7533,PROFEK,Team Vitality,astra,True,100,25,1,1,0,7,True,phantom,rifle,,0.5467,0.6011
849.098,1536,ACTIVE_ROUND,5,3,3,64.000,,,s0pp,FUT Esports,chamber,True,100,50,0,4,0,0,False,operator,sniper,,0.2689,0.4511,xeus,FUT Esports,jett,False,,50,2,1,0,1,False,vandal,rifle,,,,sociablEE,FUT Esports,fade,True,100,50,0,1,1,0,False,phantom,rifle,,0.8833,0.4844,yetujey,FUT Esports,astra,True,100,50,1,0,0,2,False,vandal,rifle,,0.2156,0.3189,KROSTALY,FUT Esports,kayo,True,100,50,0,2,0,1,False,vandal,rifle,,0.8722,0.3389,Chronicle,Team Vitality,chamber,True,100,25,0,8,1,7,True,classic,sidearm,,0.5522,0.2689,Derke,Team Vitality,neon,True,100,50,1,0,0,2,False,phantom,rifle,,0.6067,0.4111,Jamppi,Team Vitality,kayo,True,100,50,1,1,0,6,False,vandal,rifle,,0.6867,0.4467,Sayonara,Team Vitality,sova,True,70,24,0,2,0,7,True,vandal,rifle,,0.7333,0.7533,PROFEK,Team Vitality,astra,True,100,25,1,1,0,7,True,phantom,rifle,,0.5467,0.6011
849.582,1537,ACTIVE_ROUND,5,3,3,64.000,,,s0pp,FUT Esports,chamber,True,100,50,0,4,0,0,False,operator,sniper,,0.2689,0.4511,xeus,FUT Esports,jett,False,,50,2,1,0,1,False,vandal,rifle,,,,sociablEE,FUT Esports,fade,True,100,50,0,1,1,0,False,phantom,rifle,,0.8922,0.4800,yetujey,FUT Esports,astra,True,100,50,1,0,0,2,False,vandal,rifle,,0.2022,0.3233,KROSTALY,FUT Esports,kayo,True,100,50,0,2,0,1,False,vandal,rifle,,0.8722,0.3389,Chronicle,Team Vitality,chamber,True,100,25,0,8,1,7,True,classic,sidearm,,0.5522,0.2689,Derke,Team Vitality,neon,True,100,50,1,0,0,2,False,phantom,rifle,,0.6067,0.4111,Jamppi,Team Vitality,kayo,True,100,50,1,1,0,6,False,vandal,rifle,,0.6867,0.4467,Sayonara,Team Vitality,sova,True,70,24,0,2,0,7,True,vandal,rifle,,0.7333,0.7533,PROFEK,Team Vitality,astra,True,100,25,1,1,0,7,True,phantom,rifle,,0.5467,0.6011
850.066,1538,ACTIVE_ROUND,5,3,3,63.000,,,s0pp,FUT Esports,chamber,True,100,50,0,4,0,0,False,operator,sniper,,0.2689,0.4511,xeus,FUT Esports,jett,False,,50,2,1,0,1,False,vandal,rifle,,,,sociablEE,FUT Esports,fade,True,100,50,0,1,1,0,False,phantom,rifle,,0.8967,0.4756,yetujey,FUT Esports,astra,True,100,50,1,0,0,2,False,vandal,rifle,,0.1956,0.3233,KROSTALY,FUT Esports,kayo,True,100,50,0,2,0,1,False,vandal,rifle,,0.8700,0.3367,Chronicle,Team Vitality,chamber,True,100,25,0,8,1,7,True,classic,sidearm,,0.3922,0.7022,Derke,Team Vitality,neon,True,100,50,1,0,0,2,False,phantom,rifle,,0.6067,0.4111,Jamppi,Team Vitality,kayo,True,100,50,1,1,0,6,False,vandal,rifle,,0.6867,0.4467,Sayonara,Team Vitality,sova,True,70,24,0,2,0,7,True,vandal,rifle,,0.7333,0.7533,PROFEK,Team Vitality,astra,True,100,25,1,1,0,7,True,phantom,rifle,,0.5467,0.6011
850.550,1539,ACTIVE_ROUND,5,3,3,63.000,,,s0pp,FUT Esports,chamber,True,100,50,0,4,0,0,False,operator,sniper,,0.2689,0.4511,xeus,FUT Esports,jett,False,,50,2,1,0,1,False,vandal,rifle,,,,sociablEE,FUT Esports,fade,True,100,50,0,1,1,0,False,phantom,rifle,,0.9056,0.4733,yetujey,FUT Esports,astra,True,100,50,1,0,0,2,False,vandal,rifle,,0.1956,0.3233,KROSTALY,FUT Esports,kayo,True,100,50,0,2,0,1,False,vandal,rifle,,0.8700,0.3367,Chronicle,Team Vitality,chamber,True,100,25,0,8,1,7,True,classic,sidearm,,0.3922,0.7022,Derke,Team Vitality,neon,True,100,50,1,0,0,2,False,phantom,rifle,,0.6067,0.4111,Jamppi,Team Vitality,kayo,True,100,50,1,1,0,6,False,vandal,rifle,,0.6867,0.4467,Sayonara,Team Vitality,sova,True,70,24,0,2,0,7,True,vandal,rifle,,0.7333,0.7533,PROFEK,Team Vitality,astra,True,100,25,1,1,0,7,True,phantom,rifle,,0.5467,0.6011
851.034,1540,ACTIVE_ROUND,5,3,3,62.000,,,s0pp,FUT Esports,chamber,True,100,50,0,4,0,0,False,operator,sniper,,0.2733,0.4444,xeus,FUT Esports,jett,False,,50,2,1,0,1,False,vandal,rifle,,,,sociablEE,FUT Esports,fade,True,100,50,0,1,1,0,False,phantom,rifle,,0.9167,0.4711,yetujey,FUT Esports,astra,True,100,50,1,0,0,2,False,vandal,rifle,,0.1956,0.3233,KROSTALY,FUT Esports,kayo,True,100,50,0,2,0,1,False,vandal,rifle,,0.8700,0.3233,Chronicle,Team Vitality,chamber,True,100,25,0,8,1,7,True,classic,sidearm,,0.3922,0.7022,Derke,Team Vitality,neon,True,100,50,1,0,0,2,False,phantom,rifle,,0.6067,0.4111,Jamppi,Team Vitality,kayo,True,100,50,1,1,0,6,False,vandal,rifle,,0.6867,0.4467,Sayonara,Team Vitality,sova,True,70,24,0,2,0,7,True,vandal,rifle,,0.7333,0.7533,PROFEK,Team Vitality,astra,True,100,25,1,2,0,7,True,phantom,rifle,,0.5467,0.6011
851.517,1541,ACTIVE_ROUND,5,3,3,62.000,,,s0pp,FUT Esports,chamber,True,100,50,0,4,0,0,False,operator,sniper,,0.2778,0.4400,xeus,FUT Esports,jett,False,,50,2,1,0,1,False,vandal,rifle,,,,sociablEE,FUT Esports,fade,True,100,50,0,1,1,0,False,phantom,rifle,,0.9233,0.4711,yetujey,FUT Esports,astra,True,100,50,1,0,0,2,False,vandal,rifle,,0.1956,0.3233,KROSTALY,FUT Esports,kayo,True,100,50,0,2,0,1,False,vandal,rifle,,0.8722,0.3122,Chronicle,Team Vitality,chamber,True,100,25,0,8,1,7,True,classic,sidearm,,0.3922,0.7022,Derke,Team Vitality,neon,True,100,50,1,0,0,2,False,phantom,rifle,,0.6067,0.4111,Jamppi,Team Vitality,kayo,True,100,50,1,1,0,6,False,vandal,rifle,,0.6867,0.4467,Sayonara,Team Vitality,sova,True,70,24,0,2,0,7,True,vandal,rifle,,0.7333,0.7533,PROFEK,Team Vitality,astra,True,100,25,1,2,0,7,True,phantom,rifle,,0.5467,0.6011
852.001,1542,ACTIVE_ROUND,5,3,3,61.000,,,s0pp,FUT Esports,chamber,True,100,50,0,4,0,0,False,operator,sniper,,0.2822,0.4333,xeus,FUT Esports,jett,False,,50,2,1,0,1,False,vandal,rifle,,,,sociablEE,FUT Esports,fade,True,100,50,0,1,1,0,False,phantom,rifle,,0.9344,0.4733,yetujey,FUT Esports,astra,True,100,50,1,0,0,2,False,vandal,rifle,,0.1956,0.3233,KROSTALY,FUT Esports,kayo,True,100,50,0,2,0,1,False,vandal,rifle,,0.8722,0.3011,Chronicle,Team Vitality,chamber,True,100,25,0,8,1,7,True,classic,sidearm,,0.8811,0.4889,Derke,Team Vitality,neon,True,100,50,1,0,0,2,False,phantom,rifle,,0.6067,0.4111,Jamppi,Team Vitality,kayo,True,100,50,1,1,0,6,False,vandal,rifle,,0.6867,0.4467,Sayonara,Team Vitality,sova,True,70,24,0,2,0,7,True,vandal,rifle,,0.7333,0.7533,PROFEK,Team Vitality,astra,True,100,25,1,2,0,7,True,phantom,rifle,,0.5467,0.6011
852.485,1543,ACTIVE_ROUND,5,3,3,61.000,,,s0pp,FUT Esports,chamber,True,100,50,0,4,0,0,False,operator,sniper,,0.2867,0.4267,xeus,FUT Esports,jett,False,,50,2,1,0,1,False,vandal,rifle,,,,sociablEE,FUT Esports,fade,True,100,50,0,1,1,0,False,phantom,rifle,,0.9411,0.4756,yetujey,FUT Esports,astra,True,100,50,1,0,0,2,False,vandal,rifle,,0.1733,0.3589,KROSTALY,FUT Esports,kayo,True,100,50,0,2,0,1,False,vandal,rifle,,0.8700,0.2900,Chronicle,Team Vitality,chamber,True,100,25,0,8,1,7,True,classic,sidearm,,0.8856,0.4889,Derke,Team Vitality,neon,True,100,50,1,0,0,2,False,phantom,rifle,,0.6067,0.4111,Jamppi,Team Vitality,kayo,True,100,50,1,1,0,6,False,vandal,rifle,,0.6867,0.4467,Sayonara,Team Vitality,sova,True,70,24,0,2,0,7,True,vandal,rifle,,0.7333,0.7533,PROFEK,Team Vitality,astra,True,100,25,1,2,0,7,True,phantom,rifle,,0.5467,0.6011
852.969,1544,ACTIVE_ROUND,5,3,3,60.000,,,s0pp,FUT Esports,chamber,True,100,50,0,4,0,0,False,operator,sniper,,0.2911,0.4200,xeus,FUT Esports,jett,False,,50,2,1,0,1,False,vandal,rifle,,,,sociablEE,FUT Esports,fade,True,100,50,0,1,1,0,False,phantom,rifle,,0.9411,0.4756,yetujey,FUT Esports,astra,True,100,50,1,0,0,2,False,vandal,rifle,,0.1733,0.3589,KROSTALY,FUT Esports,kayo,True,100,50,0,2,0,1,False,vandal,rifle,,0.8633,0.2833,Chronicle,Team Vitality,chamber,True,100,25,0,8,1,7,True,classic,sidearm,,0.6944,0.7600,Derke,Team Vitality,neon,True,100,50,1,0,0,2,False,phantom,rifle,,0.6067,0.4111,Jamppi,Team Vitality,kayo,True,100,50,1,1,0,6,False,vandal,rifle,,0.6867,0.4467,Sayonara,Team Vitality,sova,True,70,24,0,2,0,7,True,vandal,rifle,,0.7333,0.7533,PROFEK,Team Vitality,astra,True,100,25,1,1,0,7,True,phantom,rifle,,0.5467,0.6011
853.453,1545,ACTIVE_ROUND,5,3,3,60.000,,,s0pp,FUT Esports,chamber,True,100,50,0,4,0,0,False,operator,sniper,,0.2956,0.4156,xeus,FUT Esports,jett,False,,50,2,1,0,1,False,vandal,rifle,,,,sociablEE,FUT Esports,fade,True,100,50,0,1,1,0,False,phantom,rifle,,0.9411,0.4756,yetujey,FUT Esports,astra,True,100,50,1,0,0,2,False,vandal,rifle,,0.1733,0.3589,KROSTALY,FUT Esports,kayo,True,100,50,0,2,0,1,False,vandal,rifle,,0.8567,0.2767,Chronicle,Team Vitality,chamber,True,100,25,0,8,1,7,True,classic,sidearm,,0.6944,0.7600,Derke,Team Vitality,neon,True,100,50,1,0,0,2,False,phantom,rifle,,0.6067,0.4111,Jamppi,Team Vitality,kayo,True,100,50,1,1,0,6,False,vandal,rifle,,0.6867,0.4467,Sayonara,Team Vitality,sova,True,70,24,0,2,0,7,True,vandal,rifle,,0.7333,0.7533,PROFEK,Team Vitality,astra,True,100,25,1,1,0,7,True,phantom,rifle,,0.5467,0.6011
853.936,1546,ACTIVE_ROUND,5,3,3,59.000,,,s0pp,FUT Esports,chamber,True,100,50,0,4,0,0,False,operator,sniper,,0.2956,0.4111,xeus,FUT Esports,jett,False,,50,2,1,0,1,False,vandal,rifle,,,,sociablEE,FUT Esports,fade,True,100,50,0,1,1,0,False,phantom,rifle,,0.9411,0.4756,yetujey,FUT Esports,astra,True,100,50,1,0,0,2,False,vandal,rifle,,0.1733,0.3589,KROSTALY,FUT Esports,kayo,True,100,50,0,2,0,1,False,vandal,rifle,,0.8656,0.2767,Chronicle,Team Vitality,chamber,True,100,25,0,8,1,7,True,classic,sidearm,,0.6944,0.7600,Derke,Team Vitality,neon,True,100,50,1,0,0,2,False,phantom,rifle,,0.6067,0.4111,Jamppi,Team Vitality,kayo,True,100,50,1,1,0,6,False,vandal,rifle,,0.6867,0.4467,Sayonara,Team Vitality,sova,True,70,24,0,2,0,7,True,vandal,rifle,,0.7333,0.7533,PROFEK,Team Vitality,astra,True,100,25,1,1,0,7,True,phantom,rifle,,0.5467,0.6011
854.420,1547,ACTIVE_ROUND,5,3,3,59.000,,,s0pp,FUT Esports,chamber,True,100,50,0,4,0,0,False,operator,sniper,,0.2956,0.4044,xeus,FUT Esports,jett,False,,50,2,1,0,1,False,vandal,rifle,,,,sociablEE,FUT Esports,fade,True,100,50,0,1,1,0,False,phantom,rifle,,0.9411,0.4756,yetujey,FUT Esports,astra,True,100,50,1,0,0,2,False,vandal,rifle,,0.1733,0.3589,KROSTALY,FUT Esports,kayo,True,100,50,0,2,0,1,False,vandal,rifle,,0.8744,0.2700,Chronicle,Team Vitality,chamber,True,100,25,0,8,1,7,True,classic,sidearm,,0.6944,0.7600,Derke,Team Vitality,neon,True,100,50,1,0,0,2,False,phantom,rifle,,0.6111,0.4089,Jamppi,Team Vitality,kayo,True,100,50,1,1,0,6,False,vandal,rifle,,0.6867,0.4467,Sayonara,Team Vitality,sova,True,70,24,0,2,0,7,True,vandal,rifle,,0.7333,0.7533,PROFEK,Team Vitality,astra,True,100,25,1,1,0,7,True,phantom,rifle,,0.5467,0.6011
854.904,1548,ACTIVE_ROUND,5,3,3,58.000,,,s0pp,FUT Esports,chamber,True,100,50,0,4,0,0,False,operator,sniper,,0.2956,0.3978,xeus,FUT Esports,jett,False,,50,2,1,0,1,False,vandal,rifle,,,,sociablEE,FUT Esports,fade,True,100,50,0,1,1,0,False,phantom,rifle,,0.9411,0.4756,yetujey,FUT Esports,astra,True,100,50,1,0,0,2,False,vandal,rifle,,0.1733,0.3589,KROSTALY,FUT Esports,kayo,True,100,50,0,2,0,1,False,vandal,rifle,,0.8789,0.2589,Chronicle,Team Vitality,chamber,True,100,25,0,8,1,7,True,classic,sidearm,,0.6944,0.7600,Derke,Team Vitality,neon,True,100,50,1,0,0,2,False,phantom,rifle,,0.6111,0.4089,Jamppi,Team Vitality,kayo,True,100,50,1,1,0,6,False,vandal,rifle,,0.6867,0.4467,Sayonara,Team Vitality,sova,True,70,24,0,2,0,7,True,vandal,rifle,,0.7333,0.7533,PROFEK,Team Vitality,astra,True,100,25,1,1,0,7,True,phantom,rifle,,0.5467,0.6011
855.388,1549,ACTIVE_ROUND,5,3,3,58.000,,,s0pp,FUT Esports,chamber,True,100,50,0,4,0,0,False,operator,sniper,,0.2956,0.3911,xeus,FUT Esports,jett,False,,50,2,1,0,1,False,vandal,rifle,,,,sociablEE,FUT Esports,fade,True,100,50,0,1,1,0,False,phantom,rifle,,0.9411,0.4756,yetujey,FUT Esports,astra,True,100,50,1,0,0,2,False,vandal,rifle,,0.1733,0.3589,KROSTALY,FUT Esports,kayo,True,100,50,0,2,0,1,False,vandal,rifle,,0.8744,0.2478,Chronicle,Team Vitality,chamber,True,100,25,0,8,1,7,True,classic,sidearm,,0.6944,0.7600,Derke,Team Vitality,neon,True,100,50,1,0,0,2,False,phantom,rifle,,0.6067,0.4111,Jamppi,Team Vitality,kayo,True,100,50,1,1,0,6,False,vandal,rifle,,0.6867,0.4467,Sayonara,Team Vitality,sova,True,70,24,0,2,0,7,True,vandal,rifle,,0.7333,0.7533,PROFEK,Team Vitality,astra,True,100,25,1,1,0,7,True,phantom,rifle,,0.5467,0.6011
855.872,1550,ACTIVE_ROUND,5,3,3,57.000,,,s0pp,FUT Esports,chamber,True,100,50,0,4,0,0,False,operator,sniper,,0.2978,0.3822,xeus,FUT Esports,jett,False,,50,2,1,0,1,False,vandal,rifle,,,,sociablEE,FUT Esports,fade,True,100,50,0,1,1,0,False,phantom,rifle,,0.9411,0.4756,yetujey,FUT Esports,astra,True,100,50,1,0,0,2,False,vandal,rifle,,0.1733,0.3589,KROSTALY,FUT Esports,kayo,True,100,50,0,2,0,1,False,vandal,rifle,,0.8744,0.2367,Chronicle,Team Vitality,chamber,True,100,25,0,8,1,7,True,classic,sidearm,,0.6944,0.7600,Derke,Team Vitality,neon,True,100,50,1,0,0,2,False,phantom,rifle,,0.6067,0.4111,Jamppi,Team Vitality,kayo,True,100,50,1,1,0,6,False,vandal,rifle,,0.6867,0.4467,Sayonara,Team Vitality,sova,True,70,24,0,2,0,7,True,vandal,rifle,,0.7333,0.7533,PROFEK,Team Vitality,astra,True,100,25,1,1,0,7,True,phantom,rifle,,0.5467,0.6011
856.356,1551,ACTIVE_ROUND,5,3,3,57.000,,,s0pp,FUT Esports,chamber,True,100,50,0,4,0,0,False,operator,sniper,,0.3000,0.3756,xeus,FUT Esports,jett,False,,50,2,1,0,1,False,vandal,rifle,,,,sociablEE,FUT Esports,fade,True,100,50,0,1,1,0,False,phantom,rifle,,0.9411,0.4756,yetujey,FUT Esports,astra,True,100,50,1,0,0,2,False,vandal,rifle,,0.1733,0.3589,KROSTALY,FUT Esports,kayo,True,100,50,0,2,0,1,False,vandal,rifle,,0.8722,0.2256,Chronicle,Team Vitality,chamber,True,100,25,0,8,1,7,True,classic,sidearm,,0.6944,0.7600,Derke,Team Vitality,neon,True,100,50,1,0,0,2,False,phantom,rifle,,0.6067,0.4111,Jamppi,Team Vitality,kayo,True,100,50,1,1,0,6,False,vandal,rifle,,0.6867,0.4467,Sayonara,Team Vitality,sova,True,70,24,0,2,0,7,True,vandal,rifle,,0.7333,0.7533,PROFEK,Team Vitality,astra,True,100,25,1,1,0,7,True,phantom,rifle,,0.5467,0.6011
856.839,1552,ACTIVE_ROUND,5,3,3,56.000,,,s0pp,FUT Esports,chamber,True,100,50,0,4,0,0,False,operator,sniper,,0.2956,0.3689,xeus,FUT Esports,jett,False,,50,2,1,0,1,False,vandal,rifle,,,,sociablEE,FUT Esports,fade,True,100,50,0,1,1,0,False,phantom,rifle,,0.9411,0.4756,yetujey,FUT Esports,astra,True,100,50,1,0,0,2,False,vandal,rifle,,0.1733,0.3589,KROSTALY,FUT Esports,kayo,True,100,50,0,2,0,1,False,vandal,rifle,,0.1011,0.3678,Chronicle,Team Vitality,chamber,True,100,25,0,8,1,7,True,classic,sidearm,,0.6944,0.7600,Derke,Team Vitality,neon,True,100,50,1,0,0,2,False,phantom,rifle,,0.6067,0.4111,Jamppi,Team Vitality,kayo,True,100,50,1,1,0,6,False,vandal,rifle,,0.7000,0.4511,Sayonara,Team Vitality,sova,True,70,24,0,2,0,7,True,vandal,rifle,,0.7333,0.7533,PROFEK,Team Vitality,astra,True,100,25,1,1,0,7,True,phantom,rifle,,0.5467,0.6011
857.323,1553,ACTIVE_ROUND,5,3,3,56.000,,,s0pp,FUT Esports,chamber,True,100,50,0,4,0,0,False,operator,sniper,,0.2956,0.3622,xeus,FUT Esports,jett,False,,50,2,1,0,1,False,vandal,rifle,,,,sociablEE,FUT Esports,fade,True,100,50,0,1,1,0,False,phantom,rifle,,0.9411,0.4756,yetujey,FUT Esports,astra,True,100,50,1,0,0,2,False,vandal,rifle,,0.1733,0.3589,KROSTALY,FUT Esports,kayo,True,100,50,0,2,0,1,False,vandal,rifle,,0.1011,0.3900,Chronicle,Team Vitality,chamber,True,100,25,0,8,1,7,True,classic,sidearm,,0.1411,0.5911,Derke,Team Vitality,neon,True,100,50,1,0,0,2,False,phantom,rifle,,0.6067,0.4089,Jamppi,Team Vitality,kayo,True,100,50,1,1,0,6,False,vandal,rifle,,0.7111,0.4533,Sayonara,Team Vitality,sova,True,70,24,0,2,0,7,True,vandal,rifle,,0.7333,0.7533,PROFEK,Team Vitality,astra,True,100,25,1,1,0,7,True,phantom,rifle,,0.5467,0.6011
857.807,1554,ACTIVE_ROUND,5,3,3,56.000,,,s0pp,FUT Esports,chamber,True,100,50,0,4,0,0,False,operator,sniper,,0.2978,0.3556,xeus,FUT Esports,jett,False,,50,2,1,0,1,False,vandal,rifle,,,,sociablEE,FUT Esports,fade,True,100,50,0,1,1,0,False,phantom,rifle,,0.9411,0.4756,yetujey,FUT Esports,astra,True,100,50,1,0,0,2,False,vandal,rifle,,0.1733,0.3589,KROSTALY,FUT Esports,kayo,True,100,50,0,2,0,1,False,vandal,rifle,,0.1011,0.3678,Chronicle,Team Vitality,chamber,True,100,25,0,8,1,7,True,classic,sidearm,,0.0856,0.3711,Derke,Team Vitality,neon,True,100,50,1,0,0,2,False,phantom,rifle,,0.6067,0.4089,Jamppi,Team Vitality,kayo,True,100,50,1,1,0,6,False,vandal,rifle,,0.7111,0.4533,Sayonara,Team Vitality,sova,True,70,24,0,2,0,7,True,vandal,rifle,,0.7333,0.7533,PROFEK,Team Vitality,astra,True,100,25,1,1,0,7,True,phantom,rifle,,0.5467,0.6011
858.291,1555,ACTIVE_ROUND,5,3,3,55.000,,,s0pp,FUT Esports,chamber,True,100,50,0,4,0,0,False,operator,sniper,,0.3000,0.3467,xeus,FUT Esports,jett,False,,50,2,1,0,1,False,vandal,rifle,,,,sociablEE,FUT Esports,fade,True,100,50,0,1,1,0,False,phantom,rifle,,0.9411,0.4756,yetujey,FUT Esports,astra,True,100,50,1,0,0,2,False,vandal,rifle,,0.1733,0.3589,KROSTALY,FUT Esports,kayo,True,100,50,0,2,0,1,False,vandal,rifle,,0.1011,0.3678,Chronicle,Team Vitality,chamber,True,100,25,0,8,1,7,True,classic,sidearm,,0.0856,0.3911,Derke,Team Vitality,neon,True,100,50,1,0,0,2,False,phantom,rifle,,0.6067,0.4089,Jamppi,Team Vitality,kayo,True,100,50,1,1,0,6,False,vandal,rifle,,0.7111,0.4533,Sayonara,Team Vitality,sova,True,70,24,0,2,0,7,True,vandal,rifle,,0.7333,0.7533,PROFEK,Team Vitality,astra,True,100,25,1,1,0,7,True,phantom,rifle,,0.5467,0.6011
858.775,1556,ACTIVE_ROUND,5,3,3,55.000,,,s0pp,FUT Esports,chamber,True,100,50,0,4,0,0,False,operator,sniper,,0.2978,0.3400,xeus,FUT Esports,jett,False,,50,2,1,0,1,False,vandal,rifle,,,,sociablEE,FUT Esports,fade,True,100,50,0,1,1,0,False,phantom,rifle,,0.9411,0.4756,yetujey,FUT Esports,astra,True,100,50,0,0,0,2,False,vandal,rifle,,0.1733,0.3589,KROSTALY,FUT Esports,kayo,True,100,50,0,2,0,1,False,vandal,rifle,,0.1011,0.3722,Chronicle,Team Vitality,chamber,True,100,25,0,8,1,7,True,classic,sidearm,,0.5789,0.4467,Derke,Team Vitality,neon,True,100,50,1,0,0,2,False,phantom,rifle,,0.6022,0.4178,Jamppi,Team Vitality,kayo,True,100,50,1,1,0,6,False,vandal,rifle,,0.7111,0.4533,Sayonara,Team Vitality,sova,True,70,24,0,2,0,7,True,vandal,rifle,,0.7333,0.7533,PROFEK,Team Vitality,astra,True,100,25,1,1,0,7,True,phantom,rifle,,0.6844,0.5344
859.258,1557,ACTIVE_ROUND,5,3,3,54.000,,,s0pp,FUT Esports,chamber,True,100,50,0,4,0,0,False,operator,sniper,,0.2956,0.3333,xeus,FUT Esports,jett,False,,50,2,1,0,1,False,vandal,rifle,,,,sociablEE,FUT Esports,fade,True,100,50,0,1,1,0,False,phantom,rifle,,0.9411,0.4756,yetujey,FUT Esports,astra,True,100,50,0,0,0,2,False,vandal,rifle,,0.1733,0.3589,KROSTALY,FUT Esports,kayo,True,100,50,0,2,0,1,False,vandal,rifle,,0.2700,0.3456,Chronicle,Team Vitality,chamber,True,100,25,0,8,1,7,True,classic,sidearm,,0.0833,0.7600,Derke,Team Vitality,neon,True,100,50,1,0,0,2,False,phantom,rifle,,0.6022,0.4178,Jamppi,Team Vitality,kayo,True,100,50,1,1,0,6,False,vandal,rifle,,0.7111,0.4533,Sayonara,Team Vitality,sova,True,70,24,0,2,0,7,True,vandal,rifle,,0.7333,0.7533,PROFEK,Team Vitality,astra,True,100,25,1,1,0,7,True,phantom,rifle,,0.6844,0.5344
859.742,1558,ACTIVE_ROUND,5,3,3,54.000,,,s0pp,FUT Esports,chamber,True,100,50,0,4,0,0,False,operator,sniper,,0.2911,0.3267,xeus,FUT Esports,jett,False,,50,2,1,0,1,False,vandal,rifle,,,,sociablEE,FUT Esports,fade,True,100,50,0,1,1,0,False,phantom,rifle,,0.9411,0.4756,yetujey,FUT Esports,astra,True,100,50,0,0,0,2,False,vandal,rifle,,0.1733,0.3589,KROSTALY,FUT Esports,kayo,True,100,50,0,2,0,1,False,vandal,rifle,,0.1011,0.3678,Chronicle,Team Vitality,chamber,True,100,25,0,8,1,7,True,classic,sidearm,,0.5633,0.5578,Derke,Team Vitality,neon,True,100,50,1,0,0,2,False,phantom,rifle,,0.6178,0.4311,Jamppi,Team Vitality,kayo,True,100,50,1,1,0,6,False,vandal,rifle,,0.7111,0.4533,Sayonara,Team Vitality,sova,True,70,24,0,2,0,7,True,vandal,rifle,,0.1578,0.3578,PROFEK,Team Vitality,astra,True,100,25,1,1,0,7,True,phantom,rifle,,0.6844,0.5278
860.226,1559,ACTIVE_ROUND,5,3,3,53.000,,,s0pp,FUT Esports,chamber,True,100,50,0,4,0,0,False,operator,sniper,,0.2867,0.3222,xeus,FUT Esports,jett,False,,50,2,1,0,1,False,vandal,rifle,,,,sociablEE,FUT Esports,fade,True,100,50,0,1,1,0,False,phantom,rifle,,0.9411,0.4756,yetujey,FUT Esports,astra,True,100,50,0,0,0,2,False,vandal,rifle,,0.1733,0.3589,KROSTALY,FUT Esports,kayo,True,100,50,0,2,0,1,False,vandal,rifle,,0.1011,0.3633,Chronicle,Team Vitality,chamber,True,100,25,0,8,1,7,True,classic,sidearm,,0.6011,0.8444,Derke,Team Vitality,neon,True,100,50,1,0,0,2,False,phantom,rifle,,0.6178,0.4311,Jamppi,Team Vitality,kayo,True,100,50,1,1,0,6,False,vandal,rifle,,0.7111,0.4533,Sayonara,Team Vitality,sova,True,70,24,0,2,0,7,True,vandal,rifle,,0.1578,0.3578,PROFEK,Team Vitality,astra,True,100,25,1,1,0,7,True,phantom,rifle,,0.6844,0.5278
860.710,1560,ACTIVE_ROUND,5,3,3,53.000,,,s0pp,FUT Esports,chamber,True,100,50,0,4,0,0,False,operator,sniper,,0.2844,0.3200,xeus,FUT Esports,jett,False,,50,2,1,0,1,False,vandal,rifle,,,,sociablEE,FUT Esports,fade,True,100,50,0,1,1,0,False,phantom,rifle,,0.9411,0.4756,yetujey,FUT Esports,astra,True,100,50,0,0,0,2,False,vandal,rifle,,0.1733,0.3589,KROSTALY,FUT Esports,kayo,True,100,50,0,2,0,1,False,vandal,rifle,,0.1011,0.3678,Chronicle,Team Vitality,chamber,True,100,25,0,8,1,7,True,classic,sidearm,,0.6011,0.8444,Derke,Team Vitality,neon,True,100,50,1,0,0,2,False,phantom,rifle,,0.6178,0.4311,Jamppi,Team Vitality,kayo,True,100,50,1,1,0,6,False,vandal,rifle,,0.7111,0.4533,Sayonara,Team Vitality,sova,True,70,24,0,2,0,7,True,vandal,rifle,,0.1578,0.3578,PROFEK,Team Vitality,astra,True,100,25,1,2,0,7,True,phantom,rifle,,0.6844,0.5278
861.194,1561,ACTIVE_ROUND,5,3,3,52.000,,,s0pp,FUT Esports,chamber,True,100,50,0,4,0,0,False,operator,sniper,,0.2800,0.3178,xeus,FUT Esports,jett,False,,50,2,1,0,1,False,vandal,rifle,,,,sociablEE,FUT Esports,fade,True,100,50,0,1,1,0,False,phantom,rifle,,0.9411,0.4756,yetujey,FUT Esports,astra,True,100,50,0,0,0,2,False,vandal,rifle,,0.1733,0.3589,KROSTALY,FUT Esports,kayo,True,100,50,0,2,0,1,False,vandal,rifle,,0.8833,0.2300,Chronicle,Team Vitality,chamber,True,100,25,0,8,1,7,True,classic,sidearm,,0.6011,0.8444,Derke,Team Vitality,neon,True,100,50,1,0,0,2,False,phantom,rifle,,0.6178,0.4311,Jamppi,Team Vitality,kayo,True,100,50,1,1,0,6,False,vandal,rifle,,0.7111,0.4533,Sayonara,Team Vitality,sova,True,70,24,0,2,0,7,True,vandal,rifle,,0.1578,0.3578,PROFEK,Team Vitality,astra,True,100,25,1,2,0,7,True,phantom,rifle,,0.6844,0.5278
861.677,1562,ACTIVE_ROUND,5,3,3,52.000,,,s0pp,FUT Esports,chamber,True,100,50,0,4,0,0,False,operator,sniper,,0.2778,0.3178,xeus,FUT Esports,jett,False,,50,2,1,0,1,False,vandal,rifle,,,,sociablEE,FUT Esports,fade,True,100,50,0,1,1,0,False,phantom,rifle,,0.9411,0.4756,yetujey,FUT Esports,astra,True,100,50,0,0,0,2,False,vandal,rifle,,0.1733,0.3589,KROSTALY,FUT Esports,kayo,True,100,50,0,2,0,1,False,vandal,rifle,,0.8856,0.2411,Chronicle,Team Vitality,chamber,True,100,25,0,8,1,7,True,classic,sidearm,,0.6011,0.8356,Derke,Team Vitality,neon,True,100,50,1,0,0,2,False,phantom,rifle,,0.6178,0.4311,Jamppi,Team Vitality,kayo,True,100,50,1,1,0,6,False,vandal,rifle,,0.7111,0.4533,Sayonara,Team Vitality,sova,True,70,24,0,2,0,7,True,vandal,rifle,,0.1578,0.3578,PROFEK,Team Vitality,astra,True,100,25,1,2,0,7,True,phantom,rifle,,0.6844,0.5278
862.161,1563,ACTIVE_ROUND,5,3,3,51.000,,,s0pp,FUT Esports,chamber,True,100,50,0,4,0,0,False,operator,sniper,,0.2778,0.3178,xeus,FUT Esports,jett,False,,50,2,1,0,1,False,vandal,rifle,,,,sociablEE,FUT Esports,fade,True,100,50,0,1,1,0,False,phantom,rifle,,0.9411,0.4756,yetujey,FUT Esports,astra,True,100,50,0,0,0,2,False,vandal,rifle,,0.1733,0.3589,KROSTALY,FUT Esports,kayo,True,100,50,0,2,0,1,False,vandal,rifle,,0.8900,0.2500,Chronicle,Team Vitality,chamber,True,100,25,0,8,1,7,True,classic,sidearm,,0.7478,0.6756,Derke,Team Vitality,neon,True,100,50,1,0,0,2,False,phantom,rifle,,0.6178,0.4311,Jamppi,Team Vitality,kayo,True,100,50,1,1,0,6,False,vandal,rifle,,0.7111,0.4533,Sayonara,Team Vitality,sova,True,70,24,0,2,0,7,True,vandal,rifle,,0.1578,0.3578,PROFEK,Team Vitality,astra,True,100,25,1,2,0,7,True,phantom,rifle,,0.6844,0.5278
862.645,1564,ACTIVE_ROUND,5,3,3,51.000,,,s0pp,FUT Esports,chamber,True,100,50,0,4,0,0,False,operator,sniper,,0.2778,0.3178,xeus,FUT Esports,jett,False,,50,2,1,0,1,False,vandal,rifle,,,,sociablEE,FUT Esports,fade,True,100,50,0,1,1,0,False,phantom,rifle,,0.9411,0.4756,yetujey,FUT Esports,astra,True,100,50,0,0,0,2,False,vandal,rifle,,0.1733,0.3589,KROSTALY,FUT Esports,kayo,True,100,50,0,2,0,1,False,vandal,rifle,,0.8900,0.2611,Chronicle,Team Vitality,chamber,True,100,25,0,8,1,7,True,classic,sidearm,,0.3922,0.7111,Derke,Team Vitality,neon,True,100,50,1,0,0,2,False,phantom,rifle,,0.6178,0.4311,Jamppi,Team Vitality,kayo,True,100,50,1,1,0,6,False,vandal,rifle,,0.7111,0.4533,Sayonara,Team Vitality,sova,True,70,24,0,2,0,7,True,vandal,rifle,,0.1578,0.3578,PROFEK,Team Vitality,astra,True,100,25,1,1,0,7,True,phantom,rifle,,0.6844,0.5278
863.129,1565,ACTIVE_ROUND,5,3,3,50.000,,,s0pp,FUT Esports,chamber,True,100,50,0,4,0,0,False,operator,sniper,,0.2756,0.3178,xeus,FUT Esports,jett,False,,50,2,1,0,1,False,vandal,rifle,,,,sociablEE,FUT Esports,fade,True,100,50,0,1,1,0,False,phantom,rifle,,0.9411,0.4756,yetujey,FUT Esports,astra,True,100,50,0,0,0,2,False,vandal,rifle,,0.1733,0.3589,KROSTALY,FUT Esports,kayo,True,100,50,0,2,0,1,False,vandal,rifle,,0.8900,0.2722,Chronicle,Team Vitality,chamber,True,100,25,0,8,1,7,True,classic,sidearm,,0.3922,0.7111,Derke,Team Vitality,neon,True,100,50,1,0,0,2,False,phantom,rifle,,0.6178,0.4311,Jamppi,Team Vitality,kayo,True,100,50,1,1,0,6,False,vandal,rifle,,0.7111,0.4533,Sayonara,Team Vitality,sova,True,70,24,0,2,0,7,True,vandal,rifle,,0.1578,0.3578,PROFEK,Team Vitality,astra,True,100,25,1,1,0,7,True,phantom,rifle,,0.6844,0.5278
863.613,1566,ACTIVE_ROUND,5,3,3,50.000,,,s0pp,FUT Esports,chamber,True,100,50,0,4,0,0,False,operator,sniper,,0.2756,0.3178,xeus,FUT Esports,jett,False,,50,2,1,0,1,False,vandal,rifle,,,,sociablEE,FUT Esports,fade,True,100,50,0,1,1,0,False,phantom,rifle,,0.9411,0.4756,yetujey,FUT Esports,astra,True,100,50,0,0,0,2,False,vandal,rifle,,0.1733,0.3589,KROSTALY,FUT Esports,kayo,True,100,50,0,2,0,1,False,vandal,rifle,,0.8856,0.2833,Chronicle,Team Vitality,chamber,True,100,25,0,8,1,7,True,classic,sidearm,,0.3922,0.7111,Derke,Team Vitality,neon,True,100,50,1,0,0,2,False,phantom,rifle,,0.6178,0.4311,Jamppi,Team Vitality,kayo,True,100,50,1,1,0,6,False,vandal,rifle,,0.7111,0.4533,Sayonara,Team Vitality,sova,True,70,24,0,2,0,7,True,vandal,rifle,,0.1578,0.3578,PROFEK,Team Vitality,astra,True,100,25,1,1,0,7,True,phantom,rifle,,0.6844,0.5278
864.097,1567,ACTIVE_ROUND,5,3,3,49.000,,,s0pp,FUT Esports,chamber,True,100,50,0,4,0,0,False,operator,sniper,,0.2756,0.3178,xeus,FUT Esports,jett,False,,50,2,1,0,1,False,vandal,rifle,,,,sociablEE,FUT Esports,fade,True,100,50,0,1,1,0,False,phantom,rifle,,0.9411,0.4756,yetujey,FUT Esports,astra,True,100,50,0,0,0,2,False,vandal,rifle,,0.1289,0.4122,KROSTALY,FUT Esports,kayo,True,100,50,0,2,0,1,False,vandal,rifle,,0.8789,0.2922,Chronicle,Team Vitality,chamber,True,100,25,0,8,1,7,True,classic,sidearm,,0.3922,0.7111,Derke,Team Vitality,neon,True,100,50,1,0,0,2,False,phantom,rifle,,0.6178,0.4311,Jamppi,Team Vitality,kayo,True,100,50,1,1,0,6,False,vandal,rifle,,0.7111,0.4533,Sayonara,Team Vitality,sova,True,70,24,0,2,0,7,True,vandal,rifle,,0.1578,0.3578,PROFEK,Team Vitality,astra,True,100,25,1,1,0,7,True,phantom,rifle,,0.6844,0.5278
864.580,1568,ACTIVE_ROUND,5,3,3,49.000,,,s0pp,FUT Esports,chamber,True,100,50,0,4,0,0,False,operator,sniper,,0.2756,0.3178,xeus,FUT Esports,jett,False,,50,2,1,0,1,False,vandal,rifle,,,,sociablEE,FUT Esports,fade,True,100,50,0,1,1,0,False,phantom,rifle,,0.9411,0.4756,yetujey,FUT Esports,astra,True,100,50,0,0,0,2,False,vandal,rifle,,0.1267,0.4144,KROSTALY,FUT Esports,kayo,True,100,50,0,2,0,1,False,vandal,rifle,,0.8744,0.3033,Chronicle,Team Vitality,chamber,True,100,25,0,8,1,7,True,classic,sidearm,,0.9256,0.5133,Derke,Team Vitality,neon,True,100,50,1,0,0,2,False,phantom,rifle,,0.6178,0.4311,Jamppi,Team Vitality,kayo,True,100,50,1,1,0,6,False,vandal,rifle,,0.7111,0.4533,Sayonara,Team Vitality,sova,True,70,24,0,2,0,7,True,vandal,rifle,,0.1578,0.3578,PROFEK,Team Vitality,astra,True,100,25,1,2,0,7,True,phantom,rifle,,0.6844,0.5278
865.064,1569,ACTIVE_ROUND,5,3,3,48.000,,,s0pp,FUT Esports,chamber,True,100,50,0,4,0,0,False,operator,sniper,,0.2756,0.3178,xeus,FUT Esports,jett,False,,50,2,1,0,1,False,vandal,rifle,,,,sociablEE,FUT Esports,fade,True,100,50,0,1,1,0,False,phantom,rifle,,0.9411,0.4756,yetujey,FUT Esports,astra,True,100,50,0,0,0,2,False,vandal,rifle,,0.1267,0.4144,KROSTALY,FUT Esports,kayo,True,100,50,0,2,0,1,False,vandal,rifle,,0.8700,0.3122,Chronicle,Team Vitality,chamber,True,100,25,0,8,1,7,True,classic,sidearm,,0.3922,0.7111,Derke,Team Vitality,neon,True,100,50,1,0,0,2,False,phantom,rifle,,0.6178,0.4311,Jamppi,Team Vitality,kayo,True,100,50,1,1,0,6,False,vandal,rifle,,0.7111,0.4533,Sayonara,Team Vitality,sova,True,70,24,0,2,0,7,True,vandal,rifle,,0.1578,0.3578,PROFEK,Team Vitality,astra,True,100,25,1,2,0,7,True,phantom,rifle,,0.6844,0.5278
865.548,1570,ACTIVE_ROUND,5,3,3,48.000,,,s0pp,FUT Esports,chamber,True,100,50,0,4,0,0,False,operator,sniper,,0.2756,0.3178,xeus,FUT Esports,jett,False,,50,2,1,0,1,False,vandal,rifle,,,,sociablEE,FUT Esports,fade,True,100,50,0,1,1,0,False,phantom,rifle,,0.9411,0.4756,yetujey,FUT Esports,astra,True,100,50,0,0,0,2,False,vandal,rifle,,0.1267,0.4144,KROSTALY,FUT Esports,kayo,True,100,50,0,2,0,1,False,vandal,rifle,,0.8767,0.3211,Chronicle,Team Vitality,chamber,True,100,25,0,8,1,7,True,classic,sidearm,,0.3922,0.7111,Derke,Team Vitality,neon,True,100,50,1,0,0,2,False,phantom,rifle,,0.6178,0.4311,Jamppi,Team Vitality,kayo,True,100,50,1,1,0,6,False,vandal,rifle,,0.8822,0.3222,Sayonara,Team Vitality,sova,True,70,24,0,2,0,7,True,vandal,rifle,,0.1578,0.3578,PROFEK,Team Vitality,astra,True,100,25,1,2,0,7,True,phantom,rifle,,0.6844,0.5278
866.032,1571,ACTIVE_ROUND,5,3,3,47.000,,,s0pp,FUT Esports,chamber,True,100,50,0,4,0,0,False,operator,sniper,,0.2756,0.3178,xeus,FUT Esports,jett,False,,50,2,1,0,1,False,vandal,rifle,,,,sociablEE,FUT Esports,fade,True,100,50,0,1,1,0,False,phantom,rifle,,0.9411,0.4756,yetujey,FUT Esports,astra,True,100,50,0,0,0,2,False,vandal,rifle,,0.1267,0.4144,KROSTALY,FUT Esports,kayo,True,100,50,0,2,0,1,False,vandal,rifle,,0.8789,0.3278,Chronicle,Team Vitality,chamber,True,100,25,0,8,1,7,True,classic,sidearm,,0.6011,0.8267,Derke,Team Vitality,neon,True,100,50,1,0,0,2,False,phantom,rifle,,0.6178,0.4311,Jamppi,Team Vitality,kayo,True,100,50,1,1,0,6,False,vandal,rifle,,0.8844,0.3289,Sayonara,Team Vitality,sova,True,70,24,0,2,0,7,True,vandal,rifle,,0.1578,0.3578,PROFEK,Team Vitality,astra,True,100,25,1,2,0,7,True,phantom,rifle,,0.6844,0.5278
866.516,1572,ACTIVE_ROUND,5,3,3,47.000,,,s0pp,FUT Esports,chamber,True,100,50,0,4,0,0,False,operator,sniper,,0.2756,0.3178,xeus,FUT Esports,jett,False,,50,2,1,0,1,False,vandal,rifle,,,,sociablEE,FUT Esports,fade,True,100,50,0,1,1,0,False,phantom,rifle,,0.9411,0.4756,yetujey,FUT Esports,astra,True,100,50,0,0,0,2,False,vandal,rifle,,0.1267,0.4144,KROSTALY,FUT Esports,kayo,True,100,50,0,2,0,1,False,vandal,rifle,,0.8811,0.3322,Chronicle,Team Vitality,chamber,True,100,25,0,8,1,7,True,classic,sidearm,,0.6011,0.8267,Derke,Team Vitality,neon,True,100,50,1,0,0,2,False,phantom,rifle,,0.6178,0.4311,Jamppi,Team Vitality,kayo,True,100,50,1,1,0,6,False,vandal,rifle,,0.8867,0.3333,Sayonara,Team Vitality,sova,True,70,24,0,2,0,7,True,vandal,rifle,,0.1578,0.3578,PROFEK,Team Vitality,astra,True,100,25,1,1,0,7,True,phantom,rifle,,0.6844,0.5278
866.999,1573,ACTIVE_ROUND,5,3,3,46.000,,,s0pp,FUT Esports,chamber,True,100,50,0,4,0,0,False,operator,sniper,,0.2756,0.3178,xeus,FUT Esports,jett,False,,50,2,1,0,1,False,vandal,rifle,,,,sociablEE,FUT Esports,fade,True,100,50,0,1,1,0,False,phantom,rifle,,0.9411,0.4756,yetujey,FUT Esports,astra,True,100,50,0,0,0,2,False,vandal,rifle,,0.1267,0.4144,KROSTALY,FUT Esports,kayo,True,100,50,0,2,0,1,False,vandal,rifle,,0.8811,0.3344,Chronicle,Team Vitality,chamber,True,100,25,0,8,1,7,True,classic,sidearm,,0.7833,0.4267,Derke,Team Vitality,neon,True,100,50,1,0,0,2,False,phantom,rifle,,0.6178,0.4311,Jamppi,Team Vitality,kayo,True,100,50,1,1,0,6,False,vandal,rifle,,0.8867,0.3356,Sayonara,Team Vitality,sova,True,70,24,0,2,0,7,True,vandal,rifle,,0.7444,0.7489,PROFEK,Team Vitality,astra,True,100,25,1,1,0,7,True,phantom,rifle,,0.5711,0.5567
867.483,1574,ACTIVE_ROUND,5,3,3,46.000,,,s0pp,FUT Esports,chamber,True,100,50,0,4,0,0,False,operator,sniper,,0.2756,0.3178,xeus,FUT Esports,jett,False,,50,2,1,0,1,False,vandal,rifle,,,,sociablEE,FUT Esports,fade,True,100,50,0,1,1,0,False,phantom,rifle,,0.9411,0.4756,yetujey,FUT Esports,astra,True,100,50,0,0,0,2,False,vandal,rifle,,0.1267,0.4100,KROSTALY,FUT Esports,kayo,True,100,50,0,2,0,1,False,vandal,rifle,,0.8833,0.3411,Chronicle,Team Vitality,chamber,True,100,25,0,8,1,7,True,classic,sidearm,,0.5789,0.4422,Derke,Team Vitality,neon,True,100,50,1,0,0,2,False,phantom,rifle,,0.6178,0.4311,Jamppi,Team Vitality,kayo,True,100,50,1,1,0,6,False,vandal,rifle,,0.8867,0.3356,Sayonara,Team Vitality,sova,True,70,24,0,2,0,7,True,vandal,rifle,,0.7422,0.7444,PROFEK,Team Vitality,astra,True,100,25,1,1,0,7,True,phantom,rifle,,0.5711,0.5567
867.967,1575,ACTIVE_ROUND,5,3,3,45.000,,,s0pp,FUT Esports,chamber,True,100,50,0,4,0,0,False,operator,sniper,,0.2756,0.3178,xeus,FUT Esports,jett,False,,50,2,1,0,1,False,vandal,rifle,,,,sociablEE,FUT Esports,fade,True,100,50,0,1,1,0,False,phantom,rifle,,0.9411,0.4756,yetujey,FUT Esports,astra,True,100,50,0,0,0,2,False,vandal,rifle,,0.1267,0.4100,KROSTALY,FUT Esports,kayo,True,100,50,0,2,0,1,False,vandal,rifle,,0.8856,0.3522,Chronicle,Team Vitality,chamber,True,100,25,0,8,1,7,True,classic,sidearm,,0.8944,0.4889,Derke,Team Vitality,neon,True,100,50,1,0,0,2,False,phantom,rifle,,0.6178,0.4311,Jamppi,Team Vitality,kayo,True,100,50,1,1,0,6,False,vandal,rifle,,0.8867,0.3356,Sayonara,Team Vitality,sova,True,70,24,0,2,0,7,True,vandal,rifle,,0.7444,0.7356,PROFEK,Team Vitality,astra,True,100,25,1,1,0,7,True,phantom,rifle,,0.5711,0.5567
868.451,1576,ACTIVE_ROUND,5,3,3,45.000,,,s0pp,FUT Esports,chamber,True,100,50,0,4,1,0,False,operator,sniper,,0.2756,0.3178,xeus,FUT Esports,jett,False,,50,2,1,0,1,False,vandal,rifle,,,,sociablEE,FUT Esports,fade,True,100,50,0,1,1,0,False,phantom,rifle,,0.9411,0.4756,yetujey,FUT Esports,astra,True,100,50,0,0,0,2,False,vandal,rifle,,0.1267,0.4100,KROSTALY,FUT Esports,kayo,True,100,50,0,2,0,1,False,vandal,rifle,,0.8833,0.3411,Chronicle,Team Vitality,chamber,True,100,25,0,8,1,7,True,classic,sidearm,,0.8856,0.4844,Derke,Team Vitality,neon,True,100,50,1,0,0,2,False,phantom,rifle,,0.6178,0.4311,Jamppi,Team Vitality,kayo,True,100,50,1,1,0,6,False,vandal,rifle,,0.8867,0.3356,Sayonara,Team Vitality,sova,True,70,24,0,2,0,7,True,vandal,rifle,,0.7444,0.7244,PROFEK,Team Vitality,astra,True,100,25,1,2,0,7,True,phantom,rifle,,0.5711,0.5567
868.935,1577,ACTIVE_ROUND,5,3,3,44.000,,,s0pp,FUT Esports,chamber,True,100,50,0,4,1,0,False,operator,sniper,,0.2756,0.3178,xeus,FUT Esports,jett,False,,50,2,1,0,1,False,vandal,rifle,,,,sociablEE,FUT Esports,fade,True,100,50,0,1,1,0,False,phantom,rifle,,0.1233,0.3756,yetujey,FUT Esports,astra,True,100,50,0,0,0,2,False,vandal,rifle,,0.1267,0.4100,KROSTALY,FUT Esports,kayo,True,100,50,0,2,0,1,False,vandal,rifle,,0.8856,0.3322,Chronicle,Team Vitality,chamber,True,100,25,0,8,1,7,True,classic,sidearm,,0.7833,0.4267,Derke,Team Vitality,neon,True,100,50,1,0,0,2,False,phantom,rifle,,0.6333,0.4356,Jamppi,Team Vitality,kayo,True,100,50,1,1,0,6,False,vandal,rifle,,0.8867,0.3356,Sayonara,Team Vitality,sova,True,70,24,0,2,0,7,True,vandal,rifle,,0.7444,0.7200,PROFEK,Team Vitality,astra,True,100,25,1,2,0,7,True,phantom,rifle,,0.5711,0.5567
869.419,1578,ACTIVE_ROUND,5,3,3,44.000,,,s0pp,FUT Esports,chamber,True,100,50,0,4,1,0,False,operator,sniper,,0.2756,0.3178,xeus,FUT Esports,jett,False,,50,2,1,0,1,False,vandal,rifle,,,,sociablEE,FUT Esports,fade,True,100,50,0,1,1,0,False,phantom,rifle,,0.1233,0.3756,yetujey,FUT Esports,astra,True,100,50,0,0,0,2,False,vandal,rifle,,0.1267,0.4100,KROSTALY,FUT Esports,kayo,True,100,50,0,2,0,1,False,vandal,rifle,,0.8856,0.3322,Chronicle,Team Vitality,chamber,True,100,25,0,8,1,7,True,classic,sidearm,,0.5789,0.4467,Derke,Team Vitality,neon,True,100,50,1,0,0,2,False,phantom,rifle,,0.6333,0.4356,Jamppi,Team Vitality,kayo,True,100,50,1,1,0,6,False,vandal,rifle,,0.8867,0.3356,Sayonara,Team Vitality,sova,True,70,24,0,2,0,7,True,vandal,rifle,,0.7422,0.7156,PROFEK,Team Vitality,astra,True,100,25,1,2,0,7,True,phantom,rifle,,0.5711,0.5567
869.902,1579,ACTIVE_ROUND,5,3,3,43.000,,,s0pp,FUT Esports,chamber,True,100,50,0,4,1,0,False,operator,sniper,,0.2756,0.3178,xeus,FUT Esports,jett,False,,50,2,1,0,1,False,vandal,rifle,,,,sociablEE,FUT Esports,fade,True,100,50,0,1,1,0,False,phantom,rifle,,0.1233,0.3756,yetujey,FUT Esports,astra,True,100,50,0,0,0,2,False,vandal,rifle,,0.1267,0.4100,KROSTALY,FUT Esports,kayo,True,100,50,0,2,0,1,False,vandal,rifle,,0.8856,0.3322,Chronicle,Team Vitality,chamber,True,100,25,0,8,1,7,True,classic,sidearm,,0.5789,0.4467,Derke,Team Vitality,neon,True,100,50,1,0,0,2,False,phantom,rifle,,0.6333,0.4356,Jamppi,Team Vitality,kayo,True,100,50,1,1,0,6,False,vandal,rifle,,0.8867,0.3356,Sayonara,Team Vitality,sova,True,70,24,0,2,0,7,True,vandal,rifle,,0.7422,0.7111,PROFEK,Team Vitality,astra,True,100,25,1,2,0,7,True,phantom,rifle,,0.5711,0.5567
870.386,1580,ACTIVE_ROUND,5,3,3,43.000,,,s0pp,FUT Esports,chamber,True,100,50,0,4,1,0,False,operator,sniper,,0.2756,0.3178,xeus,FUT Esports,jett,False,,50,2,1,0,1,False,vandal,rifle,,,,sociablEE,FUT Esports,fade,True,100,50,0,1,1,0,False,phantom,rifle,,0.1233,0.3756,yetujey,FUT Esports,astra,True,100,50,0,0,0,2,False,vandal,rifle,,0.1267,0.4100,KROSTALY,FUT Esports,kayo,True,100,50,0,2,0,1,False,vandal,rifle,,0.8856,0.3322,Chronicle,Team Vitality,chamber,True,100,25,0,8,1,7,True,classic,sidearm,,0.5789,0.4467,Derke,Team Vitality,neon,True,100,50,1,0,0,2,False,phantom,rifle,,0.6333,0.4356,Jamppi,Team Vitality,kayo,True,100,50,1,1,0,6,False,vandal,rifle,,0.8867,0.3356,Sayonara,Team Vitality,sova,True,70,24,0,2,0,7,True,vandal,rifle,,0.7422,0.7044,PROFEK,Team Vitality,astra,True,100,25,1,2,0,7,True,phantom,rifle,,0.5711,0.5567
870.870,1581,ACTIVE_ROUND,5,3,3,42.000,,,s0pp,FUT Esports,chamber,True,100,50,0,4,1,0,False,operator,sniper,,0.2756,0.3178,xeus,FUT Esports,jett,False,,50,2,1,0,1,False,vandal,rifle,,,,sociablEE,FUT Esports,fade,True,100,50,0,1,1,0,False,phantom,rifle,,0.9211,0.4667,yetujey,FUT Esports,astra,True,100,50,0,0,0,2,False,vandal,rifle,,0.1267,0.4100,KROSTALY,FUT Esports,kayo,True,100,50,0,2,0,1,False,vandal,rifle,,0.8856,0.3322,Chronicle,Team Vitality,chamber,True,100,25,0,8,1,7,True,classic,sidearm,,0.5789,0.4467,Derke,Team Vitality,neon,True,100,50,1,0,0,2,False,phantom,rifle,,0.6333,0.4356,Jamppi,Team Vitality,kayo,True,100,50,1,1,0,6,False,vandal,rifle,,0.8867,0.3356,Sayonara,Team Vitality,sova,True,70,24,0,2,0,7,True,vandal,rifle,,0.7422,0.6956,PROFEK,Team Vitality,astra,True,100,25,1,2,0,7,True,phantom,rifle,,0.5711,0.5567
871.354,1582,ACTIVE_ROUND,5,3,3,42.000,,,s0pp,FUT Esports,chamber,True,100,50,0,4,1,0,False,operator,sniper,,0.2756,0.3178,xeus,FUT Esports,jett,False,,50,2,1,0,1,False,vandal,rifle,,,,sociablEE,FUT Esports,fade,True,100,50,0,1,1,0,False,phantom,rifle,,0.9122,0.4622,yetujey,FUT Esports,astra,True,100,50,0,0,0,2,False,vandal,rifle,,0.1267,0.4100,KROSTALY,FUT Esports,kayo,True,100,50,0,2,0,1,False,vandal,rifle,,0.8856,0.3322,Chronicle,Team Vitality,chamber,True,100,25,0,8,1,7,True,classic,sidearm,,0.8589,0.4778,Derke,Team Vitality,neon,True,100,50,1,0,0,2,False,phantom,rifle,,0.6333,0.4356,Jamppi,Team Vitality,kayo,True,100,50,1,1,0,6,False,vandal,rifle,,0.8867,0.3356,Sayonara,Team Vitality,sova,True,70,24,0,2,0,7,True,vandal,rifle,,0.7422,0.6867,PROFEK,Team Vitality,astra,True,100,25,1,2,0,7,True,phantom,rifle,,0.5711,0.5567
871.838,1583,ACTIVE_ROUND,5,3,3,41.000,,,s0pp,FUT Esports,chamber,True,100,50,0,4,1,0,False,operator,sniper,,0.2756,0.3178,xeus,FUT Esports,jett,False,,50,2,1,0,1,False,vandal,rifle,,,,sociablEE,FUT Esports,fade,True,100,50,0,1,1,0,False,phantom,rifle,,0.9033,0.4578,yetujey,FUT Esports,astra,True,100,50,0,0,0,2,False,vandal,rifle,,0.1267,0.4100,KROSTALY,FUT Esports,kayo,True,100,50,0,2,0,1,False,vandal,rifle,,0.8856,0.3322,Chronicle,Team Vitality,chamber,True,100,25,0,8,1,7,True,classic,sidearm,,0.5789,0.4467,Derke,Team Vitality,neon,True,100,50,1,0,0,2,False,phantom,rifle,,0.6333,0.4356,Jamppi,Team Vitality,kayo,True,100,50,1,1,0,6,False,vandal,rifle,,0.8867,0.3356,Sayonara,Team Vitality,sova,True,70,24,0,2,0,7,True,vandal,rifle,,0.7311,0.6844,PROFEK,Team Vitality,astra,True,100,25,1,2,0,7,True,phantom,rifle,,0.5711,0.5567
872.321,1584,ACTIVE_ROUND,5,3,3,41.000,,,s0pp,FUT Esports,chamber,True,100,50,0,4,1,0,False,operator,sniper,,0.2756,0.3178,xeus,FUT Esports,jett,False,,50,2,1,0,1,False,vandal,rifle,,,,sociablEE,FUT Esports,fade,True,100,50,0,1,1,0,False,phantom,rifle,,0.9033,0.4578,yetujey,FUT Esports,astra,True,100,50,0,0,0,2,False,vandal,rifle,,0.1267,0.4100,KROSTALY,FUT Esports,kayo,True,100,50,0,2,0,1,False,vandal,rifle,,0.8856,0.3322,Chronicle,Team Vitality,chamber,True,100,25,0,8,1,7,True,classic,sidearm,,0.4522,0.9267,Derke,Team Vitality,neon,True,100,50,1,0,0,2,False,phantom,rifle,,0.6333,0.4356,Jamppi,Team Vitality,kayo,True,100,50,1,1,0,6,False,vandal,rifle,,0.7111,0.4378,Sayonara,Team Vitality,sova,True,70,24,0,2,0,7,True,vandal,rifle,,0.7311,0.6844,PROFEK,Team Vitality,astra,True,100,25,1,2,0,7,True,phantom,rifle,,0.5711,0.5567
872.805,1585,ACTIVE_ROUND,5,3,3,41.000,,,s0pp,FUT Esports,chamber,True,100,50,0,4,1,0,False,operator,sniper,,0.2756,0.3178,xeus,FUT Esports,jett,False,,50,2,1,0,1,False,vandal,rifle,,,,sociablEE,FUT Esports,fade,True,100,50,0,1,1,0,False,phantom,rifle,,0.8900,0.4578,yetujey,FUT Esports,astra,True,100,50,0,0,0,2,False,vandal,rifle,,0.1267,0.4100,KROSTALY,FUT Esports,kayo,True,100,50,0,2,0,1,False,vandal,rifle,,0.8856,0.3322,Chronicle,Team Vitality,chamber,True,100,25,0,8,1,7,True,classic,sidearm,,0.5567,0.7156,Derke,Team Vitality,neon,True,100,50,1,0,0,2,False,phantom,rifle,,0.6333,0.4356,Jamppi,Team Vitality,kayo,True,100,50,1,1,0,6,False,vandal,rifle,,0.7089,0.4400,Sayonara,Team Vitality,sova,True,70,24,0,2,0,7,True,vandal,rifle,,0.7311,0.6844,PROFEK,Team Vitality,astra,True,100,25,1,2,0,7,True,phantom,rifle,,0.5711,0.5567
873.289,1586,ACTIVE_ROUND,5,3,3,40.000,,,s0pp,FUT Esports,chamber,True,100,50,0,4,1,0,False,operator,sniper,,0.2756,0.3178,xeus,FUT Esports,jett,False,,50,2,1,0,1,False,vandal,rifle,,,,sociablEE,FUT Esports,fade,True,100,50,0,1,1,0,False,phantom,rifle,,0.8900,0.4578,yetujey,FUT Esports,astra,True,100,50,0,0,0,2,False,vandal,rifle,,0.1267,0.4100,KROSTALY,FUT Esports,kayo,True,100,50,0,2,0,1,False,vandal,rifle,,0.8856,0.3322,Chronicle,Team Vitality,chamber,True,100,25,0,8,1,7,True,classic,sidearm,,0.5567,0.7156,Derke,Team Vitality,neon,True,100,50,1,0,0,2,False,phantom,rifle,,0.6333,0.4356,Jamppi,Team Vitality,kayo,True,100,50,1,1,0,6,False,vandal,rifle,,0.7111,0.4378,Sayonara,Team Vitality,sova,True,70,24,0,2,0,7,True,vandal,rifle,,0.7311,0.6844,PROFEK,Team Vitality,astra,True,100,25,1,2,0,7,True,phantom,rifle,,0.5711,0.5567
873.773,1587,ACTIVE_ROUND,5,3,3,40.000,,,s0pp,FUT Esports,chamber,True,100,50,0,4,1,0,False,operator,sniper,,0.2756,0.3178,xeus,FUT Esports,jett,False,,50,2,1,0,1,False,vandal,rifle,,,,sociablEE,FUT Esports,fade,True,100,50,0,1,1,0,False,phantom,rifle,,0.8900,0.4578,yetujey,FUT Esports,astra,True,100,50,0,0,0,2,False,vandal,rifle,,0.1267,0.4100,KROSTALY,FUT Esports,kayo,True,100,50,0,2,0,1,False,vandal,rifle,,0.8856,0.3322,Chronicle,Team Vitality,chamber,True,100,25,0,8,1,7,True,classic,sidearm,,0.5567,0.7156,Derke,Team Vitality,neon,True,100,50,1,0,0,2,False,phantom,rifle,,0.6333,0.4356,Jamppi,Team Vitality,kayo,True,100,50,1,1,0,6,False,vandal,rifle,,0.7111,0.4378,Sayonara,Team Vitality,sova,True,70,24,0,2,0,7,True,vandal,rifle,,0.7311,0.6844,PROFEK,Team Vitality,astra,True,100,25,1,2,0,7,True,phantom,rifle,,0.5711,0.5567
874.257,1588,ACTIVE_ROUND,5,3,3,39.000,,,s0pp,FUT Esports,chamber,True,100,50,0,4,1,0,False,operator,sniper,,0.2756,0.3178,xeus,FUT Esports,jett,False,,50,2,1,0,1,False,vandal,rifle,,,,sociablEE,FUT Esports,fade,True,100,50,0,1,1,0,False,phantom,rifle,,0.8900,0.4578,yetujey,FUT Esports,astra,True,100,50,0,0,0,2,False,vandal,rifle,,0.1267,0.4100,KROSTALY,FUT Esports,kayo,True,100,50,0,2,0,1,False,vandal,rifle,,0.8856,0.3322,Chronicle,Team Vitality,chamber,True,100,25,0,8,1,7,True,classic,sidearm,,0.3922,0.6978,Derke,Team Vitality,neon,True,100,50,1,0,0,2,False,phantom,rifle,,0.6333,0.4356,Jamppi,Team Vitality,kayo,True,100,50,1,1,0,6,False,vandal,rifle,,0.7111,0.4378,Sayonara,Team Vitality,sova,True,70,24,0,2,0,7,True,vandal,rifle,,0.7311,0.6844,PROFEK,Team Vitality,astra,True,100,25,1,2,0,7,True,phantom,rifle,,0.5711,0.5567
874.741,1589,ACTIVE_ROUND,5,3,3,39.000,,,s0pp,FUT Esports,chamber,True,100,50,0,4,1,0,False,operator,sniper,,0.2756,0.3178,xeus,FUT Esports,jett,False,,50,2,1,0,1,False,vandal,rifle,,,,sociablEE,FUT Esports,fade,True,100,50,0,1,1,0,False,phantom,rifle,,0.8900,0.4578,yetujey,FUT Esports,astra,True,100,50,0,0,0,2,False,vandal,rifle,,0.1267,0.4100,KROSTALY,FUT Esports,kayo,True,100,50,0,2,0,1,False,vandal,rifle,,0.8856,0.3322,Chronicle,Team Vitality,chamber,True,100,25,0,8,1,7,True,classic,sidearm,,0.3922,0.6978,Derke,Team Vitality,neon,True,100,50,1,0,0,2,False,phantom,rifle,,0.6333,0.4356,Jamppi,Team Vitality,kayo,True,100,50,1,1,0,6,False,vandal,rifle,,0.7111,0.4378,Sayonara,Team Vitality,sova,True,70,24,0,2,0,7,True,vandal,rifle,,0.7311,0.6844,PROFEK,Team Vitality,astra,True,100,25,1,2,0,7,True,phantom,rifle,,0.5711,0.5567
875.224,1590,ACTIVE_ROUND,5,3,3,38.000,,,s0pp,FUT Esports,chamber,True,100,50,0,4,1,0,False,operator,sniper,,0.2756,0.3178,xeus,FUT Esports,jett,False,,50,2,1,0,1,False,vandal,rifle,,,,sociablEE,FUT Esports,fade,True,100,50,0,1,1,0,False,phantom,rifle,,0.8900,0.4578,yetujey,FUT Esports,astra,True,100,50,0,0,0,2,False,vandal,rifle,,0.1267,0.4100,KROSTALY,FUT Esports,kayo,True,100,50,0,2,0,1,False,vandal,rifle,,0.8856,0.3322,Chronicle,Team Vitality,chamber,True,100,25,0,8,1,7,True,classic,sidearm,,0.5567,0.7156,Derke,Team Vitality,neon,True,100,50,1,0,0,2,False,phantom,rifle,,0.6333,0.4356,Jamppi,Team Vitality,kayo,True,100,50,1,1,0,6,False,vandal,rifle,,0.7111,0.4378,Sayonara,Team Vitality,sova,True,70,24,0,2,0,7,True,vandal,rifle,,0.7311,0.6844,PROFEK,Team Vitality,astra,True,100,25,1,2,0,7,True,phantom,rifle,,0.5711,0.5567
875.708,1591,ACTIVE_ROUND,5,3,3,38.000,,,s0pp,FUT Esports,chamber,True,100,50,0,4,1,0,False,operator,sniper,,0.2756,0.3156,xeus,FUT Esports,jett,False,,50,2,1,0,1,False,vandal,rifle,,,,sociablEE,FUT Esports,fade,True,100,50,0,1,1,0,False,phantom,rifle,,0.8900,0.4578,yetujey,FUT Esports,astra,True,100,50,0,0,0,2,False,vandal,rifle,,0.1267,0.4100,KROSTALY,FUT Esports,kayo,True,100,50,0,2,0,1,False,vandal,rifle,,0.8856,0.3322,Chronicle,Team Vitality,chamber,True,100,25,0,8,1,7,True,classic,sidearm,,0.5567,0.7156,Derke,Team Vitality,neon,True,100,50,1,0,0,2,False,phantom,rifle,,0.6867,0.4311,Jamppi,Team Vitality,kayo,True,100,50,1,1,0,6,False,vandal,rifle,,0.7111,0.4378,Sayonara,Team Vitality,sova,True,70,24,0,2,0,7,True,vandal,rifle,,0.7311,0.6844,PROFEK,Team Vitality,astra,True,100,25,1,2,0,7,True,phantom,rifle,,0.5711,0.5567
876.192,1592,ACTIVE_ROUND,5,3,3,37.000,,,s0pp,FUT Esports,chamber,True,100,50,0,4,1,0,False,operator,sniper,,0.2756,0.3133,xeus,FUT Esports,jett,False,,50,2,1,0,1,False,vandal,rifle,,,,sociablEE,FUT Esports,fade,True,100,50,0,1,1,0,False,phantom,rifle,,0.8900,0.4578,yetujey,FUT Esports,astra,True,100,50,0,0,0,2,False,vandal,rifle,,0.1244,0.3967,KROSTALY,FUT Esports,kayo,True,100,50,0,2,1,1,False,vandal,rifle,,0.8856,0.3322,Chronicle,Team Vitality,chamber,True,100,25,0,8,1,7,True,classic,sidearm,,0.6944,0.6756,Derke,Team Vitality,neon,True,100,50,1,0,0,2,False,phantom,rifle,,0.6956,0.4244,Jamppi,Team Vitality,kayo,True,100,50,1,1,0,6,False,vandal,rifle,,0.8933,0.3333,Sayonara,Team Vitality,sova,True,70,24,0,2,0,7,True,vandal,rifle,,0.7311,0.6844,PROFEK,Team Vitality,astra,True,100,25,1,1,0,7,True,phantom,rifle,,0.5711,0.5567
876.676,1593,ACTIVE_ROUND,5,3,3,37.000,,,s0pp,FUT Esports,chamber,True,100,50,0,4,1,0,False,operator,sniper,,0.2756,0.3133,xeus,FUT Esports,jett,False,,50,2,1,0,1,False,vandal,rifle,,,,sociablEE,FUT Esports,fade,True,100,50,0,1,1,0,False,phantom,rifle,,0.8900,0.4578,yetujey,FUT Esports,astra,True,100,50,0,0,0,2,False,vandal,rifle,,0.1244,0.3989,KROSTALY,FUT Esports,kayo,True,100,50,0,2,1,1,False,vandal,rifle,,0.8856,0.3322,Chronicle,Team Vitality,chamber,True,100,25,0,8,1,7,True,classic,sidearm,,0.8233,0.4800,Derke,Team Vitality,neon,True,100,50,1,0,0,2,False,phantom,rifle,,0.7044,0.4156,Jamppi,Team Vitality,kayo,True,100,50,1,1,0,6,False,vandal,rifle,,0.8911,0.3333,Sayonara,Team Vitality,sova,True,70,24,0,2,0,7,True,vandal,rifle,,0.7311,0.6844,PROFEK,Team Vitality,astra,True,100,25,1,1,0,7,True,phantom,rifle,,0.5711,0.5567
877.160,1594,ACTIVE_ROUND,5,3,3,36.000,,,s0pp,FUT Esports,chamber,True,100,50,0,4,1,0,False,operator,sniper,,0.2756,0.3156,xeus,FUT Esports,jett,False,,50,2,1,0,1,False,vandal,rifle,,,,sociablEE,FUT Esports,fade,True,100,50,0,1,1,0,False,phantom,rifle,,0.8900,0.4578,yetujey,FUT Esports,astra,True,100,50,0,0,0,2,False,vandal,rifle,,0.1244,0.3989,KROSTALY,FUT Esports,kayo,True,100,50,0,2,1,1,False,vandal,rifle,,0.8833,0.3278,Chronicle,Team Vitality,chamber,True,100,25,0,8,1,7,True,classic,sidearm,,0.6944,0.6467,Derke,Team Vitality,neon,True,100,50,1,0,0,2,False,phantom,rifle,,0.7111,0.4089,Jamppi,Team Vitality,kayo,True,100,50,1,1,0,6,False,vandal,rifle,,0.8911,0.3289,Sayonara,Team Vitality,sova,True,70,24,0,2,0,7,True,vandal,rifle,,0.7311,0.6844,PROFEK,Team Vitality,astra,True,100,25,1,1,0,7,True,phantom,rifle,,0.5711,0.5567
877.643,1595,ACTIVE_ROUND,5,3,3,36.000,,,s0pp,FUT Esports,chamber,True,100,50,0,4,1,0,False,operator,sniper,,0.2778,0.3156,xeus,FUT Esports,jett,False,,50,2,1,0,1,False,vandal,rifle,,,,sociablEE,FUT Esports,fade,True,100,50,0,1,1,0,False,phantom,rifle,,0.8900,0.4578,yetujey,FUT Esports,astra,True,100,50,0,0,0,2,False,vandal,rifle,,0.1244,0.3989,KROSTALY,FUT Esports,kayo,True,100,50,0,2,1,1,False,vandal,rifle,,0.5811,0.2922,Chronicle,Team Vitality,chamber,True,100,25,0,8,1,7,True,classic,sidearm,,0.6589,0.4822,Derke,Team Vitality,neon,True,100,50,1,0,0,2,False,phantom,rifle,,0.7156,0.4044,Jamppi,Team Vitality,kayo,True,100,50,1,1,0,6,False,vandal,rifle,,0.8911,0.3289,Sayonara,Team Vitality,sova,True,70,24,0,2,0,7,True,vandal,rifle,,0.7311,0.6844,PROFEK,Team Vitality,astra,True,100,25,1,1,0,7,True,phantom,rifle,,0.5711,0.5567
878.127,1596,ACTIVE_ROUND,5,3,3,35.000,,,s0pp,FUT Esports,chamber,True,100,50,0,4,1,0,False,operator,sniper,,0.2756,0.3156,xeus,FUT Esports,jett,False,,50,2,1,0,1,False,vandal,rifle,,,,sociablEE,FUT Esports,fade,True,100,50,0,1,1,0,False,phantom,rifle,,0.8678,0.4622,yetujey,FUT Esports,astra,True,100,50,0,0,0,2,False,vandal,rifle,,0.1244,0.3989,KROSTALY,FUT Esports,kayo,True,100,50,0,2,1,1,False,vandal,rifle,,0.5811,0.2922,Chronicle,Team Vitality,chamber,True,100,25,0,8,1,7,True,classic,sidearm,,0.6589,0.4822,Derke,Team Vitality,neon,True,100,50,1,0,0,2,False,phantom,rifle,,0.7178,0.3933,Jamppi,Team Vitality,kayo,True,100,50,1,0,0,6,False,vandal,rifle,,0.8867,0.3311,Sayonara,Team Vitality,sova,True,70,24,0,2,1,7,True,vandal,rifle,,0.7311,0.6844,PROFEK,Team Vitality,astra,True,100,25,0,1,0,0,False,phantom,rifle,,0.5711,0.5567
878.611,1597,ACTIVE_ROUND,5,3,3,35.000,,,s0pp,FUT Esports,chamber,True,100,50,0,4,1,0,False,operator,sniper,,0.2756,0.3156,xeus,FUT Esports,jett,False,,50,2,1,0,1,False,vandal,rifle,,,,sociablEE,FUT Esports,fade,True,100,50,0,1,1,0,False,phantom,rifle,,0.8678,0.4756,yetujey,FUT Esports,astra,True,100,50,0,0,0,2,False,vandal,rifle,,0.1267,0.4122,KROSTALY,FUT Esports,kayo,True,100,50,0,2,1,1,False,vandal,rifle,,0.1011,0.4411,Chronicle,Team Vitality,chamber,True,100,25,0,8,1,7,True,classic,sidearm,,0.6944,0.4667,Derke,Team Vitality,neon,True,100,50,1,0,0,2,False,phantom,rifle,,0.7156,0.3756,Jamppi,Team Vitality,kayo,True,100,50,1,0,0,6,False,vandal,rifle,,0.8889,0.3356,Sayonara,Team Vitality,sova,True,70,24,0,2,1,7,True,vandal,rifle,,0.7333,0.6733,PROFEK,Team Vitality,astra,True,100,25,0,1,0,0,False,phantom,rifle,,0.5467,0.6011
879.095,1598,ACTIVE_ROUND,5,3,3,34.000,,,s0pp,FUT Esports,chamber,True,100,50,0,4,1,0,False,operator,sniper,,0.2800,0.3156,xeus,FUT Esports,jett,False,,50,2,1,0,1,False,vandal,rifle,,,,sociablEE,FUT Esports,fade,True,100,50,0,1,1,0,False,phantom,rifle,,0.8678,0.4756,yetujey,FUT Esports,astra,True,100,50,0,0,0,2,False,vandal,rifle,,0.1267,0.4211,KROSTALY,FUT Esports,kayo,True,100,50,0,2,1,1,False,vandal,rifle,,0.1011,0.4456,Chronicle,Team Vitality,chamber,True,100,25,0,8,1,7,True,classic,sidearm,,0.3967,0.7067,Derke,Team Vitality,neon,True,100,50,1,0,0,2,False,phantom,rifle,,0.7200,0.3667,Jamppi,Team Vitality,kayo,True,100,50,1,0,0,6,False,vandal,rifle,,0.8911,0.3333,Sayonara,Team Vitality,sova,True,70,24,0,2,1,7,True,vandal,rifle,,0.7333,0.6733,PROFEK,Team Vitality,astra,True,100,25,0,1,0,0,False,phantom,rifle,,0.5467,0.6011
879.579,1599,ACTIVE_ROUND,5,3,3,34.000,,,s0pp,FUT Esports,chamber,True,100,50,0,4,1,0,False,operator,sniper,,0.2867,0.3200,xeus,FUT Esports,jett,False,,50,2,1,0,1,False,vandal,rifle,,,,sociablEE,FUT Esports,fade,True,100,50,0,1,1,0,False,phantom,rifle,,0.8678,0.4756,yetujey,FUT Esports,astra,True,100,50,0,0,0,2,False,vandal,rifle,,0.1267,0.4233,KROSTALY,FUT Esports,kayo,True,100,50,0,2,1,1,False,vandal,rifle,,0.1011,0.4500,Chronicle,Team Vitality,chamber,True,100,25,0,8,1,7,True,classic,sidearm,,0.6900,0.4756,Derke,Team Vitality,neon,True,100,50,1,0,0,2,False,phantom,rifle,,0.7333,0.3556,Jamppi,Team Vitality,kayo,True,100,50,1,0,0,6,False,vandal,rifle,,0.8911,0.3356,Sayonara,Team Vitality,sova,True,70,24,0,2,1,7,True,vandal,rifle,,0.7333,0.6733,PROFEK,Team Vitality,astra,True,100,25,0,1,0,0,False,phantom,rifle,,0.5467,0.6011
880.063,1600,ACTIVE_ROUND,5,3,3,33.000,,,s0pp,FUT Esports,chamber,True,100,50,0,4,1,0,False,operator,sniper,,0.2867,0.3200,xeus,FUT Esports,jett,False,,50,2,1,0,1,False,vandal,rifle,,,,sociablEE,FUT Esports,fade,True,100,50,0,1,1,0,False,phantom,rifle,,0.8678,0.4756,yetujey,FUT Esports,astra,True,100,50,0,0,0,2,False,vandal,rifle,,0.1267,0.4233,KROSTALY,FUT Esports,kayo,True,100,50,0,2,0,1,False,vandal,rifle,,0.0989,0.4278,Chronicle,Team Vitality,chamber,True,100,25,0,8,1,7,True,classic,sidearm,,0.6944,0.4600,Derke,Team Vitality,neon,True,100,50,1,0,0,2,False,phantom,rifle,,0.7511,0.3533,Jamppi,Team Vitality,kayo,True,100,50,1,0,0,6,False,vandal,rifle,,0.8911,0.3356,Sayonara,Team Vitality,sova,True,70,24,0,2,0,7,True,vandal,rifle,,0.7333,0.6733,PROFEK,Team Vitality,astra,True,100,25,0,1,0,0,False,phantom,rifle,,0.5467,0.6011
880.546,1601,ACTIVE_ROUND,5,3,3,33.000,,,s0pp,FUT Esports,chamber,True,100,50,0,4,1,0,False,operator,sniper,,0.2978,0.3556,xeus,FUT Esports,jett,False,,50,2,1,0,1,False,vandal,rifle,,,,sociablEE,FUT Esports,fade,True,100,50,0,1,1,0,False,phantom,rifle,,0.8678,0.4756,yetujey,FUT Esports,astra,True,100,50,0,0,0,2,False,vandal,rifle,,0.1267,0.4233,KROSTALY,FUT Esports,kayo,True,100,50,0,2,0,1,False,vandal,rifle,,0.2722,0.3389,Chronicle,Team Vitality,chamber,True,100,25,0,8,1,7,True,classic,sidearm,,0.6944,0.4422,Derke,Team Vitality,neon,True,100,50,1,0,0,2,False,phantom,rifle,,0.7689,0.3556,Jamppi,Team Vitality,kayo,True,100,50,1,0,0,6,False,vandal,rifle,,0.7600,0.3867,Sayonara,Team Vitality,sova,True,70,24,0,2,0,7,True,vandal,rifle,,0.7333,0.6733,PROFEK,Team Vitality,astra,True,100,25,0,1,0,0,False,phantom,rifle,,0.5467,0.6011
881.030,1602,ACTIVE_ROUND,5,3,3,32.000,,,s0pp,FUT Esports,chamber,True,100,50,0,4,1,0,False,operator,sniper,,0.3111,0.3667,xeus,FUT Esports,jett,False,,50,2,1,0,1,False,vandal,rifle,,,,sociablEE,FUT Esports,fade,True,100,50,0,1,1,0,False,phantom,rifle,,0.8344,0.4467,yetujey,FUT Esports,astra,True,100,50,0,0,0,2,False,vandal,rifle,,0.1267,0.4233,KROSTALY,FUT Esports,kayo,True,100,50,0,2,0,1,False,vandal,rifle,,0.8856,0.3300,Chronicle,Team Vitality,chamber,True,100,25,0,8,1,7,True,classic,sidearm,,0.0856,0.4511,Derke,Team Vitality,neon,True,100,50,1,0,0,2,False,phantom,rifle,,0.7822,0.3622,Jamppi,Team Vitality,kayo,True,100,50,1,0,0,6,False,vandal,rifle,,0.1133,0.4533,Sayonara,Team Vitality,sova,True,70,24,0,2,0,7,True,vandal,rifle,,0.7333,0.6733,PROFEK,Team Vitality,astra,True,100,25,0,1,0,0,False,phantom,rifle,,0.5467,0.6011
881.514,1603,ACTIVE_ROUND,5,3,3,32.000,,,s0pp,FUT Esports,chamber,True,100,50,0,4,1,0,False,operator,sniper,,0.3289,0.3733,xeus,FUT Esports,jett,False,,50,2,1,0,1,False,vandal,rifle,,,,sociablEE,FUT Esports,fade,True,100,50,0,1,1,0,False,phantom,rifle,,0.8256,0.4489,yetujey,FUT Esports,astra,True,100,50,0,0,0,2,False,vandal,rifle,,0.1267,0.4233,KROSTALY,FUT Esports,kayo,True,100,50,0,2,0,1,False,vandal,rifle,,0.1011,0.4633,Chronicle,Team Vitality,chamber,True,100,25,0,8,1,7,True,classic,sidearm,,0.5989,0.1244,Derke,Team Vitality,neon,True,100,50,1,0,0,2,False,phantom,rifle,,0.7956,0.3644,Jamppi,Team Vitality,kayo,True,100,50,1,0,0,6,False,vandal,rifle,,0.8933,0.3378,Sayonara,Team Vitality,sova,True,70,24,0,2,0,7,True,vandal,rifle,,0.7333,0.6733,PROFEK,Team Vitality,astra,True,100,25,0,1,0,0,False,phantom,rifle,,0.5467,0.6011
881.998,1604,ACTIVE_ROUND,5,3,3,31.000,,,s0pp,FUT Esports,chamber,True,100,50,0,4,1,0,False,operator,sniper,,0.3289,0.3733,xeus,FUT Esports,jett,False,,50,2,1,0,1,False,vandal,rifle,,,,sociablEE,FUT Esports,fade,False,,50,0,0,1,0,False,unknown,unknown,,0.8256,0.4489,yetujey,FUT Esports,astra,True,100,50,0,0,0,2,False,vandal,rifle,,0.1267,0.4233,KROSTALY,FUT Esports,kayo,True,100,50,0,1,0,1,False,vandal,rifle,,0.1011,0.4633,Chronicle,Team Vitality,chamber,True,100,25,0,8,1,7,True,classic,sidearm,,0.8900,0.3378,Derke,Team Vitality,neon,True,100,50,1,0,0,2,False,phantom,rifle,,0.7956,0.3644,Jamppi,Team Vitality,kayo,True,100,50,0,0,0,6,False,vandal,rifle,,0.8933,0.3378,Sayonara,Team Vitality,sova,True,70,24,0,2,0,7,True,vandal,rifle,,0.9289,0.3178,PROFEK,Team Vitality,astra,True,100,25,1,1,0,0,False,phantom,rifle,,0.5467,0.6011
882.482,1605,ACTIVE_ROUND,5,3,3,31.000,,,s0pp,FUT Esports,chamber,True,100,50,0,4,1,0,False,operator,sniper,,0.3289,0.3733,xeus,FUT Esports,jett,False,,50,2,1,0,1,False,vandal,rifle,,,,sociablEE,FUT Esports,fade,False,,50,0,0,1,0,False,unknown,unknown,,,,yetujey,FUT Esports,astra,True,100,50,0,0,0,2,False,vandal,rifle,,0.1267,0.4233,KROSTALY,FUT Esports,kayo,True,82,13,0,1,0,1,False,vandal,rifle,,0.3456,0.3278,Chronicle,Team Vitality,chamber,True,100,25,0,8,1,7,True,classic,sidearm,,0.0856,0.3778,Derke,Team Vitality,neon,True,100,50,1,0,0,2,False,phantom,rifle,,0.7956,0.3644,Jamppi,Team Vitality,kayo,True,100,50,0,0,0,6,False,vandal,rifle,,0.8933,0.3378,Sayonara,Team Vitality,sova,True,70,24,0,2,0,7,True,vandal,rifle,,0.9289,0.3178,PROFEK,Team Vitality,astra,True,100,25,1,1,0,0,False,phantom,rifle,,0.5467,0.6011
882.965,1606,ACTIVE_ROUND,5,3,3,30.000,,,s0pp,FUT Esports,chamber,True,100,50,0,4,1,0,False,operator,sniper,,0.3289,0.3733,xeus,FUT Esports,jett,False,,50,2,1,0,1,False,vandal,rifle,,,,sociablEE,FUT Esports,fade,False,,50,0,0,1,0,False,unknown,unknown,,,,yetujey,FUT Esports,astra,True,100,50,0,0,0,2,False,vandal,rifle,,0.1267,0.4233,KROSTALY,FUT Esports,kayo,True,82,13,0,1,0,1,False,vandal,rifle,,0.3300,0.3233,Chronicle,Team Vitality,chamber,True,100,25,0,8,1,7,True,classic,sidearm,,0.4233,0.6578,Derke,Team Vitality,neon,True,100,50,1,0,0,2,False,phantom,rifle,,0.7956,0.3644,Jamppi,Team Vitality,kayo,True,100,50,0,0,0,6,False,vandal,rifle,,0.8933,0.3378,Sayonara,Team Vitality,sova,True,70,24,0,2,0,7,True,vandal,rifle,,0.9289,0.3178,PROFEK,Team Vitality,astra,True,100,25,1,1,0,0,False,phantom,rifle,,0.5467,0.6011
883.449,1607,ACTIVE_ROUND,5,3,3,30.000,,,s0pp,FUT Esports,chamber,True,100,50,0,4,1,0,False,operator,sniper,,0.3289,0.3733,xeus,FUT Esports,jett,False,,50,2,1,0,1,False,vandal,rifle,,,,sociablEE,FUT Esports,fade,False,,50,0,0,1,0,False,unknown,unknown,,,,yetujey,FUT Esports,astra,True,100,50,0,0,0,2,False,vandal,rifle,,0.1267,0.4233,KROSTALY,FUT Esports,kayo,True,37,13,0,1,0,1,False,vandal,rifle,,0.3300,0.3233,Chronicle,Team Vitality,chamber,True,100,25,0,8,1,7,True,classic,sidearm,,0.4278,0.6578,Derke,Team Vitality,neon,True,100,50,1,0,0,2,False,phantom,rifle,,0.7956,0.3644,Jamppi,Team Vitality,kayo,True,100,50,0,0,0,6,False,vandal,rifle,,0.8933,0.3378,Sayonara,Team Vitality,sova,True,70,24,0,2,0,7,True,vandal,rifle,,0.9289,0.3178,PROFEK,Team Vitality,astra,True,100,25,1,1,0,0,False,phantom,rifle,,0.5467,0.6011
883.933,1608,ACTIVE_ROUND,5,3,3,29.000,,,s0pp,FUT Esports,chamber,True,100,50,0,4,1,0,False,operator,sniper,,0.3289,0.3733,xeus,FUT Esports,jett,False,,50,2,1,0,1,False,vandal,rifle,,,,sociablEE,FUT Esports,fade,False,,50,0,0,1,0,False,unknown,unknown,,,,yetujey,FUT Esports,astra,True,100,50,0,0,0,2,False,vandal,rifle,,0.1267,0.4233,KROSTALY,FUT Esports,kayo,True,37,13,0,1,0,1,False,vandal,rifle,,0.1900,0.4144,Chronicle,Team Vitality,chamber,True,100,25,0,8,1,7,True,classic,sidearm,,0.7100,0.7800,Derke,Team Vitality,neon,True,100,50,1,0,0,3,False,phantom,rifle,,0.7956,0.3644,Jamppi,Team Vitality,kayo,True,100,50,0,0,0,6,False,vandal,rifle,,0.8933,0.3378,Sayonara,Team Vitality,sova,True,70,24,0,2,0,7,True,vandal,rifle,,0.9289,0.3178,PROFEK,Team Vitality,astra,True,100,25,1,1,0,0,False,phantom,rifle,,0.5467,0.6011
884.417,1609,ACTIVE_ROUND,5,3,3,29.000,,,s0pp,FUT Esports,chamber,True,100,50,0,4,1,0,False,operator,sniper,,0.4156,0.2778,xeus,FUT Esports,jett,False,,50,2,1,0,1,False,vandal,rifle,,,,sociablEE,FUT Esports,fade,False,,50,0,0,1,0,False,unknown,unknown,,,,yetujey,FUT Esports,astra,True,100,50,0,0,0,2,False,vandal,rifle,,0.1267,0.4233,KROSTALY,FUT Esports,kayo,True,37,13,0,1,0,1,False,vandal,rifle,,0.2056,0.4033,Chronicle,Team Vitality,chamber,True,100,25,0,8,1,7,True,classic,sidearm,,0.6056,0.1556,Derke,Team Vitality,neon,True,100,50,1,0,0,3,False,phantom,rifle,,0.7956,0.3644,Jamppi,Team Vitality,kayo,True,100,50,0,0,0,6,False,vandal,rifle,,0.8933,0.3378,Sayonara,Team Vitality,sova,True,70,24,0,2,0,7,True,vandal,rifle,,0.9289,0.3178,PROFEK,Team Vitality,astra,True,100,25,1,1,0,0,False,phantom,rifle,,0.5467,0.6011
884.901,1610,ACTIVE_ROUND,5,3,3,28.000,,,s0pp,FUT Esports,chamber,True,100,50,0,4,1,0,False,operator,sniper,,0.4356,0.2667,xeus,FUT Esports,jett,False,,50,2,1,0,1,False,vandal,rifle,,,,sociablEE,FUT Esports,fade,False,,50,0,0,1,0,False,unknown,unknown,,,,yetujey,FUT Esports,astra,True,100,50,0,0,0,2,False,vandal,rifle,,0.1267,0.4233,KROSTALY,FUT Esports,kayo,True,37,13,0,1,0,1,False,vandal,rifle,,0.8833,0.2789,Chronicle,Team Vitality,chamber,True,100,25,0,8,1,7,True,classic,sidearm,,0.6811,0.4022,Derke,Team Vitality,neon,True,100,50,1,0,0,3,False,phantom,rifle,,0.8156,0.3978,Jamppi,Team Vitality,kayo,True,100,50,0,0,0,6,False,vandal,rifle,,0.8933,0.3378,Sayonara,Team Vitality,sova,True,70,24,0,2,0,7,True,vandal,rifle,,0.8711,0.5711,PROFEK,Team Vitality,astra,True,100,25,1,1,0,0,False,phantom,rifle,,0.5467,0.6011
885.385,1611,ACTIVE_ROUND,5,3,3,28.000,,,s0pp,FUT Esports,chamber,True,100,50,0,4,1,0,False,operator,sniper,,0.4556,0.2578,xeus,FUT Esports,jett,False,,50,2,1,0,1,False,vandal,rifle,,,,sociablEE,FUT Esports,fade,False,,50,0,0,1,0,False,unknown,unknown,,,,yetujey,FUT Esports,astra,True,100,50,0,0,0,2,False,vandal,rifle,,0.2356,0.3922,KROSTALY,FUT Esports,kayo,True,37,13,0,1,0,1,False,vandal,rifle,,0.8878,0.2944,Chronicle,Team Vitality,chamber,True,100,25,0,8,1,7,True,classic,sidearm,,0.6811,0.4044,Derke,Team Vitality,neon,True,100,50,1,0,0,3,False,phantom,rifle,,0.8200,0.4156,Jamppi,Team Vitality,kayo,True,100,50,0,0,0,6,False,vandal,rifle,,0.9133,0.3644,Sayonara,Team Vitality,sova,True,70,24,0,2,0,7,True,vandal,rifle,,0.8911,0.5667,PROFEK,Team Vitality,astra,True,100,25,1,1,0,0,False,phantom,rifle,,0.5178,0.6344
885.868,1612,ACTIVE_ROUND,5,3,3,27.000,,,s0pp,FUT Esports,chamber,True,100,50,0,4,1,0,False,operator,sniper,,0.4778,0.2489,xeus,FUT Esports,jett,False,,50,2,1,0,1,False,vandal,rifle,,,,sociablEE,FUT Esports,fade,False,,50,0,0,1,0,False,unknown,unknown,,,,yetujey,FUT Esports,astra,True,100,50,0,0,0,2,False,vandal,rifle,,0.2533,0.3856,KROSTALY,FUT Esports,kayo,True,37,13,0,1,0,1,False,vandal,rifle,,0.8900,0.3122,Chronicle,Team Vitality,chamber,True,100,25,0,8,1,7,True,classic,sidearm,,0.7767,0.4356,Derke,Team Vitality,neon,True,100,50,1,0,0,3,False,phantom,rifle,,0.8200,0.4156,Jamppi,Team Vitality,kayo,True,100,50,0,0,0,6,False,vandal,rifle,,0.9178,0.3644,Sayonara,Team Vitality,sova,True,70,24,0,2,0,7,True,vandal,rifle,,0.9022,0.5467,PROFEK,Team Vitality,astra,True,100,25,1,1,0,0,False,phantom,rifle,,0.5267,0.6322
886.352,1613,ACTIVE_ROUND,5,3,3,27.000,,,s0pp,FUT Esports,chamber,True,100,50,0,4,1,0,False,operator,sniper,,0.4956,0.2422,xeus,FUT Esports,jett,False,,50,2,1,0,1,False,vandal,rifle,,,,sociablEE,FUT Esports,fade,False,,50,0,0,1,0,False,unknown,unknown,,,,yetujey,FUT Esports,astra,True,100,50,0,0,0,2,False,vandal,rifle,,0.2533,0.3856,KROSTALY,FUT Esports,kayo,True,37,13,0,1,0,1,False,vandal,rifle,,0.8922,0.3189,Chronicle,Team Vitality,chamber,True,100,25,0,8,1,7,True,classic,sidearm,,0.0856,0.3800,Derke,Team Vitality,neon,True,100,50,1,0,0,3,False,phantom,rifle,,0.8200,0.4156,Jamppi,Team Vitality,kayo,True,100,50,0,0,0,6,False,vandal,rifle,,0.9178,0.3667,Sayonara,Team Vitality,sova,True,70,24,0,2,0,7,True,vandal,rifle,,0.8956,0.5311,PROFEK,Team Vitality,astra,True,100,25,1,1,0,0,False,phantom,rifle,,0.5378,0.6300
886.836,1614,ACTIVE_ROUND,5,3,3,26.000,,,s0pp,FUT Esports,chamber,True,100,50,0,4,1,0,False,operator,sniper,,0.4956,0.2422,xeus,FUT Esports,jett,False,,50,2,1,0,1,False,vandal,rifle,,,,sociablEE,FUT Esports,fade,False,,50,0,0,1,0,False,unknown,unknown,,,,yetujey,FUT Esports,astra,True,100,50,0,0,0,2,False,vandal,rifle,,0.2533,0.3856,KROSTALY,FUT Esports,kayo,True,37,13,0,1,0,1,False,vandal,rifle,,0.4633,0.2367,Chronicle,Team Vitality,chamber,True,100,25,0,8,1,7,True,classic,sidearm,,0.6811,0.4044,Derke,Team Vitality,neon,True,100,50,1,0,0,3,False,phantom,rifle,,0.8200,0.4156,Jamppi,Team Vitality,kayo,True,100,50,0,0,0,6,False,vandal,rifle,,0.8978,0.3267,Sayonara,Team Vitality,sova,True,70,24,0,2,0,7,True,vandal,rifle,,0.8778,0.5222,PROFEK,Team Vitality,astra,True,100,25,1,1,0,0,False,phantom,rifle,,0.5467,0.6256
887.320,1615,ACTIVE_ROUND,5,3,3,26.000,,,s0pp,FUT Esports,chamber,True,100,50,0,4,1,0,False,operator,sniper,,0.4956,0.2422,xeus,FUT Esports,jett,False,,50,2,1,0,1,False,vandal,rifle,,,,sociablEE,FUT Esports,fade,False,,50,0,0,1,0,False,unknown,unknown,,,,yetujey,FUT Esports,astra,True,100,50,0,0,0,2,False,vandal,rifle,,0.3089,0.3744,KROSTALY,FUT Esports,kayo,True,37,13,0,1,0,1,False,vandal,rifle,,0.5344,0.2078,Chronicle,Team Vitality,chamber,True,100,25,0,8,1,7,True,classic,sidearm,,0.0856,0.3822,Derke,Team Vitality,neon,True,100,50,1,0,0,3,False,phantom,rifle,,0.8200,0.4156,Jamppi,Team Vitality,kayo,True,100,50,0,0,0,6,False,vandal,rifle,,0.8956,0.3378,Sayonara,Team Vitality,sova,True,70,24,0,2,0,7,True,vandal,rifle,,0.8778,0.5222,PROFEK,Team Vitality,astra,True,100,25,1,1,0,0,False,phantom,rifle,,0.5578,0.6211
887.804,1616,ACTIVE_ROUND,5,3,3,26.000,,,s0pp,FUT Esports,chamber,True,100,50,0,4,1,0,False,operator,sniper,,0.4956,0.2422,xeus,FUT Esports,jett,False,,50,2,1,0,1,False,vandal,rifle,,,,sociablEE,FUT Esports,fade,False,,50,0,0,1,0,False,unknown,unknown,,,,yetujey,FUT Esports,astra,True,100,50,0,0,0,2,False,vandal,rifle,,0.3333,0.3722,KROSTALY,FUT Esports,kayo,True,37,13,0,0,0,1,False,vandal,rifle,,0.5811,0.2944,Chronicle,Team Vitality,chamber,True,100,25,0,8,1,7,True,classic,sidearm,,0.0856,0.3800,Derke,Team Vitality,neon,True,100,50,1,0,0,3,False,phantom,rifle,,0.8378,0.4489,Jamppi,Team Vitality,kayo,True,100,50,0,0,1,6,False,vandal,rifle,,0.8956,0.3467,Sayonara,Team Vitality,sova,True,70,24,0,2,0,7,True,vandal,rifle,,0.8778,0.5222,PROFEK,Team Vitality,astra,True,100,25,1,1,0,0,False,phantom,rifle,,0.5689,0.6167
888.287,1617,ACTIVE_ROUND,5,3,3,25.000,,,s0pp,FUT Esports,chamber,True,100,50,0,4,1,0,False,operator,sniper,,0.4956,0.2422,xeus,FUT Esports,jett,False,,50,2,1,0,1,False,vandal,rifle,,,,sociablEE,FUT Esports,fade,False,,50,0,0,1,0,False,unknown,unknown,,,,yetujey,FUT Esports,astra,True,100,50,0,0,0,2,False,vandal,rifle,,0.3556,0.3656,KROSTALY,FUT Esports,kayo,True,37,13,0,0,0,1,False,vandal,rifle,,0.5433,0.1033,Chronicle,Team Vitality,chamber,True,100,25,0,8,1,7,True,classic,sidearm,,0.0856,0.3822,Derke,Team Vitality,neon,True,100,50,1,0,0,3,False,phantom,rifle,,0.8467,0.4578,Jamppi,Team Vitality,kayo,True,100,50,0,0,1,6,False,vandal,rifle,,0.8978,0.3489,Sayonara,Team Vitality,sova,True,70,24,0,2,0,7,True,vandal,rifle,,0.8778,0.5222,PROFEK,Team Vitality,astra,True,100,25,1,1,0,0,False,phantom,rifle,,0.5800,0.6144
888.771,1618,ACTIVE_ROUND,5,3,3,25.000,,,s0pp,FUT Esports,chamber,True,100,50,0,4,1,0,False,operator,sniper,,0.4956,0.2422,xeus,FUT Esports,jett,False,,50,2,1,0,1,False,vandal,rifle,,,,sociablEE,FUT Esports,fade,False,,50,0,0,1,0,False,unknown,unknown,,,,yetujey,FUT Esports,astra,True,100,50,0,0,0,2,False,vandal,rifle,,0.3711,0.3500,KROSTALY,FUT Esports,kayo,True,37,13,0,0,0,1,False,vandal,rifle,,0.5433,0.1033,Chronicle,Team Vitality,chamber,True,100,25,0,8,1,7,True,classic,sidearm,,0.0856,0.3822,Derke,Team Vitality,neon,True,100,50,1,0,0,3,False,phantom,rifle,,0.8467,0.4578,Jamppi,Team Vitality,kayo,True,100,50,0,0,1,6,False,vandal,rifle,,0.9133,0.3489,Sayonara,Team Vitality,sova,True,70,24,0,2,0,7,True,vandal,rifle,,0.8778,0.5222,PROFEK,Team Vitality,astra,True,100,25,1,1,0,0,False,phantom,rifle,,0.5867,0.6056
889.255,1619,ACTIVE_ROUND,5,3,3,24.000,,,s0pp,FUT Esports,chamber,True,100,50,0,4,1,0,False,operator,sniper,,0.4956,0.2422,xeus,FUT Esports,jett,False,,50,2,1,0,1,False,vandal,rifle,,,,sociablEE,FUT Esports,fade,False,,50,0,0,1,0,False,unknown,unknown,,,,yetujey,FUT Esports,astra,True,100,50,0,0,0,2,False,vandal,rifle,,0.3756,0.3278,KROSTALY,FUT Esports,kayo,True,37,13,0,0,0,1,False,vandal,rifle,,0.5344,0.1811,Chronicle,Team Vitality,chamber,True,100,25,0,8,1,7,True,classic,sidearm,,0.0856,0.3800,Derke,Team Vitality,neon,True,100,50,1,0,0,3,False,phantom,rifle,,0.8467,0.4578,Jamppi,Team Vitality,kayo,True,100,50,0,0,1,6,False,vandal,rifle,,0.9200,0.3378,Sayonara,Team Vitality,sova,True,70,24,0,2,0,7,True,vandal,rifle,,0.8156,0.5022,PROFEK,Team Vitality,astra,True,100,25,1,1,0,0,False,phantom,rifle,,0.5933,0.5967
890.706,1622,ACTIVE_ROUND,5,3,3,,0.000,,s0pp,FUT Esports,chamber,True,100,50,0,4,1,0,False,operator,sniper,,0.5889,0.1711,xeus,FUT Esports,jett,False,,50,2,1,0,1,False,vandal,rifle,,,,sociablEE,FUT Esports,fade,False,,50,0,0,1,0,False,unknown,unknown,,,,yetujey,FUT Esports,astra,True,100,50,0,0,0,2,False,vandal,rifle,,0.4222,0.2767,KROSTALY,FUT Esports,kayo,True,37,13,0,0,0,1,False,vandal,rifle,,0.9078,0.3433,Chronicle,Team Vitality,chamber,True,94,12,0,8,1,7,True,classic,sidearm,,0.6811,0.3867,Derke,Team Vitality,neon,True,100,50,1,0,0,3,False,phantom,rifle,,0.8333,0.4756,Jamppi,Team Vitality,kayo,True,100,50,0,0,1,6,False,vandal,rifle,,0.9044,0.3867,Sayonara,Team Vitality,sova,True,70,24,0,2,0,7,True,vandal,rifle,,0.8489,0.5067,PROFEK,Team Vitality,astra,True,100,25,1,1,0,0,False,phantom,rifle,,0.5933,0.5967
891.190,1623,ACTIVE_ROUND,5,3,3,,0.484,,s0pp,FUT Esports,chamber,True,100,50,0,4,1,0,False,operator,sniper,,0.6044,0.1733,xeus,FUT Esports,jett,False,,50,2,1,0,1,False,vandal,rifle,,,,sociablEE,FUT Esports,fade,False,,50,0,0,1,0,False,unknown,unknown,,,,yetujey,FUT Esports,astra,True,100,50,0,0,0,2,False,vandal,rifle,,0.4422,0.2678,KROSTALY,FUT Esports,kayo,True,37,13,0,0,0,1,False,vandal,rifle,,0.9144,0.3433,Chronicle,Team Vitality,chamber,True,94,12,0,8,1,7,True,classic,sidearm,,0.6811,0.3844,Derke,Team Vitality,neon,True,100,50,1,0,0,3,False,phantom,rifle,,0.8467,0.4867,Jamppi,Team Vitality,kayo,True,100,50,0,0,1,6,False,vandal,rifle,,0.9244,0.3444,Sayonara,Team Vitality,sova,True,70,24,0,2,0,7,True,vandal,rifle,,0.8644,0.5133,PROFEK,Team Vitality,astra,True,100,25,1,1,0,0,False,phantom,rifle,,0.5933,0.5967
891.674,1624,ACTIVE_ROUND,5,3,3,,0.968,,s0pp,FUT Esports,chamber,True,100,50,0,4,1,0,False,operator,sniper,,0.6178,0.1733,xeus,FUT Esports,jett,False,,50,2,1,0,1,False,vandal,rifle,,,,sociablEE,FUT Esports,fade,False,,50,0,0,1,0,False,unknown,unknown,,,,yetujey,FUT Esports,astra,True,100,50,0,0,0,2,False,vandal,rifle,,0.4644,0.2567,KROSTALY,FUT Esports,kayo,True,37,13,0,0,0,1,False,vandal,rifle,,0.9144,0.3433,Chronicle,Team Vitality,chamber,True,94,12,0,8,1,7,True,classic,sidearm,,0.6811,0.3844,Derke,Team Vitality,neon,True,100,50,1,0,0,3,False,phantom,rifle,,0.8644,0.4933,Jamppi,Team Vitality,kayo,True,100,50,0,0,0,7,False,vandal,rifle,,0.9156,0.3978,Sayonara,Team Vitality,sova,True,70,24,0,2,0,7,True,vandal,rifle,,0.8644,0.5133,PROFEK,Team Vitality,astra,True,100,25,0,1,0,0,False,phantom,rifle,,0.5933,0.5967
892.158,1625,ACTIVE_ROUND,5,3,3,,1.451,,s0pp,FUT Esports,chamber,True,100,50,0,4,1,0,False,operator,sniper,,0.6356,0.1711,xeus,FUT Esports,jett,False,,50,2,1,0,1,False,vandal,rifle,,,,sociablEE,FUT Esports,fade,False,,50,0,0,1,0,False,unknown,unknown,,,,yetujey,FUT Esports,astra,True,100,50,0,0,0,2,False,vandal,rifle,,0.4844,0.2500,KROSTALY,FUT Esports,kayo,False,,13,0,0,0,1,False,vandal,rifle,,0.9144,0.3433,Chronicle,Team Vitality,chamber,True,94,12,0,8,1,7,True,classic,sidearm,,0.6811,0.3867,Derke,Team Vitality,neon,True,100,50,1,0,0,3,False,phantom,rifle,,0.8778,0.5022,Jamppi,Team Vitality,kayo,True,100,50,0,0,0,7,False,vandal,rifle,,0.9156,0.3978,Sayonara,Team Vitality,sova,True,70,24,0,2,0,7,True,vandal,rifle,,0.8956,0.5356,PROFEK,Team Vitality,astra,True,100,25,0,1,0,0,False,phantom,rifle,,0.6244,0.6078
892.642,1626,ACTIVE_ROUND,5,3,3,,1.935,,s0pp,FUT Esports,chamber,True,100,50,0,4,1,0,False,operator,sniper,,0.6600,0.1689,xeus,FUT Esports,jett,False,,50,2,1,0,1,False,vandal,rifle,,,,sociablEE,FUT Esports,fade,False,,50,0,0,1,0,False,unknown,unknown,,,,yetujey,FUT Esports,astra,True,100,50,0,0,0,2,False,vandal,rifle,,0.5089,0.2411,KROSTALY,FUT Esports,kayo,False,,13,0,0,0,1,False,vandal,rifle,,,,Chronicle,Team Vitality,chamber,True,94,12,0,8,1,7,True,classic,sidearm,,0.0856,0.3822,Derke,Team Vitality,neon,True,100,50,1,0,0,3,False,phantom,rifle,,0.8978,0.5222,Jamppi,Team Vitality,kayo,True,100,50,0,0,0,7,False,vandal,rifle,,0.9133,0.4022,Sayonara,Team Vitality,sova,True,70,24,0,2,0,7,True,vandal,rifle,,0.8956,0.5356,PROFEK,Team Vitality,astra,True,100,25,0,1,0,0,False,phantom,rifle,,0.6244,0.6100
893.126,1627,ACTIVE_ROUND,5,3,3,,2.419,,s0pp,FUT Esports,chamber,True,100,50,0,4,1,0,False,operator,sniper,,0.6800,0.1711,xeus,FUT Esports,jett,False,,50,2,1,0,1,False,vandal,rifle,,,,sociablEE,FUT Esports,fade,False,,50,0,0,1,0,False,unknown,unknown,,,,yetujey,FUT Esports,astra,True,100,50,0,0,0,2,False,vandal,rifle,,0.5289,0.2367,KROSTALY,FUT Esports,kayo,False,,13,0,0,0,1,False,vandal,rifle,,,,Chronicle,Team Vitality,chamber,True,94,12,0,8,1,7,True,classic,sidearm,,0.0856,0.3822,Derke,Team Vitality,neon,True,100,50,1,0,0,3,False,phantom,rifle,,0.9044,0.5511,Jamppi,Team Vitality,kayo,True,100,50,0,0,0,7,False,vandal,rifle,,0.9022,0.4000,Sayonara,Team Vitality,sova,True,70,24,0,2,0,7,True,vandal,rifle,,0.8956,0.5356,PROFEK,Team Vitality,astra,True,100,25,0,1,0,0,False,phantom,rifle,,0.6267,0.6211
893.609,1628,ACTIVE_ROUND,5,3,3,,2.903,,s0pp,FUT Esports,chamber,True,100,50,0,4,1,0,False,operator,sniper,,0.6711,0.1756,xeus,FUT Esports,jett,False,,50,2,1,0,1,False,vandal,rifle,,,,sociablEE,FUT Esports,fade,False,,50,0,0,1,0,False,unknown,unknown,,,,yetujey,FUT Esports,astra,True,100,50,0,0,0,2,False,vandal,rifle,,0.5133,0.2433,KROSTALY,FUT Esports,kayo,False,,13,0,0,0,1,False,vandal,rifle,,,,Chronicle,Team Vitality,chamber,True,94,12,0,8,1,7,True,classic,sidearm,,0.0856,0.3822,Derke,Team Vitality,neon,True,100,50,1,0,0,3,False,phantom,rifle,,0.8911,0.5711,Jamppi,Team Vitality,kayo,False,,50,0,0,0,7,True,vandal,rifle,,0.8978,0.3844,Sayonara,Team Vitality,sova,True,70,24,0,2,0,7,True,vandal,rifle,,0.8956,0.5356,PROFEK,Team Vitality,astra,True,100,25,1,1,0,0,False,phantom,rifle,,0.6333,0.6300
894.093,1629,ACTIVE_ROUND,5,3,3,,3.387,,s0pp,FUT Esports,chamber,True,100,50,0,4,1,0,False,operator,sniper,,0.6489,0.1822,xeus,FUT Esports,jett,False,,50,2,1,0,1,False,vandal,rifle,,,,sociablEE,FUT Esports,fade,False,,50,0,0,1,0,False,unknown,unknown,,,,yetujey,FUT Esports,astra,True,100,50,0,0,0,2,False,vandal,rifle,,0.4911,0.2500,KROSTALY,FUT Esports,kayo,False,,13,0,0,0,1,False,vandal,rifle,,,,Chronicle,Team Vitality,chamber,True,94,12,0,8,1,7,True,classic,sidearm,,0.6922,0.4178,Derke,Team Vitality,neon,True,100,50,1,0,0,3,False,phantom,rifle,,0.8622,0.5822,Jamppi,Team Vitality,kayo,False,,50,0,0,0,7,True,vandal,rifle,,,,Sayonara,Team Vitality,sova,True,70,24,0,2,0,7,True,vandal,rifle,,0.9178,0.5711,PROFEK,Team Vitality,astra,True,100,25,1,1,0,0,False,phantom,rifle,,0.6822,0.5322
894.577,1630,ACTIVE_ROUND,5,3,3,,3.871,,s0pp,FUT Esports,chamber,True,100,50,0,4,1,0,False,operator,sniper,,0.6289,0.1889,xeus,FUT Esports,jett,False,,50,2,1,0,1,False,vandal,rifle,,,,sociablEE,FUT Esports,fade,False,,50,0,0,1,0,False,unknown,unknown,,,,yetujey,FUT Esports,astra,True,100,50,0,0,0,2,False,vandal,rifle,,0.4689,0.2478,KROSTALY,FUT Esports,kayo,False,,13,0,0,0,1,False,vandal,rifle,,,,Chronicle,Team Vitality,chamber,True,94,12,0,8,1,7,True,classic,sidearm,,0.6922,0.4244,Derke,Team Vitality,neon,True,100,50,1,0,0,3,False,phantom,rifle,,0.8333,0.5844,Jamppi,Team Vitality,kayo,False,,50,0,0,0,7,True,vandal,rifle,,,,Sayonara,Team Vitality,sova,True,70,24,0,2,0,7,True,vandal,rifle,,0.9133,0.5600,PROFEK,Team Vitality,astra,True,100,25,1,1,0,0,False,phantom,rifle,,0.6822,0.5322
895.061,1631,ACTIVE_ROUND,5,3,3,,4.354,,s0pp,FUT Esports,chamber,True,100,50,0,4,1,0,False,operator,sniper,,0.6289,0.1889,xeus,FUT Esports,jett,False,,50,2,1,0,1,False,vandal,rifle,,,,sociablEE,FUT Esports,fade,False,,50,0,0,1,0,False,unknown,unknown,,,,yetujey,FUT Esports,astra,True,100,50,0,0,0,2,False,vandal,rifle,,0.4689,0.2478,KROSTALY,FUT Esports,kayo,False,,13,0,0,0,1,False,vandal,rifle,,,,Chronicle,Team Vitality,chamber,True,94,12,0,8,1,7,True,classic,sidearm,,0.6900,0.4311,Derke,Team Vitality,neon,True,100,50,1,0,0,3,False,phantom,rifle,,0.8067,0.6044,Jamppi,Team Vitality,kayo,False,,50,0,0,0,7,True,vandal,rifle,,,,Sayonara,Team Vitality,sova,True,70,24,0,2,0,7,True,vandal,rifle,,0.9067,0.5489,PROFEK,Team Vitality,astra,True,100,25,1,1,0,0,False,phantom,rifle,,0.6822,0.5322
895.545,1632,ACTIVE_ROUND,5,3,3,,4.838,,s0pp,FUT Esports,chamber,True,100,50,0,4,0,0,False,operator,sniper,,0.5867,0.2000,xeus,FUT Esports,jett,False,,50,2,1,0,1,False,vandal,rifle,,,,sociablEE,FUT Esports,fade,False,,50,0,0,1,0,False,unknown,unknown,,,,yetujey,FUT Esports,astra,True,100,50,0,0,0,2,False,vandal,rifle,,0.4689,0.2478,KROSTALY,FUT Esports,kayo,False,,13,0,0,0,1,False,vandal,rifle,,,,Chronicle,Team Vitality,chamber,True,94,12,0,8,1,7,True,classic,sidearm,,0.6856,0.4378,Derke,Team Vitality,neon,True,100,50,1,0,0,3,False,phantom,rifle,,0.7867,0.6267,Jamppi,Team Vitality,kayo,False,,50,0,0,0,7,True,vandal,rifle,,,,Sayonara,Team Vitality,sova,True,70,24,0,2,0,7,True,vandal,rifle,,0.9022,0.5489,PROFEK,Team Vitality,astra,True,100,25,1,1,0,0,False,phantom,rifle,,0.6822,0.5322
896.028,1633,ACTIVE_ROUND,5,3,3,,5.322,,s0pp,FUT Esports,chamber,True,100,50,0,4,0,0,False,operator,sniper,,0.5644,0.2156,xeus,FUT Esports,jett,False,,50,2,1,0,1,False,vandal,rifle,,,,sociablEE,FUT Esports,fade,False,,50,0,0,1,0,False,unknown,unknown,,,,yetujey,FUT Esports,astra,True,100,50,0,0,0,2,False,vandal,rifle,,0.4689,0.2478,KROSTALY,FUT Esports,kayo,False,,13,0,0,0,1,False,vandal,rifle,,,,Chronicle,Team Vitality,chamber,True,94,12,0,8,1,7,True,classic,sidearm,,0.6767,0.4400,Derke,Team Vitality,neon,True,100,50,1,0,0,3,False,phantom,rifle,,0.7778,0.6578,Jamppi,Team Vitality,kayo,False,,50,0,0,0,7,True,vandal,rifle,,,,Sayonara,Team Vitality,sova,True,70,24,0,2,0,7,True,vandal,rifle,,0.9022,0.5600,PROFEK,Team Vitality,astra,True,100,25,1,1,0,0,False,phantom,rifle,,0.6822,0.5322
896.512,1634,ACTIVE_ROUND,5,3,3,,5.806,,s0pp,FUT Esports,chamber,True,100,50,0,4,0,0,False,operator,sniper,,0.5644,0.2156,xeus,FUT Esports,jett,False,,50,2,1,0,1,False,vandal,rifle,,,,sociablEE,FUT Esports,fade,False,,50,0,0,1,0,False,unknown,unknown,,,,yetujey,FUT Esports,astra,True,100,50,0,0,0,2,False,vandal,rifle,,0.4689,0.2478,KROSTALY,FUT Esports,kayo,False,,13,0,0,0,1,False,vandal,rifle,,,,Chronicle,Team Vitality,chamber,True,94,12,0,8,1,7,True,classic,sidearm,,0.0856,0.3822,Derke,Team Vitality,neon,True,100,50,1,0,0,3,False,phantom,rifle,,0.7689,0.6889,Jamppi,Team Vitality,kayo,False,,50,0,0,0,7,True,vandal,rifle,,,,Sayonara,Team Vitality,sova,True,70,24,0,2,0,7,True,vandal,rifle,,0.9022,0.5600,PROFEK,Team Vitality,astra,True,100,25,1,1,0,0,False,phantom,rifle,,0.6822,0.5322
896.996,1635,ACTIVE_ROUND,5,3,3,,6.290,,s0pp,FUT Esports,chamber,True,100,50,0,4,0,0,False,operator,sniper,,0.5644,0.2156,xeus,FUT Esports,jett,False,,50,2,1,0,1,False,vandal,rifle,,,,sociablEE,FUT Esports,fade,False,,50,0,0,1,0,False,unknown,unknown,,,,yetujey,FUT Esports,astra,True,100,50,0,0,0,2,False,vandal,rifle,,0.3556,0.2767,KROSTALY,FUT Esports,kayo,False,,13,0,0,0,1,False,vandal,rifle,,,,Chronicle,Team Vitality,chamber,True,94,12,0,8,1,7,True,classic,sidearm,,0.4522,0.9311,Derke,Team Vitality,neon,True,100,50,1,0,0,3,False,phantom,rifle,,0.7556,0.7200,Jamppi,Team Vitality,kayo,False,,50,0,0,0,7,True,vandal,rifle,,,,Sayonara,Team Vitality,sova,True,70,24,0,2,0,7,True,vandal,rifle,,0.9022,0.5622,PROFEK,Team Vitality,astra,True,100,25,1,1,0,0,False,phantom,rifle,,0.6822,0.5322
897.480,1636,ACTIVE_ROUND,5,3,3,,6.773,,s0pp,FUT Esports,chamber,True,100,50,0,4,0,0,False,operator,sniper,,0.5644,0.2156,xeus,FUT Esports,jett,False,,50,2,1,0,1,False,vandal,rifle,,,,sociablEE,FUT Esports,fade,False,,50,0,0,1,0,False,unknown,unknown,,,,yetujey,FUT Esports,astra,True,100,50,0,0,0,2,False,vandal,rifle,,0.3444,0.2967,KROSTALY,FUT Esports,kayo,False,,13,0,0,0,1,False,vandal,rifle,,,,Chronicle,Team Vitality,chamber,True,94,12,0,8,1,7,True,classic,sidearm,,0.5789,0.4444,Derke,Team Vitality,neon,True,100,50,1,0,0,3,False,phantom,rifle,,0.7378,0.7444,Jamppi,Team Vitality,kayo,False,,50,0,0,0,7,True,vandal,rifle,,,,Sayonara,Team Vitality,sova,True,70,24,0,2,0,7,True,vandal,rifle,,0.9000,0.5644,PROFEK,Team Vitality,astra,True,100,25,1,1,0,0,False,phantom,rifle,,0.6822,0.5322
897.964,1637,ACTIVE_ROUND,5,3,3,,7.257,,s0pp,FUT Esports,chamber,True,100,50,0,4,0,0,False,operator,sniper,,0.5644,0.2156,xeus,FUT Esports,jett,False,,50,2,1,0,1,False,vandal,rifle,,,,sociablEE,FUT Esports,fade,False,,50,0,0,1,0,False,unknown,unknown,,,,yetujey,FUT Esports,astra,True,100,50,0,0,0,2,False,vandal,rifle,,0.3444,0.2967,KROSTALY,FUT Esports,kayo,False,,13,0,0,0,1,False,vandal,rifle,,,,Chronicle,Team Vitality,chamber,True,94,12,0,8,1,7,True,classic,sidearm,,0.3389,0.3467,Derke,Team Vitality,neon,True,100,50,1,0,0,3,False,phantom,rifle,,0.7378,0.7444,Jamppi,Team Vitality,kayo,False,,50,0,0,0,7,True,vandal,rifle,,,,Sayonara,Team Vitality,sova,True,70,24,0,2,0,7,True,vandal,rifle,,0.9044,0.5756,PROFEK,Team Vitality,astra,True,100,25,1,1,0,0,False,phantom,rifle,,0.6822,0.5322
898.448,1638,ACTIVE_ROUND,5,3,3,,7.741,,s0pp,FUT Esports,chamber,True,100,50,0,4,0,0,False,operator,sniper,,0.5644,0.2156,xeus,FUT Esports,jett,False,,50,2,1,0,1,False,vandal,rifle,,,,sociablEE,FUT Esports,fade,False,,50,0,0,1,0,False,unknown,unknown,,,,yetujey,FUT Esports,astra,True,100,50,0,0,0,2,False,vandal,rifle,,0.3444,0.2967,KROSTALY,FUT Esports,kayo,False,,13,0,0,0,1,False,vandal,rifle,,,,Chronicle,Team Vitality,chamber,True,94,12,0,8,1,7,True,classic,sidearm,,0.0856,0.3822,Derke,Team Vitality,neon,True,100,50,1,0,0,3,False,phantom,rifle,,0.6911,0.7844,Jamppi,Team Vitality,kayo,False,,50,0,0,0,7,True,vandal,rifle,,,,Sayonara,Team Vitality,sova,True,70,24,0,2,0,7,True,vandal,rifle,,0.9089,0.5889,PROFEK,Team Vitality,astra,True,100,25,1,1,0,0,False,phantom,rifle,,0.6822,0.5322
898.931,1639,ACTIVE_ROUND,5,3,3,,8.225,,s0pp,FUT Esports,chamber,True,100,50,0,4,0,0,False,operator,sniper,,0.5644,0.2156,xeus,FUT Esports,jett,False,,50,2,1,0,1,False,vandal,rifle,,,,sociablEE,FUT Esports,fade,False,,50,0,0,1,0,False,unknown,unknown,,,,yetujey,FUT Esports,astra,True,100,50,0,0,0,2,False,vandal,rifle,,0.3489,0.3567,KROSTALY,FUT Esports,kayo,False,,13,0,0,0,1,False,vandal,rifle,,,,Chronicle,Team Vitality,chamber,True,94,12,0,8,1,7,True,classic,sidearm,,0.0856,0.3822,Derke,Team Vitality,neon,True,100,50,1,0,0,3,False,phantom,rifle,,0.6578,0.7889,Jamppi,Team Vitality,kayo,False,,50,0,0,0,7,True,vandal,rifle,,,,Sayonara,Team Vitality,sova,True,70,24,0,2,0,7,True,vandal,rifle,,0.9111,0.5978,PROFEK,Team Vitality,astra,True,100,25,1,1,0,0,False,phantom,rifle,,0.6822,0.5322
899.415,1640,ACTIVE_ROUND,5,3,3,,8.709,,s0pp,FUT Esports,chamber,True,100,50,0,4,0,0,False,operator,sniper,,0.5644,0.2156,xeus,FUT Esports,jett,False,,50,2,1,0,1,False,vandal,rifle,,,,sociablEE,FUT Esports,fade,False,,50,0,0,1,0,False,unknown,unknown,,,,yetujey,FUT Esports,astra,True,100,50,0,0,0,2,False,vandal,rifle,,0.3489,0.3567,KROSTALY,FUT Esports,kayo,False,,13,0,0,0,1,False,vandal,rifle,,,,Chronicle,Team Vitality,chamber,True,94,12,0,8,1,7,True,classic,sidearm,,0.0856,0.3822,Derke,Team Vitality,neon,True,100,50,1,0,0,3,False,phantom,rifle,,0.6289,0.7978,Jamppi,Team Vitality,kayo,False,,50,0,0,0,7,True,vandal,rifle,,,,Sayonara,Team Vitality,sova,True,70,24,0,2,0,7,True,vandal,rifle,,0.9111,0.5978,PROFEK,Team Vitality,astra,True,100,25,1,1,0,0,False,phantom,rifle,,0.6822,0.5322
899.899,1641,ACTIVE_ROUND,5,3,3,,9.193,,s0pp,FUT Esports,chamber,True,100,50,0,4,0,0,False,operator,sniper,,0.5644,0.2156,xeus,FUT Esports,jett,False,,50,2,1,0,1,False,vandal,rifle,,,,sociablEE,FUT Esports,fade,False,,50,0,0,1,0,False,unknown,unknown,,,,yetujey,FUT Esports,astra,True,100,50,0,0,0,2,False,vandal,rifle,,0.3467,0.3789,KROSTALY,FUT Esports,kayo,False,,13,0,0,0,1,False,vandal,rifle,,,,Chronicle,Team Vitality,chamber,True,94,12,0,8,1,7,True,classic,sidearm,,0.0856,0.3822,Derke,Team Vitality,neon,True,100,50,1,0,0,3,False,phantom,rifle,,0.6000,0.8111,Jamppi,Team Vitality,kayo,False,,50,0,0,0,7,True,vandal,rifle,,,,Sayonara,Team Vitality,sova,True,70,24,0,2,0,7,True,vandal,rifle,,0.9111,0.5978,PROFEK,Team Vitality,astra,True,100,25,1,1,0,0,False,phantom,rifle,,0.6822,0.5322
900.383,1642,ACTIVE_ROUND,5,3,3,,9.676,,s0pp,FUT Esports,chamber,True,100,50,0,4,0,0,False,operator,sniper,,0.5644,0.2156,xeus,FUT Esports,jett,False,,50,2,1,0,1,False,vandal,rifle,,,,sociablEE,FUT Esports,fade,False,,50,0,0,1,0,False,unknown,unknown,,,,yetujey,FUT Esports,astra,True,100,50,0,0,0,2,False,vandal,rifle,,0.3467,0.3833,KROSTALY,FUT Esports,kayo,False,,13,0,0,0,1,False,vandal,rifle,,,,Chronicle,Team Vitality,chamber,True,94,12,0,8,1,7,True,classic,sidearm,,0.5789,0.4467,Derke,Team Vitality,neon,True,100,50,1,0,0,3,False,phantom,rifle,,0.5667,0.8178,Jamppi,Team Vitality,kayo,False,,50,0,0,0,7,True,vandal,rifle,,,,Sayonara,Team Vitality,sova,True,70,24,0,2,0,7,True,vandal,rifle,,0.9111,0.5978,PROFEK,Team Vitality,astra,True,100,25,1,1,0,0,False,phantom,rifle,,0.6822,0.5322
900.867,1643,ACTIVE_ROUND,5,3,3,,10.160,,s0pp,FUT Esports,chamber,True,100,50,0,4,0,0,False,operator,sniper,,0.4400,0.2867,xeus,FUT Esports,jett,False,,50,2,1,0,1,False,vandal,rifle,,,,sociablEE,FUT Esports,fade,False,,50,0,0,1,0,False,unknown,unknown,,,,yetujey,FUT Esports,astra,True,100,50,0,0,0,2,False,vandal,rifle,,0.3467,0.3833,KROSTALY,FUT Esports,kayo,False,,13,0,0,0,1,False,vandal,rifle,,,,Chronicle,Team Vitality,chamber,True,94,12,0,8,1,7,True,classic,sidearm,,0.5789,0.4467,Derke,Team Vitality,neon,True,100,50,1,0,0,3,False,phantom,rifle,,0.5378,0.8311,Jamppi,Team Vitality,kayo,False,,50,0,0,0,7,True,vandal,rifle,,,,Sayonara,Team Vitality,sova,True,70,24,0,2,0,7,True,vandal,rifle,,0.9111,0.6000,PROFEK,Team Vitality,astra,True,100,25,1,1,0,0,False,phantom,rifle,,0.6844,0.5278
901.350,1644,ACTIVE_ROUND,5,3,3,,10.644,,s0pp,FUT Esports,chamber,True,100,50,0,4,0,0,False,operator,sniper,,0.4378,0.2867,xeus,FUT Esports,jett,False,,50,2,1,0,1,False,vandal,rifle,,,,sociablEE,FUT Esports,fade,False,,50,0,0,1,0,False,unknown,unknown,,,,yetujey,FUT Esports,astra,True,100,50,0,0,0,2,False,vandal,rifle,,0.3467,0.3833,KROSTALY,FUT Esports,kayo,False,,13,0,0,0,1,False,vandal,rifle,,,,Chronicle,Team Vitality,chamber,True,94,12,0,8,1,7,True,classic,sidearm,,0.5789,0.4400,Derke,Team Vitality,neon,True,100,50,1,0,0,3,False,phantom,rifle,,0.5111,0.8422,Jamppi,Team Vitality,kayo,False,,50,0,0,0,7,True,vandal,rifle,,,,Sayonara,Team Vitality,sova,True,70,24,0,2,0,7,True,vandal,rifle,,0.9133,0.6022,PROFEK,Team Vitality,astra,True,100,25,1,1,0,0,False,phantom,rifle,,0.6844,0.5278
901.834,1645,ACTIVE_ROUND,5,3,3,,11.128,,s0pp,FUT Esports,chamber,True,100,50,0,4,0,0,False,operator,sniper,,0.4378,0.2867,xeus,FUT Esports,jett,False,,50,2,1,0,1,False,vandal,rifle,,,,sociablEE,FUT Esports,fade,False,,50,0,0,1,0,False,unknown,unknown,,,,yetujey,FUT Esports,astra,True,100,50,0,0,0,2,False,vandal,rifle,,0.3467,0.3833,KROSTALY,FUT Esports,kayo,False,,13,0,0,0,1,False,vandal,rifle,,,,Chronicle,Team Vitality,chamber,True,94,12,0,8,1,7,True,classic,sidearm,,0.7300,0.2444,Derke,Team Vitality,neon,True,100,50,1,0,0,3,False,phantom,rifle,,0.5111,0.8422,Jamppi,Team Vitality,kayo,False,,50,0,0,0,7,True,vandal,rifle,,,,Sayonara,Team Vitality,sova,True,70,24,0,2,0,7,True,vandal,rifle,,0.9133,0.6022,PROFEK,Team Vitality,astra,True,100,25,1,1,0,0,False,phantom,rifle,,0.6844,0.5278
902.318,1646,ACTIVE_ROUND,5,3,3,,11.612,,s0pp,FUT Esports,chamber,True,100,50,0,4,0,0,False,operator,sniper,,0.4244,0.2778,xeus,FUT Esports,jett,False,,50,2,1,0,1,False,vandal,rifle,,,,sociablEE,FUT Esports,fade,False,,50,0,0,1,0,False,unknown,unknown,,,,yetujey,FUT Esports,astra,True,100,50,0,0,0,2,False,vandal,rifle,,0.5267,0.1322,KROSTALY,FUT Esports,kayo,False,,13,0,0,0,1,False,vandal,rifle,,,,Chronicle,Team Vitality,chamber,True,94,12,0,8,1,7,True,classic,sidearm,,0.3900,0.8200,Derke,Team Vitality,neon,True,100,50,1,0,0,3,False,phantom,rifle,,0.5111,0.8422,Jamppi,Team Vitality,kayo,False,,50,0,0,0,7,True,vandal,rifle,,,,Sayonara,Team Vitality,sova,True,70,24,0,2,0,7,True,vandal,rifle,,0.9133,0.6044,PROFEK,Team Vitality,astra,True,100,25,1,1,0,0,False,phantom,rifle,,0.6844,0.5278
902.802,1647,ACTIVE_ROUND,5,3,3,,12.095,,s0pp,FUT Esports,chamber,True,100,50,0,4,0,0,False,operator,sniper,,0.4022,0.2733,xeus,FUT Esports,jett,False,,50,2,1,0,1,False,vandal,rifle,,,,sociablEE,FUT Esports,fade,False,,50,0,0,1,0,False,unknown,unknown,,,,yetujey,FUT Esports,astra,True,100,50,0,0,0,2,False,vandal,rifle,,0.3311,0.4367,KROSTALY,FUT Esports,kayo,False,,13,0,0,0,1,False,vandal,rifle,,,,Chronicle,Team Vitality,chamber,True,94,12,0,8,1,7,True,classic,sidearm,,0.4522,0.9311,Derke,Team Vitality,neon,True,100,50,1,0,0,3,False,phantom,rifle,,0.4178,0.8156,Jamppi,Team Vitality,kayo,False,,50,0,0,0,7,True,vandal,rifle,,,,Sayonara,Team Vitality,sova,True,70,24,0,2,0,7,True,vandal,rifle,,0.9133,0.6044,PROFEK,Team Vitality,astra,True,100,25,1,1,0,0,False,phantom,rifle,,0.6844,0.5278
903.286,1648,ACTIVE_ROUND,5,3,3,,12.579,,s0pp,FUT Esports,chamber,True,100,50,0,4,0,0,False,operator,sniper,,0.3778,0.2778,xeus,FUT Esports,jett,False,,50,2,1,0,1,False,vandal,rifle,,,,sociablEE,FUT Esports,fade,False,,50,0,0,1,0,False,unknown,unknown,,,,yetujey,FUT Esports,astra,True,100,50,0,0,0,2,False,vandal,rifle,,0.3244,0.4367,KROSTALY,FUT Esports,kayo,False,,13,0,0,0,1,False,vandal,rifle,,,,Chronicle,Team Vitality,chamber,True,94,12,0,8,1,7,True,classic,sidearm,,0.4411,0.6489,Derke,Team Vitality,neon,True,100,50,1,0,0,3,False,phantom,rifle,,0.4178,0.8156,Jamppi,Team Vitality,kayo,False,,50,0,0,0,7,True,vandal,rifle,,,,Sayonara,Team Vitality,sova,True,70,24,0,2,0,7,True,vandal,rifle,,0.9156,0.6089,PROFEK,Team Vitality,astra,True,100,25,1,1,0,0,False,phantom,rifle,,0.6844,0.5278
903.770,1649,ACTIVE_ROUND,5,3,3,,13.063,,s0pp,FUT Esports,chamber,True,100,50,0,4,0,0,False,operator,sniper,,0.3556,0.2822,xeus,FUT Esports,jett,False,,50,2,1,0,1,False,vandal,rifle,,,,sociablEE,FUT Esports,fade,False,,50,0,0,1,0,False,unknown,unknown,,,,yetujey,FUT Esports,astra,True,100,50,0,0,0,2,False,vandal,rifle,,0.3244,0.4367,KROSTALY,FUT Esports,kayo,False,,13,0,0,0,1,False,vandal,rifle,,,,Chronicle,Team Vitality,chamber,True,94,12,0,8,1,7,True,classic,sidearm,,0.2900,0.7956,Derke,Team Vitality,neon,True,100,50,1,0,0,3,False,phantom,rifle,,0.3578,0.7956,Jamppi,Team Vitality,kayo,False,,50,0,0,0,7,True,vandal,rifle,,,,Sayonara,Team Vitality,sova,True,70,24,0,2,0,7,True,vandal,rifle,,0.9156,0.6089,PROFEK,Team Vitality,astra,True,100,25,1,1,0,0,False,phantom,rifle,,0.6844,0.5278
904.253,1650,ACTIVE_ROUND,5,3,3,,13.547,,s0pp,FUT Esports,chamber,True,100,50,0,4,0,0,False,operator,sniper,,0.3422,0.3022,xeus,FUT Esports,jett,False,,50,2,1,0,1,False,vandal,rifle,,,,sociablEE,FUT Esports,fade,False,,50,0,0,1,0,False,unknown,unknown,,,,yetujey,FUT Esports,astra,True,100,50,0,0,0,2,False,vandal,rifle,,0.3244,0.4233,KROSTALY,FUT Esports,kayo,False,,13,0,0,0,1,False,vandal,rifle,,,,Chronicle,Team Vitality,chamber,True,94,12,0,8,1,7,True,classic,sidearm,,0.2633,0.8044,Derke,Team Vitality,neon,True,100,50,1,0,0,3,False,phantom,rifle,,0.3267,0.7844,Jamppi,Team Vitality,kayo,False,,50,0,0,0,7,True,vandal,rifle,,,,Sayonara,Team Vitality,sova,True,70,24,0,2,0,7,True,vandal,rifle,,0.9156,0.6089,PROFEK,Team Vitality,astra,True,100,25,1,1,0,0,False,phantom,rifle,,0.6844,0.5278
904.737,1651,ACTIVE_ROUND,5,3,3,,14.031,,s0pp,FUT Esports,chamber,True,100,50,0,4,0,0,False,operator,sniper,,0.3422,0.3022,xeus,FUT Esports,jett,False,,50,2,1,0,1,False,vandal,rifle,,,,sociablEE,FUT Esports,fade,False,,50,0,0,1,0,False,unknown,unknown,,,,yetujey,FUT Esports,astra,True,100,50,0,0,0,2,False,vandal,rifle,,0.3200,0.4211,KROSTALY,FUT Esports,kayo,False,,13,0,0,0,1,False,vandal,rifle,,,,Chronicle,Team Vitality,chamber,True,94,12,0,8,1,7,True,classic,sidearm,,0.2633,0.8000,Derke,Team Vitality,neon,True,100,50,1,0,0,3,False,phantom,rifle,,0.3067,0.7622,Jamppi,Team Vitality,kayo,False,,50,0,0,0,7,True,vandal,rifle,,,,Sayonara,Team Vitality,sova,True,70,24,0,2,0,7,True,vandal,rifle,,0.9156,0.6089,PROFEK,Team Vitality,astra,True,100,25,1,1,0,0,False,phantom,rifle,,0.6844,0.5278
905.221,1652,ACTIVE_ROUND,5,3,3,,14.514,,s0pp,FUT Esports,chamber,True,100,50,0,4,0,0,False,operator,sniper,,0.3244,0.3067,xeus,FUT Esports,jett,False,,50,2,1,0,1,False,vandal,rifle,,,,sociablEE,FUT Esports,fade,False,,50,0,0,1,0,False,unknown,unknown,,,,yetujey,FUT Esports,astra,True,100,50,0,0,0,2,False,vandal,rifle,,0.3111,0.4167,KROSTALY,FUT Esports,kayo,False,,13,0,0,0,1,False,vandal,rifle,,,,Chronicle,Team Vitality,chamber,True,94,12,0,8,1,7,True,classic,sidearm,,0.2589,0.4311,Derke,Team Vitality,neon,True,100,50,1,0,0,3,False,phantom,rifle,,0.3067,0.7622,Jamppi,Team Vitality,kayo,False,,50,0,0,0,7,True,vandal,rifle,,,,Sayonara,Team Vitality,sova,True,70,24,0,2,0,7,True,vandal,rifle,,0.9156,0.6089,PROFEK,Team Vitality,astra,True,100,25,0,1,0,0,False,phantom,rifle,,0.6844,0.5278
905.705,1653,ACTIVE_ROUND,5,3,3,,14.998,,s0pp,FUT Esports,chamber,True,100,50,0,4,0,0,False,operator,sniper,,0.3244,0.3067,xeus,FUT Esports,jett,False,,50,2,1,0,1,False,vandal,rifle,,,,sociablEE,FUT Esports,fade,False,,50,0,0,1,0,False,unknown,unknown,,,,yetujey,FUT Esports,astra,True,100,50,0,0,0,2,False,vandal,rifle,,0.3044,0.4167,KROSTALY,FUT Esports,kayo,False,,13,0,0,0,1,False,vandal,rifle,,,,Chronicle,Team Vitality,chamber,True,94,12,0,8,1,7,True,classic,sidearm,,0.1922,0.7200,Derke,Team Vitality,neon,True,100,50,1,0,0,3,False,phantom,rifle,,0.3067,0.7622,Jamppi,Team Vitality,kayo,False,,50,0,0,0,7,True,vandal,rifle,,,,Sayonara,Team Vitality,sova,True,70,24,0,2,0,7,True,vandal,rifle,,0.9133,0.6089,PROFEK,Team Vitality,astra,True,100,25,0,1,0,0,False,phantom,rifle,,0.6844,0.5278
906.189,1654,ACTIVE_ROUND,5,3,3,,15.482,,s0pp,FUT Esports,chamber,True,100,50,0,4,0,0,False,operator,sniper,,0.3244,0.3067,xeus,FUT Esports,jett,False,,50,2,1,0,1,False,vandal,rifle,,,,sociablEE,FUT Esports,fade,False,,50,0,0,1,0,False,unknown,unknown,,,,yetujey,FUT Esports,astra,True,100,50,0,0,0,2,False,vandal,rifle,,0.3156,0.4189,KROSTALY,FUT Esports,kayo,False,,13,0,0,0,1,False,vandal,rifle,,,,Chronicle,Team Vitality,chamber,True,94,12,0,8,1,7,True,classic,sidearm,,0.8433,0.2267,Derke,Team Vitality,neon,True,100,50,1,0,0,3,False,phantom,rifle,,0.2356,0.7200,Jamppi,Team Vitality,kayo,False,,50,0,0,0,7,True,vandal,rifle,,,,Sayonara,Team Vitality,sova,True,70,24,0,2,0,7,True,vandal,rifle,,0.9133,0.6089,PROFEK,Team Vitality,astra,True,100,25,0,1,0,0,False,phantom,rifle,,0.6844,0.5278
906.672,1655,ACTIVE_ROUND,5,3,3,,15.966,,s0pp,FUT Esports,chamber,True,100,50,0,4,0,0,False,operator,sniper,,0.3178,0.2978,xeus,FUT Esports,jett,False,,50,2,1,0,1,False,vandal,rifle,,,,sociablEE,FUT Esports,fade,False,,50,0,0,1,0,False,unknown,unknown,,,,yetujey,FUT Esports,astra,True,100,50,0,0,0,2,False,vandal,rifle,,0.3200,0.4278,KROSTALY,FUT Esports,kayo,False,,13,0,0,0,1,False,vandal,rifle,,,,Chronicle,Team Vitality,chamber,True,94,12,0,8,1,7,True,classic,sidearm,,0.8433,0.2267,Derke,Team Vitality,neon,True,100,50,1,0,0,3,False,phantom,rifle,,0.2178,0.7178,Jamppi,Team Vitality,kayo,False,,50,0,0,0,7,True,vandal,rifle,,,,Sayonara,Team Vitality,sova,True,70,24,0,2,0,7,True,vandal,rifle,,0.9133,0.6089,PROFEK,Team Vitality,astra,True,100,25,0,1,0,0,False,phantom,rifle,,0.6844,0.5278
907.156,1656,ACTIVE_ROUND,5,3,3,,16.450,,s0pp,FUT Esports,chamber,True,100,50,0,4,0,0,False,operator,sniper,,0.3178,0.2978,xeus,FUT Esports,jett,False,,50,2,1,0,1,False,vandal,rifle,,,,sociablEE,FUT Esports,fade,False,,50,0,0,1,0,False,unknown,unknown,,,,yetujey,FUT Esports,astra,True,100,50,1,0,0,2,False,vandal,rifle,,0.3267,0.4367,KROSTALY,FUT Esports,kayo,False,,13,0,0,0,1,False,vandal,rifle,,,,Chronicle,Team Vitality,chamber,True,94,12,0,8,1,7,True,classic,sidearm,,0.7700,0.3644,Derke,Team Vitality,neon,True,100,50,1,0,0,3,False,phantom,rifle,,0.2022,0.7067,Jamppi,Team Vitality,kayo,False,,50,0,0,0,7,True,vandal,rifle,,,,Sayonara,Team Vitality,sova,True,70,24,0,2,0,7,True,vandal,rifle,,0.9133,0.6089,PROFEK,Team Vitality,astra,True,100,25,1,1,0,0,False,phantom,rifle,,0.6844,0.5278
907.640,1657,ACTIVE_ROUND,5,3,3,,16.934,,s0pp,FUT Esports,chamber,True,100,50,0,4,0,0,False,operator,sniper,,0.3178,0.2978,xeus,FUT Esports,jett,False,,50,2,1,0,1,False,vandal,rifle,,,,sociablEE,FUT Esports,fade,False,,50,0,0,1,0,False,unknown,unknown,,,,yetujey,FUT Esports,astra,True,100,50,1,0,0,2,False,vandal,rifle,,0.3267,0.4367,KROSTALY,FUT Esports,kayo,False,,13,0,0,0,1,False,vandal,rifle,,,,Chronicle,Team Vitality,chamber,True,94,12,0,8,1,7,True,classic,sidearm,,0.7700,0.3644,Derke,Team Vitality,neon,True,100,50,1,0,0,3,False,phantom,rifle,,0.2022,0.7067,Jamppi,Team Vitality,kayo,False,,50,0,0,0,7,True,vandal,rifle,,,,Sayonara,Team Vitality,sova,True,70,24,0,2,0,7,True,vandal,rifle,,0.9133,0.6089,PROFEK,Team Vitality,astra,True,100,25,1,1,0,0,False,phantom,rifle,,0.6844,0.5278
908.124,1658,ACTIVE_ROUND,5,3,3,,17.417,,s0pp,FUT Esports,chamber,True,100,50,0,4,0,0,False,operator,sniper,,0.3178,0.2978,xeus,FUT Esports,jett,False,,50,2,1,0,1,False,vandal,rifle,,,,sociablEE,FUT Esports,fade,False,,50,0,0,1,0,False,unknown,unknown,,,,yetujey,FUT Esports,astra,True,100,50,1,0,0,2,False,vandal,rifle,,0.3267,0.4367,KROSTALY,FUT Esports,kayo,False,,13,0,0,0,1,False,vandal,rifle,,,,Chronicle,Team Vitality,chamber,True,94,12,0,8,1,7,True,classic,sidearm,,0.1611,0.3600,Derke,Team Vitality,neon,True,100,50,1,0,0,3,False,phantom,rifle,,0.2022,0.7067,Jamppi,Team Vitality,kayo,False,,50,0,0,0,7,True,vandal,rifle,,,,Sayonara,Team Vitality,sova,True,70,24,0,2,0,7,True,vandal,rifle,,0.9133,0.6089,PROFEK,Team Vitality,astra,True,100,25,1,1,0,0,False,phantom,rifle,,0.6844,0.5278
908.608,1659,ACTIVE_ROUND,5,3,3,,17.901,,s0pp,FUT Esports,chamber,True,100,50,0,4,0,0,False,operator,sniper,,0.3178,0.2978,xeus,FUT Esports,jett,False,,50,2,1,0,1,False,vandal,rifle,,,,sociablEE,FUT Esports,fade,False,,50,0,0,1,0,False,unknown,unknown,,,,yetujey,FUT Esports,astra,True,100,50,1,0,0,2,False,vandal,rifle,,0.3267,0.4367,KROSTALY,FUT Esports,kayo,False,,13,0,0,0,1,False,vandal,rifle,,,,Chronicle,Team Vitality,chamber,True,94,12,0,8,1,7,True,classic,sidearm,,0.5789,0.4489,Derke,Team Vitality,neon,True,100,50,1,0,0,3,False,phantom,rifle,,0.2022,0.7067,Jamppi,Team Vitality,kayo,False,,50,0,0,0,7,True,vandal,rifle,,,,Sayonara,Team Vitality,sova,True,70,24,0,2,0,7,True,vandal,rifle,,0.9133,0.6111,PROFEK,Team Vitality,astra,True,100,25,1,1,0,0,False,phantom,rifle,,0.6311,0.6389
909.092,1660,ACTIVE_ROUND,5,3,3,,18.385,,s0pp,FUT Esports,chamber,True,100,50,0,4,0,0,False,operator,sniper,,0.3178,0.2978,xeus,FUT Esports,jett,False,,50,2,1,0,1,False,vandal,rifle,,,,sociablEE,FUT Esports,fade,False,,50,0,0,1,0,False,unknown,unknown,,,,yetujey,FUT Esports,astra,True,100,50,1,1,0,2,False,vandal,rifle,,0.3267,0.4367,KROSTALY,FUT Esports,kayo,False,,13,0,0,0,1,False,vandal,rifle,,,,Chronicle,Team Vitality,chamber,True,94,12,0,8,1,7,True,classic,sidearm,,0.5789,0.4489,Derke,Team Vitality,neon,True,100,50,1,0,0,3,False,phantom,rifle,,0.1844,0.6600,Jamppi,Team Vitality,kayo,False,,50,0,0,0,7,True,vandal,rifle,,,,Sayonara,Team Vitality,sova,True,70,24,0,2,0,7,True,vandal,rifle,,0.9022,0.6111,PROFEK,Team Vitality,astra,True,100,25,1,1,0,0,False,phantom,rifle,,0.6222,0.6456
909.575,1661,ACTIVE_ROUND,5,3,3,,18.869,,s0pp,FUT Esports,chamber,True,100,50,0,4,0,0,False,operator,sniper,,0.3178,0.2978,xeus,FUT Esports,jett,False,,50,2,1,0,1,False,vandal,rifle,,,,sociablEE,FUT Esports,fade,False,,50,0,0,1,0,False,unknown,unknown,,,,yetujey,FUT Esports,astra,True,100,50,1,1,0,2,False,vandal,rifle,,0.3267,0.4367,KROSTALY,FUT Esports,kayo,False,,13,0,0,0,1,False,vandal,rifle,,,,Chronicle,Team Vitality,chamber,True,94,12,0,8,1,7,True,classic,sidearm,,0.1522,0.3600,Derke,Team Vitality,neon,True,100,50,1,0,0,3,False,phantom,rifle,,0.1844,0.6600,Jamppi,Team Vitality,kayo,False,,50,0,0,0,7,True,vandal,rifle,,,,Sayonara,Team Vitality,sova,True,70,24,0,2,0,7,True,vandal,rifle,,0.8978,0.6111,PROFEK,Team Vitality,astra,True,100,25,1,1,0,0,False,phantom,rifle,,0.6111,0.6478
910.059,1662,ACTIVE_ROUND,5,3,3,,19.353,,s0pp,FUT Esports,chamber,True,100,50,0,4,0,0,False,operator,sniper,,0.3178,0.2978,xeus,FUT Esports,jett,False,,50,2,1,0,1,False,vandal,rifle,,,,sociablEE,FUT Esports,fade,False,,50,0,0,1,0,False,unknown,unknown,,,,yetujey,FUT Esports,astra,True,100,50,1,1,0,2,False,vandal,rifle,,0.3267,0.4367,KROSTALY,FUT Esports,kayo,False,,13,0,0,0,1,False,vandal,rifle,,,,Chronicle,Team Vitality,chamber,True,94,12,0,8,1,7,True,classic,sidearm,,0.1211,0.6533,Derke,Team Vitality,neon,True,100,50,1,0,0,3,False,phantom,rifle,,0.1844,0.6600,Jamppi,Team Vitality,kayo,False,,50,0,0,0,7,True,vandal,rifle,,,,Sayonara,Team Vitality,sova,True,70,24,0,2,0,7,True,vandal,rifle,,0.8933,0.6111,PROFEK,Team Vitality,astra,True,100,25,1,1,0,0,False,phantom,rifle,,0.6000,0.6478
910.543,1663,ACTIVE_ROUND,5,3,3,,19.836,,s0pp,FUT Esports,chamber,True,100,50,0,4,0,0,False,operator,sniper,,0.3178,0.2978,xeus,FUT Esports,jett,False,,50,2,1,0,1,False,vandal,rifle,,,,sociablEE,FUT Esports,fade,False,,50,0,0,1,0,False,unknown,unknown,,,,yetujey,FUT Esports,astra,True,100,50,1,1,0,2,False,vandal,rifle,,0.3267,0.4367,KROSTALY,FUT Esports,kayo,False,,13,0,0,0,1,False,vandal,rifle,,,,Chronicle,Team Vitality,chamber,True,94,12,0,8,1,7,True,classic,sidearm,,0.1211,0.6400,Derke,Team Vitality,neon,True,100,50,1,0,0,3,False,phantom,rifle,,0.1844,0.6600,Jamppi,Team Vitality,kayo,False,,50,0,0,0,7,True,vandal,rifle,,,,Sayonara,Team Vitality,sova,True,70,24,0,2,0,7,True,vandal,rifle,,0.8911,0.6111,PROFEK,Team Vitality,astra,True,100,25,1,1,0,0,False,phantom,rifle,,0.5911,0.6433
911.027,1664,ACTIVE_ROUND,5,3,3,,20.320,,s0pp,FUT Esports,chamber,True,100,50,0,4,0,0,False,operator,sniper,,0.3178,0.2978,xeus,FUT Esports,jett,False,,50,2,1,0,1,False,vandal,rifle,,,,sociablEE,FUT Esports,fade,False,,50,0,0,1,0,False,unknown,unknown,,,,yetujey,FUT Esports,astra,True,100,50,1,1,0,2,False,vandal,rifle,,0.3267,0.4367,KROSTALY,FUT Esports,kayo,False,,13,0,0,0,1,False,vandal,rifle,,,,Chronicle,Team Vitality,chamber,True,94,12,0,8,1,7,True,classic,sidearm,,0.1211,0.6133,Derke,Team Vitality,neon,True,100,50,1,0,0,3,False,phantom,rifle,,0.1844,0.6600,Jamppi,Team Vitality,kayo,False,,50,0,0,0,7,True,vandal,rifle,,,,Sayonara,Team Vitality,sova,True,70,24,0,2,0,7,True,vandal,rifle,,0.8933,0.6111,PROFEK,Team Vitality,astra,True,100,25,1,1,0,0,False,phantom,rifle,,0.5822,0.6344
911.511,1665,ACTIVE_ROUND,5,3,3,,20.804,,s0pp,FUT Esports,chamber,True,100,50,0,4,0,0,False,operator,sniper,,0.3178,0.2978,xeus,FUT Esports,jett,False,,50,2,1,0,1,False,vandal,rifle,,,,sociablEE,FUT Esports,fade,False,,50,0,0,1,0,False,unknown,unknown,,,,yetujey,FUT Esports,astra,True,100,50,1,1,0,2,False,vandal,rifle,,0.3267,0.4367,KROSTALY,FUT Esports,kayo,False,,13,0,0,0,1,False,vandal,rifle,,,,Chronicle,Team Vitality,chamber,True,94,12,0,8,1,7,True,classic,sidearm,,0.1211,0.6200,Derke,Team Vitality,neon,True,100,50,1,0,0,3,False,phantom,rifle,,0.1844,0.6600,Jamppi,Team Vitality,kayo,False,,50,0,0,0,7,True,vandal,rifle,,,,Sayonara,Team Vitality,sova,True,70,24,0,2,0,7,True,vandal,rifle,,0.8933,0.6111,PROFEK,Team Vitality,astra,True,100,25,1,1,0,0,False,phantom,rifle,,0.5733,0.6300
911.994,1666,ACTIVE_ROUND,5,3,3,,21.288,,s0pp,FUT Esports,chamber,True,100,50,0,4,0,0,False,operator,sniper,,0.3178,0.2978,xeus,FUT Esports,jett,False,,50,2,1,0,1,False,vandal,rifle,,,,sociablEE,FUT Esports,fade,False,,50,0,0,1,0,False,unknown,unknown,,,,yetujey,FUT Esports,astra,True,100,50,1,1,0,2,False,vandal,rifle,,0.3267,0.4367,KROSTALY,FUT Esports,kayo,False,,13,0,0,0,1,False,vandal,rifle,,,,Chronicle,Team Vitality,chamber,True,94,12,0,8,1,7,True,classic,sidearm,,0.1211,0.6133,Derke,Team Vitality,neon,True,100,50,1,0,0,3,False,phantom,rifle,,0.1844,0.6600,Jamppi,Team Vitality,kayo,False,,50,0,0,0,7,True,vandal,rifle,,,,Sayonara,Team Vitality,sova,True,70,24,0,2,0,7,True,vandal,rifle,,0.8933,0.6111,PROFEK,Team Vitality,astra,True,100,25,1,1,0,0,False,phantom,rifle,,0.5622,0.6278
912.478,1667,ACTIVE_ROUND,5,3,3,,21.772,,s0pp,FUT Esports,chamber,True,100,50,0,4,0,0,False,operator,sniper,,0.3178,0.2978,xeus,FUT Esports,jett,False,,50,2,1,0,1,False,vandal,rifle,,,,sociablEE,FUT Esports,fade,False,,50,0,0,1,0,False,unknown,unknown,,,,yetujey,FUT Esports,astra,True,100,50,1,1,0,2,False,vandal,rifle,,0.3267,0.4367,KROSTALY,FUT Esports,kayo,False,,13,0,0,0,1,False,vandal,rifle,,,,Chronicle,Team Vitality,chamber,True,94,12,0,8,1,7,True,classic,sidearm,,0.1078,0.6000,Derke,Team Vitality,neon,True,100,50,1,0,0,3,False,phantom,rifle,,0.1844,0.6600,Jamppi,Team Vitality,kayo,False,,50,0,0,0,7,True,vandal,rifle,,,,Sayonara,Team Vitality,sova,True,70,24,0,2,0,7,True,vandal,rifle,,0.8933,0.6111,PROFEK,Team Vitality,astra,True,100,25,1,1,0,0,False,phantom,rifle,,0.5511,0.6256
912.962,1668,ACTIVE_ROUND,5,3,3,,22.256,,s0pp,FUT Esports,chamber,True,100,50,0,4,0,0,False,operator,sniper,,0.3178,0.2978,xeus,FUT Esports,jett,False,,50,2,1,0,1,False,vandal,rifle,,,,sociablEE,FUT Esports,fade,False,,50,0,0,1,0,False,unknown,unknown,,,,yetujey,FUT Esports,astra,True,100,50,1,0,0,2,False,vandal,rifle,,0.3267,0.4367,KROSTALY,FUT Esports,kayo,False,,13,0,0,0,1,False,vandal,rifle,,,,Chronicle,Team Vitality,chamber,True,94,12,0,8,1,7,True,classic,sidearm,,0.4522,0.9311,Derke,Team Vitality,neon,True,100,50,1,0,0,3,False,phantom,rifle,,0.1844,0.6600,Jamppi,Team Vitality,kayo,False,,50,0,0,0,7,True,vandal,rifle,,,,Sayonara,Team Vitality,sova,True,70,24,0,2,0,7,True,vandal,rifle,,0.8933,0.6111,PROFEK,Team Vitality,astra,True,100,25,1,1,0,0,False,phantom,rifle,,0.5511,0.6256
913.446,1669,ACTIVE_ROUND,5,3,3,,22.739,,s0pp,FUT Esports,chamber,True,100,50,0,4,0,0,False,operator,sniper,,0.3178,0.2978,xeus,FUT Esports,jett,False,,50,2,1,0,1,False,vandal,rifle,,,,sociablEE,FUT Esports,fade,False,,50,0,0,1,0,False,unknown,unknown,,,,yetujey,FUT Esports,astra,True,100,50,1,0,0,2,False,vandal,rifle,,0.3267,0.4367,KROSTALY,FUT Esports,kayo,False,,13,0,0,0,1,False,vandal,rifle,,,,Chronicle,Team Vitality,chamber,True,94,12,0,8,1,7,True,classic,sidearm,,0.4522,0.9267,Derke,Team Vitality,neon,True,100,50,1,0,0,3,False,phantom,rifle,,0.1844,0.6600,Jamppi,Team Vitality,kayo,False,,50,0,0,0,7,True,vandal,rifle,,,,Sayonara,Team Vitality,sova,True,70,24,0,2,0,7,True,vandal,rifle,,0.8933,0.6111,PROFEK,Team Vitality,astra,True,100,25,1,1,0,0,False,phantom,rifle,,0.5511,0.6256
913.930,1670,ACTIVE_ROUND,5,3,3,,23.223,,s0pp,FUT Esports,chamber,True,100,50,0,4,0,0,False,operator,sniper,,0.3178,0.2978,xeus,FUT Esports,jett,False,,50,2,1,0,1,False,vandal,rifle,,,,sociablEE,FUT Esports,fade,False,,50,0,0,1,0,False,unknown,unknown,,,,yetujey,FUT Esports,astra,True,100,50,1,0,0,2,False,vandal,rifle,,0.3267,0.4367,KROSTALY,FUT Esports,kayo,False,,13,0,0,0,1,False,vandal,rifle,,,,Chronicle,Team Vitality,chamber,True,94,12,0,8,1,7,True,classic,sidearm,,0.1767,0.7467,Derke,Team Vitality,neon,True,100,50,1,0,0,3,False,phantom,rifle,,0.1844,0.6600,Jamppi,Team Vitality,kayo,False,,50,0,0,0,7,True,vandal,rifle,,,,Sayonara,Team Vitality,sova,True,70,24,0,2,0,7,True,vandal,rifle,,0.8933,0.6111,PROFEK,Team Vitality,astra,True,100,25,1,1,0,0,False,phantom,rifle,,0.5511,0.6256
914.413,1671,ACTIVE_ROUND,5,3,3,,23.707,,s0pp,FUT Esports,chamber,True,100,50,0,4,0,0,False,operator,sniper,,0.3178,0.2978,xeus,FUT Esports,jett,False,,50,2,1,0,1,False,vandal,rifle,,,,sociablEE,FUT Esports,fade,False,,50,0,0,1,0,False,unknown,unknown,,,,yetujey,FUT Esports,astra,True,100,50,1,0,0,2,False,vandal,rifle,,0.3267,0.4367,KROSTALY,FUT Esports,kayo,False,,13,0,0,0,1,False,vandal,rifle,,,,Chronicle,Team Vitality,chamber,True,94,12,0,8,1,7,True,classic,sidearm,,0.2900,0.4222,Derke,Team Vitality,neon,True,100,50,1,0,0,3,False,phantom,rifle,,0.1844,0.6600,Jamppi,Team Vitality,kayo,False,,50,0,0,0,7,True,vandal,rifle,,,,Sayonara,Team Vitality,sova,True,70,24,0,2,0,7,True,vandal,rifle,,0.8933,0.6111,PROFEK,Team Vitality,astra,True,100,25,1,1,0,0,False,phantom,rifle,,0.5511,0.6256
914.897,1672,ACTIVE_ROUND,5,3,3,,24.191,,s0pp,FUT Esports,chamber,True,100,50,0,4,0,0,False,operator,sniper,,0.3178,0.2978,xeus,FUT Esports,jett,False,,50,2,1,0,1,False,vandal,rifle,,,,sociablEE,FUT Esports,fade,False,,50,0,0,1,0,False,unknown,unknown,,,,yetujey,FUT Esports,astra,True,100,50,1,0,0,2,False,vandal,rifle,,0.3267,0.4367,KROSTALY,FUT Esports,kayo,False,,13,0,0,0,1,False,vandal,rifle,,,,Chronicle,Team Vitality,chamber,True,94,12,0,8,1,7,True,classic,sidearm,,0.2900,0.4200,Derke,Team Vitality,neon,True,100,50,1,0,0,3,False,phantom,rifle,,0.1844,0.6600,Jamppi,Team Vitality,kayo,False,,50,0,0,0,7,True,vandal,rifle,,,,Sayonara,Team Vitality,sova,True,70,24,0,2,0,7,True,vandal,rifle,,0.8933,0.6111,PROFEK,Team Vitality,astra,True,100,25,1,1,0,0,False,phantom,rifle,,0.5511,0.6256
915.381,1673,ACTIVE_ROUND,5,3,3,,24.675,,s0pp,FUT Esports,chamber,True,100,50,0,4,0,0,False,operator,sniper,,0.3178,0.2978,xeus,FUT Esports,jett,False,,50,2,1,0,1,False,vandal,rifle,,,,sociablEE,FUT Esports,fade,False,,50,0,0,1,0,False,unknown,unknown,,,,yetujey,FUT Esports,astra,True,100,50,1,0,0,2,False,vandal,rifle,,0.3267,0.4367,KROSTALY,FUT Esports,kayo,False,,13,0,0,0,1,False,vandal,rifle,,,,Chronicle,Team Vitality,chamber,True,94,12,0,8,1,7,True,classic,sidearm,,0.5789,0.4489,Derke,Team Vitality,neon,True,100,50,1,0,0,3,False,phantom,rifle,,0.1844,0.6600,Jamppi,Team Vitality,kayo,False,,50,0,0,0,7,True,vandal,rifle,,,,Sayonara,Team Vitality,sova,True,70,24,0,2,0,7,True,vandal,rifle,,0.8933,0.6111,PROFEK,Team Vitality,astra,True,100,25,1,1,0,0,False,phantom,rifle,,0.5511,0.6256
915.865,1674,ACTIVE_ROUND,5,3,3,,25.158,,s0pp,FUT Esports,chamber,True,100,50,0,4,0,0,False,operator,sniper,,0.3178,0.2978,xeus,FUT Esports,jett,False,,50,2,1,0,1,False,vandal,rifle,,,,sociablEE,FUT Esports,fade,False,,50,0,0,1,0,False,unknown,unknown,,,,yetujey,FUT Esports,astra,True,100,50,1,0,0,2,False,vandal,rifle,,0.3267,0.4367,KROSTALY,FUT Esports,kayo,False,,13,0,0,0,1,False,vandal,rifle,,,,Chronicle,Team Vitality,chamber,True,94,12,0,8,1,7,True,classic,sidearm,,0.0989,0.5956,Derke,Team Vitality,neon,True,100,50,1,0,0,3,False,phantom,rifle,,0.1844,0.6600,Jamppi,Team Vitality,kayo,False,,50,0,0,0,7,True,vandal,rifle,,,,Sayonara,Team Vitality,sova,True,70,24,0,2,0,7,True,vandal,rifle,,0.8933,0.6111,PROFEK,Team Vitality,astra,True,100,25,1,1,0,0,False,phantom,rifle,,0.5511,0.6256
916.349,1675,ACTIVE_ROUND,5,3,3,,25.642,,s0pp,FUT Esports,chamber,True,100,50,0,4,0,0,False,operator,sniper,,0.3178,0.2978,xeus,FUT Esports,jett,False,,50,2,1,0,1,False,vandal,rifle,,,,sociablEE,FUT Esports,fade,False,,50,0,0,1,0,False,unknown,unknown,,,,yetujey,FUT Esports,astra,True,100,50,1,0,0,2,False,vandal,rifle,,0.3267,0.4367,KROSTALY,FUT Esports,kayo,False,,13,0,0,0,1,False,vandal,rifle,,,,Chronicle,Team Vitality,chamber,True,94,12,0,8,1,7,True,classic,sidearm,,0.5300,0.4000,Derke,Team Vitality,neon,True,100,50,1,0,0,3,False,phantom,rifle,,0.1844,0.6600,Jamppi,Team Vitality,kayo,False,,50,0,0,0,7,True,vandal,rifle,,,,Sayonara,Team Vitality,sova,True,70,24,0,2,0,7,True,vandal,rifle,,0.8933,0.6111,PROFEK,Team Vitality,astra,True,100,25,1,1,0,0,False,phantom,rifle,,0.5511,0.6256
916.833,1676,ACTIVE_ROUND,5,3,3,,26.126,,s0pp,FUT Esports,chamber,True,100,50,0,4,0,0,False,operator,sniper,,0.3178,0.2978,xeus,FUT Esports,jett,False,,50,2,1,0,1,False,vandal,rifle,,,,sociablEE,FUT Esports,fade,False,,50,0,0,1,0,False,unknown,unknown,,,,yetujey,FUT Esports,astra,True,100,50,1,0,0,2,False,vandal,rifle,,0.3267,0.4367,KROSTALY,FUT Esports,kayo,False,,13,0,0,0,1,False,vandal,rifle,,,,Chronicle,Team Vitality,chamber,True,94,12,0,8,1,7,True,classic,sidearm,,0.5300,0.4000,Derke,Team Vitality,neon,True,100,50,1,0,0,3,False,phantom,rifle,,0.1844,0.6600,Jamppi,Team Vitality,kayo,False,,50,0,0,0,7,True,vandal,rifle,,,,Sayonara,Team Vitality,sova,True,70,24,0,2,0,7,True,vandal,rifle,,0.8933,0.6111,PROFEK,Team Vitality,astra,True,100,25,1,1,0,0,False,phantom,rifle,,0.5511,0.6256
917.316,1677,ACTIVE_ROUND,5,3,3,,26.610,,s0pp,FUT Esports,chamber,True,100,50,0,4,0,0,False,operator,sniper,,0.3178,0.2978,xeus,FUT Esports,jett,False,,50,2,1,0,1,False,vandal,rifle,,,,sociablEE,FUT Esports,fade,False,,50,0,0,1,0,False,unknown,unknown,,,,yetujey,FUT Esports,astra,True,100,50,1,0,0,2,False,vandal,rifle,,0.3267,0.4367,KROSTALY,FUT Esports,kayo,False,,13,0,0,0,1,False,vandal,rifle,,,,Chronicle,Team Vitality,chamber,True,94,12,0,8,1,7,True,classic,sidearm,,0.4522,0.9267,Derke,Team Vitality,neon,True,100,50,1,0,0,3,False,phantom,rifle,,0.1733,0.5089,Jamppi,Team Vitality,kayo,False,,50,0,0,0,7,True,vandal,rifle,,,,Sayonara,Team Vitality,sova,True,70,24,0,2,0,7,True,vandal,rifle,,0.8933,0.6111,PROFEK,Team Vitality,astra,True,100,25,1,1,0,0,False,phantom,rifle,,0.5511,0.6256
917.800,1678,ACTIVE_ROUND,5,3,3,,27.094,,s0pp,FUT Esports,chamber,True,100,50,0,4,0,0,False,operator,sniper,,0.3178,0.2978,xeus,FUT Esports,jett,False,,50,2,1,0,1,False,vandal,rifle,,,,sociablEE,FUT Esports,fade,False,,50,0,0,1,0,False,unknown,unknown,,,,yetujey,FUT Esports,astra,True,100,50,1,0,0,2,False,vandal,rifle,,0.3267,0.4367,KROSTALY,FUT Esports,kayo,False,,13,0,0,0,1,False,vandal,rifle,,,,Chronicle,Team Vitality,chamber,True,94,12,0,8,1,7,True,classic,sidearm,,0.4522,0.9267,Derke,Team Vitality,neon,True,100,50,1,0,0,3,False,phantom,rifle,,0.1644,0.5067,Jamppi,Team Vitality,kayo,False,,50,0,0,0,7,True,vandal,rifle,,,,Sayonara,Team Vitality,sova,True,70,24,0,2,0,7,True,vandal,rifle,,0.8933,0.6111,PROFEK,Team Vitality,astra,True,100,25,1,1,0,0,False,phantom,rifle,,0.5511,0.6256
918.284,1679,ACTIVE_ROUND,5,3,3,,27.578,,s0pp,FUT Esports,chamber,True,100,50,0,4,0,0,False,operator,sniper,,0.3178,0.2978,xeus,FUT Esports,jett,False,,50,2,1,0,1,False,vandal,rifle,,,,sociablEE,FUT Esports,fade,False,,50,0,0,1,0,False,unknown,unknown,,,,yetujey,FUT Esports,astra,True,100,50,1,0,0,2,False,vandal,rifle,,0.3267,0.4367,KROSTALY,FUT Esports,kayo,False,,13,0,0,0,1,False,vandal,rifle,,,,Chronicle,Team Vitality,chamber,True,94,12,0,8,1,7,True,classic,sidearm,,0.5989,0.3756,Derke,Team Vitality,neon,True,100,50,1,0,0,3,False,phantom,rifle,,0.1600,0.5022,Jamppi,Team Vitality,kayo,False,,50,0,0,0,7,True,vandal,rifle,,,,Sayonara,Team Vitality,sova,True,70,24,0,2,0,7,True,vandal,rifle,,0.8822,0.6133,PROFEK,Team Vitality,astra,True,100,25,1,1,0,0,False,phantom,rifle,,0.5511,0.6256
918.768,1680,ACTIVE_ROUND,5,3,3,,28.061,,s0pp,FUT Esports,chamber,True,100,50,0,4,0,0,False,operator,sniper,,0.3178,0.2978,xeus,FUT Esports,jett,False,,50,2,1,0,1,False,vandal,rifle,,,,sociablEE,FUT Esports,fade,False,,50,0,0,1,0,False,unknown,unknown,,,,yetujey,FUT Esports,astra,True,100,50,1,0,0,2,False,vandal,rifle,,0.3378,0.3744,KROSTALY,FUT Esports,kayo,False,,13,0,0,0,1,False,vandal,rifle,,,,Chronicle,Team Vitality,chamber,True,94,12,0,8,1,7,True,classic,sidearm,,0.5878,0.3711,Derke,Team Vitality,neon,True,100,50,1,0,0,3,False,phantom,rifle,,0.1533,0.4956,Jamppi,Team Vitality,kayo,False,,50,0,0,0,7,True,vandal,rifle,,,,Sayonara,Team Vitality,sova,True,70,24,0,2,0,7,True,vandal,rifle,,0.8711,0.6044,PROFEK,Team Vitality,astra,True,100,25,1,1,0,0,False,phantom,rifle,,0.5511,0.6256
919.252,1681,ACTIVE_ROUND,5,3,3,,28.545,,s0pp,FUT Esports,chamber,True,100,50,0,4,0,0,False,operator,sniper,,0.3178,0.2978,xeus,FUT Esports,jett,False,,50,2,1,0,1,False,vandal,rifle,,,,sociablEE,FUT Esports,fade,False,,50,0,0,1,0,False,unknown,unknown,,,,yetujey,FUT Esports,astra,True,100,50,1,0,0,2,False,vandal,rifle,,0.3311,0.3656,KROSTALY,FUT Esports,kayo,False,,13,0,0,0,1,False,vandal,rifle,,,,Chronicle,Team Vitality,chamber,True,94,12,0,8,1,7,True,classic,sidearm,,0.5789,0.3711,Derke,Team Vitality,neon,True,100,50,1,0,0,3,False,phantom,rifle,,0.1467,0.4867,Jamppi,Team Vitality,kayo,False,,50,0,0,0,7,True,vandal,rifle,,,,Sayonara,Team Vitality,sova,True,70,24,0,2,0,7,True,vandal,rifle,,0.8644,0.6022,PROFEK,Team Vitality,astra,True,100,25,1,1,0,0,False,phantom,rifle,,0.5511,0.6256
919.735,1682,ACTIVE_ROUND,5,3,3,,29.029,,s0pp,FUT Esports,chamber,True,100,50,0,4,0,0,False,operator,sniper,,0.3178,0.2978,xeus,FUT Esports,jett,False,,50,2,1,0,1,False,vandal,rifle,,,,sociablEE,FUT Esports,fade,False,,50,0,0,1,0,False,unknown,unknown,,,,yetujey,FUT Esports,astra,True,100,50,1,0,0,2,False,vandal,rifle,,0.3200,0.3611,KROSTALY,FUT Esports,kayo,False,,13,0,0,0,1,False,vandal,rifle,,,,Chronicle,Team Vitality,chamber,True,94,12,0,8,1,7,True,classic,sidearm,,0.4522,0.9267,Derke,Team Vitality,neon,True,100,50,1,0,0,3,False,phantom,rifle,,0.1444,0.4756,Jamppi,Team Vitality,kayo,False,,50,0,0,0,7,True,vandal,rifle,,,,Sayonara,Team Vitality,sova,True,70,24,0,2,0,7,True,vandal,rifle,,0.8644,0.6022,PROFEK,Team Vitality,astra,True,100,25,1,1,0,0,False,phantom,rifle,,0.5511,0.6256
920.219,1683,ACTIVE_ROUND,5,3,3,,29.513,,s0pp,FUT Esports,chamber,True,100,50,0,4,0,0,False,operator,sniper,,0.3178,0.2978,xeus,FUT Esports,jett,False,,50,2,1,0,1,False,vandal,rifle,,,,sociablEE,FUT Esports,fade,False,,50,0,0,1,0,False,unknown,unknown,,,,yetujey,FUT Esports,astra,True,100,50,1,0,0,2,False,vandal,rifle,,0.3178,0.3522,KROSTALY,FUT Esports,kayo,False,,13,0,0,0,1,False,vandal,rifle,,,,Chronicle,Team Vitality,chamber,True,94,12,0,8,1,7,True,classic,sidearm,,0.5589,0.3756,Derke,Team Vitality,neon,True,100,50,1,0,0,3,False,phantom,rifle,,0.1467,0.4644,Jamppi,Team Vitality,kayo,False,,50,0,0,0,7,True,vandal,rifle,,,,Sayonara,Team Vitality,sova,True,70,24,0,2,0,7,True,vandal,rifle,,0.8356,0.6044,PROFEK,Team Vitality,astra,True,100,25,1,1,0,0,False,phantom,rifle,,0.5511,0.6256
920.703,1684,ACTIVE_ROUND,5,3,3,,29.997,,s0pp,FUT Esports,chamber,True,100,50,0,4,0,0,False,operator,sniper,,0.3178,0.2978,xeus,FUT Esports,jett,False,,50,2,1,0,1,False,vandal,rifle,,,,sociablEE,FUT Esports,fade,False,,50,0,0,1,0,False,unknown,unknown,,,,yetujey,FUT Esports,astra,True,100,50,1,0,0,2,False,vandal,rifle,,0.3178,0.3433,KROSTALY,FUT Esports,kayo,False,,13,0,0,0,1,False,vandal,rifle,,,,Chronicle,Team Vitality,chamber,True,94,12,0,8,1,7,True,classic,sidearm,,0.7833,0.4244,Derke,Team Vitality,neon,True,100,50,1,0,0,3,False,phantom,rifle,,0.1511,0.4556,Jamppi,Team Vitality,kayo,False,,50,0,0,0,7,True,vandal,rifle,,,,Sayonara,Team Vitality,sova,True,70,24,0,2,0,7,True,vandal,rifle,,0.8356,0.6044,PROFEK,Team Vitality,astra,True,100,25,1,1,0,0,False,phantom,rifle,,0.5511,0.6256
921.187,1685,ACTIVE_ROUND,5,3,3,,30.480,,s0pp,FUT Esports,chamber,True,100,50,0,4,0,0,False,operator,sniper,,0.3178,0.2978,xeus,FUT Esports,jett,False,,50,2,1,0,1,False,vandal,rifle,,,,sociablEE,FUT Esports,fade,False,,50,0,0,1,0,False,unknown,unknown,,,,yetujey,FUT Esports,astra,True,100,50,1,0,0,2,False,vandal,rifle,,0.3178,0.3389,KROSTALY,FUT Esports,kayo,False,,13,0,0,0,1,False,vandal,rifle,,,,Chronicle,Team Vitality,chamber,True,94,12,0,8,1,7,True,classic,sidearm,,0.0833,0.7600,Derke,Team Vitality,neon,True,100,50,1,0,0,3,False,phantom,rifle,,0.1533,0.4444,Jamppi,Team Vitality,kayo,False,,50,0,0,0,7,True,vandal,rifle,,,,Sayonara,Team Vitality,sova,True,70,24,0,2,0,7,True,vandal,rifle,,0.8356,0.6044,PROFEK,Team Vitality,astra,True,100,25,1,1,0,0,False,phantom,rifle,,0.5511,0.6256
921.671,1686,ACTIVE_ROUND,5,3,3,,30.964,,s0pp,FUT Esports,chamber,True,100,50,0,4,0,0,False,operator,sniper,,0.3178,0.2978,xeus,FUT Esports,jett,False,,50,2,1,0,1,False,vandal,rifle,,,,sociablEE,FUT Esports,fade,False,,50,0,0,1,0,False,unknown,unknown,,,,yetujey,FUT Esports,astra,True,100,50,1,0,0,2,False,vandal,rifle,,0.3178,0.3389,KROSTALY,FUT Esports,kayo,False,,13,0,0,0,1,False,vandal,rifle,,,,Chronicle,Team Vitality,chamber,True,94,12,0,8,1,7,True,classic,sidearm,,0.4522,0.9267,Derke,Team Vitality,neon,True,100,50,1,0,0,3,False,phantom,rifle,,0.1556,0.4333,Jamppi,Team Vitality,kayo,False,,50,0,0,0,7,True,vandal,rifle,,,,Sayonara,Team Vitality,sova,True,70,24,0,2,0,7,True,vandal,rifle,,0.8356,0.6044,PROFEK,Team Vitality,astra,True,100,25,1,1,0,0,False,phantom,rifle,,0.5511,0.6256
922.155,1687,ACTIVE_ROUND,5,3,3,,31.448,,s0pp,FUT Esports,chamber,True,100,50,0,4,0,0,False,operator,sniper,,0.3178,0.2978,xeus,FUT Esports,jett,False,,50,2,1,0,1,False,vandal,rifle,,,,sociablEE,FUT Esports,fade,False,,50,0,0,1,0,False,unknown,unknown,,,,yetujey,FUT Esports,astra,True,100,50,1,0,0,2,False,vandal,rifle,,0.3178,0.3389,KROSTALY,FUT Esports,kayo,False,,13,0,0,0,1,False,vandal,rifle,,,,Chronicle,Team Vitality,chamber,True,94,12,0,8,1,7,True,classic,sidearm,,0.0833,0.7600,Derke,Team Vitality,neon,True,100,50,1,0,0,3,False,phantom,rifle,,0.1533,0.4222,Jamppi,Team Vitality,kayo,False,,50,0,0,0,7,True,vandal,rifle,,,,Sayonara,Team Vitality,sova,True,70,24,0,2,0,7,True,vandal,rifle,,0.8356,0.6044,PROFEK,Team Vitality,astra,True,100,25,1,1,0,0,False,phantom,rifle,,0.5511,0.6256
922.638,1688,ACTIVE_ROUND,5,3,3,,31.932,,s0pp,FUT Esports,chamber,True,100,50,0,4,0,0,False,operator,sniper,,0.3178,0.2978,xeus,FUT Esports,jett,False,,50,2,1,0,1,False,vandal,rifle,,,,sociablEE,FUT Esports,fade,False,,50,0,0,1,0,False,unknown,unknown,,,,yetujey,FUT Esports,astra,True,100,50,1,0,0,2,False,vandal,rifle,,0.3178,0.3367,KROSTALY,FUT Esports,kayo,False,,13,0,0,0,1,False,vandal,rifle,,,,Chronicle,Team Vitality,chamber,True,94,12,0,8,1,7,True,classic,sidearm,,0.5056,0.4111,Derke,Team Vitality,neon,True,100,50,1,0,0,3,False,phantom,rifle,,0.1467,0.4111,Jamppi,Team Vitality,kayo,False,,50,0,0,0,7,True,vandal,rifle,,,,Sayonara,Team Vitality,sova,True,70,24,0,2,0,7,True,vandal,rifle,,0.7844,0.6400,PROFEK,Team Vitality,astra,True,100,25,1,1,0,0,False,phantom,rifle,,0.5511,0.6256
923.122,1689,ACTIVE_ROUND,5,3,3,,32.416,,s0pp,FUT Esports,chamber,True,100,50,0,4,0,0,False,operator,sniper,,0.3178,0.2978,xeus,FUT Esports,jett,False,,50,2,1,0,1,False,vandal,rifle,,,,sociablEE,FUT Esports,fade,False,,50,0,0,1,0,False,unknown,unknown,,,,yetujey,FUT Esports,astra,True,100,50,1,0,0,2,False,vandal,rifle,,0.3178,0.3322,KROSTALY,FUT Esports,kayo,False,,13,0,0,0,1,False,vandal,rifle,,,,Chronicle,Team Vitality,chamber,True,94,12,0,8,1,7,True,classic,sidearm,,0.4989,0.4200,Derke,Team Vitality,neon,True,100,50,1,0,0,3,False,phantom,rifle,,0.1444,0.4022,Jamppi,Team Vitality,kayo,False,,50,0,0,0,7,True,vandal,rifle,,,,Sayonara,Team Vitality,sova,True,70,24,0,2,0,7,True,vandal,rifle,,0.7822,0.6533,PROFEK,Team Vitality,astra,True,100,25,1,1,0,0,False,phantom,rifle,,0.5511,0.6256
923.606,1690,ACTIVE_ROUND,5,3,3,,32.900,,s0pp,FUT Esports,chamber,True,100,50,0,4,0,0,False,operator,sniper,,0.3178,0.2978,xeus,FUT Esports,jett,False,,50,2,1,0,1,False,vandal,rifle,,,,sociablEE,FUT Esports,fade,False,,50,0,0,1,0,False,unknown,unknown,,,,yetujey,FUT Esports,astra,True,100,50,1,0,0,2,False,vandal,rifle,,0.3178,0.3300,KROSTALY,FUT Esports,kayo,False,,13,0,0,0,1,False,vandal,rifle,,,,Chronicle,Team Vitality,chamber,True,94,12,0,8,1,7,True,classic,sidearm,,0.4944,0.4289,Derke,Team Vitality,neon,True,100,50,1,0,0,3,False,phantom,rifle,,0.1444,0.3911,Jamppi,Team Vitality,kayo,False,,50,0,0,0,7,True,vandal,rifle,,,,Sayonara,Team Vitality,sova,True,70,24,0,2,0,7,True,vandal,rifle,,0.7778,0.6667,PROFEK,Team Vitality,astra,True,100,25,1,1,0,0,False,phantom,rifle,,0.5511,0.6256
924.090,1691,ACTIVE_ROUND,5,3,3,,33.383,,s0pp,FUT Esports,chamber,True,100,50,0,4,0,0,False,operator,sniper,,0.3178,0.2978,xeus,FUT Esports,jett,False,,50,2,1,0,1,False,vandal,rifle,,,,sociablEE,FUT Esports,fade,False,,50,0,0,1,0,False,unknown,unknown,,,,yetujey,FUT Esports,astra,True,100,50,1,0,0,2,False,vandal,rifle,,0.3178,0.3300,KROSTALY,FUT Esports,kayo,False,,13,0,0,0,1,False,vandal,rifle,,,,Chronicle,Team Vitality,chamber,True,94,12,0,8,1,7,True,classic,sidearm,,0.0833,0.7600,Derke,Team Vitality,neon,True,100,50,1,0,0,3,False,phantom,rifle,,0.1489,0.3822,Jamppi,Team Vitality,kayo,False,,50,0,0,0,7,True,vandal,rifle,,,,Sayonara,Team Vitality,sova,True,70,24,0,2,0,7,True,vandal,rifle,,0.7778,0.6667,PROFEK,Team Vitality,astra,True,100,25,1,1,0,0,False,phantom,rifle,,0.5511,0.6256
924.574,1692,ACTIVE_ROUND,5,3,3,,33.867,,s0pp,FUT Esports,chamber,True,100,50,0,4,1,0,False,operator,sniper,,0.3178,0.2978,xeus,FUT Esports,jett,False,,50,2,1,0,1,False,vandal,rifle,,,,sociablEE,FUT Esports,fade,False,,50,0,0,1,0,False,unknown,unknown,,,,yetujey,FUT Esports,astra,True,100,50,1,0,0,2,False,vandal,rifle,,0.3178,0.3300,KROSTALY,FUT Esports,kayo,False,,13,0,0,0,1,False,vandal,rifle,,,,Chronicle,Team Vitality,chamber,True,94,12,0,8,1,7,True,classic,sidearm,,0.4522,0.9267,Derke,Team Vitality,neon,True,100,50,1,0,0,3,False,phantom,rifle,,0.1578,0.3756,Jamppi,Team Vitality,kayo,False,,50,0,0,0,7,True,vandal,rifle,,,,Sayonara,Team Vitality,sova,True,70,24,0,2,0,7,True,vandal,rifle,,0.7778,0.6667,PROFEK,Team Vitality,astra,True,100,25,1,1,0,0,False,phantom,rifle,,0.5511,0.6256
925.057,1693,ACTIVE_ROUND,5,3,3,,34.351,,s0pp,FUT Esports,chamber,True,100,50,0,4,1,0,False,operator,sniper,,0.3178,0.2978,xeus,FUT Esports,jett,False,,50,2,1,0,1,False,vandal,rifle,,,,sociablEE,FUT Esports,fade,False,,50,0,0,1,0,False,unknown,unknown,,,,yetujey,FUT Esports,astra,True,100,50,1,0,0,2,False,vandal,rifle,,0.3178,0.3300,KROSTALY,FUT Esports,kayo,False,,13,0,0,0,1,False,vandal,rifle,,,,Chronicle,Team Vitality,chamber,True,94,12,0,8,1,7,True,classic,sidearm,,0.4522,0.9267,Derke,Team Vitality,neon,True,100,50,1,0,0,3,False,phantom,rifle,,0.1689,0.3711,Jamppi,Team Vitality,kayo,False,,50,0,0,0,7,True,vandal,rifle,,,,Sayonara,Team Vitality,sova,True,70,24,0,2,0,7,True,vandal,rifle,,0.7689,0.7089,PROFEK,Team Vitality,astra,True,100,25,1,1,0,0,False,phantom,rifle,,0.5511,0.6256
925.541,1694,ACTIVE_ROUND,5,3,3,,34.835,,s0pp,FUT Esports,chamber,True,100,50,0,4,1,0,False,operator,sniper,,0.3178,0.2978,xeus,FUT Esports,jett,False,,50,2,1,0,1,False,vandal,rifle,,,,sociablEE,FUT Esports,fade,False,,50,0,0,1,0,False,unknown,unknown,,,,yetujey,FUT Esports,astra,True,100,50,1,0,0,2,False,vandal,rifle,,0.3178,0.3300,KROSTALY,FUT Esports,kayo,False,,13,0,0,0,1,False,vandal,rifle,,,,Chronicle,Team Vitality,chamber,True,94,12,0,8,1,7,True,classic,sidearm,,0.4522,0.9267,Derke,Team Vitality,neon,True,100,50,1,0,0,3,False,phantom,rifle,,0.1778,0.3667,Jamppi,Team Vitality,kayo,False,,50,0,0,0,7,True,vandal,rifle,,,,Sayonara,Team Vitality,sova,True,70,24,0,2,0,7,True,vandal,rifle,,0.7600,0.7200,PROFEK,Team Vitality,astra,True,100,25,1,1,0,0,False,phantom,rifle,,0.5511,0.6256
926.025,1695,ACTIVE_ROUND,5,3,3,,35.319,,s0pp,FUT Esports,chamber,True,100,50,0,4,1,0,False,operator,sniper,,0.3178,0.2978,xeus,FUT Esports,jett,False,,50,2,1,0,1,False,vandal,rifle,,,,sociablEE,FUT Esports,fade,False,,50,0,0,1,0,False,unknown,unknown,,,,yetujey,FUT Esports,astra,True,100,50,1,0,0,2,False,vandal,rifle,,0.3178,0.3300,KROSTALY,FUT Esports,kayo,False,,13,0,0,0,1,False,vandal,rifle,,,,Chronicle,Team Vitality,chamber,True,94,12,0,8,1,7,True,classic,sidearm,,0.4522,0.9267,Derke,Team Vitality,neon,True,100,50,1,0,0,3,False,phantom,rifle,,0.1844,0.3578,Jamppi,Team Vitality,kayo,False,,50,0,0,0,7,True,vandal,rifle,,,,Sayonara,Team Vitality,sova,True,70,24,0,2,0,7,True,vandal,rifle,,0.7533,0.7311,PROFEK,Team Vitality,astra,True,100,25,1,1,0,0,False,phantom,rifle,,0.5511,0.6256
926.509,1696,ACTIVE_ROUND,5,3,3,,35.802,,s0pp,FUT Esports,chamber,True,100,50,0,4,1,0,False,operator,sniper,,0.3178,0.2978,xeus,FUT Esports,jett,False,,50,2,1,0,1,False,vandal,rifle,,,,sociablEE,FUT Esports,fade,False,,50,0,0,1,0,False,unknown,unknown,,,,yetujey,FUT Esports,astra,True,100,50,1,0,0,2,False,vandal,rifle,,0.3178,0.3300,KROSTALY,FUT Esports,kayo,False,,13,0,0,0,1,False,vandal,rifle,,,,Chronicle,Team Vitality,chamber,True,94,12,0,8,1,7,True,classic,sidearm,,0.4522,0.9267,Derke,Team Vitality,neon,True,100,50,1,0,0,3,False,phantom,rifle,,0.1822,0.3467,Jamppi,Team Vitality,kayo,False,,50,0,0,0,7,True,vandal,rifle,,,,Sayonara,Team Vitality,sova,True,70,24,0,2,0,7,True,vandal,rifle,,0.7444,0.7422,PROFEK,Team Vitality,astra,True,100,25,1,1,0,0,False,phantom,rifle,,0.5511,0.6256
926.993,1697,ACTIVE_ROUND,5,3,3,,36.286,,s0pp,FUT Esports,chamber,True,100,50,0,4,1,0,False,operator,sniper,,0.3178,0.2978,xeus,FUT Esports,jett,False,,50,2,1,0,1,False,vandal,rifle,,,,sociablEE,FUT Esports,fade,False,,50,0,0,1,0,False,unknown,unknown,,,,yetujey,FUT Esports,astra,True,100,50,1,0,0,2,False,vandal,rifle,,0.3178,0.3300,KROSTALY,FUT Esports,kayo,False,,13,0,0,0,1,False,vandal,rifle,,,,Chronicle,Team Vitality,chamber,True,94,12,0,8,1,7,True,classic,sidearm,,0.4522,0.9267,Derke,Team Vitality,neon,True,100,50,1,0,0,3,False,phantom,rifle,,0.1800,0.3356,Jamppi,Team Vitality,kayo,False,,50,0,0,0,7,True,vandal,rifle,,,,Sayonara,Team Vitality,sova,True,70,24,0,2,0,7,True,vandal,rifle,,0.7333,0.7511,PROFEK,Team Vitality,astra,True,100,25,1,1,0,0,False,phantom,rifle,,0.5511,0.6256
927.477,1698,ACTIVE_ROUND,5,3,3,,36.770,,s0pp,FUT Esports,chamber,True,100,50,0,4,1,0,False,operator,sniper,,0.3178,0.2978,xeus,FUT Esports,jett,False,,50,2,1,0,1,False,vandal,rifle,,,,sociablEE,FUT Esports,fade,False,,50,0,0,1,0,False,unknown,unknown,,,,yetujey,FUT Esports,astra,True,100,50,1,0,0,2,False,vandal,rifle,,0.3178,0.3300,KROSTALY,FUT Esports,kayo,False,,13,0,0,0,1,False,vandal,rifle,,,,Chronicle,Team Vitality,chamber,True,94,12,0,8,1,7,True,classic,sidearm,,0.4522,0.9267,Derke,Team Vitality,neon,True,100,50,1,0,0,3,False,phantom,rifle,,0.1778,0.3289,Jamppi,Team Vitality,kayo,False,,50,0,0,0,7,True,vandal,rifle,,,,Sayonara,Team Vitality,sova,True,70,24,0,2,0,7,True,vandal,rifle,,0.7244,0.7600,PROFEK,Team Vitality,astra,True,100,25,1,1,0,0,False,phantom,rifle,,0.5511,0.6256
927.960,1699,ACTIVE_ROUND,5,3,3,,37.254,,s0pp,FUT Esports,chamber,True,100,50,0,4,1,0,False,operator,sniper,,0.3178,0.2978,xeus,FUT Esports,jett,False,,50,2,1,0,1,False,vandal,rifle,,,,sociablEE,FUT Esports,fade,False,,50,0,0,1,0,False,unknown,unknown,,,,yetujey,FUT Esports,astra,True,100,50,1,0,0,2,False,vandal,rifle,,0.3178,0.3300,KROSTALY,FUT Esports,kayo,False,,13,0,0,0,1,False,vandal,rifle,,,,Chronicle,Team Vitality,chamber,True,94,12,0,8,1,7,True,classic,sidearm,,0.4522,0.9267,Derke,Team Vitality,neon,True,100,50,1,0,0,3,False,phantom,rifle,,0.1844,0.3222,Jamppi,Team Vitality,kayo,False,,50,0,0,0,7,True,vandal,rifle,,,,Sayonara,Team Vitality,sova,True,70,24,0,2,0,7,True,vandal,rifle,,0.7244,0.7600,PROFEK,Team Vitality,astra,True,100,25,1,1,0,0,False,phantom,rifle,,0.5511,0.6256
928.444,1700,ACTIVE_ROUND,5,3,3,,37.738,,s0pp,FUT Esports,chamber,True,100,50,0,4,1,0,False,operator,sniper,,0.3178,0.2978,xeus,FUT Esports,jett,False,,50,2,1,0,1,False,vandal,rifle,,,,sociablEE,FUT Esports,fade,False,,50,0,0,1,0,False,unknown,unknown,,,,yetujey,FUT Esports,astra,True,100,50,1,0,0,2,False,vandal,rifle,,0.3178,0.3300,KROSTALY,FUT Esports,kayo,False,,13,0,0,0,1,False,vandal,rifle,,,,Chronicle,Team Vitality,chamber,True,94,12,0,8,1,7,True,classic,sidearm,,0.4944,0.4333,Derke,Team Vitality,neon,True,100,50,1,0,0,3,False,phantom,rifle,,0.1956,0.3156,Jamppi,Team Vitality,kayo,False,,50,0,0,0,7,True,vandal,rifle,,,,Sayonara,Team Vitality,sova,True,70,24,0,2,0,7,True,vandal,rifle,,0.7000,0.7756,PROFEK,Team Vitality,astra,True,100,25,1,1,0,0,False,phantom,rifle,,0.5511,0.6256
928.928,1701,ACTIVE_ROUND,5,3,3,,38.222,,s0pp,FUT Esports,chamber,True,100,50,0,4,1,0,False,operator,sniper,,0.3178,0.2978,xeus,FUT Esports,jett,False,,50,2,1,0,1,False,vandal,rifle,,,,sociablEE,FUT Esports,fade,False,,50,0,0,1,0,False,unknown,unknown,,,,yetujey,FUT Esports,astra,True,100,50,1,0,0,2,False,vandal,rifle,,0.3178,0.3278,KROSTALY,FUT Esports,kayo,False,,13,0,0,0,1,False,vandal,rifle,,,,Chronicle,Team Vitality,chamber,True,94,12,0,8,1,7,True,classic,sidearm,,0.5100,0.4200,Derke,Team Vitality,neon,True,100,50,1,0,0,3,False,phantom,rifle,,0.2067,0.3133,Jamppi,Team Vitality,kayo,False,,50,0,0,0,7,True,vandal,rifle,,,,Sayonara,Team Vitality,sova,True,70,24,0,2,0,7,True,vandal,rifle,,0.6867,0.7822,PROFEK,Team Vitality,astra,True,100,25,1,1,0,0,False,phantom,rifle,,0.5511,0.6256
929.412,1702,ACTIVE_ROUND,5,3,3,,38.705,,s0pp,FUT Esports,chamber,True,100,50,0,4,1,0,False,operator,sniper,,0.3178,0.2978,xeus,FUT Esports,jett,False,,50,2,1,0,1,False,vandal,rifle,,,,sociablEE,FUT Esports,fade,False,,50,0,0,1,0,False,unknown,unknown,,,,yetujey,FUT Esports,astra,True,100,50,1,0,0,2,False,vandal,rifle,,0.3178,0.3389,KROSTALY,FUT Esports,kayo,False,,13,0,0,0,1,False,vandal,rifle,,,,Chronicle,Team Vitality,chamber,True,94,12,0,8,1,7,True,classic,sidearm,,0.4522,0.9267,Derke,Team Vitality,neon,True,100,50,1,0,0,3,False,phantom,rifle,,0.2178,0.3156,Jamppi,Team Vitality,kayo,False,,50,0,0,0,7,True,vandal,rifle,,,,Sayonara,Team Vitality,sova,True,70,24,0,2,0,7,True,vandal,rifle,,0.6733,0.7889,PROFEK,Team Vitality,astra,True,100,25,1,1,0,0,False,phantom,rifle,,0.5511,0.6256
929.896,1703,ACTIVE_ROUND,5,3,3,,39.189,,s0pp,FUT Esports,chamber,True,100,50,0,4,1,0,False,operator,sniper,,0.3178,0.2978,xeus,FUT Esports,jett,False,,50,2,1,0,1,False,vandal,rifle,,,,sociablEE,FUT Esports,fade,False,,50,0,0,1,0,False,unknown,unknown,,,,yetujey,FUT Esports,astra,True,100,50,1,0,0,2,False,vandal,rifle,,0.3178,0.3456,KROSTALY,FUT Esports,kayo,False,,13,0,0,0,1,False,vandal,rifle,,,,Chronicle,Team Vitality,chamber,True,94,12,0,8,1,7,True,classic,sidearm,,0.5522,0.3978,Derke,Team Vitality,neon,True,100,50,1,0,0,3,False,phantom,rifle,,0.2289,0.3133,Jamppi,Team Vitality,kayo,False,,50,0,0,0,7,True,vandal,rifle,,,,Sayonara,Team Vitality,sova,True,70,24,0,2,0,7,True,vandal,rifle,,0.6600,0.7956,PROFEK,Team Vitality,astra,True,100,25,1,1,0,0,False,phantom,rifle,,0.5511,0.6256
930.379,1704,ACTIVE_ROUND,5,3,3,,39.673,,s0pp,FUT Esports,chamber,True,100,50,0,4,1,0,False,operator,sniper,,0.3178,0.2978,xeus,FUT Esports,jett,False,,50,2,1,0,1,False,vandal,rifle,,,,sociablEE,FUT Esports,fade,False,,50,0,0,1,0,False,unknown,unknown,,,,yetujey,FUT Esports,astra,True,100,50,1,0,0,2,False,vandal,rifle,,0.3200,0.3389,KROSTALY,FUT Esports,kayo,False,,13,0,0,0,1,False,vandal,rifle,,,,Chronicle,Team Vitality,chamber,True,94,12,0,8,1,7,True,classic,sidearm,,0.5722,0.3867,Derke,Team Vitality,neon,True,100,50,1,0,0,3,False,phantom,rifle,,0.2400,0.3133,Jamppi,Team Vitality,kayo,False,,50,0,0,0,7,True,vandal,rifle,,,,Sayonara,Team Vitality,sova,True,70,24,0,2,0,7,True,vandal,rifle,,0.6378,0.8067,PROFEK,Team Vitality,astra,True,100,25,0,0,0,0,False,phantom,rifle,,0.5511,0.6256
930.863,1705,ACTIVE_ROUND,5,3,3,,40.157,,s0pp,FUT Esports,chamber,True,100,50,0,4,1,0,False,operator,sniper,,0.3178,0.2978,xeus,FUT Esports,jett,False,,50,2,1,0,1,False,vandal,rifle,,,,sociablEE,FUT Esports,fade,False,,50,0,0,1,0,False,unknown,unknown,,,,yetujey,FUT Esports,astra,True,100,50,1,0,0,2,False,vandal,rifle,,0.3200,0.3389,KROSTALY,FUT Esports,kayo,False,,13,0,0,0,1,False,vandal,rifle,,,,Chronicle,Team Vitality,chamber,True,94,12,0,8,1,7,True,classic,sidearm,,0.5944,0.3800,Derke,Team Vitality,neon,True,100,50,1,0,0,3,False,phantom,rifle,,0.2511,0.3133,Jamppi,Team Vitality,kayo,False,,50,0,0,0,7,True,vandal,rifle,,,,Sayonara,Team Vitality,sova,True,70,24,0,2,0,7,True,vandal,rifle,,0.6156,0.8156,PROFEK,Team Vitality,astra,True,100,25,0,0,0,0,False,phantom,rifle,,0.5511,0.6256
931.347,1706,ACTIVE_ROUND,5,3,3,,40.641,,s0pp,FUT Esports,chamber,True,100,50,0,4,1,0,False,operator,sniper,,0.3178,0.2978,xeus,FUT Esports,jett,False,,50,2,1,0,1,False,vandal,rifle,,,,sociablEE,FUT Esports,fade,False,,50,0,0,1,0,False,unknown,unknown,,,,yetujey,FUT Esports,astra,True,100,50,1,0,0,2,False,vandal,rifle,,0.3200,0.3389,KROSTALY,FUT Esports,kayo,False,,13,0,0,0,1,False,vandal,rifle,,,,Chronicle,Team Vitality,chamber,True,94,12,0,8,1,7,True,classic,sidearm,,0.6056,0.3933,Derke,Team Vitality,neon,True,100,50,1,0,0,3,False,phantom,rifle,,0.2622,0.3133,Jamppi,Team Vitality,kayo,False,,50,0,0,0,7,True,vandal,rifle,,,,Sayonara,Team Vitality,sova,True,70,24,0,2,0,7,True,vandal,rifle,,0.5933,0.8222,PROFEK,Team Vitality,astra,True,100,25,0,0,0,0,False,phantom,rifle,,0.5511,0.6256
931.831,1707,ACTIVE_ROUND,5,3,3,,41.124,,s0pp,FUT Esports,chamber,True,100,50,0,4,1,0,False,operator,sniper,,0.3178,0.2978,xeus,FUT Esports,jett,False,,50,2,1,0,1,False,vandal,rifle,,,,sociablEE,FUT Esports,fade,False,,50,0,0,1,0,False,unknown,unknown,,,,yetujey,FUT Esports,astra,True,100,50,1,0,0,2,False,vandal,rifle,,0.3222,0.3411,KROSTALY,FUT Esports,kayo,False,,13,0,0,0,1,False,vandal,rifle,,,,Chronicle,Team Vitality,chamber,True,94,12,0,8,1,7,True,classic,sidearm,,0.5789,0.4467,Derke,Team Vitality,neon,True,100,50,1,0,0,3,False,phantom,rifle,,0.2733,0.3133,Jamppi,Team Vitality,kayo,False,,50,0,0,0,7,True,vandal,rifle,,,,Sayonara,Team Vitality,sova,True,70,24,0,2,0,7,True,vandal,rifle,,0.5756,0.8356,PROFEK,Team Vitality,astra,True,100,25,0,0,0,0,False,phantom,rifle,,0.5511,0.6256
932.315,1708,ACTIVE_ROUND,5,3,3,,41.608,,s0pp,FUT Esports,chamber,True,100,50,0,4,1,0,False,operator,sniper,,0.3178,0.2978,xeus,FUT Esports,jett,False,,50,2,1,0,1,False,vandal,rifle,,,,sociablEE,FUT Esports,fade,False,,50,0,0,1,0,False,unknown,unknown,,,,yetujey,FUT Esports,astra,True,100,50,0,0,0,2,False,vandal,rifle,,0.3200,0.3456,KROSTALY,FUT Esports,kayo,False,,13,0,0,0,1,False,vandal,rifle,,,,Chronicle,Team Vitality,chamber,True,94,12,0,8,1,7,True,phantom,rifle,,0.6056,0.3956,Derke,Team Vitality,neon,True,100,50,1,0,0,3,False,phantom,rifle,,0.2844,0.3133,Jamppi,Team Vitality,kayo,False,,50,0,0,0,7,True,vandal,rifle,,,,Sayonara,Team Vitality,sova,True,70,24,0,2,0,7,True,vandal,rifle,,0.5578,0.8511,PROFEK,Team Vitality,astra,True,100,25,1,0,0,0,False,phantom,rifle,,0.5733,0.5278
932.799,1709,ACTIVE_ROUND,5,3,3,,42.092,,s0pp,FUT Esports,chamber,True,100,50,0,4,1,0,False,operator,sniper,,0.3178,0.2978,xeus,FUT Esports,jett,False,,50,2,1,0,1,False,vandal,rifle,,,,sociablEE,FUT Esports,fade,False,,50,0,0,1,0,False,unknown,unknown,,,,yetujey,FUT Esports,astra,True,100,50,0,0,0,2,False,vandal,rifle,,0.3222,0.3456,KROSTALY,FUT Esports,kayo,False,,13,0,0,0,1,False,vandal,rifle,,,,Chronicle,Team Vitality,chamber,True,94,12,0,8,1,7,True,phantom,rifle,,0.5922,0.3800,Derke,Team Vitality,neon,True,100,50,1,0,0,3,False,phantom,rifle,,0.2933,0.3222,Jamppi,Team Vitality,kayo,False,,50,0,0,0,7,True,vandal,rifle,,,,Sayonara,Team Vitality,sova,True,70,24,0,2,0,7,True,vandal,rifle,,0.5356,0.8622,PROFEK,Team Vitality,astra,True,100,25,1,0,0,0,False,phantom,rifle,,0.5467,0.6011
933.282,1710,ACTIVE_ROUND,5,3,3,,42.576,,s0pp,FUT Esports,chamber,True,100,50,0,4,1,0,False,operator,sniper,,0.3178,0.2978,xeus,FUT Esports,jett,False,,50,2,1,0,1,False,vandal,rifle,,,,sociablEE,FUT Esports,fade,False,,50,0,0,1,0,False,unknown,unknown,,,,yetujey,FUT Esports,astra,True,100,50,0,0,0,2,False,vandal,rifle,,0.3178,0.3411,KROSTALY,FUT Esports,kayo,False,,13,0,0,0,1,False,vandal,rifle,,,,Chronicle,Team Vitality,chamber,True,94,12,0,8,1,7,True,phantom,rifle,,0.5767,0.3889,Derke,Team Vitality,neon,True,100,50,1,0,0,3,False,phantom,rifle,,0.3000,0.3289,Jamppi,Team Vitality,kayo,False,,50,0,0,0,7,True,vandal,rifle,,,,Sayonara,Team Vitality,sova,True,70,24,0,2,0,7,True,vandal,rifle,,0.5156,0.8689,PROFEK,Team Vitality,astra,True,100,25,1,0,0,0,False,phantom,rifle,,0.5467,0.6011
933.766,1711,ACTIVE_ROUND,5,3,3,,43.060,,s0pp,FUT Esports,chamber,True,100,50,0,4,1,0,False,operator,sniper,,0.3178,0.2978,xeus,FUT Esports,jett,False,,50,2,1,0,1,False,vandal,rifle,,,,sociablEE,FUT Esports,fade,False,,50,0,0,1,0,False,unknown,unknown,,,,yetujey,FUT Esports,astra,True,100,50,0,0,0,2,False,vandal,rifle,,0.3178,0.3322,KROSTALY,FUT Esports,kayo,False,,13,0,0,0,1,False,vandal,rifle,,,,Chronicle,Team Vitality,chamber,True,94,12,0,8,1,7,True,phantom,rifle,,0.5344,0.5444,Derke,Team Vitality,neon,True,100,50,1,0,0,3,False,phantom,rifle,,0.3000,0.3289,Jamppi,Team Vitality,kayo,False,,50,0,0,0,7,True,vandal,rifle,,,,Sayonara,Team Vitality,sova,True,70,24,0,2,0,7,True,vandal,rifle,,0.4911,0.8600,PROFEK,Team Vitality,astra,True,100,25,1,0,0,0,False,phantom,rifle,,0.5467,0.6011
934.250,1712,ACTIVE_ROUND,5,3,3,,43.543,,s0pp,FUT Esports,chamber,True,100,50,0,4,1,0,False,operator,sniper,,0.3178,0.2978,xeus,FUT Esports,jett,False,,50,2,1,0,1,False,vandal,rifle,,,,sociablEE,FUT Esports,fade,False,,50,0,0,1,0,False,unknown,unknown,,,,yetujey,FUT Esports,astra,True,100,50,0,0,0,2,False,vandal,rifle,,0.3178,0.3278,KROSTALY,FUT Esports,kayo,False,,13,0,0,0,1,False,vandal,rifle,,,,Chronicle,Team Vitality,chamber,True,94,12,0,8,1,7,True,phantom,rifle,,0.5411,0.4044,Derke,Team Vitality,neon,True,100,50,1,0,0,3,False,phantom,rifle,,0.3000,0.3422,Jamppi,Team Vitality,kayo,False,,50,0,0,0,7,True,vandal,rifle,,,,Sayonara,Team Vitality,sova,True,70,24,0,2,0,7,True,vandal,rifle,,0.8622,0.3844,PROFEK,Team Vitality,astra,True,100,25,1,0,0,0,False,phantom,rifle,,0.5467,0.6011
934.734,1713,ACTIVE_ROUND,5,3,3,,44.027,,s0pp,FUT Esports,chamber,True,100,50,0,4,1,0,False,operator,sniper,,0.3178,0.2978,xeus,FUT Esports,jett,False,,50,2,1,0,1,False,vandal,rifle,,,,sociablEE,FUT Esports,fade,False,,50,0,0,1,0,False,unknown,unknown,,,,yetujey,FUT Esports,astra,True,100,50,0,0,0,2,False,vandal,rifle,,0.3178,0.3300,KROSTALY,FUT Esports,kayo,False,,13,0,0,0,1,False,vandal,rifle,,,,Chronicle,Team Vitality,chamber,True,94,12,0,8,1,7,True,phantom,rifle,,0.5633,0.5578,Derke,Team Vitality,neon,True,100,50,1,0,0,3,False,phantom,rifle,,0.3000,0.3422,Jamppi,Team Vitality,kayo,False,,50,0,0,0,7,True,vandal,rifle,,,,Sayonara,Team Vitality,sova,True,70,24,0,2,0,7,True,vandal,rifle,,0.8622,0.3844,PROFEK,Team Vitality,astra,True,100,25,1,0,0,0,False,phantom,rifle,,0.5467,0.6011
935.218,1714,POST_ROUND,5,3,4,,,0.000,s0pp,FUT Esports,chamber,True,100,50,0,4,1,0,False,operator,sniper,,0.3178,0.2978,xeus,FUT Esports,jett,False,,50,2,1,0,1,False,vandal,rifle,,,,sociablEE,FUT Esports,fade,False,,50,0,0,1,0,False,unknown,unknown,,,,yetujey,FUT Esports,astra,True,100,50,0,0,0,2,False,vandal,rifle,,0.3178,0.3300,KROSTALY,FUT Esports,kayo,False,,13,0,0,0,1,False,vandal,rifle,,,,Chronicle,Team Vitality,chamber,True,94,12,0,8,1,7,True,phantom,rifle,,0.5633,0.5578,Derke,Team Vitality,neon,True,100,50,1,0,0,3,False,phantom,rifle,,0.3000,0.3422,Jamppi,Team Vitality,kayo,False,,50,0,0,0,7,True,vandal,rifle,,,,Sayonara,Team Vitality,sova,True,70,24,0,2,0,7,True,vandal,rifle,,0.8622,0.3844,PROFEK,Team Vitality,astra,True,100,25,1,0,0,0,False,phantom,rifle,,0.5467,0.6011
935.701,1715,POST_ROUND,5,3,4,,,0.484,s0pp,FUT Esports,chamber,True,100,50,0,4,1,0,False,operator,sniper,,0.3178,0.2978,xeus,FUT Esports,jett,False,,50,2,1,0,1,False,vandal,rifle,,,,sociablEE,FUT Esports,fade,False,,50,0,0,1,0,False,unknown,unknown,,,,yetujey,FUT Esports,astra,True,100,50,0,0,0,2,False,vandal,rifle,,0.3178,0.3300,KROSTALY,FUT Esports,kayo,False,,13,0,0,0,1,False,vandal,rifle,,,,Chronicle,Team Vitality,chamber,True,94,12,0,8,1,7,True,phantom,rifle,,0.5633,0.5578,Derke,Team Vitality,neon,True,100,50,1,0,0,3,False,phantom,rifle,,0.3000,0.3422,Jamppi,Team Vitality,kayo,False,,50,0,0,0,7,True,vandal,rifle,,,,Sayonara,Team Vitality,sova,True,70,24,0,2,0,7,True,vandal,rifle,,0.8622,0.3844,PROFEK,Team Vitality,astra,True,100,25,1,0,0,0,False,phantom,rifle,,0.5467,0.6011
936.185,1716,POST_ROUND,5,3,4,,,0.968,s0pp,FUT Esports,chamber,True,100,50,0,4,1,0,False,operator,sniper,,0.3178,0.2978,xeus,FUT Esports,jett,False,,50,2,1,0,1,False,vandal,rifle,,,,sociablEE,FUT Esports,fade,False,,50,0,0,1,0,False,unknown,unknown,,,,yetujey,FUT Esports,astra,True,100,50,0,0,0,2,False,vandal,rifle,,0.3178,0.3300,KROSTALY,FUT Esports,kayo,False,,13,0,0,0,1,False,vandal,rifle,,,,Chronicle,Team Vitality,chamber,True,94,12,0,8,1,7,True,phantom,rifle,,0.5633,0.5578,Derke,Team Vitality,neon,True,100,50,1,0,0,3,False,phantom,rifle,,0.3000,0.3422,Jamppi,Team Vitality,kayo,False,,50,0,0,0,7,True,vandal,rifle,,,,Sayonara,Team Vitality,sova,True,70,24,0,2,0,7,True,vandal,rifle,,0.8622,0.3844,PROFEK,Team Vitality,astra,True,100,25,0,0,0,0,False,phantom,rifle,,0.5467,0.6011
936.669,1717,POST_ROUND,5,3,4,,,1.451,s0pp,FUT Esports,chamber,True,100,50,0,4,1,0,False,operator,sniper,,0.3178,0.2978,xeus,FUT Esports,jett,False,,50,2,1,0,1,False,vandal,rifle,,,,sociablEE,FUT Esports,fade,False,,50,0,0,1,0,False,unknown,unknown,,,,yetujey,FUT Esports,astra,True,100,50,0,0,0,2,False,vandal,rifle,,0.3178,0.3300,KROSTALY,FUT Esports,kayo,False,,13,0,0,0,1,False,vandal,rifle,,,,Chronicle,Team Vitality,chamber,True,94,12,0,8,1,7,True,phantom,rifle,,0.5633,0.5578,Derke,Team Vitality,neon,True,100,50,1,0,0,3,False,phantom,rifle,,0.3000,0.3422,Jamppi,Team Vitality,kayo,False,,50,0,0,0,7,True,vandal,rifle,,,,Sayonara,Team Vitality,sova,True,70,24,0,2,0,7,True,vandal,rifle,,0.8622,0.3844,PROFEK,Team Vitality,astra,True,100,25,0,0,0,0,False,phantom,rifle,,0.5467,0.6011
937.153,1718,POST_ROUND,5,3,4,,,1.935,s0pp,FUT Esports,chamber,True,100,50,0,4,1,0,False,operator,sniper,,0.3178,0.2978,xeus,FUT Esports,jett,False,,50,2,1,0,1,False,vandal,rifle,,,,sociablEE,FUT Esports,fade,False,,50,0,0,1,0,False,unknown,unknown,,,,yetujey,FUT Esports,astra,True,100,50,0,0,0,2,False,vandal,rifle,,0.3178,0.3300,KROSTALY,FUT Esports,kayo,False,,13,0,0,0,1,False,vandal,rifle,,,,Chronicle,Team Vitality,chamber,True,94,12,0,8,1,7,True,phantom,rifle,,0.5633,0.5578,Derke,Team Vitality,neon,True,100,50,1,0,0,3,False,phantom,rifle,,0.3000,0.3422,Jamppi,Team Vitality,kayo,False,,50,0,0,0,7,True,vandal,rifle,,,,Sayonara,Team Vitality,sova,True,70,24,0,2,0,7,True,vandal,rifle,,0.8622,0.3844,PROFEK,Team Vitality,astra,True,100,25,0,0,0,0,False,phantom,rifle,,0.5467,0.6011
937.637,1719,POST_ROUND,5,3,4,,,2.419,s0pp,FUT Esports,chamber,True,100,50,0,4,1,0,False,operator,sniper,,0.3178,0.2978,xeus,FUT Esports,jett,False,,50,2,1,0,1,False,vandal,rifle,,,,sociablEE,FUT Esports,fade,False,,50,0,0,1,0,False,unknown,unknown,,,,yetujey,FUT Esports,astra,True,100,50,0,0,0,2,False,vandal,rifle,,0.3178,0.3300,KROSTALY,FUT Esports,kayo,False,,13,0,0,0,1,False,vandal,rifle,,,,Chronicle,Team Vitality,chamber,True,94,12,0,8,1,7,True,phantom,rifle,,0.5633,0.5578,Derke,Team Vitality,neon,True,100,50,1,0,0,3,False,phantom,rifle,,0.3000,0.3422,Jamppi,Team Vitality,kayo,False,,50,0,0,0,7,True,vandal,rifle,,,,Sayonara,Team Vitality,sova,True,70,24,0,2,0,7,True,vandal,rifle,,0.8622,0.3844,PROFEK,Team Vitality,astra,True,100,25,0,0,0,0,False,phantom,rifle,,0.5467,0.6011
938.121,1720,POST_ROUND,5,3,4,,,2.903,s0pp,FUT Esports,chamber,True,100,50,0,4,1,0,False,operator,sniper,,0.3178,0.2978,xeus,FUT Esports,jett,False,,50,2,1,0,1,False,vandal,rifle,,,,sociablEE,FUT Esports,fade,False,,50,0,0,1,0,False,unknown,unknown,,,,yetujey,FUT Esports,astra,True,100,50,0,0,0,2,False,vandal,rifle,,0.3178,0.3300,KROSTALY,FUT Esports,kayo,False,,13,0,0,0,1,False,vandal,rifle,,,,Chronicle,Team Vitality,chamber,True,94,12,0,8,1,7,True,phantom,rifle,,0.5633,0.5578,Derke,Team Vitality,neon,True,100,50,1,0,0,3,False,phantom,rifle,,0.3000,0.3422,Jamppi,Team Vitality,kayo,False,,50,0,0,0,7,True,vandal,rifle,,,,Sayonara,Team Vitality,sova,True,70,24,0,2,0,7,True,vandal,rifle,,0.8622,0.3844,PROFEK,Team Vitality,astra,True,100,25,0,0,0,0,False,phantom,rifle,,0.5467,0.6011
938.604,1721,POST_ROUND,5,3,4,,,3.387,s0pp,FUT Esports,chamber,True,100,50,0,4,1,0,False,operator,sniper,,0.3178,0.2978,xeus,FUT Esports,jett,False,,50,2,1,0,1,False,vandal,rifle,,,,sociablEE,FUT Esports,fade,False,,50,0,0,1,0,False,unknown,unknown,,,,yetujey,FUT Esports,astra,True,100,50,0,0,0,2,False,vandal,rifle,,0.3178,0.3300,KROSTALY,FUT Esports,kayo,False,,13,0,0,0,1,False,vandal,rifle,,,,Chronicle,Team Vitality,chamber,True,94,12,0,8,1,7,True,phantom,rifle,,0.5633,0.5578,Derke,Team Vitality,neon,True,100,50,1,0,0,3,False,phantom,rifle,,0.3000,0.3422,Jamppi,Team Vitality,kayo,False,,50,0,0,0,7,True,vandal,rifle,,,,Sayonara,Team Vitality,sova,True,70,24,0,2,0,7,True,vandal,rifle,,0.8622,0.3844,PROFEK,Team Vitality,astra,True,100,25,0,0,0,0,False,phantom,rifle,,0.5467,0.6011
939.088,1722,POST_ROUND,5,3,4,,,3.871,s0pp,FUT Esports,chamber,True,100,50,0,4,1,0,False,operator,sniper,,0.3178,0.2978,xeus,FUT Esports,jett,False,,50,2,1,0,1,False,vandal,rifle,,,,sociablEE,FUT Esports,fade,False,,50,0,0,1,0,False,unknown,unknown,,,,yetujey,FUT Esports,astra,True,100,50,0,0,0,2,False,vandal,rifle,,0.3178,0.3300,KROSTALY,FUT Esports,kayo,False,,13,0,0,0,1,False,vandal,rifle,,,,Chronicle,Team Vitality,chamber,True,94,12,0,8,1,7,True,phantom,rifle,,0.5633,0.5578,Derke,Team Vitality,neon,True,100,50,1,0,0,3,False,phantom,rifle,,0.3000,0.3422,Jamppi,Team Vitality,kayo,False,,50,0,0,0,7,True,vandal,rifle,,,,Sayonara,Team Vitality,sova,True,70,24,0,2,0,7,True,vandal,rifle,,0.8622,0.3844,PROFEK,Team Vitality,astra,True,100,25,0,0,0,0,False,phantom,rifle,,0.5467,0.6011
939.572,1723,POST_ROUND,5,3,4,,,4.354,s0pp,FUT Esports,chamber,True,100,50,0,4,1,0,False,operator,sniper,,0.3178,0.2978,xeus,FUT Esports,jett,False,,50,2,1,0,1,False,vandal,rifle,,,,sociablEE,FUT Esports,fade,False,,50,0,0,1,0,False,unknown,unknown,,,,yetujey,FUT Esports,astra,True,100,50,0,0,0,2,False,vandal,rifle,,0.3178,0.3300,KROSTALY,FUT Esports,kayo,False,,13,0,0,0,1,False,vandal,rifle,,,,Chronicle,Team Vitality,chamber,True,94,12,0,8,1,7,True,phantom,rifle,,0.5633,0.5578,Derke,Team Vitality,neon,True,100,50,1,0,0,3,False,phantom,rifle,,0.3000,0.3422,Jamppi,Team Vitality,kayo,False,,50,0,0,0,7,True,vandal,rifle,,,,Sayonara,Team Vitality,sova,True,70,24,0,2,0,7,True,vandal,rifle,,0.8622,0.3844,PROFEK,Team Vitality,astra,True,100,25,0,0,0,0,False,phantom,rifle,,0.5467,0.6011
940.056,1724,POST_ROUND,5,3,4,,,4.838,s0pp,FUT Esports,chamber,True,100,50,0,4,1,0,False,operator,sniper,,0.3178,0.2978,xeus,FUT Esports,jett,False,,50,2,1,0,1,False,vandal,rifle,,,,sociablEE,FUT Esports,fade,False,,50,0,0,1,0,False,unknown,unknown,,,,yetujey,FUT Esports,astra,True,100,50,1,0,0,2,False,vandal,rifle,,0.3178,0.3300,KROSTALY,FUT Esports,kayo,False,,13,0,0,0,1,False,vandal,rifle,,,,Chronicle,Team Vitality,chamber,True,94,12,0,8,1,7,True,phantom,rifle,,0.5633,0.5578,Derke,Team Vitality,neon,True,100,50,1,0,0,3,False,phantom,rifle,,0.3000,0.3422,Jamppi,Team Vitality,kayo,False,,50,0,0,0,7,True,vandal,rifle,,,,Sayonara,Team Vitality,sova,True,70,24,0,2,1,7,True,vandal,rifle,,0.8622,0.3844,PROFEK,Team Vitality,astra,True,100,25,1,0,0,0,False,phantom,rifle,,0.5467,0.6011
940.540,1725,POST_ROUND,5,3,4,,,5.322,s0pp,FUT Esports,chamber,True,100,50,0,4,1,0,False,operator,sniper,,0.3178,0.2978,xeus,FUT Esports,jett,False,,50,2,1,0,1,False,vandal,rifle,,,,sociablEE,FUT Esports,fade,False,,50,0,0,1,0,False,unknown,unknown,,,,yetujey,FUT Esports,astra,True,100,50,1,0,0,2,False,vandal,rifle,,0.3178,0.3300,KROSTALY,FUT Esports,kayo,False,,13,0,0,0,1,False,vandal,rifle,,,,Chronicle,Team Vitality,chamber,True,94,12,0,8,1,7,True,phantom,rifle,,0.5633,0.5578,Derke,Team Vitality,neon,True,100,50,1,0,0,3,False,phantom,rifle,,0.3000,0.3422,Jamppi,Team Vitality,kayo,False,,50,0,0,0,7,True,vandal,rifle,,,,Sayonara,Team Vitality,sova,True,70,24,0,2,1,7,True,vandal,rifle,,0.8622,0.3844,PROFEK,Team Vitality,astra,True,100,25,1,0,0,0,False,phantom,rifle,,0.5467,0.6011
941.023,1726,POST_ROUND,5,3,4,,,5.806,s0pp,FUT Esports,chamber,True,100,50,0,4,1,0,False,operator,sniper,,0.3178,0.2978,xeus,FUT Esports,jett,False,,50,2,1,0,1,False,vandal,rifle,,,,sociablEE,FUT Esports,fade,False,,50,0,0,1,0,False,unknown,unknown,,,,yetujey,FUT Esports,astra,True,100,50,1,0,0,2,False,vandal,rifle,,0.3178,0.3300,KROSTALY,FUT Esports,kayo,False,,13,0,0,0,1,False,vandal,rifle,,,,Chronicle,Team Vitality,chamber,True,94,12,0,8,1,7,True,phantom,rifle,,0.5633,0.5578,Derke,Team Vitality,neon,True,100,50,1,0,0,3,False,phantom,rifle,,0.3000,0.3422,Jamppi,Team Vitality,kayo,False,,50,0,0,0,7,True,vandal,rifle,,,,Sayonara,Team Vitality,sova,True,70,24,0,2,1,7,True,vandal,rifle,,0.8622,0.3844,PROFEK,Team Vitality,astra,True,100,25,1,0,0,0,False,phantom,rifle,,0.5467,0.6011
941.507,1727,POST_ROUND,5,3,4,,,6.290,s0pp,FUT Esports,chamber,True,100,50,0,4,1,0,False,operator,sniper,,0.3178,0.2978,xeus,FUT Esports,jett,False,,50,2,1,0,1,False,vandal,rifle,,,,sociablEE,FUT Esports,fade,False,,50,0,0,1,0,False,unknown,unknown,,,,yetujey,FUT Esports,astra,True,100,50,1,0,0,2,False,vandal,rifle,,0.3178,0.3300,KROSTALY,FUT Esports,kayo,False,,13,0,0,0,1,False,vandal,rifle,,,,Chronicle,Team Vitality,chamber,True,94,12,0,8,1,7,True,phantom,rifle,,0.5633,0.5578,Derke,Team Vitality,neon,True,100,50,1,0,0,3,False,phantom,rifle,,0.3000,0.3422,Jamppi,Team Vitality,kayo,False,,50,0,0,0,7,True,vandal,rifle,,,,Sayonara,Team Vitality,sova,True,70,24,0,2,1,7,True,vandal,rifle,,0.8622,0.3844,PROFEK,Team Vitality,astra,True,100,25,1,0,0,0,False,phantom,rifle,,0.5467,0.6011
941.991,1728,POST_ROUND,5,3,4,,,6.773,s0pp,FUT Esports,chamber,True,100,50,0,4,1,0,False,operator,sniper,,0.3178,0.2978,xeus,FUT Esports,jett,False,,50,2,1,0,1,False,vandal,rifle,,,,sociablEE,FUT Esports,fade,False,,50,0,0,1,0,False,unknown,unknown,,,,yetujey,FUT Esports,astra,True,100,50,1,0,0,2,False,vandal,rifle,,0.3178,0.3300,KROSTALY,FUT Esports,kayo,False,,13,0,0,0,1,False,vandal,rifle,,,,Chronicle,Team Vitality,chamber,True,94,12,0,8,1,7,True,phantom,rifle,,0.5633,0.5578,Derke,Team Vitality,neon,True,100,50,1,0,0,3,False,phantom,rifle,,0.3000,0.3422,Jamppi,Team Vitality,kayo,False,,50,0,0,0,7,True,vandal,rifle,,,,Sayonara,Team Vitality,sova,True,70,24,0,2,1,7,True,vandal,rifle,,0.8622,0.3844,PROFEK,Team Vitality,astra,True,100,25,1,0,0,0,False,phantom,rifle,,0.5467,0.6011
942.475,1729,POST_ROUND,5,3,4,,,7.257,s0pp,FUT Esports,chamber,True,100,50,0,4,1,0,False,operator,sniper,,0.3178,0.2978,xeus,FUT Esports,jett,False,,50,2,1,0,1,False,vandal,rifle,,,,sociablEE,FUT Esports,fade,False,,50,0,0,1,0,False,unknown,unknown,,,,yetujey,FUT Esports,astra,True,100,50,1,0,0,2,False,vandal,rifle,,0.3178,0.3300,KROSTALY,FUT Esports,kayo,False,,13,0,0,0,1,False,vandal,rifle,,,,Chronicle,Team Vitality,chamber,True,94,12,0,8,1,7,True,phantom,rifle,,0.5633,0.5578,Derke,Team Vitality,neon,True,100,50,1,0,0,3,False,phantom,rifle,,0.3000,0.3422,Jamppi,Team Vitality,kayo,False,,50,0,0,0,7,True,vandal,rifle,,,,Sayonara,Team Vitality,sova,True,70,24,0,2,1,7,True,vandal,rifle,,0.8622,0.3844,PROFEK,Team Vitality,astra,True,100,25,1,0,0,0,False,phantom,rifle,,0.5467,0.6011
942.959,1730,POST_ROUND,5,3,4,,,7.741,s0pp,FUT Esports,chamber,True,100,50,0,4,1,0,False,operator,sniper,,0.3178,0.2978,xeus,FUT Esports,jett,False,,50,2,1,0,1,False,vandal,rifle,,,,sociablEE,FUT Esports,fade,False,,50,0,0,1,0,False,unknown,unknown,,,,yetujey,FUT Esports,astra,True,100,50,1,0,0,2,False,vandal,rifle,,0.3178,0.3300,KROSTALY,FUT Esports,kayo,False,,13,0,0,0,1,False,vandal,rifle,,,,Chronicle,Team Vitality,chamber,True,94,12,0,8,1,7,True,phantom,rifle,,0.5633,0.5578,Derke,Team Vitality,neon,True,100,50,1,0,0,3,False,phantom,rifle,,0.3000,0.3422,Jamppi,Team Vitality,kayo,False,,50,0,0,0,7,True,vandal,rifle,,,,Sayonara,Team Vitality,sova,True,70,24,0,2,1,7,True,vandal,rifle,,0.8622,0.3844,PROFEK,Team Vitality,astra,True,100,25,1,0,0,0,False,phantom,rifle,,0.5467,0.6011
943.442,1731,POST_ROUND,5,3,4,,,8.225,s0pp,FUT Esports,chamber,True,100,50,0,4,1,0,False,operator,sniper,,0.3178,0.2978,xeus,FUT Esports,jett,False,,50,2,1,0,1,False,vandal,rifle,,,,sociablEE,FUT Esports,fade,False,,50,0,0,1,0,False,unknown,unknown,,,,yetujey,FUT Esports,astra,True,100,50,1,0,0,2,False,vandal,rifle,,0.3178,0.3300,KROSTALY,FUT Esports,kayo,False,,13,0,0,0,1,False,vandal,rifle,,,,Chronicle,Team Vitality,chamber,True,94,12,0,8,1,7,True,phantom,rifle,,0.5633,0.5578,Derke,Team Vitality,neon,True,100,50,1,0,0,3,False,phantom,rifle,,0.3000,0.3422,Jamppi,Team Vitality,kayo,False,,50,0,0,0,7,True,vandal,rifle,,,,Sayonara,Team Vitality,sova,True,70,24,0,2,1,7,True,vandal,rifle,,0.8622,0.3844,PROFEK,Team Vitality,astra,True,100,25,1,0,0,0,False,phantom,rifle,,0.5467,0.6011
1017.466,1884,PREROUND,6,3,4,,,,s0pp,FUT Esports,chamber,True,,,0,5,1,0,False,,,,,,xeus,FUT Esports,jett,True,,,2,1,1,2,False,,,,,,sociablEE,FUT Esports,fade,True,,,2,1,1,1,False,,,,,,yetujey,FUT Esports,astra,True,,,1,3,1,2,False,,,,,,KROSTALY,FUT Esports,kayo,True,,,1,2,1,2,False,,,,,,Chronicle,Team Vitality,chamber,True,,,1,8,1,0,False,,,,,,Derke,Team Vitality,neon,True,,,1,0,1,3,False,,,,,,Jamppi,Team Vitality,kayo,True,,,0,1,1,7,True,,,,,,Sayonara,Team Vitality,sova,True,,,1,2,1,7,True,,,,,,PROFEK,Team Vitality,astra,True,,,1,2,1,0,False,,,,,
1017.950,1885,PREROUND,6,3,4,,,,s0pp,FUT Esports,chamber,True,,,0,5,1,0,False,,,,,,xeus,FUT Esports,jett,True,,,2,1,1,2,False,,,,,,sociablEE,FUT Esports,fade,True,,,2,1,1,1,False,,,,,,yetujey,FUT Esports,astra,True,,,1,3,2,2,False,,,,,,KROSTALY,FUT Esports,kayo,True,,,1,2,1,2,False,,,,,,Chronicle,Team Vitality,chamber,True,,,1,8,1,0,False,,,,,,Derke,Team Vitality,neon,True,,,1,0,1,3,False,,,,,,Jamppi,Team Vitality,kayo,True,,,0,1,1,7,True,,,,,,Sayonara,Team Vitality,sova,True,,,1,2,1,7,True,,,,,,PROFEK,Team Vitality,astra,True,,,2,2,1,0,False,,,,,
1018.434,1886,PREROUND,6,3,4,,,,s0pp,FUT Esports,chamber,True,,,0,5,1,0,False,,,,,,xeus,FUT Esports,jett,True,,,2,1,1,2,False,,,,,,sociablEE,FUT Esports,fade,True,,,2,1,1,1,False,,,,,,yetujey,FUT Esports,astra,True,,,1,3,2,2,False,,,,,,KROSTALY,FUT Esports,kayo,True,,,1,2,1,2,False,,,,,,Chronicle,Team Vitality,chamber,True,,,1,8,1,0,False,,,,,,Derke,Team Vitality,neon,True,,,1,0,1,3,False,,,,,,Jamppi,Team Vitality,kayo,True,,,1,2,1,7,True,,,,,,Sayonara,Team Vitality,sova,True,,,1,2,1,7,True,,,,,,PROFEK,Team Vitality,astra,True,,,2,2,1,0,False,,,,,
1018.918,1887,PREROUND,6,3,4,,,,s0pp,FUT Esports,chamber,True,,,0,5,1,0,False,,,,,,xeus,FUT Esports,jett,True,,,2,1,1,2,False,,,,,,sociablEE,FUT Esports,fade,True,,,2,1,1,1,False,,,,,,yetujey,FUT Esports,astra,True,,,1,3,2,2,False,,,,,,KROSTALY,FUT Esports,kayo,True,,,1,2,1,2,False,,,,,,Chronicle,Team Vitality,chamber,True,,,1,8,1,0,False,,,,,,Derke,Team Vitality,neon,True,,,1,0,1,3,False,,,,,,Jamppi,Team Vitality,kayo,True,,,1,2,1,7,True,,,,,,Sayonara,Team Vitality,sova,True,,,1,2,1,7,True,,,,,,PROFEK,Team Vitality,astra,True,,,2,2,1,0,False,,,,,
1019.402,1888,PREROUND,6,3,4,,,,s0pp,FUT Esports,chamber,True,,,0,5,1,0,False,,,,,,xeus,FUT Esports,jett,True,,,2,1,1,2,False,,,,,,sociablEE,FUT Esports,fade,True,,,2,1,1,1,False,,,,,,yetujey,FUT Esports,astra,True,,,1,3,2,2,False,,,,,,KROSTALY,FUT Esports,kayo,True,,,1,2,1,2,False,,,,,,Chronicle,Team Vitality,chamber,True,,,1,8,1,0,False,,,,,,Derke,Team Vitality,neon,True,,,1,0,1,3,False,,,,,,Jamppi,Team Vitality,kayo,True,,,1,2,1,7,True,,,,,,Sayonara,Team Vitality,sova,True,,,1,2,1,7,True,,,,,,PROFEK,Team Vitality,astra,True,,,2,2,1,0,False,,,,,
1019.886,1889,PREROUND,6,3,4,,,,s0pp,FUT Esports,chamber,True,,,0,5,1,0,False,,,,,,xeus,FUT Esports,jett,True,,,2,1,1,2,False,,,,,,sociablEE,FUT Esports,fade,True,,,2,1,1,1,False,,,,,,yetujey,FUT Esports,astra,True,,,1,3,2,2,False,,,,,,KROSTALY,FUT Esports,kayo,True,,,1,2,1,2,False,,,,,,Chronicle,Team Vitality,chamber,True,,,1,8,1,0,False,,,,,,Derke,Team Vitality,neon,True,,,1,0,1,3,False,,,,,,Jamppi,Team Vitality,kayo,True,,,1,2,1,7,True,,,,,,Sayonara,Team Vitality,sova,True,,,1,2,1,7,True,,,,,,PROFEK,Team Vitality,astra,True,,,2,2,1,0,False,,,,,
1020.369,1890,PREROUND,6,3,4,,,,s0pp,FUT Esports,chamber,True,,,0,5,1,0,False,,,,,,xeus,FUT Esports,jett,True,,,2,1,1,2,False,,,,,,sociablEE,FUT Esports,fade,True,,,2,1,1,1,False,,,,,,yetujey,FUT Esports,astra,True,,,1,3,2,2,False,,,,,,KROSTALY,FUT Esports,kayo,True,,,1,2,1,2,False,,,,,,Chronicle,Team Vitality,chamber,True,,,1,8,1,0,False,,,,,,Derke,Team Vitality,neon,True,,,1,0,1,3,False,,,,,,Jamppi,Team Vitality,kayo,True,,,1,2,1,7,True,,,,,,Sayonara,Team Vitality,sova,True,,,1,2,1,7,True,,,,,,PROFEK,Team Vitality,astra,True,,,2,2,1,0,False,,,,,
1020.853,1891,PREROUND,6,3,4,,,,s0pp,FUT Esports,chamber,True,,,0,5,1,0,False,,,,,,xeus,FUT Esports,jett,True,,,2,1,1,2,False,,,,,,sociablEE,FUT Esports,fade,True,,,2,1,1,1,False,,,,,,yetujey,FUT Esports,astra,True,,,0,3,1,2,False,,,,,,KROSTALY,FUT Esports,kayo,True,,,1,2,1,2,False,,,,,,Chronicle,Team Vitality,chamber,True,,,1,8,1,0,False,,,,,,Derke,Team Vitality,neon,True,,,1,0,1,3,False,,,,,,Jamppi,Team Vitality,kayo,True,,,1,2,1,7,True,,,,,,Sayonara,Team Vitality,sova,True,,,1,2,1,7,True,,,,,,PROFEK,Team Vitality,astra,True,,,2,2,2,0,False,,,,,
1021.337,1892,PREROUND,6,3,4,,,,s0pp,FUT Esports,chamber,True,,,0,5,0,0,False,,,,,,xeus,FUT Esports,jett,True,,,2,1,1,2,False,,,,,,sociablEE,FUT Esports,fade,True,,,2,1,1,1,False,,,,,,yetujey,FUT Esports,astra,True,,,0,3,1,2,False,,,,,,KROSTALY,FUT Esports,kayo,True,,,1,2,1,2,False,,,,,,Chronicle,Team Vitality,chamber,True,,,1,8,1,0,False,,,,,,Derke,Team Vitality,neon,True,,,1,0,1,3,False,,,,,,Jamppi,Team Vitality,kayo,True,,,1,2,1,7,True,,,,,,Sayonara,Team Vitality,sova,True,,,1,2,1,7,True,,,,,,PROFEK,Team Vitality,astra,True,,,2,2,2,0,False,,,,,
1021.821,1893,PREROUND,6,3,4,,,,s0pp,FUT Esports,chamber,True,,,0,5,0,0,False,,,,,,xeus,FUT Esports,jett,True,,,2,1,1,2,False,,,,,,sociablEE,FUT Esports,fade,True,,,2,1,1,1,False,,,,,,yetujey,FUT Esports,astra,True,,,0,3,1,2,False,,,,,,KROSTALY,FUT Esports,kayo,True,,,1,2,1,2,False,,,,,,Chronicle,Team Vitality,chamber,True,,,1,8,1,0,False,,,,,,Derke,Team Vitality,neon,True,,,1,0,1,3,False,,,,,,Jamppi,Team Vitality,kayo,True,,,1,2,1,7,True,,,,,,Sayonara,Team Vitality,sova,True,,,1,2,1,7,True,,,,,,PROFEK,Team Vitality,astra,True,,,2,2,2,0,False,,,,,
1022.305,1894,PREROUND,6,3,4,,,,s0pp,FUT Esports,chamber,True,,,0,5,0,0,False,,,,,,xeus,FUT Esports,jett,True,,,2,1,1,2,False,,,,,,sociablEE,FUT Esports,fade,True,,,2,1,1,1,False,,,,,,yetujey,FUT Esports,astra,True,,,0,3,1,2,False,,,,,,KROSTALY,FUT Esports,kayo,True,,,1,2,1,2,False,,,,,,Chronicle,Team Vitality,chamber,True,,,0,8,1,0,False,,,,,,Derke,Team Vitality,neon,True,,,1,0,1,3,False,,,,,,Jamppi,Team Vitality,kayo,True,,,1,2,1,7,True,,,,,,Sayonara,Team Vitality,sova,True,,,1,2,1,7,True,,,,,,PROFEK,Team Vitality,astra,True,,,2,2,2,0,False,,,,,
1022.788,1895,PREROUND,6,3,4,,,,s0pp,FUT Esports,chamber,True,,,0,5,0,0,False,,,,,,xeus,FUT Esports,jett,True,,,2,1,1,2,False,,,,,,sociablEE,FUT Esports,fade,True,,,2,1,1,1,False,,,,,,yetujey,FUT Esports,astra,True,,,0,3,1,2,False,,,,,,KROSTALY,FUT Esports,kayo,True,,,1,2,1,2,False,,,,,,Chronicle,Team Vitality,chamber,True,,,0,8,1,0,False,,,,,,Derke,Team Vitality,neon,True,,,1,0,1,3,False,,,,,,Jamppi,Team Vitality,kayo,True,,,1,2,1,7,True,,,,,,Sayonara,Team Vitality,sova,True,,,1,2,1,7,True,,,,,,PROFEK,Team Vitality,astra,True,,,2,2,2,0,False,,,,,
1023.272,1896,PREROUND,6,3,4,,,,s0pp,FUT Esports,chamber,True,,,0,5,0,0,False,,,,,,xeus,FUT Esports,jett,True,,,2,1,1,2,False,,,,,,sociablEE,FUT Esports,fade,True,,,2,1,1,1,False,,,,,,yetujey,FUT Esports,astra,True,,,0,3,1,2,False,,,,,,KROSTALY,FUT Esports,kayo,True,,,1,2,1,2,False,,,,,,Chronicle,Team Vitality,chamber,True,,,0,8,1,0,False,,,,,,Derke,Team Vitality,neon,True,,,1,0,1,3,False,,,,,,Jamppi,Team Vitality,kayo,True,,,1,2,1,7,True,,,,,,Sayonara,Team Vitality,sova,True,,,1,2,1,7,True,,,,,,PROFEK,Team Vitality,astra,True,,,2,2,2,0,False,,,,,
1023.756,1897,PREROUND,6,3,4,,,,s0pp,FUT Esports,chamber,True,,,0,5,0,0,False,,,,,,xeus,FUT Esports,jett,True,,,2,1,1,2,False,,,,,,sociablEE,FUT Esports,fade,True,,,2,1,1,1,False,,,,,,yetujey,FUT Esports,astra,True,,,0,3,1,2,False,,,,,,KROSTALY,FUT Esports,kayo,True,,,1,2,1,2,False,,,,,,Chronicle,Team Vitality,chamber,True,,,0,8,1,0,False,,,,,,Derke,Team Vitality,neon,True,,,1,0,1,3,False,,,,,,Jamppi,Team Vitality,kayo,True,,,1,2,1,7,True,,,,,,Sayonara,Team Vitality,sova,True,,,1,2,1,7,True,,,,,,PROFEK,Team Vitality,astra,True,,,2,2,2,0,False,,,,,
1024.240,1898,PREROUND,6,3,4,,,,s0pp,FUT Esports,chamber,True,,,0,5,0,0,False,,,,,,xeus,FUT Esports,jett,True,,,2,1,1,2,False,,,,,,sociablEE,FUT Esports,fade,True,,,2,1,1,1,False,,,,,,yetujey,FUT Esports,astra,True,,,0,3,1,2,False,,,,,,KROSTALY,FUT Esports,kayo,True,,,1,2,1,2,False,,,,,,Chronicle,Team Vitality,chamber,True,,,0,8,1,0,False,,,,,,Derke,Team Vitality,neon,True,,,1,0,1,3,False,,,,,,Jamppi,Team Vitality,kayo,True,,,1,2,1,7,True,,,,,,Sayonara,Team Vitality,sova,True,,,1,2,1,7,True,,,,,,PROFEK,Team Vitality,astra,True,,,2,2,2,0,False,,,,,
1024.724,1899,PREROUND,6,3,4,,,,s0pp,FUT Esports,chamber,True,,,0,5,1,0,False,,,,,,xeus,FUT Esports,jett,True,,,2,1,1,2,False,,,,,,sociablEE,FUT Esports,fade,True,,,2,1,1,1,False,,,,,,yetujey,FUT Esports,astra,True,,,0,3,1,2,False,,,,,,KROSTALY,FUT Esports,kayo,True,,,1,2,1,2,False,,,,,,Chronicle,Team Vitality,chamber,True,,,0,8,1,0,False,,,,,,Derke,Team Vitality,neon,True,,,1,0,1,3,False,,,,,,Jamppi,Team Vitality,kayo,True,,,1,2,1,7,True,,,,,,Sayonara,Team Vitality,sova,True,,,1,2,1,7,True,,,,,,PROFEK,Team Vitality,astra,True,,,2,2,2,0,False,,,,,
1025.208,1900,PREROUND,6,3,4,,,,s0pp,FUT Esports,chamber,True,,,0,5,1,0,False,,,,,,xeus,FUT Esports,jett,True,,,2,1,1,2,False,,,,,,sociablEE,FUT Esports,fade,True,,,2,1,1,1,False,,,,,,yetujey,FUT Esports,astra,True,,,0,3,1,2,False,,,,,,KROSTALY,FUT Esports,kayo,True,,,1,2,1,2,False,,,,,,Chronicle,Team Vitality,chamber,True,,,0,8,1,0,False,,,,,,Derke,Team Vitality,neon,True,,,1,0,1,3,False,,,,,,Jamppi,Team Vitality,kayo,True,,,1,2,1,7,True,,,,,,Sayonara,Team Vitality,sova,True,,,1,2,1,7,True,,,,,,PROFEK,Team Vitality,astra,True,,,2,2,2,0,False,,,,,
1025.691,1901,PREROUND,6,3,4,,,,s0pp,FUT Esports,chamber,True,,,0,5,1,0,False,,,,,,xeus,FUT Esports,jett,True,,,2,1,1,2,False,,,,,,sociablEE,FUT Esports,fade,True,,,2,1,1,1,False,,,,,,yetujey,FUT Esports,astra,True,,,1,3,1,2,False,,,,,,KROSTALY,FUT Esports,kayo,True,,,1,2,1,2,False,,,,,,Chronicle,Team Vitality,chamber,True,,,0,8,1,0,False,,,,,,Derke,Team Vitality,neon,True,,,1,0,1,3,False,,,,,,Jamppi,Team Vitality,kayo,True,,,1,2,1,7,True,,,,,,Sayonara,Team Vitality,sova,True,,,1,2,1,7,True,,,,,,PROFEK,Team Vitality,astra,True,,,2,2,2,0,False,,,,,
1026.175,1902,PREROUND,6,3,4,,,,s0pp,FUT Esports,chamber,True,,,0,5,1,0,False,,,,,,xeus,FUT Esports,jett,True,,,2,1,1,2,False,,,,,,sociablEE,FUT Esports,fade,True,,,2,1,1,1,False,,,,,,yetujey,FUT Esports,astra,True,,,1,3,1,2,False,,,,,,KROSTALY,FUT Esports,kayo,True,,,1,2,1,2,False,,,,,,Chronicle,Team Vitality,chamber,True,,,0,8,1,0,False,,,,,,Derke,Team Vitality,neon,True,,,1,0,1,3,False,,,,,,Jamppi,Team Vitality,kayo,True,,,1,2,1,7,True,,,,,,Sayonara,Team Vitality,sova,True,,,1,2,1,7,True,,,,,,PROFEK,Team Vitality,astra,True,,,2,2,2,0,False,,,,,
1026.659,1903,PREROUND,6,3,4,,,,s0pp,FUT Esports,chamber,True,,,0,5,1,0,False,,,,,,xeus,FUT Esports,jett,True,,,2,1,1,2,False,,,,,,sociablEE,FUT Esports,fade,True,,,2,1,1,1,False,,,,,,yetujey,FUT Esports,astra,True,,,1,3,1,2,False,,,,,,KROSTALY,FUT Esports,kayo,True,,,1,2,1,2,False,,,,,,Chronicle,Team Vitality,chamber,True,,,0,8,1,0,False,,,,,,Derke,Team Vitality,neon,True,,,1,0,1,3,False,,,,,,Jamppi,Team Vitality,kayo,True,,,1,2,1,7,True,,,,,,Sayonara,Team Vitality,sova,True,,,1,2,1,7,True,,,,,,PROFEK,Team Vitality,astra,True,,,2,2,2,0,False,,,,,
1027.143,1904,PREROUND,6,3,4,,,,s0pp,FUT Esports,chamber,True,,,0,5,1,0,False,,,,,,xeus,FUT Esports,jett,True,,,2,1,1,2,False,,,,,,sociablEE,FUT Esports,fade,True,,,2,1,1,1,False,,,,,,yetujey,FUT Esports,astra,True,,,1,3,1,2,False,,,,,,KROSTALY,FUT Esports,kayo,True,,,1,2,1,2,False,,,,,,Chronicle,Team Vitality,chamber,True,,,0,8,1,0,False,,,,,,Derke,Team Vitality,neon,True,,,1,0,1,3,False,,,,,,Jamppi,Team Vitality,kayo,True,,,1,2,1,7,True,,,,,,Sayonara,Team Vitality,sova,True,,,1,2,1,7,True,,,,,,PROFEK,Team Vitality,astra,True,,,1,2,2,0,False,,,,,
1027.627,1905,PREROUND,6,3,4,,,,s0pp,FUT Esports,chamber,True,,,0,5,1,0,False,,,,,,xeus,FUT Esports,jett,True,,,2,1,1,2,False,,,,,,sociablEE,FUT Esports,fade,True,,,2,1,1,1,False,,,,,,yetujey,FUT Esports,astra,True,,,1,3,1,2,False,,,,,,KROSTALY,FUT Esports,kayo,True,,,1,2,1,2,False,,,,,,Chronicle,Team Vitality,chamber,True,,,0,8,1,0,False,,,,,,Derke,Team Vitality,neon,True,,,1,0,1,3,False,,,,,,Jamppi,Team Vitality,kayo,True,,,1,2,1,7,True,,,,,,Sayonara,Team Vitality,sova,True,,,1,2,1,7,True,,,,,,PROFEK,Team Vitality,astra,True,,,1,2,2,0,False,,,,,
1028.110,1906,PREROUND,6,3,4,,,,s0pp,FUT Esports,chamber,True,,,0,5,1,0,False,,,,,,xeus,FUT Esports,jett,True,,,2,1,1,2,False,,,,,,sociablEE,FUT Esports,fade,True,,,2,1,1,1,False,,,,,,yetujey,FUT Esports,astra,True,,,1,3,1,2,False,,,,,,KROSTALY,FUT Esports,kayo,True,,,1,2,1,2,False,,,,,,Chronicle,Team Vitality,chamber,True,,,0,8,1,0,False,,,,,,Derke,Team Vitality,neon,True,,,1,0,1,3,False,,,,,,Jamppi,Team Vitality,kayo,True,,,1,2,1,7,True,,,,,,Sayonara,Team Vitality,sova,True,,,1,2,1,7,True,,,,,,PROFEK,Team Vitality,astra,True,,,1,2,2,0,False,,,,,
1028.594,1907,PREROUND,6,3,4,,,,s0pp,FUT Esports,chamber,True,,,0,5,1,0,False,,,,,,xeus,FUT Esports,jett,True,,,2,1,1,2,False,,,,,,sociablEE,FUT Esports,fade,True,,,2,1,1,1,False,,,,,,yetujey,FUT Esports,astra,True,,,1,3,1,2,False,,,,,,KROSTALY,FUT Esports,kayo,True,,,1,2,1,2,False,,,,,,Chronicle,Team Vitality,chamber,True,,,0,8,1,0,False,,,,,,Derke,Team Vitality,neon,True,,,1,0,1,3,False,,,,,,Jamppi,Team Vitality,kayo,True,,,1,2,1,7,True,,,,,,Sayonara,Team Vitality,sova,True,,,1,2,1,7,True,,,,,,PROFEK,Team Vitality,astra,True,,,1,2,2,0,False,,,,,
1029.078,1908,PREROUND,6,3,4,,,,s0pp,FUT Esports,chamber,True,,,0,5,1,0,False,,,,,,xeus,FUT Esports,jett,True,,,2,1,1,2,False,,,,,,sociablEE,FUT Esports,fade,True,,,2,1,1,1,False,,,,,,yetujey,FUT Esports,astra,True,,,1,3,1,2,False,,,,,,KROSTALY,FUT Esports,kayo,True,,,1,2,1,2,False,,,,,,Chronicle,Team Vitality,chamber,True,,,0,8,1,0,False,,,,,,Derke,Team Vitality,neon,True,,,1,0,1,3,False,,,,,,Jamppi,Team Vitality,kayo,True,,,1,2,1,7,True,,,,,,Sayonara,Team Vitality,sova,True,,,1,2,1,7,True,,,,,,PROFEK,Team Vitality,astra,True,,,1,2,2,0,False,,,,,
1029.562,1909,PREROUND,6,3,4,,,,s0pp,FUT Esports,chamber,True,,,0,5,1,0,False,,,,,,xeus,FUT Esports,jett,True,,,2,1,1,2,False,,,,,,sociablEE,FUT Esports,fade,True,,,2,1,1,1,False,,,,,,yetujey,FUT Esports,astra,True,,,1,3,1,2,False,,,,,,KROSTALY,FUT Esports,kayo,True,,,1,2,1,2,False,,,,,,Chronicle,Team Vitality,chamber,True,,,0,8,1,0,False,,,,,,Derke,Team Vitality,neon,True,,,1,0,1,3,False,,,,,,Jamppi,Team Vitality,kayo,True,,,1,2,1,7,True,,,,,,Sayonara,Team Vitality,sova,True,,,1,2,1,7,True,,,,,,PROFEK,Team Vitality,astra,True,,,1,2,2,0,False,,,,,
1030.046,1910,PREROUND,6,3,4,,,,s0pp,FUT Esports,chamber,True,,,0,5,1,0,False,,,,,,xeus,FUT Esports,jett,True,,,2,1,1,2,False,,,,,,sociablEE,FUT Esports,fade,True,,,2,1,1,1,False,,,,,,yetujey,FUT Esports,astra,True,,,1,3,1,2,False,,,,,,KROSTALY,FUT Esports,kayo,True,,,1,2,1,2,False,,,,,,Chronicle,Team Vitality,chamber,True,,,0,8,1,0,False,,,,,,Derke,Team Vitality,neon,True,,,1,0,1,3,False,,,,,,Jamppi,Team Vitality,kayo,True,,,1,2,1,7,True,,,,,,Sayonara,Team Vitality,sova,True,,,1,2,1,7,True,,,,,,PROFEK,Team Vitality,astra,True,,,1,2,2,0,False,,,,,
1030.530,1911,PREROUND,6,3,4,,,,s0pp,FUT Esports,chamber,True,,,0,5,1,0,False,,,,,,xeus,FUT Esports,jett,True,,,2,1,1,2,False,,,,,,sociablEE,FUT Esports,fade,True,,,2,1,1,1,False,,,,,,yetujey,FUT Esports,astra,True,,,1,3,2,2,False,,,,,,KROSTALY,FUT Esports,kayo,True,,,1,2,1,2,False,,,,,,Chronicle,Team Vitality,chamber,True,,,0,8,1,0,False,,,,,,Derke,Team Vitality,neon,True,,,1,0,1,3,False,,,,,,Jamppi,Team Vitality,kayo,True,,,1,2,1,7,True,,,,,,Sayonara,Team Vitality,sova,True,,,1,2,1,7,True,,,,,,PROFEK,Team Vitality,astra,True,,,1,2,1,0,False,,,,,
1031.013,1912,PREROUND,6,3,4,,,,s0pp,FUT Esports,chamber,True,,,0,5,1,0,False,,,,,,xeus,FUT Esports,jett,True,,,2,1,1,2,False,,,,,,sociablEE,FUT Esports,fade,True,,,2,1,1,1,False,,,,,,yetujey,FUT Esports,astra,True,,,1,3,2,2,False,,,,,,KROSTALY,FUT Esports,kayo,True,,,1,2,1,2,False,,,,,,Chronicle,Team Vitality,chamber,True,,,0,8,1,0,False,,,,,,Derke,Team Vitality,neon,True,,,1,0,1,3,False,,,,,,Jamppi,Team Vitality,kayo,True,,,1,2,1,7,True,,,,,,Sayonara,Team Vitality,sova,True,,,1,2,1,7,True,,,,,,PROFEK,Team Vitality,astra,True,,,2,2,1,0,False,,,,,
1031.497,1913,PREROUND,6,3,4,,,,s0pp,FUT Esports,chamber,True,,,0,5,1,0,False,,,,,,xeus,FUT Esports,jett,True,,,2,1,1,2,False,,,,,,sociablEE,FUT Esports,fade,True,,,2,1,1,1,False,,,,,,yetujey,FUT Esports,astra,True,,,1,3,2,2,False,,,,,,KROSTALY,FUT Esports,kayo,True,,,1,2,1,2,False,,,,,,Chronicle,Team Vitality,chamber,True,,,0,8,1,0,False,,,,,,Derke,Team Vitality,neon,True,,,1,0,1,3,False,,,,,,Jamppi,Team Vitality,kayo,True,,,1,2,1,7,True,,,,,,Sayonara,Team Vitality,sova,True,,,1,2,1,7,True,,,,,,PROFEK,Team Vitality,astra,True,,,2,2,1,0,False,,,,,
1031.981,1914,PREROUND,6,3,4,,,,s0pp,FUT Esports,chamber,True,,,0,5,1,0,False,,,,,,xeus,FUT Esports,jett,True,,,2,1,1,2,False,,,,,,sociablEE,FUT Esports,fade,True,,,2,1,1,1,False,,,,,,yetujey,FUT Esports,astra,True,,,1,3,2,2,False,,,,,,KROSTALY,FUT Esports,kayo,True,,,1,2,1,2,False,,,,,,Chronicle,Team Vitality,chamber,True,,,0,8,1,0,False,,,,,,Derke,Team Vitality,neon,True,,,1,0,1,3,False,,,,,,Jamppi,Team Vitality,kayo,True,,,1,2,1,7,True,,,,,,Sayonara,Team Vitality,sova,True,,,1,2,1,7,True,,,,,,PROFEK,Team Vitality,astra,True,,,2,2,1,0,False,,,,,
1032.465,1915,PREROUND,6,3,4,,,,s0pp,FUT Esports,chamber,True,,,0,5,1,0,False,,,,,,xeus,FUT Esports,jett,True,,,2,1,1,2,False,,,,,,sociablEE,FUT Esports,fade,True,,,2,1,1,1,False,,,,,,yetujey,FUT Esports,astra,True,,,1,3,2,2,False,,,,,,KROSTALY,FUT Esports,kayo,True,,,1,2,1,2,False,,,,,,Chronicle,Team Vitality,chamber,True,,,0,8,1,0,False,,,,,,Derke,Team Vitality,neon,True,,,1,0,1,3,False,,,,,,Jamppi,Team Vitality,kayo,True,,,1,2,1,7,True,,,,,,Sayonara,Team Vitality,sova,True,,,1,2,1,7,True,,,,,,PROFEK,Team Vitality,astra,True,,,2,2,1,0,False,,,,,
1032.949,1916,PREROUND,6,3,4,,,,s0pp,FUT Esports,chamber,True,,,0,5,1,0,False,,,,,,xeus,FUT Esports,jett,True,,,2,1,1,2,False,,,,,,sociablEE,FUT Esports,fade,True,,,2,1,1,1,False,,,,,,yetujey,FUT Esports,astra,True,,,1,3,1,2,False,,,,,,KROSTALY,FUT Esports,kayo,True,,,1,2,1,2,False,,,,,,Chronicle,Team Vitality,chamber,True,,,0,8,1,0,False,,,,,,Derke,Team Vitality,neon,True,,,1,0,1,3,False,,,,,,Jamppi,Team Vitality,kayo,True,,,1,2,1,7,True,,,,,,Sayonara,Team Vitality,sova,True,,,1,2,1,7,True,,,,,,PROFEK,Team Vitality,astra,True,,,1,2,1,0,False,,,,,
1033.432,1917,PREROUND,6,3,4,,,,s0pp,FUT Esports,chamber,True,,,0,5,1,0,False,,,,,,xeus,FUT Esports,jett,True,,,2,1,1,2,False,,,,,,sociablEE,FUT Esports,fade,True,,,2,1,1,1,False,,,,,,yetujey,FUT Esports,astra,True,,,1,3,1,2,False,,,,,,KROSTALY,FUT Esports,kayo,True,,,1,2,1,2,False,,,,,,Chronicle,Team Vitality,chamber,True,,,0,8,1,0,False,,,,,,Derke,Team Vitality,neon,True,,,1,0,1,3,False,,,,,,Jamppi,Team Vitality,kayo,True,,,1,2,1,7,True,,,,,,Sayonara,Team Vitality,sova,True,,,1,2,1,7,True,,,,,,PROFEK,Team Vitality,astra,True,,,1,2,1,0,False,,,,,
1033.916,1918,PREROUND,6,3,4,,,,s0pp,FUT Esports,chamber,True,,,0,5,1,0,False,,,,,,xeus,FUT Esports,jett,True,,,2,1,1,2,False,,,,,,sociablEE,FUT Esports,fade,True,,,2,1,1,1,False,,,,,,yetujey,FUT Esports,astra,True,,,1,3,1,2,False,,,,,,KROSTALY,FUT Esports,kayo,True,,,1,2,1,2,False,,,,,,Chronicle,Team Vitality,chamber,True,,,0,8,1,0,False,,,,,,Derke,Team Vitality,neon,True,,,1,0,1,3,False,,,,,,Jamppi,Team Vitality,kayo,True,,,1,2,1,7,True,,,,,,Sayonara,Team Vitality,sova,True,,,1,2,1,7,True,,,,,,PROFEK,Team Vitality,astra,True,,,1,2,1,0,False,,,,,
1034.400,1919,PREROUND,6,3,4,,,,s0pp,FUT Esports,chamber,True,,,0,5,1,0,False,,,,,,xeus,FUT Esports,jett,True,,,2,1,1,2,False,,,,,,sociablEE,FUT Esports,fade,True,,,2,1,1,1,False,,,,,,yetujey,FUT Esports,astra,True,,,1,3,1,2,False,,,,,,KROSTALY,FUT Esports,kayo,True,,,1,2,1,2,False,,,,,,Chronicle,Team Vitality,chamber,True,,,0,8,1,0,False,,,,,,Derke,Team Vitality,neon,True,,,1,0,1,3,False,,,,,,Jamppi,Team Vitality,kayo,True,,,1,2,1,7,True,,,,,,Sayonara,Team Vitality,sova,True,,,1,2,1,7,True,,,,,,PROFEK,Team Vitality,astra,True,,,2,2,1,0,False,,,,,
1034.884,1920,PREROUND,6,3,4,,,,s0pp,FUT Esports,chamber,True,,,0,5,1,0,False,,,,,,xeus,FUT Esports,jett,True,,,2,1,1,2,False,,,,,,sociablEE,FUT Esports,fade,True,,,2,1,1,1,False,,,,,,yetujey,FUT Esports,astra,True,,,1,3,1,2,False,,,,,,KROSTALY,FUT Esports,kayo,True,,,1,2,1,2,False,,,,,,Chronicle,Team Vitality,chamber,True,,,0,8,1,0,False,,,,,,Derke,Team Vitality,neon,True,,,1,0,1,3,False,,,,,,Jamppi,Team Vitality,kayo,True,,,1,2,1,7,True,,,,,,Sayonara,Team Vitality,sova,True,,,1,2,1,7,True,,,,,,PROFEK,Team Vitality,astra,True,,,2,2,1,0,False,,,,,
1035.368,1921,PREROUND,6,3,4,,,,s0pp,FUT Esports,chamber,True,,,0,5,1,0,False,,,,,,xeus,FUT Esports,jett,True,,,2,1,1,2,False,,,,,,sociablEE,FUT Esports,fade,True,,,2,1,1,1,False,,,,,,yetujey,FUT Esports,astra,True,,,1,3,1,2,False,,,,,,KROSTALY,FUT Esports,kayo,True,,,1,2,1,2,False,,,,,,Chronicle,Team Vitality,chamber,True,,,0,8,1,0,False,,,,,,Derke,Team Vitality,neon,True,,,1,0,1,3,False,,,,,,Jamppi,Team Vitality,kayo,True,,,1,2,1,7,True,,,,,,Sayonara,Team Vitality,sova,True,,,1,2,1,7,True,,,,,,PROFEK,Team Vitality,astra,True,,,1,2,1,0,False,,,,,
1035.851,1922,PREROUND,6,3,4,,,,s0pp,FUT Esports,chamber,True,,,0,5,1,0,False,,,,,,xeus,FUT Esports,jett,True,,,2,1,1,2,False,,,,,,sociablEE,FUT Esports,fade,True,,,2,1,1,1,False,,,,,,yetujey,FUT Esports,astra,True,,,1,3,1,2,False,,,,,,KROSTALY,FUT Esports,kayo,True,,,1,2,1,2,False,,,,,,Chronicle,Team Vitality,chamber,True,,,0,8,1,0,False,,,,,,Derke,Team Vitality,neon,True,,,1,0,1,3,False,,,,,,Jamppi,Team Vitality,kayo,True,,,1,2,1,7,True,,,,,,Sayonara,Team Vitality,sova,True,,,1,2,1,7,True,,,,,,PROFEK,Team Vitality,astra,True,,,1,2,1,0,False,,,,,
1036.335,1923,PREROUND,6,3,4,,,,s0pp,FUT Esports,chamber,True,,,0,5,1,0,False,,,,,,xeus,FUT Esports,jett,True,,,2,1,1,2,False,,,,,,sociablEE,FUT Esports,fade,True,,,2,1,1,1,False,,,,,,yetujey,FUT Esports,astra,True,,,1,3,1,2,False,,,,,,KROSTALY,FUT Esports,kayo,True,,,1,2,1,2,False,,,,,,Chronicle,Team Vitality,chamber,True,,,0,8,1,0,False,,,,,,Derke,Team Vitality,neon,True,,,1,0,1,3,False,,,,,,Jamppi,Team Vitality,kayo,True,,,1,2,1,7,True,,,,,,Sayonara,Team Vitality,sova,True,,,1,2,1,7,True,,,,,,PROFEK,Team Vitality,astra,True,,,1,2,1,0,False,,,,,
1036.819,1924,PREROUND,6,3,4,,,,s0pp,FUT Esports,chamber,True,,,0,5,1,0,False,,,,,,xeus,FUT Esports,jett,True,,,2,1,1,2,False,,,,,,sociablEE,FUT Esports,fade,True,,,2,1,1,1,False,,,,,,yetujey,FUT Esports,astra,True,,,1,3,1,2,False,,,,,,KROSTALY,FUT Esports,kayo,True,,,1,2,1,2,False,,,,,,Chronicle,Team Vitality,chamber,True,,,0,8,1,0,False,,,,,,Derke,Team Vitality,neon,True,,,1,0,1,3,False,,,,,,Jamppi,Team Vitality,kayo,True,,,1,2,1,7,True,,,,,,Sayonara,Team Vitality,sova,True,,,1,2,1,7,True,,,,,,PROFEK,Team Vitality,astra,True,,,1,2,1,0,False,,,,,
1037.303,1925,PREROUND,6,3,4,,,,s0pp,FUT Esports,chamber,True,,,0,5,1,0,False,,,,,,xeus,FUT Esports,jett,True,,,2,1,1,2,False,,,,,,sociablEE,FUT Esports,fade,True,,,2,1,1,1,False,,,,,,yetujey,FUT Esports,astra,True,,,1,3,1,2,False,,,,,,KROSTALY,FUT Esports,kayo,True,,,1,2,1,2,False,,,,,,Chronicle,Team Vitality,chamber,True,,,0,8,1,0,False,,,,,,Derke,Team Vitality,neon,True,,,1,0,1,3,False,,,,,,Jamppi,Team Vitality,kayo,True,,,1,2,1,7,True,,,,,,Sayonara,Team Vitality,sova,True,,,1,2,1,7,True,,,,,,PROFEK,Team Vitality,astra,True,,,1,2,1,0,False,,,,,
1037.787,1926,PREROUND,6,3,4,,,,s0pp,FUT Esports,chamber,True,,,0,5,1,0,False,,,,,,xeus,FUT Esports,jett,True,,,2,1,1,2,False,,,,,,sociablEE,FUT Esports,fade,True,,,2,1,1,1,False,,,,,,yetujey,FUT Esports,astra,True,,,1,3,1,2,False,,,,,,KROSTALY,FUT Esports,kayo,True,,,1,2,1,2,False,,,,,,Chronicle,Team Vitality,chamber,True,,,0,8,1,0,False,,,,,,Derke,Team Vitality,neon,True,,,1,0,1,3,False,,,,,,Jamppi,Team Vitality,kayo,True,,,1,2,1,7,True,,,,,,Sayonara,Team Vitality,sova,True,,,1,2,1,7,True,,,,,,PROFEK,Team Vitality,astra,True,,,1,2,1,0,False,,,,,
1038.271,1927,PREROUND,6,3,4,,,,s0pp,FUT Esports,chamber,True,,,0,5,1,0,False,,,,,,xeus,FUT Esports,jett,True,,,2,1,1,2,False,,,,,,sociablEE,FUT Esports,fade,True,,,2,1,1,1,False,,,,,,yetujey,FUT Esports,astra,True,,,1,3,1,2,False,,,,,,KROSTALY,FUT Esports,kayo,True,,,1,2,1,2,False,,,,,,Chronicle,Team Vitality,chamber,True,,,0,8,1,0,False,,,,,,Derke,Team Vitality,neon,True,,,1,0,1,3,False,,,,,,Jamppi,Team Vitality,kayo,True,,,1,2,1,7,True,,,,,,Sayonara,Team Vitality,sova,True,,,1,2,1,7,True,,,,,,PROFEK,Team Vitality,astra,True,,,1,2,1,0,False,,,,,
1038.754,1928,PREROUND,6,3,4,,,,s0pp,FUT Esports,chamber,True,,,0,5,1,0,False,,,,,,xeus,FUT Esports,jett,True,,,2,1,1,2,False,,,,,,sociablEE,FUT Esports,fade,True,,,2,1,1,1,False,,,,,,yetujey,FUT Esports,astra,True,,,1,3,1,2,False,,,,,,KROSTALY,FUT Esports,kayo,True,,,1,2,1,2,False,,,,,,Chronicle,Team Vitality,chamber,True,,,0,8,1,0,False,,,,,,Derke,Team Vitality,neon,True,,,1,0,1,3,False,,,,,,Jamppi,Team Vitality,kayo,True,,,1,2,1,7,True,,,,,,Sayonara,Team Vitality,sova,True,,,1,2,1,7,True,,,,,,PROFEK,Team Vitality,astra,True,,,1,2,1,0,False,,,,,
1039.238,1929,PREROUND,6,3,4,,,,s0pp,FUT Esports,chamber,True,,,0,5,1,0,False,,,,,,xeus,FUT Esports,jett,True,,,2,1,1,2,False,,,,,,sociablEE,FUT Esports,fade,True,,,2,1,1,1,False,,,,,,yetujey,FUT Esports,astra,True,,,1,3,1,2,False,,,,,,KROSTALY,FUT Esports,kayo,True,,,1,2,1,2,False,,,,,,Chronicle,Team Vitality,chamber,True,,,0,8,1,0,False,,,,,,Derke,Team Vitality,neon,True,,,1,0,1,3,False,,,,,,Jamppi,Team Vitality,kayo,True,,,1,2,1,7,True,,,,,,Sayonara,Team Vitality,sova,True,,,1,2,1,7,True,,,,,,PROFEK,Team Vitality,astra,True,,,1,2,1,0,False,,,,,
1039.722,1930,ACTIVE_ROUND,6,3,4,99.000,,,s0pp,FUT Esports,chamber,True,100,50,0,5,1,0,False,,,,,,xeus,FUT Esports,jett,True,100,50,2,1,1,2,False,,,,0.8433,0.4433,sociablEE,FUT Esports,fade,True,100,25,2,1,1,1,False,,,,0.7167,0.5000,yetujey,FUT Esports,astra,True,100,50,1,3,1,2,False,,,,0.4956,0.5256,KROSTALY,FUT Esports,kayo,True,100,,1,2,1,2,False,,,,0.8233,0.3189,Chronicle,Team Vitality,chamber,True,100,50,0,8,1,0,False,,,,0.4656,0.5889,Derke,Team Vitality,neon,True,100,50,1,0,1,3,False,,,,0.3044,0.7733,Jamppi,Team Vitality,kayo,True,100,50,1,2,1,7,True,,,,,,Sayonara,Team Vitality,sova,True,100,50,1,2,1,7,True,,,,,,PROFEK,Team Vitality,astra,True,100,50,1,2,1,0,False,,,,0.7067,0.7656
1040.206,1931,ACTIVE_ROUND,6,3,4,98.000,,,s0pp,FUT Esports,chamber,True,100,50,0,5,1,0,False,,,,,,xeus,FUT Esports,jett,True,100,50,2,1,1,2,False,,,,0.8433,0.4433,sociablEE,FUT Esports,fade,True,100,25,2,1,1,1,False,,,,0.7189,0.5133,yetujey,FUT Esports,astra,True,100,50,1,3,1,2,False,,,,0.4956,0.5256,KROSTALY,FUT Esports,kayo,True,100,,1,2,1,2,False,,,,0.8344,0.3256,Chronicle,Team Vitality,chamber,True,100,50,0,8,1,0,False,,,,0.3967,0.6622,Derke,Team Vitality,neon,True,100,50,1,0,1,3,False,,,,0.3067,0.7444,Jamppi,Team Vitality,kayo,True,100,50,1,2,1,7,True,,,,,,Sayonara,Team Vitality,sova,True,100,50,1,2,1,7,True,,,,,,PROFEK,Team Vitality,astra,True,100,50,1,2,1,0,False,,,,0.7067,0.7656
1040.690,1932,ACTIVE_ROUND,6,3,4,98.000,,,s0pp,FUT Esports,chamber,True,100,50,0,5,1,0,False,operator,sniper,,,,xeus,FUT Esports,jett,True,100,50,2,1,1,2,False,vandal,rifle,,0.8433,0.4433,sociablEE,FUT Esports,fade,True,100,25,2,1,1,1,False,guardian,rifle,,0.7189,0.5267,yetujey,FUT Esports,astra,True,100,50,1,1,0,2,False,bucky,shotgun,,0.5000,0.5211,KROSTALY,FUT Esports,kayo,True,100,,1,2,0,2,False,bandit,sidearm,,0.8344,0.3411,Chronicle,Team Vitality,chamber,True,100,50,0,8,1,0,False,phantom,rifle,,0.1344,0.3356,Derke,Team Vitality,neon,True,100,50,1,0,1,3,False,phantom,rifle,,0.2867,0.7178,Jamppi,Team Vitality,kayo,True,100,50,1,2,1,7,True,vandal,rifle,,,,Sayonara,Team Vitality,sova,True,100,50,1,2,1,7,True,vandal,rifle,,,,PROFEK,Team Vitality,astra,True,100,50,1,1,0,0,False,phantom,rifle,,0.7067,0.7656
1041.173,1933,ACTIVE_ROUND,6,3,4,98.000,,,s0pp,FUT Esports,chamber,True,100,50,0,5,1,0,False,operator,sniper,,,,xeus,FUT Esports,jett,True,100,50,2,1,1,2,False,vandal,rifle,,0.8678,0.3478,sociablEE,FUT Esports,fade,True,100,25,2,1,1,1,False,guardian,rifle,,0.7167,0.5333,yetujey,FUT Esports,astra,True,100,50,1,1,0,2,False,bucky,shotgun,,0.5044,0.5233,KROSTALY,FUT Esports,kayo,True,100,,1,2,0,2,False,bandit,sidearm,,0.8322,0.3589,Chronicle,Team Vitality,chamber,True,100,50,0,8,1,0,False,phantom,rifle,,0.2722,0.8089,Derke,Team Vitality,neon,True,100,50,1,0,1,3,False,phantom,rifle,,0.2867,0.7178,Jamppi,Team Vitality,kayo,True,100,50,1,2,1,7,True,vandal,rifle,,,,Sayonara,Team Vitality,sova,True,100,50,1,2,1,7,True,vandal,rifle,,,,PROFEK,Team Vitality,astra,True,100,50,1,1,0,0,False,phantom,rifle,,0.7067,0.7656
1041.657,1934,ACTIVE_ROUND,6,3,4,97.000,,,s0pp,FUT Esports,chamber,True,100,50,0,5,1,0,False,operator,sniper,,,,xeus,FUT Esports,jett,True,100,50,2,1,1,2,False,vandal,rifle,,0.8811,0.4767,sociablEE,FUT Esports,fade,True,100,25,2,1,1,1,False,guardian,rifle,,0.7167,0.5356,yetujey,FUT Esports,astra,True,100,50,1,1,0,2,False,bucky,shotgun,,0.5089,0.5278,KROSTALY,FUT Esports,kayo,True,100,,1,2,0,2,False,bandit,sidearm,,0.8322,0.3789,Chronicle,Team Vitality,chamber,True,100,50,0,8,1,0,False,phantom,rifle,,0.7478,0.7111,Derke,Team Vitality,neon,True,100,50,1,0,1,3,False,phantom,rifle,,0.2867,0.7178,Jamppi,Team Vitality,kayo,True,100,50,1,2,1,7,True,vandal,rifle,,,,Sayonara,Team Vitality,sova,True,100,50,1,2,1,7,True,vandal,rifle,,,,PROFEK,Team Vitality,astra,True,100,50,1,1,0,0,False,phantom,rifle,,0.7067,0.7656
1042.141,1935,ACTIVE_ROUND,6,3,4,97.000,,,s0pp,FUT Esports,chamber,True,100,50,0,5,1,0,False,operator,sniper,,,,xeus,FUT Esports,jett,True,100,50,2,1,1,2,False,vandal,rifle,,0.8900,0.4767,sociablEE,FUT Esports,fade,True,100,25,2,1,1,1,False,guardian,rifle,,0.7167,0.5356,yetujey,FUT Esports,astra,True,100,50,1,1,0,2,False,bucky,shotgun,,0.5067,0.5256,KROSTALY,FUT Esports,kayo,True,100,,1,2,0,2,False,bandit,sidearm,,0.8322,0.3922,Chronicle,Team Vitality,chamber,True,100,50,0,8,1,0,False,phantom,rifle,,0.7478,0.7111,Derke,Team Vitality,neon,True,100,50,1,0,1,3,False,phantom,rifle,,0.2289,0.7222,Jamppi,Team Vitality,kayo,True,100,50,1,2,1,7,True,vandal,rifle,,,,Sayonara,Team Vitality,sova,True,100,50,1,2,1,7,True,vandal,rifle,,,,PROFEK,Team Vitality,astra,True,100,50,1,1,0,0,False,phantom,rifle,,0.7067,0.7656
1042.625,1936,ACTIVE_ROUND,6,3,4,96.000,,,s0pp,FUT Esports,chamber,True,100,50,0,5,1,0,False,operator,sniper,,,,xeus,FUT Esports,jett,True,100,50,2,1,1,2,False,vandal,rifle,,0.9011,0.4767,sociablEE,FUT Esports,fade,True,100,25,2,1,1,1,False,guardian,rifle,,0.7167,0.5356,yetujey,FUT Esports,astra,True,100,50,1,1,0,2,False,bucky,shotgun,,0.5067,0.5278,KROSTALY,FUT Esports,kayo,True,100,,1,2,0,2,False,bandit,sidearm,,0.8322,0.4033,Chronicle,Team Vitality,chamber,True,100,50,0,8,1,0,False,phantom,rifle,,0.2722,0.8089,Derke,Team Vitality,neon,True,100,50,1,0,1,3,False,phantom,rifle,,0.2000,0.7356,Jamppi,Team Vitality,kayo,True,100,50,1,2,1,7,True,vandal,rifle,,,,Sayonara,Team Vitality,sova,True,100,50,1,2,1,7,True,vandal,rifle,,,,PROFEK,Team Vitality,astra,True,100,50,1,1,0,0,False,phantom,rifle,,0.7067,0.7656
1043.109,1937,ACTIVE_ROUND,6,3,4,96.000,,,s0pp,FUT Esports,chamber,True,100,50,0,5,1,0,False,operator,sniper,,,,xeus,FUT Esports,jett,True,100,50,2,1,1,2,False,vandal,rifle,,0.9100,0.4789,sociablEE,FUT Esports,fade,True,100,25,2,1,1,1,False,guardian,rifle,,0.7167,0.5356,yetujey,FUT Esports,astra,True,100,50,1,1,0,2,False,bucky,shotgun,,0.5089,0.5278,KROSTALY,FUT Esports,kayo,True,100,4,1,2,0,2,False,bandit,sidearm,,0.8300,0.4144,Chronicle,Team Vitality,chamber,True,100,50,0,8,1,0,False,phantom,rifle,,0.7478,0.6400,Derke,Team Vitality,neon,True,100,50,1,0,1,3,False,phantom,rifle,,0.1689,0.7422,Jamppi,Team Vitality,kayo,True,100,50,1,2,1,7,True,vandal,rifle,,,,Sayonara,Team Vitality,sova,True,100,50,1,2,1,7,True,vandal,rifle,,,,PROFEK,Team Vitality,astra,True,100,50,1,1,0,0,False,phantom,rifle,,0.7067,0.7656
1043.593,1938,ACTIVE_ROUND,6,3,4,95.000,,,s0pp,FUT Esports,chamber,True,100,50,0,5,1,0,False,operator,sniper,,,,xeus,FUT Esports,jett,True,100,50,2,1,1,2,False,vandal,rifle,,0.9189,0.4811,sociablEE,FUT Esports,fade,True,100,25,2,1,1,1,False,guardian,rifle,,0.7167,0.5378,yetujey,FUT Esports,astra,True,100,50,1,1,0,2,False,bucky,shotgun,,0.5089,0.5278,KROSTALY,FUT Esports,kayo,True,100,4,1,2,0,2,False,bandit,sidearm,,0.8300,0.4278,Chronicle,Team Vitality,chamber,True,100,50,0,8,1,0,False,phantom,rifle,,0.2722,0.8089,Derke,Team Vitality,neon,True,100,50,1,0,1,3,False,phantom,rifle,,0.1511,0.7422,Jamppi,Team Vitality,kayo,True,100,50,1,2,1,7,True,vandal,rifle,,,,Sayonara,Team Vitality,sova,True,100,50,1,2,1,7,True,vandal,rifle,,,,PROFEK,Team Vitality,astra,True,100,50,1,1,0,0,False,phantom,rifle,,0.7067,0.7656
1044.076,1939,ACTIVE_ROUND,6,3,4,95.000,,,s0pp,FUT Esports,chamber,True,100,50,0,5,1,0,False,operator,sniper,,,,xeus,FUT Esports,jett,True,100,50,2,1,1,2,False,vandal,rifle,,0.9233,0.4833,sociablEE,FUT Esports,fade,True,100,25,2,1,1,1,False,guardian,rifle,,0.7167,0.5378,yetujey,FUT Esports,astra,True,100,50,1,1,0,2,False,bucky,shotgun,,0.5089,0.5278,KROSTALY,FUT Esports,kayo,True,100,4,1,2,0,2,False,bandit,sidearm,,0.8344,0.4411,Chronicle,Team Vitality,chamber,True,100,50,0,8,1,0,False,phantom,rifle,,0.2722,0.8089,Derke,Team Vitality,neon,True,100,50,1,0,1,3,False,phantom,rifle,,0.1444,0.7400,Jamppi,Team Vitality,kayo,True,100,50,1,2,1,7,True,vandal,rifle,,,,Sayonara,Team Vitality,sova,True,100,50,1,2,1,7,True,vandal,rifle,,,,PROFEK,Team Vitality,astra,True,100,50,1,1,0,0,False,phantom,rifle,,0.7067,0.7656
1044.560,1940,ACTIVE_ROUND,6,3,4,94.000,,,s0pp,FUT Esports,chamber,True,100,50,0,5,1,0,False,operator,sniper,,,,xeus,FUT Esports,jett,True,100,50,2,1,1,2,False,vandal,rifle,,0.9300,0.4856,sociablEE,FUT Esports,fade,True,100,25,2,1,1,1,False,guardian,rifle,,0.7167,0.5378,yetujey,FUT Esports,astra,True,100,50,1,1,0,2,False,bucky,shotgun,,0.5089,0.5278,KROSTALY,FUT Esports,kayo,True,100,4,1,2,0,2,False,bandit,sidearm,,0.8367,0.4544,Chronicle,Team Vitality,chamber,True,100,50,0,8,1,0,False,phantom,rifle,,0.2722,0.8089,Derke,Team Vitality,neon,True,100,50,1,0,1,3,False,phantom,rifle,,0.1444,0.7400,Jamppi,Team Vitality,kayo,True,100,50,1,2,1,7,True,vandal,rifle,,,,Sayonara,Team Vitality,sova,True,100,50,0,2,1,7,True,vandal,rifle,,,,PROFEK,Team Vitality,astra,True,100,50,2,1,0,0,False,phantom,rifle,,0.7067,0.7656
1045.044,1941,ACTIVE_ROUND,6,3,4,94.000,,,s0pp,FUT Esports,chamber,True,100,50,0,5,1,0,False,operator,sniper,,,,xeus,FUT Esports,jett,True,100,50,2,1,1,2,False,vandal,rifle,,0.9411,0.4922,sociablEE,FUT Esports,fade,True,100,25,2,1,1,1,False,guardian,rifle,,0.7167,0.5378,yetujey,FUT Esports,astra,True,100,50,1,1,0,2,False,bucky,shotgun,,0.5089,0.5278,KROSTALY,FUT Esports,kayo,True,100,4,1,2,0,2,False,bandit,sidearm,,0.8411,0.4678,Chronicle,Team Vitality,chamber,True,100,50,0,8,1,0,False,phantom,rifle,,0.6233,0.7911,Derke,Team Vitality,neon,True,100,50,1,0,1,3,False,phantom,rifle,,0.1467,0.7400,Jamppi,Team Vitality,kayo,True,100,50,1,2,1,7,True,vandal,rifle,,,,Sayonara,Team Vitality,sova,True,100,50,0,2,1,7,True,vandal,rifle,,,,PROFEK,Team Vitality,astra,True,100,50,2,1,0,0,False,phantom,rifle,,0.7067,0.7656
1045.528,1942,ACTIVE_ROUND,6,3,4,93.000,,,s0pp,FUT Esports,chamber,True,100,50,0,5,1,0,False,operator,sniper,,,,xeus,FUT Esports,jett,True,100,50,2,1,1,2,False,vandal,rifle,,0.9500,0.4944,sociablEE,FUT Esports,fade,True,100,25,2,1,1,1,False,guardian,rifle,,0.7167,0.5378,yetujey,FUT Esports,astra,True,100,50,1,1,0,2,False,bucky,shotgun,,0.5089,0.5256,KROSTALY,FUT Esports,kayo,True,100,4,1,2,0,2,False,bandit,sidearm,,0.7167,0.5767,Chronicle,Team Vitality,chamber,True,100,50,0,8,1,0,False,phantom,rifle,,0.6144,0.7822,Derke,Team Vitality,neon,True,100,50,1,0,1,3,False,phantom,rifle,,0.1467,0.7400,Jamppi,Team Vitality,kayo,True,100,50,1,2,1,7,True,vandal,rifle,,,,Sayonara,Team Vitality,sova,True,100,50,0,2,1,7,True,vandal,rifle,,,,PROFEK,Team Vitality,astra,True,100,50,2,1,0,0,False,phantom,rifle,,0.7067,0.7656
1046.012,1943,ACTIVE_ROUND,6,3,4,93.000,,,s0pp,FUT Esports,chamber,True,100,50,0,5,1,0,False,operator,sniper,,,,xeus,FUT Esports,jett,True,100,50,2,1,1,2,False,vandal,rifle,,0.9567,0.4989,sociablEE,FUT Esports,fade,True,100,25,2,1,1,1,False,guardian,rifle,,0.7167,0.5378,yetujey,FUT Esports,astra,True,100,50,1,1,0,2,False,bucky,shotgun,,0.5089,0.5256,KROSTALY,FUT Esports,kayo,True,100,4,1,2,0,2,False,bandit,sidearm,,0.8633,0.4767,Chronicle,Team Vitality,chamber,True,100,50,0,8,1,0,False,phantom,rifle,,0.6100,0.7733,Derke,Team Vitality,neon,True,100,50,1,0,1,3,False,phantom,rifle,,0.1467,0.7400,Jamppi,Team Vitality,kayo,True,100,50,1,2,1,7,True,vandal,rifle,,,,Sayonara,Team Vitality,sova,True,100,50,0,2,1,7,True,vandal,rifle,,,,PROFEK,Team Vitality,astra,True,100,50,2,1,0,0,False,phantom,rifle,,0.7067,0.7656
1046.495,1944,ACTIVE_ROUND,6,3,4,92.000,,,s0pp,FUT Esports,chamber,True,100,50,0,5,1,0,False,operator,sniper,,,,xeus,FUT Esports,jett,True,100,50,2,1,1,2,False,vandal,rifle,,0.9611,0.5078,sociablEE,FUT Esports,fade,True,100,25,2,1,1,1,False,guardian,rifle,,0.7167,0.5378,yetujey,FUT Esports,astra,True,100,50,1,0,0,2,False,bucky,shotgun,,0.5089,0.5256,KROSTALY,FUT Esports,kayo,True,100,4,1,2,0,2,False,bandit,sidearm,,0.8789,0.4767,Chronicle,Team Vitality,chamber,True,100,50,0,8,1,0,False,phantom,rifle,,0.6144,0.7733,Derke,Team Vitality,neon,True,100,50,1,0,1,3,False,phantom,rifle,,0.1444,0.7400,Jamppi,Team Vitality,kayo,True,100,50,1,2,1,7,True,vandal,rifle,,,,Sayonara,Team Vitality,sova,True,100,50,0,2,1,7,True,vandal,rifle,,,,PROFEK,Team Vitality,astra,True,100,50,1,1,0,0,False,phantom,rifle,,0.7067,0.7656
1046.979,1945,ACTIVE_ROUND,6,3,4,92.000,,,s0pp,FUT Esports,chamber,True,100,50,0,5,1,0,False,operator,sniper,,,,xeus,FUT Esports,jett,True,100,50,2,1,1,2,False,vandal,rifle,,0.9700,0.5167,sociablEE,FUT Esports,fade,True,100,25,2,1,1,1,False,guardian,rifle,,0.7167,0.5378,yetujey,FUT Esports,astra,True,100,50,1,0,0,2,False,bucky,shotgun,,0.5089,0.5256,KROSTALY,FUT Esports,kayo,True,100,4,1,2,0,2,False,bandit,sidearm,,0.8922,0.4744,Chronicle,Team Vitality,chamber,True,100,50,0,8,1,0,False,phantom,rifle,,0.2722,0.8089,Derke,Team Vitality,neon,True,100,50,1,0,1,3,False,phantom,rifle,,0.1467,0.7400,Jamppi,Team Vitality,kayo,True,100,50,1,2,1,7,True,vandal,rifle,,,,Sayonara,Team Vitality,sova,True,100,50,0,2,1,7,True,vandal,rifle,,,,PROFEK,Team Vitality,astra,True,100,50,1,1,0,0,False,phantom,rifle,,0.7067,0.7656
1047.463,1946,ACTIVE_ROUND,6,3,4,91.000,,,s0pp,FUT Esports,chamber,True,100,50,0,5,1,0,False,operator,sniper,,,,xeus,FUT Esports,jett,True,100,50,2,1,1,2,False,vandal,rifle,,0.9722,0.5189,sociablEE,FUT Esports,fade,True,100,25,2,1,1,1,False,guardian,rifle,,0.7167,0.5378,yetujey,FUT Esports,astra,True,100,50,1,0,0,2,False,bucky,shotgun,,0.5089,0.5256,KROSTALY,FUT Esports,kayo,True,100,4,1,2,0,2,False,bandit,sidearm,,0.9033,0.4744,Chronicle,Team Vitality,chamber,True,100,50,0,8,1,0,False,phantom,rifle,,0.4656,0.5689,Derke,Team Vitality,neon,True,100,50,1,0,1,3,False,phantom,rifle,,0.1467,0.7400,Jamppi,Team Vitality,kayo,True,100,50,1,2,1,7,True,vandal,rifle,,,,Sayonara,Team Vitality,sova,True,100,50,0,2,1,7,True,vandal,rifle,,0.8511,0.4756,PROFEK,Team Vitality,astra,True,100,50,1,1,0,0,False,phantom,rifle,,0.7067,0.7656
1047.947,1947,ACTIVE_ROUND,6,3,4,91.000,,,s0pp,FUT Esports,chamber,True,100,50,0,5,1,0,False,operator,sniper,,,,xeus,FUT Esports,jett,True,100,50,2,1,1,2,False,vandal,rifle,,0.9722,0.5144,sociablEE,FUT Esports,fade,True,100,25,2,1,1,1,False,guardian,rifle,,0.7167,0.5378,yetujey,FUT Esports,astra,True,100,50,1,0,0,2,False,bucky,shotgun,,0.5089,0.5256,KROSTALY,FUT Esports,kayo,True,100,4,1,2,0,2,False,bandit,sidearm,,0.9144,0.4767,Chronicle,Team Vitality,chamber,True,100,50,0,8,1,0,False,phantom,rifle,,0.4656,0.5689,Derke,Team Vitality,neon,True,100,50,1,0,1,3,False,phantom,rifle,,0.1467,0.7378,Jamppi,Team Vitality,kayo,True,100,50,1,2,1,7,True,vandal,rifle,,,,Sayonara,Team Vitality,sova,True,100,50,0,2,1,7,True,vandal,rifle,,0.1778,0.6556,PROFEK,Team Vitality,astra,True,100,50,1,1,0,0,False,phantom,rifle,,0.3889,0.7900
1048.431,1948,ACTIVE_ROUND,6,3,4,90.000,,,s0pp,FUT Esports,chamber,True,100,50,0,5,1,0,False,operator,sniper,,,,xeus,FUT Esports,jett,True,100,50,2,1,1,2,False,vandal,rifle,,0.9722,0.5144,sociablEE,FUT Esports,fade,True,100,25,2,1,1,1,False,guardian,rifle,,0.7167,0.5378,yetujey,FUT Esports,astra,True,100,50,1,0,0,2,False,bucky,shotgun,,0.9444,0.5211,KROSTALY,FUT Esports,kayo,True,100,4,1,2,0,2,False,bandit,sidearm,,0.9167,0.4767,Chronicle,Team Vitality,chamber,True,100,50,0,8,1,0,False,phantom,rifle,,0.0833,0.7400,Derke,Team Vitality,neon,True,100,50,1,0,1,3,False,phantom,rifle,,0.1467,0.7400,Jamppi,Team Vitality,kayo,True,100,50,1,2,1,7,True,vandal,rifle,,,,Sayonara,Team Vitality,sova,True,100,50,0,2,1,7,True,vandal,rifle,,0.1778,0.6556,PROFEK,Team Vitality,astra,True,100,50,1,1,0,0,False,phantom,rifle,,0.3889,0.7900
1048.915,1949,ACTIVE_ROUND,6,3,4,90.000,,,s0pp,FUT Esports,chamber,True,100,50,0,5,1,0,False,operator,sniper,,,,xeus,FUT Esports,jett,True,100,50,2,1,1,2,False,vandal,rifle,,0.9722,0.5144,sociablEE,FUT Esports,fade,True,100,25,2,1,1,1,False,guardian,rifle,,0.7167,0.5378,yetujey,FUT Esports,astra,True,100,50,1,0,0,2,False,bucky,shotgun,,0.9444,0.5233,KROSTALY,FUT Esports,kayo,True,100,4,1,2,0,2,False,bandit,sidearm,,0.9144,0.4811,Chronicle,Team Vitality,chamber,True,100,50,0,8,1,0,False,phantom,rifle,,0.0833,0.7400,Derke,Team Vitality,neon,True,100,50,1,0,1,3,False,phantom,rifle,,0.1489,0.7400,Jamppi,Team Vitality,kayo,True,100,50,1,2,1,7,True,vandal,rifle,,,,Sayonara,Team Vitality,sova,True,100,50,0,2,1,7,True,vandal,rifle,,0.1778,0.6556,PROFEK,Team Vitality,astra,True,100,50,1,1,0,0,False,phantom,rifle,,0.3889,0.7900
1049.398,1950,ACTIVE_ROUND,6,3,4,89.000,,,s0pp,FUT Esports,chamber,True,100,50,0,5,1,0,False,operator,sniper,,,,xeus,FUT Esports,jett,True,100,50,2,1,1,2,False,vandal,rifle,,0.9722,0.5144,sociablEE,FUT Esports,fade,True,100,25,2,1,1,1,False,guardian,rifle,,0.7167,0.5378,yetujey,FUT Esports,astra,True,100,50,1,0,0,2,False,bucky,shotgun,,0.9444,0.5233,KROSTALY,FUT Esports,kayo,True,100,4,1,2,0,2,False,bandit,sidearm,,0.9144,0.4811,Chronicle,Team Vitality,chamber,True,100,50,0,8,1,0,False,phantom,rifle,,0.6633,0.5511,Derke,Team Vitality,neon,True,100,50,1,0,1,3,False,phantom,rifle,,0.1489,0.7378,Jamppi,Team Vitality,kayo,True,100,50,1,2,1,7,True,vandal,rifle,,,,Sayonara,Team Vitality,sova,True,100,50,0,2,1,7,True,vandal,rifle,,0.1778,0.6556,PROFEK,Team Vitality,astra,True,100,50,1,1,0,0,False,phantom,rifle,,0.3889,0.7900
1049.882,1951,ACTIVE_ROUND,6,3,4,89.000,,,s0pp,FUT Esports,chamber,True,100,50,0,5,1,0,False,operator,sniper,,,,xeus,FUT Esports,jett,True,100,50,2,1,1,2,False,vandal,rifle,,0.9722,0.5144,sociablEE,FUT Esports,fade,True,100,25,2,1,1,1,False,guardian,rifle,,0.7167,0.5378,yetujey,FUT Esports,astra,True,100,50,1,0,0,2,False,bucky,shotgun,,0.5089,0.5233,KROSTALY,FUT Esports,kayo,True,100,4,1,2,0,2,False,bandit,sidearm,,0.9100,0.4833,Chronicle,Team Vitality,chamber,True,100,50,0,8,1,0,False,phantom,rifle,,0.4656,0.5889,Derke,Team Vitality,neon,True,100,50,1,0,1,3,False,phantom,rifle,,0.1511,0.7378,Jamppi,Team Vitality,kayo,True,100,50,1,2,1,7,True,vandal,rifle,,,,Sayonara,Team Vitality,sova,True,100,50,0,2,1,7,True,vandal,rifle,,0.9778,0.5022,PROFEK,Team Vitality,astra,True,100,50,1,1,0,0,False,phantom,rifle,,0.7089,0.7656
1050.366,1952,ACTIVE_ROUND,6,3,4,88.000,,,s0pp,FUT Esports,chamber,True,100,50,0,5,1,0,False,operator,sniper,,,,xeus,FUT Esports,jett,True,100,50,2,1,1,2,False,vandal,rifle,,0.9722,0.5122,sociablEE,FUT Esports,fade,True,100,25,2,1,1,1,False,classic,sidearm,,0.7167,0.5378,yetujey,FUT Esports,astra,True,100,50,1,1,0,2,False,bucky,shotgun,,0.5089,0.5233,KROSTALY,FUT Esports,kayo,True,100,4,1,2,0,2,False,bandit,sidearm,,0.9100,0.4856,Chronicle,Team Vitality,chamber,True,100,50,0,8,1,0,False,phantom,rifle,,0.4656,0.5889,Derke,Team Vitality,neon,True,100,50,1,0,1,3,False,phantom,rifle,,0.1511,0.7378,Jamppi,Team Vitality,kayo,True,100,50,1,2,1,7,True,vandal,rifle,,,,Sayonara,Team Vitality,sova,True,100,50,0,2,1,7,True,vandal,rifle,,0.1800,0.6556,PROFEK,Team Vitality,astra,True,100,50,1,1,0,0,False,phantom,rifle,,0.3889,0.7900
1050.850,1953,ACTIVE_ROUND,6,3,4,88.000,,,s0pp,FUT Esports,chamber,True,100,50,0,5,1,0,False,operator,sniper,,,,xeus,FUT Esports,jett,True,100,50,2,1,1,2,False,vandal,rifle,,0.9722,0.5122,sociablEE,FUT Esports,fade,True,100,25,2,1,1,1,False,classic,sidearm,,0.7167,0.5378,yetujey,FUT Esports,astra,True,100,50,1,1,0,2,False,bucky,shotgun,,0.5089,0.5233,KROSTALY,FUT Esports,kayo,True,100,4,1,2,0,2,False,bandit,sidearm,,0.9033,0.4900,Chronicle,Team Vitality,chamber,True,100,50,0,8,1,0,False,phantom,rifle,,0.4656,0.5889,Derke,Team Vitality,neon,True,100,50,1,0,1,3,False,phantom,rifle,,0.1489,0.7378,Jamppi,Team Vitality,kayo,True,100,50,1,2,1,7,True,vandal,rifle,,,,Sayonara,Team Vitality,sova,True,100,50,0,2,1,7,True,vandal,rifle,,0.1911,0.7044,PROFEK,Team Vitality,astra,True,100,50,1,1,0,0,False,phantom,rifle,,0.3889,0.7900
1051.334,1954,ACTIVE_ROUND,6,3,4,87.000,,,s0pp,FUT Esports,chamber,True,100,50,0,5,1,0,False,operator,sniper,,,,xeus,FUT Esports,jett,True,100,50,2,1,1,2,False,vandal,rifle,,0.9722,0.5122,sociablEE,FUT Esports,fade,True,100,25,2,1,1,1,False,classic,sidearm,,0.7167,0.5378,yetujey,FUT Esports,astra,True,100,50,1,1,0,2,False,bucky,shotgun,,0.5089,0.5233,KROSTALY,FUT Esports,kayo,True,100,4,1,2,0,2,False,bandit,sidearm,,0.9011,0.4944,Chronicle,Team Vitality,chamber,True,100,50,0,8,1,0,False,phantom,rifle,,0.4656,0.5889,Derke,Team Vitality,neon,True,100,50,1,0,1,3,False,phantom,rifle,,0.1489,0.7400,Jamppi,Team Vitality,kayo,True,100,50,1,2,1,7,True,vandal,rifle,,0.2000,0.7267,Sayonara,Team Vitality,sova,True,100,50,0,2,1,7,True,vandal,rifle,,0.1778,0.7067,PROFEK,Team Vitality,astra,True,100,50,1,1,0,0,False,phantom,rifle,,0.3889,0.7900
1051.817,1955,ACTIVE_ROUND,6,3,4,87.000,,,s0pp,FUT Esports,chamber,True,100,50,0,5,1,0,False,operator,sniper,,,,xeus,FUT Esports,jett,True,100,50,2,1,1,2,False,vandal,rifle,,0.9722,0.5122,sociablEE,FUT Esports,fade,True,100,25,2,1,1,1,False,classic,sidearm,,0.7167,0.5378,yetujey,FUT Esports,astra,True,100,50,1,1,0,2,False,bucky,shotgun,,0.5089,0.5233,KROSTALY,FUT Esports,kayo,True,100,4,1,2,0,2,False,bandit,sidearm,,0.9011,0.4944,Chronicle,Team Vitality,chamber,True,100,50,0,8,1,0,False,phantom,rifle,,0.4656,0.5889,Derke,Team Vitality,neon,True,100,50,1,0,1,3,False,phantom,rifle,,0.1511,0.7400,Jamppi,Team Vitality,kayo,True,100,50,1,2,1,7,True,vandal,rifle,,0.2022,0.7178,Sayonara,Team Vitality,sova,True,100,50,0,2,1,7,True,vandal,rifle,,0.1622,0.7022,PROFEK,Team Vitality,astra,True,100,50,1,1,0,0,False,phantom,rifle,,0.3933,0.7922
1052.301,1956,ACTIVE_ROUND,6,3,4,86.000,,,s0pp,FUT Esports,chamber,True,100,50,0,5,1,0,False,operator,sniper,,,,xeus,FUT Esports,jett,True,100,50,2,1,1,2,False,vandal,rifle,,0.9722,0.5122,sociablEE,FUT Esports,fade,True,100,25,2,1,1,1,False,guardian,rifle,,0.7167,0.5378,yetujey,FUT Esports,astra,True,100,50,1,1,0,2,False,bucky,shotgun,,0.5089,0.5233,KROSTALY,FUT Esports,kayo,True,100,4,1,2,0,2,False,classic,sidearm,,0.9011,0.4900,Chronicle,Team Vitality,chamber,True,100,50,0,8,1,0,False,phantom,rifle,,0.6633,0.5511,Derke,Team Vitality,neon,True,100,50,1,0,1,3,False,phantom,rifle,,0.1489,0.7400,Jamppi,Team Vitality,kayo,True,100,50,1,2,1,7,True,vandal,rifle,,0.2022,0.7178,Sayonara,Team Vitality,sova,True,100,50,0,2,1,7,True,vandal,rifle,,0.1533,0.7022,PROFEK,Team Vitality,astra,True,100,50,1,1,0,0,False,phantom,rifle,,0.3933,0.7922
1052.785,1957,ACTIVE_ROUND,6,3,4,86.000,,,s0pp,FUT Esports,chamber,True,100,50,0,5,1,0,False,operator,sniper,,,,xeus,FUT Esports,jett,True,100,50,2,1,1,2,False,vandal,rifle,,0.9722,0.5122,sociablEE,FUT Esports,fade,True,100,25,2,1,1,1,False,guardian,rifle,,0.7167,0.5378,yetujey,FUT Esports,astra,True,100,50,1,1,0,2,False,bucky,shotgun,,0.5089,0.5233,KROSTALY,FUT Esports,kayo,True,100,4,1,2,0,2,False,classic,sidearm,,0.8989,0.5011,Chronicle,Team Vitality,chamber,True,100,50,0,8,1,0,False,phantom,rifle,,0.6633,0.5511,Derke,Team Vitality,neon,True,100,50,1,0,1,3,False,phantom,rifle,,0.1556,0.7378,Jamppi,Team Vitality,kayo,True,100,50,1,2,1,7,True,vandal,rifle,,0.2022,0.7178,Sayonara,Team Vitality,sova,True,100,50,0,2,1,7,True,vandal,rifle,,0.1533,0.7022,PROFEK,Team Vitality,astra,True,100,50,1,1,0,0,False,phantom,rifle,,0.3933,0.7922
1053.269,1958,ACTIVE_ROUND,6,3,4,85.000,,,s0pp,FUT Esports,chamber,True,100,50,0,5,1,0,False,operator,sniper,,,,xeus,FUT Esports,jett,True,100,50,2,1,1,2,False,vandal,rifle,,0.9722,0.5122,sociablEE,FUT Esports,fade,True,100,25,2,1,1,1,False,guardian,rifle,,0.7167,0.5378,yetujey,FUT Esports,astra,True,100,50,1,1,0,2,False,bucky,shotgun,,0.5089,0.5233,KROSTALY,FUT Esports,kayo,True,100,4,1,2,0,2,False,classic,sidearm,,0.8944,0.5100,Chronicle,Team Vitality,chamber,True,100,50,0,8,1,0,False,phantom,rifle,,0.6633,0.5511,Derke,Team Vitality,neon,True,100,50,1,0,1,3,False,phantom,rifle,,0.1511,0.7333,Jamppi,Team Vitality,kayo,True,100,50,1,2,1,7,True,vandal,rifle,,0.7156,0.7222,Sayonara,Team Vitality,sova,True,100,50,0,2,1,7,True,vandal,rifle,,0.1533,0.7022,PROFEK,Team Vitality,astra,True,100,50,1,1,0,0,False,phantom,rifle,,0.4844,0.6256
1053.753,1959,ACTIVE_ROUND,6,3,4,85.000,,,s0pp,FUT Esports,chamber,True,100,50,0,5,1,0,False,operator,sniper,,,,xeus,FUT Esports,jett,True,100,50,2,1,1,2,False,vandal,rifle,,0.9722,0.5122,sociablEE,FUT Esports,fade,True,100,25,2,1,1,1,False,guardian,rifle,,0.7167,0.5378,yetujey,FUT Esports,astra,True,100,50,1,1,0,2,False,bucky,shotgun,,0.5089,0.5233,KROSTALY,FUT Esports,kayo,True,100,4,1,2,0,2,False,classic,sidearm,,0.8922,0.5211,Chronicle,Team Vitality,chamber,True,100,50,0,8,1,0,False,phantom,rifle,,0.9122,0.5956,Derke,Team Vitality,neon,True,100,50,1,0,1,3,False,phantom,rifle,,0.1533,0.7311,Jamppi,Team Vitality,kayo,True,100,50,1,2,1,7,True,vandal,rifle,,0.7156,0.7222,Sayonara,Team Vitality,sova,True,100,50,0,2,1,7,True,vandal,rifle,,0.1733,0.7089,PROFEK,Team Vitality,astra,True,100,50,1,1,0,0,False,phantom,rifle,,0.4844,0.6256
1054.237,1960,ACTIVE_ROUND,6,3,4,84.000,,,s0pp,FUT Esports,chamber,True,100,50,0,5,1,0,False,operator,sniper,,,,xeus,FUT Esports,jett,True,100,50,2,1,1,2,False,vandal,rifle,,0.9722,0.5144,sociablEE,FUT Esports,fade,True,100,25,2,1,1,1,False,guardian,rifle,,0.7167,0.5378,yetujey,FUT Esports,astra,True,100,50,1,0,0,2,False,bucky,shotgun,,0.5089,0.5233,KROSTALY,FUT Esports,kayo,True,100,4,1,2,0,2,False,classic,sidearm,,0.8967,0.5233,Chronicle,Team Vitality,chamber,True,100,50,0,8,1,0,False,phantom,rifle,,0.0856,0.7422,Derke,Team Vitality,neon,True,100,50,1,0,1,3,False,phantom,rifle,,0.1511,0.7311,Jamppi,Team Vitality,kayo,True,100,50,1,2,1,7,True,vandal,rifle,,0.7156,0.7222,Sayonara,Team Vitality,sova,True,100,50,0,2,1,7,True,vandal,rifle,,0.1733,0.7089,PROFEK,Team Vitality,astra,True,100,50,1,1,0,0,False,phantom,rifle,,0.4844,0.6256
1054.720,1961,ACTIVE_ROUND,6,3,4,84.000,,,s0pp,FUT Esports,chamber,True,100,50,0,5,1,0,False,operator,sniper,,,,xeus,FUT Esports,jett,True,100,50,2,1,1,2,False,vandal,rifle,,0.9700,0.5167,sociablEE,FUT Esports,fade,True,100,25,2,1,1,1,False,guardian,rifle,,0.7167,0.5378,yetujey,FUT Esports,astra,True,100,50,1,0,0,2,False,bucky,shotgun,,0.5089,0.5233,KROSTALY,FUT Esports,kayo,True,100,4,1,2,0,2,False,classic,sidearm,,0.8944,0.5233,Chronicle,Team Vitality,chamber,True,100,50,0,8,1,0,False,phantom,rifle,,0.7300,0.2378,Derke,Team Vitality,neon,True,100,50,1,0,1,3,False,phantom,rifle,,0.1422,0.7311,Jamppi,Team Vitality,kayo,True,100,50,1,2,1,7,True,vandal,rifle,,0.7156,0.7222,Sayonara,Team Vitality,sova,True,100,50,0,2,1,7,True,vandal,rifle,,0.1733,0.7089,PROFEK,Team Vitality,astra,True,100,50,1,1,0,0,False,phantom,rifle,,0.4844,0.6256
1055.204,1962,ACTIVE_ROUND,6,3,4,83.000,,,s0pp,FUT Esports,chamber,True,100,50,0,5,1,0,False,operator,sniper,,,,xeus,FUT Esports,jett,True,100,50,2,1,1,2,False,vandal,rifle,,0.9700,0.5167,sociablEE,FUT Esports,fade,True,100,25,2,1,1,1,False,guardian,rifle,,0.7167,0.5378,yetujey,FUT Esports,astra,True,100,50,1,0,0,2,False,bucky,shotgun,,0.5089,0.5233,KROSTALY,FUT Esports,kayo,True,100,4,1,2,0,2,False,classic,sidearm,,0.8944,0.5233,Chronicle,Team Vitality,chamber,True,100,50,0,8,1,0,False,phantom,rifle,,0.2722,0.8089,Derke,Team Vitality,neon,True,100,50,1,0,1,3,False,phantom,rifle,,0.1444,0.7311,Jamppi,Team Vitality,kayo,True,100,50,1,2,1,7,True,vandal,rifle,,0.7156,0.7222,Sayonara,Team Vitality,sova,True,100,50,0,2,1,7,True,vandal,rifle,,0.1733,0.7089,PROFEK,Team Vitality,astra,True,100,50,1,1,0,0,False,phantom,rifle,,0.4844,0.6256
1055.688,1963,ACTIVE_ROUND,6,3,4,83.000,,,s0pp,FUT Esports,chamber,True,100,50,0,5,1,0,False,operator,sniper,,,,xeus,FUT Esports,jett,True,100,50,2,1,1,2,False,vandal,rifle,,0.9700,0.5167,sociablEE,FUT Esports,fade,True,100,25,2,1,1,1,False,guardian,rifle,,0.7167,0.5378,yetujey,FUT Esports,astra,True,100,50,1,0,0,2,False,bucky,shotgun,,0.5089,0.5233,KROSTALY,FUT Esports,kayo,True,100,4,1,2,0,2,False,classic,sidearm,,0.8944,0.5233,Chronicle,Team Vitality,chamber,True,100,50,0,8,1,0,False,phantom,rifle,,0.6589,0.5444,Derke,Team Vitality,neon,True,100,50,1,0,1,3,False,phantom,rifle,,0.1556,0.7333,Jamppi,Team Vitality,kayo,True,100,50,1,2,1,7,True,vandal,rifle,,0.7156,0.7222,Sayonara,Team Vitality,sova,True,100,50,0,2,1,7,True,vandal,rifle,,0.1733,0.7089,PROFEK,Team Vitality,astra,True,100,50,1,1,0,0,False,phantom,rifle,,0.4844,0.6256
1056.172,1964,ACTIVE_ROUND,6,3,4,82.000,,,s0pp,FUT Esports,chamber,True,100,50,0,5,1,0,False,operator,sniper,,,,xeus,FUT Esports,jett,True,100,50,2,1,1,2,False,vandal,rifle,,0.9700,0.5167,sociablEE,FUT Esports,fade,True,100,25,2,1,1,1,False,guardian,rifle,,0.7167,0.5378,yetujey,FUT Esports,astra,True,100,50,1,1,0,2,False,bucky,shotgun,,0.5089,0.5233,KROSTALY,FUT Esports,kayo,True,100,4,1,2,0,2,False,classic,sidearm,,0.8989,0.5211,Chronicle,Team Vitality,chamber,True,100,50,0,8,1,0,False,phantom,rifle,,0.7456,0.6844,Derke,Team Vitality,neon,True,100,50,1,0,1,3,False,phantom,rifle,,0.1667,0.7356,Jamppi,Team Vitality,kayo,True,100,50,1,1,1,7,True,vandal,rifle,,0.7156,0.7222,Sayonara,Team Vitality,sova,True,100,50,0,2,1,7,True,vandal,rifle,,0.1733,0.7089,PROFEK,Team Vitality,astra,True,100,50,1,1,0,0,False,phantom,rifle,,0.4844,0.6256
1056.656,1965,ACTIVE_ROUND,6,3,4,82.000,,,s0pp,FUT Esports,chamber,True,100,50,0,5,1,0,False,operator,sniper,,,,xeus,FUT Esports,jett,True,100,50,2,1,1,2,False,vandal,rifle,,0.9722,0.5167,sociablEE,FUT Esports,fade,True,100,25,2,1,1,1,False,guardian,rifle,,0.7167,0.5378,yetujey,FUT Esports,astra,True,100,50,1,1,0,2,False,bucky,shotgun,,0.5089,0.5233,KROSTALY,FUT Esports,kayo,True,100,4,1,2,0,2,False,classic,sidearm,,0.8989,0.5211,Chronicle,Team Vitality,chamber,True,100,50,0,8,1,0,False,phantom,rifle,,0.4656,0.5889,Derke,Team Vitality,neon,True,100,50,1,0,1,3,False,phantom,rifle,,0.1733,0.7356,Jamppi,Team Vitality,kayo,True,100,50,1,1,1,7,True,vandal,rifle,,0.9689,0.5622,Sayonara,Team Vitality,sova,True,100,50,0,2,1,7,True,vandal,rifle,,0.1733,0.7089,PROFEK,Team Vitality,astra,True,100,50,1,1,0,0,False,phantom,rifle,,0.3933,0.7922
1057.139,1966,ACTIVE_ROUND,6,3,4,82.000,,,s0pp,FUT Esports,chamber,True,100,50,0,5,1,0,False,operator,sniper,,,,xeus,FUT Esports,jett,True,100,50,2,1,1,2,False,vandal,rifle,,0.9722,0.5167,sociablEE,FUT Esports,fade,True,100,25,2,1,1,1,False,guardian,rifle,,0.7167,0.5378,yetujey,FUT Esports,astra,True,100,50,1,1,0,2,False,bucky,shotgun,,0.5089,0.5233,KROSTALY,FUT Esports,kayo,True,100,4,1,2,0,2,False,classic,sidearm,,0.9078,0.5233,Chronicle,Team Vitality,chamber,True,100,50,0,8,1,0,False,phantom,rifle,,0.4656,0.5889,Derke,Team Vitality,neon,True,100,50,1,0,1,3,False,phantom,rifle,,0.1844,0.7378,Jamppi,Team Vitality,kayo,True,100,50,1,1,1,7,True,vandal,rifle,,0.9689,0.5622,Sayonara,Team Vitality,sova,True,100,50,0,2,1,7,True,vandal,rifle,,0.1800,0.6444,PROFEK,Team Vitality,astra,True,100,50,1,1,0,0,False,phantom,rifle,,0.3933,0.7922
1057.623,1967,ACTIVE_ROUND,6,3,4,81.000,,,s0pp,FUT Esports,chamber,True,100,50,0,5,1,0,False,operator,sniper,,,,xeus,FUT Esports,jett,True,100,50,2,1,1,2,False,vandal,rifle,,0.9722,0.5167,sociablEE,FUT Esports,fade,True,100,25,2,1,1,1,False,guardian,rifle,,0.7167,0.5378,yetujey,FUT Esports,astra,True,100,50,1,1,0,2,False,bucky,shotgun,,0.5089,0.5233,KROSTALY,FUT Esports,kayo,True,100,4,1,2,0,2,False,classic,sidearm,,0.9100,0.5233,Chronicle,Team Vitality,chamber,True,100,50,0,8,1,0,False,phantom,rifle,,0.4656,0.5889,Derke,Team Vitality,neon,True,100,50,1,0,1,3,False,phantom,rifle,,0.1978,0.7356,Jamppi,Team Vitality,kayo,True,100,50,1,1,1,7,True,vandal,rifle,,0.9689,0.5622,Sayonara,Team Vitality,sova,True,100,50,0,2,1,7,True,vandal,rifle,,0.1800,0.6644,PROFEK,Team Vitality,astra,True,100,50,1,1,0,0,False,phantom,rifle,,0.3933,0.7922
1058.107,1968,ACTIVE_ROUND,6,3,4,81.000,,,s0pp,FUT Esports,chamber,True,100,50,0,5,1,0,False,operator,sniper,,,,xeus,FUT Esports,jett,True,100,50,2,1,1,2,False,vandal,rifle,,0.9722,0.5167,sociablEE,FUT Esports,fade,True,100,25,2,1,1,1,False,guardian,rifle,,0.7167,0.5378,yetujey,FUT Esports,astra,True,100,50,1,0,0,2,False,bucky,shotgun,,0.5089,0.5233,KROSTALY,FUT Esports,kayo,True,100,4,1,2,0,2,False,classic,sidearm,,0.9100,0.5233,Chronicle,Team Vitality,chamber,True,100,50,0,8,1,0,False,phantom,rifle,,0.4656,0.5889,Derke,Team Vitality,neon,True,100,50,1,0,1,3,False,phantom,rifle,,0.2111,0.7356,Jamppi,Team Vitality,kayo,True,100,50,1,1,1,7,True,vandal,rifle,,0.9689,0.5622,Sayonara,Team Vitality,sova,True,100,50,0,2,1,7,True,vandal,rifle,,0.1800,0.6644,PROFEK,Team Vitality,astra,True,100,50,1,1,0,0,False,phantom,rifle,,0.3933,0.7922
1058.591,1969,ACTIVE_ROUND,6,3,4,80.000,,,s0pp,FUT Esports,chamber,True,100,50,0,5,1,0,False,operator,sniper,,,,xeus,FUT Esports,jett,True,100,50,2,1,1,2,False,vandal,rifle,,0.9722,0.5167,sociablEE,FUT Esports,fade,True,100,25,2,1,1,1,False,guardian,rifle,,0.7167,0.5378,yetujey,FUT Esports,astra,True,100,50,1,0,0,2,False,bucky,shotgun,,0.5089,0.5233,KROSTALY,FUT Esports,kayo,True,100,4,1,2,0,2,False,classic,sidearm,,0.9100,0.5233,Chronicle,Team Vitality,chamber,True,100,50,0,8,1,0,False,phantom,rifle,,0.4656,0.5889,Derke,Team Vitality,neon,True,100,50,1,0,1,3,False,phantom,rifle,,0.2244,0.7267,Jamppi,Team Vitality,kayo,True,100,50,1,1,1,7,True,vandal,rifle,,0.9689,0.5622,Sayonara,Team Vitality,sova,True,100,50,0,2,1,7,True,vandal,rifle,,0.1800,0.6644,PROFEK,Team Vitality,astra,True,100,50,1,1,0,0,False,phantom,rifle,,0.3933,0.7922
1059.075,1970,ACTIVE_ROUND,6,3,4,80.000,,,s0pp,FUT Esports,chamber,True,100,50,0,5,1,0,False,operator,sniper,,,,xeus,FUT Esports,jett,True,100,50,2,1,1,2,False,vandal,rifle,,0.9722,0.5167,sociablEE,FUT Esports,fade,True,100,25,2,1,1,1,False,guardian,rifle,,0.7167,0.5378,yetujey,FUT Esports,astra,True,100,50,1,0,0,2,False,bucky,shotgun,,0.5089,0.5233,KROSTALY,FUT Esports,kayo,True,100,4,1,2,0,2,False,classic,sidearm,,0.9078,0.5211,Chronicle,Team Vitality,chamber,True,100,50,0,8,1,0,False,phantom,rifle,,0.4656,0.5889,Derke,Team Vitality,neon,True,100,50,1,0,1,3,False,phantom,rifle,,0.2467,0.7200,Jamppi,Team Vitality,kayo,True,100,50,1,1,1,7,True,vandal,rifle,,0.9689,0.5622,Sayonara,Team Vitality,sova,True,100,50,0,2,1,7,True,vandal,rifle,,0.1800,0.6644,PROFEK,Team Vitality,astra,True,100,50,1,1,0,0,False,phantom,rifle,,0.3933,0.7922
1059.559,1971,ACTIVE_ROUND,6,3,4,79.000,,,s0pp,FUT Esports,chamber,True,100,50,0,5,1,0,False,operator,sniper,,,,xeus,FUT Esports,jett,True,100,50,2,1,1,2,False,vandal,rifle,,0.9722,0.5167,sociablEE,FUT Esports,fade,True,100,25,2,1,1,1,False,guardian,rifle,,0.7167,0.5378,yetujey,FUT Esports,astra,True,100,50,1,0,0,2,False,bucky,shotgun,,0.5089,0.5233,KROSTALY,FUT Esports,kayo,True,100,4,1,2,0,2,False,classic,sidearm,,0.9056,0.5211,Chronicle,Team Vitality,chamber,True,100,50,0,8,1,0,False,phantom,rifle,,0.2633,0.7733,Derke,Team Vitality,neon,True,100,50,1,0,1,3,False,phantom,rifle,,0.2667,0.7178,Jamppi,Team Vitality,kayo,True,100,50,1,1,1,7,True,vandal,rifle,,0.9689,0.5622,Sayonara,Team Vitality,sova,True,100,50,0,2,1,7,True,vandal,rifle,,0.1800,0.6644,PROFEK,Team Vitality,astra,True,100,50,1,1,0,0,False,phantom,rifle,,0.3889,0.7900
1060.042,1972,ACTIVE_ROUND,6,3,4,79.000,,,s0pp,FUT Esports,chamber,True,100,50,0,5,1,0,False,operator,sniper,,,,xeus,FUT Esports,jett,True,100,50,2,1,1,2,False,vandal,rifle,,0.9722,0.5167,sociablEE,FUT Esports,fade,True,100,25,2,1,1,1,False,guardian,rifle,,0.7167,0.5378,yetujey,FUT Esports,astra,True,100,50,1,1,0,2,False,bucky,shotgun,,0.5089,0.5233,KROSTALY,FUT Esports,kayo,True,100,4,1,2,0,2,False,bandit,sidearm,,0.9100,0.5233,Chronicle,Team Vitality,chamber,True,100,50,0,8,1,0,False,phantom,rifle,,0.4656,0.5889,Derke,Team Vitality,neon,True,100,50,1,0,1,3,False,phantom,rifle,,0.2667,0.7178,Jamppi,Team Vitality,kayo,True,100,50,1,1,1,7,True,vandal,rifle,,0.9689,0.5622,Sayonara,Team Vitality,sova,True,100,50,0,2,1,7,True,vandal,rifle,,0.1800,0.6644,PROFEK,Team Vitality,astra,True,100,50,1,1,0,0,False,phantom,rifle,,0.3933,0.7922
1060.526,1973,ACTIVE_ROUND,6,3,4,78.000,,,s0pp,FUT Esports,chamber,True,100,50,0,5,1,0,False,operator,sniper,,,,xeus,FUT Esports,jett,True,100,50,2,1,1,2,False,vandal,rifle,,0.9722,0.5144,sociablEE,FUT Esports,fade,True,100,25,2,1,1,1,False,guardian,rifle,,0.7167,0.5378,yetujey,FUT Esports,astra,True,100,50,1,1,0,2,False,bucky,shotgun,,0.5089,0.5233,KROSTALY,FUT Esports,kayo,True,100,4,1,2,0,2,False,bandit,sidearm,,0.9056,0.5211,Chronicle,Team Vitality,chamber,True,100,50,0,8,1,0,False,phantom,rifle,,0.6744,0.7356,Derke,Team Vitality,neon,True,100,50,1,0,1,3,False,phantom,rifle,,0.2956,0.7378,Jamppi,Team Vitality,kayo,True,100,50,1,1,1,7,True,vandal,rifle,,0.3178,0.7556,Sayonara,Team Vitality,sova,True,100,50,0,2,1,7,True,vandal,rifle,,0.1800,0.6644,PROFEK,Team Vitality,astra,True,100,50,1,1,0,0,False,phantom,rifle,,0.3933,0.7922
1061.010,1974,ACTIVE_ROUND,6,3,4,78.000,,,s0pp,FUT Esports,chamber,True,100,50,0,5,1,0,False,operator,sniper,,,,xeus,FUT Esports,jett,True,100,50,2,1,1,2,False,vandal,rifle,,0.9722,0.5167,sociablEE,FUT Esports,fade,True,100,25,2,1,1,1,False,guardian,rifle,,0.7167,0.5378,yetujey,FUT Esports,astra,True,100,50,1,1,0,2,False,bucky,shotgun,,0.5089,0.5233,KROSTALY,FUT Esports,kayo,True,100,4,1,2,0,2,False,bandit,sidearm,,0.9100,0.5233,Chronicle,Team Vitality,chamber,True,100,50,0,8,1,0,False,phantom,rifle,,0.6056,0.7156,Derke,Team Vitality,neon,True,100,50,1,0,1,3,False,phantom,rifle,,0.3089,0.7578,Jamppi,Team Vitality,kayo,True,100,50,1,1,1,7,True,vandal,rifle,,0.3178,0.7556,Sayonara,Team Vitality,sova,True,100,50,0,2,1,7,True,vandal,rifle,,0.1800,0.6644,PROFEK,Team Vitality,astra,True,100,50,1,1,0,0,False,phantom,rifle,,0.3933,0.7922
1061.494,1975,ACTIVE_ROUND,6,3,4,77.000,,,s0pp,FUT Esports,chamber,True,100,50,0,5,1,0,False,operator,sniper,,,,xeus,FUT Esports,jett,True,100,50,2,1,1,2,False,vandal,rifle,,0.9722,0.5167,sociablEE,FUT Esports,fade,True,100,25,2,1,1,1,False,guardian,rifle,,0.7167,0.5378,yetujey,FUT Esports,astra,True,100,50,1,1,0,2,False,bucky,shotgun,,0.5089,0.5233,KROSTALY,FUT Esports,kayo,True,100,4,1,2,0,2,False,bandit,sidearm,,0.9100,0.5233,Chronicle,Team Vitality,chamber,True,100,50,0,8,1,0,False,phantom,rifle,,0.6744,0.7356,Derke,Team Vitality,neon,True,100,50,1,0,1,3,False,phantom,rifle,,0.3200,0.7778,Jamppi,Team Vitality,kayo,True,100,50,1,1,1,7,True,vandal,rifle,,0.3444,0.7822,Sayonara,Team Vitality,sova,True,100,50,0,2,1,7,True,vandal,rifle,,0.1800,0.6644,PROFEK,Team Vitality,astra,True,100,50,1,1,0,0,False,phantom,rifle,,0.3889,0.7900
1061.978,1976,ACTIVE_ROUND,6,3,4,77.000,,,s0pp,FUT Esports,chamber,True,100,50,0,5,1,0,False,operator,sniper,,,,xeus,FUT Esports,jett,True,100,50,2,1,1,2,False,vandal,rifle,,0.9722,0.5167,sociablEE,FUT Esports,fade,True,100,25,2,1,1,1,False,guardian,rifle,,0.7167,0.5378,yetujey,FUT Esports,astra,True,100,50,1,1,0,2,False,bucky,shotgun,,0.5089,0.5233,KROSTALY,FUT Esports,kayo,True,100,4,1,2,0,2,False,bandit,sidearm,,0.9100,0.5233,Chronicle,Team Vitality,chamber,True,100,50,0,8,1,0,False,phantom,rifle,,0.6633,0.5511,Derke,Team Vitality,neon,True,100,50,1,0,1,3,False,phantom,rifle,,0.3333,0.7978,Jamppi,Team Vitality,kayo,True,100,50,1,1,1,7,True,vandal,rifle,,0.3444,0.7822,Sayonara,Team Vitality,sova,True,100,50,0,2,1,7,True,vandal,rifle,,0.1800,0.6644,PROFEK,Team Vitality,astra,True,100,50,1,1,0,0,False,phantom,rifle,,0.3889,0.7900
1062.461,1977,ACTIVE_ROUND,6,3,4,76.000,,,s0pp,FUT Esports,chamber,True,100,50,0,5,1,0,False,operator,sniper,,,,xeus,FUT Esports,jett,True,100,50,2,1,1,2,False,vandal,rifle,,0.9722,0.5167,sociablEE,FUT Esports,fade,True,100,25,2,1,1,1,False,guardian,rifle,,0.7167,0.5378,yetujey,FUT Esports,astra,True,100,50,1,1,0,2,False,bucky,shotgun,,0.5089,0.5233,KROSTALY,FUT Esports,kayo,True,100,4,1,2,0,2,False,bandit,sidearm,,0.9122,0.5233,Chronicle,Team Vitality,chamber,True,100,50,0,8,1,0,False,phantom,rifle,,0.6056,0.7200,Derke,Team Vitality,neon,True,100,50,1,0,1,3,False,phantom,rifle,,0.3533,0.8089,Jamppi,Team Vitality,kayo,True,100,50,1,1,1,7,True,vandal,rifle,,0.3444,0.7822,Sayonara,Team Vitality,sova,True,100,50,0,2,1,7,True,vandal,rifle,,0.1800,0.6644,PROFEK,Team Vitality,astra,True,100,50,1,1,0,0,False,phantom,rifle,,0.3889,0.7900
1062.945,1978,ACTIVE_ROUND,6,3,4,76.000,,,s0pp,FUT Esports,chamber,True,100,50,0,5,1,0,False,operator,sniper,,,,xeus,FUT Esports,jett,True,100,50,2,1,1,2,False,vandal,rifle,,0.9722,0.5167,sociablEE,FUT Esports,fade,True,100,25,2,1,1,1,False,guardian,rifle,,0.7167,0.5378,yetujey,FUT Esports,astra,True,100,50,1,1,0,2,False,bucky,shotgun,,0.5089,0.5233,KROSTALY,FUT Esports,kayo,True,100,4,1,2,0,2,False,bandit,sidearm,,0.9144,0.5211,Chronicle,Team Vitality,chamber,True,100,50,0,8,1,0,False,phantom,rifle,,0.5300,0.8311,Derke,Team Vitality,neon,True,100,50,1,0,1,3,False,phantom,rifle,,0.3778,0.8111,Jamppi,Team Vitality,kayo,True,100,50,1,1,1,7,True,vandal,rifle,,0.3444,0.7822,Sayonara,Team Vitality,sova,True,100,50,0,2,1,7,True,vandal,rifle,,0.1800,0.6644,PROFEK,Team Vitality,astra,True,100,50,1,1,0,0,False,phantom,rifle,,0.3889,0.7900
1063.429,1979,ACTIVE_ROUND,6,3,4,75.000,,,s0pp,FUT Esports,chamber,True,100,50,0,5,1,0,False,operator,sniper,,,,xeus,FUT Esports,jett,True,100,50,2,1,1,2,False,vandal,rifle,,0.9722,0.5167,sociablEE,FUT Esports,fade,True,100,25,2,1,1,1,False,guardian,rifle,,0.7167,0.5378,yetujey,FUT Esports,astra,True,100,50,1,1,0,2,False,bucky,shotgun,,0.5089,0.5233,KROSTALY,FUT Esports,kayo,True,100,4,1,2,0,2,False,bandit,sidearm,,0.9144,0.5211,Chronicle,Team Vitality,chamber,True,100,50,0,8,1,0,False,phantom,rifle,,0.6633,0.5511,Derke,Team Vitality,neon,True,100,50,1,0,1,3,False,phantom,rifle,,0.3778,0.8111,Jamppi,Team Vitality,kayo,True,100,50,1,1,1,7,True,vandal,rifle,,0.3444,0.7822,Sayonara,Team Vitality,sova,True,100,50,0,2,1,7,True,vandal,rifle,,0.1800,0.6644,PROFEK,Team Vitality,astra,True,100,50,1,1,0,0,False,phantom,rifle,,0.3889,0.7900
1063.913,1980,ACTIVE_ROUND,6,3,4,75.000,,,s0pp,FUT Esports,chamber,True,100,50,0,5,1,0,False,operator,sniper,,,,xeus,FUT Esports,jett,True,100,50,2,1,1,2,False,vandal,rifle,,0.9722,0.5167,sociablEE,FUT Esports,fade,True,100,25,2,1,1,1,False,guardian,rifle,,0.7167,0.5378,yetujey,FUT Esports,astra,True,100,50,1,1,0,2,False,bucky,shotgun,,0.5089,0.5233,KROSTALY,FUT Esports,kayo,True,100,4,1,2,0,2,False,bandit,sidearm,,0.9100,0.5189,Chronicle,Team Vitality,chamber,True,100,50,0,8,1,0,False,phantom,rifle,,0.6633,0.5511,Derke,Team Vitality,neon,True,100,50,1,0,1,3,False,phantom,rifle,,0.4178,0.8111,Jamppi,Team Vitality,kayo,True,100,50,1,1,1,7,True,vandal,rifle,,0.3444,0.7822,Sayonara,Team Vitality,sova,True,100,50,0,2,1,7,True,vandal,rifle,,0.1800,0.6644,PROFEK,Team Vitality,astra,True,100,50,1,1,0,0,False,phantom,rifle,,0.3889,0.7900
1064.397,1981,ACTIVE_ROUND,6,3,4,74.000,,,s0pp,FUT Esports,chamber,True,100,50,0,5,1,0,False,operator,sniper,,,,xeus,FUT Esports,jett,True,100,50,2,1,1,2,False,vandal,rifle,,0.9722,0.5167,sociablEE,FUT Esports,fade,True,100,25,2,1,1,1,False,guardian,rifle,,0.7167,0.5378,yetujey,FUT Esports,astra,True,100,50,1,1,0,2,False,bucky,shotgun,,0.5089,0.5233,KROSTALY,FUT Esports,kayo,True,100,4,1,2,0,2,False,bandit,sidearm,,0.9078,0.5167,Chronicle,Team Vitality,chamber,True,100,50,0,8,1,0,False,phantom,rifle,,0.4656,0.5889,Derke,Team Vitality,neon,True,100,50,1,0,1,3,False,phantom,rifle,,0.4333,0.8133,Jamppi,Team Vitality,kayo,True,100,50,1,1,1,7,True,vandal,rifle,,0.4356,0.7644,Sayonara,Team Vitality,sova,True,100,50,0,2,1,7,True,vandal,rifle,,0.1800,0.6644,PROFEK,Team Vitality,astra,True,100,50,1,1,0,0,False,phantom,rifle,,0.3889,0.7900
1064.880,1982,ACTIVE_ROUND,6,3,4,74.000,,,s0pp,FUT Esports,chamber,True,100,50,0,5,1,0,False,operator,sniper,,,,xeus,FUT Esports,jett,True,100,50,2,1,1,2,False,vandal,rifle,,0.9722,0.5167,sociablEE,FUT Esports,fade,True,100,25,2,1,1,1,False,guardian,rifle,,0.7167,0.5378,yetujey,FUT Esports,astra,True,100,50,1,1,0,2,False,bucky,shotgun,,0.5089,0.5233,KROSTALY,FUT Esports,kayo,True,100,4,1,2,0,2,False,bandit,sidearm,,0.8989,0.5167,Chronicle,Team Vitality,chamber,True,100,50,0,8,1,0,False,phantom,rifle,,0.4656,0.5889,Derke,Team Vitality,neon,True,100,50,1,0,1,3,False,phantom,rifle,,0.4444,0.8111,Jamppi,Team Vitality,kayo,True,100,50,1,1,1,7,True,vandal,rifle,,0.4422,0.7533,Sayonara,Team Vitality,sova,True,100,50,0,2,1,7,True,vandal,rifle,,0.1800,0.6644,PROFEK,Team Vitality,astra,True,100,50,1,1,0,0,False,phantom,rifle,,0.3933,0.7922
1065.364,1983,ACTIVE_ROUND,6,3,4,73.000,,,s0pp,FUT Esports,chamber,True,100,50,0,5,1,0,False,operator,sniper,,,,xeus,FUT Esports,jett,True,100,50,2,1,1,2,False,vandal,rifle,,0.9722,0.5167,sociablEE,FUT Esports,fade,True,100,25,2,1,1,1,False,guardian,rifle,,0.7167,0.5378,yetujey,FUT Esports,astra,True,100,50,1,1,0,2,False,bucky,shotgun,,0.5089,0.5233,KROSTALY,FUT Esports,kayo,True,100,4,1,2,0,2,False,bandit,sidearm,,0.8944,0.5167,Chronicle,Team Vitality,chamber,True,100,50,0,8,1,0,False,phantom,rifle,,0.6611,0.5511,Derke,Team Vitality,neon,True,100,50,1,0,1,3,False,phantom,rifle,,0.4400,0.7911,Jamppi,Team Vitality,kayo,True,100,50,1,1,1,7,True,vandal,rifle,,0.4422,0.7533,Sayonara,Team Vitality,sova,True,100,50,0,2,1,7,True,vandal,rifle,,0.1800,0.6644,PROFEK,Team Vitality,astra,True,100,50,1,1,0,0,False,phantom,rifle,,0.3933,0.7922
1065.848,1984,ACTIVE_ROUND,6,3,4,73.000,,,s0pp,FUT Esports,chamber,True,100,50,0,5,1,0,False,operator,sniper,,,,xeus,FUT Esports,jett,True,100,50,2,1,1,2,False,vandal,rifle,,0.9722,0.5167,sociablEE,FUT Esports,fade,True,100,25,2,1,1,1,False,guardian,rifle,,0.7167,0.5378,yetujey,FUT Esports,astra,True,100,50,1,1,0,2,False,bucky,shotgun,,0.5089,0.5233,KROSTALY,FUT Esports,kayo,True,100,4,1,2,0,2,False,bandit,sidearm,,0.8944,0.5167,Chronicle,Team Vitality,chamber,True,100,50,0,8,1,0,False,phantom,rifle,,0.6611,0.5511,Derke,Team Vitality,neon,True,100,50,1,0,1,3,False,phantom,rifle,,0.4400,0.7689,Jamppi,Team Vitality,kayo,True,100,50,1,1,1,7,True,vandal,rifle,,0.4422,0.7533,Sayonara,Team Vitality,sova,True,100,50,0,2,1,7,True,vandal,rifle,,0.1800,0.6644,PROFEK,Team Vitality,astra,True,100,50,1,1,0,0,False,phantom,rifle,,0.3933,0.7922
1066.332,1985,ACTIVE_ROUND,6,3,4,72.000,,,s0pp,FUT Esports,chamber,True,100,50,0,5,1,0,False,operator,sniper,,,,xeus,FUT Esports,jett,True,100,50,2,1,1,2,False,vandal,rifle,,0.9722,0.5122,sociablEE,FUT Esports,fade,True,100,25,2,1,1,1,False,guardian,rifle,,0.7167,0.5378,yetujey,FUT Esports,astra,True,100,50,1,1,0,2,False,bucky,shotgun,,0.5089,0.5233,KROSTALY,FUT Esports,kayo,True,100,4,1,2,0,2,False,bandit,sidearm,,0.8944,0.5167,Chronicle,Team Vitality,chamber,True,100,50,0,8,1,0,False,phantom,rifle,,0.6611,0.5511,Derke,Team Vitality,neon,True,100,50,1,0,1,3,False,phantom,rifle,,0.4400,0.7533,Jamppi,Team Vitality,kayo,True,100,50,1,1,1,7,True,vandal,rifle,,0.4422,0.7533,Sayonara,Team Vitality,sova,True,100,50,0,2,1,7,True,vandal,rifle,,0.1800,0.6644,PROFEK,Team Vitality,astra,True,100,50,1,1,0,0,False,phantom,rifle,,0.3933,0.7922
1066.816,1986,ACTIVE_ROUND,6,3,4,72.000,,,s0pp,FUT Esports,chamber,True,100,50,0,5,1,0,False,operator,sniper,,,,xeus,FUT Esports,jett,True,100,50,2,1,1,2,False,vandal,rifle,,0.9722,0.5122,sociablEE,FUT Esports,fade,True,100,25,2,1,1,1,False,guardian,rifle,,0.7167,0.5378,yetujey,FUT Esports,astra,True,100,50,1,1,0,2,False,bucky,shotgun,,0.5089,0.5233,KROSTALY,FUT Esports,kayo,True,100,4,1,2,0,2,False,bandit,sidearm,,0.8878,0.5144,Chronicle,Team Vitality,chamber,True,100,50,0,8,1,0,False,phantom,rifle,,0.6611,0.5511,Derke,Team Vitality,neon,True,100,50,1,0,1,3,False,phantom,rifle,,0.4400,0.7378,Jamppi,Team Vitality,kayo,True,100,50,1,1,1,7,True,vandal,rifle,,0.4422,0.7533,Sayonara,Team Vitality,sova,True,100,50,0,2,1,7,True,vandal,rifle,,0.1800,0.6644,PROFEK,Team Vitality,astra,True,100,50,1,1,0,0,False,phantom,rifle,,0.3933,0.7922
1067.300,1987,ACTIVE_ROUND,6,3,4,71.000,,,s0pp,FUT Esports,chamber,True,100,50,0,5,1,0,False,operator,sniper,,,,xeus,FUT Esports,jett,True,100,50,2,1,1,2,False,vandal,rifle,,0.9722,0.5144,sociablEE,FUT Esports,fade,True,100,25,2,1,1,1,False,guardian,rifle,,0.7167,0.5378,yetujey,FUT Esports,astra,True,100,50,1,1,0,2,False,bucky,shotgun,,0.5089,0.5233,KROSTALY,FUT Esports,kayo,True,100,4,1,2,0,2,False,bandit,sidearm,,0.8856,0.5100,Chronicle,Team Vitality,chamber,True,100,50,0,8,1,0,False,phantom,rifle,,0.5922,0.6756,Derke,Team Vitality,neon,True,100,50,1,0,1,3,False,phantom,rifle,,0.4422,0.7244,Jamppi,Team Vitality,kayo,True,100,50,1,1,1,7,True,vandal,rifle,,0.4422,0.7533,Sayonara,Team Vitality,sova,True,100,50,0,2,1,7,True,vandal,rifle,,0.1800,0.6644,PROFEK,Team Vitality,astra,True,100,50,1,1,0,0,False,phantom,rifle,,0.3933,0.7922
1067.783,1988,ACTIVE_ROUND,6,3,4,71.000,,,s0pp,FUT Esports,chamber,True,100,50,0,5,1,0,False,operator,sniper,,,,xeus,FUT Esports,jett,True,100,50,2,1,1,2,False,vandal,rifle,,0.9722,0.5144,sociablEE,FUT Esports,fade,True,100,25,2,1,1,1,False,guardian,rifle,,0.7167,0.5378,yetujey,FUT Esports,astra,True,100,50,1,1,0,2,False,bucky,shotgun,,0.5089,0.5233,KROSTALY,FUT Esports,kayo,True,100,4,1,2,0,2,False,classic,sidearm,,0.8833,0.5056,Chronicle,Team Vitality,chamber,True,100,50,0,8,1,0,False,phantom,rifle,,0.6611,0.5511,Derke,Team Vitality,neon,True,100,50,1,0,1,3,False,phantom,rifle,,0.4422,0.7111,Jamppi,Team Vitality,kayo,True,100,50,1,1,1,7,True,vandal,rifle,,0.4422,0.7533,Sayonara,Team Vitality,sova,True,100,50,0,2,1,7,True,vandal,rifle,,0.1800,0.6644,PROFEK,Team Vitality,astra,True,100,50,1,1,0,0,False,phantom,rifle,,0.3933,0.7922
1068.267,1989,ACTIVE_ROUND,6,3,4,70.000,,,s0pp,FUT Esports,chamber,True,100,50,0,5,1,0,False,operator,sniper,,,,xeus,FUT Esports,jett,True,100,50,2,1,1,2,False,vandal,rifle,,0.9722,0.5144,sociablEE,FUT Esports,fade,True,100,25,2,1,1,1,False,guardian,rifle,,0.7167,0.5378,yetujey,FUT Esports,astra,True,100,50,1,1,0,2,False,bucky,shotgun,,0.5089,0.5233,KROSTALY,FUT Esports,kayo,True,100,4,1,2,0,2,False,classic,sidearm,,0.8856,0.5056,Chronicle,Team Vitality,chamber,True,100,50,0,8,1,0,False,phantom,rifle,,0.6611,0.5511,Derke,Team Vitality,neon,True,100,50,1,0,1,3,False,phantom,rifle,,0.4422,0.7111,Jamppi,Team Vitality,kayo,True,100,50,1,1,1,7,True,vandal,rifle,,0.4422,0.7533,Sayonara,Team Vitality,sova,True,100,50,0,2,1,7,True,vandal,rifle,,0.1800,0.6644,PROFEK,Team Vitality,astra,True,100,50,1,1,0,0,False,phantom,rifle,,0.3933,0.7922
1068.751,1990,ACTIVE_ROUND,6,3,4,70.000,,,s0pp,FUT Esports,chamber,True,100,50,0,5,1,0,False,operator,sniper,,,,xeus,FUT Esports,jett,True,100,50,2,1,1,2,False,vandal,rifle,,0.9722,0.5144,sociablEE,FUT Esports,fade,True,100,25,2,1,1,1,False,guardian,rifle,,0.7167,0.5378,yetujey,FUT Esports,astra,True,100,50,1,1,0,2,False,bucky,shotgun,,0.5089,0.5233,KROSTALY,FUT Esports,kayo,True,100,4,1,2,0,2,False,classic,sidearm,,0.8856,0.5056,Chronicle,Team Vitality,chamber,True,100,50,0,8,1,0,False,phantom,rifle,,0.3922,0.6400,Derke,Team Vitality,neon,True,100,50,1,0,1,3,False,phantom,rifle,,0.4467,0.6822,Jamppi,Team Vitality,kayo,True,100,50,1,1,1,7,True,vandal,rifle,,0.4422,0.7533,Sayonara,Team Vitality,sova,True,100,50,0,2,1,7,True,vandal,rifle,,0.1800,0.6644,PROFEK,Team Vitality,astra,True,100,50,1,1,0,0,False,phantom,rifle,,0.3933,0.7922
1069.235,1991,ACTIVE_ROUND,6,3,4,69.000,,,s0pp,FUT Esports,chamber,True,100,50,0,5,1,0,False,operator,sniper,,,,xeus,FUT Esports,jett,True,100,50,2,1,1,2,False,vandal,rifle,,0.9722,0.5144,sociablEE,FUT Esports,fade,True,100,25,2,1,1,1,False,guardian,rifle,,0.7167,0.5378,yetujey,FUT Esports,astra,True,100,50,1,1,0,2,False,bucky,shotgun,,0.5089,0.5233,KROSTALY,FUT Esports,kayo,True,100,4,1,2,0,2,False,classic,sidearm,,0.8944,0.5078,Chronicle,Team Vitality,chamber,True,100,50,0,8,1,0,False,phantom,rifle,,0.5300,0.8311,Derke,Team Vitality,neon,True,100,50,1,0,1,3,False,phantom,rifle,,0.4489,0.6711,Jamppi,Team Vitality,kayo,True,100,50,1,1,1,7,True,vandal,rifle,,0.4422,0.7533,Sayonara,Team Vitality,sova,True,100,50,0,2,1,7,True,vandal,rifle,,0.1800,0.6644,PROFEK,Team Vitality,astra,True,100,50,1,1,0,0,False,phantom,rifle,,0.3933,0.7922
1069.719,1992,ACTIVE_ROUND,6,3,4,69.000,,,s0pp,FUT Esports,chamber,True,100,50,0,5,1,0,False,operator,sniper,,,,xeus,FUT Esports,jett,True,100,50,2,1,1,2,False,vandal,rifle,,0.9722,0.5144,sociablEE,FUT Esports,fade,True,100,25,2,1,1,1,False,classic,sidearm,,0.7167,0.5378,yetujey,FUT Esports,astra,True,100,50,1,1,0,2,False,bucky,shotgun,,0.5089,0.5233,KROSTALY,FUT Esports,kayo,True,100,4,1,2,0,2,False,bandit,sidearm,,0.9011,0.5078,Chronicle,Team Vitality,chamber,True,100,50,0,8,1,0,False,phantom,rifle,,0.6633,0.5511,Derke,Team Vitality,neon,True,100,50,1,0,1,3,False,phantom,rifle,,0.4489,0.6622,Jamppi,Team Vitality,kayo,True,100,50,1,1,1,7,True,vandal,rifle,,0.4422,0.7533,Sayonara,Team Vitality,sova,True,100,50,0,2,1,7,True,vandal,rifle,,0.1800,0.6644,PROFEK,Team Vitality,astra,True,100,50,2,2,0,0,False,phantom,rifle,,0.3933,0.7922
1070.202,1993,ACTIVE_ROUND,6,3,4,68.000,,,s0pp,FUT Esports,chamber,True,100,50,0,5,1,0,False,operator,sniper,,,,xeus,FUT Esports,jett,True,100,50,2,1,1,2,False,vandal,rifle,,0.9722,0.5144,sociablEE,FUT Esports,fade,True,100,25,2,1,1,1,False,classic,sidearm,,0.7167,0.5378,yetujey,FUT Esports,astra,True,100,50,1,1,0,2,False,bucky,shotgun,,0.5089,0.5233,KROSTALY,FUT Esports,kayo,True,100,4,1,2,0,2,False,bandit,sidearm,,0.9033,0.5100,Chronicle,Team Vitality,chamber,True,100,50,0,8,1,0,False,phantom,rifle,,0.6633,0.5511,Derke,Team Vitality,neon,True,100,50,1,0,1,3,False,phantom,rifle,,0.4489,0.6511,Jamppi,Team Vitality,kayo,True,100,50,1,1,1,7,True,vandal,rifle,,0.4422,0.7533,Sayonara,Team Vitality,sova,True,100,50,0,2,1,7,True,vandal,rifle,,0.1800,0.6644,PROFEK,Team Vitality,astra,True,100,50,2,2,0,0,False,phantom,rifle,,0.3933,0.7922
1070.686,1994,ACTIVE_ROUND,6,3,4,68.000,,,s0pp,FUT Esports,chamber,True,100,50,0,5,1,0,False,operator,sniper,,,,xeus,FUT Esports,jett,True,100,50,2,1,1,2,False,vandal,rifle,,0.9722,0.5144,sociablEE,FUT Esports,fade,True,100,25,2,1,1,1,False,classic,sidearm,,0.7167,0.5378,yetujey,FUT Esports,astra,True,100,50,1,1,0,2,False,bucky,shotgun,,0.5089,0.5233,KROSTALY,FUT Esports,kayo,True,100,4,1,2,0,2,False,bandit,sidearm,,0.8989,0.5144,Chronicle,Team Vitality,chamber,True,100,50,0,8,1,0,False,phantom,rifle,,0.7456,0.6711,Derke,Team Vitality,neon,True,100,50,1,0,1,3,False,phantom,rifle,,0.4533,0.6400,Jamppi,Team Vitality,kayo,True,100,50,1,1,1,7,True,vandal,rifle,,0.4422,0.7533,Sayonara,Team Vitality,sova,True,100,50,0,2,1,7,True,vandal,rifle,,0.1800,0.6644,PROFEK,Team Vitality,astra,True,100,50,2,2,0,0,False,phantom,rifle,,0.3933,0.7922
1071.170,1995,ACTIVE_ROUND,6,3,4,67.000,,,s0pp,FUT Esports,chamber,True,100,50,0,5,1,0,False,operator,sniper,,,,xeus,FUT Esports,jett,True,100,50,2,1,1,2,False,vandal,rifle,,0.9722,0.5144,sociablEE,FUT Esports,fade,True,100,25,2,1,1,1,False,classic,sidearm,,0.7167,0.5378,yetujey,FUT Esports,astra,True,100,50,1,1,0,2,False,bucky,shotgun,,0.5089,0.5256,KROSTALY,FUT Esports,kayo,True,100,4,1,2,0,2,False,bandit,sidearm,,0.8967,0.5189,Chronicle,Team Vitality,chamber,True,100,50,0,8,1,0,False,phantom,rifle,,0.6233,0.1489,Derke,Team Vitality,neon,True,100,50,1,0,1,3,False,phantom,rifle,,0.4533,0.6400,Jamppi,Team Vitality,kayo,True,100,50,1,1,1,7,True,vandal,rifle,,0.4422,0.7533,Sayonara,Team Vitality,sova,True,100,50,0,2,1,7,True,vandal,rifle,,0.1800,0.6644,PROFEK,Team Vitality,astra,True,100,50,2,2,0,0,False,phantom,rifle,,0.3933,0.7922
1071.654,1996,ACTIVE_ROUND,6,3,4,67.000,,,s0pp,FUT Esports,chamber,True,100,50,0,5,1,0,False,operator,sniper,,,,xeus,FUT Esports,jett,True,100,50,2,1,1,2,False,vandal,rifle,,0.9722,0.5144,sociablEE,FUT Esports,fade,True,100,25,2,1,1,1,False,guardian,rifle,,0.7167,0.5378,yetujey,FUT Esports,astra,True,100,50,1,0,0,2,False,bucky,shotgun,,0.5089,0.5256,KROSTALY,FUT Esports,kayo,True,100,4,1,2,0,2,False,bandit,sidearm,,0.8989,0.5189,Chronicle,Team Vitality,chamber,True,100,50,0,8,1,0,False,phantom,rifle,,0.4522,0.8822,Derke,Team Vitality,neon,True,100,50,1,0,1,3,False,phantom,rifle,,0.4533,0.6400,Jamppi,Team Vitality,kayo,True,100,50,1,1,1,7,True,vandal,rifle,,0.4422,0.7533,Sayonara,Team Vitality,sova,True,100,50,0,2,1,7,True,vandal,rifle,,0.1800,0.6644,PROFEK,Team Vitality,astra,True,100,50,2,2,0,0,False,phantom,rifle,,0.3933,0.7922
1072.138,1997,ACTIVE_ROUND,6,3,4,67.000,,,s0pp,FUT Esports,chamber,True,100,50,0,5,1,0,False,operator,sniper,,,,xeus,FUT Esports,jett,True,100,50,2,1,1,2,False,vandal,rifle,,0.9722,0.5144,sociablEE,FUT Esports,fade,True,100,25,2,1,1,1,False,guardian,rifle,,0.7167,0.5378,yetujey,FUT Esports,astra,True,100,50,1,0,0,2,False,bucky,shotgun,,0.5089,0.5256,KROSTALY,FUT Esports,kayo,True,100,4,1,2,0,2,False,bandit,sidearm,,0.8989,0.5189,Chronicle,Team Vitality,chamber,True,100,50,0,8,1,0,False,phantom,rifle,,0.6633,0.5511,Derke,Team Vitality,neon,True,100,50,1,0,1,3,False,phantom,rifle,,0.4533,0.6400,Jamppi,Team Vitality,kayo,True,100,50,1,1,1,7,True,vandal,rifle,,0.4422,0.7533,Sayonara,Team Vitality,sova,True,100,50,0,2,1,7,True,vandal,rifle,,0.1800,0.6644,PROFEK,Team Vitality,astra,True,100,50,2,2,0,0,False,phantom,rifle,,0.3933,0.7922
1072.622,1998,ACTIVE_ROUND,6,3,4,66.000,,,s0pp,FUT Esports,chamber,True,100,50,0,5,1,0,False,operator,sniper,,,,xeus,FUT Esports,jett,True,100,50,2,1,1,2,False,vandal,rifle,,0.9722,0.5144,sociablEE,FUT Esports,fade,True,100,25,2,1,1,1,False,guardian,rifle,,0.7167,0.5378,yetujey,FUT Esports,astra,True,100,50,1,0,0,2,False,bucky,shotgun,,0.5089,0.5256,KROSTALY,FUT Esports,kayo,True,100,4,1,2,0,2,False,bandit,sidearm,,0.8944,0.5189,Chronicle,Team Vitality,chamber,True,100,50,0,8,1,0,False,phantom,rifle,,0.7167,0.2222,Derke,Team Vitality,neon,True,100,50,1,0,1,3,False,phantom,rifle,,0.4533,0.6400,Jamppi,Team Vitality,kayo,True,100,50,1,1,1,7,True,vandal,rifle,,0.4422,0.7533,Sayonara,Team Vitality,sova,True,100,50,0,2,1,7,True,vandal,rifle,,0.1800,0.6644,PROFEK,Team Vitality,astra,True,100,50,2,2,0,0,False,phantom,rifle,,0.3933,0.7922
1073.105,1999,ACTIVE_ROUND,6,3,4,66.000,,,s0pp,FUT Esports,chamber,True,100,50,0,5,1,0,False,operator,sniper,,,,xeus,FUT Esports,jett,True,100,50,2,1,1,2,False,vandal,rifle,,0.9722,0.5144,sociablEE,FUT Esports,fade,True,100,25,2,1,1,1,False,guardian,rifle,,0.7167,0.5378,yetujey,FUT Esports,astra,True,100,50,1,0,0,2,False,bucky,shotgun,,0.5089,0.5256,KROSTALY,FUT Esports,kayo,True,100,4,1,2,0,2,False,bandit,sidearm,,0.8944,0.5189,Chronicle,Team Vitality,chamber,True,100,50,0,8,1,0,False,phantom,rifle,,0.6633,0.5511,Derke,Team Vitality,neon,True,100,50,1,0,1,3,False,phantom,rifle,,0.4533,0.6400,Jamppi,Team Vitality,kayo,True,100,50,1,1,1,7,True,vandal,rifle,,0.5133,0.6178,Sayonara,Team Vitality,sova,True,100,50,0,2,1,7,True,vandal,rifle,,0.1800,0.6644,PROFEK,Team Vitality,astra,True,100,50,2,2,0,0,False,phantom,rifle,,0.3933,0.7922
1073.589,2000,ACTIVE_ROUND,6,3,4,65.000,,,s0pp,FUT Esports,chamber,True,100,50,0,5,1,0,False,operator,sniper,,,,xeus,FUT Esports,jett,True,100,50,2,1,1,2,False,vandal,rifle,,0.9722,0.5144,sociablEE,FUT Esports,fade,True,100,25,2,1,1,1,False,guardian,rifle,,0.7167,0.5378,yetujey,FUT Esports,astra,True,100,50,1,2,0,2,False,bucky,shotgun,,0.5089,0.5256,KROSTALY,FUT Esports,kayo,True,100,4,1,2,0,2,False,classic,sidearm,,0.8967,0.5189,Chronicle,Team Vitality,chamber,True,100,50,0,8,1,0,False,phantom,rifle,,0.5211,0.5756,Derke,Team Vitality,neon,True,100,50,1,0,1,3,False,phantom,rifle,,0.4956,0.6244,Jamppi,Team Vitality,kayo,True,100,50,1,1,1,7,True,vandal,rifle,,0.5133,0.6178,Sayonara,Team Vitality,sova,True,100,50,0,2,1,7,True,vandal,rifle,,0.1800,0.6644,PROFEK,Team Vitality,astra,True,100,50,1,2,0,0,False,phantom,rifle,,0.5711,0.5522
1074.073,2001,ACTIVE_ROUND,6,3,4,65.000,,,s0pp,FUT Esports,chamber,True,100,50,0,5,1,0,False,operator,sniper,,,,xeus,FUT Esports,jett,True,100,50,2,1,1,2,False,vandal,rifle,,0.9722,0.5144,sociablEE,FUT Esports,fade,True,100,25,2,1,1,1,False,guardian,rifle,,0.7167,0.5378,yetujey,FUT Esports,astra,True,100,50,1,2,0,2,False,bucky,shotgun,,0.5089,0.5256,KROSTALY,FUT Esports,kayo,True,100,4,1,2,0,2,False,classic,sidearm,,0.8989,0.5189,Chronicle,Team Vitality,chamber,True,100,50,0,8,1,0,False,phantom,rifle,,0.4656,0.5889,Derke,Team Vitality,neon,True,100,50,1,0,1,3,False,phantom,rifle,,0.4956,0.6244,Jamppi,Team Vitality,kayo,True,100,50,1,1,1,7,True,vandal,rifle,,0.7178,0.7289,Sayonara,Team Vitality,sova,True,100,50,0,2,1,7,True,vandal,rifle,,0.1800,0.6644,PROFEK,Team Vitality,astra,True,100,50,1,2,0,0,False,phantom,rifle,,0.5711,0.5522
1074.557,2002,ACTIVE_ROUND,6,3,4,64.000,,,s0pp,FUT Esports,chamber,True,100,50,0,5,1,0,False,operator,sniper,,,,xeus,FUT Esports,jett,True,100,50,2,1,1,2,False,vandal,rifle,,0.9722,0.5144,sociablEE,FUT Esports,fade,True,100,25,2,1,1,1,False,guardian,rifle,,0.7167,0.5378,yetujey,FUT Esports,astra,True,100,50,1,2,0,2,False,bucky,shotgun,,0.5089,0.5256,KROSTALY,FUT Esports,kayo,True,100,4,1,2,0,2,False,classic,sidearm,,0.8989,0.5189,Chronicle,Team Vitality,chamber,True,100,50,0,8,1,0,False,phantom,rifle,,0.5367,0.5800,Derke,Team Vitality,neon,True,100,50,1,0,1,3,False,phantom,rifle,,0.5111,0.6200,Jamppi,Team Vitality,kayo,True,100,50,1,1,1,7,True,vandal,rifle,,0.7178,0.7289,Sayonara,Team Vitality,sova,True,100,50,0,2,1,7,True,vandal,rifle,,0.1800,0.6644,PROFEK,Team Vitality,astra,True,100,50,1,2,0,0,False,phantom,rifle,,0.3933,0.7922
1075.041,2003,ACTIVE_ROUND,6,3,4,64.000,,,s0pp,FUT Esports,chamber,True,100,50,0,5,1,0,False,operator,sniper,,,,xeus,FUT Esports,jett,True,100,50,2,1,1,2,False,vandal,rifle,,0.9722,0.5144,sociablEE,FUT Esports,fade,True,100,25,2,1,1,1,False,guardian,rifle,,0.7167,0.5378,yetujey,FUT Esports,astra,True,100,50,1,2,0,2,False,bucky,shotgun,,0.5089,0.5256,KROSTALY,FUT Esports,kayo,True,100,4,1,2,0,2,False,classic,sidearm,,0.9011,0.5211,Chronicle,Team Vitality,chamber,True,100,50,0,8,1,0,False,phantom,rifle,,0.5433,0.5800,Derke,Team Vitality,neon,True,100,50,1,0,1,3,False,phantom,rifle,,0.5200,0.6200,Jamppi,Team Vitality,kayo,True,100,50,1,1,1,7,True,vandal,rifle,,0.7178,0.7289,Sayonara,Team Vitality,sova,True,100,50,0,2,1,7,True,vandal,rifle,,0.1800,0.6644,PROFEK,Team Vitality,astra,True,100,50,1,2,0,0,False,phantom,rifle,,0.3933,0.7922
1075.524,2004,ACTIVE_ROUND,6,3,4,63.000,,,s0pp,FUT Esports,chamber,True,100,50,0,5,1,0,False,operator,sniper,,,,xeus,FUT Esports,jett,True,100,50,2,1,1,2,False,vandal,rifle,,0.9722,0.5144,sociablEE,FUT Esports,fade,True,100,25,2,1,1,1,False,guardian,rifle,,0.7167,0.5378,yetujey,FUT Esports,astra,True,100,50,1,2,0,2,False,bucky,shotgun,,0.5089,0.5256,KROSTALY,FUT Esports,kayo,True,100,4,1,2,0,2,False,classic,sidearm,,0.8989,0.5189,Chronicle,Team Vitality,chamber,True,100,50,0,8,1,0,False,phantom,rifle,,0.5433,0.5800,Derke,Team Vitality,neon,True,100,50,1,0,1,3,False,phantom,rifle,,0.5267,0.6200,Jamppi,Team Vitality,kayo,True,100,50,1,1,1,7,True,vandal,rifle,,0.7178,0.7289,Sayonara,Team Vitality,sova,True,100,50,0,2,1,7,True,vandal,rifle,,0.1800,0.6644,PROFEK,Team Vitality,astra,True,100,50,1,3,0,0,False,phantom,rifle,,0.3933,0.7922
1076.008,2005,ACTIVE_ROUND,6,3,4,63.000,,,s0pp,FUT Esports,chamber,True,100,50,0,5,1,0,False,operator,sniper,,,,xeus,FUT Esports,jett,True,100,50,2,1,1,2,False,vandal,rifle,,0.9722,0.5144,sociablEE,FUT Esports,fade,True,100,25,2,1,1,1,False,guardian,rifle,,0.7167,0.5378,yetujey,FUT Esports,astra,True,100,50,1,2,0,2,False,bucky,shotgun,,0.5089,0.5256,KROSTALY,FUT Esports,kayo,True,100,4,1,2,0,2,False,classic,sidearm,,0.8989,0.5189,Chronicle,Team Vitality,chamber,True,100,50,0,8,1,0,False,phantom,rifle,,0.5456,0.5756,Derke,Team Vitality,neon,True,100,50,1,0,1,3,False,phantom,rifle,,0.5333,0.6200,Jamppi,Team Vitality,kayo,True,100,50,1,1,1,7,True,vandal,rifle,,0.7178,0.7289,Sayonara,Team Vitality,sova,True,100,50,0,2,1,7,True,vandal,rifle,,0.1800,0.6644,PROFEK,Team Vitality,astra,True,100,50,1,3,0,0,False,phantom,rifle,,0.3933,0.7922
1076.492,2006,ACTIVE_ROUND,6,3,4,62.000,,,s0pp,FUT Esports,chamber,True,100,50,0,5,1,0,False,operator,sniper,,,,xeus,FUT Esports,jett,True,100,50,2,1,1,2,False,vandal,rifle,,0.9722,0.5144,sociablEE,FUT Esports,fade,True,100,25,2,1,1,1,False,guardian,rifle,,0.7167,0.5378,yetujey,FUT Esports,astra,True,100,50,1,2,0,2,False,bucky,shotgun,,0.5089,0.5256,KROSTALY,FUT Esports,kayo,True,100,4,1,2,0,2,False,classic,sidearm,,0.9011,0.5189,Chronicle,Team Vitality,chamber,True,100,50,0,8,1,0,False,phantom,rifle,,0.5411,0.5667,Derke,Team Vitality,neon,True,100,50,1,0,1,3,False,phantom,rifle,,0.5400,0.6156,Jamppi,Team Vitality,kayo,True,100,50,1,1,1,7,True,vandal,rifle,,0.5644,0.6067,Sayonara,Team Vitality,sova,True,100,50,0,2,1,7,True,vandal,rifle,,0.1800,0.6644,PROFEK,Team Vitality,astra,True,100,50,1,3,0,0,False,phantom,rifle,,0.3933,0.7922
1076.976,2007,ACTIVE_ROUND,6,3,4,62.000,,,s0pp,FUT Esports,chamber,True,100,50,0,5,1,0,False,operator,sniper,,,,xeus,FUT Esports,jett,True,100,50,2,1,1,2,False,vandal,rifle,,0.9722,0.5144,sociablEE,FUT Esports,fade,True,100,25,2,1,1,1,False,guardian,rifle,,0.7167,0.5378,yetujey,FUT Esports,astra,True,100,50,1,2,0,2,False,bucky,shotgun,,0.5089,0.5256,KROSTALY,FUT Esports,kayo,True,100,4,1,2,0,2,False,classic,sidearm,,0.9011,0.5233,Chronicle,Team Vitality,chamber,True,100,50,0,8,1,0,False,phantom,rifle,,0.3656,0.5289,Derke,Team Vitality,neon,True,100,50,1,0,1,3,False,phantom,rifle,,0.5467,0.6156,Jamppi,Team Vitality,kayo,True,100,50,1,1,1,7,True,vandal,rifle,,0.5644,0.6067,Sayonara,Team Vitality,sova,True,100,50,0,2,1,7,True,vandal,rifle,,0.1800,0.6644,PROFEK,Team Vitality,astra,True,100,50,1,3,0,0,False,phantom,rifle,,0.3933,0.7922
1077.460,2008,ACTIVE_ROUND,6,3,4,61.000,,,s0pp,FUT Esports,chamber,True,100,50,0,5,1,0,False,operator,sniper,,,,xeus,FUT Esports,jett,True,100,50,2,1,1,2,False,vandal,rifle,,0.9722,0.5144,sociablEE,FUT Esports,fade,True,100,25,2,1,1,1,False,guardian,rifle,,0.7167,0.5378,yetujey,FUT Esports,astra,True,100,50,1,2,0,2,False,bucky,shotgun,,0.5111,0.5256,KROSTALY,FUT Esports,kayo,True,100,4,1,2,0,2,False,bandit,sidearm,,0.9011,0.5256,Chronicle,Team Vitality,chamber,True,100,50,0,8,1,0,False,phantom,rifle,,0.6633,0.5422,Derke,Team Vitality,neon,True,100,50,1,0,1,3,False,phantom,rifle,,0.5467,0.6156,Jamppi,Team Vitality,kayo,True,100,50,1,1,1,7,True,vandal,rifle,,0.5644,0.6067,Sayonara,Team Vitality,sova,True,100,50,0,2,1,7,True,vandal,rifle,,0.1800,0.6644,PROFEK,Team Vitality,astra,True,100,50,1,2,0,0,False,phantom,rifle,,0.3933,0.7922
1077.944,2009,ACTIVE_ROUND,6,3,4,61.000,,,s0pp,FUT Esports,chamber,True,100,50,0,5,1,0,False,operator,sniper,,,,xeus,FUT Esports,jett,True,100,50,2,1,1,2,False,vandal,rifle,,0.9722,0.5144,sociablEE,FUT Esports,fade,True,100,25,2,1,1,1,False,guardian,rifle,,0.7167,0.5378,yetujey,FUT Esports,astra,True,100,50,1,2,0,2,False,bucky,shotgun,,0.5111,0.5256,KROSTALY,FUT Esports,kayo,True,100,4,1,2,0,2,False,bandit,sidearm,,0.8989,0.5278,Chronicle,Team Vitality,chamber,True,100,50,0,8,1,0,False,phantom,rifle,,0.3922,0.5089,Derke,Team Vitality,neon,True,100,50,1,0,1,3,False,phantom,rifle,,0.5467,0.6156,Jamppi,Team Vitality,kayo,True,100,50,1,1,1,7,True,vandal,rifle,,0.5644,0.6067,Sayonara,Team Vitality,sova,True,100,50,0,2,1,7,True,vandal,rifle,,0.1800,0.6644,PROFEK,Team Vitality,astra,True,100,50,1,2,0,0,False,phantom,rifle,,0.3933,0.7922
1078.427,2010,ACTIVE_ROUND,6,3,4,60.000,,,s0pp,FUT Esports,chamber,True,100,50,0,5,1,0,False,operator,sniper,,,,xeus,FUT Esports,jett,True,100,50,2,1,1,2,False,vandal,rifle,,0.9722,0.5144,sociablEE,FUT Esports,fade,True,100,25,2,1,1,1,False,guardian,rifle,,0.7167,0.5378,yetujey,FUT Esports,astra,True,100,50,1,2,0,2,False,bucky,shotgun,,0.5111,0.5256,KROSTALY,FUT Esports,kayo,True,100,4,1,2,0,2,False,bandit,sidearm,,0.9033,0.5278,Chronicle,Team Vitality,chamber,True,100,50,0,8,1,0,False,phantom,rifle,,0.3922,0.5089,Derke,Team Vitality,neon,True,100,50,1,0,1,3,False,phantom,rifle,,0.5467,0.6156,Jamppi,Team Vitality,kayo,True,100,50,1,1,1,7,True,vandal,rifle,,0.5644,0.6067,Sayonara,Team Vitality,sova,True,100,50,0,2,1,7,True,vandal,rifle,,0.5756,0.6444,PROFEK,Team Vitality,astra,True,100,50,1,2,0,0,False,phantom,rifle,,0.3889,0.7900
1078.911,2011,ACTIVE_ROUND,6,3,4,60.000,,,s0pp,FUT Esports,chamber,True,100,50,0,5,1,0,False,operator,sniper,,,,xeus,FUT Esports,jett,True,100,50,2,1,1,2,False,vandal,rifle,,0.9722,0.5144,sociablEE,FUT Esports,fade,True,100,25,2,1,1,1,False,guardian,rifle,,0.7167,0.5378,yetujey,FUT Esports,astra,True,100,50,1,2,0,2,False,bucky,shotgun,,0.5111,0.5256,KROSTALY,FUT Esports,kayo,True,100,4,1,2,0,2,False,bandit,sidearm,,0.8989,0.5256,Chronicle,Team Vitality,chamber,True,100,50,0,8,1,0,False,phantom,rifle,,0.3922,0.5089,Derke,Team Vitality,neon,True,100,50,1,0,1,3,False,phantom,rifle,,0.5556,0.6156,Jamppi,Team Vitality,kayo,True,100,50,1,1,1,7,True,vandal,rifle,,0.5644,0.6067,Sayonara,Team Vitality,sova,True,100,50,0,2,1,7,True,vandal,rifle,,0.5822,0.6467,PROFEK,Team Vitality,astra,True,100,50,1,2,0,0,False,phantom,rifle,,0.3889,0.7900
1079.395,2012,ACTIVE_ROUND,6,3,4,59.000,,,s0pp,FUT Esports,chamber,True,100,50,0,5,1,0,False,operator,sniper,,,,xeus,FUT Esports,jett,True,100,50,2,1,1,2,False,vandal,rifle,,0.9722,0.5144,sociablEE,FUT Esports,fade,True,100,25,2,1,1,1,False,guardian,rifle,,0.7167,0.5378,yetujey,FUT Esports,astra,True,100,50,1,1,0,3,False,bucky,shotgun,,0.5111,0.5256,KROSTALY,FUT Esports,kayo,True,100,4,1,2,0,2,False,bandit,sidearm,,0.9033,0.5278,Chronicle,Team Vitality,chamber,False,,50,0,0,0,1,False,unknown,unknown,,0.5344,0.5356,Derke,Team Vitality,neon,True,100,50,1,0,1,3,False,phantom,rifle,,0.5578,0.6222,Jamppi,Team Vitality,kayo,True,100,50,1,1,1,7,True,vandal,rifle,,0.5644,0.6067,Sayonara,Team Vitality,sova,True,100,50,0,2,1,7,True,vandal,rifle,,0.5889,0.6467,PROFEK,Team Vitality,astra,True,100,50,2,1,0,0,False,phantom,rifle,,0.5711,0.5567
1079.879,2013,ACTIVE_ROUND,6,3,4,59.000,,,s0pp,FUT Esports,chamber,True,100,50,0,5,1,0,False,operator,sniper,,,,xeus,FUT Esports,jett,True,100,50,2,1,1,2,False,vandal,rifle,,0.9722,0.5144,sociablEE,FUT Esports,fade,True,100,25,2,1,1,1,False,guardian,rifle,,0.7167,0.5378,yetujey,FUT Esports,astra,True,100,50,1,1,0,3,False,bucky,shotgun,,0.5111,0.5256,KROSTALY,FUT Esports,kayo,True,100,4,1,2,0,2,False,bandit,sidearm,,0.9011,0.5278,Chronicle,Team Vitality,chamber,False,,50,0,0,0,1,False,unknown,unknown,,,,Derke,Team Vitality,neon,True,100,50,1,0,1,3,False,phantom,rifle,,0.5689,0.6244,Jamppi,Team Vitality,kayo,True,100,50,1,1,1,7,True,vandal,rifle,,0.5644,0.6067,Sayonara,Team Vitality,sova,True,100,50,0,2,1,7,True,vandal,rifle,,0.5978,0.6467,PROFEK,Team Vitality,astra,True,100,50,2,1,0,0,False,phantom,rifle,,0.5689,0.5567
1080.363,2014,ACTIVE_ROUND,6,3,4,58.000,,,s0pp,FUT Esports,chamber,True,100,50,0,5,1,0,False,operator,sniper,,,,xeus,FUT Esports,jett,True,100,50,2,1,1,2,False,vandal,rifle,,0.9722,0.5144,sociablEE,FUT Esports,fade,True,100,25,2,1,1,1,False,guardian,rifle,,0.7167,0.5378,yetujey,FUT Esports,astra,True,100,50,1,1,0,3,False,bucky,shotgun,,0.5111,0.5256,KROSTALY,FUT Esports,kayo,True,100,4,1,2,0,2,False,bandit,sidearm,,0.9056,0.5278,Chronicle,Team Vitality,chamber,False,,50,0,0,0,1,False,unknown,unknown,,,,Derke,Team Vitality,neon,True,100,50,1,0,1,3,False,phantom,rifle,,0.5733,0.6222,Jamppi,Team Vitality,kayo,True,100,50,1,1,1,7,True,vandal,rifle,,0.5644,0.6067,Sayonara,Team Vitality,sova,True,100,50,0,2,1,7,True,vandal,rifle,,0.6022,0.6422,PROFEK,Team Vitality,astra,True,100,50,2,1,0,0,False,phantom,rifle,,0.5711,0.5278
1080.846,2015,ACTIVE_ROUND,6,3,4,58.000,,,s0pp,FUT Esports,chamber,True,100,50,0,5,1,0,False,operator,sniper,,,,xeus,FUT Esports,jett,True,100,50,2,1,1,2,False,vandal,rifle,,0.9722,0.5144,sociablEE,FUT Esports,fade,True,100,25,2,1,1,1,False,guardian,rifle,,0.7167,0.5378,yetujey,FUT Esports,astra,True,100,50,1,1,0,3,False,bucky,shotgun,,0.5111,0.5256,KROSTALY,FUT Esports,kayo,True,100,4,1,2,0,2,False,bandit,sidearm,,0.9033,0.5256,Chronicle,Team Vitality,chamber,False,,50,0,0,0,1,False,unknown,unknown,,,,Derke,Team Vitality,neon,True,100,50,1,0,1,3,False,phantom,rifle,,0.5400,0.5400,Jamppi,Team Vitality,kayo,True,100,50,1,1,1,7,True,vandal,rifle,,0.5822,0.6111,Sayonara,Team Vitality,sova,True,100,50,0,2,1,7,True,vandal,rifle,,0.6022,0.6444,PROFEK,Team Vitality,astra,True,100,50,2,1,0,0,False,phantom,rifle,,0.5689,0.5567
1081.330,2016,ACTIVE_ROUND,6,3,4,57.000,,,s0pp,FUT Esports,chamber,True,100,50,0,5,1,0,False,operator,sniper,,,,xeus,FUT Esports,jett,True,100,50,2,1,1,2,False,vandal,rifle,,0.9722,0.5144,sociablEE,FUT Esports,fade,True,100,25,2,1,1,1,False,guardian,rifle,,0.7167,0.5378,yetujey,FUT Esports,astra,True,100,50,1,1,0,3,False,phantom,rifle,,0.5111,0.5256,KROSTALY,FUT Esports,kayo,True,100,4,1,2,0,2,False,classic,sidearm,,0.9033,0.5278,Chronicle,Team Vitality,chamber,False,,50,0,0,0,1,False,unknown,unknown,,,,Derke,Team Vitality,neon,True,100,50,1,0,1,3,False,phantom,rifle,,0.5733,0.6222,Jamppi,Team Vitality,kayo,True,100,50,1,1,1,7,True,vandal,rifle,,0.5889,0.5978,Sayonara,Team Vitality,sova,True,100,50,0,2,1,7,True,vandal,rifle,,0.6022,0.6467,PROFEK,Team Vitality,astra,True,100,50,2,2,0,0,False,phantom,rifle,,0.5689,0.5567
1081.814,2017,ACTIVE_ROUND,6,3,4,57.000,,,s0pp,FUT Esports,chamber,True,100,50,0,5,1,0,False,operator,sniper,,,,xeus,FUT Esports,jett,True,100,50,2,1,1,2,False,vandal,rifle,,0.9722,0.5144,sociablEE,FUT Esports,fade,True,100,25,2,1,1,1,False,guardian,rifle,,0.7167,0.5378,yetujey,FUT Esports,astra,True,100,50,1,1,0,3,False,phantom,rifle,,0.5111,0.5256,KROSTALY,FUT Esports,kayo,True,100,4,1,2,0,2,False,classic,sidearm,,0.9011,0.5278,Chronicle,Team Vitality,chamber,False,,50,0,0,0,1,False,unknown,unknown,,,,Derke,Team Vitality,neon,True,100,50,1,0,1,3,False,phantom,rifle,,0.5778,0.6222,Jamppi,Team Vitality,kayo,True,100,50,1,1,1,7,True,vandal,rifle,,0.5933,0.5889,Sayonara,Team Vitality,sova,True,100,50,0,2,1,7,True,vandal,rifle,,0.6044,0.6356,PROFEK,Team Vitality,astra,True,100,50,2,2,0,0,False,phantom,rifle,,0.5689,0.5544
1082.298,2018,ACTIVE_ROUND,6,3,4,56.000,,,s0pp,FUT Esports,chamber,True,100,50,0,5,1,0,False,operator,sniper,,,,xeus,FUT Esports,jett,True,100,50,2,1,1,2,False,vandal,rifle,,0.9722,0.5144,sociablEE,FUT Esports,fade,True,100,25,2,1,1,1,False,guardian,rifle,,0.7167,0.5378,yetujey,FUT Esports,astra,True,95,40,1,1,0,3,False,phantom,rifle,,0.5022,0.5078,KROSTALY,FUT Esports,kayo,True,100,4,1,2,0,2,False,classic,sidearm,,0.8989,0.5256,Chronicle,Team Vitality,chamber,False,,50,0,0,0,1,False,unknown,unknown,,,,Derke,Team Vitality,neon,True,100,50,1,0,1,3,False,phantom,rifle,,0.5889,0.6133,Jamppi,Team Vitality,kayo,True,100,50,1,1,1,7,True,vandal,rifle,,0.5978,0.5822,Sayonara,Team Vitality,sova,True,100,50,0,2,1,7,True,vandal,rifle,,0.6044,0.6356,PROFEK,Team Vitality,astra,True,100,50,2,2,0,0,False,phantom,rifle,,0.5689,0.5544
1082.782,2019,ACTIVE_ROUND,6,3,4,56.000,,,s0pp,FUT Esports,chamber,True,100,50,0,5,1,0,False,operator,sniper,,,,xeus,FUT Esports,jett,True,100,50,2,1,1,2,False,vandal,rifle,,0.9722,0.5144,sociablEE,FUT Esports,fade,True,100,25,2,1,1,1,False,guardian,rifle,,0.7167,0.5378,yetujey,FUT Esports,astra,True,95,40,1,1,0,3,False,phantom,rifle,,0.5022,0.5078,KROSTALY,FUT Esports,kayo,True,100,4,1,2,0,2,False,classic,sidearm,,0.8967,0.5256,Chronicle,Team Vitality,chamber,False,,50,0,0,0,1,False,unknown,unknown,,,,Derke,Team Vitality,neon,True,100,50,1,0,1,3,False,phantom,rifle,,0.5889,0.6133,Jamppi,Team Vitality,kayo,True,100,50,1,1,1,7,True,vandal,rifle,,0.6044,0.5822,Sayonara,Team Vitality,sova,True,100,50,0,2,1,7,True,vandal,rifle,,0.7844,0.6956,PROFEK,Team Vitality,astra,True,100,50,2,2,0,0,False,phantom,rifle,,0.5689,0.5544
1083.266,2020,ACTIVE_ROUND,6,3,4,55.000,,,s0pp,FUT Esports,chamber,True,100,50,0,5,1,0,False,operator,sniper,,0.4822,0.5089,xeus,FUT Esports,jett,True,100,50,2,1,1,2,False,vandal,rifle,,0.9722,0.5144,sociablEE,FUT Esports,fade,True,100,25,2,1,1,1,False,guardian,rifle,,0.7167,0.5378,yetujey,FUT Esports,astra,True,95,40,1,0,0,3,False,phantom,rifle,,0.5022,0.5078,KROSTALY,FUT Esports,kayo,True,100,4,1,2,0,2,False,classic,sidearm,,0.9033,0.5278,Chronicle,Team Vitality,chamber,False,,50,0,0,0,1,False,unknown,unknown,,,,Derke,Team Vitality,neon,True,100,50,1,0,1,3,False,phantom,rifle,,0.6000,0.5933,Jamppi,Team Vitality,kayo,True,100,50,1,1,1,7,True,vandal,rifle,,0.6044,0.5822,Sayonara,Team Vitality,sova,True,100,50,0,2,1,7,True,vandal,rifle,,0.1222,0.3622,PROFEK,Team Vitality,astra,True,100,50,0,1,0,0,False,phantom,rifle,,0.7044,0.7167
1083.749,2021,ACTIVE_ROUND,6,3,4,55.000,,,s0pp,FUT Esports,chamber,True,100,50,0,5,1,0,False,operator,sniper,,0.4822,0.5089,xeus,FUT Esports,jett,True,100,50,2,1,1,2,False,vandal,rifle,,0.9722,0.5144,sociablEE,FUT Esports,fade,True,100,25,2,1,1,1,False,guardian,rifle,,0.7167,0.5378,yetujey,FUT Esports,astra,True,95,40,1,0,0,3,False,phantom,rifle,,0.5022,0.5078,KROSTALY,FUT Esports,kayo,True,100,4,1,2,0,2,False,classic,sidearm,,0.9011,0.5256,Chronicle,Team Vitality,chamber,False,,50,0,0,0,1,False,unknown,unknown,,,,Derke,Team Vitality,neon,True,100,50,1,0,1,3,False,phantom,rifle,,0.6067,0.5822,Jamppi,Team Vitality,kayo,True,100,50,1,1,1,7,True,vandal,rifle,,0.6044,0.5822,Sayonara,Team Vitality,sova,True,100,50,0,2,1,7,True,vandal,rifle,,0.1222,0.3622,PROFEK,Team Vitality,astra,True,100,50,0,1,0,0,False,phantom,rifle,,0.7044,0.7167
1084.233,2022,ACTIVE_ROUND,6,3,4,54.000,,,s0pp,FUT Esports,chamber,True,100,50,0,5,1,0,False,operator,sniper,,0.4822,0.5089,xeus,FUT Esports,jett,True,100,50,2,1,1,2,False,vandal,rifle,,0.2122,0.4589,sociablEE,FUT Esports,fade,True,100,25,2,1,1,1,False,guardian,rifle,,0.7167,0.5378,yetujey,FUT Esports,astra,True,95,40,1,0,0,3,False,phantom,rifle,,0.4578,0.5189,KROSTALY,FUT Esports,kayo,True,100,4,1,2,0,2,False,classic,sidearm,,0.9011,0.5256,Chronicle,Team Vitality,chamber,False,,50,0,0,0,1,False,unknown,unknown,,,,Derke,Team Vitality,neon,True,100,50,1,0,1,3,False,phantom,rifle,,0.6111,0.5733,Jamppi,Team Vitality,kayo,True,100,50,1,1,1,7,True,vandal,rifle,,0.6044,0.5822,Sayonara,Team Vitality,sova,True,100,50,0,2,1,7,True,vandal,rifle,,0.1222,0.3622,PROFEK,Team Vitality,astra,True,100,50,0,1,0,0,False,phantom,rifle,,0.5689,0.5544
1084.717,2023,ACTIVE_ROUND,6,3,4,54.000,,,s0pp,FUT Esports,chamber,True,100,50,0,5,1,0,False,operator,sniper,,0.4822,0.5089,xeus,FUT Esports,jett,True,100,50,2,1,1,2,False,vandal,rifle,,0.2122,0.4589,sociablEE,FUT Esports,fade,True,100,25,2,1,1,1,False,guardian,rifle,,0.7167,0.5378,yetujey,FUT Esports,astra,True,95,40,1,0,0,3,False,phantom,rifle,,0.4489,0.5233,KROSTALY,FUT Esports,kayo,True,100,4,1,2,0,2,False,classic,sidearm,,0.9011,0.5256,Chronicle,Team Vitality,chamber,False,,50,0,0,0,1,False,unknown,unknown,,,,Derke,Team Vitality,neon,True,100,50,1,0,1,3,False,phantom,rifle,,0.6111,0.5733,Jamppi,Team Vitality,kayo,True,100,50,1,1,1,7,True,vandal,rifle,,0.1511,0.3378,Sayonara,Team Vitality,sova,True,100,50,0,2,1,7,True,vandal,rifle,,0.9756,0.5111,PROFEK,Team Vitality,astra,True,100,50,0,1,0,0,False,phantom,rifle,,0.5689,0.5544
1085.201,2024,ACTIVE_ROUND,6,3,4,53.000,,,s0pp,FUT Esports,chamber,True,100,50,0,5,1,0,False,operator,sniper,,0.4822,0.5089,xeus,FUT Esports,jett,True,100,50,2,1,1,2,False,vandal,rifle,,0.2122,0.4589,sociablEE,FUT Esports,fade,True,100,25,2,1,1,1,False,guardian,rifle,,0.7167,0.5378,yetujey,FUT Esports,astra,True,95,40,1,0,0,3,False,phantom,rifle,,0.4489,0.5233,KROSTALY,FUT Esports,kayo,True,100,4,1,2,0,2,False,classic,sidearm,,0.8989,0.5256,Chronicle,Team Vitality,chamber,False,,50,0,0,0,1,False,unknown,unknown,,,,Derke,Team Vitality,neon,True,100,50,1,0,1,3,False,phantom,rifle,,0.6111,0.5689,Jamppi,Team Vitality,kayo,True,100,50,1,1,1,7,True,vandal,rifle,,0.1511,0.3378,Sayonara,Team Vitality,sova,True,100,50,0,2,1,7,True,vandal,rifle,,0.9756,0.5111,PROFEK,Team Vitality,astra,True,100,50,0,1,0,0,False,phantom,rifle,,0.5689,0.5544
1085.685,2025,ACTIVE_ROUND,6,3,4,53.000,,,s0pp,FUT Esports,chamber,True,100,50,0,5,1,0,False,operator,sniper,,0.4822,0.5089,xeus,FUT Esports,jett,True,100,50,2,1,1,2,False,vandal,rifle,,0.2122,0.4589,sociablEE,FUT Esports,fade,True,100,25,2,1,1,1,False,guardian,rifle,,0.7167,0.5378,yetujey,FUT Esports,astra,True,95,40,1,0,0,3,False,phantom,rifle,,0.4489,0.5233,KROSTALY,FUT Esports,kayo,True,100,4,1,2,0,2,False,classic,sidearm,,0.8989,0.5256,Chronicle,Team Vitality,chamber,False,,50,0,0,0,1,False,unknown,unknown,,,,Derke,Team Vitality,neon,True,100,50,1,0,1,3,False,phantom,rifle,,0.6111,0.5422,Jamppi,Team Vitality,kayo,True,100,50,1,1,1,7,True,vandal,rifle,,0.7800,0.7222,Sayonara,Team Vitality,sova,True,100,50,0,2,1,7,True,vandal,rifle,,0.1222,0.3622,PROFEK,Team Vitality,astra,True,100,50,0,1,0,0,False,phantom,rifle,,0.5689,0.5544
1086.168,2026,ACTIVE_ROUND,6,3,4,52.000,,,s0pp,FUT Esports,chamber,True,100,50,0,5,1,0,False,operator,sniper,,0.4822,0.5089,xeus,FUT Esports,jett,True,100,50,2,1,1,2,False,vandal,rifle,,0.9722,0.5144,sociablEE,FUT Esports,fade,True,100,25,2,1,1,1,False,guardian,rifle,,0.7167,0.5378,yetujey,FUT Esports,astra,True,95,40,1,0,0,3,False,phantom,rifle,,0.4489,0.5233,KROSTALY,FUT Esports,kayo,True,100,4,1,2,0,2,False,classic,sidearm,,0.8967,0.5256,Chronicle,Team Vitality,chamber,False,,50,0,0,0,1,False,unknown,unknown,,,,Derke,Team Vitality,neon,True,100,50,1,0,1,3,False,phantom,rifle,,0.6111,0.5422,Jamppi,Team Vitality,kayo,True,100,50,1,1,1,7,True,vandal,rifle,,0.7800,0.7222,Sayonara,Team Vitality,sova,True,100,50,0,2,1,7,True,vandal,rifle,,0.3289,0.2689,PROFEK,Team Vitality,astra,True,100,50,0,1,0,0,False,phantom,rifle,,0.5689,0.5567
1086.652,2027,ACTIVE_ROUND,6,3,4,52.000,,,s0pp,FUT Esports,chamber,True,100,50,0,5,1,0,False,operator,sniper,,0.4822,0.5089,xeus,FUT Esports,jett,True,100,50,2,1,1,2,False,vandal,rifle,,0.9700,0.5189,sociablEE,FUT Esports,fade,True,100,25,2,1,1,1,False,guardian,rifle,,0.7167,0.5378,yetujey,FUT Esports,astra,True,95,40,1,0,0,3,False,phantom,rifle,,0.4489,0.5233,KROSTALY,FUT Esports,kayo,True,100,4,1,2,0,2,False,classic,sidearm,,0.8856,0.5167,Chronicle,Team Vitality,chamber,False,,50,0,0,0,1,False,unknown,unknown,,,,Derke,Team Vitality,neon,False,,50,1,0,1,3,False,phantom,rifle,,0.6111,0.5422,Jamppi,Team Vitality,kayo,True,100,50,1,1,1,7,True,vandal,rifle,,0.7289,0.7756,Sayonara,Team Vitality,sova,True,100,50,0,2,1,7,True,vandal,rifle,,0.3289,0.2689,PROFEK,Team Vitality,astra,True,100,50,0,1,0,0,False,phantom,rifle,,0.5689,0.5544
1087.136,2028,ACTIVE_ROUND,6,3,4,52.000,,,s0pp,FUT Esports,chamber,True,100,50,0,5,0,1,False,operator,sniper,,0.4822,0.5089,xeus,FUT Esports,jett,True,100,50,2,1,1,2,False,vandal,rifle,,0.9678,0.5189,sociablEE,FUT Esports,fade,True,100,25,2,1,1,1,False,guardian,rifle,,0.7167,0.5378,yetujey,FUT Esports,astra,True,95,40,1,0,0,3,False,phantom,rifle,,0.4489,0.5233,KROSTALY,FUT Esports,kayo,True,100,4,1,2,0,2,False,classic,sidearm,,0.8767,0.5078,Chronicle,Team Vitality,chamber,False,,50,0,0,0,1,False,unknown,unknown,,,,Derke,Team Vitality,neon,False,,50,1,0,1,3,False,phantom,rifle,,,,Jamppi,Team Vitality,kayo,True,100,50,1,1,1,7,True,vandal,rifle,,0.6333,0.5289,Sayonara,Team Vitality,sova,True,100,50,0,2,1,7,True,vandal,rifle,,0.5711,0.2511,PROFEK,Team Vitality,astra,True,100,50,1,2,0,0,False,phantom,rifle,,0.5689,0.5567
1087.620,2029,ACTIVE_ROUND,6,3,4,51.000,,,s0pp,FUT Esports,chamber,True,100,50,0,5,0,1,False,operator,sniper,,0.6911,0.4511,xeus,FUT Esports,jett,True,100,50,2,1,1,2,False,vandal,rifle,,0.9700,0.5189,sociablEE,FUT Esports,fade,True,100,25,2,1,1,1,False,guardian,rifle,,0.7167,0.5378,yetujey,FUT Esports,astra,True,95,40,1,0,0,3,False,phantom,rifle,,0.4489,0.5233,KROSTALY,FUT Esports,kayo,True,100,4,1,2,0,2,False,classic,sidearm,,0.8678,0.4989,Chronicle,Team Vitality,chamber,False,,50,0,0,0,1,False,unknown,unknown,,,,Derke,Team Vitality,neon,False,,50,1,0,1,3,False,phantom,rifle,,,,Jamppi,Team Vitality,kayo,True,100,50,1,1,1,7,True,vandal,rifle,,0.4511,0.6644,Sayonara,Team Vitality,sova,True,100,50,0,2,1,7,True,vandal,rifle,,0.5711,0.2511,PROFEK,Team Vitality,astra,True,100,50,1,2,0,0,False,phantom,rifle,,0.7044,0.7456
1088.104,2030,ACTIVE_ROUND,6,3,4,51.000,,,s0pp,FUT Esports,chamber,True,100,50,0,5,0,1,False,operator,sniper,,0.7000,0.4533,xeus,FUT Esports,jett,True,100,50,2,1,1,2,False,vandal,rifle,,0.9722,0.5167,sociablEE,FUT Esports,fade,True,100,25,2,1,1,1,False,guardian,rifle,,0.7167,0.5378,yetujey,FUT Esports,astra,True,95,40,1,0,0,3,False,phantom,rifle,,0.4489,0.5233,KROSTALY,FUT Esports,kayo,True,100,4,1,2,0,2,False,classic,sidearm,,0.8589,0.4922,Chronicle,Team Vitality,chamber,False,,50,0,0,0,1,False,unknown,unknown,,,,Derke,Team Vitality,neon,False,,50,1,0,1,3,False,phantom,rifle,,,,Jamppi,Team Vitality,kayo,True,100,50,1,1,1,7,True,vandal,rifle,,0.4511,0.6644,Sayonara,Team Vitality,sova,True,100,50,0,2,1,7,True,vandal,rifle,,0.1222,0.3622,PROFEK,Team Vitality,astra,True,100,50,1,2,0,0,False,phantom,rifle,,0.5689,0.5567
1088.588,2031,ACTIVE_ROUND,6,3,4,50.000,,,s0pp,FUT Esports,chamber,True,100,50,0,5,0,1,False,operator,sniper,,0.7089,0.4578,xeus,FUT Esports,jett,True,100,50,2,1,1,2,False,vandal,rifle,,0.9722,0.5144,sociablEE,FUT Esports,fade,True,100,25,2,1,1,1,False,guardian,rifle,,0.7167,0.5378,yetujey,FUT Esports,astra,True,95,40,1,0,0,3,False,phantom,rifle,,0.4489,0.5233,KROSTALY,FUT Esports,kayo,True,100,4,1,2,0,2,False,classic,sidearm,,0.9500,0.5056,Chronicle,Team Vitality,chamber,False,,50,0,0,0,1,False,unknown,unknown,,,,Derke,Team Vitality,neon,False,,50,1,0,1,3,False,phantom,rifle,,,,Jamppi,Team Vitality,kayo,True,100,50,1,1,1,7,True,vandal,rifle,,0.6933,0.5378,Sayonara,Team Vitality,sova,True,100,50,0,2,1,7,True,vandal,rifle,,0.1222,0.3622,PROFEK,Team Vitality,astra,True,100,50,1,2,0,0,False,phantom,rifle,,0.5689,0.5544
1089.071,2032,ACTIVE_ROUND,6,3,4,50.000,,,s0pp,FUT Esports,chamber,True,100,50,0,5,0,1,False,operator,sniper,,0.6956,0.4511,xeus,FUT Esports,jett,True,100,50,2,1,1,2,False,vandal,rifle,,0.9656,0.5211,sociablEE,FUT Esports,fade,True,100,25,2,1,1,1,False,guardian,rifle,,0.7167,0.5378,yetujey,FUT Esports,astra,True,95,40,1,0,0,3,False,phantom,rifle,,0.4489,0.5233,KROSTALY,FUT Esports,kayo,True,100,4,1,2,0,2,False,classic,sidearm,,0.6722,0.4700,Chronicle,Team Vitality,chamber,False,,50,0,0,0,1,False,unknown,unknown,,,,Derke,Team Vitality,neon,False,,50,1,0,1,3,False,phantom,rifle,,,,Jamppi,Team Vitality,kayo,True,100,50,1,1,1,0,False,vandal,rifle,,0.6933,0.5378,Sayonara,Team Vitality,sova,True,100,50,0,2,1,7,True,vandal,rifle,,0.1222,0.3622,PROFEK,Team Vitality,astra,True,100,50,0,2,0,0,False,phantom,rifle,,0.5689,0.5544
1089.555,2033,ACTIVE_ROUND,6,3,4,49.000,,,s0pp,FUT Esports,chamber,True,100,50,0,5,0,1,False,operator,sniper,,0.6956,0.4511,xeus,FUT Esports,jett,True,100,50,2,1,1,2,False,vandal,rifle,,0.9589,0.5300,sociablEE,FUT Esports,fade,True,100,25,2,1,1,1,False,guardian,rifle,,0.7167,0.5378,yetujey,FUT Esports,astra,True,95,40,1,0,0,3,False,phantom,rifle,,0.4489,0.5233,KROSTALY,FUT Esports,kayo,True,100,4,1,2,0,2,False,classic,sidearm,,0.8322,0.5722,Chronicle,Team Vitality,chamber,False,,50,0,0,0,1,False,unknown,unknown,,,,Derke,Team Vitality,neon,False,,50,1,0,1,3,False,phantom,rifle,,,,Jamppi,Team Vitality,kayo,True,100,50,1,1,1,0,False,vandal,rifle,,0.6933,0.5378,Sayonara,Team Vitality,sova,False,,50,0,2,1,7,True,vandal,rifle,,0.1222,0.3622,PROFEK,Team Vitality,astra,True,100,50,0,2,0,0,False,phantom,rifle,,0.5689,0.5544
1090.039,2034,ACTIVE_ROUND,6,3,4,49.000,,,s0pp,FUT Esports,chamber,True,100,50,0,5,0,1,False,operator,sniper,,0.6956,0.4511,xeus,FUT Esports,jett,True,100,50,2,1,1,2,False,vandal,rifle,,0.9589,0.5411,sociablEE,FUT Esports,fade,True,100,25,2,1,1,1,False,guardian,rifle,,0.7167,0.5378,yetujey,FUT Esports,astra,True,95,40,1,0,0,3,False,phantom,rifle,,0.4489,0.5233,KROSTALY,FUT Esports,kayo,True,100,4,1,2,0,2,False,classic,sidearm,,0.9278,0.5411,Chronicle,Team Vitality,chamber,False,,50,0,0,0,1,False,unknown,unknown,,,,Derke,Team Vitality,neon,False,,50,1,0,1,3,False,phantom,rifle,,,,Jamppi,Team Vitality,kayo,True,100,50,1,1,1,0,False,vandal,rifle,,0.6933,0.5378,Sayonara,Team Vitality,sova,False,,50,0,2,1,7,True,vandal,rifle,,,,PROFEK,Team Vitality,astra,True,100,50,0,2,0,0,False,phantom,rifle,,0.5689,0.5567
1090.523,2035,ACTIVE_ROUND,6,3,4,48.000,,,s0pp,FUT Esports,chamber,True,100,50,0,5,0,1,False,operator,sniper,,0.7000,0.4556,xeus,FUT Esports,jett,True,100,50,2,1,1,2,False,vandal,rifle,,0.9611,0.5456,sociablEE,FUT Esports,fade,True,100,25,2,1,1,1,False,guardian,rifle,,0.8300,0.4378,yetujey,FUT Esports,astra,True,95,40,1,0,0,3,False,phantom,rifle,,0.4311,0.5167,KROSTALY,FUT Esports,kayo,True,100,4,1,2,0,2,False,classic,sidearm,,0.6722,0.4700,Chronicle,Team Vitality,chamber,False,,50,0,0,0,1,False,unknown,unknown,,,,Derke,Team Vitality,neon,False,,50,1,0,1,3,False,phantom,rifle,,,,Jamppi,Team Vitality,kayo,True,100,50,1,1,1,0,False,vandal,rifle,,0.6933,0.5378,Sayonara,Team Vitality,sova,False,,50,0,2,1,7,True,vandal,rifle,,,,PROFEK,Team Vitality,astra,True,100,50,0,2,0,0,False,phantom,rifle,,0.5733,0.5367
1091.007,2036,ACTIVE_ROUND,6,3,4,48.000,,,s0pp,FUT Esports,chamber,True,100,50,0,5,0,1,False,operator,sniper,,0.7000,0.4556,xeus,FUT Esports,jett,True,100,50,2,1,1,2,False,vandal,rifle,,0.9611,0.5478,sociablEE,FUT Esports,fade,False,,25,2,1,1,3,False,unknown,unknown,,0.8300,0.4378,yetujey,FUT Esports,astra,True,95,40,1,0,0,3,False,phantom,rifle,,0.4400,0.5100,KROSTALY,FUT Esports,kayo,True,100,4,1,2,0,2,False,classic,sidearm,,0.8256,0.4233,Chronicle,Team Vitality,chamber,False,,50,0,0,0,1,False,unknown,unknown,,,,Derke,Team Vitality,neon,False,,50,1,0,1,3,False,phantom,rifle,,,,Jamppi,Team Vitality,kayo,True,100,50,1,1,1,0,False,vandal,rifle,,0.4511,0.6622,Sayonara,Team Vitality,sova,False,,50,0,2,1,7,True,vandal,rifle,,,,PROFEK,Team Vitality,astra,True,100,50,2,3,0,0,False,phantom,rifle,,0.5689,0.5567
1091.490,2037,ACTIVE_ROUND,6,3,4,47.000,,,s0pp,FUT Esports,chamber,True,100,50,0,5,0,1,False,operator,sniper,,0.7000,0.4556,xeus,FUT Esports,jett,True,100,50,2,1,1,2,False,vandal,rifle,,0.9611,0.5567,sociablEE,FUT Esports,fade,False,,25,2,1,1,3,False,unknown,unknown,,,,yetujey,FUT Esports,astra,True,95,40,1,0,0,3,False,phantom,rifle,,0.4400,0.5100,KROSTALY,FUT Esports,kayo,True,100,4,1,2,0,2,False,classic,sidearm,,0.8189,0.4033,Chronicle,Team Vitality,chamber,False,,50,0,0,0,1,False,unknown,unknown,,,,Derke,Team Vitality,neon,False,,50,1,0,1,3,False,phantom,rifle,,,,Jamppi,Team Vitality,kayo,True,100,50,1,1,1,0,False,vandal,rifle,,0.4511,0.6622,Sayonara,Team Vitality,sova,False,,50,0,2,1,7,True,vandal,rifle,,,,PROFEK,Team Vitality,astra,True,100,50,2,3,0,0,False,phantom,rifle,,0.5689,0.5567
1091.974,2038,ACTIVE_ROUND,6,3,4,47.000,,,s0pp,FUT Esports,chamber,True,100,50,0,5,0,1,False,operator,sniper,,0.7000,0.4556,xeus,FUT Esports,jett,True,100,50,2,1,1,2,False,vandal,rifle,,0.9522,0.5633,sociablEE,FUT Esports,fade,False,,25,2,1,1,3,False,unknown,unknown,,,,yetujey,FUT Esports,astra,True,95,40,1,0,0,3,False,phantom,rifle,,0.4600,0.5011,KROSTALY,FUT Esports,kayo,True,100,4,1,2,0,2,False,classic,sidearm,,0.8056,0.3922,Chronicle,Team Vitality,chamber,False,,50,0,0,0,1,False,unknown,unknown,,,,Derke,Team Vitality,neon,False,,50,1,0,1,3,False,phantom,rifle,,,,Jamppi,Team Vitality,kayo,False,,50,1,1,1,0,False,vandal,rifle,,0.4511,0.6622,Sayonara,Team Vitality,sova,False,,50,0,2,1,7,True,vandal,rifle,,,,PROFEK,Team Vitality,astra,True,100,50,2,3,0,0,False,phantom,rifle,,0.5689,0.5567
1092.458,2039,ACTIVE_ROUND,6,3,4,46.000,,,s0pp,FUT Esports,chamber,True,100,50,0,5,0,1,False,operator,sniper,,0.7000,0.4556,xeus,FUT Esports,jett,True,100,50,2,1,1,2,False,vandal,rifle,,0.9500,0.5656,sociablEE,FUT Esports,fade,False,,25,2,1,1,3,False,unknown,unknown,,,,yetujey,FUT Esports,astra,True,95,40,1,0,0,3,False,phantom,rifle,,0.4600,0.5011,KROSTALY,FUT Esports,kayo,True,100,4,1,2,0,2,False,classic,sidearm,,0.8056,0.3967,Chronicle,Team Vitality,chamber,False,,50,0,0,0,1,False,unknown,unknown,,,,Derke,Team Vitality,neon,False,,50,1,0,1,3,False,phantom,rifle,,,,Jamppi,Team Vitality,kayo,False,,50,1,1,1,0,False,vandal,rifle,,,,Sayonara,Team Vitality,sova,False,,50,0,2,1,7,True,vandal,rifle,,,,PROFEK,Team Vitality,astra,True,100,50,2,3,0,0,False,phantom,rifle,,0.6422,0.7344
1092.942,2040,ACTIVE_ROUND,6,3,4,46.000,,,s0pp,FUT Esports,chamber,True,100,50,0,5,0,1,False,operator,sniper,,0.7000,0.4556,xeus,FUT Esports,jett,True,100,50,2,1,1,2,False,vandal,rifle,,0.7256,0.5878,sociablEE,FUT Esports,fade,False,,25,2,1,1,3,False,unknown,unknown,,,,yetujey,FUT Esports,astra,True,95,40,1,0,0,3,False,phantom,rifle,,0.4756,0.4856,KROSTALY,FUT Esports,kayo,True,100,4,1,2,0,2,False,bandit,sidearm,,0.8056,0.4056,Chronicle,Team Vitality,chamber,False,,50,0,0,0,1,False,unknown,unknown,,,,Derke,Team Vitality,neon,False,,50,1,0,1,3,False,phantom,rifle,,,,Jamppi,Team Vitality,kayo,False,,50,1,1,1,0,False,vandal,rifle,,,,Sayonara,Team Vitality,sova,False,,50,0,2,1,7,True,vandal,rifle,,,,PROFEK,Team Vitality,astra,True,100,50,2,1,0,0,False,phantom,rifle,,0.5689,0.5589
1093.426,2041,ACTIVE_ROUND,6,3,4,45.000,,,s0pp,FUT Esports,chamber,True,100,50,0,5,0,1,False,operator,sniper,,0.7000,0.4556,xeus,FUT Esports,jett,True,100,50,2,1,1,2,False,vandal,rifle,,0.7256,0.5878,sociablEE,FUT Esports,fade,False,,25,2,1,1,3,False,unknown,unknown,,,,yetujey,FUT Esports,astra,True,95,40,1,0,0,3,False,phantom,rifle,,0.4756,0.4856,KROSTALY,FUT Esports,kayo,True,100,4,1,2,0,2,False,bandit,sidearm,,0.8100,0.3922,Chronicle,Team Vitality,chamber,False,,50,0,0,0,1,False,unknown,unknown,,,,Derke,Team Vitality,neon,False,,50,1,0,1,3,False,phantom,rifle,,,,Jamppi,Team Vitality,kayo,False,,50,1,1,1,0,False,vandal,rifle,,,,Sayonara,Team Vitality,sova,False,,50,0,2,1,7,True,vandal,rifle,,,,PROFEK,Team Vitality,astra,True,100,50,2,1,0,0,False,phantom,rifle,,0.5689,0.5589
1093.909,2042,ACTIVE_ROUND,6,3,4,45.000,,,s0pp,FUT Esports,chamber,True,100,50,0,5,0,1,False,operator,sniper,,0.7000,0.4556,xeus,FUT Esports,jett,True,100,50,2,1,1,2,False,vandal,rifle,,0.9522,0.5700,sociablEE,FUT Esports,fade,False,,25,2,1,1,3,False,unknown,unknown,,,,yetujey,FUT Esports,astra,True,95,40,1,0,0,3,False,phantom,rifle,,0.4756,0.4856,KROSTALY,FUT Esports,kayo,True,100,4,1,2,0,2,False,bandit,sidearm,,0.7989,0.3767,Chronicle,Team Vitality,chamber,False,,50,0,0,0,1,False,unknown,unknown,,,,Derke,Team Vitality,neon,False,,50,1,0,1,3,False,phantom,rifle,,,,Jamppi,Team Vitality,kayo,False,,50,1,1,1,0,False,vandal,rifle,,,,Sayonara,Team Vitality,sova,False,,50,0,2,1,7,True,vandal,rifle,,,,PROFEK,Team Vitality,astra,True,100,50,2,1,0,0,False,phantom,rifle,,0.5689,0.5589
1094.393,2043,ACTIVE_ROUND,6,3,4,44.000,,,s0pp,FUT Esports,chamber,True,100,50,0,5,0,1,False,operator,sniper,,0.7000,0.4556,xeus,FUT Esports,jett,True,100,50,2,1,1,2,False,vandal,rifle,,0.9500,0.5722,sociablEE,FUT Esports,fade,False,,25,2,1,1,3,False,unknown,unknown,,,,yetujey,FUT Esports,astra,True,95,40,1,0,0,3,False,phantom,rifle,,0.4756,0.4856,KROSTALY,FUT Esports,kayo,True,100,4,1,2,0,2,False,bandit,sidearm,,0.7789,0.3656,Chronicle,Team Vitality,chamber,False,,50,0,0,0,1,False,unknown,unknown,,,,Derke,Team Vitality,neon,False,,50,1,0,1,3,False,phantom,rifle,,,,Jamppi,Team Vitality,kayo,False,,50,1,1,1,0,False,vandal,rifle,,,,Sayonara,Team Vitality,sova,False,,50,0,2,1,7,True,vandal,rifle,,,,PROFEK,Team Vitality,astra,True,100,50,2,1,0,0,False,phantom,rifle,,0.5689,0.5589
1094.877,2044,ACTIVE_ROUND,6,3,4,44.000,,,s0pp,FUT Esports,chamber,True,100,50,0,5,0,1,False,operator,sniper,,0.7000,0.4556,xeus,FUT Esports,jett,True,100,50,2,1,1,2,False,vandal,rifle,,0.9500,0.5722,sociablEE,FUT Esports,fade,False,,25,2,1,1,3,False,unknown,unknown,,,,yetujey,FUT Esports,astra,True,95,40,1,0,0,3,False,phantom,rifle,,0.4756,0.4856,KROSTALY,FUT Esports,kayo,True,100,4,1,2,0,2,False,bandit,sidearm,,0.7611,0.3567,Chronicle,Team Vitality,chamber,False,,50,0,0,0,1,False,unknown,unknown,,,,Derke,Team Vitality,neon,False,,50,1,0,1,3,False,phantom,rifle,,,,Jamppi,Team Vitality,kayo,False,,50,1,1,1,0,False,vandal,rifle,,,,Sayonara,Team Vitality,sova,False,,50,0,2,1,7,True,vandal,rifle,,,,PROFEK,Team Vitality,astra,True,100,50,2,2,0,0,False,phantom,rifle,,0.5689,0.5589
1095.361,2045,ACTIVE_ROUND,6,3,4,43.000,,,s0pp,FUT Esports,chamber,True,100,50,0,5,0,1,False,operator,sniper,,0.7000,0.4556,xeus,FUT Esports,jett,True,100,50,2,1,1,2,False,vandal,rifle,,0.9544,0.5633,sociablEE,FUT Esports,fade,False,,25,2,1,1,3,False,unknown,unknown,,,,yetujey,FUT Esports,astra,True,95,40,1,0,0,3,False,phantom,rifle,,0.4756,0.4856,KROSTALY,FUT Esports,kayo,True,100,4,1,2,0,2,False,bandit,sidearm,,0.7522,0.3633,Chronicle,Team Vitality,chamber,False,,50,0,0,0,1,False,unknown,unknown,,,,Derke,Team Vitality,neon,False,,50,1,0,1,3,False,phantom,rifle,,,,Jamppi,Team Vitality,kayo,False,,50,1,1,1,0,False,vandal,rifle,,,,Sayonara,Team Vitality,sova,False,,50,0,2,1,7,True,vandal,rifle,,,,PROFEK,Team Vitality,astra,True,100,50,2,2,0,0,False,phantom,rifle,,0.5689,0.5567
1095.845,2046,ACTIVE_ROUND,6,3,4,43.000,,,s0pp,FUT Esports,chamber,True,100,50,0,5,0,1,False,operator,sniper,,0.7000,0.4556,xeus,FUT Esports,jett,True,100,50,2,1,1,2,False,vandal,rifle,,0.9589,0.5567,sociablEE,FUT Esports,fade,False,,25,2,1,1,3,False,unknown,unknown,,,,yetujey,FUT Esports,astra,True,95,40,1,0,0,3,False,phantom,rifle,,0.4756,0.4856,KROSTALY,FUT Esports,kayo,True,100,4,1,2,0,2,False,bandit,sidearm,,0.7522,0.3611,Chronicle,Team Vitality,chamber,False,,50,0,0,0,1,False,unknown,unknown,,,,Derke,Team Vitality,neon,False,,50,1,0,1,3,False,phantom,rifle,,,,Jamppi,Team Vitality,kayo,False,,50,1,1,1,0,False,vandal,rifle,,,,Sayonara,Team Vitality,sova,False,,50,0,2,1,7,True,vandal,rifle,,,,PROFEK,Team Vitality,astra,True,100,50,2,2,0,0,False,phantom,rifle,,0.5689,0.5544
1096.329,2047,ACTIVE_ROUND,6,3,4,42.000,,,s0pp,FUT Esports,chamber,True,100,50,0,5,0,1,False,operator,sniper,,0.7000,0.4556,xeus,FUT Esports,jett,True,100,50,2,1,1,2,False,vandal,rifle,,0.9589,0.5456,sociablEE,FUT Esports,fade,False,,25,2,1,1,3,False,unknown,unknown,,,,yetujey,FUT Esports,astra,True,95,40,1,0,0,3,False,phantom,rifle,,0.4756,0.4856,KROSTALY,FUT Esports,kayo,True,100,4,1,2,0,2,False,bandit,sidearm,,0.7567,0.3567,Chronicle,Team Vitality,chamber,False,,50,0,0,0,1,False,unknown,unknown,,,,Derke,Team Vitality,neon,False,,50,1,0,1,3,False,phantom,rifle,,,,Jamppi,Team Vitality,kayo,False,,50,1,1,1,0,False,vandal,rifle,,,,Sayonara,Team Vitality,sova,False,,50,0,2,1,7,True,vandal,rifle,,,,PROFEK,Team Vitality,astra,True,100,50,2,2,0,0,False,phantom,rifle,,0.5978,0.6611
1096.812,2048,ACTIVE_ROUND,6,3,4,42.000,,,s0pp,FUT Esports,chamber,True,100,50,0,5,0,1,False,operator,sniper,,0.7000,0.4556,xeus,FUT Esports,jett,True,100,50,2,1,1,2,False,vandal,rifle,,0.9589,0.5322,sociablEE,FUT Esports,fade,False,,25,2,1,1,3,False,unknown,unknown,,,,yetujey,FUT Esports,astra,True,95,40,1,0,0,3,False,phantom,rifle,,0.4756,0.4856,KROSTALY,FUT Esports,kayo,True,100,4,1,2,0,2,False,bandit,sidearm,,0.7500,0.3589,Chronicle,Team Vitality,chamber,False,,50,0,0,0,1,False,unknown,unknown,,,,Derke,Team Vitality,neon,False,,50,1,0,1,3,False,phantom,rifle,,,,Jamppi,Team Vitality,kayo,False,,50,1,1,1,0,False,vandal,rifle,,,,Sayonara,Team Vitality,sova,False,,50,0,2,1,7,True,vandal,rifle,,,,PROFEK,Team Vitality,astra,True,100,50,2,2,0,0,False,phantom,rifle,,0.5911,0.6522
1097.296,2049,ACTIVE_ROUND,6,3,4,41.000,,,s0pp,FUT Esports,chamber,True,100,50,0,5,0,1,False,operator,sniper,,0.6933,0.4489,xeus,FUT Esports,jett,True,100,50,2,1,1,2,False,vandal,rifle,,0.9567,0.5211,sociablEE,FUT Esports,fade,False,,25,2,1,1,3,False,unknown,unknown,,,,yetujey,FUT Esports,astra,True,95,40,1,0,0,3,False,phantom,rifle,,0.4756,0.4856,KROSTALY,FUT Esports,kayo,True,100,4,1,2,0,2,False,bandit,sidearm,,0.7433,0.3678,Chronicle,Team Vitality,chamber,False,,50,0,0,0,1,False,unknown,unknown,,,,Derke,Team Vitality,neon,False,,50,1,0,1,3,False,phantom,rifle,,,,Jamppi,Team Vitality,kayo,False,,50,1,1,1,0,False,vandal,rifle,,,,Sayonara,Team Vitality,sova,False,,50,0,2,1,7,True,vandal,rifle,,,,PROFEK,Team Vitality,astra,True,100,50,2,2,0,0,False,phantom,rifle,,0.5689,0.5567
1097.780,2050,ACTIVE_ROUND,6,3,4,41.000,,,s0pp,FUT Esports,chamber,True,100,50,0,5,0,1,False,operator,sniper,,0.6933,0.4489,xeus,FUT Esports,jett,True,100,50,2,1,1,2,False,vandal,rifle,,0.9456,0.5144,sociablEE,FUT Esports,fade,False,,25,2,1,1,3,False,unknown,unknown,,,,yetujey,FUT Esports,astra,True,95,40,1,0,0,3,False,phantom,rifle,,0.4756,0.4856,KROSTALY,FUT Esports,kayo,True,100,4,1,2,0,2,False,bandit,sidearm,,0.7367,0.3744,Chronicle,Team Vitality,chamber,False,,50,0,0,0,1,False,unknown,unknown,,,,Derke,Team Vitality,neon,False,,50,1,0,1,3,False,phantom,rifle,,,,Jamppi,Team Vitality,kayo,False,,50,1,1,1,0,False,vandal,rifle,,,,Sayonara,Team Vitality,sova,False,,50,0,2,1,7,True,vandal,rifle,,,,PROFEK,Team Vitality,astra,True,100,50,2,2,0,0,False,phantom,rifle,,0.5711,0.5544
1098.264,2051,ACTIVE_ROUND,6,3,4,40.000,,,s0pp,FUT Esports,chamber,True,100,50,0,5,0,1,False,operator,sniper,,0.6933,0.4511,xeus,FUT Esports,jett,True,100,50,2,1,1,2,False,vandal,rifle,,0.9367,0.5078,sociablEE,FUT Esports,fade,False,,25,2,1,1,3,False,unknown,unknown,,,,yetujey,FUT Esports,astra,True,95,40,1,0,0,3,False,phantom,rifle,,0.4756,0.4856,KROSTALY,FUT Esports,kayo,True,100,4,1,2,0,2,False,bandit,sidearm,,0.6611,0.4122,Chronicle,Team Vitality,chamber,False,,50,0,0,0,1,False,unknown,unknown,,,,Derke,Team Vitality,neon,False,,50,1,0,1,3,False,phantom,rifle,,,,Jamppi,Team Vitality,kayo,False,,50,1,1,1,0,False,vandal,rifle,,,,Sayonara,Team Vitality,sova,False,,50,0,2,1,7,True,vandal,rifle,,,,PROFEK,Team Vitality,astra,True,100,50,2,2,0,0,False,phantom,rifle,,0.5711,0.5544
1098.748,2052,ACTIVE_ROUND,6,3,4,40.000,,,s0pp,FUT Esports,chamber,True,100,50,0,5,0,1,False,operator,sniper,,0.6956,0.4511,xeus,FUT Esports,jett,True,100,50,2,1,1,2,False,vandal,rifle,,0.9233,0.5033,sociablEE,FUT Esports,fade,False,,25,2,1,1,3,False,unknown,unknown,,,,yetujey,FUT Esports,astra,True,95,40,1,0,0,3,False,phantom,rifle,,0.4756,0.4856,KROSTALY,FUT Esports,kayo,True,100,4,1,2,0,2,False,bandit,sidearm,,0.7300,0.3878,Chronicle,Team Vitality,chamber,False,,50,0,0,0,1,False,unknown,unknown,,,,Derke,Team Vitality,neon,False,,50,1,0,1,3,False,phantom,rifle,,,,Jamppi,Team Vitality,kayo,False,,50,1,1,1,0,False,vandal,rifle,,,,Sayonara,Team Vitality,sova,False,,50,0,2,1,7,True,vandal,rifle,,,,PROFEK,Team Vitality,astra,True,100,50,2,2,0,0,False,phantom,rifle,,0.5689,0.5544
1099.231,2053,ACTIVE_ROUND,6,3,4,39.000,,,s0pp,FUT Esports,chamber,True,100,50,0,5,0,1,False,operator,sniper,,0.6956,0.4511,xeus,FUT Esports,jett,True,100,50,2,1,1,2,False,vandal,rifle,,0.9100,0.5011,sociablEE,FUT Esports,fade,False,,25,2,1,1,3,False,unknown,unknown,,,,yetujey,FUT Esports,astra,True,95,40,1,0,0,3,False,phantom,rifle,,0.4756,0.4856,KROSTALY,FUT Esports,kayo,True,100,4,1,2,0,2,False,bandit,sidearm,,0.7300,0.3878,Chronicle,Team Vitality,chamber,False,,50,0,0,0,1,False,unknown,unknown,,,,Derke,Team Vitality,neon,False,,50,1,0,1,3,False,phantom,rifle,,,,Jamppi,Team Vitality,kayo,False,,50,1,1,1,0,False,vandal,rifle,,,,Sayonara,Team Vitality,sova,False,,50,0,2,1,7,True,vandal,rifle,,,,PROFEK,Team Vitality,astra,True,100,50,2,2,0,0,False,phantom,rifle,,0.5533,0.6122
1099.715,2054,ACTIVE_ROUND,6,3,4,39.000,,,s0pp,FUT Esports,chamber,True,100,50,0,5,0,1,False,operator,sniper,,0.6978,0.4511,xeus,FUT Esports,jett,True,100,50,2,1,1,2,False,vandal,rifle,,0.8967,0.4967,sociablEE,FUT Esports,fade,False,,25,2,1,1,3,False,unknown,unknown,,,,yetujey,FUT Esports,astra,True,95,40,1,0,0,3,False,phantom,rifle,,0.4756,0.4856,KROSTALY,FUT Esports,kayo,True,100,4,1,2,0,2,False,bandit,sidearm,,0.7300,0.3878,Chronicle,Team Vitality,chamber,False,,50,0,0,0,1,False,unknown,unknown,,,,Derke,Team Vitality,neon,False,,50,1,0,1,3,False,phantom,rifle,,,,Jamppi,Team Vitality,kayo,False,,50,1,1,1,0,False,vandal,rifle,,,,Sayonara,Team Vitality,sova,False,,50,0,2,1,7,True,vandal,rifle,,,,PROFEK,Team Vitality,astra,True,100,50,2,2,0,0,False,phantom,rifle,,0.5689,0.5589
1100.199,2055,ACTIVE_ROUND,6,3,4,38.000,,,s0pp,FUT Esports,chamber,True,100,50,0,5,0,1,False,operator,sniper,,0.6978,0.4511,xeus,FUT Esports,jett,True,100,50,2,1,1,2,False,vandal,rifle,,0.8833,0.4922,sociablEE,FUT Esports,fade,False,,25,2,1,1,3,False,unknown,unknown,,,,yetujey,FUT Esports,astra,True,95,40,1,0,0,3,False,phantom,rifle,,0.4756,0.4856,KROSTALY,FUT Esports,kayo,True,100,4,1,2,0,2,False,bandit,sidearm,,0.7300,0.3878,Chronicle,Team Vitality,chamber,False,,50,0,0,0,1,False,unknown,unknown,,,,Derke,Team Vitality,neon,False,,50,1,0,1,3,False,phantom,rifle,,,,Jamppi,Team Vitality,kayo,False,,50,1,1,1,0,False,vandal,rifle,,,,Sayonara,Team Vitality,sova,False,,50,0,2,1,7,True,vandal,rifle,,,,PROFEK,Team Vitality,astra,True,100,50,2,2,0,0,False,phantom,rifle,,0.5689,0.5589
1100.683,2056,ACTIVE_ROUND,6,3,4,38.000,,,s0pp,FUT Esports,chamber,True,100,50,0,5,0,1,False,operator,sniper,,0.6978,0.4511,xeus,FUT Esports,jett,True,100,50,2,1,1,2,False,vandal,rifle,,0.8722,0.4922,sociablEE,FUT Esports,fade,False,,25,2,1,1,3,False,unknown,unknown,,,,yetujey,FUT Esports,astra,True,95,40,1,0,0,3,False,phantom,rifle,,0.4756,0.4856,KROSTALY,FUT Esports,kayo,True,100,4,1,2,1,2,False,bandit,sidearm,,0.7300,0.3878,Chronicle,Team Vitality,chamber,False,,50,0,0,0,1,False,unknown,unknown,,,,Derke,Team Vitality,neon,False,,50,1,0,1,3,False,phantom,rifle,,,,Jamppi,Team Vitality,kayo,False,,50,1,1,1,0,False,vandal,rifle,,,,Sayonara,Team Vitality,sova,False,,50,0,2,1,7,True,vandal,rifle,,,,PROFEK,Team Vitality,astra,True,100,50,2,2,0,0,False,phantom,rifle,,0.5689,0.5589
1101.167,2057,ACTIVE_ROUND,6,3,4,37.000,,,s0pp,FUT Esports,chamber,True,100,50,0,5,0,1,False,operator,sniper,,0.6978,0.4511,xeus,FUT Esports,jett,True,100,50,2,1,1,2,False,vandal,rifle,,0.8722,0.4922,sociablEE,FUT Esports,fade,False,,25,2,1,1,3,False,unknown,unknown,,,,yetujey,FUT Esports,astra,True,95,40,1,0,0,3,False,phantom,rifle,,0.4756,0.4856,KROSTALY,FUT Esports,kayo,True,100,4,1,2,1,2,False,bandit,sidearm,,0.6611,0.4122,Chronicle,Team Vitality,chamber,False,,50,0,0,0,1,False,unknown,unknown,,,,Derke,Team Vitality,neon,False,,50,1,0,1,3,False,phantom,rifle,,,,Jamppi,Team Vitality,kayo,False,,50,1,1,1,0,False,vandal,rifle,,,,Sayonara,Team Vitality,sova,False,,50,0,2,1,7,True,vandal,rifle,,,,PROFEK,Team Vitality,astra,True,100,50,2,2,0,0,False,phantom,rifle,,0.5689,0.5567
1101.651,2058,ACTIVE_ROUND,6,3,4,37.000,,,s0pp,FUT Esports,chamber,True,100,50,0,5,0,1,False,operator,sniper,,0.7000,0.4533,xeus,FUT Esports,jett,True,100,50,2,1,1,2,False,vandal,rifle,,0.8833,0.4767,sociablEE,FUT Esports,fade,False,,25,2,1,1,3,False,unknown,unknown,,,,yetujey,FUT Esports,astra,True,95,40,1,0,0,3,False,phantom,rifle,,0.4756,0.4856,KROSTALY,FUT Esports,kayo,True,100,4,1,2,1,2,False,bandit,sidearm,,0.7300,0.3878,Chronicle,Team Vitality,chamber,False,,50,0,0,0,1,False,unknown,unknown,,,,Derke,Team Vitality,neon,False,,50,1,0,1,3,False,phantom,rifle,,,,Jamppi,Team Vitality,kayo,False,,50,1,1,1,0,False,vandal,rifle,,,,Sayonara,Team Vitality,sova,False,,50,0,2,1,7,True,vandal,rifle,,,,PROFEK,Team Vitality,astra,True,100,50,2,2,0,0,False,phantom,rifle,,0.5356,0.5722
1102.134,2059,ACTIVE_ROUND,6,3,4,37.000,,,s0pp,FUT Esports,chamber,True,100,50,0,5,0,1,False,operator,sniper,,0.7022,0.4533,xeus,FUT Esports,jett,True,100,50,2,1,1,2,False,vandal,rifle,,0.8833,0.4767,sociablEE,FUT Esports,fade,False,,25,2,1,1,3,False,unknown,unknown,,,,yetujey,FUT Esports,astra,True,95,40,1,0,0,3,False,phantom,rifle,,0.4756,0.4856,KROSTALY,FUT Esports,kayo,True,100,4,1,2,1,2,False,bandit,sidearm,,0.8144,0.4478,Chronicle,Team Vitality,chamber,False,,50,0,0,0,1,False,unknown,unknown,,,,Derke,Team Vitality,neon,False,,50,1,0,1,3,False,phantom,rifle,,,,Jamppi,Team Vitality,kayo,False,,50,1,1,1,0,False,vandal,rifle,,,,Sayonara,Team Vitality,sova,False,,50,0,2,1,7,True,vandal,rifle,,,,PROFEK,Team Vitality,astra,True,100,50,2,2,0,0,False,phantom,rifle,,0.5733,0.5367
1102.618,2060,ACTIVE_ROUND,6,3,4,36.000,,,s0pp,FUT Esports,chamber,True,100,50,0,5,0,1,False,operator,sniper,,0.7000,0.4533,xeus,FUT Esports,jett,True,100,50,2,1,1,2,False,vandal,rifle,,0.8367,0.4478,sociablEE,FUT Esports,fade,False,,25,2,1,1,3,False,unknown,unknown,,,,yetujey,FUT Esports,astra,True,95,40,1,0,0,3,False,phantom,rifle,,0.4756,0.4856,KROSTALY,FUT Esports,kayo,True,100,4,1,2,1,2,False,classic,sidearm,,0.7300,0.3878,Chronicle,Team Vitality,chamber,False,,50,0,0,0,1,False,unknown,unknown,,,,Derke,Team Vitality,neon,False,,50,1,0,1,3,False,phantom,rifle,,,,Jamppi,Team Vitality,kayo,False,,50,1,1,1,0,False,vandal,rifle,,,,Sayonara,Team Vitality,sova,False,,50,0,2,1,7,True,vandal,rifle,,,,PROFEK,Team Vitality,astra,True,100,50,1,1,0,0,False,phantom,rifle,,0.5400,0.5522
1103.102,2061,ACTIVE_ROUND,6,3,4,36.000,,,s0pp,FUT Esports,chamber,True,100,50,0,5,0,1,False,operator,sniper,,0.7022,0.4533,xeus,FUT Esports,jett,True,100,50,2,1,1,2,False,vandal,rifle,,0.8300,0.4344,sociablEE,FUT Esports,fade,False,,25,2,1,1,3,False,unknown,unknown,,,,yetujey,FUT Esports,astra,True,95,40,1,0,0,3,False,phantom,rifle,,0.4756,0.4856,KROSTALY,FUT Esports,kayo,True,100,4,1,2,1,2,False,classic,sidearm,,0.7944,0.4100,Chronicle,Team Vitality,chamber,False,,50,0,0,0,1,False,unknown,unknown,,,,Derke,Team Vitality,neon,False,,50,1,0,1,3,False,phantom,rifle,,,,Jamppi,Team Vitality,kayo,False,,50,1,1,1,0,False,vandal,rifle,,,,Sayonara,Team Vitality,sova,False,,50,0,2,1,7,True,vandal,rifle,,,,PROFEK,Team Vitality,astra,True,100,50,1,1,0,0,False,phantom,rifle,,0.5444,0.5500
1103.586,2062,ACTIVE_ROUND,6,3,4,35.000,,,s0pp,FUT Esports,chamber,True,100,50,0,5,0,1,False,operator,sniper,,0.7022,0.4533,xeus,FUT Esports,jett,True,100,50,2,1,1,2,False,vandal,rifle,,0.8233,0.4211,sociablEE,FUT Esports,fade,False,,25,2,1,1,3,False,unknown,unknown,,,,yetujey,FUT Esports,astra,True,95,40,1,0,0,3,False,phantom,rifle,,0.4756,0.4856,KROSTALY,FUT Esports,kayo,True,100,4,1,2,1,2,False,classic,sidearm,,0.7300,0.3878,Chronicle,Team Vitality,chamber,False,,50,0,0,0,1,False,unknown,unknown,,,,Derke,Team Vitality,neon,False,,50,1,0,1,3,False,phantom,rifle,,,,Jamppi,Team Vitality,kayo,False,,50,1,1,1,0,False,vandal,rifle,,,,Sayonara,Team Vitality,sova,False,,50,0,2,1,7,True,vandal,rifle,,,,PROFEK,Team Vitality,astra,True,100,50,1,1,0,0,False,phantom,rifle,,0.5711,0.5344
1104.070,2063,ACTIVE_ROUND,6,3,4,35.000,,,s0pp,FUT Esports,chamber,True,100,50,0,5,0,1,False,operator,sniper,,0.7022,0.4533,xeus,FUT Esports,jett,True,100,50,2,1,1,2,False,vandal,rifle,,0.8189,0.4100,sociablEE,FUT Esports,fade,False,,25,2,1,1,3,False,unknown,unknown,,,,yetujey,FUT Esports,astra,True,95,40,1,0,0,3,False,phantom,rifle,,0.4756,0.4856,KROSTALY,FUT Esports,kayo,True,100,4,1,2,1,2,False,classic,sidearm,,0.7300,0.3878,Chronicle,Team Vitality,chamber,False,,50,0,0,0,1,False,unknown,unknown,,,,Derke,Team Vitality,neon,False,,50,1,0,1,3,False,phantom,rifle,,,,Jamppi,Team Vitality,kayo,False,,50,1,1,1,0,False,vandal,rifle,,,,Sayonara,Team Vitality,sova,False,,50,0,2,1,7,True,vandal,rifle,,,,PROFEK,Team Vitality,astra,True,100,50,1,1,0,0,False,phantom,rifle,,0.5711,0.5344
1104.553,2064,ACTIVE_ROUND,6,3,4,34.000,,,s0pp,FUT Esports,chamber,True,100,50,0,5,0,1,False,operator,sniper,,0.7000,0.4533,xeus,FUT Esports,jett,True,100,50,2,1,1,2,False,vandal,rifle,,0.8144,0.3967,sociablEE,FUT Esports,fade,False,,25,2,1,1,3,False,unknown,unknown,,,,yetujey,FUT Esports,astra,True,95,40,1,0,0,3,False,phantom,rifle,,0.4756,0.4856,KROSTALY,FUT Esports,kayo,True,100,4,1,2,1,2,False,classic,sidearm,,0.7300,0.3878,Chronicle,Team Vitality,chamber,False,,50,0,0,0,1,False,unknown,unknown,,,,Derke,Team Vitality,neon,False,,50,1,0,1,3,False,phantom,rifle,,,,Jamppi,Team Vitality,kayo,False,,50,1,1,1,0,False,vandal,rifle,,,,Sayonara,Team Vitality,sova,False,,50,0,2,1,7,True,vandal,rifle,,,,PROFEK,Team Vitality,astra,True,100,50,1,1,0,0,False,phantom,rifle,,0.5711,0.5278
1105.037,2065,ACTIVE_ROUND,6,3,4,34.000,,,s0pp,FUT Esports,chamber,True,100,50,0,5,0,1,False,operator,sniper,,0.7022,0.4533,xeus,FUT Esports,jett,True,100,50,2,1,1,2,False,vandal,rifle,,0.8056,0.3856,sociablEE,FUT Esports,fade,False,,25,2,1,1,3,False,unknown,unknown,,,,yetujey,FUT Esports,astra,True,95,40,1,0,0,3,False,phantom,rifle,,0.4756,0.4856,KROSTALY,FUT Esports,kayo,True,100,4,1,2,1,2,False,classic,sidearm,,0.7300,0.3878,Chronicle,Team Vitality,chamber,False,,50,0,0,0,1,False,unknown,unknown,,,,Derke,Team Vitality,neon,False,,50,1,0,1,3,False,phantom,rifle,,,,Jamppi,Team Vitality,kayo,False,,50,1,1,1,0,False,vandal,rifle,,,,Sayonara,Team Vitality,sova,False,,50,0,2,1,7,True,vandal,rifle,,,,PROFEK,Team Vitality,astra,True,100,50,1,1,0,0,False,phantom,rifle,,0.5733,0.5389
1105.521,2066,ACTIVE_ROUND,6,3,4,33.000,,,s0pp,FUT Esports,chamber,True,100,50,0,5,0,1,False,operator,sniper,,0.7022,0.4533,xeus,FUT Esports,jett,True,100,50,2,1,1,2,False,vandal,rifle,,0.7967,0.3767,sociablEE,FUT Esports,fade,False,,25,2,1,1,3,False,unknown,unknown,,,,yetujey,FUT Esports,astra,True,95,40,1,0,0,3,False,phantom,rifle,,0.4756,0.4856,KROSTALY,FUT Esports,kayo,True,100,4,1,2,1,2,False,classic,sidearm,,0.7300,0.3878,Chronicle,Team Vitality,chamber,False,,50,0,0,0,1,False,unknown,unknown,,,,Derke,Team Vitality,neon,False,,50,1,0,1,3,False,phantom,rifle,,,,Jamppi,Team Vitality,kayo,False,,50,1,1,1,0,False,vandal,rifle,,,,Sayonara,Team Vitality,sova,False,,50,0,2,1,7,True,vandal,rifle,,,,PROFEK,Team Vitality,astra,True,100,50,1,1,0,0,False,phantom,rifle,,0.5689,0.5544
1106.005,2067,ACTIVE_ROUND,6,3,4,33.000,,,s0pp,FUT Esports,chamber,True,100,50,0,5,0,1,False,operator,sniper,,0.7022,0.4533,xeus,FUT Esports,jett,True,100,50,2,1,1,2,False,vandal,rifle,,0.7811,0.3700,sociablEE,FUT Esports,fade,False,,25,2,1,1,3,False,unknown,unknown,,,,yetujey,FUT Esports,astra,True,95,40,1,0,0,3,False,phantom,rifle,,0.4756,0.4856,KROSTALY,FUT Esports,kayo,True,100,4,1,2,1,2,False,classic,sidearm,,0.7300,0.3856,Chronicle,Team Vitality,chamber,False,,50,0,0,0,1,False,unknown,unknown,,,,Derke,Team Vitality,neon,False,,50,1,0,1,3,False,phantom,rifle,,,,Jamppi,Team Vitality,kayo,False,,50,1,1,1,0,False,vandal,rifle,,,,Sayonara,Team Vitality,sova,False,,50,0,2,1,7,True,vandal,rifle,,,,PROFEK,Team Vitality,astra,True,100,50,1,1,0,0,False,phantom,rifle,,0.5689,0.5544
1106.489,2068,ACTIVE_ROUND,6,3,4,32.000,,,s0pp,FUT Esports,chamber,True,100,50,0,5,0,2,False,operator,sniper,,0.7089,0.4556,xeus,FUT Esports,jett,True,100,50,2,1,1,2,False,vandal,rifle,,0.7678,0.3656,sociablEE,FUT Esports,fade,False,,25,2,1,1,3,False,unknown,unknown,,,,yetujey,FUT Esports,astra,True,95,40,1,0,0,3,False,phantom,rifle,,0.4756,0.4856,KROSTALY,FUT Esports,kayo,True,100,4,1,2,1,2,False,classic,sidearm,,0.7300,0.3856,Chronicle,Team Vitality,chamber,False,,50,0,0,0,1,False,unknown,unknown,,,,Derke,Team Vitality,neon,False,,50,1,0,1,3,False,phantom,rifle,,,,Jamppi,Team Vitality,kayo,False,,50,1,1,1,0,False,vandal,rifle,,,,Sayonara,Team Vitality,sova,False,,50,0,2,1,7,True,vandal,rifle,,,,PROFEK,Team Vitality,astra,True,100,50,2,2,0,0,False,phantom,rifle,,0.5689,0.5567
1106.973,2069,ACTIVE_ROUND,6,3,4,32.000,,,s0pp,FUT Esports,chamber,True,100,50,0,5,0,2,False,operator,sniper,,0.7178,0.4600,xeus,FUT Esports,jett,True,100,50,2,1,1,2,False,vandal,rifle,,0.7567,0.3633,sociablEE,FUT Esports,fade,False,,25,2,1,1,3,False,unknown,unknown,,,,yetujey,FUT Esports,astra,True,95,40,1,0,0,3,False,phantom,rifle,,0.4756,0.4856,KROSTALY,FUT Esports,kayo,True,100,4,1,2,1,2,False,classic,sidearm,,0.7256,0.3833,Chronicle,Team Vitality,chamber,False,,50,0,0,0,1,False,unknown,unknown,,,,Derke,Team Vitality,neon,False,,50,1,0,1,3,False,phantom,rifle,,,,Jamppi,Team Vitality,kayo,False,,50,1,1,1,0,False,vandal,rifle,,,,Sayonara,Team Vitality,sova,False,,50,0,2,1,7,True,vandal,rifle,,,,PROFEK,Team Vitality,astra,True,100,50,2,2,0,0,False,phantom,rifle,,0.5689,0.5567
1107.456,2070,ACTIVE_ROUND,6,3,4,31.000,,,s0pp,FUT Esports,chamber,True,100,50,0,5,0,2,False,operator,sniper,,0.7200,0.4622,xeus,FUT Esports,jett,True,100,50,2,1,1,2,False,vandal,rifle,,0.7456,0.3656,sociablEE,FUT Esports,fade,False,,25,2,1,1,3,False,unknown,unknown,,,,yetujey,FUT Esports,astra,True,95,40,1,0,0,3,False,phantom,rifle,,0.4756,0.4856,KROSTALY,FUT Esports,kayo,True,100,4,1,2,1,2,False,classic,sidearm,,0.7211,0.3811,Chronicle,Team Vitality,chamber,False,,50,0,0,0,1,False,unknown,unknown,,,,Derke,Team Vitality,neon,False,,50,1,0,1,3,False,phantom,rifle,,,,Jamppi,Team Vitality,kayo,False,,50,1,1,1,0,False,vandal,rifle,,,,Sayonara,Team Vitality,sova,False,,50,0,2,1,7,True,vandal,rifle,,,,PROFEK,Team Vitality,astra,True,100,50,2,2,0,0,False,phantom,rifle,,0.5689,0.5567
1107.940,2071,ACTIVE_ROUND,6,3,4,31.000,,,s0pp,FUT Esports,chamber,True,100,50,0,5,0,2,False,operator,sniper,,0.7200,0.4622,xeus,FUT Esports,jett,True,100,50,2,1,1,2,False,vandal,rifle,,0.7389,0.3656,sociablEE,FUT Esports,fade,False,,25,2,1,1,3,False,unknown,unknown,,,,yetujey,FUT Esports,astra,True,95,40,1,0,0,3,False,phantom,rifle,,0.4756,0.4856,KROSTALY,FUT Esports,kayo,True,100,4,1,2,1,2,False,classic,sidearm,,0.7167,0.3878,Chronicle,Team Vitality,chamber,False,,50,0,0,0,1,False,unknown,unknown,,,,Derke,Team Vitality,neon,False,,50,1,0,1,3,False,phantom,rifle,,,,Jamppi,Team Vitality,kayo,False,,50,1,1,1,0,False,vandal,rifle,,,,Sayonara,Team Vitality,sova,False,,50,0,2,1,7,True,vandal,rifle,,,,PROFEK,Team Vitality,astra,True,100,50,2,2,0,0,False,phantom,rifle,,0.5711,0.5344
1108.424,2072,ACTIVE_ROUND,6,3,4,30.000,,,s0pp,FUT Esports,chamber,True,100,50,0,5,0,2,False,operator,sniper,,0.7200,0.4622,xeus,FUT Esports,jett,True,100,50,2,1,1,2,False,vandal,rifle,,0.7322,0.3656,sociablEE,FUT Esports,fade,False,,25,2,1,1,3,False,unknown,unknown,,,,yetujey,FUT Esports,astra,True,95,40,1,0,0,3,False,phantom,rifle,,0.4756,0.4856,KROSTALY,FUT Esports,kayo,True,100,4,1,2,1,2,False,classic,sidearm,,0.7144,0.3967,Chronicle,Team Vitality,chamber,False,,50,0,0,0,1,False,unknown,unknown,,,,Derke,Team Vitality,neon,False,,50,1,0,1,3,False,phantom,rifle,,,,Jamppi,Team Vitality,kayo,False,,50,1,1,1,0,False,vandal,rifle,,,,Sayonara,Team Vitality,sova,False,,50,0,2,1,7,True,vandal,rifle,,,,PROFEK,Team Vitality,astra,True,100,50,2,3,0,0,False,phantom,rifle,,0.5689,0.5567
1108.908,2073,ACTIVE_ROUND,6,3,4,30.000,,,s0pp,FUT Esports,chamber,True,100,50,0,5,0,2,False,operator,sniper,,0.7200,0.4622,xeus,FUT Esports,jett,True,100,50,2,1,1,2,False,vandal,rifle,,0.7211,0.3722,sociablEE,FUT Esports,fade,False,,25,2,1,1,3,False,unknown,unknown,,,,yetujey,FUT Esports,astra,True,95,40,1,0,0,3,False,phantom,rifle,,0.4756,0.4856,KROSTALY,FUT Esports,kayo,True,100,4,1,2,1,2,False,classic,sidearm,,0.7144,0.4056,Chronicle,Team Vitality,chamber,False,,50,0,0,0,1,False,unknown,unknown,,,,Derke,Team Vitality,neon,False,,50,1,0,1,3,False,phantom,rifle,,,,Jamppi,Team Vitality,kayo,False,,50,1,1,1,0,False,vandal,rifle,,,,Sayonara,Team Vitality,sova,False,,50,0,2,1,7,True,vandal,rifle,,,,PROFEK,Team Vitality,astra,True,100,50,2,3,0,0,False,phantom,rifle,,0.5689,0.5567
1109.392,2074,ACTIVE_ROUND,6,3,4,29.000,,,s0pp,FUT Esports,chamber,True,100,50,0,5,0,2,False,operator,sniper,,0.7200,0.4622,xeus,FUT Esports,jett,True,100,50,2,1,1,2,False,vandal,rifle,,0.7211,0.3767,sociablEE,FUT Esports,fade,False,,25,2,1,1,3,False,unknown,unknown,,,,yetujey,FUT Esports,astra,True,95,40,1,0,0,3,False,phantom,rifle,,0.4756,0.4856,KROSTALY,FUT Esports,kayo,True,100,4,1,2,1,2,False,classic,sidearm,,0.7189,0.4100,Chronicle,Team Vitality,chamber,False,,50,0,0,0,1,False,unknown,unknown,,,,Derke,Team Vitality,neon,False,,50,1,0,1,3,False,phantom,rifle,,,,Jamppi,Team Vitality,kayo,False,,50,1,1,1,0,False,vandal,rifle,,,,Sayonara,Team Vitality,sova,False,,50,0,2,1,7,True,vandal,rifle,,,,PROFEK,Team Vitality,astra,True,100,50,2,3,0,0,False,phantom,rifle,,0.5689,0.5589
1109.875,2075,ACTIVE_ROUND,6,3,4,29.000,,,s0pp,FUT Esports,chamber,True,100,50,0,5,0,2,False,operator,sniper,,0.7200,0.4622,xeus,FUT Esports,jett,True,100,50,2,1,1,2,False,vandal,rifle,,0.7211,0.3767,sociablEE,FUT Esports,fade,False,,25,2,1,1,3,False,unknown,unknown,,,,yetujey,FUT Esports,astra,True,95,40,1,0,0,3,False,phantom,rifle,,0.4756,0.4856,KROSTALY,FUT Esports,kayo,True,100,4,1,2,1,2,False,classic,sidearm,,0.7300,0.1878,Chronicle,Team Vitality,chamber,False,,50,0,0,0,1,False,unknown,unknown,,,,Derke,Team Vitality,neon,False,,50,1,0,1,3,False,phantom,rifle,,,,Jamppi,Team Vitality,kayo,False,,50,1,1,1,0,False,vandal,rifle,,,,Sayonara,Team Vitality,sova,False,,50,0,2,1,7,True,vandal,rifle,,,,PROFEK,Team Vitality,astra,True,100,50,2,3,0,0,False,phantom,rifle,,0.5689,0.5544
1110.359,2076,POST_ROUND,6,4,4,,,0.000,s0pp,FUT Esports,chamber,True,100,50,0,5,0,2,False,operator,sniper,,0.7200,0.4622,xeus,FUT Esports,jett,True,100,50,2,1,1,2,False,vandal,rifle,,0.7211,0.3767,sociablEE,FUT Esports,fade,False,,25,2,1,1,3,False,unknown,unknown,,,,yetujey,FUT Esports,astra,True,95,40,1,0,0,4,False,phantom,rifle,,0.4756,0.4856,KROSTALY,FUT Esports,kayo,True,100,4,1,2,1,2,False,classic,sidearm,,0.7300,0.1878,Chronicle,Team Vitality,chamber,False,,50,0,0,0,1,False,unknown,unknown,,,,Derke,Team Vitality,neon,False,,50,1,0,1,3,False,phantom,rifle,,,,Jamppi,Team Vitality,kayo,False,,50,1,1,1,0,False,vandal,rifle,,,,Sayonara,Team Vitality,sova,False,,50,0,2,1,7,True,vandal,rifle,,,,PROFEK,Team Vitality,astra,True,100,50,0,0,0,1,False,unknown,unknown,,0.5689,0.5544
1110.843,2077,POST_ROUND,6,4,4,,,0.484,s0pp,FUT Esports,chamber,True,100,50,0,5,0,2,False,operator,sniper,,0.7200,0.4622,xeus,FUT Esports,jett,True,100,50,2,1,1,2,False,vandal,rifle,,0.7211,0.3767,sociablEE,FUT Esports,fade,False,,25,2,1,1,3,False,unknown,unknown,,,,yetujey,FUT Esports,astra,True,95,40,1,0,0,4,False,phantom,rifle,,0.4756,0.4856,KROSTALY,FUT Esports,kayo,True,100,4,1,2,1,2,False,classic,sidearm,,0.7300,0.1878,Chronicle,Team Vitality,chamber,False,,50,0,0,0,1,False,unknown,unknown,,,,Derke,Team Vitality,neon,False,,50,1,0,1,3,False,phantom,rifle,,,,Jamppi,Team Vitality,kayo,False,,50,1,1,1,0,False,vandal,rifle,,,,Sayonara,Team Vitality,sova,False,,50,0,2,1,7,True,vandal,rifle,,,,PROFEK,Team Vitality,astra,False,,50,0,0,0,1,False,unknown,unknown,,0.5689,0.5544
1111.327,2078,POST_ROUND,6,4,4,,,0.968,s0pp,FUT Esports,chamber,True,100,50,0,5,0,2,False,operator,sniper,,0.7200,0.4622,xeus,FUT Esports,jett,True,100,50,2,1,1,2,False,vandal,rifle,,0.7211,0.3767,sociablEE,FUT Esports,fade,False,,25,2,1,1,3,False,unknown,unknown,,,,yetujey,FUT Esports,astra,True,95,40,1,0,0,4,False,phantom,rifle,,0.4756,0.4856,KROSTALY,FUT Esports,kayo,True,100,4,1,2,1,2,False,classic,sidearm,,0.7300,0.1878,Chronicle,Team Vitality,chamber,False,,50,0,0,0,1,False,unknown,unknown,,,,Derke,Team Vitality,neon,False,,50,1,0,1,3,False,phantom,rifle,,,,Jamppi,Team Vitality,kayo,False,,50,1,1,1,0,False,vandal,rifle,,,,Sayonara,Team Vitality,sova,False,,50,0,2,1,7,True,vandal,rifle,,,,PROFEK,Team Vitality,astra,False,,50,0,0,0,1,False,unknown,unknown,,0.5689,0.5544
1111.811,2079,POST_ROUND,6,4,4,,,1.451,s0pp,FUT Esports,chamber,True,100,50,0,5,0,2,False,operator,sniper,,0.7200,0.4622,xeus,FUT Esports,jett,True,100,50,2,1,1,2,False,vandal,rifle,,0.7211,0.3767,sociablEE,FUT Esports,fade,False,,25,2,1,1,3,False,unknown,unknown,,,,yetujey,FUT Esports,astra,True,95,40,1,0,0,4,False,phantom,rifle,,0.4756,0.4856,KROSTALY,FUT Esports,kayo,True,100,4,1,2,1,2,False,classic,sidearm,,0.7300,0.1878,Chronicle,Team Vitality,chamber,False,,50,0,0,0,1,False,unknown,unknown,,,,Derke,Team Vitality,neon,False,,50,1,0,1,3,False,phantom,rifle,,,,Jamppi,Team Vitality,kayo,False,,50,1,1,1,0,False,vandal,rifle,,,,Sayonara,Team Vitality,sova,False,,50,0,2,1,7,True,vandal,rifle,,,,PROFEK,Team Vitality,astra,False,,50,0,0,0,1,False,unknown,unknown,,0.5689,0.5544
1112.295,2080,POST_ROUND,6,4,4,,,1.935,s0pp,FUT Esports,chamber,True,100,50,0,5,0,2,False,operator,sniper,,0.7200,0.4622,xeus,FUT Esports,jett,True,100,50,2,1,1,2,False,vandal,rifle,,0.7211,0.3767,sociablEE,FUT Esports,fade,False,,25,2,1,1,3,False,unknown,unknown,,,,yetujey,FUT Esports,astra,True,95,40,1,0,0,4,False,phantom,rifle,,0.4756,0.4856,KROSTALY,FUT Esports,kayo,True,100,4,1,2,1,2,False,bandit,sidearm,,0.7300,0.1878,Chronicle,Team Vitality,chamber,False,,50,0,0,0,1,False,unknown,unknown,,,,Derke,Team Vitality,neon,False,,50,1,0,1,3,False,phantom,rifle,,,,Jamppi,Team Vitality,kayo,False,,50,1,1,1,0,False,vandal,rifle,,,,Sayonara,Team Vitality,sova,False,,50,0,2,1,7,True,vandal,rifle,,,,PROFEK,Team Vitality,astra,False,,50,0,0,0,1,False,unknown,unknown,,0.5689,0.5544
1112.778,2081,POST_ROUND,6,4,4,,,2.419,s0pp,FUT Esports,chamber,True,100,50,0,5,0,2,False,operator,sniper,,0.7200,0.4622,xeus,FUT Esports,jett,True,100,50,2,1,1,2,False,vandal,rifle,,0.7211,0.3767,sociablEE,FUT Esports,fade,False,,25,2,1,1,3,False,unknown,unknown,,,,yetujey,FUT Esports,astra,True,95,40,1,0,0,4,False,phantom,rifle,,0.4756,0.4856,KROSTALY,FUT Esports,kayo,True,100,4,1,2,1,2,False,bandit,sidearm,,0.7300,0.1878,Chronicle,Team Vitality,chamber,False,,50,0,0,0,1,False,unknown,unknown,,,,Derke,Team Vitality,neon,False,,50,1,0,1,3,False,phantom,rifle,,,,Jamppi,Team Vitality,kayo,False,,50,1,1,1,0,False,vandal,rifle,,,,Sayonara,Team Vitality,sova,False,,50,0,2,1,7,True,vandal,rifle,,,,PROFEK,Team Vitality,astra,False,,50,0,0,0,1,False,unknown,unknown,,0.5689,0.5544
1113.262,2082,POST_ROUND,6,4,4,,,2.903,s0pp,FUT Esports,chamber,True,100,50,0,5,0,2,False,operator,sniper,,0.7200,0.4622,xeus,FUT Esports,jett,True,100,50,2,1,1,2,False,vandal,rifle,,0.7211,0.3767,sociablEE,FUT Esports,fade,False,,25,2,1,1,3,False,unknown,unknown,,,,yetujey,FUT Esports,astra,True,95,40,1,0,0,4,False,phantom,rifle,,0.4756,0.4856,KROSTALY,FUT Esports,kayo,True,100,4,1,2,1,2,False,bandit,sidearm,,0.7300,0.1878,Chronicle,Team Vitality,chamber,False,,50,0,0,0,1,False,unknown,unknown,,,,Derke,Team Vitality,neon,False,,50,1,0,1,3,False,phantom,rifle,,,,Jamppi,Team Vitality,kayo,False,,50,1,1,1,0,False,vandal,rifle,,,,Sayonara,Team Vitality,sova,False,,50,0,2,1,7,True,vandal,rifle,,,,PROFEK,Team Vitality,astra,False,,50,0,0,0,1,False,unknown,unknown,,0.5689,0.5544
1140.840,2139,PREROUND,7,4,4,,,,s0pp,FUT Esports,chamber,True,,,0,8,1,2,False,,,,,,xeus,FUT Esports,jett,True,,,2,1,1,2,False,,,,,,sociablEE,FUT Esports,fade,True,,,2,1,1,3,False,,,,,,yetujey,FUT Esports,astra,True,,,1,3,1,4,False,,,,,,KROSTALY,FUT Esports,kayo,True,,,1,2,1,2,False,,,,,,Chronicle,Team Vitality,chamber,True,,,0,8,1,1,False,,,,,,Derke,Team Vitality,neon,True,,,1,1,1,4,False,,,,,,Jamppi,Team Vitality,kayo,True,,,1,2,1,1,False,,,,,,Sayonara,Team Vitality,sova,True,,,1,2,1,7,True,,,,,,PROFEK,Team Vitality,astra,True,,,2,2,1,1,False,,,,,
1141.324,2140,PREROUND,7,4,4,,,,s0pp,FUT Esports,chamber,True,,,0,8,1,2,False,,,,,,xeus,FUT Esports,jett,True,,,2,1,1,2,False,,,,,,sociablEE,FUT Esports,fade,True,,,2,1,1,3,False,,,,,,yetujey,FUT Esports,astra,True,,,1,3,1,4,False,,,,,,KROSTALY,FUT Esports,kayo,True,,,1,2,1,2,False,,,,,,Chronicle,Team Vitality,chamber,True,,,0,8,1,1,False,,,,,,Derke,Team Vitality,neon,True,,,1,1,1,4,False,,,,,,Jamppi,Team Vitality,kayo,True,,,1,2,1,1,False,,,,,,Sayonara,Team Vitality,sova,True,,,1,2,1,7,True,,,,,,PROFEK,Team Vitality,astra,True,,,2,2,1,1,False,,,,,
1141.807,2141,PREROUND,7,4,4,,,,s0pp,FUT Esports,chamber,True,,,0,8,1,2,False,,,,,,xeus,FUT Esports,jett,True,,,2,1,1,2,False,,,,,,sociablEE,FUT Esports,fade,True,,,2,1,1,3,False,,,,,,yetujey,FUT Esports,astra,True,,,1,3,1,4,False,,,,,,KROSTALY,FUT Esports,kayo,True,,,1,2,1,2,False,,,,,,Chronicle,Team Vitality,chamber,True,,,0,8,1,1,False,,,,,,Derke,Team Vitality,neon,True,,,1,1,1,4,False,,,,,,Jamppi,Team Vitality,kayo,True,,,1,2,1,1,False,,,,,,Sayonara,Team Vitality,sova,True,,,1,2,1,7,True,,,,,,PROFEK,Team Vitality,astra,True,,,2,2,1,1,False,,,,,
1142.291,2142,PREROUND,7,4,4,,,,s0pp,FUT Esports,chamber,True,,,0,8,1,2,False,,,,,,xeus,FUT Esports,jett,True,,,2,1,1,2,False,,,,,,sociablEE,FUT Esports,fade,True,,,2,1,1,3,False,,,,,,yetujey,FUT Esports,astra,True,,,1,3,1,4,False,,,,,,KROSTALY,FUT Esports,kayo,True,,,1,2,1,2,False,,,,,,Chronicle,Team Vitality,chamber,True,,,0,8,1,1,False,,,,,,Derke,Team Vitality,neon,True,,,1,1,1,4,False,,,,,,Jamppi,Team Vitality,kayo,True,,,1,2,1,1,False,,,,,,Sayonara,Team Vitality,sova,True,,,1,2,1,7,True,,,,,,PROFEK,Team Vitality,astra,True,,,2,2,1,1,False,,,,,
1142.775,2143,PREROUND,7,4,4,,,,s0pp,FUT Esports,chamber,True,,,0,8,1,2,False,,,,,,xeus,FUT Esports,jett,True,,,2,1,1,2,False,,,,,,sociablEE,FUT Esports,fade,True,,,2,1,1,3,False,,,,,,yetujey,FUT Esports,astra,True,,,1,3,1,4,False,,,,,,KROSTALY,FUT Esports,kayo,True,,,1,2,1,2,False,,,,,,Chronicle,Team Vitality,chamber,True,,,0,8,1,1,False,,,,,,Derke,Team Vitality,neon,True,,,1,1,1,4,False,,,,,,Jamppi,Team Vitality,kayo,True,,,1,2,1,1,False,,,,,,Sayonara,Team Vitality,sova,True,,,1,2,1,7,True,,,,,,PROFEK,Team Vitality,astra,True,,,2,2,1,1,False,,,,,
1143.259,2144,PREROUND,7,4,4,,,,s0pp,FUT Esports,chamber,True,,,0,8,1,2,False,,,,,,xeus,FUT Esports,jett,True,,,2,1,1,2,False,,,,,,sociablEE,FUT Esports,fade,True,,,2,1,1,3,False,,,,,,yetujey,FUT Esports,astra,True,,,1,3,1,4,False,,,,,,KROSTALY,FUT Esports,kayo,True,,,1,2,1,2,False,,,,,,Chronicle,Team Vitality,chamber,True,,,0,8,1,1,False,,,,,,Derke,Team Vitality,neon,True,,,1,1,1,4,False,,,,,,Jamppi,Team Vitality,kayo,True,,,1,2,1,1,False,,,,,,Sayonara,Team Vitality,sova,True,,,1,2,1,7,True,,,,,,PROFEK,Team Vitality,astra,True,,,2,2,1,1,False,,,,,
1143.743,2145,PREROUND,7,4,4,,,,s0pp,FUT Esports,chamber,True,,,0,8,1,2,False,,,,,,xeus,FUT Esports,jett,True,,,2,1,1,2,False,,,,,,sociablEE,FUT Esports,fade,True,,,2,1,1,3,False,,,,,,yetujey,FUT Esports,astra,True,,,1,3,1,4,False,,,,,,KROSTALY,FUT Esports,kayo,True,,,1,2,1,2,False,,,,,,Chronicle,Team Vitality,chamber,True,,,0,8,1,1,False,,,,,,Derke,Team Vitality,neon,True,,,1,1,1,4,False,,,,,,Jamppi,Team Vitality,kayo,True,,,1,2,1,1,False,,,,,,Sayonara,Team Vitality,sova,True,,,1,2,1,7,True,,,,,,PROFEK,Team Vitality,astra,True,,,2,2,1,1,False,,,,,
1144.226,2146,PREROUND,7,4,4,,,,s0pp,FUT Esports,chamber,True,,,0,8,1,2,False,,,,,,xeus,FUT Esports,jett,True,,,2,1,1,2,False,,,,,,sociablEE,FUT Esports,fade,True,,,2,1,1,3,False,,,,,,yetujey,FUT Esports,astra,True,,,1,3,1,4,False,,,,,,KROSTALY,FUT Esports,kayo,True,,,1,2,1,2,False,,,,,,Chronicle,Team Vitality,chamber,True,,,0,8,1,1,False,,,,,,Derke,Team Vitality,neon,True,,,1,1,1,4,False,,,,,,Jamppi,Team Vitality,kayo,True,,,1,2,1,1,False,,,,,,Sayonara,Team Vitality,sova,True,,,1,2,1,7,True,,,,,,PROFEK,Team Vitality,astra,True,,,2,2,1,1,False,,,,,
1144.710,2147,PREROUND,7,4,4,,,,s0pp,FUT Esports,chamber,True,,,1,8,1,2,False,,,,,,xeus,FUT Esports,jett,True,,,2,1,1,2,False,,,,,,sociablEE,FUT Esports,fade,True,,,2,1,1,3,False,,,,,,yetujey,FUT Esports,astra,True,,,1,3,1,4,False,,,,,,KROSTALY,FUT Esports,kayo,True,,,1,2,1,2,False,,,,,,Chronicle,Team Vitality,chamber,True,,,0,8,1,1,False,,,,,,Derke,Team Vitality,neon,True,,,1,1,1,4,False,,,,,,Jamppi,Team Vitality,kayo,True,,,1,2,1,1,False,,,,,,Sayonara,Team Vitality,sova,True,,,1,2,1,7,True,,,,,,PROFEK,Team Vitality,astra,True,,,2,2,1,1,False,,,,,
1145.194,2148,PREROUND,7,4,4,,,,s0pp,FUT Esports,chamber,True,,,1,8,1,2,False,,,,,,xeus,FUT Esports,jett,True,,,2,1,1,2,False,,,,,,sociablEE,FUT Esports,fade,True,,,2,1,1,3,False,,,,,,yetujey,FUT Esports,astra,True,,,1,3,1,4,False,,,,,,KROSTALY,FUT Esports,kayo,True,,,1,2,1,2,False,,,,,,Chronicle,Team Vitality,chamber,True,,,0,8,1,1,False,,,,,,Derke,Team Vitality,neon,True,,,1,1,1,4,False,,,,,,Jamppi,Team Vitality,kayo,True,,,1,2,1,1,False,,,,,,Sayonara,Team Vitality,sova,True,,,1,2,1,7,True,,,,,,PROFEK,Team Vitality,astra,True,,,2,2,1,1,False,,,,,
1145.678,2149,PREROUND,7,4,4,,,,s0pp,FUT Esports,chamber,True,,,1,8,1,2,False,,,,,,xeus,FUT Esports,jett,True,,,2,1,1,2,False,,,,,,sociablEE,FUT Esports,fade,True,,,2,1,1,3,False,,,,,,yetujey,FUT Esports,astra,True,,,0,3,2,4,False,,,,,,KROSTALY,FUT Esports,kayo,True,,,1,2,1,2,False,,,,,,Chronicle,Team Vitality,chamber,True,,,0,8,1,1,False,,,,,,Derke,Team Vitality,neon,True,,,1,1,1,4,False,,,,,,Jamppi,Team Vitality,kayo,True,,,1,2,1,1,False,,,,,,Sayonara,Team Vitality,sova,True,,,1,2,1,7,True,,,,,,PROFEK,Team Vitality,astra,True,,,2,2,1,1,False,,,,,
1146.162,2150,PREROUND,7,4,4,,,,s0pp,FUT Esports,chamber,True,,,1,8,1,2,False,,,,,,xeus,FUT Esports,jett,True,,,2,1,1,2,False,,,,,,sociablEE,FUT Esports,fade,True,,,2,1,1,3,False,,,,,,yetujey,FUT Esports,astra,True,,,0,3,2,4,False,,,,,,KROSTALY,FUT Esports,kayo,True,,,1,2,1,2,False,,,,,,Chronicle,Team Vitality,chamber,True,,,0,8,1,1,False,,,,,,Derke,Team Vitality,neon,True,,,1,1,1,4,False,,,,,,Jamppi,Team Vitality,kayo,True,,,1,2,1,1,False,,,,,,Sayonara,Team Vitality,sova,True,,,1,2,1,7,True,,,,,,PROFEK,Team Vitality,astra,True,,,2,2,1,1,False,,,,,
1146.646,2151,PREROUND,7,4,4,,,,s0pp,FUT Esports,chamber,True,,,0,8,1,2,False,,,,,,xeus,FUT Esports,jett,True,,,2,1,1,2,False,,,,,,sociablEE,FUT Esports,fade,True,,,2,1,1,3,False,,,,,,yetujey,FUT Esports,astra,True,,,0,3,2,4,False,,,,,,KROSTALY,FUT Esports,kayo,True,,,1,2,1,2,False,,,,,,Chronicle,Team Vitality,chamber,True,,,0,8,1,1,False,,,,,,Derke,Team Vitality,neon,True,,,1,1,1,4,False,,,,,,Jamppi,Team Vitality,kayo,True,,,1,2,1,1,False,,,,,,Sayonara,Team Vitality,sova,True,,,1,2,1,7,True,,,,,,PROFEK,Team Vitality,astra,True,,,2,2,1,1,False,,,,,
1147.129,2152,PREROUND,7,4,4,,,,s0pp,FUT Esports,chamber,True,,,0,8,1,2,False,,,,,,xeus,FUT Esports,jett,True,,,2,1,1,2,False,,,,,,sociablEE,FUT Esports,fade,True,,,2,1,1,3,False,,,,,,yetujey,FUT Esports,astra,True,,,0,3,2,4,False,,,,,,KROSTALY,FUT Esports,kayo,True,,,1,2,1,2,False,,,,,,Chronicle,Team Vitality,chamber,True,,,0,8,1,1,False,,,,,,Derke,Team Vitality,neon,True,,,1,1,1,4,False,,,,,,Jamppi,Team Vitality,kayo,True,,,1,2,1,1,False,,,,,,Sayonara,Team Vitality,sova,True,,,1,2,1,7,True,,,,,,PROFEK,Team Vitality,astra,True,,,2,2,1,1,False,,,,,
1147.613,2153,ACTIVE_ROUND,7,4,4,99.000,,,s0pp,FUT Esports,chamber,True,100,50,0,8,1,2,False,,,,,,xeus,FUT Esports,jett,True,100,50,2,1,1,2,False,,,,0.1256,0.4878,sociablEE,FUT Esports,fade,True,100,50,2,1,1,3,False,,,,0.2011,0.4378,yetujey,FUT Esports,astra,True,100,40,0,3,2,4,False,,,,,,KROSTALY,FUT Esports,kayo,True,100,50,1,2,1,2,False,,,,0.8233,0.3189,Chronicle,Team Vitality,chamber,True,100,50,0,8,1,1,False,,,,0.4811,0.4133,Derke,Team Vitality,neon,True,100,50,1,1,1,4,False,,,,,,Jamppi,Team Vitality,kayo,True,100,50,1,2,1,1,False,,,,,,Sayonara,Team Vitality,sova,True,100,50,1,2,1,7,True,,,,,,PROFEK,Team Vitality,astra,True,100,50,2,2,1,1,False,,,,,
1148.097,2154,ACTIVE_ROUND,7,4,4,98.000,,,s0pp,FUT Esports,chamber,True,100,50,0,8,1,2,False,,,,0.8311,0.4000,xeus,FUT Esports,jett,True,100,50,2,1,1,2,False,,,,0.1233,0.5011,sociablEE,FUT Esports,fade,True,100,50,2,1,1,3,False,,,,0.1833,0.4489,yetujey,FUT Esports,astra,True,100,40,0,3,2,4,False,,,,,,KROSTALY,FUT Esports,kayo,True,100,50,1,2,1,2,False,,,,0.8256,0.3278,Chronicle,Team Vitality,chamber,True,100,50,0,8,1,1,False,,,,0.2611,0.3600,Derke,Team Vitality,neon,True,100,50,1,1,1,4,False,,,,,,Jamppi,Team Vitality,kayo,True,100,50,1,2,1,1,False,,,,,,Sayonara,Team Vitality,sova,True,100,50,1,2,1,7,True,,,,,,PROFEK,Team Vitality,astra,True,100,50,2,2,1,1,False,,,,,
1148.581,2155,ACTIVE_ROUND,7,4,4,98.000,,,s0pp,FUT Esports,chamber,True,100,50,0,8,1,2,False,,,,0.8489,0.4089,xeus,FUT Esports,jett,True,100,50,2,1,1,2,False,,,,0.1233,0.5122,sociablEE,FUT Esports,fade,True,100,50,2,1,1,3,False,,,,0.1722,0.4667,yetujey,FUT Esports,astra,True,100,40,0,3,2,4,False,,,,,,KROSTALY,FUT Esports,kayo,True,100,50,1,2,1,2,False,,,,0.8344,0.3344,Chronicle,Team Vitality,chamber,True,100,50,0,8,1,1,False,,,,0.6011,0.8356,Derke,Team Vitality,neon,True,100,50,1,1,1,4,False,,,,0.2644,0.7178,Jamppi,Team Vitality,kayo,True,100,50,1,2,1,1,False,,,,,,Sayonara,Team Vitality,sova,True,100,50,1,2,1,7,True,,,,,,PROFEK,Team Vitality,astra,True,100,50,2,2,1,1,False,,,,,
1149.065,2156,ACTIVE_ROUND,7,4,4,97.000,,,s0pp,FUT Esports,chamber,True,100,50,0,8,1,2,False,operator,sniper,,0.8378,0.4200,xeus,FUT Esports,jett,True,100,50,2,1,1,2,False,vandal,rifle,,0.1256,0.5233,sociablEE,FUT Esports,fade,True,100,50,2,1,1,3,False,phantom,rifle,,0.1722,0.4667,yetujey,FUT Esports,astra,True,100,40,1,1,0,4,False,phantom,rifle,,0.5733,0.3922,KROSTALY,FUT Esports,kayo,True,100,50,1,2,0,2,False,vandal,rifle,,0.8389,0.3456,Chronicle,Team Vitality,chamber,True,100,50,0,8,1,1,False,phantom,rifle,,0.3100,0.7422,Derke,Team Vitality,neon,True,100,50,1,1,1,4,False,phantom,rifle,,0.2444,0.7200,Jamppi,Team Vitality,kayo,True,100,50,1,2,0,1,False,vandal,rifle,,,,Sayonara,Team Vitality,sova,True,100,50,1,2,1,7,True,vandal,rifle,,0.3378,0.8133,PROFEK,Team Vitality,astra,True,100,50,1,2,0,1,False,phantom,rifle,,,
1149.548,2157,ACTIVE_ROUND,7,4,4,97.000,,,s0pp,FUT Esports,chamber,True,100,50,0,8,1,2,False,operator,sniper,,0.8378,0.4200,xeus,FUT Esports,jett,True,100,50,2,1,1,2,False,vandal,rifle,,0.1233,0.5278,sociablEE,FUT Esports,fade,True,100,50,2,1,1,3,False,phantom,rifle,,0.1722,0.4667,yetujey,FUT Esports,astra,True,100,40,1,1,0,4,False,phantom,rifle,,0.5844,0.3856,KROSTALY,FUT Esports,kayo,True,100,50,1,2,0,2,False,vandal,rifle,,0.8389,0.3544,Chronicle,Team Vitality,chamber,True,100,50,0,8,1,1,False,phantom,rifle,,0.5300,0.4022,Derke,Team Vitality,neon,True,100,50,1,1,1,4,False,phantom,rifle,,0.2444,0.7200,Jamppi,Team Vitality,kayo,True,100,50,1,2,0,1,False,vandal,rifle,,,,Sayonara,Team Vitality,sova,True,100,50,1,2,1,7,True,vandal,rifle,,0.3311,0.8044,PROFEK,Team Vitality,astra,True,100,50,1,2,0,1,False,phantom,rifle,,,
1150.032,2158,ACTIVE_ROUND,7,4,4,96.000,,,s0pp,FUT Esports,chamber,True,100,50,0,8,1,2,False,operator,sniper,,0.5978,0.3844,xeus,FUT Esports,jett,True,100,50,2,1,1,2,False,vandal,rifle,,0.1233,0.5344,sociablEE,FUT Esports,fade,True,100,50,2,1,1,3,False,phantom,rifle,,0.1722,0.4667,yetujey,FUT Esports,astra,True,100,40,1,1,0,4,False,phantom,rifle,,0.5844,0.3856,KROSTALY,FUT Esports,kayo,True,100,50,1,2,0,2,False,vandal,rifle,,0.8344,0.3611,Chronicle,Team Vitality,chamber,True,100,50,0,8,1,1,False,phantom,rifle,,0.2633,0.8133,Derke,Team Vitality,neon,True,100,50,1,1,1,4,False,phantom,rifle,,0.2444,0.7200,Jamppi,Team Vitality,kayo,True,100,50,1,2,0,1,False,vandal,rifle,,,,Sayonara,Team Vitality,sova,True,100,50,1,2,1,7,True,vandal,rifle,,0.3311,0.8044,PROFEK,Team Vitality,astra,True,100,50,1,2,0,1,False,phantom,rifle,,,
1150.516,2159,ACTIVE_ROUND,7,4,4,96.000,,,s0pp,FUT Esports,chamber,True,100,50,0,8,1,2,False,operator,sniper,,0.5978,0.3844,xeus,FUT Esports,jett,True,100,50,2,1,1,2,False,vandal,rifle,,0.1233,0.5433,sociablEE,FUT Esports,fade,True,100,50,2,1,1,3,False,phantom,rifle,,0.1811,0.4644,yetujey,FUT Esports,astra,True,100,40,1,1,0,4,False,phantom,rifle,,0.5844,0.3856,KROSTALY,FUT Esports,kayo,True,100,50,1,2,0,2,False,vandal,rifle,,0.8278,0.3700,Chronicle,Team Vitality,chamber,True,100,50,0,8,1,1,False,phantom,rifle,,0.5478,0.3956,Derke,Team Vitality,neon,True,100,50,1,1,1,4,False,phantom,rifle,,0.2444,0.7200,Jamppi,Team Vitality,kayo,True,100,50,1,2,0,1,False,vandal,rifle,,,,Sayonara,Team Vitality,sova,True,100,50,1,2,1,7,True,vandal,rifle,,0.3311,0.8044,PROFEK,Team Vitality,astra,True,100,50,1,2,0,1,False,phantom,rifle,,,
1151.000,2160,ACTIVE_ROUND,7,4,4,95.000,,,s0pp,FUT Esports,chamber,True,100,50,0,8,1,2,False,operator,sniper,,0.8622,0.4978,xeus,FUT Esports,jett,True,100,50,2,1,1,2,False,vandal,rifle,,0.1167,0.5478,sociablEE,FUT Esports,fade,True,100,50,2,1,0,3,False,phantom,rifle,,0.8233,0.3822,yetujey,FUT Esports,astra,True,100,40,1,2,0,4,False,phantom,rifle,,0.6044,0.3989,KROSTALY,FUT Esports,kayo,True,100,50,1,2,0,2,False,vandal,rifle,,0.5922,0.4189,Chronicle,Team Vitality,chamber,True,100,50,0,8,1,1,False,phantom,rifle,,0.5256,0.5578,Derke,Team Vitality,neon,True,100,50,1,1,1,4,False,phantom,rifle,,0.2444,0.7200,Jamppi,Team Vitality,kayo,True,100,50,1,2,0,1,False,vandal,rifle,,,,Sayonara,Team Vitality,sova,True,100,50,1,2,0,7,True,vandal,rifle,,0.3311,0.8044,PROFEK,Team Vitality,astra,True,100,50,1,1,0,1,False,phantom,rifle,,,
1151.484,2161,ACTIVE_ROUND,7,4,4,95.000,,,s0pp,FUT Esports,chamber,True,100,50,0,8,1,2,False,operator,sniper,,0.8756,0.5156,xeus,FUT Esports,jett,True,100,50,2,1,1,2,False,vandal,rifle,,0.1167,0.5500,sociablEE,FUT Esports,fade,True,100,50,2,1,0,3,False,phantom,rifle,,0.1811,0.4711,yetujey,FUT Esports,astra,True,100,40,1,2,0,4,False,phantom,rifle,,0.6044,0.3989,KROSTALY,FUT Esports,kayo,True,100,50,1,2,0,2,False,vandal,rifle,,0.8167,0.3944,Chronicle,Team Vitality,chamber,True,100,50,0,8,1,1,False,phantom,rifle,,0.1122,0.7156,Derke,Team Vitality,neon,True,100,50,1,1,1,4,False,phantom,rifle,,0.2444,0.7200,Jamppi,Team Vitality,kayo,True,100,50,1,2,0,1,False,vandal,rifle,,0.3489,0.7867,Sayonara,Team Vitality,sova,True,100,50,1,2,0,7,True,vandal,rifle,,0.3311,0.8044,PROFEK,Team Vitality,astra,True,100,50,1,1,0,1,False,phantom,rifle,,,
1151.967,2162,ACTIVE_ROUND,7,4,4,94.000,,,s0pp,FUT Esports,chamber,True,100,50,0,8,1,2,False,operator,sniper,,0.8933,0.5333,xeus,FUT Esports,jett,True,100,50,2,1,1,2,False,vandal,rifle,,0.1167,0.5522,sociablEE,FUT Esports,fade,True,100,50,2,1,0,3,False,phantom,rifle,,0.1811,0.4711,yetujey,FUT Esports,astra,True,100,40,1,2,0,4,False,phantom,rifle,,0.6044,0.3989,KROSTALY,FUT Esports,kayo,True,100,50,1,2,0,2,False,vandal,rifle,,0.8144,0.4144,Chronicle,Team Vitality,chamber,True,100,50,0,8,1,1,False,phantom,rifle,,0.2633,0.7622,Derke,Team Vitality,neon,True,100,50,1,1,1,4,False,phantom,rifle,,0.2444,0.7200,Jamppi,Team Vitality,kayo,True,100,50,1,2,0,1,False,vandal,rifle,,0.3489,0.7867,Sayonara,Team Vitality,sova,True,100,50,1,2,0,7,True,vandal,rifle,,0.9333,0.4733,PROFEK,Team Vitality,astra,True,100,50,1,1,0,1,False,phantom,rifle,,0.1911,0.7167
1152.451,2163,ACTIVE_ROUND,7,4,4,94.000,,,s0pp,FUT Esports,chamber,True,100,50,0,8,1,2,False,operator,sniper,,0.8978,0.5533,xeus,FUT Esports,jett,True,100,50,2,1,1,2,False,vandal,rifle,,0.1256,0.5478,sociablEE,FUT Esports,fade,True,100,50,2,1,0,3,False,phantom,rifle,,0.1811,0.4711,yetujey,FUT Esports,astra,True,100,40,1,2,0,4,False,phantom,rifle,,0.6044,0.3989,KROSTALY,FUT Esports,kayo,True,100,50,1,2,0,2,False,vandal,rifle,,0.8167,0.4233,Chronicle,Team Vitality,chamber,True,100,50,0,8,1,1,False,phantom,rifle,,0.5700,0.5867,Derke,Team Vitality,neon,True,100,50,1,1,1,4,False,phantom,rifle,,0.2444,0.7200,Jamppi,Team Vitality,kayo,True,100,50,1,2,0,1,False,vandal,rifle,,0.3289,0.7556,Sayonara,Team Vitality,sova,True,100,50,1,2,0,7,True,vandal,rifle,,0.9333,0.4733,PROFEK,Team Vitality,astra,True,100,50,1,1,0,1,False,phantom,rifle,,0.1911,0.7167
1152.935,2164,ACTIVE_ROUND,7,4,4,94.000,,,s0pp,FUT Esports,chamber,True,100,50,0,8,1,2,False,operator,sniper,,0.8822,0.5667,xeus,FUT Esports,jett,True,100,50,2,1,1,2,False,vandal,rifle,,0.1256,0.5389,sociablEE,FUT Esports,fade,True,100,50,2,1,0,3,False,phantom,rifle,,0.2011,0.4556,yetujey,FUT Esports,astra,True,100,40,1,2,0,4,False,phantom,rifle,,0.8200,0.4300,KROSTALY,FUT Esports,kayo,True,100,50,1,2,0,2,False,vandal,rifle,,0.5811,0.2922,Chronicle,Team Vitality,chamber,True,100,50,0,8,1,1,False,phantom,rifle,,0.2633,0.8000,Derke,Team Vitality,neon,True,100,50,1,1,1,4,False,phantom,rifle,,0.2444,0.7200,Jamppi,Team Vitality,kayo,True,100,50,1,2,0,1,False,vandal,rifle,,0.3267,0.7333,Sayonara,Team Vitality,sova,True,100,50,1,2,0,7,True,vandal,rifle,,0.9333,0.4733,PROFEK,Team Vitality,astra,True,100,50,1,1,0,1,False,phantom,rifle,,0.3089,0.7589
1153.419,2165,ACTIVE_ROUND,7,4,4,93.000,,,s0pp,FUT Esports,chamber,True,100,50,0,8,1,2,False,operator,sniper,,0.8644,0.5711,xeus,FUT Esports,jett,True,100,50,2,1,1,2,False,vandal,rifle,,0.1256,0.5367,sociablEE,FUT Esports,fade,True,100,50,2,1,0,3,False,phantom,rifle,,0.2033,0.4444,yetujey,FUT Esports,astra,True,100,40,1,2,0,4,False,phantom,rifle,,0.8200,0.4300,KROSTALY,FUT Esports,kayo,True,100,50,1,2,0,2,False,vandal,rifle,,0.8233,0.4344,Chronicle,Team Vitality,chamber,True,100,50,0,8,1,1,False,phantom,rifle,,0.0856,0.6889,Derke,Team Vitality,neon,True,100,50,1,1,1,4,False,phantom,rifle,,0.2444,0.7200,Jamppi,Team Vitality,kayo,True,100,50,1,2,0,1,False,vandal,rifle,,0.3200,0.7200,Sayonara,Team Vitality,sova,True,100,50,1,2,0,7,True,vandal,rifle,,0.9356,0.4733,PROFEK,Team Vitality,astra,True,100,50,1,1,0,1,False,phantom,rifle,,0.3156,0.7544
1153.903,2166,ACTIVE_ROUND,7,4,4,93.000,,,s0pp,FUT Esports,chamber,True,100,50,0,8,1,2,False,operator,sniper,,0.8489,0.5711,xeus,FUT Esports,jett,True,100,50,2,1,1,2,False,vandal,rifle,,0.1256,0.5367,sociablEE,FUT Esports,fade,True,100,50,2,1,0,3,False,phantom,rifle,,0.1989,0.4289,yetujey,FUT Esports,astra,True,100,40,1,2,0,4,False,phantom,rifle,,0.8200,0.4300,KROSTALY,FUT Esports,kayo,True,100,50,1,2,0,2,False,vandal,rifle,,0.8322,0.4389,Chronicle,Team Vitality,chamber,True,100,50,0,8,1,1,False,phantom,rifle,,0.4522,0.9267,Derke,Team Vitality,neon,True,100,50,1,1,1,4,False,phantom,rifle,,0.2444,0.7200,Jamppi,Team Vitality,kayo,True,100,50,1,2,0,1,False,vandal,rifle,,0.8378,0.4400,Sayonara,Team Vitality,sova,True,100,50,1,2,0,7,True,vandal,rifle,,0.9356,0.4733,PROFEK,Team Vitality,astra,True,100,50,1,1,0,1,False,phantom,rifle,,0.3156,0.7544
1154.387,2167,ACTIVE_ROUND,7,4,4,92.000,,,s0pp,FUT Esports,chamber,True,100,50,0,8,1,2,False,operator,sniper,,0.8489,0.5711,xeus,FUT Esports,jett,True,100,50,2,1,1,2,False,vandal,rifle,,0.7011,0.4389,sociablEE,FUT Esports,fade,True,100,50,2,1,0,3,False,phantom,rifle,,0.2056,0.4133,yetujey,FUT Esports,astra,True,100,40,1,2,0,4,False,phantom,rifle,,0.8200,0.4300,KROSTALY,FUT Esports,kayo,True,100,50,1,2,0,2,False,vandal,rifle,,0.8322,0.4389,Chronicle,Team Vitality,chamber,True,100,50,0,8,1,1,False,phantom,rifle,,0.5967,0.4400,Derke,Team Vitality,neon,True,100,50,1,1,1,4,False,phantom,rifle,,0.2444,0.7200,Jamppi,Team Vitality,kayo,True,100,50,1,2,0,1,False,vandal,rifle,,0.8378,0.4400,Sayonara,Team Vitality,sova,True,100,50,1,2,0,7,True,vandal,rifle,,0.9356,0.4733,PROFEK,Team Vitality,astra,True,100,50,1,1,0,1,False,phantom,rifle,,0.3156,0.7544
1154.870,2168,ACTIVE_ROUND,7,4,4,92.000,,,s0pp,FUT Esports,chamber,True,100,50,0,8,1,2,False,operator,sniper,,0.8489,0.5711,xeus,FUT Esports,jett,True,100,50,2,1,1,2,False,vandal,rifle,,0.1389,0.5256,sociablEE,FUT Esports,fade,True,100,50,2,1,0,3,False,phantom,rifle,,0.2189,0.4089,yetujey,FUT Esports,astra,True,100,40,1,2,0,4,False,phantom,rifle,,0.8200,0.4300,KROSTALY,FUT Esports,kayo,True,100,50,1,2,0,2,False,vandal,rifle,,0.8322,0.4256,Chronicle,Team Vitality,chamber,True,100,50,0,8,1,1,False,phantom,rifle,,0.1122,0.7156,Derke,Team Vitality,neon,True,100,50,1,1,1,4,False,phantom,rifle,,0.2444,0.7200,Jamppi,Team Vitality,kayo,True,100,50,1,2,0,1,False,vandal,rifle,,0.8378,0.4400,Sayonara,Team Vitality,sova,True,100,50,1,2,0,7,True,vandal,rifle,,0.9356,0.4733,PROFEK,Team Vitality,astra,True,100,50,1,2,0,1,False,phantom,rifle,,0.3244,0.7322
1155.354,2169,ACTIVE_ROUND,7,4,4,91.000,,,s0pp,FUT Esports,chamber,True,100,50,0,8,1,2,False,operator,sniper,,0.8489,0.5711,xeus,FUT Esports,jett,True,100,50,2,1,1,2,False,vandal,rifle,,0.2522,0.4078,sociablEE,FUT Esports,fade,True,100,50,2,1,0,3,False,phantom,rifle,,0.2211,0.3933,yetujey,FUT Esports,astra,True,100,40,1,2,0,4,False,phantom,rifle,,0.8200,0.4300,KROSTALY,FUT Esports,kayo,True,100,50,1,2,0,2,False,vandal,rifle,,0.8322,0.4122,Chronicle,Team Vitality,chamber,True,100,50,0,8,1,1,False,phantom,rifle,,0.0878,0.6444,Derke,Team Vitality,neon,True,100,50,1,1,1,4,False,phantom,rifle,,0.2444,0.7200,Jamppi,Team Vitality,kayo,True,100,50,1,2,0,1,False,vandal,rifle,,0.8378,0.4400,Sayonara,Team Vitality,sova,True,100,50,1,2,0,7,True,vandal,rifle,,0.9356,0.4733,PROFEK,Team Vitality,astra,True,100,50,1,2,0,1,False,phantom,rifle,,0.3222,0.7256
1155.838,2170,ACTIVE_ROUND,7,4,4,91.000,,,s0pp,FUT Esports,chamber,True,100,50,0,8,1,2,False,operator,sniper,,0.8489,0.5711,xeus,FUT Esports,jett,True,100,50,2,1,1,2,False,vandal,rifle,,0.1433,0.5367,sociablEE,FUT Esports,fade,True,100,50,2,1,0,3,False,phantom,rifle,,0.2256,0.3933,yetujey,FUT Esports,astra,True,100,40,1,2,0,4,False,phantom,rifle,,0.8200,0.4300,KROSTALY,FUT Esports,kayo,True,100,50,1,2,0,2,False,vandal,rifle,,0.8300,0.3967,Chronicle,Team Vitality,chamber,True,100,50,0,8,1,1,False,phantom,rifle,,0.0856,0.6844,Derke,Team Vitality,neon,True,100,50,1,1,1,4,False,phantom,rifle,,0.2444,0.7200,Jamppi,Team Vitality,kayo,True,100,50,1,2,0,1,False,vandal,rifle,,0.1089,0.6756,Sayonara,Team Vitality,sova,True,100,50,1,2,0,7,True,vandal,rifle,,0.9356,0.4733,PROFEK,Team Vitality,astra,True,100,50,1,2,0,1,False,phantom,rifle,,0.3222,0.7256
1156.322,2171,ACTIVE_ROUND,7,4,4,90.000,,,s0pp,FUT Esports,chamber,True,100,50,0,8,1,2,False,operator,sniper,,0.8156,0.5778,xeus,FUT Esports,jett,True,100,50,2,1,1,2,False,vandal,rifle,,0.1433,0.5367,sociablEE,FUT Esports,fade,True,100,50,2,1,0,3,False,phantom,rifle,,0.2233,0.4022,yetujey,FUT Esports,astra,True,100,40,1,2,0,4,False,phantom,rifle,,0.8200,0.4300,KROSTALY,FUT Esports,kayo,True,100,50,1,2,0,2,False,vandal,rifle,,0.8256,0.3833,Chronicle,Team Vitality,chamber,True,100,50,0,8,1,1,False,phantom,rifle,,0.0856,0.6822,Derke,Team Vitality,neon,True,100,50,1,1,1,4,False,phantom,rifle,,0.2444,0.7200,Jamppi,Team Vitality,kayo,True,100,50,1,2,0,1,False,vandal,rifle,,0.1089,0.6756,Sayonara,Team Vitality,sova,True,100,50,1,2,0,7,True,vandal,rifle,,0.9356,0.4733,PROFEK,Team Vitality,astra,True,100,50,1,2,0,1,False,phantom,rifle,,0.3222,0.7256
1156.806,2172,ACTIVE_ROUND,7,4,4,90.000,,,s0pp,FUT Esports,chamber,True,100,50,0,8,1,2,False,operator,sniper,,0.8156,0.5778,xeus,FUT Esports,jett,True,100,50,2,1,1,2,False,vandal,rifle,,0.1456,0.5389,sociablEE,FUT Esports,fade,True,100,50,2,1,0,3,False,phantom,rifle,,0.2122,0.4044,yetujey,FUT Esports,astra,True,100,40,1,2,0,4,False,phantom,rifle,,0.8200,0.4300,KROSTALY,FUT Esports,kayo,True,100,50,1,2,0,2,False,vandal,rifle,,0.8211,0.3700,Chronicle,Team Vitality,chamber,True,100,50,0,8,1,1,False,phantom,rifle,,0.2633,0.7800,Derke,Team Vitality,neon,True,100,50,1,1,1,4,False,phantom,rifle,,0.2444,0.7200,Jamppi,Team Vitality,kayo,True,100,50,1,2,0,1,False,vandal,rifle,,0.1089,0.6800,Sayonara,Team Vitality,sova,True,100,50,1,2,0,7,True,vandal,rifle,,0.3622,0.7844,PROFEK,Team Vitality,astra,True,100,50,0,1,0,1,False,phantom,rifle,,0.3222,0.7256
1157.289,2173,ACTIVE_ROUND,7,4,4,89.000,,,s0pp,FUT Esports,chamber,True,100,50,0,8,1,2,False,operator,sniper,,0.8156,0.5778,xeus,FUT Esports,jett,True,100,50,2,1,1,2,False,vandal,rifle,,0.1456,0.5389,sociablEE,FUT Esports,fade,True,100,50,2,1,0,3,False,phantom,rifle,,0.2100,0.4022,yetujey,FUT Esports,astra,True,100,40,1,2,0,4,False,phantom,rifle,,0.6000,0.3878,KROSTALY,FUT Esports,kayo,True,100,50,1,2,0,2,False,vandal,rifle,,0.8122,0.3589,Chronicle,Team Vitality,chamber,True,100,50,0,8,1,1,False,phantom,rifle,,0.0856,0.6689,Derke,Team Vitality,neon,True,100,50,1,1,1,4,False,phantom,rifle,,0.2244,0.7156,Jamppi,Team Vitality,kayo,True,100,50,1,2,0,1,False,vandal,rifle,,0.1089,0.6800,Sayonara,Team Vitality,sova,True,100,50,1,2,0,7,True,vandal,rifle,,0.3667,0.7844,PROFEK,Team Vitality,astra,True,100,50,0,1,0,1,False,phantom,rifle,,0.1867,0.7167
1157.773,2174,ACTIVE_ROUND,7,4,4,89.000,,,s0pp,FUT Esports,chamber,True,100,50,0,8,1,2,False,operator,sniper,,0.8156,0.5778,xeus,FUT Esports,jett,True,100,50,2,1,1,2,False,vandal,rifle,,0.1522,0.5567,sociablEE,FUT Esports,fade,True,100,50,2,1,0,3,False,phantom,rifle,,0.2144,0.4044,yetujey,FUT Esports,astra,True,100,40,1,2,0,4,False,phantom,rifle,,0.6000,0.3856,KROSTALY,FUT Esports,kayo,True,100,50,1,2,0,2,False,vandal,rifle,,0.8100,0.3456,Chronicle,Team Vitality,chamber,True,100,50,0,8,1,1,False,phantom,rifle,,0.2633,0.7689,Derke,Team Vitality,neon,True,100,50,1,1,1,4,False,phantom,rifle,,0.2067,0.7400,Jamppi,Team Vitality,kayo,True,100,50,1,2,0,1,False,vandal,rifle,,0.1089,0.6800,Sayonara,Team Vitality,sova,True,100,50,1,2,0,7,True,vandal,rifle,,0.3667,0.7844,PROFEK,Team Vitality,astra,True,100,50,0,1,0,1,False,phantom,rifle,,0.1867,0.7167
1158.257,2175,ACTIVE_ROUND,7,4,4,88.000,,,s0pp,FUT Esports,chamber,True,100,50,0,8,1,2,False,operator,sniper,,0.8178,0.5800,xeus,FUT Esports,jett,True,100,50,2,1,1,2,False,vandal,rifle,,0.1522,0.5567,sociablEE,FUT Esports,fade,True,100,50,2,1,0,3,False,phantom,rifle,,0.2100,0.4089,yetujey,FUT Esports,astra,True,100,40,1,2,0,4,False,phantom,rifle,,0.6000,0.3856,KROSTALY,FUT Esports,kayo,True,100,50,1,2,0,2,False,vandal,rifle,,0.8078,0.3322,Chronicle,Team Vitality,chamber,True,100,50,0,8,1,1,False,phantom,rifle,,0.2633,0.7622,Derke,Team Vitality,neon,True,100,50,1,1,1,4,False,phantom,rifle,,0.1756,0.7467,Jamppi,Team Vitality,kayo,True,100,50,1,2,0,1,False,vandal,rifle,,0.1089,0.6800,Sayonara,Team Vitality,sova,True,100,50,1,2,0,7,True,vandal,rifle,,0.3667,0.7844,PROFEK,Team Vitality,astra,True,100,50,0,1,0,1,False,phantom,rifle,,0.1867,0.7167
1158.741,2176,ACTIVE_ROUND,7,4,4,88.000,,,s0pp,FUT Esports,chamber,True,100,50,0,8,1,2,False,operator,sniper,,0.8156,0.5778,xeus,FUT Esports,jett,True,100,50,2,1,1,2,False,vandal,rifle,,0.1522,0.5522,sociablEE,FUT Esports,fade,True,100,50,2,1,0,3,False,phantom,rifle,,0.2078,0.3978,yetujey,FUT Esports,astra,True,100,40,1,1,0,4,False,phantom,rifle,,0.5889,0.3878,KROSTALY,FUT Esports,kayo,True,100,50,1,2,0,2,False,vandal,rifle,,0.8056,0.3300,Chronicle,Team Vitality,chamber,True,100,50,0,8,1,1,False,phantom,rifle,,0.0856,0.6511,Derke,Team Vitality,neon,True,100,50,1,1,1,4,False,phantom,rifle,,0.1533,0.7400,Jamppi,Team Vitality,kayo,True,100,50,1,2,0,1,False,vandal,rifle,,0.1089,0.6800,Sayonara,Team Vitality,sova,True,100,50,0,2,0,7,True,vandal,rifle,,0.3667,0.7844,PROFEK,Team Vitality,astra,True,100,50,0,2,0,1,False,phantom,rifle,,0.1867,0.7167
1159.225,2177,ACTIVE_ROUND,7,4,4,87.000,,,s0pp,FUT Esports,chamber,True,100,50,0,8,1,2,False,operator,sniper,,0.8156,0.5800,xeus,FUT Esports,jett,True,100,50,2,1,1,2,False,vandal,rifle,,0.1744,0.5900,sociablEE,FUT Esports,fade,True,100,50,2,1,0,3,False,phantom,rifle,,0.2100,0.3956,yetujey,FUT Esports,astra,True,100,40,1,1,0,4,False,phantom,rifle,,0.5778,0.3922,KROSTALY,FUT Esports,kayo,True,100,50,1,2,0,2,False,vandal,rifle,,0.7989,0.3433,Chronicle,Team Vitality,chamber,True,100,50,0,8,1,1,False,phantom,rifle,,0.0856,0.6889,Derke,Team Vitality,neon,True,100,50,1,1,1,4,False,phantom,rifle,,0.1467,0.7400,Jamppi,Team Vitality,kayo,True,100,50,1,2,0,1,False,vandal,rifle,,0.1089,0.6800,Sayonara,Team Vitality,sova,True,100,50,0,2,0,7,True,vandal,rifle,,0.3622,0.7844,PROFEK,Team Vitality,astra,True,100,50,0,2,0,1,False,phantom,rifle,,0.1867,0.7167
1159.709,2178,ACTIVE_ROUND,7,4,4,87.000,,,s0pp,FUT Esports,chamber,True,100,50,0,8,1,2,False,operator,sniper,,0.8156,0.5778,xeus,FUT Esports,jett,True,100,50,2,1,1,2,False,vandal,rifle,,0.1567,0.5589,sociablEE,FUT Esports,fade,True,100,50,2,1,0,3,False,phantom,rifle,,0.2100,0.3956,yetujey,FUT Esports,astra,True,100,40,1,1,0,4,False,phantom,rifle,,0.5756,0.3922,KROSTALY,FUT Esports,kayo,True,100,50,1,2,0,2,False,vandal,rifle,,0.7944,0.3500,Chronicle,Team Vitality,chamber,True,100,50,0,8,1,1,False,phantom,rifle,,0.0856,0.6822,Derke,Team Vitality,neon,True,100,50,1,1,1,4,False,phantom,rifle,,0.1444,0.7400,Jamppi,Team Vitality,kayo,True,100,50,1,2,0,1,False,vandal,rifle,,0.1089,0.6800,Sayonara,Team Vitality,sova,True,100,50,0,2,0,7,True,vandal,rifle,,0.3622,0.7867,PROFEK,Team Vitality,astra,True,100,50,0,2,0,1,False,phantom,rifle,,0.1867,0.7167
1160.192,2179,ACTIVE_ROUND,7,4,4,86.000,,,s0pp,FUT Esports,chamber,True,100,50,0,8,1,2,False,operator,sniper,,0.8178,0.5800,xeus,FUT Esports,jett,True,100,50,2,1,1,2,False,vandal,rifle,,0.1544,0.5589,sociablEE,FUT Esports,fade,True,100,50,2,1,0,3,False,phantom,rifle,,0.2056,0.4067,yetujey,FUT Esports,astra,True,100,40,1,1,0,4,False,phantom,rifle,,0.5756,0.3922,KROSTALY,FUT Esports,kayo,True,100,50,1,2,0,2,False,vandal,rifle,,0.7856,0.3544,Chronicle,Team Vitality,chamber,True,100,50,0,8,1,1,False,phantom,rifle,,0.2811,0.8133,Derke,Team Vitality,neon,True,100,50,1,1,1,4,False,phantom,rifle,,0.1444,0.7400,Jamppi,Team Vitality,kayo,True,100,50,1,2,0,1,False,vandal,rifle,,0.1089,0.6800,Sayonara,Team Vitality,sova,True,100,50,0,2,0,7,True,vandal,rifle,,0.3622,0.7867,PROFEK,Team Vitality,astra,True,100,50,0,2,0,1,False,phantom,rifle,,0.1867,0.7167
1160.676,2180,ACTIVE_ROUND,7,4,4,86.000,,,s0pp,FUT Esports,chamber,True,100,50,0,8,1,2,False,operator,sniper,,0.8178,0.5800,xeus,FUT Esports,jett,True,100,50,2,1,1,2,False,vandal,rifle,,0.1544,0.5589,sociablEE,FUT Esports,fade,True,100,50,2,1,0,3,False,phantom,rifle,,0.2078,0.4089,yetujey,FUT Esports,astra,True,100,40,1,1,0,4,False,phantom,rifle,,0.5733,0.3922,KROSTALY,FUT Esports,kayo,True,100,50,1,2,0,2,False,vandal,rifle,,0.7744,0.3544,Chronicle,Team Vitality,chamber,True,100,50,0,8,1,1,False,phantom,rifle,,0.5167,0.4089,Derke,Team Vitality,neon,True,100,50,1,1,1,4,False,phantom,rifle,,0.1444,0.7400,Jamppi,Team Vitality,kayo,True,100,50,1,2,0,1,False,vandal,rifle,,0.1089,0.6800,Sayonara,Team Vitality,sova,True,100,50,0,2,0,7,True,vandal,rifle,,0.3622,0.7867,PROFEK,Team Vitality,astra,True,100,50,0,2,0,1,False,phantom,rifle,,0.1867,0.7167
1161.160,2181,ACTIVE_ROUND,7,4,4,85.000,,,s0pp,FUT Esports,chamber,True,100,50,0,8,1,2,False,operator,sniper,,0.8178,0.5800,xeus,FUT Esports,jett,True,100,50,2,1,1,2,False,vandal,rifle,,0.1544,0.5589,sociablEE,FUT Esports,fade,True,100,50,2,1,0,3,False,phantom,rifle,,0.2056,0.4000,yetujey,FUT Esports,astra,True,100,40,1,1,0,4,False,phantom,rifle,,0.5733,0.3922,KROSTALY,FUT Esports,kayo,True,100,50,1,2,0,2,False,vandal,rifle,,0.7633,0.3611,Chronicle,Team Vitality,chamber,True,100,50,0,8,1,1,False,phantom,rifle,,0.0833,0.7600,Derke,Team Vitality,neon,True,100,50,1,1,1,4,False,phantom,rifle,,0.1422,0.7400,Jamppi,Team Vitality,kayo,True,100,50,1,2,0,1,False,vandal,rifle,,0.1089,0.6800,Sayonara,Team Vitality,sova,True,100,50,0,2,0,7,True,vandal,rifle,,0.3622,0.7867,PROFEK,Team Vitality,astra,True,100,50,0,2,0,1,False,phantom,rifle,,0.1867,0.7167
1161.644,2182,ACTIVE_ROUND,7,4,4,85.000,,,s0pp,FUT Esports,chamber,True,100,50,0,8,1,2,False,operator,sniper,,0.8178,0.5800,xeus,FUT Esports,jett,True,100,50,2,1,1,2,False,vandal,rifle,,0.1522,0.5589,sociablEE,FUT Esports,fade,True,100,50,2,1,0,3,False,phantom,rifle,,0.2056,0.3978,yetujey,FUT Esports,astra,True,100,40,1,1,0,4,False,phantom,rifle,,0.5733,0.3922,KROSTALY,FUT Esports,kayo,True,100,50,1,2,0,2,False,vandal,rifle,,0.7544,0.3678,Chronicle,Team Vitality,chamber,True,100,50,0,8,1,1,False,phantom,rifle,,0.0833,0.7600,Derke,Team Vitality,neon,True,100,50,1,1,1,4,False,phantom,rifle,,0.1422,0.7400,Jamppi,Team Vitality,kayo,True,100,50,1,2,0,1,False,vandal,rifle,,0.5244,0.4089,Sayonara,Team Vitality,sova,True,100,50,0,2,0,7,True,vandal,rifle,,0.1778,0.6533,PROFEK,Team Vitality,astra,True,100,50,0,2,0,1,False,phantom,rifle,,0.3889,0.7900
1162.128,2183,ACTIVE_ROUND,7,4,4,84.000,,,s0pp,FUT Esports,chamber,True,100,50,0,8,1,2,False,operator,sniper,,0.8178,0.5800,xeus,FUT Esports,jett,True,100,50,2,1,1,2,False,vandal,rifle,,0.1500,0.5589,sociablEE,FUT Esports,fade,True,100,50,2,1,0,3,False,phantom,rifle,,0.2078,0.4000,yetujey,FUT Esports,astra,True,100,40,1,1,0,4,False,phantom,rifle,,0.5733,0.3922,KROSTALY,FUT Esports,kayo,True,100,50,1,2,0,2,False,vandal,rifle,,0.7478,0.3700,Chronicle,Team Vitality,chamber,True,100,50,0,8,1,1,False,phantom,rifle,,0.2811,0.8000,Derke,Team Vitality,neon,True,100,50,1,1,1,4,False,phantom,rifle,,0.1422,0.7400,Jamppi,Team Vitality,kayo,True,100,50,1,2,0,1,False,vandal,rifle,,0.5244,0.4089,Sayonara,Team Vitality,sova,True,100,50,0,2,0,7,True,vandal,rifle,,0.1778,0.6533,PROFEK,Team Vitality,astra,True,100,50,0,2,0,1,False,phantom,rifle,,0.3889,0.7900
1162.611,2184,ACTIVE_ROUND,7,4,4,84.000,,,s0pp,FUT Esports,chamber,True,100,50,0,8,1,2,False,operator,sniper,,0.8178,0.5800,xeus,FUT Esports,jett,True,100,50,2,1,1,2,False,vandal,rifle,,0.1478,0.5567,sociablEE,FUT Esports,fade,True,100,50,2,1,0,3,False,phantom,rifle,,0.2078,0.4000,yetujey,FUT Esports,astra,True,100,40,1,0,0,4,False,phantom,rifle,,0.5733,0.3922,KROSTALY,FUT Esports,kayo,True,100,50,1,2,0,2,False,vandal,rifle,,0.7478,0.3700,Chronicle,Team Vitality,chamber,True,100,50,0,8,1,1,False,phantom,rifle,,0.2811,0.8000,Derke,Team Vitality,neon,True,100,50,1,1,1,4,False,phantom,rifle,,0.1422,0.7400,Jamppi,Team Vitality,kayo,True,100,50,1,2,0,1,False,vandal,rifle,,0.5244,0.4089,Sayonara,Team Vitality,sova,True,100,50,0,2,0,7,True,vandal,rifle,,0.1778,0.6533,PROFEK,Team Vitality,astra,True,100,50,1,1,0,1,False,phantom,rifle,,0.3889,0.7900
1163.095,2185,ACTIVE_ROUND,7,4,4,83.000,,,s0pp,FUT Esports,chamber,True,100,50,0,8,1,2,False,operator,sniper,,0.8178,0.5800,xeus,FUT Esports,jett,True,100,50,2,1,1,2,False,vandal,rifle,,0.1522,0.5500,sociablEE,FUT Esports,fade,True,100,50,2,1,0,3,False,phantom,rifle,,0.2100,0.4022,yetujey,FUT Esports,astra,True,100,40,1,0,0,4,False,phantom,rifle,,0.5733,0.3922,KROSTALY,FUT Esports,kayo,True,100,50,1,2,0,2,False,vandal,rifle,,0.7478,0.3722,Chronicle,Team Vitality,chamber,True,100,50,0,8,1,1,False,phantom,rifle,,0.2900,0.7733,Derke,Team Vitality,neon,True,100,50,1,1,1,4,False,phantom,rifle,,0.1311,0.7400,Jamppi,Team Vitality,kayo,True,100,50,1,2,0,1,False,vandal,rifle,,0.5244,0.4089,Sayonara,Team Vitality,sova,True,100,50,0,2,0,7,True,vandal,rifle,,0.1778,0.6533,PROFEK,Team Vitality,astra,True,100,50,1,1,0,1,False,phantom,rifle,,0.3889,0.7900
1163.579,2186,ACTIVE_ROUND,7,4,4,83.000,,,s0pp,FUT Esports,chamber,True,100,50,0,8,1,2,False,operator,sniper,,0.8178,0.5800,xeus,FUT Esports,jett,True,100,50,2,1,1,2,False,vandal,rifle,,0.1522,0.5322,sociablEE,FUT Esports,fade,True,100,50,2,1,0,3,False,phantom,rifle,,0.2122,0.4044,yetujey,FUT Esports,astra,True,100,40,1,0,0,4,False,phantom,rifle,,0.5733,0.3922,KROSTALY,FUT Esports,kayo,True,100,50,1,2,0,2,False,vandal,rifle,,0.7478,0.3722,Chronicle,Team Vitality,chamber,True,100,50,0,8,1,1,False,phantom,rifle,,0.1567,0.4178,Derke,Team Vitality,neon,True,100,50,1,1,1,4,False,phantom,rifle,,0.1244,0.7378,Jamppi,Team Vitality,kayo,True,100,50,1,2,0,1,False,vandal,rifle,,0.5244,0.4089,Sayonara,Team Vitality,sova,True,100,50,0,2,0,7,True,vandal,rifle,,0.1778,0.6533,PROFEK,Team Vitality,astra,True,100,50,1,1,0,1,False,phantom,rifle,,0.3889,0.7900
1164.063,2187,ACTIVE_ROUND,7,4,4,82.000,,,s0pp,FUT Esports,chamber,True,100,50,0,8,1,2,False,operator,sniper,,0.8178,0.5800,xeus,FUT Esports,jett,True,100,50,2,1,1,2,False,vandal,rifle,,0.1522,0.5322,sociablEE,FUT Esports,fade,True,100,50,2,1,0,3,False,phantom,rifle,,0.2122,0.4044,yetujey,FUT Esports,astra,True,100,40,1,0,0,4,False,phantom,rifle,,0.5733,0.3922,KROSTALY,FUT Esports,kayo,True,100,50,1,2,0,2,False,vandal,rifle,,0.7478,0.3722,Chronicle,Team Vitality,chamber,True,100,50,0,8,1,1,False,phantom,rifle,,0.0833,0.7178,Derke,Team Vitality,neon,True,100,50,1,1,1,4,False,phantom,rifle,,0.1089,0.7356,Jamppi,Team Vitality,kayo,True,100,50,1,2,0,1,False,vandal,rifle,,0.4733,0.4156,Sayonara,Team Vitality,sova,True,100,50,0,2,0,7,True,vandal,rifle,,0.1778,0.6533,PROFEK,Team Vitality,astra,True,100,50,1,1,0,1,False,phantom,rifle,,0.3889,0.7900
1164.547,2188,ACTIVE_ROUND,7,4,4,82.000,,,s0pp,FUT Esports,chamber,True,100,50,0,8,1,2,False,operator,sniper,,0.8178,0.5778,xeus,FUT Esports,jett,False,,50,2,0,0,2,False,vandal,rifle,,0.1522,0.5322,sociablEE,FUT Esports,fade,True,100,50,2,1,0,3,False,phantom,rifle,,0.2433,0.4178,yetujey,FUT Esports,astra,True,100,40,1,0,0,4,False,phantom,rifle,,0.5733,0.3922,KROSTALY,FUT Esports,kayo,True,100,50,1,2,0,2,False,vandal,rifle,,0.7478,0.3700,Chronicle,Team Vitality,chamber,True,100,50,0,8,1,1,False,phantom,rifle,,0.7522,0.6667,Derke,Team Vitality,neon,True,100,50,1,1,1,4,False,phantom,rifle,,0.1089,0.7356,Jamppi,Team Vitality,kayo,True,100,50,1,2,0,1,False,vandal,rifle,,0.4733,0.4156,Sayonara,Team Vitality,sova,True,100,50,0,2,0,7,True,vandal,rifle,,0.1778,0.6533,PROFEK,Team Vitality,astra,True,100,50,1,1,0,1,False,phantom,rifle,,0.3889,0.7900
1165.031,2189,ACTIVE_ROUND,7,4,4,81.000,,,s0pp,FUT Esports,chamber,True,100,50,0,8,1,2,False,operator,sniper,,0.8178,0.5778,xeus,FUT Esports,jett,False,,50,2,0,0,2,False,vandal,rifle,,,,sociablEE,FUT Esports,fade,True,100,50,2,1,0,3,False,phantom,rifle,,0.2567,0.4267,yetujey,FUT Esports,astra,True,100,40,1,0,0,4,False,phantom,rifle,,0.5733,0.3922,KROSTALY,FUT Esports,kayo,True,100,50,1,2,0,2,False,vandal,rifle,,0.7478,0.3722,Chronicle,Team Vitality,chamber,True,100,50,0,8,1,1,False,phantom,rifle,,0.1922,0.7311,Derke,Team Vitality,neon,True,100,50,1,1,1,4,False,phantom,rifle,,0.1267,0.7289,Jamppi,Team Vitality,kayo,True,100,50,1,2,0,1,False,vandal,rifle,,0.1778,0.6400,Sayonara,Team Vitality,sova,True,100,50,0,2,0,7,True,vandal,rifle,,0.3622,0.7844,PROFEK,Team Vitality,astra,True,100,50,1,1,0,1,False,phantom,rifle,,0.3889,0.7900
1165.514,2190,ACTIVE_ROUND,7,4,4,81.000,,,s0pp,FUT Esports,chamber,True,100,50,0,8,1,2,False,operator,sniper,,0.8178,0.5778,xeus,FUT Esports,jett,False,,50,2,0,0,2,False,vandal,rifle,,,,sociablEE,FUT Esports,fade,True,100,50,2,1,0,3,False,phantom,rifle,,0.2567,0.4267,yetujey,FUT Esports,astra,True,100,40,1,0,0,4,False,phantom,rifle,,0.5733,0.3922,KROSTALY,FUT Esports,kayo,True,100,50,1,2,0,2,False,vandal,rifle,,0.7633,0.3611,Chronicle,Team Vitality,chamber,True,100,50,0,8,1,1,False,phantom,rifle,,0.3078,0.7422,Derke,Team Vitality,neon,True,100,50,1,1,1,4,False,phantom,rifle,,0.1267,0.7289,Jamppi,Team Vitality,kayo,True,100,50,1,2,0,1,False,vandal,rifle,,0.1778,0.6400,Sayonara,Team Vitality,sova,True,100,50,0,2,0,7,True,vandal,rifle,,0.3622,0.7844,PROFEK,Team Vitality,astra,True,100,50,1,1,0,1,False,phantom,rifle,,0.3889,0.7900
1165.998,2191,ACTIVE_ROUND,7,4,4,80.000,,,s0pp,FUT Esports,chamber,True,100,50,0,8,1,2,False,operator,sniper,,0.8178,0.5778,xeus,FUT Esports,jett,False,,50,2,0,0,2,False,vandal,rifle,,,,sociablEE,FUT Esports,fade,True,100,50,2,1,0,3,False,phantom,rifle,,0.2567,0.4267,yetujey,FUT Esports,astra,True,100,40,1,0,0,4,False,phantom,rifle,,0.5733,0.3922,KROSTALY,FUT Esports,kayo,True,100,50,1,2,0,2,False,vandal,rifle,,0.7856,0.3233,Chronicle,Team Vitality,chamber,True,100,50,0,8,1,1,False,phantom,rifle,,0.6944,0.7956,Derke,Team Vitality,neon,True,100,50,1,1,1,4,False,phantom,rifle,,0.1378,0.6644,Jamppi,Team Vitality,kayo,True,100,50,1,2,0,1,False,vandal,rifle,,0.1778,0.6400,Sayonara,Team Vitality,sova,True,100,50,0,2,0,7,True,vandal,rifle,,0.3600,0.7178,PROFEK,Team Vitality,astra,True,100,50,1,1,0,1,False,phantom,rifle,,0.3889,0.7900
1166.482,2192,ACTIVE_ROUND,7,4,4,80.000,,,s0pp,FUT Esports,chamber,True,100,50,0,8,1,2,False,operator,sniper,,0.8178,0.5778,xeus,FUT Esports,jett,False,,50,2,0,0,2,False,vandal,rifle,,,,sociablEE,FUT Esports,fade,True,100,50,2,1,0,3,False,phantom,rifle,,0.2567,0.4267,yetujey,FUT Esports,astra,True,100,40,1,0,0,4,False,phantom,rifle,,0.5733,0.3922,KROSTALY,FUT Esports,kayo,True,100,50,1,2,0,2,False,vandal,rifle,,0.7856,0.3233,Chronicle,Team Vitality,chamber,True,100,50,0,8,1,1,False,phantom,rifle,,0.4522,0.9267,Derke,Team Vitality,neon,True,100,50,1,1,1,4,False,phantom,rifle,,0.1400,0.6356,Jamppi,Team Vitality,kayo,True,100,50,1,2,0,2,False,vandal,rifle,,0.1778,0.6400,Sayonara,Team Vitality,sova,True,100,50,0,2,0,7,True,vandal,rifle,,0.1489,0.6667,PROFEK,Team Vitality,astra,True,100,50,1,1,0,1,False,phantom,rifle,,0.3889,0.7900
1166.966,2193,ACTIVE_ROUND,7,4,4,79.000,,,s0pp,FUT Esports,chamber,True,100,50,0,8,1,2,False,operator,sniper,,0.8200,0.5778,xeus,FUT Esports,jett,False,,50,2,0,0,2,False,vandal,rifle,,,,sociablEE,FUT Esports,fade,True,100,50,2,1,0,3,False,phantom,rifle,,0.4700,0.4889,yetujey,FUT Esports,astra,True,100,40,1,0,0,4,False,phantom,rifle,,0.5733,0.3922,KROSTALY,FUT Esports,kayo,True,100,50,1,2,0,2,False,vandal,rifle,,0.7989,0.3211,Chronicle,Team Vitality,chamber,True,100,50,0,8,1,1,False,phantom,rifle,,0.1678,0.6933,Derke,Team Vitality,neon,True,100,50,1,1,1,4,False,phantom,rifle,,0.1356,0.6044,Jamppi,Team Vitality,kayo,True,100,50,1,2,0,2,False,vandal,rifle,,0.1778,0.6400,Sayonara,Team Vitality,sova,True,100,50,0,2,0,7,True,vandal,rifle,,0.1400,0.6511,PROFEK,Team Vitality,astra,True,100,50,1,1,0,1,False,phantom,rifle,,0.3889,0.7900
1167.450,2194,ACTIVE_ROUND,7,4,4,79.000,,,s0pp,FUT Esports,chamber,True,100,50,0,8,1,2,False,operator,sniper,,0.8200,0.5778,xeus,FUT Esports,jett,False,,50,2,0,0,2,False,vandal,rifle,,,,sociablEE,FUT Esports,fade,True,100,50,2,1,0,3,False,phantom,rifle,,0.4700,0.4889,yetujey,FUT Esports,astra,True,100,40,1,0,0,4,False,phantom,rifle,,0.4600,0.5033,KROSTALY,FUT Esports,kayo,True,100,50,1,2,0,2,False,vandal,rifle,,0.7922,0.2989,Chronicle,Team Vitality,chamber,True,100,50,0,8,1,1,False,phantom,rifle,,0.1678,0.6778,Derke,Team Vitality,neon,True,100,50,1,1,1,4,False,phantom,rifle,,0.1356,0.5711,Jamppi,Team Vitality,kayo,True,100,50,1,2,0,2,False,vandal,rifle,,0.1778,0.6400,Sayonara,Team Vitality,sova,True,100,50,0,2,0,7,True,vandal,rifle,,0.1400,0.6333,PROFEK,Team Vitality,astra,True,100,50,1,1,0,1,False,phantom,rifle,,0.3889,0.7900
1167.933,2195,ACTIVE_ROUND,7,4,4,79.000,,,s0pp,FUT Esports,chamber,True,100,50,0,8,1,2,False,operator,sniper,,0.8222,0.5756,xeus,FUT Esports,jett,False,,50,2,0,0,2,False,vandal,rifle,,,,sociablEE,FUT Esports,fade,True,100,50,2,1,0,3,False,phantom,rifle,,0.4700,0.4889,yetujey,FUT Esports,astra,True,100,40,1,0,0,4,False,phantom,rifle,,0.4489,0.5189,KROSTALY,FUT Esports,kayo,True,100,50,1,2,0,2,False,vandal,rifle,,0.7833,0.2789,Chronicle,Team Vitality,chamber,True,100,50,0,8,1,1,False,phantom,rifle,,0.1700,0.6600,Derke,Team Vitality,neon,True,100,50,1,1,1,4,False,phantom,rifle,,0.1467,0.5444,Jamppi,Team Vitality,kayo,True,100,50,1,2,0,2,False,vandal,rifle,,0.1778,0.6400,Sayonara,Team Vitality,sova,True,100,50,0,2,0,7,True,vandal,rifle,,0.1400,0.6133,PROFEK,Team Vitality,astra,True,100,50,1,1,0,1,False,phantom,rifle,,0.3889,0.7900
1168.417,2196,ACTIVE_ROUND,7,4,4,78.000,,,s0pp,FUT Esports,chamber,True,100,50,0,8,1,2,False,operator,sniper,,0.8400,0.5756,xeus,FUT Esports,jett,False,,50,2,0,0,2,False,vandal,rifle,,,,sociablEE,FUT Esports,fade,True,100,50,2,0,0,3,False,phantom,rifle,,0.2811,0.3467,yetujey,FUT Esports,astra,True,100,40,1,0,0,4,False,phantom,rifle,,0.4489,0.5189,KROSTALY,FUT Esports,kayo,True,100,50,1,2,0,2,False,vandal,rifle,,0.7256,0.2189,Chronicle,Team Vitality,chamber,True,100,50,0,8,1,1,False,phantom,rifle,,0.1700,0.6400,Derke,Team Vitality,neon,True,100,50,1,1,1,4,False,phantom,rifle,,0.1556,0.5156,Jamppi,Team Vitality,kayo,True,100,50,1,2,0,2,False,vandal,rifle,,0.1778,0.6400,Sayonara,Team Vitality,sova,True,100,50,0,2,0,7,True,vandal,rifle,,0.1378,0.5956,PROFEK,Team Vitality,astra,True,100,50,0,0,0,1,False,phantom,rifle,,0.3889,0.7900
1168.901,2197,ACTIVE_ROUND,7,4,4,78.000,,,s0pp,FUT Esports,chamber,True,100,50,0,8,1,2,False,operator,sniper,,0.8400,0.5756,xeus,FUT Esports,jett,False,,50,2,0,0,2,False,vandal,rifle,,,,sociablEE,FUT Esports,fade,True,100,50,2,0,0,3,False,phantom,rifle,,0.2833,0.3333,yetujey,FUT Esports,astra,True,100,40,1,0,0,4,False,phantom,rifle,,0.4489,0.5189,KROSTALY,FUT Esports,kayo,True,100,50,1,2,0,2,False,vandal,rifle,,0.5811,0.2922,Chronicle,Team Vitality,chamber,True,100,50,0,8,1,1,False,phantom,rifle,,0.1700,0.6222,Derke,Team Vitality,neon,True,100,50,1,1,1,4,False,phantom,rifle,,0.1556,0.5156,Jamppi,Team Vitality,kayo,True,100,50,1,2,0,2,False,vandal,rifle,,0.1778,0.6400,Sayonara,Team Vitality,sova,True,100,50,0,2,0,7,True,vandal,rifle,,0.1378,0.5778,PROFEK,Team Vitality,astra,True,100,50,0,0,0,1,False,phantom,rifle,,0.3889,0.7900
1169.385,2198,ACTIVE_ROUND,7,4,4,77.000,,,s0pp,FUT Esports,chamber,True,100,50,0,8,1,2,False,operator,sniper,,0.8400,0.5756,xeus,FUT Esports,jett,False,,50,2,0,0,2,False,vandal,rifle,,,,sociablEE,FUT Esports,fade,True,100,50,2,0,0,3,False,phantom,rifle,,0.2833,0.3378,yetujey,FUT Esports,astra,True,100,40,1,0,0,4,False,phantom,rifle,,0.4489,0.5189,KROSTALY,FUT Esports,kayo,True,100,50,1,2,0,2,False,vandal,rifle,,0.7411,0.2211,Chronicle,Team Vitality,chamber,True,100,50,0,8,1,1,False,phantom,rifle,,0.1722,0.6022,Derke,Team Vitality,neon,True,100,50,1,1,1,4,False,phantom,rifle,,0.1556,0.5156,Jamppi,Team Vitality,kayo,True,100,50,1,2,0,2,False,vandal,rifle,,0.1778,0.6400,Sayonara,Team Vitality,sova,True,100,50,0,2,0,7,True,vandal,rifle,,0.1378,0.5600,PROFEK,Team Vitality,astra,True,100,50,0,0,0,1,False,phantom,rifle,,0.3889,0.7900
1169.869,2199,ACTIVE_ROUND,7,4,4,77.000,,,s0pp,FUT Esports,chamber,True,100,50,0,8,1,2,False,operator,sniper,,0.9000,0.5533,xeus,FUT Esports,jett,False,,50,2,0,0,2,False,vandal,rifle,,,,sociablEE,FUT Esports,fade,True,100,50,2,0,0,3,False,phantom,rifle,,0.2922,0.3511,yetujey,FUT Esports,astra,True,100,40,1,0,0,4,False,phantom,rifle,,0.4489,0.5189,KROSTALY,FUT Esports,kayo,True,100,50,1,2,0,2,False,vandal,rifle,,0.6567,0.4100,Chronicle,Team Vitality,chamber,True,100,50,0,8,1,1,False,phantom,rifle,,0.1722,0.6022,Derke,Team Vitality,neon,True,100,50,1,1,1,4,False,phantom,rifle,,0.1622,0.4222,Jamppi,Team Vitality,kayo,True,100,50,1,2,0,2,False,vandal,rifle,,0.1556,0.5178,Sayonara,Team Vitality,sova,True,100,50,0,2,0,7,True,vandal,rifle,,0.1378,0.5533,PROFEK,Team Vitality,astra,True,100,50,0,0,0,1,False,phantom,rifle,,0.3889,0.7900
1170.353,2200,ACTIVE_ROUND,7,4,4,76.000,,,s0pp,FUT Esports,chamber,True,100,50,0,8,0,2,False,operator,sniper,,0.9022,0.4244,xeus,FUT Esports,jett,False,,50,2,0,0,2,False,vandal,rifle,,,,sociablEE,FUT Esports,fade,True,100,50,2,0,0,3,False,phantom,rifle,,0.2944,0.3600,yetujey,FUT Esports,astra,True,100,40,0,0,0,4,False,phantom,rifle,,0.7022,0.2056,KROSTALY,FUT Esports,kayo,True,100,50,1,2,0,2,False,vandal,rifle,,0.8500,0.3856,Chronicle,Team Vitality,chamber,True,100,50,0,8,1,1,False,phantom,rifle,,0.4633,0.2978,Derke,Team Vitality,neon,True,100,50,0,1,1,4,False,phantom,rifle,,0.1622,0.4222,Jamppi,Team Vitality,kayo,True,77,1,0,2,0,2,False,vandal,rifle,,0.1556,0.5178,Sayonara,Team Vitality,sova,True,100,50,0,2,0,7,True,vandal,rifle,,0.1422,0.5467,PROFEK,Team Vitality,astra,True,100,50,0,0,0,1,False,phantom,rifle,,0.3889,0.7900
1170.836,2201,ACTIVE_ROUND,7,4,4,76.000,,,s0pp,FUT Esports,chamber,True,100,50,0,8,0,2,False,operator,sniper,,0.9022,0.4244,xeus,FUT Esports,jett,False,,50,2,0,0,2,False,vandal,rifle,,,,sociablEE,FUT Esports,fade,True,100,50,2,0,0,3,False,phantom,rifle,,0.2922,0.3578,yetujey,FUT Esports,astra,True,100,40,0,0,0,4,False,phantom,rifle,,0.6778,0.2011,KROSTALY,FUT Esports,kayo,True,100,50,1,2,0,2,False,vandal,rifle,,0.5856,0.2811,Chronicle,Team Vitality,chamber,True,100,50,0,8,1,1,False,phantom,rifle,,0.2633,0.8311,Derke,Team Vitality,neon,True,100,50,0,1,1,4,False,phantom,rifle,,0.1622,0.4222,Jamppi,Team Vitality,kayo,True,77,1,0,2,0,2,False,vandal,rifle,,0.1222,0.5022,Sayonara,Team Vitality,sova,True,100,50,0,2,0,7,True,vandal,rifle,,0.1422,0.5467,PROFEK,Team Vitality,astra,True,100,50,0,0,0,1,False,phantom,rifle,,0.1644,0.6700
1171.320,2202,ACTIVE_ROUND,7,4,4,75.000,,,s0pp,FUT Esports,chamber,True,100,50,0,8,0,2,False,operator,sniper,,0.9022,0.4222,xeus,FUT Esports,jett,False,,50,2,0,0,2,False,vandal,rifle,,,,sociablEE,FUT Esports,fade,True,100,50,2,0,0,3,False,phantom,rifle,,0.2878,0.3533,yetujey,FUT Esports,astra,True,100,40,0,0,0,4,False,phantom,rifle,,0.6778,0.2011,KROSTALY,FUT Esports,kayo,True,100,50,1,2,0,2,False,vandal,rifle,,0.6544,0.1967,Chronicle,Team Vitality,chamber,True,100,50,0,8,1,1,False,phantom,rifle,,0.7167,0.2267,Derke,Team Vitality,neon,True,100,50,0,1,1,4,False,phantom,rifle,,0.1622,0.4222,Jamppi,Team Vitality,kayo,True,95,1,0,2,0,2,False,vandal,rifle,,0.1222,0.5022,Sayonara,Team Vitality,sova,True,100,50,0,2,0,7,True,vandal,rifle,,0.1422,0.5467,PROFEK,Team Vitality,astra,True,100,50,0,0,0,1,False,phantom,rifle,,0.1533,0.6500
1171.804,2203,ACTIVE_ROUND,7,4,4,75.000,,,s0pp,FUT Esports,chamber,True,100,50,0,8,0,2,False,operator,sniper,,0.8867,0.4111,xeus,FUT Esports,jett,False,,50,2,0,0,2,False,vandal,rifle,,,,sociablEE,FUT Esports,fade,True,100,50,2,0,0,3,False,phantom,rifle,,0.2789,0.3444,yetujey,FUT Esports,astra,True,100,40,0,0,0,4,False,phantom,rifle,,0.3556,0.5500,KROSTALY,FUT Esports,kayo,True,100,50,1,2,0,2,False,vandal,rifle,,0.6322,0.1944,Chronicle,Team Vitality,chamber,True,100,50,0,8,1,1,False,phantom,rifle,,0.4522,0.9267,Derke,Team Vitality,neon,True,100,50,0,1,1,4,False,phantom,rifle,,0.1622,0.4222,Jamppi,Team Vitality,kayo,True,95,1,0,2,0,2,False,vandal,rifle,,0.1222,0.5022,Sayonara,Team Vitality,sova,True,100,50,0,2,0,7,True,vandal,rifle,,0.1600,0.5000,PROFEK,Team Vitality,astra,True,100,50,0,0,0,1,False,phantom,rifle,,0.1444,0.6278
1172.288,2204,ACTIVE_ROUND,7,4,4,74.000,,,s0pp,FUT Esports,chamber,True,100,50,0,8,0,2,False,operator,sniper,,0.8711,0.3978,xeus,FUT Esports,jett,False,,50,2,0,0,2,False,vandal,rifle,,,,sociablEE,FUT Esports,fade,True,100,50,2,0,0,3,False,phantom,rifle,,0.2811,0.3467,yetujey,FUT Esports,astra,True,100,40,0,0,0,4,False,phantom,rifle,,0.3489,0.5433,KROSTALY,FUT Esports,kayo,True,100,50,1,2,0,2,False,vandal,rifle,,0.6078,0.1944,Chronicle,Team Vitality,chamber,True,100,50,0,8,1,1,False,phantom,rifle,,0.4522,0.9289,Derke,Team Vitality,neon,True,100,50,0,0,1,4,False,phantom,rifle,,0.1622,0.4222,Jamppi,Team Vitality,kayo,True,100,16,0,1,0,2,False,vandal,rifle,,0.1222,0.5022,Sayonara,Team Vitality,sova,True,100,50,0,2,0,7,True,vandal,rifle,,0.1533,0.4822,PROFEK,Team Vitality,astra,True,100,50,0,0,0,1,False,phantom,rifle,,0.1444,0.6278
1172.772,2205,ACTIVE_ROUND,7,4,4,74.000,,,s0pp,FUT Esports,chamber,True,100,50,0,8,0,2,False,operator,sniper,,0.8533,0.3822,xeus,FUT Esports,jett,False,,50,2,0,0,2,False,vandal,rifle,,,,sociablEE,FUT Esports,fade,True,100,50,2,0,0,3,False,phantom,rifle,,0.2811,0.3489,yetujey,FUT Esports,astra,True,100,40,0,0,0,4,False,phantom,rifle,,0.3400,0.5344,KROSTALY,FUT Esports,kayo,True,100,50,1,2,0,2,False,vandal,rifle,,0.5856,0.1989,Chronicle,Team Vitality,chamber,True,100,50,0,8,1,1,False,phantom,rifle,,0.1478,0.3422,Derke,Team Vitality,neon,True,100,50,0,0,1,4,False,phantom,rifle,,0.1622,0.4222,Jamppi,Team Vitality,kayo,True,100,16,0,1,0,2,False,vandal,rifle,,0.1222,0.5022,Sayonara,Team Vitality,sova,True,100,50,0,2,0,7,True,vandal,rifle,,0.1556,0.4800,PROFEK,Team Vitality,astra,True,100,50,0,0,0,1,False,phantom,rifle,,0.1444,0.6278
1173.255,2206,ACTIVE_ROUND,7,4,4,73.000,,,s0pp,FUT Esports,chamber,True,100,50,0,8,0,2,False,operator,sniper,,0.8333,0.3667,xeus,FUT Esports,jett,False,,50,2,0,0,2,False,vandal,rifle,,,,sociablEE,FUT Esports,fade,True,100,50,2,0,0,3,False,phantom,rifle,,0.2789,0.3489,yetujey,FUT Esports,astra,True,100,40,0,0,0,4,False,phantom,rifle,,0.3333,0.5344,KROSTALY,FUT Esports,kayo,True,100,50,1,2,0,2,False,vandal,rifle,,0.5678,0.2144,Chronicle,Team Vitality,chamber,True,100,50,0,8,1,1,False,phantom,rifle,,0.1478,0.3422,Derke,Team Vitality,neon,True,100,50,0,0,1,4,False,phantom,rifle,,0.2000,0.3244,Jamppi,Team Vitality,kayo,True,100,16,0,1,0,2,False,vandal,rifle,,0.1222,0.5022,Sayonara,Team Vitality,sova,True,100,50,0,2,0,7,True,vandal,rifle,,0.1533,0.4756,PROFEK,Team Vitality,astra,True,100,50,0,0,0,1,False,phantom,rifle,,0.1178,0.5744
1173.739,2207,ACTIVE_ROUND,7,4,4,73.000,,,s0pp,FUT Esports,chamber,True,100,50,0,8,0,2,False,operator,sniper,,0.8156,0.3533,xeus,FUT Esports,jett,False,,50,2,0,0,2,False,vandal,rifle,,,,sociablEE,FUT Esports,fade,True,100,50,2,0,0,3,False,phantom,rifle,,0.2789,0.3489,yetujey,FUT Esports,astra,True,100,40,0,0,0,4,False,phantom,rifle,,0.3333,0.5344,KROSTALY,FUT Esports,kayo,True,100,50,1,2,0,2,False,vandal,rifle,,0.5478,0.2278,Chronicle,Team Vitality,chamber,True,100,50,0,8,1,1,False,phantom,rifle,,0.1478,0.3422,Derke,Team Vitality,neon,True,100,50,0,0,1,4,False,phantom,rifle,,0.1911,0.3244,Jamppi,Team Vitality,kayo,True,100,35,0,1,0,2,False,vandal,rifle,,0.1222,0.5022,Sayonara,Team Vitality,sova,True,100,50,0,2,0,7,True,vandal,rifle,,0.1533,0.4756,PROFEK,Team Vitality,astra,True,100,50,0,0,0,1,False,phantom,rifle,,0.2222,0.4167
1174.223,2208,ACTIVE_ROUND,7,4,4,72.000,,,s0pp,FUT Esports,chamber,True,100,50,0,8,0,2,False,operator,sniper,,0.8156,0.3533,xeus,FUT Esports,jett,False,,50,2,0,0,2,False,vandal,rifle,,,,sociablEE,FUT Esports,fade,True,100,50,2,0,0,3,False,phantom,rifle,,0.2789,0.3489,yetujey,FUT Esports,astra,True,100,40,0,0,0,4,False,phantom,rifle,,0.3333,0.5344,KROSTALY,FUT Esports,kayo,True,100,50,1,2,0,2,False,vandal,rifle,,0.7856,0.3233,Chronicle,Team Vitality,chamber,True,100,50,0,8,1,1,False,phantom,rifle,,0.2811,0.7911,Derke,Team Vitality,neon,True,100,50,0,0,1,4,False,phantom,rifle,,0.1911,0.3244,Jamppi,Team Vitality,kayo,True,100,35,0,1,0,2,False,vandal,rifle,,0.1222,0.5022,Sayonara,Team Vitality,sova,True,100,50,0,2,0,7,True,vandal,rifle,,0.1533,0.4756,PROFEK,Team Vitality,astra,True,100,50,0,0,0,1,False,phantom,rifle,,0.2222,0.4167
1174.707,2209,ACTIVE_ROUND,7,4,4,72.000,,,s0pp,FUT Esports,chamber,True,100,50,0,8,0,2,False,operator,sniper,,0.8156,0.3533,xeus,FUT Esports,jett,False,,50,2,0,0,2,False,vandal,rifle,,,,sociablEE,FUT Esports,fade,True,100,50,2,0,0,3,False,phantom,rifle,,0.2789,0.3489,yetujey,FUT Esports,astra,True,100,40,0,0,0,4,False,phantom,rifle,,0.3333,0.5344,KROSTALY,FUT Esports,kayo,True,100,50,1,2,0,2,False,vandal,rifle,,0.7856,0.3233,Chronicle,Team Vitality,chamber,True,100,50,0,8,1,1,False,phantom,rifle,,0.0856,0.5222,Derke,Team Vitality,neon,True,97,44,0,0,1,4,False,phantom,rifle,,0.1889,0.3467,Jamppi,Team Vitality,kayo,True,100,40,0,1,0,2,False,vandal,rifle,,0.1933,0.4733,Sayonara,Team Vitality,sova,True,100,50,0,2,0,7,True,vandal,rifle,,0.1533,0.4556,PROFEK,Team Vitality,astra,True,100,50,0,0,0,1,False,phantom,rifle,,0.3889,0.7900
1175.191,2210,ACTIVE_ROUND,7,4,4,71.000,,,s0pp,FUT Esports,chamber,True,100,50,0,8,0,2,False,operator,sniper,,0.8156,0.3533,xeus,FUT Esports,jett,False,,50,2,0,0,2,False,vandal,rifle,,,,sociablEE,FUT Esports,fade,True,100,50,2,0,0,3,False,phantom,rifle,,0.2789,0.3467,yetujey,FUT Esports,astra,True,100,40,0,0,0,4,False,phantom,rifle,,0.3333,0.5344,KROSTALY,FUT Esports,kayo,True,100,50,1,2,0,2,False,vandal,rifle,,0.4922,0.2522,Chronicle,Team Vitality,chamber,True,100,50,0,8,1,1,False,phantom,rifle,,0.1789,0.4689,Derke,Team Vitality,neon,True,97,44,0,0,1,4,False,phantom,rifle,,0.1889,0.3467,Jamppi,Team Vitality,kayo,True,100,46,0,1,0,2,False,vandal,rifle,,0.2133,0.4733,Sayonara,Team Vitality,sova,True,100,50,0,2,0,7,True,vandal,rifle,,0.1600,0.4378,PROFEK,Team Vitality,astra,True,100,50,0,0,0,1,False,phantom,rifle,,0.3889,0.7900
1175.675,2211,ACTIVE_ROUND,7,4,4,71.000,,,s0pp,FUT Esports,chamber,True,100,50,0,8,0,2,False,operator,sniper,,0.8156,0.3533,xeus,FUT Esports,jett,False,,50,2,0,0,2,False,vandal,rifle,,,,sociablEE,FUT Esports,fade,True,96,41,2,0,0,3,False,phantom,rifle,,0.2789,0.3467,yetujey,FUT Esports,astra,True,100,40,0,0,0,4,False,phantom,rifle,,0.2911,0.5278,KROSTALY,FUT Esports,kayo,True,100,50,1,2,0,2,False,vandal,rifle,,0.4900,0.2544,Chronicle,Team Vitality,chamber,True,100,50,0,8,1,1,False,phantom,rifle,,0.0856,0.5178,Derke,Team Vitality,neon,True,97,44,0,0,1,4,False,phantom,rifle,,0.1889,0.3467,Jamppi,Team Vitality,kayo,True,100,50,0,1,0,2,False,vandal,rifle,,0.2133,0.4733,Sayonara,Team Vitality,sova,True,100,50,0,2,0,7,True,vandal,rifle,,0.1533,0.4200,PROFEK,Team Vitality,astra,True,100,50,0,0,0,1,False,phantom,rifle,,0.2222,0.4167
1176.158,2212,ACTIVE_ROUND,7,4,4,70.000,,,s0pp,FUT Esports,chamber,True,100,50,0,8,0,2,False,operator,sniper,,0.8156,0.3533,xeus,FUT Esports,jett,False,,50,2,0,0,2,False,vandal,rifle,,,,sociablEE,FUT Esports,fade,True,96,41,2,0,0,3,False,phantom,rifle,,0.2789,0.3467,yetujey,FUT Esports,astra,True,100,40,1,0,0,4,False,phantom,rifle,,0.2911,0.5278,KROSTALY,FUT Esports,kayo,True,100,50,1,1,0,2,False,vandal,rifle,,0.4833,0.2544,Chronicle,Team Vitality,chamber,True,100,50,0,8,1,1,False,phantom,rifle,,0.2078,0.4711,Derke,Team Vitality,neon,True,97,44,0,0,1,4,False,phantom,rifle,,0.1778,0.3556,Jamppi,Team Vitality,kayo,True,100,50,0,0,0,2,False,vandal,rifle,,0.2133,0.4733,Sayonara,Team Vitality,sova,True,100,50,0,2,0,7,True,vandal,rifle,,0.1400,0.4089,PROFEK,Team Vitality,astra,True,100,50,0,0,0,1,False,phantom,rifle,,0.3889,0.7900
1176.642,2213,ACTIVE_ROUND,7,4,4,70.000,,,s0pp,FUT Esports,chamber,True,100,50,0,8,0,2,False,operator,sniper,,0.8156,0.3533,xeus,FUT Esports,jett,False,,50,2,0,0,2,False,vandal,rifle,,,,sociablEE,FUT Esports,fade,True,96,41,2,0,0,3,False,phantom,rifle,,0.2856,0.3556,yetujey,FUT Esports,astra,True,100,40,1,0,0,4,False,phantom,rifle,,0.2911,0.5278,KROSTALY,FUT Esports,kayo,True,100,50,1,1,0,2,False,vandal,rifle,,0.4789,0.2589,Chronicle,Team Vitality,chamber,True,100,50,0,8,1,1,False,phantom,rifle,,0.2856,0.7733,Derke,Team Vitality,neon,True,97,44,0,0,1,4,False,phantom,rifle,,0.1778,0.3556,Jamppi,Team Vitality,kayo,True,100,50,0,0,0,2,False,vandal,rifle,,0.2133,0.4733,Sayonara,Team Vitality,sova,True,100,50,0,2,0,7,True,vandal,rifle,,0.1400,0.4089,PROFEK,Team Vitality,astra,True,100,50,0,0,0,1,False,phantom,rifle,,0.3889,0.7900
1177.126,2214,ACTIVE_ROUND,7,4,4,69.000,,,s0pp,FUT Esports,chamber,True,100,50,0,8,0,2,False,operator,sniper,,0.8156,0.3533,xeus,FUT Esports,jett,False,,50,2,0,0,2,False,vandal,rifle,,,,sociablEE,FUT Esports,fade,True,96,41,2,0,0,3,False,phantom,rifle,,0.2811,0.3556,yetujey,FUT Esports,astra,True,100,40,1,0,0,4,False,phantom,rifle,,0.2911,0.5278,KROSTALY,FUT Esports,kayo,True,100,50,1,1,0,2,False,vandal,rifle,,0.4722,0.2611,Chronicle,Team Vitality,chamber,True,100,50,0,8,1,1,False,phantom,rifle,,0.5833,0.7000,Derke,Team Vitality,neon,True,97,44,0,0,1,4,False,phantom,rifle,,0.1778,0.3556,Jamppi,Team Vitality,kayo,True,100,50,0,0,0,2,False,vandal,rifle,,0.2133,0.4733,Sayonara,Team Vitality,sova,True,100,50,0,2,0,7,True,vandal,rifle,,0.1400,0.4089,PROFEK,Team Vitality,astra,True,100,50,0,0,0,1,False,phantom,rifle,,0.3889,0.7900
1177.610,2215,ACTIVE_ROUND,7,4,4,69.000,,,s0pp,FUT Esports,chamber,True,100,50,0,8,0,2,False,operator,sniper,,0.8156,0.3533,xeus,FUT Esports,jett,False,,50,2,0,0,2,False,vandal,rifle,,,,sociablEE,FUT Esports,fade,True,96,41,2,0,0,3,False,phantom,rifle,,0.2833,0.3556,yetujey,FUT Esports,astra,True,100,40,1,0,0,4,False,phantom,rifle,,0.2911,0.5278,KROSTALY,FUT Esports,kayo,True,100,50,1,1,0,2,False,vandal,rifle,,0.4656,0.2678,Chronicle,Team Vitality,chamber,True,100,50,0,8,1,1,False,phantom,rifle,,0.8722,0.3978,Derke,Team Vitality,neon,True,97,44,0,0,1,4,False,phantom,rifle,,0.1822,0.3444,Jamppi,Team Vitality,kayo,True,100,50,0,0,0,2,False,vandal,rifle,,0.2133,0.4733,Sayonara,Team Vitality,sova,True,100,50,0,2,0,7,True,vandal,rifle,,0.1400,0.4089,PROFEK,Team Vitality,astra,True,100,50,0,0,0,1,False,phantom,rifle,,0.3889,0.7900
1178.094,2216,ACTIVE_ROUND,7,4,4,68.000,,,s0pp,FUT Esports,chamber,True,100,50,0,8,0,2,False,operator,sniper,,0.6889,0.2044,xeus,FUT Esports,jett,False,,50,2,0,0,2,False,vandal,rifle,,,,sociablEE,FUT Esports,fade,True,96,41,2,0,0,3,False,phantom,rifle,,0.2722,0.3622,yetujey,FUT Esports,astra,True,100,40,1,0,0,4,False,phantom,rifle,,0.2911,0.5278,KROSTALY,FUT Esports,kayo,True,100,50,1,0,0,2,False,vandal,rifle,,0.4500,0.2722,Chronicle,Team Vitality,chamber,True,100,50,0,8,1,1,False,phantom,rifle,,0.2856,0.7733,Derke,Team Vitality,neon,True,97,44,0,0,1,4,False,phantom,rifle,,0.1867,0.3444,Jamppi,Team Vitality,kayo,True,100,50,0,0,0,2,False,vandal,rifle,,0.2133,0.4733,Sayonara,Team Vitality,sova,True,100,50,0,2,0,7,True,vandal,rifle,,0.1400,0.4089,PROFEK,Team Vitality,astra,True,100,50,1,0,0,1,False,phantom,rifle,,0.3889,0.7900
1178.577,2217,ACTIVE_ROUND,7,4,4,68.000,,,s0pp,FUT Esports,chamber,True,100,50,0,8,0,2,False,operator,sniper,,0.6889,0.2044,xeus,FUT Esports,jett,False,,50,2,0,0,2,False,vandal,rifle,,,,sociablEE,FUT Esports,fade,True,96,41,2,0,0,3,False,phantom,rifle,,0.2722,0.3622,yetujey,FUT Esports,astra,True,100,40,1,0,0,4,False,phantom,rifle,,0.2911,0.5278,KROSTALY,FUT Esports,kayo,True,100,50,1,0,0,2,False,vandal,rifle,,0.8367,0.1944,Chronicle,Team Vitality,chamber,True,100,50,0,8,1,1,False,phantom,rifle,,0.1522,0.3378,Derke,Team Vitality,neon,True,97,44,0,0,1,4,False,phantom,rifle,,0.1867,0.3444,Jamppi,Team Vitality,kayo,True,100,50,0,0,0,2,False,vandal,rifle,,0.2133,0.4733,Sayonara,Team Vitality,sova,True,100,50,0,2,0,7,True,vandal,rifle,,0.1400,0.4089,PROFEK,Team Vitality,astra,True,100,50,1,0,0,1,False,phantom,rifle,,0.3889,0.7900
1179.061,2218,ACTIVE_ROUND,7,4,4,67.000,,,s0pp,FUT Esports,chamber,True,100,50,0,8,0,2,False,operator,sniper,,0.6889,0.2044,xeus,FUT Esports,jett,False,,50,2,0,0,2,False,vandal,rifle,,,,sociablEE,FUT Esports,fade,True,96,41,2,0,0,3,False,phantom,rifle,,0.2722,0.3622,yetujey,FUT Esports,astra,True,100,40,1,0,0,4,False,phantom,rifle,,0.2911,0.5278,KROSTALY,FUT Esports,kayo,True,100,50,1,0,0,2,False,vandal,rifle,,0.7300,0.1833,Chronicle,Team Vitality,chamber,True,100,50,0,8,1,1,False,phantom,rifle,,0.5878,0.6889,Derke,Team Vitality,neon,True,97,44,0,0,1,4,False,phantom,rifle,,0.1889,0.3333,Jamppi,Team Vitality,kayo,True,100,50,0,0,0,2,False,vandal,rifle,,0.2133,0.4733,Sayonara,Team Vitality,sova,True,100,50,0,2,0,7,True,vandal,rifle,,0.1400,0.4089,PROFEK,Team Vitality,astra,True,100,50,1,0,0,1,False,phantom,rifle,,0.3889,0.7900
1179.545,2219,ACTIVE_ROUND,7,4,4,67.000,,,s0pp,FUT Esports,chamber,True,100,50,0,8,0,2,False,operator,sniper,,0.6889,0.2044,xeus,FUT Esports,jett,False,,50,2,0,0,2,False,vandal,rifle,,,,sociablEE,FUT Esports,fade,False,,41,2,0,0,3,False,phantom,rifle,,0.2722,0.3622,yetujey,FUT Esports,astra,True,100,40,1,0,0,4,False,phantom,rifle,,0.2911,0.5278,KROSTALY,FUT Esports,kayo,True,100,50,1,0,0,2,False,vandal,rifle,,0.3944,0.2811,Chronicle,Team Vitality,chamber,True,100,50,0,8,1,1,False,phantom,rifle,,0.1211,0.4889,Derke,Team Vitality,neon,True,97,44,0,0,1,4,False,phantom,rifle,,0.1889,0.3333,Jamppi,Team Vitality,kayo,True,100,50,0,0,0,2,False,vandal,rifle,,0.2133,0.4733,Sayonara,Team Vitality,sova,True,100,50,0,2,0,7,True,vandal,rifle,,0.1844,0.3289,PROFEK,Team Vitality,astra,True,100,50,1,0,0,1,False,phantom,rifle,,0.3889,0.7900
1180.029,2220,ACTIVE_ROUND,7,4,4,66.000,,,s0pp,FUT Esports,chamber,True,100,50,0,8,0,2,False,operator,sniper,,0.5956,0.1933,xeus,FUT Esports,jett,False,,50,2,0,0,2,False,vandal,rifle,,,,sociablEE,FUT Esports,fade,False,,41,2,0,0,3,False,phantom,rifle,,,,yetujey,FUT Esports,astra,True,100,40,1,1,0,4,False,phantom,rifle,,0.2911,0.5278,KROSTALY,FUT Esports,kayo,True,100,50,1,0,0,2,False,vandal,rifle,,0.3700,0.2789,Chronicle,Team Vitality,chamber,True,100,50,0,8,0,1,False,phantom,rifle,,0.3344,0.8089,Derke,Team Vitality,neon,True,97,44,0,0,0,4,False,phantom,rifle,,0.1889,0.3333,Jamppi,Team Vitality,kayo,True,100,50,0,0,0,3,False,vandal,rifle,,0.2133,0.4733,Sayonara,Team Vitality,sova,True,100,50,0,2,0,7,True,vandal,rifle,,0.1844,0.3289,PROFEK,Team Vitality,astra,True,100,50,0,0,0,1,False,phantom,rifle,,0.3889,0.7900
1180.513,2221,ACTIVE_ROUND,7,4,4,66.000,,,s0pp,FUT Esports,chamber,True,100,50,0,8,0,2,False,operator,sniper,,0.5956,0.1933,xeus,FUT Esports,jett,False,,50,2,0,0,2,False,vandal,rifle,,,,sociablEE,FUT Esports,fade,False,,41,2,0,0,3,False,phantom,rifle,,,,yetujey,FUT Esports,astra,True,100,40,1,1,0,4,False,phantom,rifle,,0.2911,0.5278,KROSTALY,FUT Esports,kayo,True,100,50,1,0,0,2,False,vandal,rifle,,0.3478,0.2856,Chronicle,Team Vitality,chamber,True,100,50,0,8,0,1,False,phantom,rifle,,0.1678,0.4778,Derke,Team Vitality,neon,True,97,44,0,0,0,4,False,phantom,rifle,,0.2244,0.3044,Jamppi,Team Vitality,kayo,True,100,50,0,0,0,3,False,vandal,rifle,,0.2178,0.4600,Sayonara,Team Vitality,sova,True,100,50,0,2,0,7,True,vandal,rifle,,0.3644,0.7844,PROFEK,Team Vitality,astra,True,100,50,0,0,0,1,False,phantom,rifle,,0.3889,0.7900
1180.996,2222,ACTIVE_ROUND,7,4,4,65.000,,,s0pp,FUT Esports,chamber,True,100,50,0,8,0,2,False,operator,sniper,,0.5578,0.2200,xeus,FUT Esports,jett,False,,50,2,0,0,2,False,vandal,rifle,,,,sociablEE,FUT Esports,fade,False,,41,2,0,0,3,False,phantom,rifle,,,,yetujey,FUT Esports,astra,True,100,40,1,1,0,4,False,phantom,rifle,,0.2911,0.5278,KROSTALY,FUT Esports,kayo,True,100,50,1,0,0,2,False,vandal,rifle,,0.3433,0.3078,Chronicle,Team Vitality,chamber,True,100,50,0,8,0,1,False,phantom,rifle,,0.1700,0.4600,Derke,Team Vitality,neon,True,97,44,0,0,0,4,False,phantom,rifle,,0.2378,0.3044,Jamppi,Team Vitality,kayo,True,100,50,0,0,0,3,False,vandal,rifle,,0.2267,0.4467,Sayonara,Team Vitality,sova,True,100,50,0,2,0,7,True,vandal,rifle,,0.3644,0.7844,PROFEK,Team Vitality,astra,True,100,50,0,0,0,1,False,phantom,rifle,,0.3889,0.7900
1181.480,2223,ACTIVE_ROUND,7,4,4,65.000,,,s0pp,FUT Esports,chamber,True,100,50,0,8,0,2,False,operator,sniper,,0.5378,0.2356,xeus,FUT Esports,jett,False,,50,2,0,0,2,False,vandal,rifle,,,,sociablEE,FUT Esports,fade,False,,41,2,0,0,3,False,phantom,rifle,,,,yetujey,FUT Esports,astra,True,100,40,1,1,0,4,False,phantom,rifle,,0.2911,0.5278,KROSTALY,FUT Esports,kayo,True,100,50,1,0,0,2,False,vandal,rifle,,0.3411,0.3300,Chronicle,Team Vitality,chamber,True,100,50,0,8,0,1,False,phantom,rifle,,0.1678,0.4422,Derke,Team Vitality,neon,True,97,44,0,0,0,4,False,phantom,rifle,,0.2578,0.3067,Jamppi,Team Vitality,kayo,True,100,50,0,0,0,3,False,vandal,rifle,,0.2267,0.4444,Sayonara,Team Vitality,sova,True,100,50,0,2,0,7,True,vandal,rifle,,0.3644,0.7844,PROFEK,Team Vitality,astra,True,100,50,0,0,0,1,False,phantom,rifle,,0.3889,0.7900
1181.964,2224,ACTIVE_ROUND,7,4,4,64.000,,,s0pp,FUT Esports,chamber,True,100,50,0,8,0,2,False,operator,sniper,,0.5156,0.2422,xeus,FUT Esports,jett,False,,50,2,0,0,2,False,vandal,rifle,,,,sociablEE,FUT Esports,fade,False,,41,2,0,0,3,False,phantom,rifle,,,,yetujey,FUT Esports,astra,True,100,40,1,1,0,5,False,phantom,rifle,,0.2911,0.5278,KROSTALY,FUT Esports,kayo,True,100,50,1,0,0,2,False,vandal,rifle,,0.3367,0.3544,Chronicle,Team Vitality,chamber,True,100,50,0,8,0,1,False,phantom,rifle,,0.1700,0.4244,Derke,Team Vitality,neon,True,97,44,0,0,0,4,False,phantom,rifle,,0.2756,0.3067,Jamppi,Team Vitality,kayo,True,100,50,0,0,0,3,False,vandal,rifle,,0.2267,0.4444,Sayonara,Team Vitality,sova,True,100,50,0,2,0,7,True,vandal,rifle,,0.3644,0.7844,PROFEK,Team Vitality,astra,False,,50,0,0,0,2,False,unknown,unknown,,0.3889,0.7900
1182.448,2225,ACTIVE_ROUND,7,4,4,64.000,,,s0pp,FUT Esports,chamber,True,100,50,0,8,0,2,False,operator,sniper,,0.4933,0.2511,xeus,FUT Esports,jett,False,,50,2,0,0,2,False,vandal,rifle,,,,sociablEE,FUT Esports,fade,False,,41,2,0,0,3,False,phantom,rifle,,,,yetujey,FUT Esports,astra,True,100,40,1,1,0,5,False,phantom,rifle,,0.2911,0.5278,KROSTALY,FUT Esports,kayo,True,100,50,1,0,0,2,False,vandal,rifle,,0.3322,0.3744,Chronicle,Team Vitality,chamber,True,100,50,0,8,0,1,False,phantom,rifle,,0.0856,0.4400,Derke,Team Vitality,neon,True,97,44,0,0,0,4,False,phantom,rifle,,0.2756,0.3067,Jamppi,Team Vitality,kayo,True,100,50,0,0,0,3,False,vandal,rifle,,0.2267,0.4444,Sayonara,Team Vitality,sova,True,100,50,0,2,0,7,True,vandal,rifle,,0.3644,0.7844,PROFEK,Team Vitality,astra,False,,50,0,0,0,2,False,unknown,unknown,,,
1182.932,2226,ACTIVE_ROUND,7,4,4,64.000,,,s0pp,FUT Esports,chamber,True,100,50,0,8,0,2,False,operator,sniper,,0.4733,0.2600,xeus,FUT Esports,jett,False,,50,2,0,0,2,False,vandal,rifle,,,,sociablEE,FUT Esports,fade,False,,41,2,0,0,3,False,phantom,rifle,,,,yetujey,FUT Esports,astra,False,,40,1,1,0,5,False,phantom,rifle,,0.2911,0.5278,KROSTALY,FUT Esports,kayo,True,100,50,1,0,0,2,False,vandal,rifle,,0.3300,0.3878,Chronicle,Team Vitality,chamber,True,100,50,0,8,0,1,False,phantom,rifle,,0.1211,0.4978,Derke,Team Vitality,neon,True,97,44,0,0,0,4,False,phantom,rifle,,0.2911,0.3089,Jamppi,Team Vitality,kayo,False,,50,0,0,0,3,False,vandal,rifle,,0.2267,0.4444,Sayonara,Team Vitality,sova,True,100,50,0,2,0,7,True,vandal,rifle,,0.3644,0.7844,PROFEK,Team Vitality,astra,False,,50,0,0,0,2,False,unknown,unknown,,,
1183.416,2227,ACTIVE_ROUND,7,4,4,63.000,,,s0pp,FUT Esports,chamber,True,100,50,0,8,0,2,False,operator,sniper,,0.4511,0.2667,xeus,FUT Esports,jett,False,,50,2,0,0,2,False,vandal,rifle,,,,sociablEE,FUT Esports,fade,False,,41,2,0,0,3,False,phantom,rifle,,,,yetujey,FUT Esports,astra,False,,40,1,1,0,5,False,phantom,rifle,,,,KROSTALY,FUT Esports,kayo,True,100,50,1,0,0,2,False,vandal,rifle,,0.3944,0.2656,Chronicle,Team Vitality,chamber,True,100,50,0,8,0,1,False,phantom,rifle,,0.1878,0.4356,Derke,Team Vitality,neon,True,97,44,0,0,0,4,False,phantom,rifle,,0.2956,0.3267,Jamppi,Team Vitality,kayo,False,,50,0,0,0,3,False,vandal,rifle,,,,Sayonara,Team Vitality,sova,True,100,50,0,2,0,7,True,vandal,rifle,,0.3667,0.7844,PROFEK,Team Vitality,astra,False,,50,0,0,0,2,False,unknown,unknown,,,
1183.899,2228,ACTIVE_ROUND,7,4,4,63.000,,,s0pp,FUT Esports,chamber,True,100,50,0,8,0,2,False,operator,sniper,,0.4333,0.2733,xeus,FUT Esports,jett,False,,50,2,0,0,2,False,vandal,rifle,,,,sociablEE,FUT Esports,fade,False,,41,2,0,0,3,False,phantom,rifle,,,,yetujey,FUT Esports,astra,False,,40,1,1,0,5,False,phantom,rifle,,,,KROSTALY,FUT Esports,kayo,True,100,50,1,0,0,2,False,vandal,rifle,,0.3256,0.3833,Chronicle,Team Vitality,chamber,True,100,50,0,8,0,2,False,phantom,rifle,,0.5078,0.5067,Derke,Team Vitality,neon,True,97,44,0,0,0,4,False,phantom,rifle,,0.2978,0.3444,Jamppi,Team Vitality,kayo,False,,50,0,0,0,3,False,vandal,rifle,,,,Sayonara,Team Vitality,sova,True,100,50,0,2,0,7,True,vandal,rifle,,0.3667,0.7844,PROFEK,Team Vitality,astra,False,,50,0,0,0,2,False,unknown,unknown,,,
1184.383,2229,ACTIVE_ROUND,7,4,4,62.000,,,s0pp,FUT Esports,chamber,True,100,50,0,8,0,2,False,operator,sniper,,0.4200,0.2756,xeus,FUT Esports,jett,False,,50,2,0,0,2,False,vandal,rifle,,,,sociablEE,FUT Esports,fade,False,,41,2,0,0,3,False,phantom,rifle,,,,yetujey,FUT Esports,astra,False,,40,1,1,0,5,False,phantom,rifle,,,,KROSTALY,FUT Esports,kayo,True,100,50,1,0,0,2,False,vandal,rifle,,0.2811,0.3744,Chronicle,Team Vitality,chamber,True,100,50,0,8,0,2,False,phantom,rifle,,0.3700,0.2844,Derke,Team Vitality,neon,True,97,44,0,0,0,4,False,phantom,rifle,,0.3044,0.3622,Jamppi,Team Vitality,kayo,False,,50,0,0,0,3,False,vandal,rifle,,,,Sayonara,Team Vitality,sova,True,100,50,0,2,0,7,True,vandal,rifle,,0.3667,0.7844,PROFEK,Team Vitality,astra,False,,50,0,0,0,2,False,unknown,unknown,,,
1184.867,2230,ACTIVE_ROUND,7,4,4,62.000,,,s0pp,FUT Esports,chamber,True,100,50,0,8,0,2,False,operator,sniper,,0.4044,0.2844,xeus,FUT Esports,jett,False,,50,2,0,0,2,False,vandal,rifle,,,,sociablEE,FUT Esports,fade,False,,41,2,0,0,3,False,phantom,rifle,,,,yetujey,FUT Esports,astra,False,,40,1,1,0,5,False,phantom,rifle,,,,KROSTALY,FUT Esports,kayo,True,100,50,1,0,0,2,False,vandal,rifle,,0.2833,0.3767,Chronicle,Team Vitality,chamber,True,100,50,0,8,0,2,False,phantom,rifle,,0.1256,0.5156,Derke,Team Vitality,neon,True,97,44,0,0,0,4,False,phantom,rifle,,0.3156,0.3600,Jamppi,Team Vitality,kayo,False,,50,0,0,0,3,False,vandal,rifle,,,,Sayonara,Team Vitality,sova,True,100,50,0,2,0,7,True,vandal,rifle,,0.3667,0.7844,PROFEK,Team Vitality,astra,False,,50,0,0,0,2,False,unknown,unknown,,,
1185.351,2231,ACTIVE_ROUND,7,4,4,61.000,,,s0pp,FUT Esports,chamber,True,100,50,0,8,0,2,False,operator,sniper,,0.4044,0.2844,xeus,FUT Esports,jett,False,,50,2,0,0,2,False,vandal,rifle,,,,sociablEE,FUT Esports,fade,False,,41,2,0,0,3,False,phantom,rifle,,,,yetujey,FUT Esports,astra,False,,40,1,1,0,5,False,phantom,rifle,,,,KROSTALY,FUT Esports,kayo,True,100,50,1,0,0,2,False,vandal,rifle,,0.2900,0.3678,Chronicle,Team Vitality,chamber,True,100,50,0,8,0,2,False,phantom,rifle,,0.2856,0.7422,Derke,Team Vitality,neon,True,97,44,0,0,0,4,False,phantom,rifle,,0.3156,0.3600,Jamppi,Team Vitality,kayo,False,,50,0,0,0,3,False,vandal,rifle,,,,Sayonara,Team Vitality,sova,True,100,50,0,2,0,7,True,vandal,rifle,,0.3667,0.7844,PROFEK,Team Vitality,astra,False,,50,0,0,0,2,False,unknown,unknown,,,
1185.835,2232,ACTIVE_ROUND,7,4,4,61.000,,,s0pp,FUT Esports,chamber,True,100,50,0,8,0,2,False,operator,sniper,,0.4044,0.2844,xeus,FUT Esports,jett,False,,50,2,0,0,2,False,vandal,rifle,,,,sociablEE,FUT Esports,fade,False,,41,2,0,0,3,False,phantom,rifle,,,,yetujey,FUT Esports,astra,False,,40,1,1,0,5,False,phantom,rifle,,,,KROSTALY,FUT Esports,kayo,True,100,50,1,0,0,2,False,vandal,rifle,,0.6478,0.4344,Chronicle,Team Vitality,chamber,True,100,50,0,8,0,2,False,phantom,rifle,,0.2856,0.7378,Derke,Team Vitality,neon,True,97,44,0,0,0,4,False,phantom,rifle,,0.3156,0.3600,Jamppi,Team Vitality,kayo,False,,50,0,0,0,3,False,vandal,rifle,,,,Sayonara,Team Vitality,sova,True,100,50,0,2,0,7,True,vandal,rifle,,0.3667,0.7844,PROFEK,Team Vitality,astra,False,,50,0,0,0,2,False,unknown,unknown,,,
1186.318,2233,ACTIVE_ROUND,7,4,4,60.000,,,s0pp,FUT Esports,chamber,True,100,50,0,8,0,2,False,operator,sniper,,0.4044,0.2844,xeus,FUT Esports,jett,False,,50,2,0,0,2,False,vandal,rifle,,,,sociablEE,FUT Esports,fade,False,,41,2,0,0,3,False,phantom,rifle,,,,yetujey,FUT Esports,astra,False,,40,1,1,0,5,False,phantom,rifle,,,,KROSTALY,FUT Esports,kayo,True,100,50,1,0,0,2,False,vandal,rifle,,0.6478,0.4344,Chronicle,Team Vitality,chamber,True,100,50,0,8,0,2,False,phantom,rifle,,0.2856,0.7378,Derke,Team Vitality,neon,True,97,44,0,0,0,4,False,phantom,rifle,,0.3156,0.3600,Jamppi,Team Vitality,kayo,False,,50,0,0,0,3,False,vandal,rifle,,,,Sayonara,Team Vitality,sova,True,100,50,0,2,0,7,True,vandal,rifle,,0.3667,0.7844,PROFEK,Team Vitality,astra,False,,50,0,0,0,2,False,unknown,unknown,,,
1186.802,2234,ACTIVE_ROUND,7,4,4,60.000,,,s0pp,FUT Esports,chamber,True,100,50,0,8,0,2,False,operator,sniper,,0.4044,0.2844,xeus,FUT Esports,jett,False,,50,2,0,0,2,False,vandal,rifle,,,,sociablEE,FUT Esports,fade,False,,41,2,0,0,3,False,phantom,rifle,,,,yetujey,FUT Esports,astra,False,,40,1,1,0,5,False,phantom,rifle,,,,KROSTALY,FUT Esports,kayo,True,100,50,1,0,0,2,False,vandal,rifle,,0.2878,0.3833,Chronicle,Team Vitality,chamber,True,100,50,0,8,0,2,False,phantom,rifle,,0.2811,0.8067,Derke,Team Vitality,neon,True,97,44,0,0,0,4,False,phantom,rifle,,0.3156,0.3600,Jamppi,Team Vitality,kayo,False,,50,0,0,0,3,False,vandal,rifle,,,,Sayonara,Team Vitality,sova,True,100,50,0,2,0,7,True,vandal,rifle,,0.3667,0.7844,PROFEK,Team Vitality,astra,False,,50,0,0,0,2,False,unknown,unknown,,,
1187.286,2235,ACTIVE_ROUND,7,4,4,59.000,,,s0pp,FUT Esports,chamber,True,100,50,0,8,0,2,False,operator,sniper,,0.4044,0.2844,xeus,FUT Esports,jett,False,,50,2,0,0,2,False,vandal,rifle,,,,sociablEE,FUT Esports,fade,False,,41,2,0,0,3,False,phantom,rifle,,,,yetujey,FUT Esports,astra,False,,40,1,1,0,5,False,phantom,rifle,,,,KROSTALY,FUT Esports,kayo,True,100,50,1,0,0,2,False,vandal,rifle,,0.2989,0.3633,Chronicle,Team Vitality,chamber,True,100,50,0,8,0,2,False,phantom,rifle,,0.2811,0.8067,Derke,Team Vitality,neon,False,,44,0,0,0,4,False,phantom,rifle,,0.3156,0.3600,Jamppi,Team Vitality,kayo,False,,50,0,0,0,3,False,vandal,rifle,,,,Sayonara,Team Vitality,sova,True,100,50,0,2,0,7,True,vandal,rifle,,0.3667,0.7844,PROFEK,Team Vitality,astra,False,,50,0,0,0,2,False,unknown,unknown,,,
1187.770,2236,ACTIVE_ROUND,7,4,4,59.000,,,s0pp,FUT Esports,chamber,True,100,50,0,8,0,3,False,operator,sniper,,0.4044,0.2844,xeus,FUT Esports,jett,False,,50,2,0,0,2,False,vandal,rifle,,,,sociablEE,FUT Esports,fade,False,,41,2,0,0,3,False,phantom,rifle,,,,yetujey,FUT Esports,astra,False,,40,1,1,0,5,False,phantom,rifle,,,,KROSTALY,FUT Esports,kayo,True,100,50,1,0,0,2,False,vandal,rifle,,0.2833,0.4078,Chronicle,Team Vitality,chamber,True,100,50,0,8,0,2,False,phantom,rifle,,0.2811,0.8067,Derke,Team Vitality,neon,False,,44,0,0,0,4,False,phantom,rifle,,,,Jamppi,Team Vitality,kayo,False,,50,0,0,0,3,False,vandal,rifle,,,,Sayonara,Team Vitality,sova,True,100,50,0,2,0,7,True,vandal,rifle,,0.3667,0.7844,PROFEK,Team Vitality,astra,False,,50,0,0,0,2,False,unknown,unknown,,,
1188.254,2237,ACTIVE_ROUND,7,4,4,58.000,,,s0pp,FUT Esports,chamber,True,100,50,0,8,0,3,False,operator,sniper,,0.4044,0.2844,xeus,FUT Esports,jett,False,,50,2,0,0,2,False,vandal,rifle,,,,sociablEE,FUT Esports,fade,False,,41,2,0,0,3,False,phantom,rifle,,,,yetujey,FUT Esports,astra,False,,40,1,1,0,5,False,phantom,rifle,,,,KROSTALY,FUT Esports,kayo,True,100,50,1,0,0,2,False,vandal,rifle,,0.3322,0.4033,Chronicle,Team Vitality,chamber,True,100,50,0,8,0,2,False,phantom,rifle,,0.2678,0.3911,Derke,Team Vitality,neon,False,,44,0,0,0,4,False,phantom,rifle,,,,Jamppi,Team Vitality,kayo,False,,50,0,0,0,3,False,vandal,rifle,,,,Sayonara,Team Vitality,sova,True,100,50,0,2,0,7,True,vandal,rifle,,0.3667,0.7844,PROFEK,Team Vitality,astra,False,,50,0,0,0,2,False,unknown,unknown,,,
1188.738,2238,ACTIVE_ROUND,7,4,4,58.000,,,s0pp,FUT Esports,chamber,True,100,50,0,8,0,3,False,operator,sniper,,0.4044,0.2844,xeus,FUT Esports,jett,False,,50,2,0,0,2,False,vandal,rifle,,,,sociablEE,FUT Esports,fade,False,,41,2,0,0,3,False,phantom,rifle,,,,yetujey,FUT Esports,astra,False,,40,1,1,0,5,False,phantom,rifle,,,,KROSTALY,FUT Esports,kayo,True,100,50,1,0,0,2,False,vandal,rifle,,0.3300,0.4056,Chronicle,Team Vitality,chamber,True,100,50,0,8,0,2,False,phantom,rifle,,0.0856,0.4422,Derke,Team Vitality,neon,False,,44,0,0,0,4,False,phantom,rifle,,,,Jamppi,Team Vitality,kayo,False,,50,0,0,0,3,False,vandal,rifle,,,,Sayonara,Team Vitality,sova,True,100,50,0,2,0,7,True,vandal,rifle,,0.3667,0.7844,PROFEK,Team Vitality,astra,False,,50,0,0,0,2,False,unknown,unknown,,,
1190.189,2241,ACTIVE_ROUND,7,4,4,,0.000,,s0pp,FUT Esports,chamber,True,100,50,0,8,0,3,False,operator,sniper,,0.3489,0.3622,xeus,FUT Esports,jett,False,,50,2,0,0,2,False,vandal,rifle,,,,sociablEE,FUT Esports,fade,False,,41,2,0,0,3,False,phantom,rifle,,,,yetujey,FUT Esports,astra,False,,40,1,1,0,5,False,phantom,rifle,,,,KROSTALY,FUT Esports,kayo,False,,50,1,0,0,2,False,vandal,rifle,,0.2811,0.3833,Chronicle,Team Vitality,chamber,True,100,50,0,8,0,2,False,phantom,rifle,,0.2678,0.3911,Derke,Team Vitality,neon,False,,44,0,0,0,4,False,phantom,rifle,,,,Jamppi,Team Vitality,kayo,False,,50,0,0,0,3,False,vandal,rifle,,,,Sayonara,Team Vitality,sova,True,100,50,0,2,0,7,True,vandal,rifle,,0.3667,0.7844,PROFEK,Team Vitality,astra,False,,50,0,0,0,2,False,unknown,unknown,,,
1190.673,2242,ACTIVE_ROUND,7,4,4,,0.484,,s0pp,FUT Esports,chamber,True,100,50,0,8,0,3,False,operator,sniper,,0.3467,0.3622,xeus,FUT Esports,jett,False,,50,2,0,0,2,False,vandal,rifle,,,,sociablEE,FUT Esports,fade,False,,41,2,0,0,3,False,phantom,rifle,,,,yetujey,FUT Esports,astra,False,,40,1,1,0,5,False,phantom,rifle,,,,KROSTALY,FUT Esports,kayo,False,,50,1,0,0,2,False,vandal,rifle,,,,Chronicle,Team Vitality,chamber,True,100,50,0,8,0,2,False,phantom,rifle,,0.2900,0.7600,Derke,Team Vitality,neon,False,,44,0,0,0,4,False,phantom,rifle,,,,Jamppi,Team Vitality,kayo,False,,50,0,0,0,3,False,vandal,rifle,,,,Sayonara,Team Vitality,sova,True,100,50,0,2,0,7,True,vandal,rifle,,0.3667,0.7844,PROFEK,Team Vitality,astra,False,,50,0,0,0,2,False,unknown,unknown,,,
1191.157,2243,ACTIVE_ROUND,7,4,4,,0.968,,s0pp,FUT Esports,chamber,True,100,50,0,8,0,3,False,operator,sniper,,0.3467,0.3733,xeus,FUT Esports,jett,False,,50,2,0,0,2,False,vandal,rifle,,,,sociablEE,FUT Esports,fade,False,,41,2,0,0,3,False,phantom,rifle,,,,yetujey,FUT Esports,astra,False,,40,1,1,0,5,False,phantom,rifle,,,,KROSTALY,FUT Esports,kayo,False,,50,1,0,0,2,False,vandal,rifle,,,,Chronicle,Team Vitality,chamber,True,100,50,0,8,0,2,False,phantom,rifle,,0.2900,0.7600,Derke,Team Vitality,neon,False,,44,0,0,0,4,False,phantom,rifle,,,,Jamppi,Team Vitality,kayo,False,,50,0,0,0,3,False,vandal,rifle,,,,Sayonara,Team Vitality,sova,True,100,50,0,2,0,7,True,vandal,rifle,,0.3667,0.7844,PROFEK,Team Vitality,astra,False,,50,0,0,0,2,False,unknown,unknown,,,
1191.640,2244,ACTIVE_ROUND,7,4,4,,1.451,,s0pp,FUT Esports,chamber,True,100,50,0,8,0,3,False,operator,sniper,,0.3489,0.3800,xeus,FUT Esports,jett,False,,50,2,0,0,2,False,vandal,rifle,,,,sociablEE,FUT Esports,fade,False,,41,2,0,0,3,False,phantom,rifle,,,,yetujey,FUT Esports,astra,False,,40,1,1,0,5,False,phantom,rifle,,,,KROSTALY,FUT Esports,kayo,False,,50,1,0,0,2,False,vandal,rifle,,,,Chronicle,Team Vitality,chamber,True,100,50,0,8,0,3,False,phantom,rifle,,0.2433,0.4489,Derke,Team Vitality,neon,False,,44,0,0,0,4,False,phantom,rifle,,,,Jamppi,Team Vitality,kayo,False,,50,0,0,0,3,False,vandal,rifle,,,,Sayonara,Team Vitality,sova,True,100,50,0,2,0,7,True,vandal,rifle,,0.1822,0.3778,PROFEK,Team Vitality,astra,False,,50,0,0,0,2,False,unknown,unknown,,,
1192.124,2245,ACTIVE_ROUND,7,4,4,,1.935,,s0pp,FUT Esports,chamber,True,100,50,0,8,0,3,False,operator,sniper,,0.3489,0.3844,xeus,FUT Esports,jett,False,,50,2,0,0,2,False,vandal,rifle,,,,sociablEE,FUT Esports,fade,False,,41,2,0,0,3,False,phantom,rifle,,,,yetujey,FUT Esports,astra,False,,40,1,1,0,5,False,phantom,rifle,,,,KROSTALY,FUT Esports,kayo,False,,50,1,0,0,2,False,vandal,rifle,,,,Chronicle,Team Vitality,chamber,True,100,50,0,8,0,3,False,phantom,rifle,,0.2811,0.7911,Derke,Team Vitality,neon,False,,44,0,0,0,4,False,phantom,rifle,,,,Jamppi,Team Vitality,kayo,False,,50,0,0,0,3,False,vandal,rifle,,,,Sayonara,Team Vitality,sova,True,100,50,0,2,0,7,True,vandal,rifle,,0.1889,0.3822,PROFEK,Team Vitality,astra,False,,50,0,0,0,2,False,unknown,unknown,,,
1192.608,2246,ACTIVE_ROUND,7,4,4,,2.419,,s0pp,FUT Esports,chamber,True,100,50,0,8,0,3,False,operator,sniper,,0.3489,0.3844,xeus,FUT Esports,jett,False,,50,2,0,0,2,False,vandal,rifle,,,,sociablEE,FUT Esports,fade,False,,41,2,0,0,3,False,phantom,rifle,,,,yetujey,FUT Esports,astra,False,,40,1,1,0,5,False,phantom,rifle,,,,KROSTALY,FUT Esports,kayo,False,,50,1,0,0,2,False,vandal,rifle,,,,Chronicle,Team Vitality,chamber,True,100,50,0,8,0,3,False,phantom,rifle,,0.4522,0.9267,Derke,Team Vitality,neon,False,,44,0,0,0,4,False,phantom,rifle,,,,Jamppi,Team Vitality,kayo,False,,50,0,0,0,3,False,vandal,rifle,,,,Sayonara,Team Vitality,sova,True,100,50,0,2,0,7,True,vandal,rifle,,0.1933,0.3822,PROFEK,Team Vitality,astra,False,,50,0,0,0,2,False,unknown,unknown,,,
1193.092,2247,ACTIVE_ROUND,7,4,4,,2.903,,s0pp,FUT Esports,chamber,True,100,50,0,8,0,3,False,operator,sniper,,0.3489,0.3844,xeus,FUT Esports,jett,False,,50,2,0,0,2,False,vandal,rifle,,,,sociablEE,FUT Esports,fade,False,,41,2,0,0,3,False,phantom,rifle,,,,yetujey,FUT Esports,astra,False,,40,1,1,0,5,False,phantom,rifle,,,,KROSTALY,FUT Esports,kayo,False,,50,1,0,0,2,False,vandal,rifle,,,,Chronicle,Team Vitality,chamber,True,100,50,0,8,0,3,False,phantom,rifle,,0.2811,0.7956,Derke,Team Vitality,neon,False,,44,0,0,0,4,False,phantom,rifle,,,,Jamppi,Team Vitality,kayo,False,,50,0,0,0,3,False,vandal,rifle,,,,Sayonara,Team Vitality,sova,True,100,50,0,2,0,7,True,vandal,rifle,,0.2000,0.3844,PROFEK,Team Vitality,astra,False,,50,0,0,0,2,False,unknown,unknown,,,
1193.576,2248,ACTIVE_ROUND,7,4,4,,3.387,,s0pp,FUT Esports,chamber,True,100,50,0,8,0,3,False,operator,sniper,,0.3489,0.3844,xeus,FUT Esports,jett,False,,50,2,0,0,2,False,vandal,rifle,,,,sociablEE,FUT Esports,fade,False,,41,2,0,0,3,False,phantom,rifle,,,,yetujey,FUT Esports,astra,False,,40,1,1,0,5,False,phantom,rifle,,,,KROSTALY,FUT Esports,kayo,False,,50,1,0,0,2,False,vandal,rifle,,,,Chronicle,Team Vitality,chamber,True,100,50,0,8,0,3,False,phantom,rifle,,0.2633,0.8311,Derke,Team Vitality,neon,False,,44,0,0,0,4,False,phantom,rifle,,,,Jamppi,Team Vitality,kayo,False,,50,0,0,0,3,False,vandal,rifle,,,,Sayonara,Team Vitality,sova,True,100,50,0,2,0,7,True,vandal,rifle,,0.2000,0.3844,PROFEK,Team Vitality,astra,False,,50,0,0,0,2,False,unknown,unknown,,,
1194.060,2249,ACTIVE_ROUND,7,4,4,,3.871,,s0pp,FUT Esports,chamber,True,100,50,0,8,0,3,False,operator,sniper,,0.3489,0.3844,xeus,FUT Esports,jett,False,,50,2,0,0,2,False,vandal,rifle,,,,sociablEE,FUT Esports,fade,False,,41,2,0,0,3,False,phantom,rifle,,,,yetujey,FUT Esports,astra,False,,40,1,1,0,5,False,phantom,rifle,,,,KROSTALY,FUT Esports,kayo,False,,50,1,0,0,2,False,vandal,rifle,,,,Chronicle,Team Vitality,chamber,True,100,50,0,8,0,3,False,phantom,rifle,,0.2633,0.8311,Derke,Team Vitality,neon,False,,44,0,0,0,4,False,phantom,rifle,,,,Jamppi,Team Vitality,kayo,False,,50,0,0,0,3,False,vandal,rifle,,,,Sayonara,Team Vitality,sova,True,100,50,0,2,0,7,True,vandal,rifle,,0.2000,0.3844,PROFEK,Team Vitality,astra,False,,50,0,0,0,2,False,unknown,unknown,,,
1194.543,2250,ACTIVE_ROUND,7,4,4,,4.354,,s0pp,FUT Esports,chamber,True,100,50,0,8,0,3,False,operator,sniper,,0.3489,0.3844,xeus,FUT Esports,jett,False,,50,2,0,0,2,False,vandal,rifle,,,,sociablEE,FUT Esports,fade,False,,41,2,0,0,3,False,phantom,rifle,,,,yetujey,FUT Esports,astra,False,,40,1,1,0,5,False,phantom,rifle,,,,KROSTALY,FUT Esports,kayo,False,,50,1,0,0,2,False,vandal,rifle,,,,Chronicle,Team Vitality,chamber,True,100,50,0,8,0,3,False,phantom,rifle,,0.8900,0.3244,Derke,Team Vitality,neon,False,,44,0,0,0,4,False,phantom,rifle,,,,Jamppi,Team Vitality,kayo,False,,50,0,0,0,3,False,vandal,rifle,,,,Sayonara,Team Vitality,sova,True,100,50,0,2,0,7,True,vandal,rifle,,0.2089,0.3867,PROFEK,Team Vitality,astra,False,,50,0,0,0,2,False,unknown,unknown,,,
1195.027,2251,ACTIVE_ROUND,7,4,4,,4.838,,s0pp,FUT Esports,chamber,True,100,50,0,8,0,3,False,operator,sniper,,0.3489,0.3844,xeus,FUT Esports,jett,False,,50,2,0,0,2,False,vandal,rifle,,,,sociablEE,FUT Esports,fade,False,,41,2,0,0,3,False,phantom,rifle,,,,yetujey,FUT Esports,astra,False,,40,1,1,0,5,False,phantom,rifle,,,,KROSTALY,FUT Esports,kayo,False,,50,1,0,0,2,False,vandal,rifle,,,,Chronicle,Team Vitality,chamber,True,100,50,0,8,0,3,False,phantom,rifle,,0.2789,0.8044,Derke,Team Vitality,neon,False,,44,0,0,0,4,False,phantom,rifle,,,,Jamppi,Team Vitality,kayo,False,,50,0,0,0,3,False,vandal,rifle,,,,Sayonara,Team Vitality,sova,True,100,50,0,2,0,7,True,vandal,rifle,,0.2089,0.3867,PROFEK,Team Vitality,astra,False,,50,0,0,0,2,False,unknown,unknown,,,
1195.511,2252,ACTIVE_ROUND,7,4,4,,5.322,,s0pp,FUT Esports,chamber,True,100,50,0,8,0,3,False,operator,sniper,,0.3489,0.3844,xeus,FUT Esports,jett,False,,50,2,0,0,2,False,vandal,rifle,,,,sociablEE,FUT Esports,fade,False,,41,2,0,0,3,False,phantom,rifle,,,,yetujey,FUT Esports,astra,False,,40,1,1,0,5,False,phantom,rifle,,,,KROSTALY,FUT Esports,kayo,False,,50,1,0,0,2,False,vandal,rifle,,,,Chronicle,Team Vitality,chamber,True,100,50,0,8,0,3,False,phantom,rifle,,0.2811,0.8133,Derke,Team Vitality,neon,False,,44,0,0,0,4,False,phantom,rifle,,,,Jamppi,Team Vitality,kayo,False,,50,0,0,0,3,False,vandal,rifle,,,,Sayonara,Team Vitality,sova,True,100,50,0,2,0,7,True,vandal,rifle,,0.2089,0.3867,PROFEK,Team Vitality,astra,False,,50,0,0,0,2,False,unknown,unknown,,,
1195.995,2253,ACTIVE_ROUND,7,4,4,,5.806,,s0pp,FUT Esports,chamber,True,100,50,0,8,0,3,False,operator,sniper,,0.3489,0.3844,xeus,FUT Esports,jett,False,,50,2,0,0,2,False,vandal,rifle,,,,sociablEE,FUT Esports,fade,False,,41,2,0,0,3,False,phantom,rifle,,,,yetujey,FUT Esports,astra,False,,40,1,1,0,5,False,phantom,rifle,,,,KROSTALY,FUT Esports,kayo,False,,50,1,0,0,2,False,vandal,rifle,,,,Chronicle,Team Vitality,chamber,True,100,50,0,8,0,3,False,phantom,rifle,,0.2811,0.8133,Derke,Team Vitality,neon,False,,44,0,0,0,4,False,phantom,rifle,,,,Jamppi,Team Vitality,kayo,False,,50,0,0,0,3,False,vandal,rifle,,,,Sayonara,Team Vitality,sova,True,100,50,0,2,0,7,True,vandal,rifle,,0.2089,0.3867,PROFEK,Team Vitality,astra,False,,50,0,0,0,2,False,unknown,unknown,,,
1196.479,2254,ACTIVE_ROUND,7,4,4,,6.290,,s0pp,FUT Esports,chamber,True,100,50,0,8,0,3,False,operator,sniper,,0.3489,0.3844,xeus,FUT Esports,jett,False,,50,2,0,0,2,False,vandal,rifle,,,,sociablEE,FUT Esports,fade,False,,41,2,0,0,3,False,phantom,rifle,,,,yetujey,FUT Esports,astra,False,,40,1,1,0,5,False,phantom,rifle,,,,KROSTALY,FUT Esports,kayo,False,,50,1,0,0,2,False,vandal,rifle,,,,Chronicle,Team Vitality,chamber,True,100,50,0,8,0,3,False,phantom,rifle,,0.2811,0.8133,Derke,Team Vitality,neon,False,,44,0,0,0,4,False,phantom,rifle,,,,Jamppi,Team Vitality,kayo,False,,50,0,0,0,3,False,vandal,rifle,,,,Sayonara,Team Vitality,sova,True,100,50,0,2,0,7,True,vandal,rifle,,0.2089,0.3867,PROFEK,Team Vitality,astra,False,,50,0,0,0,2,False,unknown,unknown,,,
1196.962,2255,ACTIVE_ROUND,7,4,4,,6.773,,s0pp,FUT Esports,chamber,True,100,50,0,8,0,3,False,operator,sniper,,0.3489,0.3844,xeus,FUT Esports,jett,False,,50,2,0,0,2,False,vandal,rifle,,,,sociablEE,FUT Esports,fade,False,,41,2,0,0,3,False,phantom,rifle,,,,yetujey,FUT Esports,astra,False,,40,1,1,0,5,False,phantom,rifle,,,,KROSTALY,FUT Esports,kayo,False,,50,1,0,0,2,False,vandal,rifle,,,,Chronicle,Team Vitality,chamber,True,100,50,0,8,0,3,False,phantom,rifle,,0.2811,0.8133,Derke,Team Vitality,neon,False,,44,0,0,0,4,False,phantom,rifle,,,,Jamppi,Team Vitality,kayo,False,,50,0,0,0,3,False,vandal,rifle,,,,Sayonara,Team Vitality,sova,True,100,50,0,2,0,7,True,vandal,rifle,,0.2089,0.3867,PROFEK,Team Vitality,astra,False,,50,0,0,0,2,False,unknown,unknown,,,
1197.446,2256,ACTIVE_ROUND,7,4,4,,7.257,,s0pp,FUT Esports,chamber,True,100,50,0,8,0,3,False,operator,sniper,,0.3489,0.3844,xeus,FUT Esports,jett,False,,50,2,0,0,2,False,vandal,rifle,,,,sociablEE,FUT Esports,fade,False,,41,2,0,0,3,False,phantom,rifle,,,,yetujey,FUT Esports,astra,False,,40,1,1,0,5,False,phantom,rifle,,,,KROSTALY,FUT Esports,kayo,False,,50,1,0,0,2,False,vandal,rifle,,,,Chronicle,Team Vitality,chamber,True,100,50,0,8,0,3,False,phantom,rifle,,0.2811,0.8133,Derke,Team Vitality,neon,False,,44,0,0,0,4,False,phantom,rifle,,,,Jamppi,Team Vitality,kayo,False,,50,0,0,0,3,False,vandal,rifle,,,,Sayonara,Team Vitality,sova,True,100,50,0,2,0,7,True,vandal,rifle,,0.2089,0.3867,PROFEK,Team Vitality,astra,False,,50,0,0,0,2,False,unknown,unknown,,,
1197.930,2257,ACTIVE_ROUND,7,4,4,,7.741,,s0pp,FUT Esports,chamber,True,100,50,0,8,0,3,False,operator,sniper,,0.3489,0.3844,xeus,FUT Esports,jett,False,,50,2,0,0,2,False,vandal,rifle,,,,sociablEE,FUT Esports,fade,False,,41,2,0,0,3,False,phantom,rifle,,,,yetujey,FUT Esports,astra,False,,40,1,1,0,5,False,phantom,rifle,,,,KROSTALY,FUT Esports,kayo,False,,50,1,0,0,2,False,vandal,rifle,,,,Chronicle,Team Vitality,chamber,True,100,50,0,8,0,3,False,phantom,rifle,,0.2811,0.8133,Derke,Team Vitality,neon,False,,44,0,0,0,4,False,phantom,rifle,,,,Jamppi,Team Vitality,kayo,False,,50,0,0,0,3,False,vandal,rifle,,,,Sayonara,Team Vitality,sova,True,100,50,0,2,0,7,True,vandal,rifle,,0.2089,0.3867,PROFEK,Team Vitality,astra,False,,50,0,0,0,2,False,unknown,unknown,,,
1198.414,2258,ACTIVE_ROUND,7,4,4,,8.225,,s0pp,FUT Esports,chamber,True,100,50,0,8,0,3,False,operator,sniper,,0.3422,0.3733,xeus,FUT Esports,jett,False,,50,2,0,0,2,False,vandal,rifle,,,,sociablEE,FUT Esports,fade,False,,41,2,0,0,3,False,phantom,rifle,,,,yetujey,FUT Esports,astra,False,,40,1,1,0,5,False,phantom,rifle,,,,KROSTALY,FUT Esports,kayo,False,,50,1,0,0,2,False,vandal,rifle,,,,Chronicle,Team Vitality,chamber,True,100,50,0,8,0,3,False,phantom,rifle,,0.1211,0.5244,Derke,Team Vitality,neon,False,,44,0,0,0,4,False,phantom,rifle,,,,Jamppi,Team Vitality,kayo,False,,50,0,0,0,3,False,vandal,rifle,,,,Sayonara,Team Vitality,sova,True,100,50,0,2,0,7,True,vandal,rifle,,0.2089,0.3867,PROFEK,Team Vitality,astra,False,,50,0,0,0,2,False,unknown,unknown,,,
1198.898,2259,ACTIVE_ROUND,7,4,4,,8.709,,s0pp,FUT Esports,chamber,True,100,50,0,8,0,3,False,operator,sniper,,0.3400,0.3689,xeus,FUT Esports,jett,False,,50,2,0,0,2,False,vandal,rifle,,,,sociablEE,FUT Esports,fade,False,,41,2,0,0,3,False,phantom,rifle,,,,yetujey,FUT Esports,astra,False,,40,1,1,0,5,False,phantom,rifle,,,,KROSTALY,FUT Esports,kayo,False,,50,1,0,0,2,False,vandal,rifle,,,,Chronicle,Team Vitality,chamber,True,100,50,0,8,0,3,False,phantom,rifle,,0.4522,0.9267,Derke,Team Vitality,neon,False,,44,0,0,0,4,False,phantom,rifle,,,,Jamppi,Team Vitality,kayo,False,,50,0,0,0,3,False,vandal,rifle,,,,Sayonara,Team Vitality,sova,True,100,50,0,2,0,7,True,vandal,rifle,,0.2089,0.3867,PROFEK,Team Vitality,astra,False,,50,0,0,0,2,False,unknown,unknown,,,
1199.382,2260,ACTIVE_ROUND,7,4,4,,9.193,,s0pp,FUT Esports,chamber,True,100,50,0,8,0,3,False,operator,sniper,,0.3400,0.3689,xeus,FUT Esports,jett,False,,50,2,0,0,2,False,vandal,rifle,,,,sociablEE,FUT Esports,fade,False,,41,2,0,0,3,False,phantom,rifle,,,,yetujey,FUT Esports,astra,False,,40,1,1,0,5,False,phantom,rifle,,,,KROSTALY,FUT Esports,kayo,False,,50,1,0,0,2,False,vandal,rifle,,,,Chronicle,Team Vitality,chamber,True,100,50,0,8,0,3,False,phantom,rifle,,0.2811,0.8089,Derke,Team Vitality,neon,False,,44,0,0,0,4,False,phantom,rifle,,,,Jamppi,Team Vitality,kayo,False,,50,0,0,0,3,False,vandal,rifle,,,,Sayonara,Team Vitality,sova,True,100,50,0,2,0,7,True,vandal,rifle,,0.2089,0.3867,PROFEK,Team Vitality,astra,False,,50,0,0,0,2,False,unknown,unknown,,,
1199.865,2261,ACTIVE_ROUND,7,4,4,,9.676,,s0pp,FUT Esports,chamber,True,100,50,0,8,0,3,False,operator,sniper,,0.3267,0.3644,xeus,FUT Esports,jett,False,,50,2,0,0,2,False,vandal,rifle,,,,sociablEE,FUT Esports,fade,False,,41,2,0,0,3,False,phantom,rifle,,,,yetujey,FUT Esports,astra,False,,40,1,1,0,5,False,phantom,rifle,,,,KROSTALY,FUT Esports,kayo,False,,50,1,0,0,2,False,vandal,rifle,,,,Chronicle,Team Vitality,chamber,True,100,50,0,8,0,3,False,phantom,rifle,,0.2811,0.8067,Derke,Team Vitality,neon,False,,44,0,0,0,4,False,phantom,rifle,,,,Jamppi,Team Vitality,kayo,False,,50,0,0,0,3,False,vandal,rifle,,,,Sayonara,Team Vitality,sova,True,100,50,0,2,0,7,True,vandal,rifle,,0.2089,0.3867,PROFEK,Team Vitality,astra,False,,50,0,0,0,2,False,unknown,unknown,,,
1200.349,2262,ACTIVE_ROUND,7,4,4,,10.160,,s0pp,FUT Esports,chamber,True,100,50,0,8,0,3,False,operator,sniper,,0.3222,0.3622,xeus,FUT Esports,jett,False,,50,2,0,0,2,False,vandal,rifle,,,,sociablEE,FUT Esports,fade,False,,41,2,0,0,3,False,phantom,rifle,,,,yetujey,FUT Esports,astra,False,,40,1,1,0,5,False,phantom,rifle,,,,KROSTALY,FUT Esports,kayo,False,,50,1,0,0,2,False,vandal,rifle,,,,Chronicle,Team Vitality,chamber,True,100,50,0,8,0,3,False,phantom,rifle,,0.2811,0.8067,Derke,Team Vitality,neon,False,,44,0,0,0,4,False,phantom,rifle,,,,Jamppi,Team Vitality,kayo,False,,50,0,0,0,3,False,vandal,rifle,,,,Sayonara,Team Vitality,sova,True,100,50,0,2,0,7,True,vandal,rifle,,0.2089,0.3867,PROFEK,Team Vitality,astra,False,,50,0,0,0,2,False,unknown,unknown,,,
1200.833,2263,POST_ROUND,7,4,5,,,0.000,s0pp,FUT Esports,chamber,True,100,50,0,8,0,3,False,operator,sniper,,0.3222,0.3622,xeus,FUT Esports,jett,False,,50,2,0,0,2,False,vandal,rifle,,,,sociablEE,FUT Esports,fade,False,,41,2,0,0,3,False,phantom,rifle,,,,yetujey,FUT Esports,astra,False,,40,1,1,0,5,False,phantom,rifle,,,,KROSTALY,FUT Esports,kayo,False,,50,1,0,0,2,False,vandal,rifle,,,,Chronicle,Team Vitality,chamber,True,100,50,0,8,0,3,False,phantom,rifle,,0.2811,0.8067,Derke,Team Vitality,neon,False,,44,0,0,0,4,False,phantom,rifle,,,,Jamppi,Team Vitality,kayo,False,,50,0,0,0,3,False,vandal,rifle,,,,Sayonara,Team Vitality,sova,True,100,50,0,2,0,7,True,vandal,rifle,,0.2089,0.3867,PROFEK,Team Vitality,astra,False,,50,0,0,0,2,False,unknown,unknown,,,
1201.317,2264,POST_ROUND,7,4,5,,,0.484,s0pp,FUT Esports,chamber,False,,50,0,8,0,4,False,unknown,unknown,,0.3222,0.3622,xeus,FUT Esports,jett,False,,50,2,0,0,2,False,vandal,rifle,,,,sociablEE,FUT Esports,fade,False,,41,2,0,0,3,False,phantom,rifle,,,,yetujey,FUT Esports,astra,False,,40,1,1,0,5,False,phantom,rifle,,,,KROSTALY,FUT Esports,kayo,False,,50,1,0,0,2,False,vandal,rifle,,,,Chronicle,Team Vitality,chamber,True,100,50,0,8,0,4,False,phantom,rifle,,0.2811,0.8067,Derke,Team Vitality,neon,False,,44,0,0,0,4,False,phantom,rifle,,,,Jamppi,Team Vitality,kayo,False,,50,0,0,0,3,False,vandal,rifle,,,,Sayonara,Team Vitality,sova,True,100,50,0,2,0,7,True,vandal,rifle,,0.2089,0.3867,PROFEK,Team Vitality,astra,False,,50,0,0,0,2,False,unknown,unknown,,,
1201.801,2265,POST_ROUND,7,4,5,,,0.968,s0pp,FUT Esports,chamber,False,,50,0,8,0,4,False,unknown,unknown,,0.3222,0.3622,xeus,FUT Esports,jett,False,,50,2,0,0,2,False,vandal,rifle,,,,sociablEE,FUT Esports,fade,False,,41,2,0,0,3,False,phantom,rifle,,,,yetujey,FUT Esports,astra,False,,40,1,1,0,5,False,phantom,rifle,,,,KROSTALY,FUT Esports,kayo,False,,50,1,0,0,2,False,vandal,rifle,,,,Chronicle,Team Vitality,chamber,True,100,50,0,8,0,4,False,phantom,rifle,,0.2811,0.8067,Derke,Team Vitality,neon,False,,44,0,0,0,4,False,phantom,rifle,,,,Jamppi,Team Vitality,kayo,False,,50,0,0,0,3,False,vandal,rifle,,,,Sayonara,Team Vitality,sova,True,100,50,0,2,0,7,True,vandal,rifle,,0.2089,0.3867,PROFEK,Team Vitality,astra,False,,50,0,0,0,2,False,unknown,unknown,,,
1202.284,2266,POST_ROUND,7,4,5,,,1.451,s0pp,FUT Esports,chamber,False,,50,0,8,0,4,False,unknown,unknown,,0.3222,0.3622,xeus,FUT Esports,jett,False,,50,2,0,0,2,False,vandal,rifle,,,,sociablEE,FUT Esports,fade,False,,41,2,0,0,3,False,phantom,rifle,,,,yetujey,FUT Esports,astra,False,,40,1,1,0,5,False,phantom,rifle,,,,KROSTALY,FUT Esports,kayo,False,,50,1,0,0,2,False,vandal,rifle,,,,Chronicle,Team Vitality,chamber,True,100,50,0,8,0,4,False,phantom,rifle,,0.2811,0.8067,Derke,Team Vitality,neon,False,,44,0,0,0,4,False,phantom,rifle,,,,Jamppi,Team Vitality,kayo,False,,50,0,0,0,3,False,vandal,rifle,,,,Sayonara,Team Vitality,sova,True,100,50,0,2,0,7,True,vandal,rifle,,0.2089,0.3867,PROFEK,Team Vitality,astra,False,,50,0,0,0,2,False,unknown,unknown,,,
1202.768,2267,POST_ROUND,7,4,5,,,1.935,s0pp,FUT Esports,chamber,False,,50,0,8,0,4,False,unknown,unknown,,0.3222,0.3622,xeus,FUT Esports,jett,False,,50,2,0,0,2,False,vandal,rifle,,,,sociablEE,FUT Esports,fade,False,,41,2,0,0,3,False,phantom,rifle,,,,yetujey,FUT Esports,astra,False,,40,1,1,0,5,False,phantom,rifle,,,,KROSTALY,FUT Esports,kayo,False,,50,1,0,0,2,False,vandal,rifle,,,,Chronicle,Team Vitality,chamber,True,100,50,0,8,0,4,False,phantom,rifle,,0.2811,0.8067,Derke,Team Vitality,neon,False,,44,0,0,0,4,False,phantom,rifle,,,,Jamppi,Team Vitality,kayo,False,,50,0,0,0,3,False,vandal,rifle,,,,Sayonara,Team Vitality,sova,True,100,50,0,2,0,7,True,vandal,rifle,,0.2089,0.3867,PROFEK,Team Vitality,astra,False,,50,0,0,0,2,False,unknown,unknown,,,
1203.252,2268,POST_ROUND,7,4,5,,,2.419,s0pp,FUT Esports,chamber,False,,50,0,8,0,4,False,unknown,unknown,,0.3222,0.3622,xeus,FUT Esports,jett,False,,50,2,0,0,2,False,vandal,rifle,,,,sociablEE,FUT Esports,fade,False,,41,2,0,0,3,False,phantom,rifle,,,,yetujey,FUT Esports,astra,False,,40,1,1,0,5,False,phantom,rifle,,,,KROSTALY,FUT Esports,kayo,False,,50,1,0,0,2,False,vandal,rifle,,,,Chronicle,Team Vitality,chamber,True,100,50,0,8,0,4,False,phantom,rifle,,0.2811,0.8067,Derke,Team Vitality,neon,False,,44,0,0,0,4,False,phantom,rifle,,,,Jamppi,Team Vitality,kayo,False,,50,0,0,0,3,False,vandal,rifle,,,,Sayonara,Team Vitality,sova,True,100,50,0,2,0,7,True,vandal,rifle,,0.2089,0.3867,PROFEK,Team Vitality,astra,False,,50,0,0,0,2,False,unknown,unknown,,,
1232.765,2329,PREROUND,8,4,5,,,,s0pp,FUT Esports,chamber,True,,,0,8,1,4,False,,,,,,xeus,FUT Esports,jett,True,,,2,1,1,3,False,,,,,,sociablEE,FUT Esports,fade,True,,,2,1,1,4,False,,,,,,yetujey,FUT Esports,astra,True,,,1,3,1,7,True,,,,,,KROSTALY,FUT Esports,kayo,True,,,1,2,1,3,False,,,,,,Chronicle,Team Vitality,chamber,True,,,1,8,1,4,False,,,,,,Derke,Team Vitality,neon,True,,,1,1,1,5,False,,,,,,Jamppi,Team Vitality,kayo,True,,,1,2,1,4,False,,,,,,Sayonara,Team Vitality,sova,True,,,1,2,1,7,True,,,,,,PROFEK,Team Vitality,astra,True,,,2,2,1,2,False,,,,,
1233.249,2330,PREROUND,8,4,5,,,,s0pp,FUT Esports,chamber,True,,,0,8,1,4,False,,,,,,xeus,FUT Esports,jett,True,,,2,1,1,3,False,,,,,,sociablEE,FUT Esports,fade,True,,,2,1,1,4,False,,,,,,yetujey,FUT Esports,astra,True,,,1,3,1,7,True,,,,,,KROSTALY,FUT Esports,kayo,True,,,1,2,1,3,False,,,,,,Chronicle,Team Vitality,chamber,True,,,1,8,1,4,False,,,,,,Derke,Team Vitality,neon,True,,,1,1,1,5,False,,,,,,Jamppi,Team Vitality,kayo,True,,,1,2,1,4,False,,,,,,Sayonara,Team Vitality,sova,True,,,1,2,1,7,True,,,,,,PROFEK,Team Vitality,astra,True,,,2,2,1,2,False,,,,,
1233.733,2331,PREROUND,8,4,5,,,,s0pp,FUT Esports,chamber,True,,,0,8,1,4,False,,,,,,xeus,FUT Esports,jett,True,,,2,1,1,3,False,,,,,,sociablEE,FUT Esports,fade,True,,,2,1,1,4,False,,,,,,yetujey,FUT Esports,astra,True,,,1,3,1,7,True,,,,,,KROSTALY,FUT Esports,kayo,True,,,1,2,1,3,False,,,,,,Chronicle,Team Vitality,chamber,True,,,1,8,1,4,False,,,,,,Derke,Team Vitality,neon,True,,,1,1,1,5,False,,,,,,Jamppi,Team Vitality,kayo,True,,,1,2,1,4,False,,,,,,Sayonara,Team Vitality,sova,True,,,1,2,1,7,True,,,,,,PROFEK,Team Vitality,astra,True,,,2,2,1,2,False,,,,,
1234.216,2332,PREROUND,8,4,5,,,,s0pp,FUT Esports,chamber,True,,,0,8,1,4,False,,,,,,xeus,FUT Esports,jett,True,,,2,1,1,3,False,,,,,,sociablEE,FUT Esports,fade,True,,,2,1,1,4,False,,,,,,yetujey,FUT Esports,astra,True,,,1,3,1,7,True,,,,,,KROSTALY,FUT Esports,kayo,True,,,1,2,1,3,False,,,,,,Chronicle,Team Vitality,chamber,True,,,1,8,1,4,False,,,,,,Derke,Team Vitality,neon,True,,,1,1,1,5,False,,,,,,Jamppi,Team Vitality,kayo,True,,,1,2,1,4,False,,,,,,Sayonara,Team Vitality,sova,True,,,1,2,1,7,True,,,,,,PROFEK,Team Vitality,astra,True,,,2,2,1,2,False,,,,,
1234.700,2333,PREROUND,8,4,5,,,,s0pp,FUT Esports,chamber,True,,,0,8,1,4,False,,,,,,xeus,FUT Esports,jett,True,,,2,1,1,3,False,,,,,,sociablEE,FUT Esports,fade,True,,,2,1,1,4,False,,,,,,yetujey,FUT Esports,astra,True,,,1,3,1,7,True,,,,,,KROSTALY,FUT Esports,kayo,True,,,1,2,1,3,False,,,,,,Chronicle,Team Vitality,chamber,True,,,1,8,1,4,False,,,,,,Derke,Team Vitality,neon,True,,,1,1,1,5,False,,,,,,Jamppi,Team Vitality,kayo,True,,,1,2,1,4,False,,,,,,Sayonara,Team Vitality,sova,True,,,1,2,1,7,True,,,,,,PROFEK,Team Vitality,astra,True,,,2,2,1,2,False,,,,,
1235.184,2334,PREROUND,8,4,5,,,,s0pp,FUT Esports,chamber,True,,,0,8,1,4,False,,,,,,xeus,FUT Esports,jett,True,,,2,1,1,3,False,,,,,,sociablEE,FUT Esports,fade,True,,,2,1,1,4,False,,,,,,yetujey,FUT Esports,astra,True,,,1,3,1,7,True,,,,,,KROSTALY,FUT Esports,kayo,True,,,1,2,1,3,False,,,,,,Chronicle,Team Vitality,chamber,True,,,1,8,1,4,False,,,,,,Derke,Team Vitality,neon,True,,,1,1,1,5,False,,,,,,Jamppi,Team Vitality,kayo,True,,,1,2,1,4,False,,,,,,Sayonara,Team Vitality,sova,True,,,1,2,1,7,True,,,,,,PROFEK,Team Vitality,astra,True,,,2,2,1,2,False,,,,,
1235.668,2335,PREROUND,8,4,5,,,,s0pp,FUT Esports,chamber,True,,,0,8,1,4,False,,,,,,xeus,FUT Esports,jett,True,,,2,1,1,3,False,,,,,,sociablEE,FUT Esports,fade,True,,,2,1,1,4,False,,,,,,yetujey,FUT Esports,astra,True,,,1,3,1,7,True,,,,,,KROSTALY,FUT Esports,kayo,True,,,1,2,1,3,False,,,,,,Chronicle,Team Vitality,chamber,True,,,1,8,1,4,False,,,,,,Derke,Team Vitality,neon,True,,,1,1,1,5,False,,,,,,Jamppi,Team Vitality,kayo,True,,,1,2,1,4,False,,,,,,Sayonara,Team Vitality,sova,True,,,1,2,1,7,True,,,,,,PROFEK,Team Vitality,astra,True,,,2,2,1,2,False,,,,,
1236.152,2336,PREROUND,8,4,5,,,,s0pp,FUT Esports,chamber,True,,,0,8,1,4,False,,,,,,xeus,FUT Esports,jett,True,,,2,1,1,3,False,,,,,,sociablEE,FUT Esports,fade,True,,,2,1,1,4,False,,,,,,yetujey,FUT Esports,astra,True,,,1,3,1,7,True,,,,,,KROSTALY,FUT Esports,kayo,True,,,1,2,1,3,False,,,,,,Chronicle,Team Vitality,chamber,True,,,1,8,1,4,False,,,,,,Derke,Team Vitality,neon,True,,,1,1,1,5,False,,,,,,Jamppi,Team Vitality,kayo,True,,,1,2,1,4,False,,,,,,Sayonara,Team Vitality,sova,True,,,1,2,1,7,True,,,,,,PROFEK,Team Vitality,astra,True,,,2,2,1,2,False,,,,,
1236.635,2337,PREROUND,8,4,5,,,,s0pp,FUT Esports,chamber,True,,,0,8,1,4,False,,,,,,xeus,FUT Esports,jett,True,,,2,1,1,3,False,,,,,,sociablEE,FUT Esports,fade,True,,,2,1,1,4,False,,,,,,yetujey,FUT Esports,astra,True,,,1,3,1,7,True,,,,,,KROSTALY,FUT Esports,kayo,True,,,1,2,1,3,False,,,,,,Chronicle,Team Vitality,chamber,True,,,1,8,1,4,False,,,,,,Derke,Team Vitality,neon,True,,,1,1,1,5,False,,,,,,Jamppi,Team Vitality,kayo,True,,,1,2,1,4,False,,,,,,Sayonara,Team Vitality,sova,True,,,1,2,1,7,True,,,,,,PROFEK,Team Vitality,astra,True,,,2,2,1,2,False,,,,,
1237.119,2338,PREROUND,8,4,5,,,,s0pp,FUT Esports,chamber,True,,,0,8,1,4,False,,,,,,xeus,FUT Esports,jett,True,,,2,1,1,3,False,,,,,,sociablEE,FUT Esports,fade,True,,,2,1,1,4,False,,,,,,yetujey,FUT Esports,astra,True,,,1,3,1,7,True,,,,,,KROSTALY,FUT Esports,kayo,True,,,1,2,1,3,False,,,,,,Chronicle,Team Vitality,chamber,True,,,1,8,1,4,False,,,,,,Derke,Team Vitality,neon,True,,,1,1,1,5,False,,,,,,Jamppi,Team Vitality,kayo,True,,,1,2,1,4,False,,,,,,Sayonara,Team Vitality,sova,True,,,1,2,1,7,True,,,,,,PROFEK,Team Vitality,astra,True,,,1,2,1,2,False,,,,,
1237.603,2339,PREROUND,8,4,5,,,,s0pp,FUT Esports,chamber,True,,,0,8,1,4,False,,,,,,xeus,FUT Esports,jett,True,,,2,1,1,3,False,,,,,,sociablEE,FUT Esports,fade,True,,,2,1,1,4,False,,,,,,yetujey,FUT Esports,astra,True,,,1,3,1,7,True,,,,,,KROSTALY,FUT Esports,kayo,True,,,1,2,1,3,False,,,,,,Chronicle,Team Vitality,chamber,True,,,1,8,1,4,False,,,,,,Derke,Team Vitality,neon,True,,,1,1,1,5,False,,,,,,Jamppi,Team Vitality,kayo,True,,,1,2,1,4,False,,,,,,Sayonara,Team Vitality,sova,True,,,1,2,1,7,True,,,,,,PROFEK,Team Vitality,astra,True,,,1,2,1,2,False,,,,,
1238.087,2340,ACTIVE_ROUND,8,4,5,99.000,,,s0pp,FUT Esports,chamber,True,100,50,0,8,1,4,False,operator,sniper,,0.1333,0.4267,xeus,FUT Esports,jett,True,100,25,2,1,1,3,False,vandal,rifle,,0.8922,0.2811,sociablEE,FUT Esports,fade,True,100,50,2,1,1,4,False,classic,sidearm,,0.1789,0.4644,yetujey,FUT Esports,astra,True,100,50,1,1,0,7,True,vandal,rifle,,,,KROSTALY,FUT Esports,kayo,True,100,50,1,2,1,3,False,vandal,rifle,,0.7989,0.2900,Chronicle,Team Vitality,chamber,True,100,50,1,8,1,4,False,operator,sniper,,0.7478,0.6222,Derke,Team Vitality,neon,True,100,50,1,1,1,5,False,phantom,rifle,,,,Jamppi,Team Vitality,kayo,True,100,25,1,2,1,4,False,vandal,rifle,,,,Sayonara,Team Vitality,sova,True,100,50,1,2,1,7,True,vandal,rifle,,,,PROFEK,Team Vitality,astra,True,100,50,1,1,0,2,False,phantom,rifle,,,
1238.571,2341,ACTIVE_ROUND,8,4,5,98.000,,,s0pp,FUT Esports,chamber,True,100,50,0,8,1,4,False,operator,sniper,,0.1400,0.4289,xeus,FUT Esports,jett,True,100,25,2,1,1,3,False,vandal,rifle,,0.8922,0.2811,sociablEE,FUT Esports,fade,True,100,50,2,1,1,4,False,classic,sidearm,,0.1722,0.4778,yetujey,FUT Esports,astra,True,100,50,1,1,0,7,True,vandal,rifle,,,,KROSTALY,FUT Esports,kayo,True,100,50,1,2,1,3,False,vandal,rifle,,0.7922,0.2856,Chronicle,Team Vitality,chamber,True,100,50,1,8,1,4,False,operator,sniper,,0.8389,0.3022,Derke,Team Vitality,neon,True,100,50,1,1,1,5,False,phantom,rifle,,,,Jamppi,Team Vitality,kayo,True,100,25,1,2,1,4,False,vandal,rifle,,,,Sayonara,Team Vitality,sova,True,100,50,1,2,1,7,True,vandal,rifle,,,,PROFEK,Team Vitality,astra,True,100,50,1,1,0,2,False,phantom,rifle,,,
1239.054,2342,ACTIVE_ROUND,8,4,5,98.000,,,s0pp,FUT Esports,chamber,True,100,50,0,8,1,4,False,operator,sniper,,0.1333,0.4289,xeus,FUT Esports,jett,True,100,25,2,1,1,3,False,vandal,rifle,,0.8922,0.2811,sociablEE,FUT Esports,fade,True,100,50,2,1,1,4,False,classic,sidearm,,0.1722,0.4778,yetujey,FUT Esports,astra,True,100,50,1,1,0,7,True,vandal,rifle,,,,KROSTALY,FUT Esports,kayo,True,100,50,1,2,1,3,False,vandal,rifle,,0.1367,0.5056,Chronicle,Team Vitality,chamber,True,100,50,1,8,1,4,False,operator,sniper,,0.2633,0.7933,Derke,Team Vitality,neon,True,100,50,1,1,1,5,False,phantom,rifle,,0.2644,0.7200,Jamppi,Team Vitality,kayo,True,100,25,1,2,1,4,False,vandal,rifle,,,,Sayonara,Team Vitality,sova,True,100,50,1,2,1,7,True,vandal,rifle,,,,PROFEK,Team Vitality,astra,True,100,50,1,1,0,2,False,phantom,rifle,,,
1239.538,2343,ACTIVE_ROUND,8,4,5,97.000,,,s0pp,FUT Esports,chamber,True,100,50,0,8,1,4,False,operator,sniper,,0.1311,0.4311,xeus,FUT Esports,jett,True,100,25,2,1,1,3,False,vandal,rifle,,0.8922,0.2811,sociablEE,FUT Esports,fade,True,100,50,2,1,1,4,False,classic,sidearm,,0.1767,0.4733,yetujey,FUT Esports,astra,True,100,50,1,1,0,7,True,vandal,rifle,,,,KROSTALY,FUT Esports,kayo,True,100,50,1,2,1,3,False,vandal,rifle,,0.7833,0.2878,Chronicle,Team Vitality,chamber,True,100,50,1,8,1,4,False,operator,sniper,,0.8144,0.5133,Derke,Team Vitality,neon,True,100,50,1,1,1,5,False,phantom,rifle,,0.2644,0.7200,Jamppi,Team Vitality,kayo,True,100,25,1,2,1,4,False,vandal,rifle,,,,Sayonara,Team Vitality,sova,True,100,50,1,2,1,7,True,vandal,rifle,,0.3356,0.8089,PROFEK,Team Vitality,astra,True,100,50,1,1,0,2,False,phantom,rifle,,,
1240.022,2344,ACTIVE_ROUND,8,4,5,97.000,,,s0pp,FUT Esports,chamber,True,100,50,0,8,1,4,False,operator,sniper,,0.1311,0.4311,xeus,FUT Esports,jett,True,100,25,2,1,1,3,False,vandal,rifle,,0.8944,0.2811,sociablEE,FUT Esports,fade,True,100,50,2,1,0,4,False,guardian,rifle,,0.1767,0.4733,yetujey,FUT Esports,astra,True,100,50,1,1,0,7,True,vandal,rifle,,,,KROSTALY,FUT Esports,kayo,True,100,50,1,2,1,3,False,vandal,rifle,,0.7811,0.2811,Chronicle,Team Vitality,chamber,True,100,50,0,8,1,4,False,operator,sniper,,0.1033,0.7156,Derke,Team Vitality,neon,True,100,50,1,1,1,5,False,phantom,rifle,,0.2644,0.7200,Jamppi,Team Vitality,kayo,True,100,25,1,2,0,4,False,vandal,rifle,,,,Sayonara,Team Vitality,sova,True,100,50,1,2,0,7,True,vandal,rifle,,0.3267,0.7956,PROFEK,Team Vitality,astra,True,100,50,1,1,0,2,False,phantom,rifle,,,
1240.506,2345,ACTIVE_ROUND,8,4,5,96.000,,,s0pp,FUT Esports,chamber,True,100,50,0,8,1,4,False,operator,sniper,,0.1289,0.4311,xeus,FUT Esports,jett,True,100,25,2,1,1,3,False,vandal,rifle,,0.8922,0.2811,sociablEE,FUT Esports,fade,True,100,50,2,1,0,4,False,guardian,rifle,,0.1767,0.4733,yetujey,FUT Esports,astra,True,100,50,1,1,0,7,True,vandal,rifle,,,,KROSTALY,FUT Esports,kayo,True,100,50,1,2,1,3,False,vandal,rifle,,0.1011,0.4211,Chronicle,Team Vitality,chamber,True,100,50,0,8,1,4,False,operator,sniper,,0.0856,0.4556,Derke,Team Vitality,neon,True,100,50,1,1,1,5,False,phantom,rifle,,0.2644,0.7200,Jamppi,Team Vitality,kayo,True,100,25,1,2,0,4,False,vandal,rifle,,,,Sayonara,Team Vitality,sova,True,100,50,1,2,0,7,True,vandal,rifle,,0.3200,0.7844,PROFEK,Team Vitality,astra,True,100,50,1,1,0,2,False,phantom,rifle,,,
1240.990,2346,ACTIVE_ROUND,8,4,5,96.000,,,s0pp,FUT Esports,chamber,True,100,50,0,8,1,4,False,operator,sniper,,0.1289,0.4311,xeus,FUT Esports,jett,True,100,25,2,1,1,3,False,vandal,rifle,,0.8922,0.2811,sociablEE,FUT Esports,fade,True,100,50,2,1,0,4,False,guardian,rifle,,0.1633,0.4756,yetujey,FUT Esports,astra,True,100,50,1,1,0,7,True,vandal,rifle,,,,KROSTALY,FUT Esports,kayo,True,100,50,1,2,1,3,False,vandal,rifle,,0.7856,0.2767,Chronicle,Team Vitality,chamber,True,100,50,0,8,1,4,False,operator,sniper,,0.0856,0.4600,Derke,Team Vitality,neon,True,100,50,1,1,1,5,False,phantom,rifle,,0.2644,0.7200,Jamppi,Team Vitality,kayo,True,100,25,1,2,0,4,False,vandal,rifle,,,,Sayonara,Team Vitality,sova,True,100,50,1,2,0,7,True,vandal,rifle,,0.3111,0.7733,PROFEK,Team Vitality,astra,True,100,50,1,1,0,2,False,phantom,rifle,,,
1241.474,2347,ACTIVE_ROUND,8,4,5,95.000,,,s0pp,FUT Esports,chamber,True,100,50,0,8,1,4,False,operator,sniper,,0.1289,0.4311,xeus,FUT Esports,jett,True,100,25,2,1,1,3,False,vandal,rifle,,0.8944,0.2811,sociablEE,FUT Esports,fade,True,100,50,2,1,0,4,False,guardian,rifle,,0.1478,0.4756,yetujey,FUT Esports,astra,True,100,50,1,1,0,7,True,vandal,rifle,,,,KROSTALY,FUT Esports,kayo,True,100,50,1,2,1,3,False,vandal,rifle,,0.4611,0.4544,Chronicle,Team Vitality,chamber,True,100,50,0,8,1,4,False,operator,sniper,,0.7478,0.6356,Derke,Team Vitality,neon,True,100,50,1,1,1,5,False,phantom,rifle,,0.2644,0.7200,Jamppi,Team Vitality,kayo,True,100,25,1,2,0,4,False,vandal,rifle,,,,Sayonara,Team Vitality,sova,True,100,50,1,2,0,7,True,vandal,rifle,,0.3067,0.7600,PROFEK,Team Vitality,astra,True,100,50,1,1,0,2,False,phantom,rifle,,,
1241.957,2348,ACTIVE_ROUND,8,4,5,95.000,,,s0pp,FUT Esports,chamber,True,100,50,0,8,1,4,False,operator,sniper,,0.1289,0.4311,xeus,FUT Esports,jett,True,100,25,2,1,1,3,False,vandal,rifle,,0.9011,0.2789,sociablEE,FUT Esports,fade,True,100,50,2,1,0,4,False,guardian,rifle,,0.1389,0.4800,yetujey,FUT Esports,astra,True,100,50,1,2,0,7,True,vandal,rifle,,,,KROSTALY,FUT Esports,kayo,True,100,50,1,2,1,3,False,vandal,rifle,,0.1011,0.4300,Chronicle,Team Vitality,chamber,True,100,50,0,8,1,4,False,operator,sniper,,0.2722,0.8133,Derke,Team Vitality,neon,True,100,50,1,1,1,5,False,phantom,rifle,,0.2644,0.7200,Jamppi,Team Vitality,kayo,True,100,25,1,2,0,4,False,vandal,rifle,,,,Sayonara,Team Vitality,sova,True,100,50,1,2,0,7,True,vandal,rifle,,0.3067,0.7600,PROFEK,Team Vitality,astra,True,100,50,1,2,0,2,False,phantom,rifle,,,
1242.441,2349,ACTIVE_ROUND,8,4,5,95.000,,,s0pp,FUT Esports,chamber,True,100,50,0,8,1,4,False,operator,sniper,,0.1289,0.4311,xeus,FUT Esports,jett,True,100,25,2,1,1,3,False,vandal,rifle,,0.8989,0.2789,sociablEE,FUT Esports,fade,True,100,50,2,1,0,4,False,guardian,rifle,,0.1322,0.4889,yetujey,FUT Esports,astra,True,100,50,1,2,0,7,True,vandal,rifle,,,,KROSTALY,FUT Esports,kayo,True,100,50,1,2,1,3,False,vandal,rifle,,0.7722,0.2678,Chronicle,Team Vitality,chamber,True,100,50,0,8,1,4,False,operator,sniper,,0.8944,0.4844,Derke,Team Vitality,neon,True,100,50,1,1,1,5,False,phantom,rifle,,0.2644,0.7200,Jamppi,Team Vitality,kayo,True,100,25,1,2,0,4,False,vandal,rifle,,,,Sayonara,Team Vitality,sova,True,100,50,1,2,0,7,True,vandal,rifle,,0.3067,0.7600,PROFEK,Team Vitality,astra,True,100,50,1,2,0,2,False,phantom,rifle,,,
1242.925,2350,ACTIVE_ROUND,8,4,5,94.000,,,s0pp,FUT Esports,chamber,True,100,50,0,8,1,4,False,operator,sniper,,0.1289,0.4311,xeus,FUT Esports,jett,True,100,25,2,1,1,3,False,vandal,rifle,,0.8944,0.2811,sociablEE,FUT Esports,fade,True,100,50,2,1,0,4,False,guardian,rifle,,0.1278,0.5000,yetujey,FUT Esports,astra,True,100,50,1,2,0,7,True,vandal,rifle,,,,KROSTALY,FUT Esports,kayo,True,100,50,1,2,1,3,False,vandal,rifle,,0.7633,0.2633,Chronicle,Team Vitality,chamber,True,100,50,0,8,1,4,False,operator,sniper,,0.8944,0.4844,Derke,Team Vitality,neon,True,100,50,1,1,1,5,False,phantom,rifle,,0.2644,0.7200,Jamppi,Team Vitality,kayo,True,100,25,1,2,0,4,False,vandal,rifle,,,,Sayonara,Team Vitality,sova,True,100,50,1,2,0,7,True,vandal,rifle,,0.3067,0.7600,PROFEK,Team Vitality,astra,True,100,50,1,2,0,2,False,phantom,rifle,,,
1243.409,2351,ACTIVE_ROUND,8,4,5,94.000,,,s0pp,FUT Esports,chamber,True,100,50,0,8,1,4,False,operator,sniper,,0.1244,0.4311,xeus,FUT Esports,jett,True,100,25,2,1,1,3,False,vandal,rifle,,0.8967,0.2722,sociablEE,FUT Esports,fade,True,100,50,2,1,0,4,False,guardian,rifle,,0.1233,0.5111,yetujey,FUT Esports,astra,True,100,50,1,2,0,7,True,vandal,rifle,,,,KROSTALY,FUT Esports,kayo,True,100,50,1,2,1,3,False,vandal,rifle,,0.1011,0.5256,Chronicle,Team Vitality,chamber,True,100,50,0,8,1,4,False,operator,sniper,,0.0967,0.5778,Derke,Team Vitality,neon,True,100,50,1,1,1,5,False,phantom,rifle,,0.2089,0.7356,Jamppi,Team Vitality,kayo,True,100,25,1,2,0,4,False,vandal,rifle,,,,Sayonara,Team Vitality,sova,True,100,50,1,2,0,7,True,vandal,rifle,,0.3067,0.7600,PROFEK,Team Vitality,astra,True,100,50,1,2,0,2,False,phantom,rifle,,0.3489,0.7611
1243.893,2352,ACTIVE_ROUND,8,4,5,93.000,,,s0pp,FUT Esports,chamber,True,100,50,0,8,1,4,False,operator,sniper,,0.1244,0.4311,xeus,FUT Esports,jett,True,100,25,2,1,1,3,False,vandal,rifle,,0.8989,0.2678,sociablEE,FUT Esports,fade,True,100,50,2,1,0,4,False,guardian,rifle,,0.1300,0.5200,yetujey,FUT Esports,astra,True,100,50,1,0,0,7,True,vandal,rifle,,,,KROSTALY,FUT Esports,kayo,True,100,50,1,2,1,3,False,vandal,rifle,,0.7544,0.2433,Chronicle,Team Vitality,chamber,True,100,50,0,8,1,4,False,operator,sniper,,0.0856,0.6289,Derke,Team Vitality,neon,True,100,50,1,1,1,5,False,phantom,rifle,,0.1800,0.7444,Jamppi,Team Vitality,kayo,True,100,25,1,2,0,4,False,vandal,rifle,,,,Sayonara,Team Vitality,sova,True,100,50,1,2,0,7,True,vandal,rifle,,0.3067,0.7600,PROFEK,Team Vitality,astra,True,100,50,2,1,0,2,False,phantom,rifle,,0.3422,0.7522
1244.376,2353,ACTIVE_ROUND,8,4,5,93.000,,,s0pp,FUT Esports,chamber,True,100,50,0,8,1,4,False,operator,sniper,,0.1244,0.4311,xeus,FUT Esports,jett,True,100,25,2,1,1,3,False,vandal,rifle,,0.8967,0.2744,sociablEE,FUT Esports,fade,True,100,50,2,1,0,4,False,guardian,rifle,,0.1367,0.5289,yetujey,FUT Esports,astra,True,100,50,1,0,0,7,True,vandal,rifle,,,,KROSTALY,FUT Esports,kayo,True,100,50,1,2,1,3,False,vandal,rifle,,0.7500,0.2367,Chronicle,Team Vitality,chamber,True,100,50,0,8,1,4,False,operator,sniper,,0.1411,0.5911,Derke,Team Vitality,neon,True,100,50,1,1,1,5,False,phantom,rifle,,0.1511,0.7444,Jamppi,Team Vitality,kayo,True,100,25,1,2,0,4,False,vandal,rifle,,,,Sayonara,Team Vitality,sova,True,100,50,1,2,0,7,True,vandal,rifle,,0.1800,0.6600,PROFEK,Team Vitality,astra,True,100,50,2,1,0,2,False,phantom,rifle,,0.3422,0.7522
1244.860,2354,ACTIVE_ROUND,8,4,5,92.000,,,s0pp,FUT Esports,chamber,True,100,50,0,8,1,4,False,operator,sniper,,0.1244,0.4311,xeus,FUT Esports,jett,True,100,25,2,1,1,3,False,vandal,rifle,,0.8967,0.2767,sociablEE,FUT Esports,fade,True,100,50,2,1,0,4,False,guardian,rifle,,0.1344,0.5356,yetujey,FUT Esports,astra,True,100,50,1,0,0,7,True,vandal,rifle,,,,KROSTALY,FUT Esports,kayo,True,100,50,1,2,1,3,False,vandal,rifle,,0.7500,0.2367,Chronicle,Team Vitality,chamber,True,100,50,0,8,1,4,False,operator,sniper,,0.1411,0.5911,Derke,Team Vitality,neon,True,100,50,1,1,1,5,False,phantom,rifle,,0.1444,0.7422,Jamppi,Team Vitality,kayo,True,100,25,1,2,0,4,False,vandal,rifle,,,,Sayonara,Team Vitality,sova,True,100,50,1,2,0,7,True,vandal,rifle,,0.1800,0.6600,PROFEK,Team Vitality,astra,True,100,50,2,1,0,2,False,phantom,rifle,,0.3422,0.7522
1245.344,2355,ACTIVE_ROUND,8,4,5,92.000,,,s0pp,FUT Esports,chamber,True,100,50,0,8,1,4,False,operator,sniper,,0.1244,0.4311,xeus,FUT Esports,jett,True,100,25,2,1,1,3,False,vandal,rifle,,0.8989,0.2744,sociablEE,FUT Esports,fade,True,100,50,2,1,0,4,False,guardian,rifle,,0.1344,0.5444,yetujey,FUT Esports,astra,True,100,50,1,0,0,7,True,vandal,rifle,,,,KROSTALY,FUT Esports,kayo,True,100,50,1,2,1,3,False,vandal,rifle,,0.7500,0.2344,Chronicle,Team Vitality,chamber,True,100,50,0,8,1,4,False,operator,sniper,,0.2722,0.8156,Derke,Team Vitality,neon,True,100,50,1,1,1,5,False,phantom,rifle,,0.1444,0.7422,Jamppi,Team Vitality,kayo,True,100,25,1,2,0,4,False,vandal,rifle,,,,Sayonara,Team Vitality,sova,True,100,50,1,2,0,7,True,vandal,rifle,,0.1800,0.6600,PROFEK,Team Vitality,astra,True,100,50,2,1,0,2,False,phantom,rifle,,0.3178,0.7478
1245.828,2356,ACTIVE_ROUND,8,4,5,91.000,,,s0pp,FUT Esports,chamber,True,100,50,0,8,1,4,False,operator,sniper,,0.1244,0.4311,xeus,FUT Esports,jett,True,100,25,2,1,1,3,False,vandal,rifle,,0.9011,0.2722,sociablEE,FUT Esports,fade,True,100,50,2,1,0,4,False,guardian,rifle,,0.1411,0.5533,yetujey,FUT Esports,astra,True,100,50,1,0,0,7,True,vandal,rifle,,,,KROSTALY,FUT Esports,kayo,True,100,50,1,2,1,3,False,vandal,rifle,,0.7500,0.2344,Chronicle,Team Vitality,chamber,True,100,50,0,8,1,4,False,operator,sniper,,0.0833,0.7600,Derke,Team Vitality,neon,True,100,50,1,1,1,5,False,phantom,rifle,,0.1444,0.7422,Jamppi,Team Vitality,kayo,True,100,25,1,2,0,4,False,vandal,rifle,,,,Sayonara,Team Vitality,sova,True,100,50,0,2,0,7,True,vandal,rifle,,0.1800,0.6600,PROFEK,Team Vitality,astra,True,100,50,1,1,0,2,False,phantom,rifle,,0.3111,0.7522
1246.312,2357,ACTIVE_ROUND,8,4,5,91.000,,,s0pp,FUT Esports,chamber,True,100,50,0,8,1,4,False,operator,sniper,,0.1244,0.4311,xeus,FUT Esports,jett,True,100,25,2,1,1,3,False,vandal,rifle,,0.9056,0.2611,sociablEE,FUT Esports,fade,True,100,50,2,1,0,4,False,guardian,rifle,,0.1433,0.5556,yetujey,FUT Esports,astra,True,100,50,1,0,0,7,True,vandal,rifle,,,,KROSTALY,FUT Esports,kayo,True,100,50,1,2,1,3,False,vandal,rifle,,0.7544,0.2433,Chronicle,Team Vitality,chamber,True,100,50,0,8,1,4,False,operator,sniper,,0.2633,0.7889,Derke,Team Vitality,neon,True,100,50,1,1,1,5,False,phantom,rifle,,0.1444,0.7422,Jamppi,Team Vitality,kayo,True,100,25,1,2,0,4,False,vandal,rifle,,,,Sayonara,Team Vitality,sova,True,100,50,0,2,0,7,True,vandal,rifle,,0.1800,0.6600,PROFEK,Team Vitality,astra,True,100,50,1,1,0,2,False,phantom,rifle,,0.3111,0.7522
1246.796,2358,ACTIVE_ROUND,8,4,5,90.000,,,s0pp,FUT Esports,chamber,True,100,50,0,8,1,4,False,operator,sniper,,0.1244,0.4311,xeus,FUT Esports,jett,True,100,25,2,1,1,3,False,vandal,rifle,,0.9056,0.2544,sociablEE,FUT Esports,fade,True,100,50,2,1,0,4,False,guardian,rifle,,0.1433,0.5556,yetujey,FUT Esports,astra,True,100,50,1,0,0,7,True,vandal,rifle,,,,KROSTALY,FUT Esports,kayo,True,100,50,1,2,1,3,False,vandal,rifle,,0.1011,0.4567,Chronicle,Team Vitality,chamber,True,100,50,0,8,1,4,False,operator,sniper,,0.4522,0.8778,Derke,Team Vitality,neon,True,100,50,1,1,1,5,False,phantom,rifle,,0.1444,0.7422,Jamppi,Team Vitality,kayo,True,100,25,1,2,0,4,False,vandal,rifle,,,,Sayonara,Team Vitality,sova,True,100,50,0,2,0,7,True,vandal,rifle,,0.1800,0.6600,PROFEK,Team Vitality,astra,True,100,50,1,1,0,2,False,phantom,rifle,,0.3111,0.7522
1247.279,2359,ACTIVE_ROUND,8,4,5,90.000,,,s0pp,FUT Esports,chamber,True,100,50,0,8,1,4,False,operator,sniper,,0.1244,0.4311,xeus,FUT Esports,jett,True,100,25,2,1,1,3,False,vandal,rifle,,0.9011,0.2522,sociablEE,FUT Esports,fade,True,100,50,2,1,0,4,False,guardian,rifle,,0.1433,0.5556,yetujey,FUT Esports,astra,True,100,50,1,0,0,7,True,vandal,rifle,,,,KROSTALY,FUT Esports,kayo,True,100,50,1,2,1,3,False,vandal,rifle,,0.0989,0.4233,Chronicle,Team Vitality,chamber,True,100,50,0,8,1,4,False,operator,sniper,,0.4522,0.8778,Derke,Team Vitality,neon,True,100,50,1,1,1,5,False,phantom,rifle,,0.1400,0.7400,Jamppi,Team Vitality,kayo,True,100,25,1,2,0,4,False,vandal,rifle,,,,Sayonara,Team Vitality,sova,True,100,50,0,2,0,7,True,vandal,rifle,,0.1800,0.6600,PROFEK,Team Vitality,astra,True,100,50,1,1,0,2,False,phantom,rifle,,0.3111,0.7522
1247.763,2360,ACTIVE_ROUND,8,4,5,89.000,,,s0pp,FUT Esports,chamber,True,100,50,0,8,1,4,False,operator,sniper,,0.1244,0.4311,xeus,FUT Esports,jett,True,100,25,2,1,1,3,False,vandal,rifle,,0.8967,0.2478,sociablEE,FUT Esports,fade,True,100,50,2,1,0,4,False,guardian,rifle,,0.1500,0.5578,yetujey,FUT Esports,astra,True,100,50,1,0,0,7,True,vandal,rifle,,,,KROSTALY,FUT Esports,kayo,True,100,50,1,2,1,3,False,vandal,rifle,,0.7567,0.2522,Chronicle,Team Vitality,chamber,True,100,50,0,8,1,4,False,operator,sniper,,0.2722,0.8133,Derke,Team Vitality,neon,True,100,50,1,1,1,5,False,phantom,rifle,,0.1244,0.7400,Jamppi,Team Vitality,kayo,True,100,25,1,2,0,4,False,vandal,rifle,,,,Sayonara,Team Vitality,sova,True,100,50,0,2,0,7,True,vandal,rifle,,0.1800,0.6600,PROFEK,Team Vitality,astra,True,100,50,0,1,0,2,False,phantom,rifle,,0.3111,0.7522
1248.247,2361,ACTIVE_ROUND,8,4,5,89.000,,,s0pp,FUT Esports,chamber,True,100,50,0,8,1,4,False,operator,sniper,,0.1244,0.4311,xeus,FUT Esports,jett,True,100,25,2,1,1,3,False,vandal,rifle,,0.1567,0.6056,sociablEE,FUT Esports,fade,True,100,50,2,1,0,4,False,guardian,rifle,,0.1500,0.5600,yetujey,FUT Esports,astra,True,100,50,1,0,0,7,True,vandal,rifle,,,,KROSTALY,FUT Esports,kayo,True,100,50,1,2,1,3,False,vandal,rifle,,0.7567,0.2522,Chronicle,Team Vitality,chamber,True,100,50,0,8,1,4,False,operator,sniper,,0.2633,0.7844,Derke,Team Vitality,neon,True,100,50,1,1,1,5,False,phantom,rifle,,0.1178,0.7378,Jamppi,Team Vitality,kayo,True,100,25,1,2,0,4,False,vandal,rifle,,,,Sayonara,Team Vitality,sova,True,100,50,0,2,0,7,True,vandal,rifle,,0.1800,0.6600,PROFEK,Team Vitality,astra,True,100,50,0,1,0,2,False,phantom,rifle,,0.3111,0.7522
1248.731,2362,ACTIVE_ROUND,8,4,5,88.000,,,s0pp,FUT Esports,chamber,True,100,50,0,8,1,4,False,operator,sniper,,0.1244,0.4311,xeus,FUT Esports,jett,True,100,25,2,1,1,3,False,vandal,rifle,,0.1567,0.6056,sociablEE,FUT Esports,fade,True,100,50,2,1,0,4,False,guardian,rifle,,0.1522,0.5578,yetujey,FUT Esports,astra,True,100,50,1,0,0,7,True,vandal,rifle,,,,KROSTALY,FUT Esports,kayo,True,100,50,1,2,1,3,False,vandal,rifle,,0.2456,0.3700,Chronicle,Team Vitality,chamber,True,100,50,0,8,1,4,False,operator,sniper,,0.5789,0.4467,Derke,Team Vitality,neon,True,100,50,1,1,1,5,False,phantom,rifle,,0.1178,0.7378,Jamppi,Team Vitality,kayo,True,100,25,1,2,0,4,False,vandal,rifle,,,,Sayonara,Team Vitality,sova,True,100,50,0,2,0,7,True,vandal,rifle,,0.1800,0.6600,PROFEK,Team Vitality,astra,True,100,50,0,1,0,2,False,phantom,rifle,,0.3111,0.7522
1249.215,2363,ACTIVE_ROUND,8,4,5,88.000,,,s0pp,FUT Esports,chamber,True,100,50,0,8,1,4,False,operator,sniper,,0.1244,0.4311,xeus,FUT Esports,jett,True,100,25,2,1,1,3,False,vandal,rifle,,0.2678,0.3944,sociablEE,FUT Esports,fade,True,100,50,2,1,0,4,False,guardian,rifle,,0.1500,0.5600,yetujey,FUT Esports,astra,True,100,50,1,0,0,7,True,vandal,rifle,,,,KROSTALY,FUT Esports,kayo,True,100,50,1,2,1,3,False,vandal,rifle,,0.7611,0.2611,Chronicle,Team Vitality,chamber,True,100,50,0,8,1,4,False,operator,sniper,,0.8678,0.2756,Derke,Team Vitality,neon,True,100,50,1,1,1,5,False,phantom,rifle,,0.1178,0.7378,Jamppi,Team Vitality,kayo,True,100,25,1,2,0,4,False,vandal,rifle,,,,Sayonara,Team Vitality,sova,True,100,50,0,2,0,7,True,vandal,rifle,,0.1800,0.6600,PROFEK,Team Vitality,astra,True,100,50,0,1,0,2,False,phantom,rifle,,0.3111,0.7522
1249.698,2364,ACTIVE_ROUND,8,4,5,87.000,,,s0pp,FUT Esports,chamber,True,100,50,0,8,0,4,False,operator,sniper,,0.2267,0.3711,xeus,FUT Esports,jett,True,100,25,2,1,1,3,False,vandal,rifle,,0.2678,0.3944,sociablEE,FUT Esports,fade,True,100,50,2,1,0,4,False,guardian,rifle,,0.1500,0.5600,yetujey,FUT Esports,astra,True,100,50,1,1,0,7,True,vandal,rifle,,,,KROSTALY,FUT Esports,kayo,True,100,50,1,2,1,3,False,vandal,rifle,,0.2278,0.3944,Chronicle,Team Vitality,chamber,True,100,50,0,8,1,4,False,operator,sniper,,0.7767,0.4356,Derke,Team Vitality,neon,True,100,50,1,1,1,5,False,phantom,rifle,,0.1311,0.7089,Jamppi,Team Vitality,kayo,True,100,25,1,2,0,4,False,vandal,rifle,,,,Sayonara,Team Vitality,sova,True,100,50,0,2,0,7,True,vandal,rifle,,0.1800,0.6600,PROFEK,Team Vitality,astra,True,100,50,0,1,0,2,False,phantom,rifle,,0.3111,0.7522
1250.182,2365,ACTIVE_ROUND,8,4,5,87.000,,,s0pp,FUT Esports,chamber,True,100,50,0,8,0,4,False,operator,sniper,,0.2267,0.3711,xeus,FUT Esports,jett,True,100,25,2,1,1,3,False,vandal,rifle,,0.2678,0.3944,sociablEE,FUT Esports,fade,True,100,50,2,1,0,4,False,guardian,rifle,,0.1500,0.5600,yetujey,FUT Esports,astra,True,100,50,1,1,0,7,True,vandal,rifle,,0.2067,0.3944,KROSTALY,FUT Esports,kayo,True,100,50,1,2,1,3,False,vandal,rifle,,0.6589,0.3367,Chronicle,Team Vitality,chamber,True,100,50,0,8,1,4,False,operator,sniper,,0.0833,0.7333,Derke,Team Vitality,neon,True,100,50,1,1,1,5,False,phantom,rifle,,0.1356,0.7089,Jamppi,Team Vitality,kayo,True,100,25,1,2,0,4,False,vandal,rifle,,,,Sayonara,Team Vitality,sova,True,100,50,0,2,0,7,True,vandal,rifle,,0.1800,0.6600,PROFEK,Team Vitality,astra,True,100,50,0,1,0,2,False,phantom,rifle,,0.3111,0.7522
1250.666,2366,ACTIVE_ROUND,8,4,5,86.000,,,s0pp,FUT Esports,chamber,True,100,50,0,8,0,4,False,operator,sniper,,0.2400,0.3756,xeus,FUT Esports,jett,True,100,25,2,1,1,3,False,vandal,rifle,,0.8856,0.2411,sociablEE,FUT Esports,fade,True,100,50,2,1,0,4,False,guardian,rifle,,0.1500,0.5600,yetujey,FUT Esports,astra,True,100,50,1,1,0,7,True,vandal,rifle,,0.1889,0.3922,KROSTALY,FUT Esports,kayo,True,100,50,1,2,1,3,False,vandal,rifle,,0.7656,0.2611,Chronicle,Team Vitality,chamber,True,100,50,0,8,1,4,False,operator,sniper,,0.7633,0.5044,Derke,Team Vitality,neon,True,100,50,1,1,1,5,False,phantom,rifle,,0.1311,0.6956,Jamppi,Team Vitality,kayo,True,100,25,1,2,0,4,False,vandal,rifle,,,,Sayonara,Team Vitality,sova,True,100,50,0,2,0,7,True,vandal,rifle,,0.1800,0.6600,PROFEK,Team Vitality,astra,True,100,50,0,1,0,2,False,phantom,rifle,,0.3111,0.7522
1251.150,2367,ACTIVE_ROUND,8,4,5,86.000,,,s0pp,FUT Esports,chamber,True,100,50,0,8,0,4,False,operator,sniper,,0.2600,0.3844,xeus,FUT Esports,jett,True,100,25,2,1,1,3,False,vandal,rifle,,0.8878,0.2567,sociablEE,FUT Esports,fade,True,100,50,2,1,0,4,False,guardian,rifle,,0.1544,0.5600,yetujey,FUT Esports,astra,True,100,50,1,1,0,7,True,vandal,rifle,,0.1889,0.3922,KROSTALY,FUT Esports,kayo,True,100,50,1,2,1,3,False,vandal,rifle,,0.1722,0.3944,Chronicle,Team Vitality,chamber,True,100,50,0,8,1,4,False,operator,sniper,,0.1678,0.7444,Derke,Team Vitality,neon,True,100,50,1,1,1,5,False,phantom,rifle,,0.1444,0.6889,Jamppi,Team Vitality,kayo,True,100,25,1,2,0,4,False,vandal,rifle,,0.2022,0.4600,Sayonara,Team Vitality,sova,True,100,50,0,2,0,7,True,vandal,rifle,,0.3600,0.7822,PROFEK,Team Vitality,astra,True,100,50,0,1,0,2,False,phantom,rifle,,0.3111,0.7522
1251.634,2368,ACTIVE_ROUND,8,4,5,85.000,,,s0pp,FUT Esports,chamber,True,100,50,0,8,0,4,False,operator,sniper,,0.2644,0.3978,xeus,FUT Esports,jett,True,100,25,2,1,1,3,False,vandal,rifle,,0.8878,0.2767,sociablEE,FUT Esports,fade,True,100,50,2,1,0,4,False,guardian,rifle,,0.1544,0.5578,yetujey,FUT Esports,astra,True,100,50,1,1,0,7,True,vandal,rifle,,0.1511,0.3967,KROSTALY,FUT Esports,kayo,True,100,50,1,2,1,3,False,vandal,rifle,,0.7656,0.2789,Chronicle,Team Vitality,chamber,True,100,50,0,8,1,4,False,operator,sniper,,0.4700,0.6222,Derke,Team Vitality,neon,True,100,50,1,1,1,5,False,phantom,rifle,,0.1489,0.6667,Jamppi,Team Vitality,kayo,True,100,25,1,2,0,4,False,vandal,rifle,,0.2022,0.4600,Sayonara,Team Vitality,sova,True,100,50,0,2,0,7,True,vandal,rifle,,0.2222,0.7178,PROFEK,Team Vitality,astra,True,100,50,0,0,0,2,False,phantom,rifle,,0.3111,0.7522
1252.118,2369,ACTIVE_ROUND,8,4,5,85.000,,,s0pp,FUT Esports,chamber,True,100,50,0,8,0,4,False,operator,sniper,,0.2444,0.3978,xeus,FUT Esports,jett,True,100,25,2,1,1,3,False,vandal,rifle,,0.8789,0.2944,sociablEE,FUT Esports,fade,True,100,50,2,1,0,4,False,guardian,rifle,,0.1500,0.5600,yetujey,FUT Esports,astra,True,100,50,1,1,0,7,True,vandal,rifle,,0.1333,0.4033,KROSTALY,FUT Esports,kayo,True,100,50,1,2,1,3,False,vandal,rifle,,0.1011,0.4056,Chronicle,Team Vitality,chamber,True,100,50,0,8,1,4,False,operator,sniper,,0.1722,0.7444,Derke,Team Vitality,neon,True,100,50,1,1,1,5,False,phantom,rifle,,0.1533,0.6356,Jamppi,Team Vitality,kayo,True,100,25,1,2,0,4,False,vandal,rifle,,0.1644,0.6956,Sayonara,Team Vitality,sova,True,100,50,0,2,0,7,True,vandal,rifle,,0.3578,0.7822,PROFEK,Team Vitality,astra,True,100,50,0,0,0,2,False,phantom,rifle,,0.3111,0.7522
1252.601,2370,ACTIVE_ROUND,8,4,5,84.000,,,s0pp,FUT Esports,chamber,True,100,50,0,8,0,4,False,operator,sniper,,0.2222,0.3978,xeus,FUT Esports,jett,True,100,25,2,1,1,3,False,vandal,rifle,,0.8789,0.3033,sociablEE,FUT Esports,fade,True,100,50,2,1,0,4,False,guardian,rifle,,0.1500,0.5600,yetujey,FUT Esports,astra,True,100,50,1,1,0,7,True,vandal,rifle,,0.1333,0.4056,KROSTALY,FUT Esports,kayo,True,100,50,1,2,1,3,False,vandal,rifle,,0.1011,0.4144,Chronicle,Team Vitality,chamber,True,100,50,0,8,1,4,False,operator,sniper,,0.1767,0.7444,Derke,Team Vitality,neon,True,100,50,1,1,1,5,False,phantom,rifle,,0.1400,0.6067,Jamppi,Team Vitality,kayo,True,100,25,1,2,0,4,False,vandal,rifle,,0.1489,0.6844,Sayonara,Team Vitality,sova,True,100,50,0,2,0,7,True,vandal,rifle,,0.2044,0.7444,PROFEK,Team Vitality,astra,True,100,50,0,0,0,2,False,phantom,rifle,,0.3889,0.7900
1253.085,2371,ACTIVE_ROUND,8,4,5,84.000,,,s0pp,FUT Esports,chamber,True,100,50,0,8,0,4,False,operator,sniper,,0.1978,0.3978,xeus,FUT Esports,jett,True,100,25,2,1,1,3,False,vandal,rifle,,0.8811,0.3144,sociablEE,FUT Esports,fade,True,100,50,2,1,0,4,False,guardian,rifle,,0.1500,0.5600,yetujey,FUT Esports,astra,True,100,50,1,1,0,7,True,vandal,rifle,,0.1311,0.4189,KROSTALY,FUT Esports,kayo,True,100,50,1,2,1,3,False,vandal,rifle,,0.1011,0.4300,Chronicle,Team Vitality,chamber,True,100,50,0,8,1,4,False,operator,sniper,,0.1767,0.7444,Derke,Team Vitality,neon,True,100,50,1,1,1,5,False,phantom,rifle,,0.1400,0.6067,Jamppi,Team Vitality,kayo,True,100,25,1,2,0,4,False,vandal,rifle,,0.1378,0.6711,Sayonara,Team Vitality,sova,True,100,50,0,2,0,7,True,vandal,rifle,,0.2044,0.7444,PROFEK,Team Vitality,astra,True,100,50,0,0,0,2,False,phantom,rifle,,0.1667,0.4011
1253.569,2372,ACTIVE_ROUND,8,4,5,83.000,,,s0pp,FUT Esports,chamber,True,100,50,0,8,0,4,False,operator,sniper,,0.1778,0.4000,xeus,FUT Esports,jett,True,100,25,2,1,1,3,False,vandal,rifle,,0.8811,0.3256,sociablEE,FUT Esports,fade,False,,50,0,0,0,4,False,unknown,unknown,,0.1256,0.4178,yetujey,FUT Esports,astra,True,100,50,1,0,0,7,True,vandal,rifle,,0.1311,0.4189,KROSTALY,FUT Esports,kayo,True,100,50,1,2,1,3,False,vandal,rifle,,0.4611,0.4544,Chronicle,Team Vitality,chamber,True,100,50,0,8,1,4,False,operator,sniper,,0.0833,0.7178,Derke,Team Vitality,neon,True,100,50,1,1,0,5,False,phantom,rifle,,0.1400,0.6067,Jamppi,Team Vitality,kayo,True,100,25,1,2,0,4,False,vandal,rifle,,0.1333,0.6556,Sayonara,Team Vitality,sova,True,100,50,0,2,0,7,True,vandal,rifle,,0.2044,0.7444,PROFEK,Team Vitality,astra,True,100,50,0,0,0,2,False,phantom,rifle,,0.1667,0.4011
1254.053,2373,ACTIVE_ROUND,8,4,5,83.000,,,s0pp,FUT Esports,chamber,True,100,50,0,8,0,4,False,operator,sniper,,0.1600,0.3911,xeus,FUT Esports,jett,True,100,25,2,1,1,3,False,vandal,rifle,,0.8833,0.3344,sociablEE,FUT Esports,fade,False,,50,0,0,0,4,False,unknown,unknown,,,,yetujey,FUT Esports,astra,True,100,50,1,0,0,7,True,vandal,rifle,,0.1267,0.4233,KROSTALY,FUT Esports,kayo,True,100,50,1,2,1,3,False,vandal,rifle,,0.7856,0.3233,Chronicle,Team Vitality,chamber,True,100,50,0,8,1,4,False,operator,sniper,,0.0833,0.7178,Derke,Team Vitality,neon,True,100,50,1,1,0,5,False,phantom,rifle,,0.1222,0.5689,Jamppi,Team Vitality,kayo,True,100,25,1,2,0,4,False,vandal,rifle,,0.1378,0.6378,Sayonara,Team Vitality,sova,True,100,50,0,2,0,7,True,vandal,rifle,,0.4244,0.7689,PROFEK,Team Vitality,astra,True,100,50,0,0,0,2,False,phantom,rifle,,0.3889,0.7900
1254.537,2374,ACTIVE_ROUND,8,4,5,82.000,,,s0pp,FUT Esports,chamber,True,100,50,0,8,0,4,False,operator,sniper,,0.1600,0.3911,xeus,FUT Esports,jett,True,100,25,2,1,1,3,False,vandal,rifle,,0.8833,0.3300,sociablEE,FUT Esports,fade,False,,50,0,0,0,4,False,unknown,unknown,,,,yetujey,FUT Esports,astra,True,100,50,1,0,0,7,True,vandal,rifle,,0.1267,0.4211,KROSTALY,FUT Esports,kayo,True,100,50,1,2,1,3,False,vandal,rifle,,0.7789,0.2789,Chronicle,Team Vitality,chamber,True,100,50,0,8,1,4,False,operator,sniper,,0.1589,0.7356,Derke,Team Vitality,neon,True,100,50,1,1,0,5,False,phantom,rifle,,0.1311,0.5844,Jamppi,Team Vitality,kayo,True,100,25,1,2,0,4,False,vandal,rifle,,0.1422,0.4222,Sayonara,Team Vitality,sova,True,100,50,0,2,0,7,True,vandal,rifle,,0.1667,0.7089,PROFEK,Team Vitality,astra,True,100,50,0,0,0,2,False,phantom,rifle,,0.3889,0.7900
1255.020,2375,ACTIVE_ROUND,8,4,5,82.000,,,s0pp,FUT Esports,chamber,True,100,50,0,8,0,4,False,operator,sniper,,0.1600,0.3911,xeus,FUT Esports,jett,True,100,25,2,1,1,3,False,vandal,rifle,,0.8700,0.3144,sociablEE,FUT Esports,fade,False,,50,0,0,0,4,False,unknown,unknown,,,,yetujey,FUT Esports,astra,True,100,50,1,0,0,7,True,vandal,rifle,,0.1267,0.4233,KROSTALY,FUT Esports,kayo,True,100,50,1,2,1,3,False,vandal,rifle,,0.7744,0.2744,Chronicle,Team Vitality,chamber,True,100,50,0,8,1,4,False,operator,sniper,,0.2767,0.7911,Derke,Team Vitality,neon,True,100,50,1,1,0,5,False,phantom,rifle,,0.1311,0.5844,Jamppi,Team Vitality,kayo,True,100,25,1,2,0,4,False,vandal,rifle,,0.1422,0.4222,Sayonara,Team Vitality,sova,True,100,50,0,2,0,7,True,vandal,rifle,,0.1667,0.7089,PROFEK,Team Vitality,astra,True,100,50,0,0,0,2,False,phantom,rifle,,0.3889,0.7900
1255.504,2376,ACTIVE_ROUND,8,4,5,81.000,,,s0pp,FUT Esports,chamber,True,100,50,0,8,0,4,False,operator,sniper,,0.1600,0.3911,xeus,FUT Esports,jett,True,100,25,2,1,1,3,False,vandal,rifle,,0.8500,0.3011,sociablEE,FUT Esports,fade,False,,50,0,0,0,4,False,unknown,unknown,,,,yetujey,FUT Esports,astra,True,100,50,1,0,0,7,True,vandal,rifle,,0.1267,0.4233,KROSTALY,FUT Esports,kayo,True,100,50,1,2,0,3,False,vandal,rifle,,0.7611,0.2611,Chronicle,Team Vitality,chamber,True,100,50,0,8,1,4,False,operator,sniper,,0.0833,0.7356,Derke,Team Vitality,neon,True,100,50,1,1,0,6,False,phantom,rifle,,0.1311,0.5844,Jamppi,Team Vitality,kayo,True,100,25,1,2,0,4,False,vandal,rifle,,0.1422,0.4222,Sayonara,Team Vitality,sova,True,100,50,0,2,0,7,True,vandal,rifle,,0.1667,0.7089,PROFEK,Team Vitality,astra,True,100,50,1,0,0,2,False,phantom,rifle,,0.3889,0.7900
1255.988,2377,ACTIVE_ROUND,8,4,5,81.000,,,s0pp,FUT Esports,chamber,True,100,50,0,8,0,4,False,operator,sniper,,0.1600,0.3911,xeus,FUT Esports,jett,True,100,25,2,1,1,3,False,vandal,rifle,,0.8300,0.2944,sociablEE,FUT Esports,fade,False,,50,0,0,0,4,False,unknown,unknown,,,,yetujey,FUT Esports,astra,True,100,50,1,0,0,7,True,vandal,rifle,,0.1267,0.4233,KROSTALY,FUT Esports,kayo,True,100,50,1,2,0,3,False,vandal,rifle,,0.7567,0.2411,Chronicle,Team Vitality,chamber,True,100,50,0,8,1,4,False,operator,sniper,,0.2767,0.7911,Derke,Team Vitality,neon,True,100,50,1,1,0,6,False,phantom,rifle,,0.1489,0.6378,Jamppi,Team Vitality,kayo,True,100,25,1,2,0,4,False,vandal,rifle,,0.1422,0.4222,Sayonara,Team Vitality,sova,True,100,50,0,2,0,7,True,vandal,rifle,,0.1667,0.7089,PROFEK,Team Vitality,astra,True,100,50,1,0,0,2,False,phantom,rifle,,0.1556,0.7211
1256.472,2378,ACTIVE_ROUND,8,4,5,80.000,,,s0pp,FUT Esports,chamber,True,100,50,0,8,0,4,False,operator,sniper,,0.1600,0.3911,xeus,FUT Esports,jett,True,100,25,2,1,1,3,False,vandal,rifle,,0.8122,0.2878,sociablEE,FUT Esports,fade,False,,50,0,0,0,4,False,unknown,unknown,,,,yetujey,FUT Esports,astra,True,100,50,1,0,0,7,True,vandal,rifle,,0.1267,0.4233,KROSTALY,FUT Esports,kayo,True,100,50,1,2,0,3,False,vandal,rifle,,0.7411,0.2233,Chronicle,Team Vitality,chamber,True,100,50,0,8,1,4,False,operator,sniper,,0.2722,0.8000,Derke,Team Vitality,neon,True,100,50,1,1,0,6,False,phantom,rifle,,0.1533,0.6533,Jamppi,Team Vitality,kayo,True,100,25,1,2,0,4,False,vandal,rifle,,0.1422,0.4222,Sayonara,Team Vitality,sova,True,100,50,0,2,0,7,True,vandal,rifle,,0.1667,0.7089,PROFEK,Team Vitality,astra,True,100,50,1,0,0,2,False,phantom,rifle,,0.1556,0.7211
1256.956,2379,ACTIVE_ROUND,8,4,5,80.000,,,s0pp,FUT Esports,chamber,True,100,50,0,8,0,4,False,operator,sniper,,0.1600,0.3911,xeus,FUT Esports,jett,True,100,25,2,1,1,3,False,vandal,rifle,,0.8122,0.2878,sociablEE,FUT Esports,fade,False,,50,0,0,0,4,False,unknown,unknown,,,,yetujey,FUT Esports,astra,True,100,50,1,0,0,7,True,vandal,rifle,,0.1267,0.4233,KROSTALY,FUT Esports,kayo,True,100,50,1,2,0,3,False,vandal,rifle,,0.1478,0.3056,Chronicle,Team Vitality,chamber,True,100,50,0,8,1,4,False,operator,sniper,,0.2722,0.7956,Derke,Team Vitality,neon,True,100,50,1,1,0,6,False,phantom,rifle,,0.1533,0.6711,Jamppi,Team Vitality,kayo,True,100,25,1,2,0,4,False,vandal,rifle,,0.1422,0.4222,Sayonara,Team Vitality,sova,True,100,50,0,2,0,7,True,vandal,rifle,,0.1667,0.7089,PROFEK,Team Vitality,astra,True,100,50,1,0,0,2,False,phantom,rifle,,0.1556,0.7211
1257.440,2380,ACTIVE_ROUND,8,4,5,80.000,,,s0pp,FUT Esports,chamber,True,100,50,0,8,0,4,False,operator,sniper,,0.1600,0.3911,xeus,FUT Esports,jett,True,100,25,2,1,1,3,False,vandal,rifle,,0.8122,0.2878,sociablEE,FUT Esports,fade,False,,50,0,0,0,4,False,unknown,unknown,,,,yetujey,FUT Esports,astra,True,100,50,1,0,0,7,True,vandal,rifle,,0.1267,0.4233,KROSTALY,FUT Esports,kayo,True,100,50,1,2,0,3,False,vandal,rifle,,0.7011,0.1989,Chronicle,Team Vitality,chamber,True,100,50,0,8,1,4,False,operator,sniper,,0.6433,0.3822,Derke,Team Vitality,neon,True,100,50,1,1,0,6,False,phantom,rifle,,0.1533,0.6889,Jamppi,Team Vitality,kayo,True,100,25,1,2,0,4,False,vandal,rifle,,0.1422,0.4222,Sayonara,Team Vitality,sova,True,100,50,0,2,0,7,True,vandal,rifle,,0.1667,0.7089,PROFEK,Team Vitality,astra,True,100,50,0,0,0,2,False,phantom,rifle,,0.1556,0.7211
1257.923,2381,ACTIVE_ROUND,8,4,5,79.000,,,s0pp,FUT Esports,chamber,True,100,50,0,8,0,4,False,operator,sniper,,0.1600,0.3911,xeus,FUT Esports,jett,True,100,25,2,1,1,3,False,vandal,rifle,,0.8033,0.3011,sociablEE,FUT Esports,fade,False,,50,0,0,0,4,False,unknown,unknown,,,,yetujey,FUT Esports,astra,True,100,50,1,0,0,7,True,vandal,rifle,,0.1267,0.4233,KROSTALY,FUT Esports,kayo,True,100,50,1,2,0,3,False,vandal,rifle,,0.6789,0.1944,Chronicle,Team Vitality,chamber,True,100,50,0,8,1,4,False,operator,sniper,,0.5833,0.6000,Derke,Team Vitality,neon,True,100,50,1,1,0,6,False,phantom,rifle,,0.1511,0.6933,Jamppi,Team Vitality,kayo,True,100,25,1,2,0,4,False,vandal,rifle,,0.1422,0.4222,Sayonara,Team Vitality,sova,True,100,50,0,2,0,7,True,vandal,rifle,,0.1667,0.7089,PROFEK,Team Vitality,astra,True,100,50,0,0,0,2,False,phantom,rifle,,0.1556,0.7211
1258.407,2382,ACTIVE_ROUND,8,4,5,79.000,,,s0pp,FUT Esports,chamber,True,100,50,0,8,0,4,False,operator,sniper,,0.1600,0.3911,xeus,FUT Esports,jett,True,100,25,2,1,1,3,False,vandal,rifle,,0.8078,0.3233,sociablEE,FUT Esports,fade,False,,50,0,0,0,4,False,unknown,unknown,,,,yetujey,FUT Esports,astra,True,100,50,1,0,0,7,True,vandal,rifle,,0.1267,0.4233,KROSTALY,FUT Esports,kayo,True,100,50,1,2,0,3,False,vandal,rifle,,0.6567,0.1944,Chronicle,Team Vitality,chamber,True,100,50,0,8,1,4,False,operator,sniper,,0.7456,0.7200,Derke,Team Vitality,neon,True,100,50,1,1,0,6,False,phantom,rifle,,0.1511,0.6933,Jamppi,Team Vitality,kayo,True,100,25,1,2,0,4,False,vandal,rifle,,0.1422,0.4222,Sayonara,Team Vitality,sova,True,100,50,0,2,0,7,True,vandal,rifle,,0.1667,0.7089,PROFEK,Team Vitality,astra,True,100,50,0,0,0,2,False,phantom,rifle,,0.1556,0.7211
1258.891,2383,ACTIVE_ROUND,8,4,5,78.000,,,s0pp,FUT Esports,chamber,True,100,50,0,8,0,4,False,operator,sniper,,0.1600,0.3911,xeus,FUT Esports,jett,True,100,25,2,1,1,3,False,vandal,rifle,,0.8100,0.3456,sociablEE,FUT Esports,fade,False,,50,0,0,0,4,False,unknown,unknown,,,,yetujey,FUT Esports,astra,True,100,50,1,0,0,7,True,vandal,rifle,,0.1267,0.4233,KROSTALY,FUT Esports,kayo,True,100,50,1,2,0,3,False,vandal,rifle,,0.6322,0.1967,Chronicle,Team Vitality,chamber,True,100,50,0,8,1,4,False,operator,sniper,,0.0856,0.4622,Derke,Team Vitality,neon,True,100,50,1,1,0,6,False,phantom,rifle,,0.1511,0.6933,Jamppi,Team Vitality,kayo,True,100,25,1,2,0,4,False,vandal,rifle,,0.1422,0.4222,Sayonara,Team Vitality,sova,True,100,50,0,2,0,7,True,vandal,rifle,,0.1667,0.7089,PROFEK,Team Vitality,astra,True,100,50,0,0,0,2,False,phantom,rifle,,0.1778,0.7189
1259.375,2384,ACTIVE_ROUND,8,4,5,78.000,,,s0pp,FUT Esports,chamber,True,100,50,0,8,0,4,False,operator,sniper,,0.1600,0.3911,xeus,FUT Esports,jett,True,100,25,2,1,1,3,False,vandal,rifle,,0.8144,0.3611,sociablEE,FUT Esports,fade,False,,50,0,0,0,4,False,unknown,unknown,,,,yetujey,FUT Esports,astra,True,100,50,0,0,0,7,True,vandal,rifle,,0.1267,0.4233,KROSTALY,FUT Esports,kayo,True,100,50,1,2,0,3,False,vandal,rifle,,0.6100,0.1944,Chronicle,Team Vitality,chamber,True,100,50,0,8,1,4,False,operator,sniper,,0.2722,0.8000,Derke,Team Vitality,neon,True,100,50,1,1,0,6,False,phantom,rifle,,0.1511,0.6933,Jamppi,Team Vitality,kayo,True,100,25,1,2,0,4,False,vandal,rifle,,0.1422,0.4222,Sayonara,Team Vitality,sova,True,100,50,0,2,0,7,True,vandal,rifle,,0.1667,0.7089,PROFEK,Team Vitality,astra,True,100,50,0,0,0,2,False,phantom,rifle,,0.1867,0.7144
1259.859,2385,ACTIVE_ROUND,8,4,5,77.000,,,s0pp,FUT Esports,chamber,True,100,50,0,8,0,4,False,operator,sniper,,0.1600,0.3911,xeus,FUT Esports,jett,True,100,25,2,1,1,3,False,vandal,rifle,,0.8167,0.3744,sociablEE,FUT Esports,fade,False,,50,0,0,0,4,False,unknown,unknown,,,,yetujey,FUT Esports,astra,True,100,50,0,0,0,7,True,vandal,rifle,,0.1267,0.4233,KROSTALY,FUT Esports,kayo,True,100,50,1,2,0,3,False,vandal,rifle,,0.5878,0.1967,Chronicle,Team Vitality,chamber,True,100,50,0,8,1,4,False,operator,sniper,,0.6011,0.8356,Derke,Team Vitality,neon,True,100,50,1,1,0,6,False,phantom,rifle,,0.1511,0.6889,Jamppi,Team Vitality,kayo,True,100,25,1,2,0,4,False,vandal,rifle,,0.1422,0.4222,Sayonara,Team Vitality,sova,True,100,50,0,2,0,7,True,vandal,rifle,,0.1667,0.7089,PROFEK,Team Vitality,astra,True,100,50,0,0,0,2,False,phantom,rifle,,0.1867,0.7144
1260.342,2386,ACTIVE_ROUND,8,4,5,77.000,,,s0pp,FUT Esports,chamber,True,100,50,0,8,0,4,False,operator,sniper,,0.1267,0.4222,xeus,FUT Esports,jett,True,100,25,2,1,1,3,False,vandal,rifle,,0.8211,0.3878,sociablEE,FUT Esports,fade,False,,50,0,0,0,4,False,unknown,unknown,,,,yetujey,FUT Esports,astra,True,100,50,0,0,0,7,True,vandal,rifle,,0.1267,0.4233,KROSTALY,FUT Esports,kayo,True,100,50,1,2,0,3,False,vandal,rifle,,0.5678,0.2100,Chronicle,Team Vitality,chamber,True,100,50,0,8,1,4,False,operator,sniper,,0.2722,0.8089,Derke,Team Vitality,neon,True,100,50,1,1,0,6,False,phantom,rifle,,0.1489,0.6733,Jamppi,Team Vitality,kayo,True,100,25,1,2,0,4,False,vandal,rifle,,0.1422,0.4222,Sayonara,Team Vitality,sova,True,100,50,0,2,0,7,True,vandal,rifle,,0.1511,0.7089,PROFEK,Team Vitality,astra,True,100,50,0,0,0,2,False,phantom,rifle,,0.1867,0.7144
1260.826,2387,ACTIVE_ROUND,8,4,5,76.000,,,s0pp,FUT Esports,chamber,True,100,50,0,8,0,4,False,operator,sniper,,0.1267,0.4222,xeus,FUT Esports,jett,True,100,25,2,1,1,3,False,vandal,rifle,,0.8233,0.3989,sociablEE,FUT Esports,fade,False,,50,0,0,0,4,False,unknown,unknown,,,,yetujey,FUT Esports,astra,False,,50,0,0,0,7,True,vandal,rifle,,0.1267,0.4233,KROSTALY,FUT Esports,kayo,True,100,50,1,2,0,3,False,vandal,rifle,,0.5522,0.2278,Chronicle,Team Vitality,chamber,True,100,50,0,8,1,4,False,operator,sniper,,0.1367,0.7444,Derke,Team Vitality,neon,True,100,50,1,1,0,6,False,phantom,rifle,,0.1467,0.6711,Jamppi,Team Vitality,kayo,True,100,25,1,2,0,4,False,vandal,rifle,,0.1422,0.4222,Sayonara,Team Vitality,sova,True,100,50,0,2,0,7,True,vandal,rifle,,0.1511,0.7111,PROFEK,Team Vitality,astra,True,100,50,0,0,0,2,False,phantom,rifle,,0.1867,0.7144
1261.310,2388,ACTIVE_ROUND,8,4,5,76.000,,,s0pp,FUT Esports,chamber,True,100,50,0,8,0,4,False,operator,sniper,,0.1267,0.4222,xeus,FUT Esports,jett,True,100,25,2,1,1,3,False,vandal,rifle,,0.8233,0.4122,sociablEE,FUT Esports,fade,False,,50,0,0,0,4,False,unknown,unknown,,,,yetujey,FUT Esports,astra,False,,50,0,0,0,7,True,vandal,rifle,,,,KROSTALY,FUT Esports,kayo,True,100,50,1,2,0,3,False,vandal,rifle,,0.7900,0.4078,Chronicle,Team Vitality,chamber,True,100,50,0,8,1,4,False,operator,sniper,,0.1344,0.7444,Derke,Team Vitality,neon,True,100,50,1,1,1,7,True,phantom,rifle,,0.1467,0.6689,Jamppi,Team Vitality,kayo,True,100,25,1,2,0,4,False,vandal,rifle,,0.1422,0.4222,Sayonara,Team Vitality,sova,True,100,50,0,2,0,7,True,vandal,rifle,,0.1533,0.7089,PROFEK,Team Vitality,astra,True,100,50,1,0,0,2,False,phantom,rifle,,0.3889,0.7900
1261.794,2389,ACTIVE_ROUND,8,4,5,75.000,,,s0pp,FUT Esports,chamber,True,100,50,0,8,0,4,False,operator,sniper,,0.1267,0.4222,xeus,FUT Esports,jett,True,100,25,2,1,1,3,False,vandal,rifle,,0.8233,0.4211,sociablEE,FUT Esports,fade,False,,50,0,0,0,4,False,unknown,unknown,,,,yetujey,FUT Esports,astra,False,,50,0,0,0,7,True,vandal,rifle,,,,KROSTALY,FUT Esports,kayo,True,100,50,1,2,0,3,False,vandal,rifle,,0.5122,0.2478,Chronicle,Team Vitality,chamber,True,100,50,0,8,1,4,False,operator,sniper,,0.1233,0.7356,Derke,Team Vitality,neon,True,100,50,1,1,1,7,True,phantom,rifle,,0.1489,0.6467,Jamppi,Team Vitality,kayo,True,100,25,1,2,0,4,False,vandal,rifle,,0.1422,0.4222,Sayonara,Team Vitality,sova,True,100,50,0,2,0,7,True,vandal,rifle,,0.1422,0.7022,PROFEK,Team Vitality,astra,True,100,50,1,0,0,2,False,phantom,rifle,,0.3889,0.7900
1262.278,2390,ACTIVE_ROUND,8,4,5,75.000,,,s0pp,FUT Esports,chamber,True,100,50,0,8,0,4,False,operator,sniper,,0.1267,0.4222,xeus,FUT Esports,jett,True,100,25,2,1,1,3,False,vandal,rifle,,0.8211,0.4256,sociablEE,FUT Esports,fade,False,,50,0,0,0,4,False,unknown,unknown,,,,yetujey,FUT Esports,astra,False,,50,0,0,0,7,True,vandal,rifle,,,,KROSTALY,FUT Esports,kayo,True,100,50,1,2,0,3,False,vandal,rifle,,0.4922,0.2589,Chronicle,Team Vitality,chamber,True,100,50,0,8,1,4,False,operator,sniper,,0.2722,0.8133,Derke,Team Vitality,neon,True,100,50,1,1,1,7,True,phantom,rifle,,0.1489,0.6267,Jamppi,Team Vitality,kayo,True,100,25,1,2,0,4,False,vandal,rifle,,0.1422,0.4222,Sayonara,Team Vitality,sova,True,100,50,0,2,0,7,True,vandal,rifle,,0.1556,0.7022,PROFEK,Team Vitality,astra,True,100,50,1,0,0,2,False,phantom,rifle,,0.3889,0.7900
1262.762,2391,ACTIVE_ROUND,8,4,5,74.000,,,s0pp,FUT Esports,chamber,True,100,50,0,8,0,4,False,operator,sniper,,0.1267,0.4222,xeus,FUT Esports,jett,True,100,25,2,1,1,3,False,vandal,rifle,,0.8211,0.4256,sociablEE,FUT Esports,fade,False,,50,0,0,0,4,False,unknown,unknown,,,,yetujey,FUT Esports,astra,False,,50,0,0,0,7,True,vandal,rifle,,,,KROSTALY,FUT Esports,kayo,True,100,50,1,2,0,3,False,vandal,rifle,,0.4700,0.2678,Chronicle,Team Vitality,chamber,True,100,50,0,8,1,4,False,operator,sniper,,0.0833,0.7600,Derke,Team Vitality,neon,True,100,50,1,1,1,7,True,phantom,rifle,,0.1533,0.6156,Jamppi,Team Vitality,kayo,True,100,25,1,2,0,4,False,vandal,rifle,,0.1422,0.4222,Sayonara,Team Vitality,sova,True,100,50,0,2,0,7,True,vandal,rifle,,0.1667,0.6933,PROFEK,Team Vitality,astra,True,100,50,1,0,0,2,False,phantom,rifle,,0.3889,0.7900
1263.245,2392,ACTIVE_ROUND,8,4,5,74.000,,,s0pp,FUT Esports,chamber,True,100,50,0,8,0,4,False,operator,sniper,,0.1267,0.4222,xeus,FUT Esports,jett,True,100,25,2,1,1,3,False,vandal,rifle,,0.8211,0.4256,sociablEE,FUT Esports,fade,False,,50,0,0,0,4,False,unknown,unknown,,,,yetujey,FUT Esports,astra,False,,50,0,0,0,7,True,vandal,rifle,,,,KROSTALY,FUT Esports,kayo,True,100,50,1,2,0,3,False,vandal,rifle,,0.4567,0.2678,Chronicle,Team Vitality,chamber,True,100,50,0,8,1,4,False,operator,sniper,,0.0856,0.4711,Derke,Team Vitality,neon,True,100,50,1,1,1,7,True,phantom,rifle,,0.1600,0.6067,Jamppi,Team Vitality,kayo,True,100,25,1,2,0,4,False,vandal,rifle,,0.1422,0.4222,Sayonara,Team Vitality,sova,True,100,50,0,2,0,7,True,vandal,rifle,,0.1667,0.6933,PROFEK,Team Vitality,astra,True,100,50,0,0,0,2,False,phantom,rifle,,0.3889,0.7900
1263.729,2393,ACTIVE_ROUND,8,4,5,73.000,,,s0pp,FUT Esports,chamber,True,100,50,0,8,0,4,False,operator,sniper,,0.1267,0.4222,xeus,FUT Esports,jett,True,100,25,2,1,1,3,False,vandal,rifle,,0.8211,0.4256,sociablEE,FUT Esports,fade,False,,50,0,0,0,4,False,unknown,unknown,,,,yetujey,FUT Esports,astra,False,,50,0,0,0,7,True,vandal,rifle,,,,KROSTALY,FUT Esports,kayo,True,100,50,1,2,0,3,False,vandal,rifle,,0.4433,0.2700,Chronicle,Team Vitality,chamber,True,100,50,0,8,1,4,False,operator,sniper,,0.2722,0.7822,Derke,Team Vitality,neon,True,100,50,1,1,1,7,True,phantom,rifle,,0.1556,0.6044,Jamppi,Team Vitality,kayo,True,100,25,1,2,0,4,False,vandal,rifle,,0.1422,0.4222,Sayonara,Team Vitality,sova,True,100,50,0,2,0,7,True,vandal,rifle,,0.1667,0.6933,PROFEK,Team Vitality,astra,True,100,50,0,0,0,2,False,phantom,rifle,,0.3889,0.7900
1264.213,2394,ACTIVE_ROUND,8,4,5,73.000,,,s0pp,FUT Esports,chamber,True,100,50,0,8,0,4,False,operator,sniper,,0.1267,0.4222,xeus,FUT Esports,jett,True,100,25,2,1,1,3,False,vandal,rifle,,0.8256,0.4700,sociablEE,FUT Esports,fade,False,,50,0,0,0,4,False,unknown,unknown,,,,yetujey,FUT Esports,astra,False,,50,0,0,0,7,True,vandal,rifle,,,,KROSTALY,FUT Esports,kayo,True,100,50,1,2,0,3,False,vandal,rifle,,0.4411,0.2744,Chronicle,Team Vitality,chamber,True,100,50,0,8,1,4,False,operator,sniper,,0.2722,0.7822,Derke,Team Vitality,neon,True,100,50,1,1,1,7,True,phantom,rifle,,0.1444,0.6067,Jamppi,Team Vitality,kayo,True,100,25,1,2,0,4,False,vandal,rifle,,0.1422,0.4222,Sayonara,Team Vitality,sova,True,100,50,0,2,0,7,True,vandal,rifle,,0.1667,0.6933,PROFEK,Team Vitality,astra,True,100,50,0,0,0,2,False,phantom,rifle,,0.3889,0.7900
1264.697,2395,ACTIVE_ROUND,8,4,5,72.000,,,s0pp,FUT Esports,chamber,True,100,50,0,8,0,4,False,operator,sniper,,0.1267,0.4222,xeus,FUT Esports,jett,True,100,25,2,1,1,3,False,vandal,rifle,,0.8300,0.4789,sociablEE,FUT Esports,fade,False,,50,0,0,0,4,False,unknown,unknown,,,,yetujey,FUT Esports,astra,False,,50,0,0,0,7,True,vandal,rifle,,,,KROSTALY,FUT Esports,kayo,True,100,50,1,2,0,3,False,vandal,rifle,,0.4433,0.2744,Chronicle,Team Vitality,chamber,True,100,50,0,8,1,4,False,operator,sniper,,0.2722,0.7822,Derke,Team Vitality,neon,True,100,50,1,1,1,7,True,phantom,rifle,,0.1400,0.6089,Jamppi,Team Vitality,kayo,True,100,25,1,2,0,4,False,vandal,rifle,,0.1422,0.4222,Sayonara,Team Vitality,sova,True,100,50,0,2,0,7,True,vandal,rifle,,0.1667,0.6933,PROFEK,Team Vitality,astra,True,100,50,0,0,0,2,False,phantom,rifle,,0.3889,0.7900
1265.181,2396,ACTIVE_ROUND,8,4,5,72.000,,,s0pp,FUT Esports,chamber,True,100,50,0,8,0,4,False,operator,sniper,,0.1267,0.4222,xeus,FUT Esports,jett,True,100,25,2,1,1,3,False,vandal,rifle,,0.8411,0.4811,sociablEE,FUT Esports,fade,False,,50,0,0,0,4,False,unknown,unknown,,,,yetujey,FUT Esports,astra,False,,50,0,0,0,7,True,vandal,rifle,,,,KROSTALY,FUT Esports,kayo,True,100,50,1,2,0,3,False,vandal,rifle,,0.4478,0.2744,Chronicle,Team Vitality,chamber,True,100,50,0,8,1,4,False,operator,sniper,,0.2722,0.8044,Derke,Team Vitality,neon,True,100,50,1,1,1,7,True,phantom,rifle,,0.1444,0.6067,Jamppi,Team Vitality,kayo,True,100,25,1,2,0,4,False,vandal,rifle,,0.1422,0.4222,Sayonara,Team Vitality,sova,True,100,50,0,2,0,7,True,vandal,rifle,,0.1667,0.6933,PROFEK,Team Vitality,astra,True,100,50,0,0,0,2,False,phantom,rifle,,0.3889,0.7900
1265.664,2397,ACTIVE_ROUND,8,4,5,71.000,,,s0pp,FUT Esports,chamber,True,100,50,0,8,0,4,False,operator,sniper,,0.1267,0.4222,xeus,FUT Esports,jett,True,100,25,2,1,1,3,False,vandal,rifle,,0.8411,0.4811,sociablEE,FUT Esports,fade,False,,50,0,0,0,4,False,unknown,unknown,,,,yetujey,FUT Esports,astra,False,,50,0,0,0,7,True,vandal,rifle,,,,KROSTALY,FUT Esports,kayo,True,100,50,1,2,0,3,False,vandal,rifle,,0.4478,0.2744,Chronicle,Team Vitality,chamber,True,100,50,0,8,1,4,False,operator,sniper,,0.2633,0.7622,Derke,Team Vitality,neon,True,100,50,1,1,1,7,True,phantom,rifle,,0.1467,0.6067,Jamppi,Team Vitality,kayo,True,100,25,1,2,0,4,False,vandal,rifle,,0.1422,0.4222,Sayonara,Team Vitality,sova,True,100,50,0,2,0,7,True,vandal,rifle,,0.1667,0.6933,PROFEK,Team Vitality,astra,True,100,50,0,0,0,2,False,phantom,rifle,,0.3889,0.7900
1266.148,2398,ACTIVE_ROUND,8,4,5,71.000,,,s0pp,FUT Esports,chamber,True,100,50,0,8,0,4,False,operator,sniper,,0.1267,0.4222,xeus,FUT Esports,jett,True,100,25,2,1,1,3,False,vandal,rifle,,0.8411,0.4811,sociablEE,FUT Esports,fade,False,,50,0,0,0,4,False,unknown,unknown,,,,yetujey,FUT Esports,astra,False,,50,0,0,0,7,True,vandal,rifle,,,,KROSTALY,FUT Esports,kayo,True,100,50,1,2,0,3,False,vandal,rifle,,0.4278,0.2789,Chronicle,Team Vitality,chamber,True,100,50,0,8,1,4,False,operator,sniper,,0.1122,0.5156,Derke,Team Vitality,neon,True,100,50,1,1,1,7,True,phantom,rifle,,0.1467,0.6022,Jamppi,Team Vitality,kayo,True,100,25,1,2,0,4,False,vandal,rifle,,0.1422,0.4222,Sayonara,Team Vitality,sova,True,100,50,0,2,0,7,True,vandal,rifle,,0.1667,0.6933,PROFEK,Team Vitality,astra,True,100,50,0,0,0,2,False,phantom,rifle,,0.3889,0.7900
1266.632,2399,ACTIVE_ROUND,8,4,5,70.000,,,s0pp,FUT Esports,chamber,True,100,50,0,8,0,4,False,operator,sniper,,0.1267,0.4222,xeus,FUT Esports,jett,True,100,25,2,1,1,3,False,vandal,rifle,,0.8411,0.4811,sociablEE,FUT Esports,fade,False,,50,0,0,0,4,False,unknown,unknown,,,,yetujey,FUT Esports,astra,False,,50,0,0,0,7,True,vandal,rifle,,,,KROSTALY,FUT Esports,kayo,True,100,50,1,2,0,3,False,vandal,rifle,,0.4078,0.2856,Chronicle,Team Vitality,chamber,True,100,50,0,8,1,4,False,operator,sniper,,0.0856,0.4511,Derke,Team Vitality,neon,True,100,50,1,1,1,7,True,phantom,rifle,,0.1400,0.6000,Jamppi,Team Vitality,kayo,True,100,25,1,2,0,4,False,vandal,rifle,,0.1422,0.4222,Sayonara,Team Vitality,sova,True,100,50,0,2,0,7,True,vandal,rifle,,0.1667,0.6933,PROFEK,Team Vitality,astra,True,100,50,0,0,0,2,False,phantom,rifle,,0.3067,0.7344
1267.116,2400,ACTIVE_ROUND,8,4,5,70.000,,,s0pp,FUT Esports,chamber,True,100,50,0,8,0,4,False,operator,sniper,,0.1267,0.4222,xeus,FUT Esports,jett,True,100,25,2,1,1,3,False,vandal,rifle,,0.8411,0.4811,sociablEE,FUT Esports,fade,False,,50,0,0,0,4,False,unknown,unknown,,,,yetujey,FUT Esports,astra,False,,50,0,0,0,7,True,vandal,rifle,,,,KROSTALY,FUT Esports,kayo,True,100,50,1,2,0,3,False,vandal,rifle,,0.7656,0.6144,Chronicle,Team Vitality,chamber,True,100,50,0,8,1,4,False,operator,sniper,,0.2633,0.7800,Derke,Team Vitality,neon,True,100,50,1,1,1,7,True,phantom,rifle,,0.1467,0.6022,Jamppi,Team Vitality,kayo,True,100,25,1,2,0,4,False,vandal,rifle,,0.1422,0.4222,Sayonara,Team Vitality,sova,True,100,50,0,2,0,7,True,vandal,rifle,,0.1667,0.6933,PROFEK,Team Vitality,astra,True,100,50,0,0,0,2,False,phantom,rifle,,0.3067,0.7344
1267.600,2401,ACTIVE_ROUND,8,4,5,69.000,,,s0pp,FUT Esports,chamber,True,100,50,0,8,0,4,False,operator,sniper,,0.1267,0.4222,xeus,FUT Esports,jett,True,100,25,2,1,1,3,False,vandal,rifle,,0.8789,0.4767,sociablEE,FUT Esports,fade,False,,50,0,0,0,4,False,unknown,unknown,,,,yetujey,FUT Esports,astra,False,,50,0,0,0,7,True,vandal,rifle,,,,KROSTALY,FUT Esports,kayo,True,100,50,1,2,0,3,False,vandal,rifle,,0.3811,0.3078,Chronicle,Team Vitality,chamber,True,100,50,0,8,1,4,False,operator,sniper,,0.8278,0.4978,Derke,Team Vitality,neon,True,100,50,1,1,1,7,True,phantom,rifle,,0.1467,0.6022,Jamppi,Team Vitality,kayo,True,100,25,1,2,0,4,False,vandal,rifle,,0.1422,0.4222,Sayonara,Team Vitality,sova,True,100,50,0,2,0,7,True,vandal,rifle,,0.1711,0.6711,PROFEK,Team Vitality,astra,True,100,50,0,0,0,2,False,phantom,rifle,,0.3222,0.7567
1268.083,2402,ACTIVE_ROUND,8,4,5,69.000,,,s0pp,FUT Esports,chamber,True,100,50,0,8,0,4,False,operator,sniper,,0.1267,0.4222,xeus,FUT Esports,jett,True,100,25,2,1,1,3,False,vandal,rifle,,0.8811,0.4744,sociablEE,FUT Esports,fade,False,,50,0,0,0,4,False,unknown,unknown,,,,yetujey,FUT Esports,astra,False,,50,0,0,0,7,True,vandal,rifle,,,,KROSTALY,FUT Esports,kayo,True,100,50,1,2,0,3,False,vandal,rifle,,0.3811,0.3278,Chronicle,Team Vitality,chamber,True,100,50,0,8,1,4,False,operator,sniper,,0.2678,0.7778,Derke,Team Vitality,neon,True,100,50,1,1,1,7,True,phantom,rifle,,0.1533,0.6022,Jamppi,Team Vitality,kayo,True,100,25,1,2,0,4,False,vandal,rifle,,0.1422,0.4222,Sayonara,Team Vitality,sova,True,100,50,0,2,0,7,True,vandal,rifle,,0.1622,0.6756,PROFEK,Team Vitality,astra,True,100,50,0,0,0,2,False,phantom,rifle,,0.3222,0.7567
1268.567,2403,ACTIVE_ROUND,8,4,5,68.000,,,s0pp,FUT Esports,chamber,True,100,50,0,8,0,4,False,operator,sniper,,0.1711,0.3133,xeus,FUT Esports,jett,True,100,25,2,1,1,3,False,vandal,rifle,,0.8811,0.4744,sociablEE,FUT Esports,fade,False,,50,0,0,0,4,False,unknown,unknown,,,,yetujey,FUT Esports,astra,False,,50,0,0,0,7,True,vandal,rifle,,,,KROSTALY,FUT Esports,kayo,True,100,50,1,2,0,3,False,vandal,rifle,,0.3744,0.3411,Chronicle,Team Vitality,chamber,True,100,50,0,8,1,4,False,operator,sniper,,0.0833,0.7600,Derke,Team Vitality,neon,True,100,50,1,1,1,7,True,phantom,rifle,,0.1444,0.6022,Jamppi,Team Vitality,kayo,True,100,25,1,2,0,4,False,vandal,rifle,,0.1422,0.4222,Sayonara,Team Vitality,sova,True,100,50,0,2,0,7,True,vandal,rifle,,0.1533,0.6622,PROFEK,Team Vitality,astra,True,100,50,0,0,0,2,False,phantom,rifle,,0.3467,0.7433
1269.051,2404,ACTIVE_ROUND,8,4,5,68.000,,,s0pp,FUT Esports,chamber,True,100,50,0,8,0,4,False,operator,sniper,,0.1756,0.3133,xeus,FUT Esports,jett,True,100,25,2,1,1,3,False,vandal,rifle,,0.8811,0.4744,sociablEE,FUT Esports,fade,False,,50,0,0,0,4,False,unknown,unknown,,,,yetujey,FUT Esports,astra,False,,50,0,0,0,7,True,vandal,rifle,,,,KROSTALY,FUT Esports,kayo,True,100,50,1,1,0,3,False,vandal,rifle,,0.3700,0.3522,Chronicle,Team Vitality,chamber,True,100,50,0,8,1,4,False,operator,sniper,,0.2722,0.8000,Derke,Team Vitality,neon,True,100,50,1,1,1,7,True,phantom,rifle,,0.1467,0.6044,Jamppi,Team Vitality,kayo,True,100,25,1,2,0,4,False,vandal,rifle,,0.1422,0.4222,Sayonara,Team Vitality,sova,True,100,50,0,2,0,7,True,vandal,rifle,,0.1467,0.6600,PROFEK,Team Vitality,astra,True,100,50,2,1,0,2,False,phantom,rifle,,0.3467,0.7433
1269.535,2405,ACTIVE_ROUND,8,4,5,67.000,,,s0pp,FUT Esports,chamber,True,100,50,0,8,0,4,False,operator,sniper,,0.1756,0.3133,xeus,FUT Esports,jett,True,100,25,2,1,1,3,False,vandal,rifle,,0.8811,0.4744,sociablEE,FUT Esports,fade,False,,50,0,0,0,4,False,unknown,unknown,,,,yetujey,FUT Esports,astra,False,,50,0,0,0,7,True,vandal,rifle,,,,KROSTALY,FUT Esports,kayo,True,100,50,1,1,0,3,False,vandal,rifle,,0.3678,0.3611,Chronicle,Team Vitality,chamber,True,100,50,0,8,1,4,False,operator,sniper,,0.7167,0.2222,Derke,Team Vitality,neon,True,100,50,1,1,1,7,True,phantom,rifle,,0.1511,0.6089,Jamppi,Team Vitality,kayo,True,100,25,1,2,0,4,False,vandal,rifle,,0.1422,0.4222,Sayonara,Team Vitality,sova,True,100,50,0,2,0,7,True,vandal,rifle,,0.1422,0.6622,PROFEK,Team Vitality,astra,True,100,50,2,1,0,2,False,phantom,rifle,,0.3467,0.7433
1270.019,2406,ACTIVE_ROUND,8,4,5,67.000,,,s0pp,FUT Esports,chamber,True,100,50,0,8,0,4,False,operator,sniper,,0.1822,0.3133,xeus,FUT Esports,jett,True,100,25,2,1,1,3,False,vandal,rifle,,0.8811,0.4744,sociablEE,FUT Esports,fade,False,,50,0,0,0,4,False,unknown,unknown,,,,yetujey,FUT Esports,astra,False,,50,0,0,0,7,True,vandal,rifle,,,,KROSTALY,FUT Esports,kayo,True,100,50,1,1,0,3,False,vandal,rifle,,0.3567,0.3700,Chronicle,Team Vitality,chamber,False,,50,0,8,1,4,False,operator,sniper,,0.2900,0.7422,Derke,Team Vitality,neon,True,100,50,1,1,1,7,True,phantom,rifle,,0.1444,0.6022,Jamppi,Team Vitality,kayo,True,100,25,1,2,0,4,False,vandal,rifle,,0.1422,0.4222,Sayonara,Team Vitality,sova,True,100,50,0,2,0,7,True,vandal,rifle,,0.1400,0.6533,PROFEK,Team Vitality,astra,True,100,50,2,1,0,2,False,phantom,rifle,,0.3467,0.7433
1270.503,2407,ACTIVE_ROUND,8,4,5,66.000,,,s0pp,FUT Esports,chamber,True,100,50,0,8,0,4,False,operator,sniper,,0.1822,0.3133,xeus,FUT Esports,jett,True,100,25,2,1,1,3,False,vandal,rifle,,0.8811,0.4744,sociablEE,FUT Esports,fade,False,,50,0,0,0,4,False,unknown,unknown,,,,yetujey,FUT Esports,astra,False,,50,0,0,0,7,True,vandal,rifle,,,,KROSTALY,FUT Esports,kayo,True,100,50,1,1,0,3,False,vandal,rifle,,0.3478,0.3744,Chronicle,Team Vitality,chamber,False,,50,0,8,1,4,False,operator,sniper,,,,Derke,Team Vitality,neon,True,100,50,1,1,1,7,True,phantom,rifle,,0.1311,0.6022,Jamppi,Team Vitality,kayo,True,100,25,1,2,0,4,False,vandal,rifle,,0.1356,0.4378,Sayonara,Team Vitality,sova,True,100,50,0,2,0,7,True,vandal,rifle,,0.1244,0.6489,PROFEK,Team Vitality,astra,True,100,50,2,1,0,2,False,phantom,rifle,,0.1578,0.5856
1270.986,2408,ACTIVE_ROUND,8,4,5,66.000,,,s0pp,FUT Esports,chamber,True,100,50,0,8,0,5,False,operator,sniper,,0.1822,0.3133,xeus,FUT Esports,jett,True,100,25,2,1,1,3,False,vandal,rifle,,0.8811,0.4744,sociablEE,FUT Esports,fade,False,,50,0,0,0,4,False,unknown,unknown,,,,yetujey,FUT Esports,astra,False,,50,0,0,0,7,True,vandal,rifle,,,,KROSTALY,FUT Esports,kayo,True,100,50,1,1,0,3,False,vandal,rifle,,0.3389,0.3878,Chronicle,Team Vitality,chamber,False,,50,0,8,1,4,False,operator,sniper,,,,Derke,Team Vitality,neon,True,100,50,1,1,1,7,True,phantom,rifle,,0.1333,0.6022,Jamppi,Team Vitality,kayo,True,100,25,1,2,0,4,False,vandal,rifle,,0.1356,0.4378,Sayonara,Team Vitality,sova,True,100,50,0,2,0,7,True,vandal,rifle,,0.1267,0.6467,PROFEK,Team Vitality,astra,True,100,50,1,1,0,2,False,phantom,rifle,,0.1578,0.5856
1271.470,2409,ACTIVE_ROUND,8,4,5,65.000,,,s0pp,FUT Esports,chamber,True,89,27,0,8,0,5,False,operator,sniper,,0.1778,0.3156,xeus,FUT Esports,jett,True,100,25,2,1,1,3,False,vandal,rifle,,0.8811,0.4744,sociablEE,FUT Esports,fade,False,,50,0,0,0,4,False,unknown,unknown,,,,yetujey,FUT Esports,astra,False,,50,0,0,0,7,True,vandal,rifle,,,,KROSTALY,FUT Esports,kayo,True,100,50,1,1,0,3,False,vandal,rifle,,0.3211,0.3900,Chronicle,Team Vitality,chamber,False,,50,0,8,1,4,False,operator,sniper,,,,Derke,Team Vitality,neon,True,100,50,1,1,1,7,True,phantom,rifle,,0.1378,0.6022,Jamppi,Team Vitality,kayo,True,100,25,1,2,0,4,False,vandal,rifle,,0.1356,0.4378,Sayonara,Team Vitality,sova,True,100,50,0,2,0,7,True,vandal,rifle,,0.1311,0.6533,PROFEK,Team Vitality,astra,True,100,50,1,1,0,2,False,phantom,rifle,,0.1578,0.5856
1271.954,2410,ACTIVE_ROUND,8,4,5,65.000,,,s0pp,FUT Esports,chamber,True,89,27,0,8,0,5,False,operator,sniper,,0.1778,0.3156,xeus,FUT Esports,jett,True,100,25,2,1,1,3,False,vandal,rifle,,0.9211,0.4722,sociablEE,FUT Esports,fade,False,,50,0,0,0,4,False,unknown,unknown,,,,yetujey,FUT Esports,astra,False,,50,0,0,0,7,True,vandal,rifle,,,,KROSTALY,FUT Esports,kayo,True,100,50,1,1,0,3,False,vandal,rifle,,0.3189,0.3900,Chronicle,Team Vitality,chamber,False,,50,0,8,1,4,False,operator,sniper,,,,Derke,Team Vitality,neon,True,100,50,1,1,1,7,True,phantom,rifle,,0.1578,0.6044,Jamppi,Team Vitality,kayo,True,100,25,1,2,0,4,False,vandal,rifle,,0.1356,0.4378,Sayonara,Team Vitality,sova,True,100,50,0,2,0,7,True,vandal,rifle,,0.1311,0.6533,PROFEK,Team Vitality,astra,True,100,50,1,1,0,2,False,phantom,rifle,,0.1578,0.5856
1272.438,2411,ACTIVE_ROUND,8,4,5,65.000,,,s0pp,FUT Esports,chamber,True,67,27,0,8,0,5,False,operator,sniper,,0.1778,0.3156,xeus,FUT Esports,jett,True,100,25,2,1,1,3,False,vandal,rifle,,0.9256,0.4722,sociablEE,FUT Esports,fade,False,,50,0,0,0,4,False,unknown,unknown,,,,yetujey,FUT Esports,astra,False,,50,0,0,0,7,True,vandal,rifle,,,,KROSTALY,FUT Esports,kayo,True,100,50,1,1,0,3,False,vandal,rifle,,0.3167,0.3878,Chronicle,Team Vitality,chamber,False,,50,0,8,1,4,False,operator,sniper,,,,Derke,Team Vitality,neon,True,100,50,1,1,1,7,True,phantom,rifle,,0.1756,0.6000,Jamppi,Team Vitality,kayo,True,100,25,1,2,0,4,False,vandal,rifle,,0.1778,0.5156,Sayonara,Team Vitality,sova,True,82,14,0,2,0,7,True,vandal,rifle,,0.1489,0.6578,PROFEK,Team Vitality,astra,True,100,50,1,1,0,2,False,phantom,rifle,,0.1578,0.5856
1272.922,2412,ACTIVE_ROUND,8,4,5,64.000,,,s0pp,FUT Esports,chamber,True,67,27,0,7,0,5,False,operator,sniper,,0.1778,0.3156,xeus,FUT Esports,jett,True,100,25,2,1,1,3,False,vandal,rifle,,0.9300,0.4744,sociablEE,FUT Esports,fade,False,,50,0,0,0,4,False,unknown,unknown,,,,yetujey,FUT Esports,astra,False,,50,0,0,0,7,True,vandal,rifle,,,,KROSTALY,FUT Esports,kayo,True,100,50,1,1,0,3,False,vandal,rifle,,0.3233,0.3833,Chronicle,Team Vitality,chamber,False,,50,0,8,1,4,False,operator,sniper,,,,Derke,Team Vitality,neon,True,100,50,1,0,1,7,True,phantom,rifle,,0.1711,0.5844,Jamppi,Team Vitality,kayo,True,100,25,1,2,0,4,False,vandal,rifle,,0.1800,0.5156,Sayonara,Team Vitality,sova,True,82,14,0,2,0,7,True,vandal,rifle,,0.1667,0.6644,PROFEK,Team Vitality,astra,True,100,50,2,1,0,2,False,phantom,rifle,,0.1578,0.5856
1273.405,2413,ACTIVE_ROUND,8,4,5,64.000,,,s0pp,FUT Esports,chamber,True,67,27,0,7,0,5,False,operator,sniper,,0.1778,0.3156,xeus,FUT Esports,jett,True,100,25,2,1,1,3,False,vandal,rifle,,0.9544,0.4989,sociablEE,FUT Esports,fade,False,,50,0,0,0,4,False,unknown,unknown,,,,yetujey,FUT Esports,astra,False,,50,0,0,0,7,True,vandal,rifle,,,,KROSTALY,FUT Esports,kayo,True,100,50,1,1,0,3,False,vandal,rifle,,0.3167,0.3700,Chronicle,Team Vitality,chamber,False,,50,0,8,1,4,False,operator,sniper,,,,Derke,Team Vitality,neon,True,100,50,1,0,1,7,True,phantom,rifle,,0.1711,0.5644,Jamppi,Team Vitality,kayo,True,100,25,1,2,0,4,False,vandal,rifle,,0.2778,0.7600,Sayonara,Team Vitality,sova,True,82,14,0,2,0,7,True,vandal,rifle,,0.1800,0.6667,PROFEK,Team Vitality,astra,True,100,50,2,1,0,2,False,phantom,rifle,,0.1578,0.5856
1273.889,2414,ACTIVE_ROUND,8,4,5,63.000,,,s0pp,FUT Esports,chamber,True,67,27,0,7,0,5,False,operator,sniper,,0.1778,0.3156,xeus,FUT Esports,jett,True,100,25,2,1,1,3,False,vandal,rifle,,0.1944,0.3722,sociablEE,FUT Esports,fade,False,,50,0,0,0,4,False,unknown,unknown,,,,yetujey,FUT Esports,astra,False,,50,0,0,0,7,True,vandal,rifle,,,,KROSTALY,FUT Esports,kayo,True,100,50,1,1,0,3,False,vandal,rifle,,0.3033,0.3589,Chronicle,Team Vitality,chamber,False,,50,0,8,1,4,False,operator,sniper,,,,Derke,Team Vitality,neon,True,100,50,1,0,1,7,True,phantom,rifle,,0.1600,0.5556,Jamppi,Team Vitality,kayo,True,100,25,1,2,0,4,False,vandal,rifle,,0.9067,0.3711,Sayonara,Team Vitality,sova,True,82,14,0,2,0,7,True,vandal,rifle,,0.1756,0.6578,PROFEK,Team Vitality,astra,True,100,50,2,1,0,2,False,phantom,rifle,,0.1578,0.5856
1274.373,2415,ACTIVE_ROUND,8,4,5,63.000,,,s0pp,FUT Esports,chamber,True,67,27,0,7,0,5,False,operator,sniper,,0.1778,0.3156,xeus,FUT Esports,jett,True,100,25,2,1,1,3,False,vandal,rifle,,0.1944,0.3722,sociablEE,FUT Esports,fade,False,,50,0,0,0,4,False,unknown,unknown,,,,yetujey,FUT Esports,astra,False,,50,0,0,0,7,True,vandal,rifle,,,,KROSTALY,FUT Esports,kayo,True,100,50,1,1,0,3,False,vandal,rifle,,0.3033,0.3567,Chronicle,Team Vitality,chamber,False,,50,0,8,1,4,False,operator,sniper,,,,Derke,Team Vitality,neon,True,100,50,1,0,1,7,True,phantom,rifle,,0.1622,0.5556,Jamppi,Team Vitality,kayo,True,100,25,1,2,0,4,False,vandal,rifle,,0.1000,0.7622,Sayonara,Team Vitality,sova,True,82,14,0,2,0,7,True,vandal,rifle,,0.1667,0.6578,PROFEK,Team Vitality,astra,True,100,50,2,1,0,2,False,phantom,rifle,,0.1578,0.5856
1274.857,2416,ACTIVE_ROUND,8,4,5,62.000,,,s0pp,FUT Esports,chamber,True,67,27,0,7,0,5,False,operator,sniper,,0.1778,0.3156,xeus,FUT Esports,jett,True,100,25,2,1,1,3,False,vandal,rifle,,0.1944,0.3722,sociablEE,FUT Esports,fade,False,,50,0,0,0,4,False,unknown,unknown,,,,yetujey,FUT Esports,astra,False,,50,0,0,0,7,True,vandal,rifle,,,,KROSTALY,FUT Esports,kayo,True,100,50,1,0,0,3,False,vandal,rifle,,0.2922,0.3522,Chronicle,Team Vitality,chamber,False,,50,0,8,1,4,False,operator,sniper,,,,Derke,Team Vitality,neon,True,100,50,1,0,1,7,True,phantom,rifle,,0.1622,0.5556,Jamppi,Team Vitality,kayo,False,,25,1,2,0,4,False,unknown,unknown,,0.8311,0.6200,Sayonara,Team Vitality,sova,True,82,14,0,1,0,7,True,vandal,rifle,,0.1578,0.6489,PROFEK,Team Vitality,astra,True,100,50,1,1,0,2,False,phantom,rifle,,0.1578,0.5856
1275.341,2417,ACTIVE_ROUND,8,4,5,62.000,,,s0pp,FUT Esports,chamber,True,67,27,0,7,0,5,False,operator,sniper,,0.1756,0.3533,xeus,FUT Esports,jett,True,100,25,2,1,1,3,False,vandal,rifle,,0.2011,0.3744,sociablEE,FUT Esports,fade,False,,50,0,0,0,4,False,unknown,unknown,,,,yetujey,FUT Esports,astra,False,,50,0,0,0,7,True,vandal,rifle,,,,KROSTALY,FUT Esports,kayo,True,100,50,1,0,0,3,False,vandal,rifle,,0.2922,0.3522,Chronicle,Team Vitality,chamber,False,,50,0,8,1,4,False,operator,sniper,,,,Derke,Team Vitality,neon,True,100,50,1,0,1,7,True,phantom,rifle,,0.1689,0.5556,Jamppi,Team Vitality,kayo,False,,25,1,2,0,4,False,unknown,unknown,,,,Sayonara,Team Vitality,sova,True,82,14,0,1,0,7,True,vandal,rifle,,0.1467,0.6333,PROFEK,Team Vitality,astra,True,100,50,1,1,0,2,False,phantom,rifle,,0.1578,0.5856
1275.825,2418,ACTIVE_ROUND,8,4,5,61.000,,,s0pp,FUT Esports,chamber,True,67,27,0,7,0,5,False,operator,sniper,,0.1756,0.3533,xeus,FUT Esports,jett,True,100,25,2,1,1,3,False,vandal,rifle,,0.2011,0.3744,sociablEE,FUT Esports,fade,False,,50,0,0,0,4,False,unknown,unknown,,,,yetujey,FUT Esports,astra,False,,50,0,0,0,7,True,vandal,rifle,,,,KROSTALY,FUT Esports,kayo,True,100,50,1,0,0,3,False,vandal,rifle,,0.3033,0.3544,Chronicle,Team Vitality,chamber,False,,50,0,8,1,4,False,operator,sniper,,,,Derke,Team Vitality,neon,True,100,50,1,0,1,7,True,phantom,rifle,,0.1733,0.5578,Jamppi,Team Vitality,kayo,False,,25,1,2,0,4,False,unknown,unknown,,,,Sayonara,Team Vitality,sova,True,82,14,0,1,0,7,True,vandal,rifle,,0.1333,0.6222,PROFEK,Team Vitality,astra,True,100,50,1,1,0,2,False,phantom,rifle,,0.5733,0.5456
1276.308,2419,ACTIVE_ROUND,8,4,5,61.000,,,s0pp,FUT Esports,chamber,False,,27,0,7,0,5,False,operator,sniper,,0.1756,0.3533,xeus,FUT Esports,jett,True,100,25,2,1,1,3,False,vandal,rifle,,0.9522,0.4967,sociablEE,FUT Esports,fade,False,,50,0,0,0,4,False,unknown,unknown,,,,yetujey,FUT Esports,astra,False,,50,0,0,0,7,True,vandal,rifle,,,,KROSTALY,FUT Esports,kayo,True,100,50,1,0,0,3,False,vandal,rifle,,0.3056,0.3700,Chronicle,Team Vitality,chamber,False,,50,0,8,1,4,False,operator,sniper,,,,Derke,Team Vitality,neon,True,100,50,1,0,1,7,True,phantom,rifle,,0.1800,0.5489,Jamppi,Team Vitality,kayo,False,,25,1,2,0,4,False,unknown,unknown,,,,Sayonara,Team Vitality,sova,True,82,14,0,1,0,7,True,vandal,rifle,,0.3178,0.3800,PROFEK,Team Vitality,astra,True,100,50,1,1,0,2,False,phantom,rifle,,0.5733,0.5456
1276.792,2420,ACTIVE_ROUND,8,4,5,60.000,,,s0pp,FUT Esports,chamber,False,,27,0,7,0,5,False,operator,sniper,,,,xeus,FUT Esports,jett,True,100,25,2,1,1,3,False,vandal,rifle,,0.9256,0.4744,sociablEE,FUT Esports,fade,False,,50,0,0,0,4,False,unknown,unknown,,,,yetujey,FUT Esports,astra,False,,50,0,0,0,7,True,vandal,rifle,,,,KROSTALY,FUT Esports,kayo,True,100,50,0,0,0,3,False,vandal,rifle,,0.3122,0.3789,Chronicle,Team Vitality,chamber,False,,50,0,8,1,4,False,operator,sniper,,,,Derke,Team Vitality,neon,True,100,50,1,0,1,7,True,phantom,rifle,,0.1800,0.5489,Jamppi,Team Vitality,kayo,False,,25,1,2,0,4,False,unknown,unknown,,,,Sayonara,Team Vitality,sova,True,82,14,0,1,0,7,True,vandal,rifle,,0.1311,0.6289,PROFEK,Team Vitality,astra,True,100,50,1,0,0,2,False,phantom,rifle,,0.5733,0.5456
1277.276,2421,ACTIVE_ROUND,8,4,5,60.000,,,s0pp,FUT Esports,chamber,False,,27,0,7,0,5,False,operator,sniper,,,,xeus,FUT Esports,jett,True,100,25,2,1,1,3,False,vandal,rifle,,0.9144,0.4767,sociablEE,FUT Esports,fade,False,,50,0,0,0,4,False,unknown,unknown,,,,yetujey,FUT Esports,astra,False,,50,0,0,0,7,True,vandal,rifle,,,,KROSTALY,FUT Esports,kayo,True,100,50,0,0,0,3,False,vandal,rifle,,0.3033,0.3922,Chronicle,Team Vitality,chamber,False,,50,0,8,1,4,False,operator,sniper,,,,Derke,Team Vitality,neon,True,100,50,1,0,1,7,True,phantom,rifle,,0.1800,0.5489,Jamppi,Team Vitality,kayo,False,,25,1,2,0,4,False,unknown,unknown,,,,Sayonara,Team Vitality,sova,True,82,14,0,1,0,7,True,vandal,rifle,,0.1222,0.6200,PROFEK,Team Vitality,astra,True,100,50,1,0,0,2,False,phantom,rifle,,0.5733,0.5456
1277.760,2422,ACTIVE_ROUND,8,4,5,59.000,,,s0pp,FUT Esports,chamber,False,,27,0,7,0,5,False,operator,sniper,,,,xeus,FUT Esports,jett,True,100,25,2,1,1,3,False,vandal,rifle,,0.9056,0.4744,sociablEE,FUT Esports,fade,False,,50,0,0,0,4,False,unknown,unknown,,,,yetujey,FUT Esports,astra,False,,50,0,0,0,7,True,vandal,rifle,,,,KROSTALY,FUT Esports,kayo,True,100,50,0,0,0,3,False,vandal,rifle,,0.3011,0.4078,Chronicle,Team Vitality,chamber,False,,50,0,8,1,4,False,operator,sniper,,,,Derke,Team Vitality,neon,True,100,50,1,0,1,7,True,phantom,rifle,,0.1800,0.5489,Jamppi,Team Vitality,kayo,False,,25,1,2,0,4,False,unknown,unknown,,,,Sayonara,Team Vitality,sova,True,82,14,0,1,0,7,True,vandal,rifle,,0.1267,0.6178,PROFEK,Team Vitality,astra,True,100,50,1,0,0,2,False,phantom,rifle,,0.5733,0.5456
1278.244,2423,ACTIVE_ROUND,8,4,5,59.000,,,s0pp,FUT Esports,chamber,False,,27,0,7,0,5,False,operator,sniper,,,,xeus,FUT Esports,jett,True,100,25,2,1,1,3,False,vandal,rifle,,0.8989,0.4767,sociablEE,FUT Esports,fade,False,,50,0,0,0,4,False,unknown,unknown,,,,yetujey,FUT Esports,astra,False,,50,0,0,0,7,True,vandal,rifle,,,,KROSTALY,FUT Esports,kayo,True,100,50,0,0,0,3,False,vandal,rifle,,0.8744,0.4633,Chronicle,Team Vitality,chamber,False,,50,0,8,1,4,False,operator,sniper,,,,Derke,Team Vitality,neon,True,100,50,1,0,1,7,True,phantom,rifle,,0.1800,0.5489,Jamppi,Team Vitality,kayo,False,,25,1,2,0,4,False,unknown,unknown,,,,Sayonara,Team Vitality,sova,True,82,14,0,1,0,7,True,vandal,rifle,,0.1400,0.6133,PROFEK,Team Vitality,astra,True,100,50,1,0,0,2,False,phantom,rifle,,0.5733,0.5456
1278.727,2424,ACTIVE_ROUND,8,4,5,58.000,,,s0pp,FUT Esports,chamber,False,,27,0,7,0,5,False,operator,sniper,,,,xeus,FUT Esports,jett,True,100,25,2,1,1,3,False,vandal,rifle,,0.8900,0.4833,sociablEE,FUT Esports,fade,False,,50,0,0,0,4,False,unknown,unknown,,,,yetujey,FUT Esports,astra,False,,50,0,0,0,7,True,vandal,rifle,,,,KROSTALY,FUT Esports,kayo,True,100,50,0,0,0,3,False,vandal,rifle,,0.8744,0.4589,Chronicle,Team Vitality,chamber,False,,50,0,8,1,4,False,operator,sniper,,,,Derke,Team Vitality,neon,True,100,50,1,0,1,7,True,phantom,rifle,,0.1778,0.5178,Jamppi,Team Vitality,kayo,False,,25,1,2,0,4,False,unknown,unknown,,,,Sayonara,Team Vitality,sova,True,82,14,0,1,0,7,True,vandal,rifle,,0.1467,0.6044,PROFEK,Team Vitality,astra,True,100,50,1,0,0,2,False,phantom,rifle,,0.5733,0.5456
1279.211,2425,ACTIVE_ROUND,8,4,5,58.000,,,s0pp,FUT Esports,chamber,False,,27,0,7,0,5,False,operator,sniper,,,,xeus,FUT Esports,jett,True,100,25,2,1,1,3,False,vandal,rifle,,0.8900,0.4833,sociablEE,FUT Esports,fade,False,,50,0,0,0,4,False,unknown,unknown,,,,yetujey,FUT Esports,astra,False,,50,0,0,0,7,True,vandal,rifle,,,,KROSTALY,FUT Esports,kayo,True,100,50,0,0,0,3,False,vandal,rifle,,0.9011,0.3056,Chronicle,Team Vitality,chamber,False,,50,0,8,1,4,False,operator,sniper,,,,Derke,Team Vitality,neon,True,100,50,1,0,1,7,True,phantom,rifle,,0.1733,0.5178,Jamppi,Team Vitality,kayo,False,,25,1,2,0,4,False,unknown,unknown,,,,Sayonara,Team Vitality,sova,True,82,14,0,1,0,7,True,vandal,rifle,,0.1467,0.6044,PROFEK,Team Vitality,astra,True,100,50,1,0,0,2,False,phantom,rifle,,0.5733,0.5456
1279.695,2426,ACTIVE_ROUND,8,4,5,57.000,,,s0pp,FUT Esports,chamber,False,,27,0,7,0,5,False,operator,sniper,,,,xeus,FUT Esports,jett,True,100,25,2,1,1,3,False,vandal,rifle,,0.8900,0.4833,sociablEE,FUT Esports,fade,False,,50,0,0,0,4,False,unknown,unknown,,,,yetujey,FUT Esports,astra,False,,50,0,0,0,7,True,vandal,rifle,,,,KROSTALY,FUT Esports,kayo,True,100,50,0,0,0,3,False,vandal,rifle,,0.9011,0.3056,Chronicle,Team Vitality,chamber,False,,50,0,8,1,4,False,operator,sniper,,,,Derke,Team Vitality,neon,True,100,50,1,0,1,7,True,phantom,rifle,,0.1756,0.5178,Jamppi,Team Vitality,kayo,False,,25,1,2,0,4,False,unknown,unknown,,,,Sayonara,Team Vitality,sova,True,82,14,0,1,0,7,True,vandal,rifle,,0.1467,0.6044,PROFEK,Team Vitality,astra,True,100,50,1,0,0,2,False,phantom,rifle,,0.5733,0.5456
1280.179,2427,ACTIVE_ROUND,8,4,5,57.000,,,s0pp,FUT Esports,chamber,False,,27,0,7,0,5,False,operator,sniper,,,,xeus,FUT Esports,jett,True,100,25,2,1,1,3,False,vandal,rifle,,0.8900,0.4833,sociablEE,FUT Esports,fade,False,,50,0,0,0,4,False,unknown,unknown,,,,yetujey,FUT Esports,astra,False,,50,0,0,0,7,True,vandal,rifle,,,,KROSTALY,FUT Esports,kayo,True,100,50,0,0,0,3,False,vandal,rifle,,0.5833,0.2922,Chronicle,Team Vitality,chamber,False,,50,0,8,1,4,False,operator,sniper,,,,Derke,Team Vitality,neon,True,100,50,1,0,1,7,True,phantom,rifle,,0.1733,0.5178,Jamppi,Team Vitality,kayo,False,,25,1,2,0,4,False,unknown,unknown,,,,Sayonara,Team Vitality,sova,True,82,14,0,1,0,7,True,vandal,rifle,,0.1444,0.4978,PROFEK,Team Vitality,astra,True,100,50,1,0,0,2,False,phantom,rifle,,0.5733,0.5456
1280.663,2428,ACTIVE_ROUND,8,4,5,56.000,,,s0pp,FUT Esports,chamber,False,,27,0,7,0,5,False,operator,sniper,,,,xeus,FUT Esports,jett,True,100,25,2,1,1,3,False,vandal,rifle,,0.8900,0.4833,sociablEE,FUT Esports,fade,False,,50,0,0,0,4,False,unknown,unknown,,,,yetujey,FUT Esports,astra,False,,50,0,0,0,7,True,vandal,rifle,,,,KROSTALY,FUT Esports,kayo,True,100,50,0,0,0,3,False,vandal,rifle,,0.2856,0.4833,Chronicle,Team Vitality,chamber,False,,50,0,8,1,4,False,operator,sniper,,,,Derke,Team Vitality,neon,True,100,50,1,0,1,7,True,phantom,rifle,,0.1733,0.5178,Jamppi,Team Vitality,kayo,False,,25,1,2,0,4,False,unknown,unknown,,,,Sayonara,Team Vitality,sova,True,82,14,0,1,0,7,True,vandal,rifle,,0.1444,0.4978,PROFEK,Team Vitality,astra,True,100,50,1,0,0,2,False,phantom,rifle,,0.5733,0.5456
1281.147,2429,ACTIVE_ROUND,8,4,5,56.000,,,s0pp,FUT Esports,chamber,False,,27,0,7,0,5,False,operator,sniper,,,,xeus,FUT Esports,jett,True,100,25,2,1,1,3,False,vandal,rifle,,0.8900,0.4833,sociablEE,FUT Esports,fade,False,,50,0,0,0,4,False,unknown,unknown,,,,yetujey,FUT Esports,astra,False,,50,0,0,0,7,True,vandal,rifle,,,,KROSTALY,FUT Esports,kayo,True,100,50,0,0,0,3,False,vandal,rifle,,0.2833,0.4900,Chronicle,Team Vitality,chamber,False,,50,0,8,1,4,False,operator,sniper,,,,Derke,Team Vitality,neon,True,100,50,1,0,1,7,True,phantom,rifle,,0.1778,0.5178,Jamppi,Team Vitality,kayo,False,,25,1,2,0,4,False,unknown,unknown,,,,Sayonara,Team Vitality,sova,True,82,14,0,1,0,7,True,vandal,rifle,,0.3400,0.7133,PROFEK,Team Vitality,astra,True,100,50,1,0,0,2,False,phantom,rifle,,0.5733,0.5456
1281.630,2430,ACTIVE_ROUND,8,4,5,55.000,,,s0pp,FUT Esports,chamber,False,,27,0,7,0,5,False,operator,sniper,,,,xeus,FUT Esports,jett,True,100,25,2,1,1,3,False,vandal,rifle,,0.8900,0.4833,sociablEE,FUT Esports,fade,False,,50,0,0,0,4,False,unknown,unknown,,,,yetujey,FUT Esports,astra,False,,50,0,0,0,7,True,vandal,rifle,,,,KROSTALY,FUT Esports,kayo,True,100,50,0,0,0,3,False,vandal,rifle,,0.5833,0.2922,Chronicle,Team Vitality,chamber,False,,50,0,8,1,4,False,operator,sniper,,,,Derke,Team Vitality,neon,True,100,50,1,0,1,7,True,phantom,rifle,,0.1778,0.5178,Jamppi,Team Vitality,kayo,False,,25,1,2,0,4,False,unknown,unknown,,,,Sayonara,Team Vitality,sova,True,82,14,0,1,0,7,True,vandal,rifle,,0.1467,0.6044,PROFEK,Team Vitality,astra,True,100,50,1,0,0,2,False,phantom,rifle,,0.5733,0.5456
1282.114,2431,ACTIVE_ROUND,8,4,5,55.000,,,s0pp,FUT Esports,chamber,False,,27,0,7,0,5,False,operator,sniper,,,,xeus,FUT Esports,jett,True,100,25,2,1,1,3,False,vandal,rifle,,0.8900,0.4833,sociablEE,FUT Esports,fade,False,,50,0,0,0,4,False,unknown,unknown,,,,yetujey,FUT Esports,astra,False,,50,0,0,0,7,True,vandal,rifle,,,,KROSTALY,FUT Esports,kayo,True,100,50,0,0,0,3,False,vandal,rifle,,0.5833,0.2922,Chronicle,Team Vitality,chamber,False,,50,0,8,1,4,False,operator,sniper,,,,Derke,Team Vitality,neon,True,100,50,1,0,1,7,True,phantom,rifle,,0.1778,0.5178,Jamppi,Team Vitality,kayo,False,,25,1,2,0,4,False,unknown,unknown,,,,Sayonara,Team Vitality,sova,True,82,14,0,1,0,7,True,vandal,rifle,,0.1467,0.6022,PROFEK,Team Vitality,astra,True,100,50,1,0,0,2,False,phantom,rifle,,0.5733,0.5456
1282.598,2432,ACTIVE_ROUND,8,4,5,54.000,,,s0pp,FUT Esports,chamber,False,,27,0,7,0,5,False,operator,sniper,,,,xeus,FUT Esports,jett,True,100,25,2,1,1,3,False,vandal,rifle,,0.8522,0.4322,sociablEE,FUT Esports,fade,False,,50,0,0,0,4,False,unknown,unknown,,,,yetujey,FUT Esports,astra,False,,50,0,0,0,7,True,vandal,rifle,,,,KROSTALY,FUT Esports,kayo,True,100,50,0,0,0,3,False,vandal,rifle,,0.2767,0.5100,Chronicle,Team Vitality,chamber,False,,50,0,8,1,4,False,operator,sniper,,,,Derke,Team Vitality,neon,True,100,50,1,0,1,7,True,phantom,rifle,,0.1778,0.5178,Jamppi,Team Vitality,kayo,False,,25,1,2,0,4,False,unknown,unknown,,,,Sayonara,Team Vitality,sova,True,82,14,0,1,0,7,True,vandal,rifle,,0.1444,0.6022,PROFEK,Team Vitality,astra,True,100,50,0,0,0,2,False,phantom,rifle,,0.5733,0.5456
1283.082,2433,ACTIVE_ROUND,8,4,5,54.000,,,s0pp,FUT Esports,chamber,False,,27,0,7,0,5,False,operator,sniper,,,,xeus,FUT Esports,jett,True,100,25,2,1,1,3,False,vandal,rifle,,0.8522,0.4211,sociablEE,FUT Esports,fade,False,,50,0,0,0,4,False,unknown,unknown,,,,yetujey,FUT Esports,astra,False,,50,0,0,0,7,True,vandal,rifle,,,,KROSTALY,FUT Esports,kayo,True,100,50,0,0,0,3,False,vandal,rifle,,0.2767,0.5167,Chronicle,Team Vitality,chamber,False,,50,0,8,1,4,False,operator,sniper,,,,Derke,Team Vitality,neon,True,100,50,1,0,1,7,True,phantom,rifle,,0.1778,0.5178,Jamppi,Team Vitality,kayo,False,,25,1,2,0,4,False,unknown,unknown,,,,Sayonara,Team Vitality,sova,True,82,14,0,1,0,7,True,vandal,rifle,,0.1444,0.6044,PROFEK,Team Vitality,astra,True,100,50,0,0,0,2,False,phantom,rifle,,0.5733,0.5456
1283.566,2434,ACTIVE_ROUND,8,4,5,53.000,,,s0pp,FUT Esports,chamber,False,,27,0,7,0,5,False,operator,sniper,,,,xeus,FUT Esports,jett,True,100,25,2,1,1,3,False,vandal,rifle,,0.8567,0.4144,sociablEE,FUT Esports,fade,False,,50,0,0,0,4,False,unknown,unknown,,,,yetujey,FUT Esports,astra,False,,50,0,0,0,7,True,vandal,rifle,,,,KROSTALY,FUT Esports,kayo,True,100,50,0,0,0,3,False,vandal,rifle,,0.2767,0.5167,Chronicle,Team Vitality,chamber,False,,50,0,8,1,4,False,operator,sniper,,,,Derke,Team Vitality,neon,True,100,50,1,0,1,7,True,phantom,rifle,,0.1778,0.5178,Jamppi,Team Vitality,kayo,False,,25,1,2,0,4,False,unknown,unknown,,,,Sayonara,Team Vitality,sova,True,82,14,0,1,0,7,True,vandal,rifle,,0.1444,0.6044,PROFEK,Team Vitality,astra,True,100,50,0,0,0,2,False,phantom,rifle,,0.5733,0.5456
1284.049,2435,ACTIVE_ROUND,8,4,5,53.000,,,s0pp,FUT Esports,chamber,False,,27,0,7,0,5,False,operator,sniper,,,,xeus,FUT Esports,jett,True,100,25,2,1,1,3,False,vandal,rifle,,0.8589,0.4100,sociablEE,FUT Esports,fade,False,,50,0,0,0,4,False,unknown,unknown,,,,yetujey,FUT Esports,astra,False,,50,0,0,0,7,True,vandal,rifle,,,,KROSTALY,FUT Esports,kayo,True,100,50,0,0,0,3,False,vandal,rifle,,0.2767,0.5078,Chronicle,Team Vitality,chamber,False,,50,0,8,1,4,False,operator,sniper,,,,Derke,Team Vitality,neon,True,100,50,1,0,1,7,True,phantom,rifle,,0.1778,0.5178,Jamppi,Team Vitality,kayo,False,,25,1,2,0,4,False,unknown,unknown,,,,Sayonara,Team Vitality,sova,True,82,14,0,1,0,7,True,vandal,rifle,,0.1444,0.6044,PROFEK,Team Vitality,astra,True,100,50,0,0,0,2,False,phantom,rifle,,0.5733,0.5456
1284.533,2436,ACTIVE_ROUND,8,4,5,52.000,,,s0pp,FUT Esports,chamber,False,,27,0,7,0,5,False,operator,sniper,,,,xeus,FUT Esports,jett,True,100,25,2,1,1,3,False,vandal,rifle,,0.8589,0.4056,sociablEE,FUT Esports,fade,False,,50,0,0,0,4,False,unknown,unknown,,,,yetujey,FUT Esports,astra,False,,50,0,0,0,7,True,vandal,rifle,,,,KROSTALY,FUT Esports,kayo,True,100,50,0,0,0,3,False,vandal,rifle,,0.2833,0.5144,Chronicle,Team Vitality,chamber,False,,50,0,8,1,4,False,operator,sniper,,,,Derke,Team Vitality,neon,True,100,50,1,0,1,7,True,phantom,rifle,,0.1778,0.5178,Jamppi,Team Vitality,kayo,False,,25,1,2,0,4,False,unknown,unknown,,,,Sayonara,Team Vitality,sova,True,82,14,0,1,0,7,True,vandal,rifle,,0.1444,0.6044,PROFEK,Team Vitality,astra,True,100,50,0,0,0,2,False,phantom,rifle,,0.5733,0.5456
1285.017,2437,ACTIVE_ROUND,8,4,5,52.000,,,s0pp,FUT Esports,chamber,False,,27,0,7,0,5,False,operator,sniper,,,,xeus,FUT Esports,jett,True,100,25,2,1,1,3,False,vandal,rifle,,0.8611,0.3967,sociablEE,FUT Esports,fade,False,,50,0,0,0,4,False,unknown,unknown,,,,yetujey,FUT Esports,astra,False,,50,0,0,0,7,True,vandal,rifle,,,,KROSTALY,FUT Esports,kayo,True,100,50,0,0,0,3,False,vandal,rifle,,0.2922,0.5211,Chronicle,Team Vitality,chamber,False,,50,0,8,1,4,False,operator,sniper,,,,Derke,Team Vitality,neon,True,100,50,1,0,1,7,True,phantom,rifle,,0.1778,0.5178,Jamppi,Team Vitality,kayo,False,,25,1,2,0,4,False,unknown,unknown,,,,Sayonara,Team Vitality,sova,True,82,14,0,1,0,7,True,vandal,rifle,,0.1444,0.6044,PROFEK,Team Vitality,astra,True,100,50,0,0,0,2,False,phantom,rifle,,0.5733,0.5456
1285.501,2438,ACTIVE_ROUND,8,4,5,51.000,,,s0pp,FUT Esports,chamber,False,,27,0,7,0,5,False,operator,sniper,,,,xeus,FUT Esports,jett,True,100,25,2,1,1,3,False,vandal,rifle,,0.8611,0.3967,sociablEE,FUT Esports,fade,False,,50,0,0,0,4,False,unknown,unknown,,,,yetujey,FUT Esports,astra,False,,50,0,0,0,7,True,vandal,rifle,,,,KROSTALY,FUT Esports,kayo,True,100,50,0,0,0,3,False,vandal,rifle,,0.2967,0.5256,Chronicle,Team Vitality,chamber,False,,50,0,8,1,4,False,operator,sniper,,,,Derke,Team Vitality,neon,True,100,50,1,0,1,7,True,phantom,rifle,,0.1778,0.5178,Jamppi,Team Vitality,kayo,False,,25,1,2,0,4,False,unknown,unknown,,,,Sayonara,Team Vitality,sova,True,82,14,0,1,0,7,True,vandal,rifle,,0.1444,0.6044,PROFEK,Team Vitality,astra,True,100,50,0,0,0,2,False,phantom,rifle,,0.5733,0.5456
1285.985,2439,ACTIVE_ROUND,8,4,5,51.000,,,s0pp,FUT Esports,chamber,False,,27,0,7,0,5,False,operator,sniper,,,,xeus,FUT Esports,jett,True,100,25,2,1,1,3,False,vandal,rifle,,0.8544,0.4078,sociablEE,FUT Esports,fade,False,,50,0,0,0,4,False,unknown,unknown,,,,yetujey,FUT Esports,astra,False,,50,0,0,0,7,True,vandal,rifle,,,,KROSTALY,FUT Esports,kayo,True,100,50,0,0,0,3,False,vandal,rifle,,0.1011,0.6167,Chronicle,Team Vitality,chamber,False,,50,0,8,1,4,False,operator,sniper,,,,Derke,Team Vitality,neon,True,100,50,1,0,1,7,True,phantom,rifle,,0.1733,0.5089,Jamppi,Team Vitality,kayo,False,,25,1,2,0,4,False,unknown,unknown,,,,Sayonara,Team Vitality,sova,True,82,14,0,1,0,7,True,vandal,rifle,,0.1444,0.6044,PROFEK,Team Vitality,astra,True,100,50,0,0,0,2,False,phantom,rifle,,0.5733,0.5456
1286.469,2440,ACTIVE_ROUND,8,4,5,50.000,,,s0pp,FUT Esports,chamber,False,,27,0,7,0,5,False,operator,sniper,,,,xeus,FUT Esports,jett,True,100,25,2,1,1,3,False,vandal,rifle,,0.8522,0.4144,sociablEE,FUT Esports,fade,False,,50,0,0,0,4,False,unknown,unknown,,,,yetujey,FUT Esports,astra,False,,50,0,0,0,7,True,vandal,rifle,,,,KROSTALY,FUT Esports,kayo,True,100,50,0,0,0,3,False,vandal,rifle,,0.1011,0.6167,Chronicle,Team Vitality,chamber,False,,50,0,8,1,4,False,operator,sniper,,,,Derke,Team Vitality,neon,True,100,50,1,0,1,7,True,phantom,rifle,,0.1733,0.5089,Jamppi,Team Vitality,kayo,False,,25,1,2,0,4,False,unknown,unknown,,,,Sayonara,Team Vitality,sova,True,82,14,0,1,0,7,True,vandal,rifle,,0.1444,0.6044,PROFEK,Team Vitality,astra,True,100,50,0,0,0,2,False,phantom,rifle,,0.5733,0.5456
1286.952,2441,ACTIVE_ROUND,8,4,5,50.000,,,s0pp,FUT Esports,chamber,False,,27,0,7,0,5,False,operator,sniper,,,,xeus,FUT Esports,jett,True,100,25,2,1,1,3,False,vandal,rifle,,0.8478,0.4211,sociablEE,FUT Esports,fade,False,,50,0,0,0,4,False,unknown,unknown,,,,yetujey,FUT Esports,astra,False,,50,0,0,0,7,True,vandal,rifle,,,,KROSTALY,FUT Esports,kayo,True,100,50,0,0,0,3,False,vandal,rifle,,0.3100,0.5300,Chronicle,Team Vitality,chamber,False,,50,0,8,1,4,False,operator,sniper,,,,Derke,Team Vitality,neon,True,100,50,1,0,1,7,True,phantom,rifle,,0.1733,0.5089,Jamppi,Team Vitality,kayo,False,,25,1,2,0,4,False,unknown,unknown,,,,Sayonara,Team Vitality,sova,True,82,14,0,1,0,7,True,vandal,rifle,,0.1444,0.6044,PROFEK,Team Vitality,astra,True,100,50,0,0,0,2,False,phantom,rifle,,0.5733,0.5456
1287.436,2442,ACTIVE_ROUND,8,4,5,50.000,,,s0pp,FUT Esports,chamber,False,,27,0,7,0,5,False,operator,sniper,,,,xeus,FUT Esports,jett,True,100,25,2,1,1,3,False,vandal,rifle,,0.8456,0.4322,sociablEE,FUT Esports,fade,False,,50,0,0,0,4,False,unknown,unknown,,,,yetujey,FUT Esports,astra,False,,50,0,0,0,7,True,vandal,rifle,,,,KROSTALY,FUT Esports,kayo,True,100,50,0,0,0,3,False,vandal,rifle,,0.3033,0.5211,Chronicle,Team Vitality,chamber,False,,50,0,8,1,4,False,operator,sniper,,,,Derke,Team Vitality,neon,True,100,50,1,0,1,7,True,phantom,rifle,,0.1733,0.5089,Jamppi,Team Vitality,kayo,False,,25,1,2,0,4,False,unknown,unknown,,,,Sayonara,Team Vitality,sova,True,82,14,0,1,0,7,True,vandal,rifle,,0.1444,0.6044,PROFEK,Team Vitality,astra,True,100,50,0,0,0,2,False,phantom,rifle,,0.5733,0.5456
1287.920,2443,ACTIVE_ROUND,8,4,5,49.000,,,s0pp,FUT Esports,chamber,False,,27,0,7,0,5,False,operator,sniper,,,,xeus,FUT Esports,jett,True,100,25,2,1,1,3,False,vandal,rifle,,0.8433,0.4433,sociablEE,FUT Esports,fade,False,,50,0,0,0,4,False,unknown,unknown,,,,yetujey,FUT Esports,astra,False,,50,0,0,0,7,True,vandal,rifle,,,,KROSTALY,FUT Esports,kayo,True,100,50,0,0,0,3,False,vandal,rifle,,0.3011,0.5100,Chronicle,Team Vitality,chamber,False,,50,0,8,1,4,False,operator,sniper,,,,Derke,Team Vitality,neon,True,100,50,1,0,1,7,True,phantom,rifle,,0.1733,0.5089,Jamppi,Team Vitality,kayo,False,,25,1,2,0,4,False,unknown,unknown,,,,Sayonara,Team Vitality,sova,True,82,14,0,1,0,7,True,vandal,rifle,,0.1444,0.6044,PROFEK,Team Vitality,astra,True,100,50,0,0,0,2,False,phantom,rifle,,0.5733,0.5456
1288.404,2444,ACTIVE_ROUND,8,4,5,49.000,,,s0pp,FUT Esports,chamber,False,,27,0,7,0,5,False,operator,sniper,,,,xeus,FUT Esports,jett,True,100,25,2,1,1,3,False,vandal,rifle,,0.8411,0.4522,sociablEE,FUT Esports,fade,False,,50,0,0,0,4,False,unknown,unknown,,,,yetujey,FUT Esports,astra,False,,50,0,0,0,7,True,vandal,rifle,,,,KROSTALY,FUT Esports,kayo,True,100,50,0,0,0,3,False,vandal,rifle,,0.1011,0.6167,Chronicle,Team Vitality,chamber,False,,50,0,8,1,4,False,operator,sniper,,,,Derke,Team Vitality,neon,True,100,50,1,0,1,7,True,phantom,rifle,,0.1733,0.5089,Jamppi,Team Vitality,kayo,False,,25,1,2,0,4,False,unknown,unknown,,,,Sayonara,Team Vitality,sova,True,82,14,0,1,0,7,True,vandal,rifle,,0.1444,0.6044,PROFEK,Team Vitality,astra,True,100,50,0,0,0,2,False,phantom,rifle,,0.5733,0.5456
1288.888,2445,ACTIVE_ROUND,8,4,5,48.000,,,s0pp,FUT Esports,chamber,False,,27,0,7,0,5,False,operator,sniper,,,,xeus,FUT Esports,jett,True,100,25,2,1,1,3,False,vandal,rifle,,0.8389,0.4567,sociablEE,FUT Esports,fade,False,,50,0,0,0,4,False,unknown,unknown,,,,yetujey,FUT Esports,astra,False,,50,0,0,0,7,True,vandal,rifle,,,,KROSTALY,FUT Esports,kayo,True,100,50,0,0,0,3,False,vandal,rifle,,0.1011,0.6167,Chronicle,Team Vitality,chamber,False,,50,0,8,1,4,False,operator,sniper,,,,Derke,Team Vitality,neon,True,100,50,1,0,1,7,True,phantom,rifle,,0.1733,0.5089,Jamppi,Team Vitality,kayo,False,,25,1,2,0,4,False,unknown,unknown,,,,Sayonara,Team Vitality,sova,True,82,14,0,1,0,7,True,vandal,rifle,,0.1444,0.6044,PROFEK,Team Vitality,astra,True,100,50,0,0,0,2,False,phantom,rifle,,0.5733,0.5456
1289.371,2446,ACTIVE_ROUND,8,4,5,48.000,,,s0pp,FUT Esports,chamber,False,,27,0,7,0,5,False,operator,sniper,,,,xeus,FUT Esports,jett,True,100,25,2,1,1,3,False,vandal,rifle,,0.8389,0.4678,sociablEE,FUT Esports,fade,False,,50,0,0,0,4,False,unknown,unknown,,,,yetujey,FUT Esports,astra,False,,50,0,0,0,7,True,vandal,rifle,,,,KROSTALY,FUT Esports,kayo,True,100,50,0,0,0,3,False,vandal,rifle,,0.1011,0.6167,Chronicle,Team Vitality,chamber,False,,50,0,8,1,4,False,operator,sniper,,,,Derke,Team Vitality,neon,True,100,50,1,0,1,7,True,phantom,rifle,,0.1733,0.5089,Jamppi,Team Vitality,kayo,False,,25,1,2,0,4,False,unknown,unknown,,,,Sayonara,Team Vitality,sova,True,82,14,0,1,0,7,True,vandal,rifle,,0.1444,0.6044,PROFEK,Team Vitality,astra,True,100,50,0,0,0,2,False,phantom,rifle,,0.5733,0.5456
1289.855,2447,ACTIVE_ROUND,8,4,5,47.000,,,s0pp,FUT Esports,chamber,False,,27,0,7,0,5,False,operator,sniper,,,,xeus,FUT Esports,jett,True,100,25,2,1,1,3,False,vandal,rifle,,0.8389,0.4678,sociablEE,FUT Esports,fade,False,,50,0,0,0,4,False,unknown,unknown,,,,yetujey,FUT Esports,astra,False,,50,0,0,0,7,True,vandal,rifle,,,,KROSTALY,FUT Esports,kayo,True,100,50,0,0,0,3,False,vandal,rifle,,0.6589,0.4100,Chronicle,Team Vitality,chamber,False,,50,0,8,1,4,False,operator,sniper,,,,Derke,Team Vitality,neon,True,100,50,1,0,1,7,True,phantom,rifle,,0.1733,0.5089,Jamppi,Team Vitality,kayo,False,,25,1,2,0,4,False,unknown,unknown,,,,Sayonara,Team Vitality,sova,True,82,14,0,1,0,7,True,vandal,rifle,,0.1444,0.6044,PROFEK,Team Vitality,astra,True,100,50,0,0,0,2,False,phantom,rifle,,0.5733,0.5456
1290.339,2448,ACTIVE_ROUND,8,4,5,47.000,,,s0pp,FUT Esports,chamber,False,,27,0,7,0,5,False,operator,sniper,,,,xeus,FUT Esports,jett,True,100,25,2,1,1,3,False,vandal,rifle,,0.8389,0.4678,sociablEE,FUT Esports,fade,False,,50,0,0,0,4,False,unknown,unknown,,,,yetujey,FUT Esports,astra,False,,50,0,0,0,7,True,vandal,rifle,,,,KROSTALY,FUT Esports,kayo,True,100,50,0,0,0,3,False,vandal,rifle,,0.6589,0.4100,Chronicle,Team Vitality,chamber,False,,50,0,8,1,4,False,operator,sniper,,,,Derke,Team Vitality,neon,True,100,50,1,0,1,7,True,phantom,rifle,,0.1733,0.5089,Jamppi,Team Vitality,kayo,False,,25,1,2,0,4,False,unknown,unknown,,,,Sayonara,Team Vitality,sova,True,82,14,0,1,0,7,True,vandal,rifle,,0.1444,0.6044,PROFEK,Team Vitality,astra,True,100,50,0,0,0,2,False,phantom,rifle,,0.5733,0.5456
1290.823,2449,ACTIVE_ROUND,8,4,5,46.000,,,s0pp,FUT Esports,chamber,False,,27,0,7,0,5,False,operator,sniper,,,,xeus,FUT Esports,jett,True,100,25,2,1,1,3,False,vandal,rifle,,0.8389,0.4678,sociablEE,FUT Esports,fade,False,,50,0,0,0,4,False,unknown,unknown,,,,yetujey,FUT Esports,astra,False,,50,0,0,0,7,True,vandal,rifle,,,,KROSTALY,FUT Esports,kayo,True,100,50,0,0,0,3,False,vandal,rifle,,0.6589,0.4100,Chronicle,Team Vitality,chamber,False,,50,0,8,1,4,False,operator,sniper,,,,Derke,Team Vitality,neon,True,100,50,1,0,1,7,True,phantom,rifle,,0.1733,0.5089,Jamppi,Team Vitality,kayo,False,,25,1,2,0,4,False,unknown,unknown,,,,Sayonara,Team Vitality,sova,True,82,14,0,1,0,7,True,vandal,rifle,,0.1444,0.6044,PROFEK,Team Vitality,astra,True,100,50,0,0,0,2,False,phantom,rifle,,0.5733,0.5456
1291.307,2450,ACTIVE_ROUND,8,4,5,46.000,,,s0pp,FUT Esports,chamber,False,,27,0,7,0,5,False,operator,sniper,,,,xeus,FUT Esports,jett,True,100,25,2,1,1,3,False,vandal,rifle,,0.2678,0.4456,sociablEE,FUT Esports,fade,False,,50,0,0,0,4,False,unknown,unknown,,,,yetujey,FUT Esports,astra,False,,50,0,0,0,7,True,vandal,rifle,,,,KROSTALY,FUT Esports,kayo,True,100,50,0,0,0,3,False,vandal,rifle,,0.2722,0.4878,Chronicle,Team Vitality,chamber,False,,50,0,8,1,4,False,operator,sniper,,,,Derke,Team Vitality,neon,True,100,50,1,0,1,7,True,phantom,rifle,,0.1778,0.5111,Jamppi,Team Vitality,kayo,False,,25,1,2,0,4,False,unknown,unknown,,,,Sayonara,Team Vitality,sova,True,82,14,0,1,0,7,True,vandal,rifle,,0.1444,0.6044,PROFEK,Team Vitality,astra,True,100,50,0,0,0,2,False,phantom,rifle,,0.5733,0.5456
1291.791,2451,ACTIVE_ROUND,8,4,5,45.000,,,s0pp,FUT Esports,chamber,False,,27,0,7,0,5,False,operator,sniper,,,,xeus,FUT Esports,jett,True,100,25,2,1,1,3,False,vandal,rifle,,0.2678,0.4367,sociablEE,FUT Esports,fade,False,,50,0,0,0,4,False,unknown,unknown,,,,yetujey,FUT Esports,astra,False,,50,0,0,0,7,True,vandal,rifle,,,,KROSTALY,FUT Esports,kayo,True,100,50,0,0,0,3,False,vandal,rifle,,0.2456,0.4233,Chronicle,Team Vitality,chamber,False,,50,0,8,1,4,False,operator,sniper,,,,Derke,Team Vitality,neon,True,100,50,1,0,1,7,True,phantom,rifle,,0.1733,0.5089,Jamppi,Team Vitality,kayo,False,,25,1,2,0,4,False,unknown,unknown,,,,Sayonara,Team Vitality,sova,True,82,14,0,1,0,7,True,vandal,rifle,,0.1444,0.6044,PROFEK,Team Vitality,astra,True,100,50,0,0,0,2,False,phantom,rifle,,0.5733,0.5456
1292.274,2452,ACTIVE_ROUND,8,4,5,45.000,,,s0pp,FUT Esports,chamber,False,,27,0,7,0,5,False,operator,sniper,,,,xeus,FUT Esports,jett,True,100,25,2,1,1,3,False,vandal,rifle,,0.2678,0.4322,sociablEE,FUT Esports,fade,False,,50,0,0,0,4,False,unknown,unknown,,,,yetujey,FUT Esports,astra,False,,50,0,0,0,7,True,vandal,rifle,,,,KROSTALY,FUT Esports,kayo,True,100,50,0,0,0,3,False,vandal,rifle,,0.2456,0.4233,Chronicle,Team Vitality,chamber,False,,50,0,8,1,4,False,operator,sniper,,,,Derke,Team Vitality,neon,True,100,50,1,0,1,7,True,phantom,rifle,,0.1778,0.5111,Jamppi,Team Vitality,kayo,False,,25,1,2,0,4,False,unknown,unknown,,,,Sayonara,Team Vitality,sova,True,82,14,0,1,0,7,True,vandal,rifle,,0.1444,0.6044,PROFEK,Team Vitality,astra,True,100,50,1,0,0,2,False,phantom,rifle,,0.5733,0.5456
1292.758,2453,ACTIVE_ROUND,8,4,5,44.000,,,s0pp,FUT Esports,chamber,False,,27,0,7,0,5,False,operator,sniper,,,,xeus,FUT Esports,jett,True,100,25,2,1,1,3,False,vandal,rifle,,0.2678,0.4278,sociablEE,FUT Esports,fade,False,,50,0,0,0,4,False,unknown,unknown,,,,yetujey,FUT Esports,astra,False,,50,0,0,0,7,True,vandal,rifle,,,,KROSTALY,FUT Esports,kayo,True,100,50,0,0,0,3,False,vandal,rifle,,0.3011,0.4411,Chronicle,Team Vitality,chamber,False,,50,0,8,1,4,False,operator,sniper,,,,Derke,Team Vitality,neon,True,100,50,1,0,1,7,True,phantom,rifle,,0.1733,0.5089,Jamppi,Team Vitality,kayo,False,,25,1,2,0,4,False,unknown,unknown,,,,Sayonara,Team Vitality,sova,True,82,14,0,1,0,7,True,vandal,rifle,,0.1444,0.6044,PROFEK,Team Vitality,astra,True,100,50,1,0,0,2,False,phantom,rifle,,0.5733,0.5456
1293.242,2454,ACTIVE_ROUND,8,4,5,44.000,,,s0pp,FUT Esports,chamber,False,,27,0,7,0,5,False,operator,sniper,,,,xeus,FUT Esports,jett,True,100,25,2,1,1,3,False,vandal,rifle,,0.2678,0.4278,sociablEE,FUT Esports,fade,False,,50,0,0,0,4,False,unknown,unknown,,,,yetujey,FUT Esports,astra,False,,50,0,0,0,7,True,vandal,rifle,,,,KROSTALY,FUT Esports,kayo,True,100,50,0,0,0,3,False,vandal,rifle,,0.2989,0.4344,Chronicle,Team Vitality,chamber,False,,50,0,8,1,4,False,operator,sniper,,,,Derke,Team Vitality,neon,True,100,50,1,0,1,7,True,phantom,rifle,,0.1778,0.5111,Jamppi,Team Vitality,kayo,False,,25,1,2,0,4,False,unknown,unknown,,,,Sayonara,Team Vitality,sova,True,82,14,0,1,0,7,True,vandal,rifle,,0.1444,0.6044,PROFEK,Team Vitality,astra,True,100,50,1,0,0,2,False,phantom,rifle,,0.5733,0.5456
1293.726,2455,ACTIVE_ROUND,8,4,5,43.000,,,s0pp,FUT Esports,chamber,False,,27,0,7,0,5,False,operator,sniper,,,,xeus,FUT Esports,jett,True,100,25,2,1,1,3,False,vandal,rifle,,0.2611,0.4100,sociablEE,FUT Esports,fade,False,,50,0,0,0,4,False,unknown,unknown,,,,yetujey,FUT Esports,astra,False,,50,0,0,0,7,True,vandal,rifle,,,,KROSTALY,FUT Esports,kayo,True,100,50,0,0,0,3,False,vandal,rifle,,0.2944,0.4233,Chronicle,Team Vitality,chamber,False,,50,0,8,1,4,False,operator,sniper,,,,Derke,Team Vitality,neon,True,100,50,1,0,1,7,True,phantom,rifle,,0.1756,0.5089,Jamppi,Team Vitality,kayo,False,,25,1,2,0,4,False,unknown,unknown,,,,Sayonara,Team Vitality,sova,True,82,14,0,1,0,7,True,vandal,rifle,,0.1444,0.6044,PROFEK,Team Vitality,astra,True,100,50,1,0,0,2,False,phantom,rifle,,0.5733,0.5456
1294.210,2456,ACTIVE_ROUND,8,4,5,43.000,,,s0pp,FUT Esports,chamber,False,,27,0,7,0,5,False,operator,sniper,,,,xeus,FUT Esports,jett,True,100,25,2,1,1,3,False,vandal,rifle,,0.2611,0.4100,sociablEE,FUT Esports,fade,False,,50,0,0,0,4,False,unknown,unknown,,,,yetujey,FUT Esports,astra,False,,50,0,0,0,7,True,vandal,rifle,,,,KROSTALY,FUT Esports,kayo,True,100,50,0,0,0,3,False,vandal,rifle,,0.2967,0.4122,Chronicle,Team Vitality,chamber,False,,50,0,8,1,4,False,operator,sniper,,,,Derke,Team Vitality,neon,True,100,50,1,0,1,7,True,phantom,rifle,,0.1756,0.5089,Jamppi,Team Vitality,kayo,False,,25,1,2,0,4,False,unknown,unknown,,,,Sayonara,Team Vitality,sova,True,82,14,0,1,0,7,True,vandal,rifle,,0.1444,0.6044,PROFEK,Team Vitality,astra,True,100,50,1,0,0,2,False,phantom,rifle,,0.3889,0.7900
1294.693,2457,ACTIVE_ROUND,8,4,5,42.000,,,s0pp,FUT Esports,chamber,False,,27,0,7,0,5,False,operator,sniper,,,,xeus,FUT Esports,jett,True,100,25,2,1,1,3,False,vandal,rifle,,0.2611,0.4100,sociablEE,FUT Esports,fade,False,,50,0,0,0,4,False,unknown,unknown,,,,yetujey,FUT Esports,astra,False,,50,0,0,0,7,True,vandal,rifle,,,,KROSTALY,FUT Esports,kayo,True,100,50,0,0,0,3,False,vandal,rifle,,0.2944,0.4078,Chronicle,Team Vitality,chamber,False,,50,0,8,1,4,False,operator,sniper,,,,Derke,Team Vitality,neon,True,100,50,1,0,1,7,True,phantom,rifle,,0.1778,0.5111,Jamppi,Team Vitality,kayo,False,,25,1,2,0,4,False,unknown,unknown,,,,Sayonara,Team Vitality,sova,True,82,14,0,1,0,7,True,vandal,rifle,,0.1444,0.6044,PROFEK,Team Vitality,astra,True,100,50,1,0,0,2,False,phantom,rifle,,0.3889,0.7900
1295.177,2458,ACTIVE_ROUND,8,4,5,42.000,,,s0pp,FUT Esports,chamber,False,,27,0,7,0,5,False,operator,sniper,,,,xeus,FUT Esports,jett,True,100,25,2,1,1,3,False,vandal,rifle,,0.2611,0.4100,sociablEE,FUT Esports,fade,False,,50,0,0,0,4,False,unknown,unknown,,,,yetujey,FUT Esports,astra,False,,50,0,0,0,7,True,vandal,rifle,,,,KROSTALY,FUT Esports,kayo,True,100,50,0,0,0,3,False,vandal,rifle,,0.2944,0.3967,Chronicle,Team Vitality,chamber,False,,50,0,8,1,4,False,operator,sniper,,,,Derke,Team Vitality,neon,True,100,50,1,0,1,7,True,phantom,rifle,,0.1733,0.5089,Jamppi,Team Vitality,kayo,False,,25,1,2,0,4,False,unknown,unknown,,,,Sayonara,Team Vitality,sova,True,82,14,0,1,0,7,True,vandal,rifle,,0.1444,0.6044,PROFEK,Team Vitality,astra,True,100,50,1,0,0,2,False,phantom,rifle,,0.3333,0.7478
1295.661,2459,ACTIVE_ROUND,8,4,5,41.000,,,s0pp,FUT Esports,chamber,False,,27,0,7,0,5,False,operator,sniper,,,,xeus,FUT Esports,jett,True,100,25,2,1,1,3,False,vandal,rifle,,0.2611,0.4100,sociablEE,FUT Esports,fade,False,,50,0,0,0,4,False,unknown,unknown,,,,yetujey,FUT Esports,astra,False,,50,0,0,0,7,True,vandal,rifle,,,,KROSTALY,FUT Esports,kayo,True,100,50,0,0,0,3,False,vandal,rifle,,0.6611,0.3367,Chronicle,Team Vitality,chamber,False,,50,0,8,1,4,False,operator,sniper,,,,Derke,Team Vitality,neon,True,100,50,1,0,1,7,True,phantom,rifle,,0.1778,0.5111,Jamppi,Team Vitality,kayo,False,,25,1,2,0,4,False,unknown,unknown,,,,Sayonara,Team Vitality,sova,True,82,14,0,1,0,7,True,vandal,rifle,,0.1444,0.6044,PROFEK,Team Vitality,astra,True,100,50,1,0,0,2,False,phantom,rifle,,0.3222,0.7456
1296.145,2460,ACTIVE_ROUND,8,4,5,41.000,,,s0pp,FUT Esports,chamber,False,,27,0,7,0,5,False,operator,sniper,,,,xeus,FUT Esports,jett,True,100,25,2,1,1,3,False,vandal,rifle,,0.2611,0.4100,sociablEE,FUT Esports,fade,False,,50,0,0,0,4,False,unknown,unknown,,,,yetujey,FUT Esports,astra,False,,50,0,0,0,7,True,vandal,rifle,,,,KROSTALY,FUT Esports,kayo,True,100,50,0,0,0,3,False,vandal,rifle,,0.2433,0.3833,Chronicle,Team Vitality,chamber,False,,50,0,8,1,4,False,operator,sniper,,,,Derke,Team Vitality,neon,True,100,50,1,0,1,7,True,phantom,rifle,,0.1733,0.5089,Jamppi,Team Vitality,kayo,False,,25,1,2,0,4,False,unknown,unknown,,,,Sayonara,Team Vitality,sova,True,82,14,0,1,0,7,True,vandal,rifle,,0.1444,0.6044,PROFEK,Team Vitality,astra,True,100,50,1,0,0,2,False,phantom,rifle,,0.3156,0.7411
1296.629,2461,ACTIVE_ROUND,8,4,5,40.000,,,s0pp,FUT Esports,chamber,False,,27,0,7,0,5,False,operator,sniper,,,,xeus,FUT Esports,jett,True,100,25,2,1,1,3,False,vandal,rifle,,0.8411,0.4522,sociablEE,FUT Esports,fade,False,,50,0,0,0,4,False,unknown,unknown,,,,yetujey,FUT Esports,astra,False,,50,0,0,0,7,True,vandal,rifle,,,,KROSTALY,FUT Esports,kayo,True,100,50,0,0,0,3,False,vandal,rifle,,0.2922,0.3722,Chronicle,Team Vitality,chamber,False,,50,0,8,1,4,False,operator,sniper,,,,Derke,Team Vitality,neon,True,100,50,1,0,1,7,True,phantom,rifle,,0.1756,0.5111,Jamppi,Team Vitality,kayo,False,,25,1,2,0,4,False,unknown,unknown,,,,Sayonara,Team Vitality,sova,True,82,14,0,1,0,7,True,vandal,rifle,,0.1444,0.6044,PROFEK,Team Vitality,astra,True,100,50,1,0,0,2,False,phantom,rifle,,0.3133,0.7344
1297.112,2462,ACTIVE_ROUND,8,4,5,40.000,,,s0pp,FUT Esports,chamber,False,,27,0,7,0,5,False,operator,sniper,,,,xeus,FUT Esports,jett,True,100,25,2,1,1,3,False,vandal,rifle,,0.8367,0.4433,sociablEE,FUT Esports,fade,False,,50,0,0,0,4,False,unknown,unknown,,,,yetujey,FUT Esports,astra,False,,50,0,0,0,7,True,vandal,rifle,,,,KROSTALY,FUT Esports,kayo,True,100,50,0,0,0,3,False,vandal,rifle,,0.2900,0.3611,Chronicle,Team Vitality,chamber,False,,50,0,8,1,4,False,operator,sniper,,,,Derke,Team Vitality,neon,True,100,50,1,0,1,7,True,phantom,rifle,,0.1756,0.5111,Jamppi,Team Vitality,kayo,False,,25,1,2,0,4,False,unknown,unknown,,,,Sayonara,Team Vitality,sova,True,82,14,0,1,0,7,True,vandal,rifle,,0.1444,0.6044,PROFEK,Team Vitality,astra,True,100,50,1,0,0,2,False,phantom,rifle,,0.3089,0.7233
1297.596,2463,ACTIVE_ROUND,8,4,5,39.000,,,s0pp,FUT Esports,chamber,False,,27,0,7,0,5,False,operator,sniper,,,,xeus,FUT Esports,jett,True,100,25,2,1,1,3,False,vandal,rifle,,0.8278,0.4344,sociablEE,FUT Esports,fade,False,,50,0,0,0,4,False,unknown,unknown,,,,yetujey,FUT Esports,astra,False,,50,0,0,0,7,True,vandal,rifle,,,,KROSTALY,FUT Esports,kayo,True,100,50,0,0,0,3,False,vandal,rifle,,0.7967,0.4100,Chronicle,Team Vitality,chamber,False,,50,0,8,1,4,False,operator,sniper,,,,Derke,Team Vitality,neon,True,100,50,1,0,1,7,True,phantom,rifle,,0.1778,0.5111,Jamppi,Team Vitality,kayo,False,,25,1,2,0,4,False,unknown,unknown,,,,Sayonara,Team Vitality,sova,True,82,14,0,1,0,7,True,vandal,rifle,,0.1444,0.6044,PROFEK,Team Vitality,astra,True,100,50,1,0,0,2,False,phantom,rifle,,0.3022,0.7144
1298.080,2464,ACTIVE_ROUND,8,4,5,39.000,,,s0pp,FUT Esports,chamber,False,,27,0,7,0,5,False,operator,sniper,,,,xeus,FUT Esports,jett,True,100,25,2,1,1,3,False,vandal,rifle,,0.8233,0.4233,sociablEE,FUT Esports,fade,False,,50,0,0,0,4,False,unknown,unknown,,,,yetujey,FUT Esports,astra,False,,50,0,0,0,7,True,vandal,rifle,,,,KROSTALY,FUT Esports,kayo,True,100,50,0,0,0,3,False,vandal,rifle,,0.2856,0.3411,Chronicle,Team Vitality,chamber,False,,50,0,8,1,4,False,operator,sniper,,,,Derke,Team Vitality,neon,True,100,50,1,0,1,7,True,phantom,rifle,,0.1778,0.5111,Jamppi,Team Vitality,kayo,False,,25,1,2,0,4,False,unknown,unknown,,,,Sayonara,Team Vitality,sova,True,82,14,0,1,0,7,True,vandal,rifle,,0.1444,0.6044,PROFEK,Team Vitality,astra,True,100,50,0,0,0,2,False,phantom,rifle,,0.3022,0.7144
1298.564,2465,ACTIVE_ROUND,8,4,5,38.000,,,s0pp,FUT Esports,chamber,False,,27,0,7,0,5,False,operator,sniper,,,,xeus,FUT Esports,jett,True,100,25,2,1,1,3,False,vandal,rifle,,0.8189,0.4122,sociablEE,FUT Esports,fade,False,,50,0,0,0,4,False,unknown,unknown,,,,yetujey,FUT Esports,astra,False,,50,0,0,0,7,True,vandal,rifle,,,,KROSTALY,FUT Esports,kayo,True,100,50,0,0,0,3,False,vandal,rifle,,0.2833,0.3278,Chronicle,Team Vitality,chamber,False,,50,0,8,1,4,False,operator,sniper,,,,Derke,Team Vitality,neon,True,100,50,1,0,1,7,True,phantom,rifle,,0.1778,0.5111,Jamppi,Team Vitality,kayo,False,,25,1,2,0,4,False,unknown,unknown,,,,Sayonara,Team Vitality,sova,True,82,14,0,1,0,7,True,vandal,rifle,,0.1444,0.6044,PROFEK,Team Vitality,astra,True,100,50,0,0,0,2,False,phantom,rifle,,0.3022,0.7144
1299.048,2466,ACTIVE_ROUND,8,4,5,38.000,,,s0pp,FUT Esports,chamber,False,,27,0,7,0,5,False,operator,sniper,,,,xeus,FUT Esports,jett,True,100,25,2,1,1,3,False,vandal,rifle,,0.8122,0.4033,sociablEE,FUT Esports,fade,False,,50,0,0,0,4,False,unknown,unknown,,,,yetujey,FUT Esports,astra,False,,50,0,0,0,7,True,vandal,rifle,,,,KROSTALY,FUT Esports,kayo,True,100,50,0,0,0,3,False,vandal,rifle,,0.2767,0.3211,Chronicle,Team Vitality,chamber,False,,50,0,8,1,4,False,operator,sniper,,,,Derke,Team Vitality,neon,True,100,50,1,0,1,7,True,phantom,rifle,,0.1756,0.5111,Jamppi,Team Vitality,kayo,False,,25,1,2,0,4,False,unknown,unknown,,,,Sayonara,Team Vitality,sova,True,82,14,0,1,0,7,True,vandal,rifle,,0.1444,0.6044,PROFEK,Team Vitality,astra,True,100,50,0,0,0,2,False,phantom,rifle,,0.3022,0.7144
1299.532,2467,ACTIVE_ROUND,8,4,5,37.000,,,s0pp,FUT Esports,chamber,False,,27,0,7,0,5,False,operator,sniper,,,,xeus,FUT Esports,jett,True,100,25,2,1,1,3,False,vandal,rifle,,0.8100,0.3989,sociablEE,FUT Esports,fade,False,,50,0,0,0,4,False,unknown,unknown,,,,yetujey,FUT Esports,astra,False,,50,0,0,0,7,True,vandal,rifle,,,,KROSTALY,FUT Esports,kayo,True,100,50,0,0,0,3,False,vandal,rifle,,0.2678,0.3167,Chronicle,Team Vitality,chamber,False,,50,0,8,1,4,False,operator,sniper,,,,Derke,Team Vitality,neon,True,100,50,1,0,1,7,True,phantom,rifle,,0.1756,0.5111,Jamppi,Team Vitality,kayo,False,,25,1,2,0,4,False,unknown,unknown,,,,Sayonara,Team Vitality,sova,True,82,14,0,1,0,7,True,vandal,rifle,,0.1444,0.6044,PROFEK,Team Vitality,astra,True,100,50,0,0,0,2,False,phantom,rifle,,0.3022,0.7144
1300.015,2468,ACTIVE_ROUND,8,4,5,37.000,,,s0pp,FUT Esports,chamber,False,,27,0,7,0,5,False,operator,sniper,,,,xeus,FUT Esports,jett,True,100,25,2,1,1,3,False,vandal,rifle,,0.8078,0.3900,sociablEE,FUT Esports,fade,False,,50,0,0,0,4,False,unknown,unknown,,,,yetujey,FUT Esports,astra,False,,50,0,0,0,7,True,vandal,rifle,,,,KROSTALY,FUT Esports,kayo,True,100,50,0,0,0,3,False,vandal,rifle,,0.2589,0.3078,Chronicle,Team Vitality,chamber,False,,50,0,8,1,4,False,operator,sniper,,,,Derke,Team Vitality,neon,True,100,50,1,0,1,7,True,phantom,rifle,,0.1733,0.5111,Jamppi,Team Vitality,kayo,False,,25,1,2,0,4,False,unknown,unknown,,,,Sayonara,Team Vitality,sova,True,82,14,0,1,1,7,True,vandal,rifle,,0.1444,0.6044,PROFEK,Team Vitality,astra,True,100,50,1,1,0,2,False,phantom,rifle,,0.3022,0.7144
1300.499,2469,ACTIVE_ROUND,8,4,5,36.000,,,s0pp,FUT Esports,chamber,False,,27,0,7,0,5,False,operator,sniper,,,,xeus,FUT Esports,jett,True,100,25,2,1,1,3,False,vandal,rifle,,0.8011,0.3856,sociablEE,FUT Esports,fade,False,,50,0,0,0,4,False,unknown,unknown,,,,yetujey,FUT Esports,astra,False,,50,0,0,0,7,True,vandal,rifle,,,,KROSTALY,FUT Esports,kayo,True,100,50,0,0,0,3,False,vandal,rifle,,0.2544,0.3033,Chronicle,Team Vitality,chamber,False,,50,0,8,1,4,False,operator,sniper,,,,Derke,Team Vitality,neon,True,100,50,1,0,1,7,True,phantom,rifle,,0.1778,0.5111,Jamppi,Team Vitality,kayo,False,,25,1,2,0,4,False,unknown,unknown,,,,Sayonara,Team Vitality,sova,True,82,14,0,1,1,7,True,vandal,rifle,,0.1444,0.6044,PROFEK,Team Vitality,astra,True,100,50,1,1,0,2,False,phantom,rifle,,0.2400,0.7167
1300.983,2470,ACTIVE_ROUND,8,4,5,36.000,,,s0pp,FUT Esports,chamber,False,,27,0,7,0,5,False,operator,sniper,,,,xeus,FUT Esports,jett,True,100,25,2,1,1,3,False,vandal,rifle,,0.7944,0.3789,sociablEE,FUT Esports,fade,False,,50,0,0,0,4,False,unknown,unknown,,,,yetujey,FUT Esports,astra,False,,50,0,0,0,7,True,vandal,rifle,,,,KROSTALY,FUT Esports,kayo,True,100,50,0,0,0,3,False,vandal,rifle,,0.2544,0.3033,Chronicle,Team Vitality,chamber,False,,50,0,8,1,4,False,operator,sniper,,,,Derke,Team Vitality,neon,True,100,50,1,0,1,7,True,phantom,rifle,,0.1733,0.5111,Jamppi,Team Vitality,kayo,False,,25,1,2,0,4,False,unknown,unknown,,,,Sayonara,Team Vitality,sova,True,82,14,0,1,1,7,True,vandal,rifle,,0.1444,0.6089,PROFEK,Team Vitality,astra,True,100,50,1,1,0,2,False,phantom,rifle,,0.1467,0.4767
1301.467,2471,ACTIVE_ROUND,8,4,5,35.000,,,s0pp,FUT Esports,chamber,False,,27,0,7,0,5,False,operator,sniper,,,,xeus,FUT Esports,jett,True,100,25,2,1,1,3,False,vandal,rifle,,0.7833,0.3722,sociablEE,FUT Esports,fade,False,,50,0,0,0,4,False,unknown,unknown,,,,yetujey,FUT Esports,astra,False,,50,0,0,0,7,True,vandal,rifle,,,,KROSTALY,FUT Esports,kayo,True,100,50,0,0,0,3,False,vandal,rifle,,0.2544,0.3033,Chronicle,Team Vitality,chamber,False,,50,0,8,1,4,False,operator,sniper,,,,Derke,Team Vitality,neon,True,100,50,1,0,1,7,True,phantom,rifle,,0.1756,0.5111,Jamppi,Team Vitality,kayo,False,,25,1,2,0,4,False,unknown,unknown,,,,Sayonara,Team Vitality,sova,True,82,14,0,1,1,7,True,vandal,rifle,,0.1444,0.6089,PROFEK,Team Vitality,astra,True,100,50,1,1,0,2,False,phantom,rifle,,0.1467,0.4767
1301.951,2472,ACTIVE_ROUND,8,4,5,35.000,,,s0pp,FUT Esports,chamber,False,,27,0,7,0,5,False,operator,sniper,,,,xeus,FUT Esports,jett,True,100,25,2,1,1,3,False,vandal,rifle,,0.7744,0.3678,sociablEE,FUT Esports,fade,False,,50,0,0,0,4,False,unknown,unknown,,,,yetujey,FUT Esports,astra,False,,50,0,0,0,7,True,vandal,rifle,,,,KROSTALY,FUT Esports,kayo,True,100,50,0,0,0,3,False,vandal,rifle,,0.2544,0.3033,Chronicle,Team Vitality,chamber,False,,50,0,8,1,4,False,operator,sniper,,,,Derke,Team Vitality,neon,True,100,50,1,0,1,7,True,phantom,rifle,,0.1733,0.5178,Jamppi,Team Vitality,kayo,False,,25,1,2,0,4,False,unknown,unknown,,,,Sayonara,Team Vitality,sova,True,82,14,0,1,1,7,True,vandal,rifle,,0.1444,0.6089,PROFEK,Team Vitality,astra,True,100,50,1,1,0,2,False,phantom,rifle,,0.1467,0.4767
1302.434,2473,ACTIVE_ROUND,8,4,5,35.000,,,s0pp,FUT Esports,chamber,False,,27,0,7,0,5,False,operator,sniper,,,,xeus,FUT Esports,jett,True,100,25,2,1,1,3,False,vandal,rifle,,0.7678,0.3656,sociablEE,FUT Esports,fade,False,,50,0,0,0,4,False,unknown,unknown,,,,yetujey,FUT Esports,astra,False,,50,0,0,0,7,True,vandal,rifle,,,,KROSTALY,FUT Esports,kayo,True,100,50,0,0,0,3,False,vandal,rifle,,0.2544,0.3033,Chronicle,Team Vitality,chamber,False,,50,0,8,1,4,False,operator,sniper,,,,Derke,Team Vitality,neon,True,100,50,1,0,1,7,True,phantom,rifle,,0.1733,0.5200,Jamppi,Team Vitality,kayo,False,,25,1,2,0,4,False,unknown,unknown,,,,Sayonara,Team Vitality,sova,True,82,14,0,1,1,7,True,vandal,rifle,,0.1311,0.6067,PROFEK,Team Vitality,astra,True,100,50,1,1,0,2,False,phantom,rifle,,0.1467,0.4767
1302.918,2474,ACTIVE_ROUND,8,4,5,34.000,,,s0pp,FUT Esports,chamber,False,,27,0,7,0,5,False,operator,sniper,,,,xeus,FUT Esports,jett,True,100,25,2,1,1,3,False,vandal,rifle,,0.7656,0.3611,sociablEE,FUT Esports,fade,False,,50,0,0,0,4,False,unknown,unknown,,,,yetujey,FUT Esports,astra,False,,50,0,0,0,7,True,vandal,rifle,,,,KROSTALY,FUT Esports,kayo,True,100,50,0,0,0,3,False,vandal,rifle,,0.2544,0.3033,Chronicle,Team Vitality,chamber,False,,50,0,8,1,4,False,operator,sniper,,,,Derke,Team Vitality,neon,True,100,50,1,0,1,7,True,phantom,rifle,,0.1733,0.5200,Jamppi,Team Vitality,kayo,False,,25,1,2,0,4,False,unknown,unknown,,,,Sayonara,Team Vitality,sova,True,82,14,0,1,1,7,True,vandal,rifle,,0.1422,0.6111,PROFEK,Team Vitality,astra,True,100,50,1,1,0,2,False,phantom,rifle,,0.1467,0.4767
1303.402,2475,ACTIVE_ROUND,8,4,5,34.000,,,s0pp,FUT Esports,chamber,False,,27,0,7,0,5,False,operator,sniper,,,,xeus,FUT Esports,jett,True,100,25,2,1,1,3,False,vandal,rifle,,0.7544,0.3589,sociablEE,FUT Esports,fade,False,,50,0,0,0,4,False,unknown,unknown,,,,yetujey,FUT Esports,astra,False,,50,0,0,0,7,True,vandal,rifle,,,,KROSTALY,FUT Esports,kayo,True,100,50,0,0,0,3,False,vandal,rifle,,0.2544,0.3033,Chronicle,Team Vitality,chamber,False,,50,0,8,1,4,False,operator,sniper,,,,Derke,Team Vitality,neon,True,100,50,1,0,1,7,True,phantom,rifle,,0.1756,0.5178,Jamppi,Team Vitality,kayo,False,,25,1,2,0,4,False,unknown,unknown,,,,Sayonara,Team Vitality,sova,True,82,14,0,1,1,7,True,vandal,rifle,,0.1489,0.4978,PROFEK,Team Vitality,astra,True,100,50,1,1,0,2,False,phantom,rifle,,0.1467,0.4767
1303.886,2476,ACTIVE_ROUND,8,4,5,33.000,,,s0pp,FUT Esports,chamber,False,,27,0,7,0,5,False,operator,sniper,,,,xeus,FUT Esports,jett,True,100,25,2,1,1,3,False,vandal,rifle,,0.7456,0.3589,sociablEE,FUT Esports,fade,False,,50,0,0,0,4,False,unknown,unknown,,,,yetujey,FUT Esports,astra,False,,50,0,0,0,7,True,vandal,rifle,,,,KROSTALY,FUT Esports,kayo,True,100,50,0,0,0,3,False,vandal,rifle,,0.2544,0.3033,Chronicle,Team Vitality,chamber,False,,50,0,8,1,4,False,operator,sniper,,,,Derke,Team Vitality,neon,True,100,50,1,0,1,7,True,phantom,rifle,,0.1711,0.5178,Jamppi,Team Vitality,kayo,False,,25,1,2,0,4,False,unknown,unknown,,,,Sayonara,Team Vitality,sova,True,82,14,0,1,1,7,True,vandal,rifle,,0.1400,0.6222,PROFEK,Team Vitality,astra,True,100,50,1,1,0,2,False,phantom,rifle,,0.1467,0.4767
1304.370,2477,ACTIVE_ROUND,8,4,5,33.000,,,s0pp,FUT Esports,chamber,False,,27,0,7,0,5,False,operator,sniper,,,,xeus,FUT Esports,jett,True,100,25,2,1,1,3,False,vandal,rifle,,0.7367,0.3544,sociablEE,FUT Esports,fade,False,,50,0,0,0,4,False,unknown,unknown,,,,yetujey,FUT Esports,astra,False,,50,0,0,0,7,True,vandal,rifle,,,,KROSTALY,FUT Esports,kayo,True,100,50,0,0,0,3,False,vandal,rifle,,0.2500,0.3033,Chronicle,Team Vitality,chamber,False,,50,0,8,1,4,False,operator,sniper,,,,Derke,Team Vitality,neon,True,100,50,1,0,1,7,True,phantom,rifle,,0.1711,0.5156,Jamppi,Team Vitality,kayo,False,,25,1,2,0,4,False,unknown,unknown,,,,Sayonara,Team Vitality,sova,True,82,14,0,1,1,7,True,vandal,rifle,,0.1311,0.6178,PROFEK,Team Vitality,astra,True,100,50,1,1,0,2,False,phantom,rifle,,0.1467,0.4767
1304.854,2478,ACTIVE_ROUND,8,4,5,32.000,,,s0pp,FUT Esports,chamber,False,,27,0,7,0,5,False,operator,sniper,,,,xeus,FUT Esports,jett,True,100,25,2,1,1,3,False,vandal,rifle,,0.7322,0.3544,sociablEE,FUT Esports,fade,False,,50,0,0,0,4,False,unknown,unknown,,,,yetujey,FUT Esports,astra,False,,50,0,0,0,7,True,vandal,rifle,,,,KROSTALY,FUT Esports,kayo,True,100,50,0,0,0,3,False,vandal,rifle,,0.2389,0.3033,Chronicle,Team Vitality,chamber,False,,50,0,8,1,4,False,operator,sniper,,,,Derke,Team Vitality,neon,True,100,50,1,0,1,7,True,phantom,rifle,,0.1689,0.5156,Jamppi,Team Vitality,kayo,False,,25,1,2,0,4,False,unknown,unknown,,,,Sayonara,Team Vitality,sova,True,82,14,0,1,1,7,True,vandal,rifle,,0.1400,0.6200,PROFEK,Team Vitality,astra,True,100,50,1,1,0,2,False,phantom,rifle,,0.1467,0.4767
1305.337,2479,ACTIVE_ROUND,8,4,5,32.000,,,s0pp,FUT Esports,chamber,False,,27,0,7,0,5,False,operator,sniper,,,,xeus,FUT Esports,jett,True,100,25,2,1,1,3,False,vandal,rifle,,0.7256,0.3544,sociablEE,FUT Esports,fade,False,,50,0,0,0,4,False,unknown,unknown,,,,yetujey,FUT Esports,astra,False,,50,0,0,0,7,True,vandal,rifle,,,,KROSTALY,FUT Esports,kayo,True,100,50,0,0,0,3,False,vandal,rifle,,0.2389,0.3033,Chronicle,Team Vitality,chamber,False,,50,0,8,1,4,False,operator,sniper,,,,Derke,Team Vitality,neon,True,100,50,1,0,1,7,True,phantom,rifle,,0.1689,0.5156,Jamppi,Team Vitality,kayo,False,,25,1,2,0,4,False,unknown,unknown,,,,Sayonara,Team Vitality,sova,True,82,14,0,1,1,7,True,vandal,rifle,,0.1467,0.6267,PROFEK,Team Vitality,astra,True,100,50,1,1,0,2,False,phantom,rifle,,0.1467,0.4767
1305.821,2480,ACTIVE_ROUND,8,4,5,31.000,,,s0pp,FUT Esports,chamber,False,,27,0,7,0,5,False,operator,sniper,,,,xeus,FUT Esports,jett,True,100,25,2,1,0,3,False,vandal,rifle,,0.7167,0.3522,sociablEE,FUT Esports,fade,False,,50,0,0,0,4,False,unknown,unknown,,,,yetujey,FUT Esports,astra,False,,50,0,0,0,7,True,vandal,rifle,,,,KROSTALY,FUT Esports,kayo,True,100,50,0,0,0,3,False,vandal,rifle,,0.2389,0.3078,Chronicle,Team Vitality,chamber,False,,50,0,8,1,4,False,operator,sniper,,,,Derke,Team Vitality,neon,True,100,50,1,0,1,7,True,phantom,rifle,,0.1689,0.5156,Jamppi,Team Vitality,kayo,False,,25,1,2,0,4,False,unknown,unknown,,,,Sayonara,Team Vitality,sova,True,82,14,0,1,0,7,True,vandal,rifle,,0.1489,0.6400,PROFEK,Team Vitality,astra,True,100,50,1,1,0,2,False,phantom,rifle,,0.1467,0.4767
1306.305,2481,ACTIVE_ROUND,8,4,5,31.000,,,s0pp,FUT Esports,chamber,False,,27,0,7,0,5,False,operator,sniper,,,,xeus,FUT Esports,jett,True,100,25,2,1,0,3,False,vandal,rifle,,0.7078,0.3478,sociablEE,FUT Esports,fade,False,,50,0,0,0,4,False,unknown,unknown,,,,yetujey,FUT Esports,astra,False,,50,0,0,0,7,True,vandal,rifle,,,,KROSTALY,FUT Esports,kayo,True,100,50,0,0,0,3,False,vandal,rifle,,0.2456,0.3100,Chronicle,Team Vitality,chamber,False,,50,0,8,1,4,False,operator,sniper,,,,Derke,Team Vitality,neon,True,100,50,1,0,1,7,True,phantom,rifle,,0.1711,0.5178,Jamppi,Team Vitality,kayo,False,,25,1,2,0,4,False,unknown,unknown,,,,Sayonara,Team Vitality,sova,True,82,14,0,1,0,7,True,vandal,rifle,,0.1444,0.6489,PROFEK,Team Vitality,astra,True,100,50,1,1,0,2,False,phantom,rifle,,0.1467,0.4767
1306.789,2482,ACTIVE_ROUND,8,4,5,30.000,,,s0pp,FUT Esports,chamber,False,,27,0,7,0,5,False,operator,sniper,,,,xeus,FUT Esports,jett,True,100,25,2,1,0,3,False,vandal,rifle,,0.6989,0.3411,sociablEE,FUT Esports,fade,False,,50,0,0,0,4,False,unknown,unknown,,,,yetujey,FUT Esports,astra,False,,50,0,0,0,7,True,vandal,rifle,,,,KROSTALY,FUT Esports,kayo,True,100,50,0,0,0,3,False,vandal,rifle,,0.2567,0.3144,Chronicle,Team Vitality,chamber,False,,50,0,8,1,4,False,operator,sniper,,,,Derke,Team Vitality,neon,True,100,50,1,0,1,7,True,phantom,rifle,,0.1667,0.5156,Jamppi,Team Vitality,kayo,False,,25,1,2,0,4,False,unknown,unknown,,,,Sayonara,Team Vitality,sova,True,82,14,0,1,0,7,True,vandal,rifle,,0.1422,0.6578,PROFEK,Team Vitality,astra,True,100,50,1,1,0,2,False,phantom,rifle,,0.1467,0.4767
1307.273,2483,ACTIVE_ROUND,8,4,5,30.000,,,s0pp,FUT Esports,chamber,False,,27,0,7,0,5,False,operator,sniper,,,,xeus,FUT Esports,jett,True,100,25,2,1,0,3,False,vandal,rifle,,0.6878,0.3411,sociablEE,FUT Esports,fade,False,,50,0,0,0,4,False,unknown,unknown,,,,yetujey,FUT Esports,astra,False,,50,0,0,0,7,True,vandal,rifle,,,,KROSTALY,FUT Esports,kayo,True,100,50,0,0,0,3,False,vandal,rifle,,0.2678,0.3167,Chronicle,Team Vitality,chamber,False,,50,0,8,1,4,False,operator,sniper,,,,Derke,Team Vitality,neon,True,100,50,1,0,1,7,True,phantom,rifle,,0.1689,0.5156,Jamppi,Team Vitality,kayo,False,,25,1,2,0,4,False,unknown,unknown,,,,Sayonara,Team Vitality,sova,True,82,14,0,1,0,7,True,vandal,rifle,,0.1444,0.6622,PROFEK,Team Vitality,astra,True,100,50,1,1,0,2,False,phantom,rifle,,0.1467,0.4767
1307.756,2484,ACTIVE_ROUND,8,4,5,29.000,,,s0pp,FUT Esports,chamber,False,,27,0,7,0,5,False,operator,sniper,,,,xeus,FUT Esports,jett,True,100,25,2,1,0,3,False,vandal,rifle,,0.6833,0.3478,sociablEE,FUT Esports,fade,False,,50,0,0,0,4,False,unknown,unknown,,,,yetujey,FUT Esports,astra,False,,50,0,0,0,7,True,vandal,rifle,,,,KROSTALY,FUT Esports,kayo,True,100,50,0,0,0,3,False,vandal,rifle,,0.2789,0.3189,Chronicle,Team Vitality,chamber,False,,50,0,8,1,4,False,operator,sniper,,,,Derke,Team Vitality,neon,True,100,50,1,0,1,7,True,phantom,rifle,,0.1667,0.5156,Jamppi,Team Vitality,kayo,False,,25,1,2,0,4,False,unknown,unknown,,,,Sayonara,Team Vitality,sova,True,82,14,0,1,0,0,False,vandal,rifle,,0.1489,0.6689,PROFEK,Team Vitality,astra,True,100,50,1,0,1,2,False,phantom,rifle,,0.1467,0.4767
1308.240,2485,ACTIVE_ROUND,8,4,5,29.000,,,s0pp,FUT Esports,chamber,False,,27,0,7,0,5,False,operator,sniper,,,,xeus,FUT Esports,jett,True,100,25,2,1,0,3,False,vandal,rifle,,0.6856,0.3678,sociablEE,FUT Esports,fade,False,,50,0,0,0,4,False,unknown,unknown,,,,yetujey,FUT Esports,astra,False,,50,0,0,0,7,True,vandal,rifle,,,,KROSTALY,FUT Esports,kayo,True,100,50,0,0,0,3,False,vandal,rifle,,0.2789,0.3233,Chronicle,Team Vitality,chamber,False,,50,0,8,1,4,False,operator,sniper,,,,Derke,Team Vitality,neon,True,100,50,1,0,1,7,True,phantom,rifle,,0.1511,0.5089,Jamppi,Team Vitality,kayo,False,,25,1,2,0,4,False,unknown,unknown,,,,Sayonara,Team Vitality,sova,True,82,14,0,1,0,0,False,vandal,rifle,,0.1489,0.5711,PROFEK,Team Vitality,astra,True,100,50,1,0,1,2,False,phantom,rifle,,0.1467,0.4767
1308.724,2486,ACTIVE_ROUND,8,4,5,28.000,,,s0pp,FUT Esports,chamber,False,,27,0,7,0,5,False,operator,sniper,,,,xeus,FUT Esports,jett,True,100,25,2,1,0,3,False,vandal,rifle,,0.6856,0.3944,sociablEE,FUT Esports,fade,False,,50,0,0,0,4,False,unknown,unknown,,,,yetujey,FUT Esports,astra,False,,50,0,0,0,7,True,vandal,rifle,,,,KROSTALY,FUT Esports,kayo,True,100,50,0,0,0,3,False,vandal,rifle,,0.2722,0.3189,Chronicle,Team Vitality,chamber,False,,50,0,8,1,4,False,operator,sniper,,,,Derke,Team Vitality,neon,True,100,50,1,0,1,7,True,phantom,rifle,,0.1489,0.5067,Jamppi,Team Vitality,kayo,False,,25,1,2,0,4,False,unknown,unknown,,,,Sayonara,Team Vitality,sova,True,82,14,0,1,0,0,False,vandal,rifle,,0.1489,0.5711,PROFEK,Team Vitality,astra,True,100,50,1,0,1,2,False,phantom,rifle,,0.1689,0.5611
1309.208,2487,ACTIVE_ROUND,8,4,5,28.000,,,s0pp,FUT Esports,chamber,False,,27,0,7,0,5,False,operator,sniper,,,,xeus,FUT Esports,jett,True,100,25,2,1,0,3,False,vandal,rifle,,0.6900,0.4144,sociablEE,FUT Esports,fade,False,,50,0,0,0,4,False,unknown,unknown,,,,yetujey,FUT Esports,astra,False,,50,0,0,0,7,True,vandal,rifle,,,,KROSTALY,FUT Esports,kayo,True,100,50,0,0,0,3,False,vandal,rifle,,0.2833,0.3256,Chronicle,Team Vitality,chamber,False,,50,0,8,1,4,False,operator,sniper,,,,Derke,Team Vitality,neon,True,100,50,1,0,1,7,True,phantom,rifle,,0.1467,0.5067,Jamppi,Team Vitality,kayo,False,,25,1,2,0,4,False,unknown,unknown,,,,Sayonara,Team Vitality,sova,True,82,14,0,1,0,0,False,vandal,rifle,,0.1489,0.6756,PROFEK,Team Vitality,astra,True,100,50,1,0,1,2,False,phantom,rifle,,0.1689,0.5611
1309.692,2488,ACTIVE_ROUND,8,4,5,27.000,,,s0pp,FUT Esports,chamber,False,,27,0,7,0,5,False,operator,sniper,,,,xeus,FUT Esports,jett,True,100,25,2,1,0,3,False,vandal,rifle,,0.6767,0.4322,sociablEE,FUT Esports,fade,False,,50,0,0,0,4,False,unknown,unknown,,,,yetujey,FUT Esports,astra,False,,50,0,0,0,7,True,vandal,rifle,,,,KROSTALY,FUT Esports,kayo,True,100,50,0,0,0,3,False,vandal,rifle,,0.2900,0.3322,Chronicle,Team Vitality,chamber,False,,50,0,8,1,4,False,operator,sniper,,,,Derke,Team Vitality,neon,True,100,50,1,0,1,7,True,phantom,rifle,,0.1467,0.5044,Jamppi,Team Vitality,kayo,False,,25,1,2,0,4,False,unknown,unknown,,,,Sayonara,Team Vitality,sova,True,82,14,0,1,0,0,False,vandal,rifle,,0.1511,0.6667,PROFEK,Team Vitality,astra,True,100,50,1,0,0,2,False,phantom,rifle,,0.1422,0.5344
1310.176,2489,ACTIVE_ROUND,8,4,5,27.000,,,s0pp,FUT Esports,chamber,False,,27,0,7,0,5,False,operator,sniper,,,,xeus,FUT Esports,jett,True,100,25,2,1,0,3,False,vandal,rifle,,0.3144,0.3633,sociablEE,FUT Esports,fade,False,,50,0,0,0,4,False,unknown,unknown,,,,yetujey,FUT Esports,astra,False,,50,0,0,0,7,True,vandal,rifle,,,,KROSTALY,FUT Esports,kayo,True,100,50,0,0,0,3,False,vandal,rifle,,0.2989,0.3389,Chronicle,Team Vitality,chamber,False,,50,0,8,1,4,False,operator,sniper,,,,Derke,Team Vitality,neon,True,100,50,1,0,1,7,True,phantom,rifle,,0.1467,0.5067,Jamppi,Team Vitality,kayo,False,,25,1,2,0,4,False,unknown,unknown,,,,Sayonara,Team Vitality,sova,True,82,14,0,1,0,0,False,vandal,rifle,,0.1533,0.6689,PROFEK,Team Vitality,astra,True,100,50,1,0,0,2,False,phantom,rifle,,0.1422,0.5344
1310.659,2490,ACTIVE_ROUND,8,4,5,26.000,,,s0pp,FUT Esports,chamber,False,,27,0,7,0,5,False,operator,sniper,,,,xeus,FUT Esports,jett,True,100,25,2,1,0,3,False,vandal,rifle,,0.3144,0.3633,sociablEE,FUT Esports,fade,False,,50,0,0,0,4,False,unknown,unknown,,,,yetujey,FUT Esports,astra,False,,50,0,0,0,7,True,vandal,rifle,,,,KROSTALY,FUT Esports,kayo,True,100,50,0,0,0,3,False,vandal,rifle,,0.1078,0.5589,Chronicle,Team Vitality,chamber,False,,50,0,8,1,4,False,operator,sniper,,,,Derke,Team Vitality,neon,False,,50,1,0,1,7,True,phantom,rifle,,0.1467,0.5067,Jamppi,Team Vitality,kayo,False,,25,1,2,0,4,False,unknown,unknown,,,,Sayonara,Team Vitality,sova,True,82,14,0,1,0,0,False,vandal,rifle,,0.1533,0.6689,PROFEK,Team Vitality,astra,True,100,50,1,0,0,2,False,phantom,rifle,,0.1311,0.5211
1311.143,2491,ACTIVE_ROUND,8,4,5,26.000,,,s0pp,FUT Esports,chamber,False,,27,0,7,0,5,False,operator,sniper,,,,xeus,FUT Esports,jett,True,100,25,2,1,0,3,False,vandal,rifle,,0.3144,0.3633,sociablEE,FUT Esports,fade,False,,50,0,0,0,4,False,unknown,unknown,,,,yetujey,FUT Esports,astra,False,,50,0,0,0,7,True,vandal,rifle,,,,KROSTALY,FUT Esports,kayo,True,100,50,0,0,0,3,False,vandal,rifle,,0.5922,0.4211,Chronicle,Team Vitality,chamber,False,,50,0,8,1,4,False,operator,sniper,,,,Derke,Team Vitality,neon,False,,50,1,0,1,7,True,phantom,rifle,,,,Jamppi,Team Vitality,kayo,False,,25,1,2,0,4,False,unknown,unknown,,,,Sayonara,Team Vitality,sova,True,82,14,0,1,0,0,False,vandal,rifle,,0.1200,0.7022,PROFEK,Team Vitality,astra,True,100,50,1,0,0,2,False,phantom,rifle,,0.1311,0.5211
1311.627,2492,ACTIVE_ROUND,8,4,5,25.000,,,s0pp,FUT Esports,chamber,False,,27,0,7,0,5,False,operator,sniper,,,,xeus,FUT Esports,jett,True,100,25,2,1,0,3,False,vandal,rifle,,0.6100,0.3944,sociablEE,FUT Esports,fade,False,,50,0,0,0,4,False,unknown,unknown,,,,yetujey,FUT Esports,astra,False,,50,0,0,0,7,True,vandal,rifle,,,,KROSTALY,FUT Esports,kayo,True,36,50,0,0,0,4,False,vandal,rifle,,0.5922,0.4189,Chronicle,Team Vitality,chamber,False,,50,0,8,1,4,False,operator,sniper,,,,Derke,Team Vitality,neon,False,,50,1,0,1,7,True,phantom,rifle,,,,Jamppi,Team Vitality,kayo,False,,25,1,2,0,4,False,unknown,unknown,,,,Sayonara,Team Vitality,sova,True,82,14,0,1,0,0,False,vandal,rifle,,0.1467,0.6756,PROFEK,Team Vitality,astra,True,100,50,0,0,0,2,False,phantom,rifle,,0.3311,0.8056
1312.111,2493,ACTIVE_ROUND,8,4,5,25.000,,,s0pp,FUT Esports,chamber,False,,27,0,7,0,5,False,operator,sniper,,,,xeus,FUT Esports,jett,True,100,25,2,1,0,3,False,vandal,rifle,,0.5767,0.3900,sociablEE,FUT Esports,fade,False,,50,0,0,0,4,False,unknown,unknown,,,,yetujey,FUT Esports,astra,False,,50,0,0,0,7,True,vandal,rifle,,,,KROSTALY,FUT Esports,kayo,True,36,50,0,0,0,4,False,vandal,rifle,,0.5211,0.3700,Chronicle,Team Vitality,chamber,False,,50,0,8,1,4,False,operator,sniper,,,,Derke,Team Vitality,neon,False,,50,1,0,1,7,True,phantom,rifle,,,,Jamppi,Team Vitality,kayo,False,,25,1,2,0,4,False,unknown,unknown,,,,Sayonara,Team Vitality,sova,True,82,14,0,1,0,0,False,vandal,rifle,,0.6378,0.9000,PROFEK,Team Vitality,astra,True,100,50,0,0,0,2,False,phantom,rifle,,0.3311,0.8056
1312.595,2494,ACTIVE_ROUND,8,4,5,24.000,,,s0pp,FUT Esports,chamber,False,,27,0,7,0,5,False,operator,sniper,,,,xeus,FUT Esports,jett,True,100,25,2,1,0,3,False,vandal,rifle,,0.5767,0.3900,sociablEE,FUT Esports,fade,False,,50,0,0,0,4,False,unknown,unknown,,,,yetujey,FUT Esports,astra,False,,50,0,0,0,7,True,vandal,rifle,,,,KROSTALY,FUT Esports,kayo,True,36,50,0,0,0,4,False,vandal,rifle,,0.2633,0.3167,Chronicle,Team Vitality,chamber,False,,50,0,8,1,4,False,operator,sniper,,,,Derke,Team Vitality,neon,False,,50,1,0,1,7,True,phantom,rifle,,,,Jamppi,Team Vitality,kayo,False,,25,1,2,0,4,False,unknown,unknown,,,,Sayonara,Team Vitality,sova,True,82,14,0,1,0,0,False,vandal,rifle,,0.6378,0.9000,PROFEK,Team Vitality,astra,True,100,50,0,0,0,2,False,phantom,rifle,,0.3311,0.8056
1313.078,2495,ACTIVE_ROUND,8,4,5,24.000,,,s0pp,FUT Esports,chamber,False,,27,0,7,0,5,False,operator,sniper,,,,xeus,FUT Esports,jett,True,100,25,2,1,0,3,False,vandal,rifle,,0.5767,0.3900,sociablEE,FUT Esports,fade,False,,50,0,0,0,4,False,unknown,unknown,,,,yetujey,FUT Esports,astra,False,,50,0,0,0,7,True,vandal,rifle,,,,KROSTALY,FUT Esports,kayo,False,,50,0,0,0,4,False,vandal,rifle,,0.7633,0.6878,Chronicle,Team Vitality,chamber,False,,50,0,8,1,4,False,operator,sniper,,,,Derke,Team Vitality,neon,False,,50,1,0,1,7,True,phantom,rifle,,,,Jamppi,Team Vitality,kayo,False,,25,1,2,0,4,False,unknown,unknown,,,,Sayonara,Team Vitality,sova,True,82,14,0,1,0,0,False,vandal,rifle,,0.6378,0.9000,PROFEK,Team Vitality,astra,True,100,50,0,0,0,2,False,phantom,rifle,,0.3311,0.8056
1313.562,2496,ACTIVE_ROUND,8,4,5,23.000,,,s0pp,FUT Esports,chamber,False,,27,0,7,0,5,False,operator,sniper,,,,xeus,FUT Esports,jett,True,100,25,2,1,0,3,False,vandal,rifle,,0.4878,0.4478,sociablEE,FUT Esports,fade,False,,50,0,0,0,4,False,unknown,unknown,,,,yetujey,FUT Esports,astra,False,,50,0,0,0,7,True,vandal,rifle,,,,KROSTALY,FUT Esports,kayo,False,,50,0,0,0,4,False,vandal,rifle,,,,Chronicle,Team Vitality,chamber,False,,50,0,8,1,4,False,operator,sniper,,,,Derke,Team Vitality,neon,False,,50,1,0,1,7,True,phantom,rifle,,,,Jamppi,Team Vitality,kayo,False,,25,1,2,0,4,False,unknown,unknown,,,,Sayonara,Team Vitality,sova,True,82,14,0,1,0,0,False,vandal,rifle,,0.6378,0.9000,PROFEK,Team Vitality,astra,True,100,50,1,0,0,2,False,phantom,rifle,,0.3311,0.8056
1314.046,2497,ACTIVE_ROUND,8,4,5,23.000,,,s0pp,FUT Esports,chamber,False,,27,0,7,0,5,False,operator,sniper,,,,xeus,FUT Esports,jett,True,100,25,2,1,0,3,False,vandal,rifle,,0.4833,0.4678,sociablEE,FUT Esports,fade,False,,50,0,0,0,4,False,unknown,unknown,,,,yetujey,FUT Esports,astra,False,,50,0,0,0,7,True,vandal,rifle,,,,KROSTALY,FUT Esports,kayo,False,,50,0,0,0,4,False,vandal,rifle,,,,Chronicle,Team Vitality,chamber,False,,50,0,8,1,4,False,operator,sniper,,,,Derke,Team Vitality,neon,False,,50,1,0,1,7,True,phantom,rifle,,,,Jamppi,Team Vitality,kayo,False,,25,1,2,0,4,False,unknown,unknown,,,,Sayonara,Team Vitality,sova,True,82,14,0,1,0,0,False,vandal,rifle,,0.6378,0.9000,PROFEK,Team Vitality,astra,True,100,50,1,0,0,2,False,phantom,rifle,,0.3311,0.8056
1314.530,2498,ACTIVE_ROUND,8,4,5,22.000,,,s0pp,FUT Esports,chamber,False,,27,0,7,0,5,False,operator,sniper,,,,xeus,FUT Esports,jett,True,100,25,2,1,0,3,False,vandal,rifle,,0.4722,0.4900,sociablEE,FUT Esports,fade,False,,50,0,0,0,4,False,unknown,unknown,,,,yetujey,FUT Esports,astra,False,,50,0,0,0,7,True,vandal,rifle,,,,KROSTALY,FUT Esports,kayo,False,,50,0,0,0,4,False,vandal,rifle,,,,Chronicle,Team Vitality,chamber,False,,50,0,8,1,4,False,operator,sniper,,,,Derke,Team Vitality,neon,False,,50,1,0,1,7,True,phantom,rifle,,,,Jamppi,Team Vitality,kayo,False,,25,1,2,0,4,False,unknown,unknown,,,,Sayonara,Team Vitality,sova,True,82,14,0,1,0,0,False,vandal,rifle,,0.1333,0.6533,PROFEK,Team Vitality,astra,True,100,50,1,0,0,2,False,phantom,rifle,,0.3311,0.8056
1315.014,2499,ACTIVE_ROUND,8,4,5,22.000,,,s0pp,FUT Esports,chamber,False,,27,0,7,0,5,False,operator,sniper,,,,xeus,FUT Esports,jett,True,100,25,2,1,0,3,False,vandal,rifle,,0.4567,0.5078,sociablEE,FUT Esports,fade,False,,50,0,0,0,4,False,unknown,unknown,,,,yetujey,FUT Esports,astra,False,,50,0,0,0,7,True,vandal,rifle,,,,KROSTALY,FUT Esports,kayo,False,,50,0,0,0,4,False,vandal,rifle,,,,Chronicle,Team Vitality,chamber,False,,50,0,8,1,4,False,operator,sniper,,,,Derke,Team Vitality,neon,False,,50,1,0,1,7,True,phantom,rifle,,,,Jamppi,Team Vitality,kayo,False,,25,1,2,0,4,False,unknown,unknown,,,,Sayonara,Team Vitality,sova,True,82,14,0,1,0,0,False,vandal,rifle,,0.1333,0.6356,PROFEK,Team Vitality,astra,True,100,50,1,0,0,2,False,phantom,rifle,,0.3311,0.8056
1315.498,2500,ACTIVE_ROUND,8,4,5,21.000,,,s0pp,FUT Esports,chamber,False,,27,0,7,0,5,False,operator,sniper,,,,xeus,FUT Esports,jett,True,100,25,2,1,0,3,False,vandal,rifle,,0.4433,0.5122,sociablEE,FUT Esports,fade,False,,50,0,0,0,4,False,unknown,unknown,,,,yetujey,FUT Esports,astra,False,,50,0,0,0,7,True,vandal,rifle,,,,KROSTALY,FUT Esports,kayo,False,,50,0,0,0,4,False,vandal,rifle,,,,Chronicle,Team Vitality,chamber,False,,50,0,8,1,4,False,operator,sniper,,,,Derke,Team Vitality,neon,False,,50,1,0,1,7,True,phantom,rifle,,,,Jamppi,Team Vitality,kayo,False,,25,1,2,0,4,False,unknown,unknown,,,,Sayonara,Team Vitality,sova,True,82,14,0,1,0,0,False,vandal,rifle,,0.1289,0.6222,PROFEK,Team Vitality,astra,True,100,50,1,0,0,2,False,phantom,rifle,,0.3311,0.8056
1315.981,2501,ACTIVE_ROUND,8,4,5,21.000,,,s0pp,FUT Esports,chamber,False,,27,0,7,0,5,False,operator,sniper,,,,xeus,FUT Esports,jett,True,100,25,2,1,0,3,False,vandal,rifle,,0.4278,0.5122,sociablEE,FUT Esports,fade,False,,50,0,0,0,4,False,unknown,unknown,,,,yetujey,FUT Esports,astra,False,,50,0,0,0,7,True,vandal,rifle,,,,KROSTALY,FUT Esports,kayo,False,,50,0,0,0,4,False,vandal,rifle,,,,Chronicle,Team Vitality,chamber,False,,50,0,8,1,4,False,operator,sniper,,,,Derke,Team Vitality,neon,False,,50,1,0,1,7,True,phantom,rifle,,,,Jamppi,Team Vitality,kayo,False,,25,1,2,0,4,False,unknown,unknown,,,,Sayonara,Team Vitality,sova,True,82,14,0,1,0,0,False,vandal,rifle,,0.1311,0.6044,PROFEK,Team Vitality,astra,True,100,50,1,0,0,2,False,phantom,rifle,,0.3311,0.8056
1316.465,2502,ACTIVE_ROUND,8,4,5,20.000,,,s0pp,FUT Esports,chamber,False,,27,0,7,0,5,False,operator,sniper,,,,xeus,FUT Esports,jett,True,100,25,2,1,0,3,False,vandal,rifle,,0.4144,0.5122,sociablEE,FUT Esports,fade,False,,50,0,0,0,4,False,unknown,unknown,,,,yetujey,FUT Esports,astra,False,,50,0,0,0,7,True,vandal,rifle,,,,KROSTALY,FUT Esports,kayo,False,,50,0,0,0,4,False,vandal,rifle,,,,Chronicle,Team Vitality,chamber,False,,50,0,8,1,4,False,operator,sniper,,,,Derke,Team Vitality,neon,False,,50,1,0,1,7,True,phantom,rifle,,,,Jamppi,Team Vitality,kayo,False,,25,1,2,0,4,False,unknown,unknown,,,,Sayonara,Team Vitality,sova,True,82,14,0,1,0,0,False,vandal,rifle,,0.1311,0.5867,PROFEK,Team Vitality,astra,True,100,50,1,0,0,2,False,phantom,rifle,,0.3311,0.8056
1316.949,2503,ACTIVE_ROUND,8,4,5,20.000,,,s0pp,FUT Esports,chamber,False,,27,0,7,0,5,False,operator,sniper,,,,xeus,FUT Esports,jett,True,100,25,2,1,0,3,False,vandal,rifle,,0.4011,0.5144,sociablEE,FUT Esports,fade,False,,50,0,0,0,4,False,unknown,unknown,,,,yetujey,FUT Esports,astra,False,,50,0,0,0,7,True,vandal,rifle,,,,KROSTALY,FUT Esports,kayo,False,,50,0,0,0,4,False,vandal,rifle,,,,Chronicle,Team Vitality,chamber,False,,50,0,8,1,4,False,operator,sniper,,,,Derke,Team Vitality,neon,False,,50,1,0,1,7,True,phantom,rifle,,,,Jamppi,Team Vitality,kayo,False,,25,1,2,0,4,False,unknown,unknown,,,,Sayonara,Team Vitality,sova,True,82,14,0,1,0,0,False,vandal,rifle,,0.1289,0.5667,PROFEK,Team Vitality,astra,True,100,50,1,0,0,2,False,phantom,rifle,,0.3311,0.8056
1317.433,2504,ACTIVE_ROUND,8,4,5,20.000,,,s0pp,FUT Esports,chamber,False,,27,0,7,0,5,False,operator,sniper,,,,xeus,FUT Esports,jett,True,100,25,2,1,0,3,False,vandal,rifle,,0.3856,0.5144,sociablEE,FUT Esports,fade,False,,50,0,0,0,4,False,unknown,unknown,,,,yetujey,FUT Esports,astra,False,,50,0,0,0,7,True,vandal,rifle,,,,KROSTALY,FUT Esports,kayo,False,,50,0,0,0,4,False,vandal,rifle,,,,Chronicle,Team Vitality,chamber,False,,50,0,8,1,4,False,operator,sniper,,,,Derke,Team Vitality,neon,False,,50,1,0,1,7,True,phantom,rifle,,,,Jamppi,Team Vitality,kayo,False,,25,1,2,0,4,False,unknown,unknown,,,,Sayonara,Team Vitality,sova,True,82,14,0,1,0,0,False,vandal,rifle,,0.1267,0.5489,PROFEK,Team Vitality,astra,True,100,50,1,0,0,2,False,phantom,rifle,,0.3311,0.8056
1317.917,2505,ACTIVE_ROUND,8,4,5,19.000,,,s0pp,FUT Esports,chamber,False,,27,0,7,0,5,False,operator,sniper,,,,xeus,FUT Esports,jett,True,100,25,2,1,0,3,False,vandal,rifle,,0.3722,0.5144,sociablEE,FUT Esports,fade,False,,50,0,0,0,4,False,unknown,unknown,,,,yetujey,FUT Esports,astra,False,,50,0,0,0,7,True,vandal,rifle,,,,KROSTALY,FUT Esports,kayo,False,,50,0,0,0,4,False,vandal,rifle,,,,Chronicle,Team Vitality,chamber,False,,50,0,8,1,4,False,operator,sniper,,,,Derke,Team Vitality,neon,False,,50,1,0,1,7,True,phantom,rifle,,,,Jamppi,Team Vitality,kayo,False,,25,1,2,0,4,False,unknown,unknown,,,,Sayonara,Team Vitality,sova,True,82,14,0,1,0,0,False,vandal,rifle,,0.1200,0.5311,PROFEK,Team Vitality,astra,True,100,50,1,0,0,2,False,phantom,rifle,,0.3311,0.8056
1318.400,2506,ACTIVE_ROUND,8,4,5,19.000,,,s0pp,FUT Esports,chamber,False,,27,0,7,0,5,False,operator,sniper,,,,xeus,FUT Esports,jett,True,100,25,2,1,0,3,False,vandal,rifle,,0.3589,0.5167,sociablEE,FUT Esports,fade,False,,50,0,0,0,4,False,unknown,unknown,,,,yetujey,FUT Esports,astra,False,,50,0,0,0,7,True,vandal,rifle,,,,KROSTALY,FUT Esports,kayo,False,,50,0,0,0,4,False,vandal,rifle,,,,Chronicle,Team Vitality,chamber,False,,50,0,8,1,4,False,operator,sniper,,,,Derke,Team Vitality,neon,False,,50,1,0,1,7,True,phantom,rifle,,,,Jamppi,Team Vitality,kayo,False,,25,1,2,0,4,False,unknown,unknown,,,,Sayonara,Team Vitality,sova,True,82,14,0,1,0,0,False,vandal,rifle,,0.1200,0.5289,PROFEK,Team Vitality,astra,True,100,50,1,0,0,2,False,phantom,rifle,,0.3311,0.8056
1319.368,2508,ACTIVE_ROUND,8,4,5,,0.000,,s0pp,FUT Esports,chamber,False,,27,0,7,0,5,False,operator,sniper,,,,xeus,FUT Esports,jett,True,100,25,2,1,0,3,False,vandal,rifle,,0.3344,0.5211,sociablEE,FUT Esports,fade,False,,50,0,0,0,4,False,unknown,unknown,,,,yetujey,FUT Esports,astra,False,,50,0,0,0,7,True,vandal,rifle,,,,KROSTALY,FUT Esports,kayo,False,,50,0,0,0,4,False,vandal,rifle,,,,Chronicle,Team Vitality,chamber,False,,50,0,8,1,4,False,operator,sniper,,,,Derke,Team Vitality,neon,False,,50,1,0,1,7,True,phantom,rifle,,,,Jamppi,Team Vitality,kayo,False,,25,1,2,0,4,False,unknown,unknown,,,,Sayonara,Team Vitality,sova,True,82,14,0,1,0,0,False,vandal,rifle,,0.9756,0.5222,PROFEK,Team Vitality,astra,True,100,50,0,0,0,3,False,phantom,rifle,,0.3311,0.8056
1319.852,2509,ACTIVE_ROUND,8,4,5,,0.484,,s0pp,FUT Esports,chamber,False,,27,0,7,0,5,False,operator,sniper,,,,xeus,FUT Esports,jett,True,100,25,2,1,0,3,False,vandal,rifle,,0.3211,0.5189,sociablEE,FUT Esports,fade,False,,50,0,0,0,4,False,unknown,unknown,,,,yetujey,FUT Esports,astra,False,,50,0,0,0,7,True,vandal,rifle,,,,KROSTALY,FUT Esports,kayo,False,,50,0,0,0,4,False,vandal,rifle,,,,Chronicle,Team Vitality,chamber,False,,50,0,8,1,4,False,operator,sniper,,,,Derke,Team Vitality,neon,False,,50,1,0,1,7,True,phantom,rifle,,,,Jamppi,Team Vitality,kayo,False,,25,1,2,0,4,False,unknown,unknown,,,,Sayonara,Team Vitality,sova,True,82,14,0,1,0,0,False,vandal,rifle,,0.1178,0.5733,PROFEK,Team Vitality,astra,True,100,50,0,0,0,3,False,phantom,rifle,,0.3311,0.8056
1320.336,2510,ACTIVE_ROUND,8,4,5,,0.968,,s0pp,FUT Esports,chamber,False,,27,0,7,0,5,False,operator,sniper,,,,xeus,FUT Esports,jett,True,100,25,2,1,0,3,False,vandal,rifle,,0.3122,0.5167,sociablEE,FUT Esports,fade,False,,50,0,0,0,4,False,unknown,unknown,,,,yetujey,FUT Esports,astra,False,,50,0,0,0,7,True,vandal,rifle,,,,KROSTALY,FUT Esports,kayo,False,,50,0,0,0,4,False,vandal,rifle,,,,Chronicle,Team Vitality,chamber,False,,50,0,8,1,4,False,operator,sniper,,,,Derke,Team Vitality,neon,False,,50,1,0,1,7,True,phantom,rifle,,,,Jamppi,Team Vitality,kayo,False,,25,1,2,0,4,False,unknown,unknown,,,,Sayonara,Team Vitality,sova,True,82,14,0,1,0,0,False,vandal,rifle,,0.1178,0.5844,PROFEK,Team Vitality,astra,True,100,50,0,0,0,3,False,phantom,rifle,,0.3311,0.8056
1320.820,2511,ACTIVE_ROUND,8,4,5,,1.451,,s0pp,FUT Esports,chamber,False,,27,0,7,0,5,False,operator,sniper,,,,xeus,FUT Esports,jett,True,100,25,2,1,0,3,False,vandal,rifle,,0.3033,0.5122,sociablEE,FUT Esports,fade,False,,50,0,0,0,4,False,unknown,unknown,,,,yetujey,FUT Esports,astra,False,,50,0,0,0,7,True,vandal,rifle,,,,KROSTALY,FUT Esports,kayo,False,,50,0,0,0,4,False,vandal,rifle,,,,Chronicle,Team Vitality,chamber,False,,50,0,8,1,4,False,operator,sniper,,,,Derke,Team Vitality,neon,False,,50,1,0,1,7,True,phantom,rifle,,,,Jamppi,Team Vitality,kayo,False,,25,1,2,0,4,False,unknown,unknown,,,,Sayonara,Team Vitality,sova,True,82,14,0,1,0,0,False,vandal,rifle,,0.1200,0.5978,PROFEK,Team Vitality,astra,True,100,50,0,0,0,3,False,phantom,rifle,,0.3311,0.8056
1321.303,2512,ACTIVE_ROUND,8,4,5,,1.935,,s0pp,FUT Esports,chamber,False,,27,0,7,0,5,False,operator,sniper,,,,xeus,FUT Esports,jett,True,100,25,2,1,0,3,False,vandal,rifle,,0.2944,0.5100,sociablEE,FUT Esports,fade,False,,50,0,0,0,4,False,unknown,unknown,,,,yetujey,FUT Esports,astra,False,,50,0,0,0,7,True,vandal,rifle,,,,KROSTALY,FUT Esports,kayo,False,,50,0,0,0,4,False,vandal,rifle,,,,Chronicle,Team Vitality,chamber,False,,50,0,8,1,4,False,operator,sniper,,,,Derke,Team Vitality,neon,False,,50,1,0,1,7,True,phantom,rifle,,,,Jamppi,Team Vitality,kayo,False,,25,1,2,0,4,False,unknown,unknown,,,,Sayonara,Team Vitality,sova,True,82,14,0,1,0,0,False,vandal,rifle,,0.1200,0.6089,PROFEK,Team Vitality,astra,True,100,50,0,0,0,3,False,phantom,rifle,,0.3311,0.8056
1321.787,2513,ACTIVE_ROUND,8,4,5,,2.419,,s0pp,FUT Esports,chamber,False,,27,0,7,0,5,False,operator,sniper,,,,xeus,FUT Esports,jett,True,100,25,2,1,0,3,False,vandal,rifle,,0.2922,0.5056,sociablEE,FUT Esports,fade,False,,50,0,0,0,4,False,unknown,unknown,,,,yetujey,FUT Esports,astra,False,,50,0,0,0,7,True,vandal,rifle,,,,KROSTALY,FUT Esports,kayo,False,,50,0,0,0,4,False,vandal,rifle,,,,Chronicle,Team Vitality,chamber,False,,50,0,8,1,4,False,operator,sniper,,,,Derke,Team Vitality,neon,False,,50,1,0,1,7,True,phantom,rifle,,,,Jamppi,Team Vitality,kayo,False,,25,1,2,0,4,False,unknown,unknown,,,,Sayonara,Team Vitality,sova,True,82,14,0,1,0,0,False,vandal,rifle,,0.1200,0.6200,PROFEK,Team Vitality,astra,True,100,50,0,0,0,3,False,phantom,rifle,,0.3311,0.8056
1322.271,2514,ACTIVE_ROUND,8,4,5,,2.903,,s0pp,FUT Esports,chamber,False,,27,0,7,0,5,False,operator,sniper,,,,xeus,FUT Esports,jett,True,100,25,2,1,0,3,False,vandal,rifle,,0.2922,0.4944,sociablEE,FUT Esports,fade,False,,50,0,0,0,4,False,unknown,unknown,,,,yetujey,FUT Esports,astra,False,,50,0,0,0,7,True,vandal,rifle,,,,KROSTALY,FUT Esports,kayo,False,,50,0,0,0,4,False,vandal,rifle,,,,Chronicle,Team Vitality,chamber,False,,50,0,8,1,4,False,operator,sniper,,,,Derke,Team Vitality,neon,False,,50,1,0,1,7,True,phantom,rifle,,,,Jamppi,Team Vitality,kayo,False,,25,1,2,0,4,False,unknown,unknown,,,,Sayonara,Team Vitality,sova,True,82,14,0,1,0,0,False,vandal,rifle,,0.1178,0.6289,PROFEK,Team Vitality,astra,True,100,50,0,0,0,3,False,phantom,rifle,,0.3311,0.8056
1322.755,2515,ACTIVE_ROUND,8,4,5,,3.387,,s0pp,FUT Esports,chamber,False,,27,0,7,0,5,False,operator,sniper,,,,xeus,FUT Esports,jett,True,100,25,2,1,0,3,False,vandal,rifle,,0.2922,0.4678,sociablEE,FUT Esports,fade,False,,50,0,0,0,4,False,unknown,unknown,,,,yetujey,FUT Esports,astra,False,,50,0,0,0,7,True,vandal,rifle,,,,KROSTALY,FUT Esports,kayo,False,,50,0,0,0,4,False,vandal,rifle,,,,Chronicle,Team Vitality,chamber,False,,50,0,8,1,4,False,operator,sniper,,,,Derke,Team Vitality,neon,False,,50,1,0,1,7,True,phantom,rifle,,,,Jamppi,Team Vitality,kayo,False,,25,1,2,0,4,False,unknown,unknown,,,,Sayonara,Team Vitality,sova,True,82,14,0,1,0,0,False,vandal,rifle,,0.1178,0.6356,PROFEK,Team Vitality,astra,True,100,50,0,0,0,3,False,phantom,rifle,,0.2222,0.4322
1323.239,2516,ACTIVE_ROUND,8,4,5,,3.871,,s0pp,FUT Esports,chamber,False,,27,0,7,0,5,False,operator,sniper,,,,xeus,FUT Esports,jett,True,100,25,2,1,0,3,False,vandal,rifle,,0.2922,0.4611,sociablEE,FUT Esports,fade,False,,50,0,0,0,4,False,unknown,unknown,,,,yetujey,FUT Esports,astra,False,,50,0,0,0,7,True,vandal,rifle,,,,KROSTALY,FUT Esports,kayo,False,,50,0,0,0,4,False,vandal,rifle,,,,Chronicle,Team Vitality,chamber,False,,50,0,8,1,4,False,operator,sniper,,,,Derke,Team Vitality,neon,False,,50,1,0,1,7,True,phantom,rifle,,,,Jamppi,Team Vitality,kayo,False,,25,1,2,0,4,False,unknown,unknown,,,,Sayonara,Team Vitality,sova,True,82,14,0,1,0,0,False,vandal,rifle,,0.1178,0.6356,PROFEK,Team Vitality,astra,True,100,50,0,0,0,3,False,phantom,rifle,,0.1911,0.4367
1323.722,2517,ACTIVE_ROUND,8,4,5,,4.354,,s0pp,FUT Esports,chamber,False,,27,0,7,0,5,False,operator,sniper,,,,xeus,FUT Esports,jett,True,100,25,2,1,0,3,False,vandal,rifle,,0.2989,0.4500,sociablEE,FUT Esports,fade,False,,50,0,0,0,4,False,unknown,unknown,,,,yetujey,FUT Esports,astra,False,,50,0,0,0,7,True,vandal,rifle,,,,KROSTALY,FUT Esports,kayo,False,,50,0,0,0,4,False,vandal,rifle,,,,Chronicle,Team Vitality,chamber,False,,50,0,8,1,4,False,operator,sniper,,,,Derke,Team Vitality,neon,False,,50,1,0,1,7,True,phantom,rifle,,,,Jamppi,Team Vitality,kayo,False,,25,1,2,0,4,False,unknown,unknown,,,,Sayonara,Team Vitality,sova,True,82,14,0,1,0,0,False,vandal,rifle,,0.1178,0.6356,PROFEK,Team Vitality,astra,True,100,50,0,0,0,3,False,phantom,rifle,,0.1911,0.4278
1324.206,2518,ACTIVE_ROUND,8,4,5,,4.838,,s0pp,FUT Esports,chamber,False,,27,0,7,0,5,False,operator,sniper,,,,xeus,FUT Esports,jett,True,100,25,2,1,0,3,False,vandal,rifle,,0.3011,0.4433,sociablEE,FUT Esports,fade,False,,50,0,0,0,4,False,unknown,unknown,,,,yetujey,FUT Esports,astra,False,,50,0,0,0,7,True,vandal,rifle,,,,KROSTALY,FUT Esports,kayo,False,,50,0,0,0,4,False,vandal,rifle,,,,Chronicle,Team Vitality,chamber,False,,50,0,8,1,4,False,operator,sniper,,,,Derke,Team Vitality,neon,False,,50,1,0,1,7,True,phantom,rifle,,,,Jamppi,Team Vitality,kayo,False,,25,1,2,0,4,False,unknown,unknown,,,,Sayonara,Team Vitality,sova,True,82,14,0,1,0,0,False,vandal,rifle,,0.1178,0.6356,PROFEK,Team Vitality,astra,True,100,50,0,0,0,3,False,phantom,rifle,,0.1867,0.4211
1324.690,2519,ACTIVE_ROUND,8,4,5,,5.322,,s0pp,FUT Esports,chamber,False,,27,0,7,0,5,False,operator,sniper,,,,xeus,FUT Esports,jett,True,100,25,2,1,0,3,False,vandal,rifle,,0.3011,0.4344,sociablEE,FUT Esports,fade,False,,50,0,0,0,4,False,unknown,unknown,,,,yetujey,FUT Esports,astra,False,,50,0,0,0,7,True,vandal,rifle,,,,KROSTALY,FUT Esports,kayo,False,,50,0,0,0,4,False,vandal,rifle,,,,Chronicle,Team Vitality,chamber,False,,50,0,8,1,4,False,operator,sniper,,,,Derke,Team Vitality,neon,False,,50,1,0,1,7,True,phantom,rifle,,,,Jamppi,Team Vitality,kayo,False,,25,1,2,0,4,False,unknown,unknown,,,,Sayonara,Team Vitality,sova,True,82,14,0,1,0,0,False,vandal,rifle,,0.1178,0.6356,PROFEK,Team Vitality,astra,True,100,50,0,0,0,3,False,phantom,rifle,,0.1867,0.4189
1325.174,2520,ACTIVE_ROUND,8,4,5,,5.806,,s0pp,FUT Esports,chamber,False,,27,0,7,0,5,False,operator,sniper,,,,xeus,FUT Esports,jett,True,100,25,2,1,0,3,False,vandal,rifle,,0.2922,0.4211,sociablEE,FUT Esports,fade,False,,50,0,0,0,4,False,unknown,unknown,,,,yetujey,FUT Esports,astra,False,,50,0,0,0,7,True,vandal,rifle,,,,KROSTALY,FUT Esports,kayo,False,,50,0,0,0,4,False,vandal,rifle,,,,Chronicle,Team Vitality,chamber,False,,50,0,8,1,4,False,operator,sniper,,,,Derke,Team Vitality,neon,False,,50,1,0,1,7,True,phantom,rifle,,,,Jamppi,Team Vitality,kayo,False,,25,1,2,0,4,False,unknown,unknown,,,,Sayonara,Team Vitality,sova,True,82,14,0,1,0,0,False,vandal,rifle,,0.1178,0.6356,PROFEK,Team Vitality,astra,True,100,50,0,0,0,3,False,phantom,rifle,,0.1844,0.4211
1325.658,2521,ACTIVE_ROUND,8,4,5,,6.290,,s0pp,FUT Esports,chamber,False,,27,0,7,0,5,False,operator,sniper,,,,xeus,FUT Esports,jett,True,100,25,2,1,0,3,False,vandal,rifle,,0.2922,0.4167,sociablEE,FUT Esports,fade,False,,50,0,0,0,4,False,unknown,unknown,,,,yetujey,FUT Esports,astra,False,,50,0,0,0,7,True,vandal,rifle,,,,KROSTALY,FUT Esports,kayo,False,,50,0,0,0,4,False,vandal,rifle,,,,Chronicle,Team Vitality,chamber,False,,50,0,8,1,4,False,operator,sniper,,,,Derke,Team Vitality,neon,False,,50,1,0,1,7,True,phantom,rifle,,,,Jamppi,Team Vitality,kayo,False,,25,1,2,0,4,False,unknown,unknown,,,,Sayonara,Team Vitality,sova,True,82,14,0,1,0,0,False,vandal,rifle,,0.1178,0.6356,PROFEK,Team Vitality,astra,True,100,50,0,0,0,3,False,phantom,rifle,,0.1822,0.4211
1326.141,2522,ACTIVE_ROUND,8,4,5,,6.773,,s0pp,FUT Esports,chamber,False,,27,0,7,0,5,False,operator,sniper,,,,xeus,FUT Esports,jett,True,100,25,2,1,0,3,False,vandal,rifle,,0.2833,0.4078,sociablEE,FUT Esports,fade,False,,50,0,0,0,4,False,unknown,unknown,,,,yetujey,FUT Esports,astra,False,,50,0,0,0,7,True,vandal,rifle,,,,KROSTALY,FUT Esports,kayo,False,,50,0,0,0,4,False,vandal,rifle,,,,Chronicle,Team Vitality,chamber,False,,50,0,8,1,4,False,operator,sniper,,,,Derke,Team Vitality,neon,False,,50,1,0,1,7,True,phantom,rifle,,,,Jamppi,Team Vitality,kayo,False,,25,1,2,0,4,False,unknown,unknown,,,,Sayonara,Team Vitality,sova,True,82,14,0,1,0,0,False,vandal,rifle,,0.6378,0.8733,PROFEK,Team Vitality,astra,True,100,50,0,0,0,3,False,phantom,rifle,,0.1778,0.4256
1326.625,2523,ACTIVE_ROUND,8,4,5,,7.257,,s0pp,FUT Esports,chamber,False,,27,0,7,0,5,False,operator,sniper,,,,xeus,FUT Esports,jett,True,100,25,2,1,0,3,False,vandal,rifle,,0.2833,0.4033,sociablEE,FUT Esports,fade,False,,50,0,0,0,4,False,unknown,unknown,,,,yetujey,FUT Esports,astra,False,,50,0,0,0,7,True,vandal,rifle,,,,KROSTALY,FUT Esports,kayo,False,,50,0,0,0,4,False,vandal,rifle,,,,Chronicle,Team Vitality,chamber,False,,50,0,8,1,4,False,operator,sniper,,,,Derke,Team Vitality,neon,False,,50,1,0,1,7,True,phantom,rifle,,,,Jamppi,Team Vitality,kayo,False,,25,1,2,0,4,False,unknown,unknown,,,,Sayonara,Team Vitality,sova,True,82,14,0,1,0,0,False,vandal,rifle,,0.1222,0.6600,PROFEK,Team Vitality,astra,True,100,50,0,0,0,3,False,phantom,rifle,,0.1778,0.4256
1327.109,2524,ACTIVE_ROUND,8,4,5,,7.741,,s0pp,FUT Esports,chamber,False,,27,0,7,0,5,False,operator,sniper,,,,xeus,FUT Esports,jett,True,100,25,2,1,0,3,False,vandal,rifle,,0.2789,0.3967,sociablEE,FUT Esports,fade,False,,50,0,0,0,4,False,unknown,unknown,,,,yetujey,FUT Esports,astra,False,,50,0,0,0,7,True,vandal,rifle,,,,KROSTALY,FUT Esports,kayo,False,,50,0,0,0,4,False,vandal,rifle,,,,Chronicle,Team Vitality,chamber,False,,50,0,8,1,4,False,operator,sniper,,,,Derke,Team Vitality,neon,False,,50,1,0,1,7,True,phantom,rifle,,,,Jamppi,Team Vitality,kayo,False,,25,1,2,0,4,False,unknown,unknown,,,,Sayonara,Team Vitality,sova,True,82,14,0,1,0,0,False,vandal,rifle,,0.1200,0.6622,PROFEK,Team Vitality,astra,True,100,50,0,0,0,3,False,phantom,rifle,,0.1711,0.4278
1327.593,2525,ACTIVE_ROUND,8,4,5,,8.225,,s0pp,FUT Esports,chamber,False,,27,0,7,0,5,False,operator,sniper,,,,xeus,FUT Esports,jett,True,100,25,2,1,0,3,False,vandal,rifle,,0.2700,0.3900,sociablEE,FUT Esports,fade,False,,50,0,0,0,4,False,unknown,unknown,,,,yetujey,FUT Esports,astra,False,,50,0,0,0,7,True,vandal,rifle,,,,KROSTALY,FUT Esports,kayo,False,,50,0,0,0,4,False,vandal,rifle,,,,Chronicle,Team Vitality,chamber,False,,50,0,8,1,4,False,operator,sniper,,,,Derke,Team Vitality,neon,False,,50,1,0,1,7,True,phantom,rifle,,,,Jamppi,Team Vitality,kayo,False,,25,1,2,0,4,False,unknown,unknown,,,,Sayonara,Team Vitality,sova,True,82,14,0,1,0,0,False,vandal,rifle,,0.1200,0.6733,PROFEK,Team Vitality,astra,True,100,50,0,0,0,3,False,phantom,rifle,,0.1689,0.4322
1328.077,2526,ACTIVE_ROUND,8,4,5,,8.709,,s0pp,FUT Esports,chamber,False,,27,0,7,0,5,False,operator,sniper,,,,xeus,FUT Esports,jett,True,100,25,2,1,0,3,False,vandal,rifle,,0.2611,0.3833,sociablEE,FUT Esports,fade,False,,50,0,0,0,4,False,unknown,unknown,,,,yetujey,FUT Esports,astra,False,,50,0,0,0,7,True,vandal,rifle,,,,KROSTALY,FUT Esports,kayo,False,,50,0,0,0,4,False,vandal,rifle,,,,Chronicle,Team Vitality,chamber,False,,50,0,8,1,4,False,operator,sniper,,,,Derke,Team Vitality,neon,False,,50,1,0,1,7,True,phantom,rifle,,,,Jamppi,Team Vitality,kayo,False,,25,1,2,0,4,False,unknown,unknown,,,,Sayonara,Team Vitality,sova,True,82,14,0,1,0,0,False,vandal,rifle,,0.1200,0.6844,PROFEK,Team Vitality,astra,True,100,50,0,0,0,3,False,phantom,rifle,,0.1644,0.4344
1328.561,2527,ACTIVE_ROUND,8,4,5,,9.193,,s0pp,FUT Esports,chamber,False,,27,0,7,0,5,False,operator,sniper,,,,xeus,FUT Esports,jett,True,100,25,2,1,0,3,False,vandal,rifle,,0.2567,0.3767,sociablEE,FUT Esports,fade,False,,50,0,0,0,4,False,unknown,unknown,,,,yetujey,FUT Esports,astra,False,,50,0,0,0,7,True,vandal,rifle,,,,KROSTALY,FUT Esports,kayo,False,,50,0,0,0,4,False,vandal,rifle,,,,Chronicle,Team Vitality,chamber,False,,50,0,8,1,4,False,operator,sniper,,,,Derke,Team Vitality,neon,False,,50,1,0,1,7,True,phantom,rifle,,,,Jamppi,Team Vitality,kayo,False,,25,1,2,0,4,False,unknown,unknown,,,,Sayonara,Team Vitality,sova,True,82,14,0,1,0,0,False,vandal,rifle,,0.1156,0.6933,PROFEK,Team Vitality,astra,True,100,50,0,0,0,3,False,phantom,rifle,,0.1644,0.4344
1329.044,2528,POST_ROUND,8,4,6,,,0.000,s0pp,FUT Esports,chamber,False,,27,0,7,0,5,False,operator,sniper,,,,xeus,FUT Esports,jett,False,,25,0,0,0,3,False,unknown,unknown,,0.2567,0.3767,sociablEE,FUT Esports,fade,False,,50,0,0,0,4,False,unknown,unknown,,,,yetujey,FUT Esports,astra,False,,50,0,0,0,7,True,vandal,rifle,,,,KROSTALY,FUT Esports,kayo,False,,50,0,0,0,4,False,vandal,rifle,,,,Chronicle,Team Vitality,chamber,False,,50,0,8,1,4,False,operator,sniper,,,,Derke,Team Vitality,neon,False,,50,1,0,1,7,True,phantom,rifle,,,,Jamppi,Team Vitality,kayo,False,,25,1,2,0,4,False,unknown,unknown,,,,Sayonara,Team Vitality,sova,True,82,14,0,1,0,0,False,vandal,rifle,,0.1156,0.6933,PROFEK,Team Vitality,astra,True,100,50,0,0,0,3,False,phantom,rifle,,0.1644,0.4344
1329.528,2529,POST_ROUND,8,4,6,,,0.484,s0pp,FUT Esports,chamber,False,,27,0,7,0,5,False,operator,sniper,,,,xeus,FUT Esports,jett,False,,25,0,0,0,3,False,unknown,unknown,,0.2567,0.3767,sociablEE,FUT Esports,fade,False,,50,0,0,0,4,False,unknown,unknown,,,,yetujey,FUT Esports,astra,False,,50,0,0,0,7,True,vandal,rifle,,,,KROSTALY,FUT Esports,kayo,False,,50,0,0,0,4,False,vandal,rifle,,,,Chronicle,Team Vitality,chamber,False,,50,0,8,1,4,False,operator,sniper,,,,Derke,Team Vitality,neon,False,,50,1,0,1,7,True,phantom,rifle,,,,Jamppi,Team Vitality,kayo,False,,25,1,2,0,4,False,unknown,unknown,,,,Sayonara,Team Vitality,sova,True,82,14,0,1,0,0,False,vandal,rifle,,0.1156,0.6933,PROFEK,Team Vitality,astra,True,100,50,0,0,0,3,False,phantom,rifle,,0.1644,0.4344
1330.012,2530,POST_ROUND,8,4,6,,,0.968,s0pp,FUT Esports,chamber,False,,27,0,7,0,5,False,operator,sniper,,,,xeus,FUT Esports,jett,False,,25,0,0,0,3,False,unknown,unknown,,0.2567,0.3767,sociablEE,FUT Esports,fade,False,,50,0,0,0,4,False,unknown,unknown,,,,yetujey,FUT Esports,astra,False,,50,0,0,0,7,True,vandal,rifle,,,,KROSTALY,FUT Esports,kayo,False,,50,0,0,0,4,False,vandal,rifle,,,,Chronicle,Team Vitality,chamber,False,,50,0,8,1,4,False,operator,sniper,,,,Derke,Team Vitality,neon,False,,50,1,0,1,7,True,phantom,rifle,,,,Jamppi,Team Vitality,kayo,False,,25,1,2,0,4,False,unknown,unknown,,,,Sayonara,Team Vitality,sova,True,82,14,0,1,0,0,False,vandal,rifle,,0.1156,0.6933,PROFEK,Team Vitality,astra,True,100,50,0,0,0,3,False,phantom,rifle,,0.1644,0.4344
1330.496,2531,POST_ROUND,8,4,6,,,1.451,s0pp,FUT Esports,chamber,False,,27,0,7,0,5,False,operator,sniper,,,,xeus,FUT Esports,jett,False,,25,0,0,0,3,False,unknown,unknown,,0.2567,0.3767,sociablEE,FUT Esports,fade,False,,50,0,0,0,4,False,unknown,unknown,,,,yetujey,FUT Esports,astra,False,,50,0,0,0,7,True,vandal,rifle,,,,KROSTALY,FUT Esports,kayo,False,,50,0,0,0,4,False,vandal,rifle,,,,Chronicle,Team Vitality,chamber,False,,50,0,8,1,4,False,operator,sniper,,,,Derke,Team Vitality,neon,False,,50,1,0,1,7,True,phantom,rifle,,,,Jamppi,Team Vitality,kayo,False,,25,1,2,0,4,False,unknown,unknown,,,,Sayonara,Team Vitality,sova,True,82,14,0,1,0,0,False,vandal,rifle,,0.1156,0.6933,PROFEK,Team Vitality,astra,True,100,50,0,0,0,3,False,phantom,rifle,,0.1644,0.4344
1330.980,2532,POST_ROUND,8,4,6,,,1.935,s0pp,FUT Esports,chamber,False,,27,0,7,0,5,False,operator,sniper,,,,xeus,FUT Esports,jett,False,,25,0,0,0,3,False,unknown,unknown,,0.2567,0.3767,sociablEE,FUT Esports,fade,False,,50,0,0,0,4,False,unknown,unknown,,,,yetujey,FUT Esports,astra,False,,50,0,0,0,7,True,vandal,rifle,,,,KROSTALY,FUT Esports,kayo,False,,50,0,0,0,4,False,vandal,rifle,,,,Chronicle,Team Vitality,chamber,False,,50,0,8,1,4,False,operator,sniper,,,,Derke,Team Vitality,neon,False,,50,1,0,1,7,True,phantom,rifle,,,,Jamppi,Team Vitality,kayo,False,,25,1,2,0,4,False,unknown,unknown,,,,Sayonara,Team Vitality,sova,True,82,14,0,1,0,0,False,vandal,rifle,,0.1156,0.6933,PROFEK,Team Vitality,astra,True,100,50,1,0,0,4,False,phantom,rifle,,0.1644,0.4344
1331.463,2533,POST_ROUND,8,4,6,,,2.419,s0pp,FUT Esports,chamber,False,,27,0,7,0,5,False,operator,sniper,,,,xeus,FUT Esports,jett,False,,25,0,0,0,3,False,unknown,unknown,,0.2567,0.3767,sociablEE,FUT Esports,fade,False,,50,0,0,0,4,False,unknown,unknown,,,,yetujey,FUT Esports,astra,False,,50,0,0,0,7,True,vandal,rifle,,,,KROSTALY,FUT Esports,kayo,False,,50,0,0,0,4,False,vandal,rifle,,,,Chronicle,Team Vitality,chamber,False,,50,0,8,1,4,False,operator,sniper,,,,Derke,Team Vitality,neon,False,,50,1,0,1,7,True,phantom,rifle,,,,Jamppi,Team Vitality,kayo,False,,25,1,2,0,4,False,unknown,unknown,,,,Sayonara,Team Vitality,sova,True,82,14,0,1,0,0,False,vandal,rifle,,0.1156,0.6933,PROFEK,Team Vitality,astra,True,100,50,1,0,0,4,False,phantom,rifle,,0.1644,0.4344
1331.947,2534,POST_ROUND,8,4,6,,,2.903,s0pp,FUT Esports,chamber,False,,27,0,7,0,5,False,operator,sniper,,,,xeus,FUT Esports,jett,False,,25,0,0,0,3,False,unknown,unknown,,0.2567,0.3767,sociablEE,FUT Esports,fade,False,,50,0,0,0,4,False,unknown,unknown,,,,yetujey,FUT Esports,astra,False,,50,0,0,0,7,True,vandal,rifle,,,,KROSTALY,FUT Esports,kayo,False,,50,0,0,0,4,False,vandal,rifle,,,,Chronicle,Team Vitality,chamber,False,,50,0,8,1,4,False,operator,sniper,,,,Derke,Team Vitality,neon,False,,50,1,0,1,7,True,phantom,rifle,,,,Jamppi,Team Vitality,kayo,False,,25,1,2,0,4,False,unknown,unknown,,,,Sayonara,Team Vitality,sova,True,82,14,0,1,0,0,False,vandal,rifle,,0.1156,0.6933,PROFEK,Team Vitality,astra,True,100,50,1,0,0,4,False,phantom,rifle,,0.1644,0.4344
1332.431,2535,POST_ROUND,8,4,6,,,3.387,s0pp,FUT Esports,chamber,False,,27,0,7,0,5,False,operator,sniper,,,,xeus,FUT Esports,jett,False,,25,0,0,0,3,False,unknown,unknown,,0.2567,0.3767,sociablEE,FUT Esports,fade,False,,50,0,0,0,4,False,unknown,unknown,,,,yetujey,FUT Esports,astra,False,,50,0,0,0,7,True,vandal,rifle,,,,KROSTALY,FUT Esports,kayo,False,,50,0,0,0,4,False,vandal,rifle,,,,Chronicle,Team Vitality,chamber,False,,50,0,8,1,4,False,operator,sniper,,,,Derke,Team Vitality,neon,False,,50,1,0,1,7,True,phantom,rifle,,,,Jamppi,Team Vitality,kayo,False,,25,1,2,0,4,False,unknown,unknown,,,,Sayonara,Team Vitality,sova,True,82,14,0,1,0,0,False,vandal,rifle,,0.1156,0.6933,PROFEK,Team Vitality,astra,True,100,50,1,0,0,4,False,phantom,rifle,,0.1644,0.4344
1332.915,2536,POST_ROUND,8,4,6,,,3.871,s0pp,FUT Esports,chamber,False,,27,0,7,0,5,False,operator,sniper,,,,xeus,FUT Esports,jett,False,,25,0,0,0,3,False,unknown,unknown,,0.2567,0.3767,sociablEE,FUT Esports,fade,False,,50,0,0,0,4,False,unknown,unknown,,,,yetujey,FUT Esports,astra,False,,50,0,0,0,7,True,vandal,rifle,,,,KROSTALY,FUT Esports,kayo,False,,50,0,0,0,4,False,vandal,rifle,,,,Chronicle,Team Vitality,chamber,False,,50,0,8,1,4,False,operator,sniper,,,,Derke,Team Vitality,neon,False,,50,1,0,1,7,True,phantom,rifle,,,,Jamppi,Team Vitality,kayo,False,,25,1,2,0,4,False,unknown,unknown,,,,Sayonara,Team Vitality,sova,True,82,14,0,1,0,0,False,vandal,rifle,,0.1156,0.6933,PROFEK,Team Vitality,astra,True,100,50,0,0,0,4,False,operator,sniper,,0.1644,0.4344
1333.399,2537,POST_ROUND,8,4,6,,,4.354,s0pp,FUT Esports,chamber,False,,27,0,7,0,5,False,operator,sniper,,,,xeus,FUT Esports,jett,False,,25,0,0,0,3,False,unknown,unknown,,0.2567,0.3767,sociablEE,FUT Esports,fade,False,,50,0,0,0,4,False,unknown,unknown,,,,yetujey,FUT Esports,astra,False,,50,0,0,0,7,True,vandal,rifle,,,,KROSTALY,FUT Esports,kayo,False,,50,0,0,0,4,False,vandal,rifle,,,,Chronicle,Team Vitality,chamber,False,,50,0,8,1,4,False,operator,sniper,,,,Derke,Team Vitality,neon,False,,50,1,0,1,7,True,phantom,rifle,,,,Jamppi,Team Vitality,kayo,False,,25,1,2,0,4,False,unknown,unknown,,,,Sayonara,Team Vitality,sova,True,82,14,0,1,0,0,False,vandal,rifle,,0.1156,0.6933,PROFEK,Team Vitality,astra,True,100,50,0,0,0,4,False,operator,sniper,,0.1644,0.4344
1333.883,2538,POST_ROUND,8,4,6,,,4.838,s0pp,FUT Esports,chamber,False,,27,0,7,0,5,False,operator,sniper,,,,xeus,FUT Esports,jett,False,,25,0,0,0,3,False,unknown,unknown,,0.2567,0.3767,sociablEE,FUT Esports,fade,False,,50,0,0,0,4,False,unknown,unknown,,,,yetujey,FUT Esports,astra,False,,50,0,0,0,7,True,vandal,rifle,,,,KROSTALY,FUT Esports,kayo,False,,50,0,0,0,4,False,vandal,rifle,,,,Chronicle,Team Vitality,chamber,False,,50,0,8,1,4,False,operator,sniper,,,,Derke,Team Vitality,neon,False,,50,1,0,1,7,True,phantom,rifle,,,,Jamppi,Team Vitality,kayo,False,,25,1,2,0,4,False,unknown,unknown,,,,Sayonara,Team Vitality,sova,True,82,14,0,1,0,0,False,vandal,rifle,,0.1156,0.6933,PROFEK,Team Vitality,astra,True,100,50,0,0,0,4,False,operator,sniper,,0.1644,0.4344
1334.366,2539,POST_ROUND,8,4,6,,,5.322,s0pp,FUT Esports,chamber,False,,27,0,7,0,5,False,operator,sniper,,,,xeus,FUT Esports,jett,False,,25,0,0,0,3,False,unknown,unknown,,0.2567,0.3767,sociablEE,FUT Esports,fade,False,,50,0,0,0,4,False,unknown,unknown,,,,yetujey,FUT Esports,astra,False,,50,0,0,0,7,True,vandal,rifle,,,,KROSTALY,FUT Esports,kayo,False,,50,0,0,0,4,False,vandal,rifle,,,,Chronicle,Team Vitality,chamber,False,,50,0,8,1,4,False,operator,sniper,,,,Derke,Team Vitality,neon,False,,50,1,0,1,7,True,phantom,rifle,,,,Jamppi,Team Vitality,kayo,False,,25,1,2,0,4,False,unknown,unknown,,,,Sayonara,Team Vitality,sova,True,82,14,0,1,0,0,False,vandal,rifle,,0.1156,0.6933,PROFEK,Team Vitality,astra,True,100,50,0,0,0,4,False,operator,sniper,,0.1644,0.4344
1334.850,2540,POST_ROUND,8,4,6,,,5.806,s0pp,FUT Esports,chamber,False,,27,0,7,0,5,False,operator,sniper,,,,xeus,FUT Esports,jett,False,,25,0,0,0,3,False,unknown,unknown,,0.2567,0.3767,sociablEE,FUT Esports,fade,False,,50,0,0,0,4,False,unknown,unknown,,,,yetujey,FUT Esports,astra,False,,50,0,0,0,7,True,vandal,rifle,,,,KROSTALY,FUT Esports,kayo,False,,50,0,0,0,4,False,vandal,rifle,,,,Chronicle,Team Vitality,chamber,False,,50,0,8,1,4,False,operator,sniper,,,,Derke,Team Vitality,neon,False,,50,1,0,1,7,True,phantom,rifle,,,,Jamppi,Team Vitality,kayo,False,,25,1,2,0,4,False,unknown,unknown,,,,Sayonara,Team Vitality,sova,True,82,14,0,1,0,0,False,vandal,rifle,,0.1156,0.6933,PROFEK,Team Vitality,astra,True,100,50,0,0,0,4,False,operator,sniper,,0.1644,0.4344
1335.334,2541,POST_ROUND,8,4,6,,,6.290,s0pp,FUT Esports,chamber,False,,27,0,7,0,5,False,operator,sniper,,,,xeus,FUT Esports,jett,False,,25,0,0,0,3,False,unknown,unknown,,0.2567,0.3767,sociablEE,FUT Esports,fade,False,,50,0,0,0,4,False,unknown,unknown,,,,yetujey,FUT Esports,astra,False,,50,0,0,0,7,True,vandal,rifle,,,,KROSTALY,FUT Esports,kayo,False,,50,0,0,0,4,False,vandal,rifle,,,,Chronicle,Team Vitality,chamber,False,,50,0,8,1,4,False,operator,sniper,,,,Derke,Team Vitality,neon,False,,50,1,0,1,7,True,phantom,rifle,,,,Jamppi,Team Vitality,kayo,False,,25,1,2,0,4,False,unknown,unknown,,,,Sayonara,Team Vitality,sova,True,82,14,0,1,0,0,False,vandal,rifle,,0.1156,0.6933,PROFEK,Team Vitality,astra,True,100,50,0,0,0,4,False,operator,sniper,,0.1644,0.4344
1335.818,2542,POST_ROUND,8,4,6,,,6.773,s0pp,FUT Esports,chamber,False,,27,0,7,0,5,False,operator,sniper,,,,xeus,FUT Esports,jett,False,,25,0,0,0,3,False,unknown,unknown,,0.2567,0.3767,sociablEE,FUT Esports,fade,False,,50,0,0,0,4,False,unknown,unknown,,,,yetujey,FUT Esports,astra,False,,50,0,0,0,7,True,vandal,rifle,,,,KROSTALY,FUT Esports,kayo,False,,50,0,0,0,4,False,vandal,rifle,,,,Chronicle,Team Vitality,chamber,False,,50,0,8,1,4,False,operator,sniper,,,,Derke,Team Vitality,neon,False,,50,1,0,1,7,True,phantom,rifle,,,,Jamppi,Team Vitality,kayo,False,,25,1,2,0,4,False,unknown,unknown,,,,Sayonara,Team Vitality,sova,True,82,14,0,1,0,0,False,vandal,rifle,,0.1156,0.6933,PROFEK,Team Vitality,astra,True,100,50,0,0,0,4,False,operator,sniper,,0.1644,0.4344
1336.302,2543,POST_ROUND,8,4,6,,,7.257,s0pp,FUT Esports,chamber,False,,27,0,7,0,5,False,operator,sniper,,,,xeus,FUT Esports,jett,False,,25,0,0,0,3,False,unknown,unknown,,0.2567,0.3767,sociablEE,FUT Esports,fade,False,,50,0,0,0,4,False,unknown,unknown,,,,yetujey,FUT Esports,astra,False,,50,0,0,0,7,True,vandal,rifle,,,,KROSTALY,FUT Esports,kayo,False,,50,0,0,0,4,False,vandal,rifle,,,,Chronicle,Team Vitality,chamber,False,,50,0,8,1,4,False,operator,sniper,,,,Derke,Team Vitality,neon,False,,50,1,0,1,7,True,phantom,rifle,,,,Jamppi,Team Vitality,kayo,False,,25,1,2,0,4,False,unknown,unknown,,,,Sayonara,Team Vitality,sova,True,82,14,0,1,0,0,False,vandal,rifle,,0.1156,0.6933,PROFEK,Team Vitality,astra,True,100,50,0,0,0,4,False,operator,sniper,,0.1644,0.4344
1336.785,2544,POST_ROUND,8,4,6,,,7.741,s0pp,FUT Esports,chamber,False,,27,0,7,0,5,False,operator,sniper,,,,xeus,FUT Esports,jett,False,,25,0,0,0,3,False,unknown,unknown,,0.2567,0.3767,sociablEE,FUT Esports,fade,False,,50,0,0,0,4,False,unknown,unknown,,,,yetujey,FUT Esports,astra,False,,50,0,0,0,7,True,vandal,rifle,,,,KROSTALY,FUT Esports,kayo,False,,50,0,0,0,4,False,vandal,rifle,,,,Chronicle,Team Vitality,chamber,False,,50,0,8,1,4,False,operator,sniper,,,,Derke,Team Vitality,neon,False,,50,1,0,1,7,True,phantom,rifle,,,,Jamppi,Team Vitality,kayo,False,,25,1,2,0,4,False,unknown,unknown,,,,Sayonara,Team Vitality,sova,True,82,14,0,1,0,0,False,vandal,rifle,,0.1156,0.6933,PROFEK,Team Vitality,astra,True,100,50,0,0,0,4,False,operator,sniper,,0.1644,0.4344
1355.654,2583,POST_ROUND,8,4,6,,,26.610,s0pp,FUT Esports,chamber,False,,27,0,7,0,5,False,operator,sniper,,,,xeus,FUT Esports,jett,False,,25,0,0,0,3,False,unknown,unknown,,0.2567,0.3767,sociablEE,FUT Esports,fade,False,,50,0,0,0,4,False,unknown,unknown,,,,yetujey,FUT Esports,astra,False,,50,0,0,0,7,True,vandal,rifle,,,,KROSTALY,FUT Esports,kayo,False,,50,0,0,0,4,False,vandal,rifle,,,,Chronicle,Team Vitality,chamber,False,,50,0,8,1,4,False,operator,sniper,,,,Derke,Team Vitality,neon,False,,50,1,0,1,7,True,phantom,rifle,,,,Jamppi,Team Vitality,kayo,False,,25,1,2,0,4,False,unknown,unknown,,,,Sayonara,Team Vitality,sova,True,82,14,0,1,0,0,False,vandal,rifle,,0.1156,0.6933,PROFEK,Team Vitality,astra,True,100,50,0,0,0,4,False,operator,sniper,,0.1644,0.4344
1356.138,2584,POST_ROUND,8,4,6,,,27.094,s0pp,FUT Esports,chamber,False,,27,0,7,0,5,False,operator,sniper,,,,xeus,FUT Esports,jett,False,,25,0,0,0,3,False,unknown,unknown,,0.2567,0.3767,sociablEE,FUT Esports,fade,False,,50,0,0,0,4,False,unknown,unknown,,,,yetujey,FUT Esports,astra,False,,50,0,0,0,7,True,vandal,rifle,,,,KROSTALY,FUT Esports,kayo,False,,50,0,0,0,4,False,vandal,rifle,,,,Chronicle,Team Vitality,chamber,False,,50,0,8,1,4,False,operator,sniper,,,,Derke,Team Vitality,neon,False,,50,1,0,1,7,True,phantom,rifle,,,,Jamppi,Team Vitality,kayo,False,,25,1,2,0,4,False,unknown,unknown,,,,Sayonara,Team Vitality,sova,True,82,14,0,1,0,0,False,vandal,rifle,,0.1156,0.6933,PROFEK,Team Vitality,astra,True,100,50,0,0,0,4,False,operator,sniper,,0.1644,0.4344
1356.622,2585,POST_ROUND,8,4,6,,,27.578,s0pp,FUT Esports,chamber,False,,27,0,7,0,5,False,operator,sniper,,,,xeus,FUT Esports,jett,False,,25,0,0,0,3,False,unknown,unknown,,0.2567,0.3767,sociablEE,FUT Esports,fade,False,,50,0,0,0,4,False,unknown,unknown,,,,yetujey,FUT Esports,astra,False,,50,0,0,0,7,True,vandal,rifle,,,,KROSTALY,FUT Esports,kayo,False,,50,0,0,0,4,False,vandal,rifle,,,,Chronicle,Team Vitality,chamber,False,,50,0,8,1,4,False,operator,sniper,,,,Derke,Team Vitality,neon,False,,50,1,0,1,7,True,phantom,rifle,,,,Jamppi,Team Vitality,kayo,False,,25,1,2,0,4,False,unknown,unknown,,,,Sayonara,Team Vitality,sova,True,82,14,0,1,0,0,False,vandal,rifle,,0.1156,0.6933,PROFEK,Team Vitality,astra,True,100,50,0,0,0,4,False,operator,sniper,,0.1644,0.4344
1357.106,2586,POST_ROUND,8,4,6,,,28.061,s0pp,FUT Esports,chamber,False,,27,0,7,0,5,False,operator,sniper,,,,xeus,FUT Esports,jett,False,,25,0,0,0,3,False,unknown,unknown,,0.2567,0.3767,sociablEE,FUT Esports,fade,False,,50,0,0,0,4,False,unknown,unknown,,,,yetujey,FUT Esports,astra,False,,50,0,0,0,7,True,vandal,rifle,,,,KROSTALY,FUT Esports,kayo,False,,50,0,0,0,4,False,vandal,rifle,,,,Chronicle,Team Vitality,chamber,False,,50,0,8,1,4,False,operator,sniper,,,,Derke,Team Vitality,neon,False,,50,1,0,1,7,True,phantom,rifle,,,,Jamppi,Team Vitality,kayo,False,,25,1,2,0,4,False,unknown,unknown,,,,Sayonara,Team Vitality,sova,True,82,14,0,1,0,0,False,vandal,rifle,,0.1156,0.6933,PROFEK,Team Vitality,astra,True,100,50,0,0,0,4,False,operator,sniper,,0.1644,0.4344
1357.590,2587,POST_ROUND,8,4,6,,,28.545,s0pp,FUT Esports,chamber,False,,27,0,7,0,5,False,operator,sniper,,,,xeus,FUT Esports,jett,False,,25,0,0,0,3,False,unknown,unknown,,0.2567,0.3767,sociablEE,FUT Esports,fade,False,,50,0,0,0,4,False,unknown,unknown,,,,yetujey,FUT Esports,astra,False,,50,0,0,0,7,True,vandal,rifle,,,,KROSTALY,FUT Esports,kayo,False,,50,0,0,0,4,False,vandal,rifle,,,,Chronicle,Team Vitality,chamber,False,,50,0,8,1,4,False,operator,sniper,,,,Derke,Team Vitality,neon,False,,50,1,0,1,7,True,phantom,rifle,,,,Jamppi,Team Vitality,kayo,False,,25,1,2,0,4,False,unknown,unknown,,,,Sayonara,Team Vitality,sova,True,82,14,0,1,0,0,False,vandal,rifle,,0.1156,0.6933,PROFEK,Team Vitality,astra,True,100,50,0,0,0,4,False,operator,sniper,,0.1644,0.4344
1358.073,2588,POST_ROUND,8,4,6,,,29.029,s0pp,FUT Esports,chamber,False,,27,0,7,0,5,False,operator,sniper,,,,xeus,FUT Esports,jett,False,,25,0,0,0,3,False,unknown,unknown,,0.2567,0.3767,sociablEE,FUT Esports,fade,False,,50,0,0,0,4,False,unknown,unknown,,,,yetujey,FUT Esports,astra,False,,50,0,0,0,7,True,vandal,rifle,,,,KROSTALY,FUT Esports,kayo,False,,50,0,0,0,4,False,vandal,rifle,,,,Chronicle,Team Vitality,chamber,False,,50,0,8,1,4,False,operator,sniper,,,,Derke,Team Vitality,neon,False,,50,1,0,1,7,True,phantom,rifle,,,,Jamppi,Team Vitality,kayo,False,,25,1,2,0,4,False,unknown,unknown,,,,Sayonara,Team Vitality,sova,True,82,14,0,1,0,0,False,vandal,rifle,,0.1156,0.6933,PROFEK,Team Vitality,astra,True,100,50,0,0,0,4,False,operator,sniper,,0.1644,0.4344
1358.557,2589,POST_ROUND,8,4,6,,,29.513,s0pp,FUT Esports,chamber,False,,27,0,7,0,5,False,operator,sniper,,,,xeus,FUT Esports,jett,False,,25,0,0,0,3,False,unknown,unknown,,0.2567,0.3767,sociablEE,FUT Esports,fade,False,,50,0,0,0,4,False,unknown,unknown,,,,yetujey,FUT Esports,astra,False,,50,0,0,0,7,True,vandal,rifle,,,,KROSTALY,FUT Esports,kayo,False,,50,0,0,0,4,False,vandal,rifle,,,,Chronicle,Team Vitality,chamber,False,,50,0,8,1,4,False,operator,sniper,,,,Derke,Team Vitality,neon,False,,50,1,0,1,7,True,phantom,rifle,,,,Jamppi,Team Vitality,kayo,False,,25,1,2,0,4,False,unknown,unknown,,,,Sayonara,Team Vitality,sova,True,82,14,0,1,0,0,False,vandal,rifle,,0.1156,0.6933,PROFEK,Team Vitality,astra,True,100,50,0,0,0,4,False,operator,sniper,,0.1644,0.4344
1359.041,2590,POST_ROUND,8,4,6,,,29.997,s0pp,FUT Esports,chamber,False,,27,0,7,0,5,False,operator,sniper,,,,xeus,FUT Esports,jett,False,,25,0,0,0,3,False,unknown,unknown,,0.2567,0.3767,sociablEE,FUT Esports,fade,False,,50,0,0,0,4,False,unknown,unknown,,,,yetujey,FUT Esports,astra,False,,50,0,0,0,7,True,vandal,rifle,,,,KROSTALY,FUT Esports,kayo,False,,50,0,0,0,4,False,vandal,rifle,,,,Chronicle,Team Vitality,chamber,False,,50,0,8,1,4,False,operator,sniper,,,,Derke,Team Vitality,neon,False,,50,1,0,1,7,True,phantom,rifle,,,,Jamppi,Team Vitality,kayo,False,,25,1,2,0,4,False,unknown,unknown,,,,Sayonara,Team Vitality,sova,True,82,14,0,1,0,0,False,vandal,rifle,,0.1156,0.6933,PROFEK,Team Vitality,astra,True,100,50,0,0,0,4,False,operator,sniper,,0.1644,0.4344
1359.525,2591,POST_ROUND,8,4,6,,,30.480,s0pp,FUT Esports,chamber,False,,27,0,7,0,5,False,operator,sniper,,,,xeus,FUT Esports,jett,False,,25,0,0,0,3,False,unknown,unknown,,0.2567,0.3767,sociablEE,FUT Esports,fade,False,,50,0,0,0,4,False,unknown,unknown,,,,yetujey,FUT Esports,astra,False,,50,0,0,0,7,True,vandal,rifle,,,,KROSTALY,FUT Esports,kayo,False,,50,0,0,0,4,False,vandal,rifle,,,,Chronicle,Team Vitality,chamber,False,,50,0,8,1,4,False,operator,sniper,,,,Derke,Team Vitality,neon,False,,50,1,0,1,7,True,phantom,rifle,,,,Jamppi,Team Vitality,kayo,False,,25,1,2,0,4,False,unknown,unknown,,,,Sayonara,Team Vitality,sova,True,82,14,0,1,0,0,False,vandal,rifle,,0.1156,0.6933,PROFEK,Team Vitality,astra,True,100,50,0,0,0,4,False,operator,sniper,,0.1644,0.4344
1360.009,2592,POST_ROUND,8,4,6,,,30.964,s0pp,FUT Esports,chamber,False,,27,0,7,0,5,False,operator,sniper,,,,xeus,FUT Esports,jett,False,,25,0,0,0,3,False,unknown,unknown,,0.2567,0.3767,sociablEE,FUT Esports,fade,False,,50,0,0,0,4,False,unknown,unknown,,,,yetujey,FUT Esports,astra,False,,50,0,0,0,7,True,vandal,rifle,,,,KROSTALY,FUT Esports,kayo,False,,50,0,0,0,4,False,vandal,rifle,,,,Chronicle,Team Vitality,chamber,False,,50,0,8,1,4,False,operator,sniper,,,,Derke,Team Vitality,neon,False,,50,1,0,1,7,True,phantom,rifle,,,,Jamppi,Team Vitality,kayo,False,,25,1,2,0,4,False,unknown,unknown,,,,Sayonara,Team Vitality,sova,True,82,14,0,1,0,0,False,vandal,rifle,,0.1156,0.6933,PROFEK,Team Vitality,astra,True,100,50,0,0,0,4,False,operator,sniper,,0.1644,0.4344
1360.492,2593,POST_ROUND,8,4,6,,,31.448,s0pp,FUT Esports,chamber,False,,27,0,7,0,5,False,operator,sniper,,,,xeus,FUT Esports,jett,False,,25,0,0,0,3,False,unknown,unknown,,0.2567,0.3767,sociablEE,FUT Esports,fade,False,,50,0,0,0,4,False,unknown,unknown,,,,yetujey,FUT Esports,astra,False,,50,0,0,0,7,True,vandal,rifle,,,,KROSTALY,FUT Esports,kayo,False,,50,0,0,0,4,False,vandal,rifle,,,,Chronicle,Team Vitality,chamber,False,,50,0,8,1,4,False,operator,sniper,,,,Derke,Team Vitality,neon,False,,50,1,0,1,7,True,phantom,rifle,,,,Jamppi,Team Vitality,kayo,False,,25,1,2,0,4,False,unknown,unknown,,,,Sayonara,Team Vitality,sova,True,82,14,0,1,0,0,False,vandal,rifle,,0.1156,0.6933,PROFEK,Team Vitality,astra,True,100,50,0,0,0,4,False,operator,sniper,,0.1644,0.4344
1360.976,2594,POST_ROUND,8,4,6,,,31.932,s0pp,FUT Esports,chamber,False,,27,0,7,0,5,False,operator,sniper,,,,xeus,FUT Esports,jett,False,,25,0,0,0,3,False,unknown,unknown,,0.2567,0.3767,sociablEE,FUT Esports,fade,False,,50,0,0,0,4,False,unknown,unknown,,,,yetujey,FUT Esports,astra,False,,50,0,0,0,7,True,vandal,rifle,,,,KROSTALY,FUT Esports,kayo,False,,50,0,0,0,4,False,vandal,rifle,,,,Chronicle,Team Vitality,chamber,False,,50,0,8,1,4,False,operator,sniper,,,,Derke,Team Vitality,neon,False,,50,1,0,1,7,True,phantom,rifle,,,,Jamppi,Team Vitality,kayo,False,,25,1,2,0,4,False,unknown,unknown,,,,Sayonara,Team Vitality,sova,True,82,14,0,1,0,0,False,vandal,rifle,,0.1156,0.6933,PROFEK,Team Vitality,astra,True,100,50,0,0,0,4,False,operator,sniper,,0.1644,0.4344
1361.460,2595,POST_ROUND,8,4,6,,,32.416,s0pp,FUT Esports,chamber,False,,27,0,7,0,5,False,operator,sniper,,,,xeus,FUT Esports,jett,False,,25,0,0,0,3,False,unknown,unknown,,0.2567,0.3767,sociablEE,FUT Esports,fade,False,,50,0,0,0,4,False,unknown,unknown,,,,yetujey,FUT Esports,astra,False,,50,0,0,0,7,True,vandal,rifle,,,,KROSTALY,FUT Esports,kayo,False,,50,0,0,0,4,False,vandal,rifle,,,,Chronicle,Team Vitality,chamber,False,,50,0,8,1,4,False,operator,sniper,,,,Derke,Team Vitality,neon,False,,50,1,0,1,7,True,phantom,rifle,,,,Jamppi,Team Vitality,kayo,False,,25,1,2,0,4,False,unknown,unknown,,,,Sayonara,Team Vitality,sova,True,82,14,0,1,0,0,False,vandal,rifle,,0.1156,0.6933,PROFEK,Team Vitality,astra,True,100,50,0,0,0,4,False,operator,sniper,,0.1644,0.4344
1361.944,2596,POST_ROUND,8,4,6,,,32.900,s0pp,FUT Esports,chamber,False,,27,0,7,0,5,False,operator,sniper,,,,xeus,FUT Esports,jett,False,,25,0,0,0,3,False,unknown,unknown,,0.2567,0.3767,sociablEE,FUT Esports,fade,False,,50,0,0,0,4,False,unknown,unknown,,,,yetujey,FUT Esports,astra,False,,50,0,0,0,7,True,vandal,rifle,,,,KROSTALY,FUT Esports,kayo,False,,50,0,0,0,4,False,vandal,rifle,,,,Chronicle,Team Vitality,chamber,False,,50,0,8,1,4,False,operator,sniper,,,,Derke,Team Vitality,neon,False,,50,1,0,1,7,True,phantom,rifle,,,,Jamppi,Team Vitality,kayo,False,,25,1,2,0,4,False,unknown,unknown,,,,Sayonara,Team Vitality,sova,True,82,14,0,1,0,0,False,vandal,rifle,,0.1156,0.6933,PROFEK,Team Vitality,astra,True,100,50,0,0,0,4,False,operator,sniper,,0.1644,0.4344
1362.428,2597,POST_ROUND,8,4,6,,,33.383,s0pp,FUT Esports,chamber,False,,27,0,7,0,5,False,operator,sniper,,,,xeus,FUT Esports,jett,False,,25,0,0,0,3,False,unknown,unknown,,0.2567,0.3767,sociablEE,FUT Esports,fade,False,,50,0,0,0,4,False,unknown,unknown,,,,yetujey,FUT Esports,astra,False,,50,0,0,0,7,True,vandal,rifle,,,,KROSTALY,FUT Esports,kayo,False,,50,0,0,0,4,False,vandal,rifle,,,,Chronicle,Team Vitality,chamber,False,,50,0,8,1,4,False,operator,sniper,,,,Derke,Team Vitality,neon,False,,50,1,0,1,7,True,phantom,rifle,,,,Jamppi,Team Vitality,kayo,False,,25,1,2,0,4,False,unknown,unknown,,,,Sayonara,Team Vitality,sova,True,82,14,0,1,0,0,False,vandal,rifle,,0.1156,0.6933,PROFEK,Team Vitality,astra,True,100,50,0,0,0,4,False,operator,sniper,,0.1644,0.4344
1362.912,2598,POST_ROUND,8,4,6,,,33.867,s0pp,FUT Esports,chamber,False,,27,0,7,0,5,False,operator,sniper,,,,xeus,FUT Esports,jett,False,,25,0,0,0,3,False,unknown,unknown,,0.2567,0.3767,sociablEE,FUT Esports,fade,False,,50,0,0,0,4,False,unknown,unknown,,,,yetujey,FUT Esports,astra,False,,50,0,0,0,7,True,vandal,rifle,,,,KROSTALY,FUT Esports,kayo,False,,50,0,0,0,4,False,vandal,rifle,,,,Chronicle,Team Vitality,chamber,False,,50,0,8,1,4,False,operator,sniper,,,,Derke,Team Vitality,neon,False,,50,1,0,1,7,True,phantom,rifle,,,,Jamppi,Team Vitality,kayo,False,,25,1,2,0,4,False,unknown,unknown,,,,Sayonara,Team Vitality,sova,True,82,14,0,1,0,0,False,vandal,rifle,,0.1156,0.6933,PROFEK,Team Vitality,astra,True,100,50,0,0,0,4,False,operator,sniper,,0.1644,0.4344
1363.395,2599,POST_ROUND,8,4,6,,,34.351,s0pp,FUT Esports,chamber,False,,27,0,7,0,5,False,operator,sniper,,,,xeus,FUT Esports,jett,False,,25,0,0,0,3,False,unknown,unknown,,0.2567,0.3767,sociablEE,FUT Esports,fade,False,,50,0,0,0,4,False,unknown,unknown,,,,yetujey,FUT Esports,astra,False,,50,0,0,0,7,True,vandal,rifle,,,,KROSTALY,FUT Esports,kayo,False,,50,0,0,0,4,False,vandal,rifle,,,,Chronicle,Team Vitality,chamber,False,,50,0,8,1,4,False,operator,sniper,,,,Derke,Team Vitality,neon,False,,50,1,0,1,7,True,phantom,rifle,,,,Jamppi,Team Vitality,kayo,False,,25,1,2,0,4,False,unknown,unknown,,,,Sayonara,Team Vitality,sova,True,82,14,0,1,0,0,False,vandal,rifle,,0.1156,0.6933,PROFEK,Team Vitality,astra,True,100,50,0,0,0,4,False,operator,sniper,,0.1644,0.4344
1363.879,2600,POST_ROUND,8,4,6,,,34.835,s0pp,FUT Esports,chamber,False,,27,0,7,0,5,False,operator,sniper,,,,xeus,FUT Esports,jett,False,,25,0,0,0,3,False,unknown,unknown,,0.2567,0.3767,sociablEE,FUT Esports,fade,False,,50,0,0,0,4,False,unknown,unknown,,,,yetujey,FUT Esports,astra,False,,50,0,0,0,7,True,vandal,rifle,,,,KROSTALY,FUT Esports,kayo,False,,50,0,0,0,4,False,vandal,rifle,,,,Chronicle,Team Vitality,chamber,False,,50,0,8,1,4,False,operator,sniper,,,,Derke,Team Vitality,neon,False,,50,1,0,1,7,True,phantom,rifle,,,,Jamppi,Team Vitality,kayo,False,,25,1,2,0,4,False,unknown,unknown,,,,Sayonara,Team Vitality,sova,True,82,14,0,1,0,0,False,vandal,rifle,,0.1156,0.6933,PROFEK,Team Vitality,astra,True,100,50,0,0,0,4,False,operator,sniper,,0.1644,0.4344
1364.847,2602,PREROUND,9,4,6,,,,s0pp,FUT Esports,chamber,True,,,0,7,1,7,False,,,,,,xeus,FUT Esports,jett,True,,,2,1,1,4,False,,,,,,sociablEE,FUT Esports,fade,True,,,2,1,1,5,False,,,,,,yetujey,FUT Esports,astra,True,,,1,3,1,7,True,,,,,,KROSTALY,FUT Esports,kayo,True,,,1,2,1,5,False,,,,,,Chronicle,Team Vitality,chamber,True,,,1,8,1,5,False,,,,,,Derke,Team Vitality,neon,True,,,1,1,1,7,True,,,,,,Jamppi,Team Vitality,kayo,True,,,1,2,1,6,False,,,,,,Sayonara,Team Vitality,sova,True,,,1,2,1,0,False,,,,,,PROFEK,Team Vitality,astra,True,,,1,2,1,4,False,,,,,
1365.331,2603,PREROUND,9,4,6,,,,s0pp,FUT Esports,chamber,True,,,0,7,1,7,False,,,,,,xeus,FUT Esports,jett,True,,,2,1,1,4,False,,,,,,sociablEE,FUT Esports,fade,True,,,2,1,1,5,False,,,,,,yetujey,FUT Esports,astra,True,,,1,3,1,7,True,,,,,,KROSTALY,FUT Esports,kayo,True,,,1,2,1,5,False,,,,,,Chronicle,Team Vitality,chamber,True,,,1,8,1,5,False,,,,,,Derke,Team Vitality,neon,True,,,1,1,1,7,True,,,,,,Jamppi,Team Vitality,kayo,True,,,1,2,1,6,False,,,,,,Sayonara,Team Vitality,sova,True,,,1,2,1,0,False,,,,,,PROFEK,Team Vitality,astra,True,,,1,2,1,4,False,,,,,
1365.814,2604,PREROUND,9,4,6,,,,s0pp,FUT Esports,chamber,True,,,0,7,1,7,False,,,,,,xeus,FUT Esports,jett,True,,,2,1,1,4,False,,,,,,sociablEE,FUT Esports,fade,True,,,2,1,1,5,False,,,,,,yetujey,FUT Esports,astra,True,,,1,3,1,7,True,,,,,,KROSTALY,FUT Esports,kayo,True,,,1,2,1,5,False,,,,,,Chronicle,Team Vitality,chamber,True,,,1,8,1,5,False,,,,,,Derke,Team Vitality,neon,True,,,1,1,1,7,True,,,,,,Jamppi,Team Vitality,kayo,True,,,1,2,1,6,False,,,,,,Sayonara,Team Vitality,sova,True,,,1,2,1,0,False,,,,,,PROFEK,Team Vitality,astra,True,,,1,2,1,4,False,,,,,
1366.298,2605,ACTIVE_ROUND,9,4,6,99.000,,,s0pp,FUT Esports,chamber,True,100,25,0,7,1,7,False,,,,,,xeus,FUT Esports,jett,True,100,25,2,1,1,4,False,,,,,,sociablEE,FUT Esports,fade,True,100,25,2,1,1,5,False,,,,0.8389,0.4222,yetujey,FUT Esports,astra,True,100,25,1,3,1,7,True,,,,,,KROSTALY,FUT Esports,kayo,True,100,,1,2,1,5,False,,,,0.8233,0.3189,Chronicle,Team Vitality,chamber,True,10,50,1,8,1,5,False,,,,0.2633,0.7689,Derke,Team Vitality,neon,True,10,50,1,1,1,7,True,,,,0.3289,0.7911,Jamppi,Team Vitality,kayo,True,10,25,1,2,1,6,False,,,,0.7756,0.7378,Sayonara,Team Vitality,sova,True,10,50,1,2,1,0,False,,,,0.2800,0.4978,PROFEK,Team Vitality,astra,True,10,50,1,2,1,4,False,,,,0.8978,0.5122
1366.782,2606,ACTIVE_ROUND,9,4,6,99.000,,,s0pp,FUT Esports,chamber,True,100,25,0,7,1,7,False,,,,,,xeus,FUT Esports,jett,True,100,25,2,1,1,4,False,,,,,,sociablEE,FUT Esports,fade,True,100,25,2,1,1,5,False,,,,0.8367,0.4178,yetujey,FUT Esports,astra,True,100,25,1,3,1,7,True,,,,0.3000,0.5167,KROSTALY,FUT Esports,kayo,True,100,,1,2,1,5,False,,,,0.8233,0.3189,Chronicle,Team Vitality,chamber,True,100,50,1,8,1,5,False,,,,0.3078,0.7622,Derke,Team Vitality,neon,True,100,50,1,1,1,7,True,,,,0.3400,0.7889,Jamppi,Team Vitality,kayo,True,100,25,1,2,1,6,False,,,,0.7733,0.7489,Sayonara,Team Vitality,sova,True,100,50,1,2,1,0,False,,,,0.8511,0.5044,PROFEK,Team Vitality,astra,True,100,50,1,2,1,4,False,,,,0.9000,0.5144
1367.266,2607,ACTIVE_ROUND,9,4,6,98.000,,,s0pp,FUT Esports,chamber,True,100,25,0,7,1,7,False,,,,0.1622,0.5267,xeus,FUT Esports,jett,True,100,25,2,1,1,4,False,,,,,,sociablEE,FUT Esports,fade,True,100,25,2,1,1,5,False,,,,0.8344,0.4111,yetujey,FUT Esports,astra,True,100,25,1,3,1,7,True,,,,0.3000,0.5300,KROSTALY,FUT Esports,kayo,True,100,,1,2,1,5,False,,,,0.8233,0.3189,Chronicle,Team Vitality,chamber,True,100,50,1,8,1,5,False,,,,0.3011,0.7444,Derke,Team Vitality,neon,True,100,50,1,1,1,7,True,,,,0.3556,0.7956,Jamppi,Team Vitality,kayo,True,100,25,1,2,1,6,False,,,,0.7644,0.7578,Sayonara,Team Vitality,sova,True,100,50,1,2,1,0,False,,,,0.8511,0.5044,PROFEK,Team Vitality,astra,True,100,50,1,2,1,4,False,,,,0.9000,0.5144
1367.750,2608,ACTIVE_ROUND,9,4,6,98.000,,,s0pp,FUT Esports,chamber,True,100,25,0,7,1,7,False,vandal,rifle,,0.1600,0.5444,xeus,FUT Esports,jett,True,100,25,2,1,1,4,False,sheriff,sidearm,,,,sociablEE,FUT Esports,fade,True,100,25,2,1,1,5,False,vandal,rifle,,0.8367,0.4222,yetujey,FUT Esports,astra,True,100,25,1,1,0,7,True,sheriff,sidearm,,0.3000,0.5300,KROSTALY,FUT Esports,kayo,True,100,,1,2,1,5,False,sheriff,sidearm,,0.8233,0.3189,Chronicle,Team Vitality,chamber,True,100,50,1,8,1,5,False,outlaw,sniper,,0.2633,0.7756,Derke,Team Vitality,neon,True,100,50,1,1,1,7,True,phantom,rifle,,0.3533,0.7911,Jamppi,Team Vitality,kayo,True,100,25,1,2,1,6,False,vandal,rifle,,0.7578,0.7644,Sayonara,Team Vitality,sova,True,100,50,1,2,1,0,False,vandal,rifle,,0.8511,0.5044,PROFEK,Team Vitality,astra,True,100,50,1,2,0,4,False,phantom,rifle,,0.9000,0.5144
1368.234,2609,ACTIVE_ROUND,9,4,6,97.000,,,s0pp,FUT Esports,chamber,True,100,25,0,7,1,7,False,vandal,rifle,,0.1600,0.5578,xeus,FUT Esports,jett,True,100,25,2,1,1,4,False,sheriff,sidearm,,,,sociablEE,FUT Esports,fade,True,100,25,2,1,1,5,False,vandal,rifle,,0.8411,0.4333,yetujey,FUT Esports,astra,True,100,25,1,1,0,7,True,sheriff,sidearm,,0.3000,0.5300,KROSTALY,FUT Esports,kayo,True,100,,1,2,1,5,False,sheriff,sidearm,,0.8233,0.3189,Chronicle,Team Vitality,chamber,True,100,50,1,8,1,5,False,outlaw,sniper,,0.3878,0.6733,Derke,Team Vitality,neon,True,100,50,1,1,1,7,True,phantom,rifle,,0.3489,0.7933,Jamppi,Team Vitality,kayo,True,100,25,1,2,1,6,False,vandal,rifle,,0.7467,0.7711,Sayonara,Team Vitality,sova,True,100,50,1,2,1,0,False,vandal,rifle,,0.8511,0.5044,PROFEK,Team Vitality,astra,True,100,50,1,2,0,4,False,phantom,rifle,,0.9000,0.5144
1368.717,2610,ACTIVE_ROUND,9,4,6,97.000,,,s0pp,FUT Esports,chamber,True,100,25,0,7,1,7,False,vandal,rifle,,0.1511,0.5600,xeus,FUT Esports,jett,True,100,25,2,1,1,4,False,sheriff,sidearm,,,,sociablEE,FUT Esports,fade,True,100,25,2,1,1,5,False,vandal,rifle,,0.8433,0.4444,yetujey,FUT Esports,astra,True,100,25,1,1,0,7,True,sheriff,sidearm,,0.2933,0.5256,KROSTALY,FUT Esports,kayo,True,100,,1,2,1,5,False,sheriff,sidearm,,0.8233,0.3189,Chronicle,Team Vitality,chamber,True,100,50,1,8,1,5,False,outlaw,sniper,,0.2678,0.7289,Derke,Team Vitality,neon,True,100,50,1,1,1,7,True,phantom,rifle,,0.3600,0.7778,Jamppi,Team Vitality,kayo,True,100,25,1,2,1,6,False,vandal,rifle,,0.7400,0.7778,Sayonara,Team Vitality,sova,True,100,50,1,2,1,0,False,vandal,rifle,,0.8511,0.5044,PROFEK,Team Vitality,astra,True,100,50,1,2,0,4,False,phantom,rifle,,0.9000,0.5144
1369.201,2611,ACTIVE_ROUND,9,4,6,96.000,,,s0pp,FUT Esports,chamber,True,100,25,0,7,1,7,False,vandal,rifle,,0.1400,0.5578,xeus,FUT Esports,jett,True,100,25,2,1,1,4,False,sheriff,sidearm,,,,sociablEE,FUT Esports,fade,True,100,25,2,1,1,5,False,vandal,rifle,,0.8433,0.4444,yetujey,FUT Esports,astra,True,100,25,1,1,0,7,True,sheriff,sidearm,,0.2933,0.5144,KROSTALY,FUT Esports,kayo,True,100,,1,2,1,5,False,sheriff,sidearm,,0.8233,0.3189,Chronicle,Team Vitality,chamber,True,100,50,1,8,1,5,False,outlaw,sniper,,0.1078,0.7111,Derke,Team Vitality,neon,True,100,50,1,1,1,7,True,phantom,rifle,,0.3600,0.7778,Jamppi,Team Vitality,kayo,True,100,25,1,2,1,6,False,vandal,rifle,,0.7333,0.7867,Sayonara,Team Vitality,sova,True,100,50,1,2,1,0,False,vandal,rifle,,0.8511,0.5044,PROFEK,Team Vitality,astra,True,100,50,1,2,0,4,False,phantom,rifle,,0.9000,0.5144
1369.685,2612,ACTIVE_ROUND,9,4,6,96.000,,,s0pp,FUT Esports,chamber,True,100,25,0,7,1,7,False,vandal,rifle,,0.1356,0.5511,xeus,FUT Esports,jett,True,100,25,2,1,1,4,False,sheriff,sidearm,,0.8300,0.4411,sociablEE,FUT Esports,fade,True,100,25,2,1,1,5,False,vandal,rifle,,0.8433,0.4444,yetujey,FUT Esports,astra,True,100,25,1,1,0,7,True,sheriff,sidearm,,0.2933,0.5144,KROSTALY,FUT Esports,kayo,True,100,,1,2,1,5,False,sheriff,sidearm,,0.8211,0.3189,Chronicle,Team Vitality,chamber,True,100,50,1,8,1,5,False,outlaw,sniper,,0.2633,0.7622,Derke,Team Vitality,neon,True,100,50,1,1,1,7,True,phantom,rifle,,0.4022,0.8067,Jamppi,Team Vitality,kayo,True,100,25,1,2,1,6,False,vandal,rifle,,0.7244,0.7933,Sayonara,Team Vitality,sova,True,100,50,0,2,1,0,False,vandal,rifle,,0.8511,0.5044,PROFEK,Team Vitality,astra,True,100,50,0,1,0,4,False,phantom,rifle,,0.9000,0.5144
1370.169,2613,ACTIVE_ROUND,9,4,6,95.000,,,s0pp,FUT Esports,chamber,True,100,25,0,7,1,7,False,vandal,rifle,,0.1333,0.5489,xeus,FUT Esports,jett,True,100,25,2,1,1,4,False,sheriff,sidearm,,0.8389,0.4456,sociablEE,FUT Esports,fade,True,100,25,2,1,1,5,False,vandal,rifle,,0.8478,0.4778,yetujey,FUT Esports,astra,True,100,25,1,1,0,7,True,sheriff,sidearm,,0.2933,0.5144,KROSTALY,FUT Esports,kayo,True,100,,1,2,1,5,False,sheriff,sidearm,,0.8100,0.3100,Chronicle,Team Vitality,chamber,True,100,50,1,8,1,5,False,outlaw,sniper,,0.3878,0.6711,Derke,Team Vitality,neon,True,100,50,1,1,1,7,True,phantom,rifle,,0.4044,0.8089,Jamppi,Team Vitality,kayo,True,100,25,1,2,1,6,False,vandal,rifle,,0.7267,0.7956,Sayonara,Team Vitality,sova,True,100,50,0,2,1,0,False,vandal,rifle,,0.8511,0.5044,PROFEK,Team Vitality,astra,True,100,50,0,1,0,4,False,phantom,rifle,,0.9000,0.5144
1370.653,2614,ACTIVE_ROUND,9,4,6,95.000,,,s0pp,FUT Esports,chamber,True,100,25,0,7,1,7,False,vandal,rifle,,0.1333,0.5489,xeus,FUT Esports,jett,True,100,25,2,1,1,4,False,sheriff,sidearm,,0.8411,0.4544,sociablEE,FUT Esports,fade,True,100,25,2,1,1,5,False,vandal,rifle,,0.8478,0.4778,yetujey,FUT Esports,astra,True,100,25,1,1,0,7,True,sheriff,sidearm,,0.2933,0.5144,KROSTALY,FUT Esports,kayo,True,100,,1,2,1,5,False,sheriff,sidearm,,0.7989,0.3011,Chronicle,Team Vitality,chamber,True,100,50,1,8,1,5,False,outlaw,sniper,,0.3878,0.6711,Derke,Team Vitality,neon,True,100,50,1,1,1,7,True,phantom,rifle,,0.3844,0.8111,Jamppi,Team Vitality,kayo,True,100,25,1,2,1,6,False,vandal,rifle,,0.7244,0.7978,Sayonara,Team Vitality,sova,True,100,50,0,2,1,0,False,vandal,rifle,,0.8511,0.5044,PROFEK,Team Vitality,astra,True,100,50,0,1,0,4,False,phantom,rifle,,0.9000,0.5144
1371.136,2615,ACTIVE_ROUND,9,4,6,94.000,,,s0pp,FUT Esports,chamber,True,100,25,0,7,1,7,False,vandal,rifle,,0.1400,0.5622,xeus,FUT Esports,jett,True,100,25,2,1,1,4,False,sheriff,sidearm,,0.8389,0.4567,sociablEE,FUT Esports,fade,True,100,25,2,1,1,5,False,vandal,rifle,,0.8589,0.4822,yetujey,FUT Esports,astra,True,100,25,1,1,0,7,True,sheriff,sidearm,,0.2844,0.4522,KROSTALY,FUT Esports,kayo,True,100,,1,2,1,5,False,sheriff,sidearm,,0.7922,0.2878,Chronicle,Team Vitality,chamber,True,100,50,1,8,1,5,False,outlaw,sniper,,0.0989,0.6911,Derke,Team Vitality,neon,True,100,50,1,1,1,7,True,phantom,rifle,,0.3556,0.8044,Jamppi,Team Vitality,kayo,True,100,25,1,2,1,6,False,vandal,rifle,,0.7244,0.7978,Sayonara,Team Vitality,sova,True,100,50,0,2,1,0,False,vandal,rifle,,0.8511,0.5044,PROFEK,Team Vitality,astra,True,100,50,0,1,0,4,False,phantom,rifle,,0.9000,0.5144
1371.620,2616,ACTIVE_ROUND,9,4,6,94.000,,,s0pp,FUT Esports,chamber,True,100,25,0,7,1,7,False,vandal,rifle,,0.1400,0.5622,xeus,FUT Esports,jett,True,100,25,2,1,1,4,False,sheriff,sidearm,,0.8389,0.4567,sociablEE,FUT Esports,fade,True,100,25,2,1,1,5,False,vandal,rifle,,0.8678,0.4822,yetujey,FUT Esports,astra,True,100,25,1,1,0,7,True,sheriff,sidearm,,0.2844,0.4522,KROSTALY,FUT Esports,kayo,True,100,,1,2,0,5,False,sheriff,sidearm,,0.8056,0.4433,Chronicle,Team Vitality,chamber,True,100,50,1,8,1,5,False,outlaw,sniper,,0.2633,0.8044,Derke,Team Vitality,neon,True,100,50,1,1,1,7,True,phantom,rifle,,0.3289,0.7867,Jamppi,Team Vitality,kayo,True,100,25,1,2,1,6,False,vandal,rifle,,0.7244,0.7978,Sayonara,Team Vitality,sova,True,100,50,0,2,1,0,False,vandal,rifle,,0.8511,0.5044,PROFEK,Team Vitality,astra,True,100,50,2,1,0,4,False,phantom,rifle,,0.9000,0.5144
1372.104,2617,ACTIVE_ROUND,9,4,6,93.000,,,s0pp,FUT Esports,chamber,True,100,25,0,7,1,7,False,vandal,rifle,,0.1422,0.5600,xeus,FUT Esports,jett,True,100,25,2,1,1,4,False,sheriff,sidearm,,0.7789,0.2767,sociablEE,FUT Esports,fade,True,100,25,2,1,1,5,False,vandal,rifle,,0.8767,0.4822,yetujey,FUT Esports,astra,True,100,25,1,1,0,7,True,sheriff,sidearm,,0.2844,0.4522,KROSTALY,FUT Esports,kayo,True,100,,1,2,0,5,False,sheriff,sidearm,,0.2856,0.4456,Chronicle,Team Vitality,chamber,True,100,50,1,8,1,5,False,outlaw,sniper,,0.3878,0.7533,Derke,Team Vitality,neon,True,100,50,1,1,1,7,True,phantom,rifle,,0.3089,0.7622,Jamppi,Team Vitality,kayo,True,100,25,1,2,1,6,False,vandal,rifle,,0.7333,0.7911,Sayonara,Team Vitality,sova,True,100,50,0,2,1,0,False,vandal,rifle,,0.8511,0.5044,PROFEK,Team Vitality,astra,True,100,50,2,1,0,4,False,phantom,rifle,,0.4289,0.7100
1372.588,2618,ACTIVE_ROUND,9,4,6,93.000,,,s0pp,FUT Esports,chamber,True,100,25,0,7,1,7,False,vandal,rifle,,0.1467,0.5600,xeus,FUT Esports,jett,True,100,25,2,1,1,4,False,sheriff,sidearm,,0.7789,0.2767,sociablEE,FUT Esports,fade,True,100,25,2,1,1,5,False,vandal,rifle,,0.8811,0.4844,yetujey,FUT Esports,astra,True,100,25,1,1,0,7,True,sheriff,sidearm,,0.2844,0.4522,KROSTALY,FUT Esports,kayo,True,100,,1,2,0,5,False,sheriff,sidearm,,0.7522,0.2300,Chronicle,Team Vitality,chamber,True,100,50,1,8,1,5,False,outlaw,sniper,,0.3878,0.7467,Derke,Team Vitality,neon,True,100,50,1,1,1,7,True,phantom,rifle,,0.3089,0.7622,Jamppi,Team Vitality,kayo,True,100,25,1,2,1,6,False,vandal,rifle,,0.7311,0.7911,Sayonara,Team Vitality,sova,True,100,50,0,2,1,0,False,vandal,rifle,,0.8511,0.5044,PROFEK,Team Vitality,astra,True,100,50,2,1,0,4,False,phantom,rifle,,0.4289,0.7100
1373.072,2619,ACTIVE_ROUND,9,4,6,92.000,,,s0pp,FUT Esports,chamber,True,100,25,0,7,1,7,False,vandal,rifle,,0.1467,0.5600,xeus,FUT Esports,jett,True,100,25,2,1,1,4,False,sheriff,sidearm,,0.7789,0.2767,sociablEE,FUT Esports,fade,True,100,25,2,1,1,5,False,vandal,rifle,,0.8922,0.4889,yetujey,FUT Esports,astra,True,100,25,1,1,0,7,True,sheriff,sidearm,,0.2844,0.4522,KROSTALY,FUT Esports,kayo,True,100,,1,2,0,5,False,sheriff,sidearm,,0.7344,0.2144,Chronicle,Team Vitality,chamber,True,100,50,1,8,1,5,False,outlaw,sniper,,0.3878,0.6733,Derke,Team Vitality,neon,True,100,50,1,1,1,7,True,phantom,rifle,,0.2733,0.7222,Jamppi,Team Vitality,kayo,True,100,25,1,2,1,6,False,vandal,rifle,,0.7311,0.7911,Sayonara,Team Vitality,sova,True,100,50,0,2,1,0,False,vandal,rifle,,0.8511,0.5044,PROFEK,Team Vitality,astra,True,100,50,2,1,0,4,False,phantom,rifle,,0.4289,0.7100
1373.556,2620,ACTIVE_ROUND,9,4,6,92.000,,,s0pp,FUT Esports,chamber,True,100,25,0,7,1,7,False,vandal,rifle,,0.1467,0.5600,xeus,FUT Esports,jett,True,100,25,2,1,1,4,False,sheriff,sidearm,,0.1389,0.5589,sociablEE,FUT Esports,fade,True,100,25,2,1,1,5,False,vandal,rifle,,0.8989,0.4956,yetujey,FUT Esports,astra,True,100,25,1,0,0,7,True,sheriff,sidearm,,0.2844,0.4522,KROSTALY,FUT Esports,kayo,True,100,,1,2,0,5,False,sheriff,sidearm,,0.0989,0.5344,Chronicle,Team Vitality,chamber,True,100,50,1,8,1,5,False,outlaw,sniper,,0.6589,0.8000,Derke,Team Vitality,neon,True,100,50,1,1,1,7,True,phantom,rifle,,0.2733,0.7222,Jamppi,Team Vitality,kayo,True,100,25,1,2,1,6,False,vandal,rifle,,0.7311,0.7911,Sayonara,Team Vitality,sova,True,100,50,0,2,1,0,False,vandal,rifle,,0.8511,0.5044,PROFEK,Team Vitality,astra,True,100,50,1,2,0,4,False,phantom,rifle,,0.4289,0.7100
1374.039,2621,ACTIVE_ROUND,9,4,6,91.000,,,s0pp,FUT Esports,chamber,True,100,25,0,7,1,7,False,vandal,rifle,,0.1356,0.5600,xeus,FUT Esports,jett,True,100,25,2,1,1,4,False,sheriff,sidearm,,0.8944,0.4856,sociablEE,FUT Esports,fade,True,100,25,2,1,1,5,False,vandal,rifle,,0.8989,0.5089,yetujey,FUT Esports,astra,True,100,25,1,0,0,7,True,sheriff,sidearm,,0.6911,0.2056,KROSTALY,FUT Esports,kayo,True,100,,1,2,0,5,False,sheriff,sidearm,,0.2189,0.4433,Chronicle,Team Vitality,chamber,True,100,50,1,8,1,5,False,outlaw,sniper,,0.3878,0.6667,Derke,Team Vitality,neon,True,100,50,1,1,1,7,True,phantom,rifle,,0.2733,0.7222,Jamppi,Team Vitality,kayo,True,100,25,1,2,1,6,False,vandal,rifle,,0.7311,0.7911,Sayonara,Team Vitality,sova,True,100,50,0,2,1,0,False,vandal,rifle,,0.8511,0.5044,PROFEK,Team Vitality,astra,True,100,50,1,2,0,4,False,phantom,rifle,,0.4289,0.7100
1374.523,2622,ACTIVE_ROUND,9,4,6,91.000,,,s0pp,FUT Esports,chamber,True,100,25,0,7,1,7,False,vandal,rifle,,0.1400,0.5667,xeus,FUT Esports,jett,True,100,25,2,1,1,4,False,sheriff,sidearm,,0.9011,0.4922,sociablEE,FUT Esports,fade,True,100,25,2,1,1,5,False,vandal,rifle,,0.8967,0.5222,yetujey,FUT Esports,astra,True,100,25,1,0,0,7,True,sheriff,sidearm,,0.2044,0.4478,KROSTALY,FUT Esports,kayo,True,100,,1,2,0,5,False,sheriff,sidearm,,0.6656,0.2011,Chronicle,Team Vitality,chamber,True,100,50,1,8,1,5,False,outlaw,sniper,,0.3878,0.6667,Derke,Team Vitality,neon,True,100,50,1,1,1,7,True,phantom,rifle,,0.2733,0.7222,Jamppi,Team Vitality,kayo,True,100,25,1,2,1,6,False,vandal,rifle,,0.7311,0.7911,Sayonara,Team Vitality,sova,True,100,50,0,2,1,0,False,vandal,rifle,,0.1778,0.6600,PROFEK,Team Vitality,astra,True,100,50,1,2,0,4,False,phantom,rifle,,0.4289,0.7100
1375.007,2623,ACTIVE_ROUND,9,4,6,90.000,,,s0pp,FUT Esports,chamber,True,100,25,0,7,1,7,False,vandal,rifle,,0.1978,0.4556,xeus,FUT Esports,jett,True,100,25,2,1,1,4,False,sheriff,sidearm,,0.9078,0.5033,sociablEE,FUT Esports,fade,True,100,25,2,1,1,5,False,vandal,rifle,,0.8989,0.5378,yetujey,FUT Esports,astra,True,100,25,1,0,0,7,True,sheriff,sidearm,,0.2044,0.4478,KROSTALY,FUT Esports,kayo,True,100,,1,2,0,5,False,sheriff,sidearm,,0.6456,0.1944,Chronicle,Team Vitality,chamber,True,100,50,1,8,1,5,False,outlaw,sniper,,0.3878,0.6667,Derke,Team Vitality,neon,True,100,50,1,1,1,7,True,phantom,rifle,,0.2733,0.7222,Jamppi,Team Vitality,kayo,True,100,25,1,2,1,6,False,vandal,rifle,,0.7311,0.7911,Sayonara,Team Vitality,sova,True,100,50,0,2,1,0,False,vandal,rifle,,0.1778,0.6600,PROFEK,Team Vitality,astra,True,100,50,1,2,0,4,False,phantom,rifle,,0.4289,0.7100
1375.491,2624,ACTIVE_ROUND,9,4,6,90.000,,,s0pp,FUT Esports,chamber,True,100,25,0,7,1,7,False,vandal,rifle,,0.1267,0.5711,xeus,FUT Esports,jett,True,100,25,2,1,1,4,False,sheriff,sidearm,,0.9122,0.5056,sociablEE,FUT Esports,fade,True,100,25,2,1,1,5,False,vandal,rifle,,0.8922,0.5489,yetujey,FUT Esports,astra,True,100,25,1,0,0,7,True,sheriff,sidearm,,0.1933,0.4656,KROSTALY,FUT Esports,kayo,True,100,,1,2,0,5,False,sheriff,sidearm,,0.6233,0.1967,Chronicle,Team Vitality,chamber,True,100,50,1,8,1,5,False,outlaw,sniper,,0.3878,0.6644,Derke,Team Vitality,neon,True,100,50,1,1,1,7,True,phantom,rifle,,0.2311,0.7244,Jamppi,Team Vitality,kayo,True,100,25,1,2,1,6,False,vandal,rifle,,0.7311,0.7911,Sayonara,Team Vitality,sova,True,100,50,0,2,1,0,False,vandal,rifle,,0.1778,0.6600,PROFEK,Team Vitality,astra,True,100,50,2,1,0,4,False,phantom,rifle,,0.4289,0.7100
1375.975,2625,ACTIVE_ROUND,9,4,6,89.000,,,s0pp,FUT Esports,chamber,True,100,25,0,7,1,7,False,vandal,rifle,,0.1267,0.5711,xeus,FUT Esports,jett,True,100,25,2,1,1,4,False,sheriff,sidearm,,0.1500,0.5878,sociablEE,FUT Esports,fade,True,100,25,2,1,1,5,False,vandal,rifle,,0.8944,0.5444,yetujey,FUT Esports,astra,True,100,25,1,0,0,7,True,sheriff,sidearm,,0.1933,0.4656,KROSTALY,FUT Esports,kayo,True,100,,1,2,0,5,False,sheriff,sidearm,,0.5989,0.1944,Chronicle,Team Vitality,chamber,False,,50,1,8,1,5,False,outlaw,sniper,,0.3878,0.6578,Derke,Team Vitality,neon,True,100,50,1,1,1,7,True,phantom,rifle,,0.2178,0.7311,Jamppi,Team Vitality,kayo,True,100,25,1,2,1,6,False,vandal,rifle,,0.7311,0.7911,Sayonara,Team Vitality,sova,True,100,50,0,2,1,0,False,vandal,rifle,,0.1778,0.6600,PROFEK,Team Vitality,astra,True,100,50,2,1,0,4,False,phantom,rifle,,0.4289,0.7100
1376.458,2626,ACTIVE_ROUND,9,4,6,89.000,,,s0pp,FUT Esports,chamber,True,100,25,0,7,1,7,False,vandal,rifle,,0.1267,0.5711,xeus,FUT Esports,jett,True,100,25,2,1,1,4,False,sheriff,sidearm,,0.8944,0.4944,sociablEE,FUT Esports,fade,True,100,25,2,1,1,5,False,vandal,rifle,,0.8944,0.5422,yetujey,FUT Esports,astra,True,100,25,1,0,0,7,True,sheriff,sidearm,,0.1933,0.4656,KROSTALY,FUT Esports,kayo,True,100,,1,2,0,5,False,sheriff,sidearm,,0.5811,0.1989,Chronicle,Team Vitality,chamber,False,,50,1,8,1,5,False,outlaw,sniper,,,,Derke,Team Vitality,neon,True,100,50,1,1,1,7,True,phantom,rifle,,0.2178,0.7311,Jamppi,Team Vitality,kayo,True,100,25,1,2,1,6,False,vandal,rifle,,0.7267,0.7889,Sayonara,Team Vitality,sova,True,100,50,0,2,1,0,False,vandal,rifle,,0.1778,0.6600,PROFEK,Team Vitality,astra,True,100,50,2,1,0,4,False,phantom,rifle,,0.1578,0.6967
1376.942,2627,ACTIVE_ROUND,9,4,6,88.000,,,s0pp,FUT Esports,chamber,True,100,25,0,7,1,7,False,vandal,rifle,,0.1267,0.5711,xeus,FUT Esports,jett,True,100,25,2,1,1,4,False,sheriff,sidearm,,0.8944,0.4944,sociablEE,FUT Esports,fade,True,100,25,2,1,1,5,False,vandal,rifle,,0.8944,0.5422,yetujey,FUT Esports,astra,True,100,25,1,0,0,7,True,sheriff,sidearm,,0.1933,0.4656,KROSTALY,FUT Esports,kayo,True,100,,1,2,0,5,False,sheriff,sidearm,,0.5633,0.2189,Chronicle,Team Vitality,chamber,False,,50,1,8,1,5,False,outlaw,sniper,,,,Derke,Team Vitality,neon,True,100,50,1,1,1,7,True,phantom,rifle,,0.1956,0.7378,Jamppi,Team Vitality,kayo,True,100,25,1,2,1,6,False,vandal,rifle,,0.7289,0.7911,Sayonara,Team Vitality,sova,True,100,50,0,2,1,0,False,vandal,rifle,,0.9267,0.2711,PROFEK,Team Vitality,astra,True,100,50,2,1,0,4,False,phantom,rifle,,0.1578,0.6967
1377.426,2628,ACTIVE_ROUND,9,4,6,88.000,,,s0pp,FUT Esports,chamber,True,100,25,0,7,0,7,True,vandal,rifle,,0.1267,0.5711,xeus,FUT Esports,jett,True,100,25,2,1,1,4,False,sheriff,sidearm,,0.8944,0.4944,sociablEE,FUT Esports,fade,True,100,25,1,1,1,5,False,vandal,rifle,,0.9011,0.5489,yetujey,FUT Esports,astra,True,100,25,1,0,0,7,True,sheriff,sidearm,,0.2044,0.4611,KROSTALY,FUT Esports,kayo,True,100,,1,2,0,5,False,sheriff,sidearm,,0.5344,0.1344,Chronicle,Team Vitality,chamber,False,,50,1,8,1,5,False,outlaw,sniper,,,,Derke,Team Vitality,neon,True,100,50,1,1,1,7,True,phantom,rifle,,0.1778,0.7422,Jamppi,Team Vitality,kayo,True,100,25,1,2,1,6,False,vandal,rifle,,0.7311,0.7911,Sayonara,Team Vitality,sova,True,100,50,0,2,1,0,False,vandal,rifle,,0.2511,0.7133,PROFEK,Team Vitality,astra,True,100,50,2,1,0,4,False,phantom,rifle,,0.1578,0.6967
1377.910,2629,ACTIVE_ROUND,9,4,6,87.000,,,s0pp,FUT Esports,chamber,True,100,25,0,7,0,7,True,vandal,rifle,,0.1267,0.5711,xeus,FUT Esports,jett,True,100,25,2,1,1,4,False,sheriff,sidearm,,0.8389,0.4522,sociablEE,FUT Esports,fade,True,100,25,1,1,1,5,False,vandal,rifle,,0.9033,0.5556,yetujey,FUT Esports,astra,True,100,25,1,0,0,7,True,sheriff,sidearm,,0.2044,0.4611,KROSTALY,FUT Esports,kayo,True,100,,1,2,0,5,False,sheriff,sidearm,,0.8167,0.4456,Chronicle,Team Vitality,chamber,False,,50,1,8,1,5,False,outlaw,sniper,,,,Derke,Team Vitality,neon,True,100,50,1,1,1,7,True,phantom,rifle,,0.1778,0.7422,Jamppi,Team Vitality,kayo,True,100,25,1,2,1,6,False,vandal,rifle,,0.7289,0.7911,Sayonara,Team Vitality,sova,True,100,50,0,2,1,0,False,vandal,rifle,,0.8511,0.4978,PROFEK,Team Vitality,astra,True,100,50,2,1,0,4,False,phantom,rifle,,0.1578,0.6967
1378.394,2630,ACTIVE_ROUND,9,4,6,87.000,,,s0pp,FUT Esports,chamber,True,100,25,0,7,0,7,True,vandal,rifle,,0.1267,0.5711,xeus,FUT Esports,jett,True,100,25,2,1,1,4,False,sheriff,sidearm,,0.8411,0.4300,sociablEE,FUT Esports,fade,True,100,25,1,1,1,5,False,vandal,rifle,,0.9033,0.5556,yetujey,FUT Esports,astra,True,100,25,1,0,0,7,True,sheriff,sidearm,,0.2511,0.4544,KROSTALY,FUT Esports,kayo,True,100,,1,2,0,5,False,sheriff,sidearm,,0.5011,0.2478,Chronicle,Team Vitality,chamber,False,,50,1,8,1,5,False,outlaw,sniper,,,,Derke,Team Vitality,neon,True,100,50,1,1,1,7,True,phantom,rifle,,0.1778,0.7422,Jamppi,Team Vitality,kayo,True,100,25,1,2,1,6,False,vandal,rifle,,0.7289,0.7911,Sayonara,Team Vitality,sova,True,100,50,0,2,1,0,False,vandal,rifle,,0.1778,0.6733,PROFEK,Team Vitality,astra,True,100,50,2,1,0,4,False,phantom,rifle,,0.3156,0.7589
1378.878,2631,ACTIVE_ROUND,9,4,6,86.000,,,s0pp,FUT Esports,chamber,True,100,25,0,7,0,7,True,vandal,rifle,,0.1267,0.5711,xeus,FUT Esports,jett,True,100,25,2,1,1,4,False,sheriff,sidearm,,0.8344,0.4078,sociablEE,FUT Esports,fade,True,100,25,1,1,1,5,False,vandal,rifle,,0.9033,0.5556,yetujey,FUT Esports,astra,True,100,25,1,0,0,7,True,sheriff,sidearm,,0.2511,0.4544,KROSTALY,FUT Esports,kayo,True,100,,1,2,0,5,False,sheriff,sidearm,,0.4789,0.2544,Chronicle,Team Vitality,chamber,False,,50,1,8,1,5,False,outlaw,sniper,,,,Derke,Team Vitality,neon,True,100,50,1,1,1,7,True,phantom,rifle,,0.1333,0.7467,Jamppi,Team Vitality,kayo,True,100,25,1,2,1,6,False,vandal,rifle,,0.7289,0.7911,Sayonara,Team Vitality,sova,True,100,50,0,2,1,0,False,vandal,rifle,,0.1778,0.6733,PROFEK,Team Vitality,astra,True,100,50,2,1,0,4,False,phantom,rifle,,0.8978,0.5122
1379.361,2632,ACTIVE_ROUND,9,4,6,86.000,,,s0pp,FUT Esports,chamber,True,100,25,0,7,0,7,True,vandal,rifle,,0.1267,0.5711,xeus,FUT Esports,jett,True,100,25,2,1,1,4,False,sheriff,sidearm,,0.8322,0.3922,sociablEE,FUT Esports,fade,True,100,25,1,1,1,5,False,vandal,rifle,,0.9033,0.5556,yetujey,FUT Esports,astra,True,100,25,1,0,0,7,True,sheriff,sidearm,,0.2511,0.4544,KROSTALY,FUT Esports,kayo,True,100,,1,2,0,5,False,sheriff,sidearm,,0.4544,0.2589,Chronicle,Team Vitality,chamber,False,,50,1,8,1,5,False,outlaw,sniper,,,,Derke,Team Vitality,neon,True,100,50,1,1,1,7,True,outlaw,sniper,,0.1400,0.7356,Jamppi,Team Vitality,kayo,True,100,25,1,2,1,6,False,vandal,rifle,,0.7311,0.7911,Sayonara,Team Vitality,sova,True,100,50,0,2,1,0,False,vandal,rifle,,0.3200,0.7689,PROFEK,Team Vitality,astra,True,100,50,1,1,0,4,False,phantom,rifle,,0.8978,0.5122
1379.845,2633,ACTIVE_ROUND,9,4,6,86.000,,,s0pp,FUT Esports,chamber,True,100,25,0,7,0,7,True,vandal,rifle,,0.2733,0.3933,xeus,FUT Esports,jett,True,100,25,2,1,1,4,False,sheriff,sidearm,,0.8256,0.3789,sociablEE,FUT Esports,fade,True,100,25,1,1,1,5,False,vandal,rifle,,0.9033,0.5556,yetujey,FUT Esports,astra,True,100,25,1,0,0,7,True,sheriff,sidearm,,0.2511,0.4544,KROSTALY,FUT Esports,kayo,True,100,,1,2,0,5,False,sheriff,sidearm,,0.4322,0.2656,Chronicle,Team Vitality,chamber,False,,50,1,8,1,5,False,outlaw,sniper,,,,Derke,Team Vitality,neon,True,100,50,1,1,1,7,True,outlaw,sniper,,0.4867,0.6178,Jamppi,Team Vitality,kayo,True,100,25,1,2,1,6,False,vandal,rifle,,0.7311,0.7911,Sayonara,Team Vitality,sova,True,100,50,0,2,1,0,False,vandal,rifle,,0.3378,0.7822,PROFEK,Team Vitality,astra,True,100,50,1,1,0,4,False,phantom,rifle,,0.8978,0.5122
1380.329,2634,ACTIVE_ROUND,9,4,6,85.000,,,s0pp,FUT Esports,chamber,True,100,25,0,7,0,7,True,vandal,rifle,,0.2956,0.3844,xeus,FUT Esports,jett,True,100,25,2,1,1,4,False,sheriff,sidearm,,0.8189,0.3722,sociablEE,FUT Esports,fade,True,100,25,1,1,1,5,False,vandal,rifle,,0.8989,0.5489,yetujey,FUT Esports,astra,True,100,25,1,0,0,7,True,sheriff,sidearm,,0.2511,0.4544,KROSTALY,FUT Esports,kayo,True,100,,1,2,0,5,False,sheriff,sidearm,,0.4122,0.2767,Chronicle,Team Vitality,chamber,False,,50,1,8,1,5,False,outlaw,sniper,,,,Derke,Team Vitality,neon,True,100,50,1,1,1,7,True,outlaw,sniper,,0.4022,0.7911,Jamppi,Team Vitality,kayo,True,100,25,1,2,1,6,False,vandal,rifle,,0.7311,0.7911,Sayonara,Team Vitality,sova,True,100,50,0,2,1,0,False,vandal,rifle,,0.3600,0.7933,PROFEK,Team Vitality,astra,True,100,50,1,1,0,4,False,phantom,rifle,,0.8978,0.5122
1380.813,2635,ACTIVE_ROUND,9,4,6,85.000,,,s0pp,FUT Esports,chamber,True,100,25,0,7,0,7,True,vandal,rifle,,0.3178,0.3756,xeus,FUT Esports,jett,True,100,25,2,1,1,4,False,sheriff,sidearm,,0.8078,0.3656,sociablEE,FUT Esports,fade,True,100,25,1,1,1,5,False,vandal,rifle,,0.8944,0.5356,yetujey,FUT Esports,astra,True,100,25,1,0,0,7,True,sheriff,sidearm,,0.2511,0.4544,KROSTALY,FUT Esports,kayo,True,100,,1,2,0,5,False,sheriff,sidearm,,0.2589,0.4967,Chronicle,Team Vitality,chamber,False,,50,1,8,1,5,False,outlaw,sniper,,,,Derke,Team Vitality,neon,True,100,50,1,1,1,7,True,outlaw,sniper,,0.1333,0.7378,Jamppi,Team Vitality,kayo,True,100,25,1,2,1,6,False,vandal,rifle,,0.7311,0.7911,Sayonara,Team Vitality,sova,True,100,50,0,2,1,0,False,vandal,rifle,,0.4200,0.7689,PROFEK,Team Vitality,astra,True,100,50,1,1,0,4,False,phantom,rifle,,0.8978,0.5122
1381.297,2636,ACTIVE_ROUND,9,4,6,84.000,,,s0pp,FUT Esports,chamber,True,100,25,0,7,0,7,True,vandal,rifle,,0.3400,0.3689,xeus,FUT Esports,jett,True,100,25,2,1,1,4,False,sheriff,sidearm,,0.7989,0.3611,sociablEE,FUT Esports,fade,True,100,25,1,1,1,6,False,vandal,rifle,,0.8900,0.5222,yetujey,FUT Esports,astra,True,100,25,1,0,0,7,True,sheriff,sidearm,,0.3022,0.5144,KROSTALY,FUT Esports,kayo,True,100,,1,2,0,5,False,sheriff,sidearm,,0.2589,0.4967,Chronicle,Team Vitality,chamber,False,,50,1,8,1,5,False,outlaw,sniper,,,,Derke,Team Vitality,neon,True,100,50,1,1,1,7,True,outlaw,sniper,,0.1333,0.7422,Jamppi,Team Vitality,kayo,True,100,25,1,2,1,6,False,vandal,rifle,,0.7311,0.7911,Sayonara,Team Vitality,sova,True,100,50,0,2,1,0,False,vandal,rifle,,0.8489,0.4756,PROFEK,Team Vitality,astra,True,100,50,2,1,0,4,False,phantom,rifle,,0.8978,0.5122
1381.780,2637,ACTIVE_ROUND,9,4,6,84.000,,,s0pp,FUT Esports,chamber,True,100,25,0,7,0,7,True,vandal,rifle,,0.3622,0.3622,xeus,FUT Esports,jett,True,100,25,2,1,1,4,False,sheriff,sidearm,,0.8233,0.3567,sociablEE,FUT Esports,fade,True,100,25,1,1,1,6,False,vandal,rifle,,0.8833,0.5111,yetujey,FUT Esports,astra,True,100,25,1,0,0,7,True,sheriff,sidearm,,0.3022,0.5144,KROSTALY,FUT Esports,kayo,True,100,,1,2,0,5,False,sheriff,sidearm,,0.3811,0.3300,Chronicle,Team Vitality,chamber,False,,50,1,8,1,5,False,outlaw,sniper,,,,Derke,Team Vitality,neon,True,100,50,1,1,1,7,True,outlaw,sniper,,0.1267,0.7378,Jamppi,Team Vitality,kayo,True,100,25,1,2,1,6,False,vandal,rifle,,0.7311,0.7911,Sayonara,Team Vitality,sova,True,100,50,0,2,1,0,False,vandal,rifle,,0.2933,0.4778,PROFEK,Team Vitality,astra,True,100,50,2,1,0,4,False,phantom,rifle,,0.4822,0.6256
1382.264,2638,ACTIVE_ROUND,9,4,6,83.000,,,s0pp,FUT Esports,chamber,True,100,25,0,7,0,7,True,vandal,rifle,,0.3622,0.3622,xeus,FUT Esports,jett,True,100,25,2,1,1,4,False,sheriff,sidearm,,0.8122,0.3567,sociablEE,FUT Esports,fade,True,100,25,1,1,1,6,False,vandal,rifle,,0.8767,0.4978,yetujey,FUT Esports,astra,True,100,25,1,0,0,7,True,sheriff,sidearm,,0.3022,0.5144,KROSTALY,FUT Esports,kayo,True,100,,1,2,0,5,False,sheriff,sidearm,,0.3811,0.3411,Chronicle,Team Vitality,chamber,False,,50,1,8,1,5,False,outlaw,sniper,,,,Derke,Team Vitality,neon,True,100,50,1,1,1,7,True,outlaw,sniper,,0.1244,0.7267,Jamppi,Team Vitality,kayo,True,100,25,1,2,1,6,False,vandal,rifle,,0.7311,0.7911,Sayonara,Team Vitality,sova,True,100,50,0,2,1,0,False,vandal,rifle,,0.4556,0.6222,PROFEK,Team Vitality,astra,True,100,50,2,1,0,4,False,phantom,rifle,,0.4889,0.6278
1382.748,2639,ACTIVE_ROUND,9,4,6,83.000,,,s0pp,FUT Esports,chamber,True,100,25,0,7,0,7,True,vandal,rifle,,0.3644,0.3178,xeus,FUT Esports,jett,True,100,25,2,1,1,4,False,sheriff,sidearm,,0.8122,0.3567,sociablEE,FUT Esports,fade,True,100,25,1,1,1,6,False,vandal,rifle,,0.8656,0.4889,yetujey,FUT Esports,astra,True,100,25,1,0,0,7,True,sheriff,sidearm,,0.3022,0.5144,KROSTALY,FUT Esports,kayo,True,100,,1,2,0,5,False,sheriff,sidearm,,0.3744,0.3522,Chronicle,Team Vitality,chamber,False,,50,1,8,1,5,False,outlaw,sniper,,,,Derke,Team Vitality,neon,True,100,50,1,1,1,7,True,outlaw,sniper,,0.5044,0.8267,Jamppi,Team Vitality,kayo,True,100,25,1,2,1,6,False,vandal,rifle,,0.7311,0.7889,Sayonara,Team Vitality,sova,True,100,50,0,2,1,0,False,vandal,rifle,,0.4600,0.6289,PROFEK,Team Vitality,astra,True,100,50,2,1,0,4,False,phantom,rifle,,0.4889,0.6278
1383.232,2640,ACTIVE_ROUND,9,4,6,82.000,,,s0pp,FUT Esports,chamber,True,100,25,0,7,0,7,True,vandal,rifle,,0.3622,0.2933,xeus,FUT Esports,jett,True,100,25,2,1,1,4,False,sheriff,sidearm,,0.8122,0.3567,sociablEE,FUT Esports,fade,True,100,25,1,1,1,6,False,vandal,rifle,,0.8656,0.4889,yetujey,FUT Esports,astra,True,100,25,1,0,0,7,True,sheriff,sidearm,,0.3022,0.5144,KROSTALY,FUT Esports,kayo,True,100,,1,2,0,5,False,sheriff,sidearm,,0.3744,0.3544,Chronicle,Team Vitality,chamber,False,,50,1,8,1,5,False,outlaw,sniper,,,,Derke,Team Vitality,neon,True,100,50,1,1,1,7,True,outlaw,sniper,,0.5044,0.8267,Jamppi,Team Vitality,kayo,True,100,25,1,2,1,6,False,vandal,rifle,,0.7333,0.7889,Sayonara,Team Vitality,sova,True,100,50,0,2,1,0,False,vandal,rifle,,0.5267,0.7978,PROFEK,Team Vitality,astra,True,100,50,1,1,0,4,False,phantom,rifle,,0.4956,0.8211
1383.716,2641,ACTIVE_ROUND,9,4,6,82.000,,,s0pp,FUT Esports,chamber,True,100,25,0,7,0,7,True,vandal,rifle,,0.3489,0.2844,xeus,FUT Esports,jett,True,100,25,2,1,1,4,False,sheriff,sidearm,,0.8122,0.3567,sociablEE,FUT Esports,fade,True,100,25,1,1,1,6,False,vandal,rifle,,0.8656,0.4889,yetujey,FUT Esports,astra,True,100,25,1,0,0,7,True,sheriff,sidearm,,0.3022,0.5144,KROSTALY,FUT Esports,kayo,True,100,,1,2,0,5,False,sheriff,sidearm,,0.3744,0.3611,Chronicle,Team Vitality,chamber,False,,50,1,8,1,5,False,outlaw,sniper,,,,Derke,Team Vitality,neon,True,100,50,1,1,1,7,True,outlaw,sniper,,0.5044,0.8267,Jamppi,Team Vitality,kayo,True,100,25,1,2,1,6,False,vandal,rifle,,0.7333,0.7867,Sayonara,Team Vitality,sova,True,100,50,0,2,1,0,False,vandal,rifle,,0.1778,0.6778,PROFEK,Team Vitality,astra,True,100,50,1,1,0,4,False,phantom,rifle,,0.8978,0.5122
1384.199,2642,ACTIVE_ROUND,9,4,6,81.000,,,s0pp,FUT Esports,chamber,True,100,25,0,7,0,7,True,vandal,rifle,,0.3400,0.3089,xeus,FUT Esports,jett,True,100,25,2,1,1,4,False,sheriff,sidearm,,0.8122,0.3567,sociablEE,FUT Esports,fade,True,100,25,1,1,1,6,False,vandal,rifle,,0.8656,0.4889,yetujey,FUT Esports,astra,True,100,25,1,0,0,7,True,sheriff,sidearm,,0.3022,0.5144,KROSTALY,FUT Esports,kayo,True,100,,1,2,0,5,False,sheriff,sidearm,,0.3656,0.3678,Chronicle,Team Vitality,chamber,False,,50,1,8,1,5,False,outlaw,sniper,,,,Derke,Team Vitality,neon,True,100,50,1,1,1,7,True,outlaw,sniper,,0.5044,0.8267,Jamppi,Team Vitality,kayo,True,100,25,1,2,1,6,False,vandal,rifle,,0.7333,0.7867,Sayonara,Team Vitality,sova,True,100,50,0,2,1,0,False,vandal,rifle,,0.5222,0.8289,PROFEK,Team Vitality,astra,True,100,50,1,1,0,4,False,phantom,rifle,,0.8978,0.5122
1384.683,2643,ACTIVE_ROUND,9,4,6,81.000,,,s0pp,FUT Esports,chamber,True,100,25,0,7,0,7,True,vandal,rifle,,0.3356,0.3311,xeus,FUT Esports,jett,True,100,25,2,1,1,4,False,sheriff,sidearm,,0.8122,0.3567,sociablEE,FUT Esports,fade,True,100,25,1,1,1,6,False,vandal,rifle,,0.8367,0.4467,yetujey,FUT Esports,astra,True,100,25,1,0,0,7,True,sheriff,sidearm,,0.3022,0.5144,KROSTALY,FUT Esports,kayo,True,100,,1,2,0,5,False,sheriff,sidearm,,0.3567,0.3722,Chronicle,Team Vitality,chamber,False,,50,1,8,1,5,False,outlaw,sniper,,,,Derke,Team Vitality,neon,True,100,50,1,1,1,7,True,outlaw,sniper,,0.5044,0.8267,Jamppi,Team Vitality,kayo,True,100,25,1,2,1,6,False,vandal,rifle,,0.7333,0.7867,Sayonara,Team Vitality,sova,True,100,50,0,2,1,0,False,vandal,rifle,,0.5444,0.8200,PROFEK,Team Vitality,astra,True,100,50,1,1,0,4,False,phantom,rifle,,0.8978,0.5144
1385.167,2644,ACTIVE_ROUND,9,4,6,80.000,,,s0pp,FUT Esports,chamber,True,100,25,0,7,0,7,True,vandal,rifle,,0.3289,0.3533,xeus,FUT Esports,jett,True,100,25,2,1,1,4,False,sheriff,sidearm,,0.8122,0.3567,sociablEE,FUT Esports,fade,True,100,25,1,1,1,6,False,vandal,rifle,,0.8322,0.4333,yetujey,FUT Esports,astra,True,100,25,1,0,0,7,True,sheriff,sidearm,,0.3022,0.5144,KROSTALY,FUT Esports,kayo,True,100,,1,2,0,5,False,sheriff,sidearm,,0.3567,0.3722,Chronicle,Team Vitality,chamber,False,,50,1,8,1,5,False,outlaw,sniper,,,,Derke,Team Vitality,neon,True,100,50,1,1,1,7,True,outlaw,sniper,,0.5044,0.8267,Jamppi,Team Vitality,kayo,True,100,25,1,2,1,6,False,vandal,rifle,,0.7356,0.7867,Sayonara,Team Vitality,sova,True,100,50,0,2,1,0,False,vandal,rifle,,0.5644,0.8067,PROFEK,Team Vitality,astra,True,100,50,2,1,0,4,False,phantom,rifle,,0.8978,0.5144
1385.651,2645,ACTIVE_ROUND,9,4,6,80.000,,,s0pp,FUT Esports,chamber,True,100,25,0,7,0,7,True,vandal,rifle,,0.3222,0.3733,xeus,FUT Esports,jett,True,100,25,2,1,1,4,False,sheriff,sidearm,,0.8122,0.3567,sociablEE,FUT Esports,fade,True,100,25,1,1,1,6,False,vandal,rifle,,0.8278,0.4200,yetujey,FUT Esports,astra,True,100,25,1,0,0,7,True,sheriff,sidearm,,0.3022,0.5144,KROSTALY,FUT Esports,kayo,True,100,,1,2,0,5,False,sheriff,sidearm,,0.3589,0.3722,Chronicle,Team Vitality,chamber,False,,50,1,8,1,5,False,outlaw,sniper,,,,Derke,Team Vitality,neon,True,100,50,1,1,1,7,True,outlaw,sniper,,0.5044,0.8267,Jamppi,Team Vitality,kayo,True,100,25,1,2,1,6,False,vandal,rifle,,0.7356,0.7844,Sayonara,Team Vitality,sova,True,100,50,0,2,1,0,False,vandal,rifle,,0.5844,0.7956,PROFEK,Team Vitality,astra,True,100,50,2,1,0,4,False,phantom,rifle,,0.8978,0.5144
1386.135,2646,ACTIVE_ROUND,9,4,6,79.000,,,s0pp,FUT Esports,chamber,True,100,25,0,7,0,7,True,vandal,rifle,,0.3200,0.3911,xeus,FUT Esports,jett,True,100,25,2,1,1,4,False,sheriff,sidearm,,0.8122,0.3567,sociablEE,FUT Esports,fade,True,100,25,1,1,1,6,False,vandal,rifle,,0.8189,0.4089,yetujey,FUT Esports,astra,True,100,25,1,0,0,7,True,sheriff,sidearm,,0.3022,0.5144,KROSTALY,FUT Esports,kayo,True,100,,1,2,0,5,False,sheriff,sidearm,,0.3700,0.3633,Chronicle,Team Vitality,chamber,False,,50,1,8,1,5,False,outlaw,sniper,,,,Derke,Team Vitality,neon,True,100,50,1,1,1,7,True,outlaw,sniper,,0.5044,0.8267,Jamppi,Team Vitality,kayo,True,100,25,1,2,1,6,False,vandal,rifle,,0.7400,0.7800,Sayonara,Team Vitality,sova,True,100,50,0,2,1,0,False,vandal,rifle,,0.6044,0.7822,PROFEK,Team Vitality,astra,True,100,50,2,1,0,4,False,phantom,rifle,,0.5467,0.6678
1386.619,2647,ACTIVE_ROUND,9,4,6,79.000,,,s0pp,FUT Esports,chamber,True,100,25,0,7,0,7,True,vandal,rifle,,0.3044,0.4022,xeus,FUT Esports,jett,True,100,25,2,1,1,4,False,sheriff,sidearm,,0.8122,0.3567,sociablEE,FUT Esports,fade,True,100,25,1,1,1,6,False,vandal,rifle,,0.8100,0.3956,yetujey,FUT Esports,astra,True,100,25,1,0,0,7,True,sheriff,sidearm,,0.3022,0.5144,KROSTALY,FUT Esports,kayo,True,100,,1,2,0,5,False,sheriff,sidearm,,0.3811,0.3478,Chronicle,Team Vitality,chamber,False,,50,1,8,1,5,False,outlaw,sniper,,,,Derke,Team Vitality,neon,True,100,50,1,1,1,7,True,outlaw,sniper,,0.5044,0.8267,Jamppi,Team Vitality,kayo,True,100,25,1,2,1,6,False,vandal,rifle,,0.7422,0.7756,Sayonara,Team Vitality,sova,True,100,50,0,2,1,0,False,vandal,rifle,,0.1778,0.6756,PROFEK,Team Vitality,astra,True,100,50,2,1,0,4,False,phantom,rifle,,0.5578,0.6678
1387.102,2648,ACTIVE_ROUND,9,4,6,78.000,,,s0pp,FUT Esports,chamber,True,100,25,0,7,0,7,True,vandal,rifle,,0.2822,0.4067,xeus,FUT Esports,jett,True,100,25,2,1,1,4,False,sheriff,sidearm,,0.8122,0.3567,sociablEE,FUT Esports,fade,True,100,25,1,1,1,6,False,vandal,rifle,,0.8100,0.3956,yetujey,FUT Esports,astra,True,100,25,1,0,0,7,True,sheriff,sidearm,,0.3044,0.5122,KROSTALY,FUT Esports,kayo,True,100,,1,2,0,5,False,sheriff,sidearm,,0.3811,0.3411,Chronicle,Team Vitality,chamber,False,,50,1,8,1,5,False,outlaw,sniper,,,,Derke,Team Vitality,neon,True,100,50,1,1,1,7,True,outlaw,sniper,,0.5044,0.8267,Jamppi,Team Vitality,kayo,True,100,25,1,2,1,6,False,vandal,rifle,,0.7422,0.7778,Sayonara,Team Vitality,sova,True,100,50,0,2,1,0,False,vandal,rifle,,0.1756,0.6800,PROFEK,Team Vitality,astra,True,100,50,1,2,0,4,False,phantom,rifle,,0.5689,0.6678
1387.586,2649,ACTIVE_ROUND,9,4,6,78.000,,,s0pp,FUT Esports,chamber,True,100,25,0,7,0,7,True,vandal,rifle,,0.2578,0.4022,xeus,FUT Esports,jett,True,100,25,2,1,1,4,False,sheriff,sidearm,,0.8122,0.3567,sociablEE,FUT Esports,fade,True,100,25,1,1,1,6,False,vandal,rifle,,0.7922,0.3778,yetujey,FUT Esports,astra,True,100,25,1,0,0,7,True,sheriff,sidearm,,0.3044,0.5122,KROSTALY,FUT Esports,kayo,True,100,,1,2,0,5,False,sheriff,sidearm,,0.3678,0.3567,Chronicle,Team Vitality,chamber,False,,50,1,8,1,5,False,outlaw,sniper,,,,Derke,Team Vitality,neon,True,100,50,1,1,1,7,True,outlaw,sniper,,0.5044,0.8267,Jamppi,Team Vitality,kayo,True,100,25,1,2,1,6,False,vandal,rifle,,0.7422,0.7778,Sayonara,Team Vitality,sova,True,100,50,0,2,1,0,False,vandal,rifle,,0.1756,0.6800,PROFEK,Team Vitality,astra,True,100,50,1,2,0,4,False,phantom,rifle,,0.5800,0.6700
1388.070,2650,ACTIVE_ROUND,9,4,6,77.000,,,s0pp,FUT Esports,chamber,True,100,25,0,7,0,7,True,vandal,rifle,,0.2378,0.4000,xeus,FUT Esports,jett,True,100,25,2,1,1,4,False,sheriff,sidearm,,0.8122,0.3567,sociablEE,FUT Esports,fade,True,100,25,1,1,1,6,False,vandal,rifle,,0.7833,0.3733,yetujey,FUT Esports,astra,True,100,25,1,0,0,7,True,sheriff,sidearm,,0.3111,0.5256,KROSTALY,FUT Esports,kayo,True,100,,1,2,0,5,False,sheriff,sidearm,,0.3500,0.3722,Chronicle,Team Vitality,chamber,False,,50,1,8,1,5,False,outlaw,sniper,,,,Derke,Team Vitality,neon,True,100,50,1,1,1,7,True,outlaw,sniper,,0.5044,0.8267,Jamppi,Team Vitality,kayo,True,100,25,1,2,1,6,False,vandal,rifle,,0.7422,0.7778,Sayonara,Team Vitality,sova,True,100,50,0,2,1,0,False,vandal,rifle,,0.8511,0.4800,PROFEK,Team Vitality,astra,True,100,50,1,2,0,4,False,phantom,rifle,,0.5889,0.6744
1388.554,2651,ACTIVE_ROUND,9,4,6,77.000,,,s0pp,FUT Esports,chamber,True,100,25,0,7,0,7,True,vandal,rifle,,0.2200,0.3889,xeus,FUT Esports,jett,True,100,25,2,1,1,4,False,sheriff,sidearm,,0.8122,0.3567,sociablEE,FUT Esports,fade,True,100,25,1,1,1,6,False,vandal,rifle,,0.7833,0.3733,yetujey,FUT Esports,astra,True,100,25,1,0,0,7,True,sheriff,sidearm,,0.3244,0.5322,KROSTALY,FUT Esports,kayo,True,100,,1,2,0,5,False,sheriff,sidearm,,0.3322,0.3789,Chronicle,Team Vitality,chamber,False,,50,1,8,1,5,False,outlaw,sniper,,,,Derke,Team Vitality,neon,True,100,50,1,1,1,7,True,outlaw,sniper,,0.5044,0.8267,Jamppi,Team Vitality,kayo,True,100,25,1,2,1,6,False,vandal,rifle,,0.7400,0.7800,Sayonara,Team Vitality,sova,True,100,50,0,2,1,0,False,vandal,rifle,,0.1756,0.6800,PROFEK,Team Vitality,astra,True,100,50,1,2,0,4,False,phantom,rifle,,0.6000,0.6811
1389.038,2652,ACTIVE_ROUND,9,4,6,76.000,,,s0pp,FUT Esports,chamber,True,100,25,0,7,0,7,True,vandal,rifle,,0.2200,0.3800,xeus,FUT Esports,jett,True,100,25,2,1,1,4,False,sheriff,sidearm,,0.8122,0.3567,sociablEE,FUT Esports,fade,True,100,25,1,1,1,6,False,vandal,rifle,,0.7833,0.3733,yetujey,FUT Esports,astra,True,100,25,1,0,0,7,True,sheriff,sidearm,,0.3378,0.5367,KROSTALY,FUT Esports,kayo,True,100,,1,2,0,5,False,sheriff,sidearm,,0.3189,0.3856,Chronicle,Team Vitality,chamber,False,,50,1,8,1,5,False,outlaw,sniper,,,,Derke,Team Vitality,neon,True,100,50,1,1,1,7,True,outlaw,sniper,,0.5044,0.8267,Jamppi,Team Vitality,kayo,True,100,25,1,2,1,6,False,vandal,rifle,,0.7444,0.7756,Sayonara,Team Vitality,sova,True,100,50,0,2,1,0,False,vandal,rifle,,0.8511,0.4800,PROFEK,Team Vitality,astra,True,100,50,1,1,0,4,False,phantom,rifle,,0.6067,0.6878
1389.521,2653,ACTIVE_ROUND,9,4,6,76.000,,,s0pp,FUT Esports,chamber,True,100,25,0,7,0,7,True,vandal,rifle,,0.2289,0.3778,xeus,FUT Esports,jett,True,100,25,2,1,1,4,False,sheriff,sidearm,,0.8122,0.3567,sociablEE,FUT Esports,fade,True,100,25,1,1,1,6,False,vandal,rifle,,0.7833,0.3733,yetujey,FUT Esports,astra,True,100,25,1,0,0,7,True,sheriff,sidearm,,0.3378,0.5367,KROSTALY,FUT Esports,kayo,True,100,,1,2,0,5,False,sheriff,sidearm,,0.3078,0.3878,Chronicle,Team Vitality,chamber,False,,50,1,8,1,5,False,outlaw,sniper,,,,Derke,Team Vitality,neon,True,100,50,1,1,1,7,True,outlaw,sniper,,0.5044,0.8267,Jamppi,Team Vitality,kayo,True,100,25,1,2,1,6,False,vandal,rifle,,0.7489,0.7689,Sayonara,Team Vitality,sova,True,100,50,0,2,1,0,False,vandal,rifle,,0.8511,0.4800,PROFEK,Team Vitality,astra,True,100,50,1,1,0,4,False,phantom,rifle,,0.6133,0.6967
1390.005,2654,ACTIVE_ROUND,9,4,6,75.000,,,s0pp,FUT Esports,chamber,True,100,25,0,7,0,7,True,vandal,rifle,,0.2333,0.3800,xeus,FUT Esports,jett,True,100,25,2,1,1,4,False,sheriff,sidearm,,0.7989,0.3544,sociablEE,FUT Esports,fade,True,100,25,1,1,1,6,False,vandal,rifle,,0.7833,0.3733,yetujey,FUT Esports,astra,True,100,25,1,0,0,7,True,sheriff,sidearm,,0.3378,0.5367,KROSTALY,FUT Esports,kayo,True,100,,1,2,0,5,False,sheriff,sidearm,,0.3011,0.3944,Chronicle,Team Vitality,chamber,False,,50,1,8,1,5,False,outlaw,sniper,,,,Derke,Team Vitality,neon,True,100,50,1,1,1,7,True,outlaw,sniper,,0.1356,0.6156,Jamppi,Team Vitality,kayo,True,100,25,1,2,1,6,False,vandal,rifle,,0.7511,0.7667,Sayonara,Team Vitality,sova,True,100,50,0,2,1,0,False,vandal,rifle,,0.1778,0.7022,PROFEK,Team Vitality,astra,True,100,50,1,1,0,4,False,phantom,rifle,,0.6133,0.6967
1390.489,2655,ACTIVE_ROUND,9,4,6,75.000,,,s0pp,FUT Esports,chamber,True,100,25,0,7,0,7,True,vandal,rifle,,0.2378,0.3822,xeus,FUT Esports,jett,True,100,25,2,1,1,4,False,sheriff,sidearm,,0.7544,0.3567,sociablEE,FUT Esports,fade,True,100,25,1,1,1,6,False,vandal,rifle,,0.7833,0.3733,yetujey,FUT Esports,astra,True,100,25,1,0,0,7,True,sheriff,sidearm,,0.3733,0.5456,KROSTALY,FUT Esports,kayo,True,100,,1,2,0,5,False,sheriff,sidearm,,0.2989,0.4078,Chronicle,Team Vitality,chamber,False,,50,1,8,1,5,False,outlaw,sniper,,,,Derke,Team Vitality,neon,True,100,50,1,1,1,7,True,outlaw,sniper,,0.1356,0.6156,Jamppi,Team Vitality,kayo,True,100,25,1,2,1,6,False,vandal,rifle,,0.7489,0.7689,Sayonara,Team Vitality,sova,True,100,50,0,2,1,0,False,vandal,rifle,,0.7667,0.2422,PROFEK,Team Vitality,astra,True,100,50,1,1,0,4,False,phantom,rifle,,0.6133,0.6967
1390.973,2656,ACTIVE_ROUND,9,4,6,74.000,,,s0pp,FUT Esports,chamber,True,100,25,0,7,0,7,True,vandal,rifle,,0.2556,0.3800,xeus,FUT Esports,jett,True,100,25,2,1,1,4,False,sheriff,sidearm,,0.7544,0.3567,sociablEE,FUT Esports,fade,True,100,25,0,1,1,6,False,vandal,rifle,,0.7833,0.3733,yetujey,FUT Esports,astra,True,100,25,1,0,0,7,True,sheriff,sidearm,,0.2244,0.4189,KROSTALY,FUT Esports,kayo,True,100,,1,2,0,5,False,sheriff,sidearm,,0.3011,0.4189,Chronicle,Team Vitality,chamber,False,,50,1,8,1,5,False,outlaw,sniper,,,,Derke,Team Vitality,neon,True,100,50,1,1,1,7,True,outlaw,sniper,,0.8111,0.4600,Jamppi,Team Vitality,kayo,True,100,25,1,2,1,6,False,vandal,rifle,,0.9067,0.3711,Sayonara,Team Vitality,sova,True,100,50,0,2,1,0,False,vandal,rifle,,0.9267,0.3333,PROFEK,Team Vitality,astra,True,100,50,1,1,0,4,False,phantom,rifle,,0.8356,0.4944
1391.457,2657,ACTIVE_ROUND,9,4,6,74.000,,,s0pp,FUT Esports,chamber,True,100,25,0,7,0,7,True,vandal,rifle,,0.2778,0.3733,xeus,FUT Esports,jett,True,100,25,2,1,1,4,False,sheriff,sidearm,,0.2678,0.4167,sociablEE,FUT Esports,fade,True,100,25,0,1,1,6,False,vandal,rifle,,0.7833,0.3733,yetujey,FUT Esports,astra,True,100,25,1,0,0,7,True,sheriff,sidearm,,0.4000,0.5478,KROSTALY,FUT Esports,kayo,True,100,,1,2,0,5,False,sheriff,sidearm,,0.3011,0.4300,Chronicle,Team Vitality,chamber,False,,50,1,8,1,5,False,outlaw,sniper,,,,Derke,Team Vitality,neon,True,100,50,1,1,1,7,True,outlaw,sniper,,0.8111,0.4600,Jamppi,Team Vitality,kayo,True,100,25,1,2,1,6,False,vandal,rifle,,0.9067,0.3711,Sayonara,Team Vitality,sova,True,100,50,0,2,1,0,False,vandal,rifle,,0.2644,0.3733,PROFEK,Team Vitality,astra,True,100,50,1,1,0,4,False,phantom,rifle,,0.8356,0.4944
1391.941,2658,ACTIVE_ROUND,9,4,6,73.000,,,s0pp,FUT Esports,chamber,True,100,25,0,7,0,7,True,vandal,rifle,,0.2911,0.3556,xeus,FUT Esports,jett,True,100,25,2,1,1,4,False,sheriff,sidearm,,0.3211,0.3656,sociablEE,FUT Esports,fade,True,100,25,0,1,1,6,False,vandal,rifle,,0.7833,0.3733,yetujey,FUT Esports,astra,True,100,25,1,0,0,7,True,sheriff,sidearm,,0.4000,0.5478,KROSTALY,FUT Esports,kayo,True,100,,1,2,0,5,False,sheriff,sidearm,,0.2656,0.3456,Chronicle,Team Vitality,chamber,False,,50,1,8,1,5,False,outlaw,sniper,,,,Derke,Team Vitality,neon,True,100,50,1,1,1,7,True,outlaw,sniper,,0.1289,0.7244,Jamppi,Team Vitality,kayo,True,100,25,1,2,1,6,False,vandal,rifle,,0.9067,0.3711,Sayonara,Team Vitality,sova,True,100,50,0,2,1,0,False,vandal,rifle,,0.6311,0.6933,PROFEK,Team Vitality,astra,True,100,50,1,1,0,4,False,phantom,rifle,,0.6644,0.7189
1392.424,2659,ACTIVE_ROUND,9,4,6,73.000,,,s0pp,FUT Esports,chamber,True,100,25,0,7,0,7,True,vandal,rifle,,0.2844,0.3333,xeus,FUT Esports,jett,True,100,25,2,1,1,4,False,sheriff,sidearm,,0.3211,0.3656,sociablEE,FUT Esports,fade,True,100,25,0,1,1,6,False,vandal,rifle,,0.7433,0.3756,yetujey,FUT Esports,astra,True,100,25,1,0,0,7,True,sheriff,sidearm,,0.4000,0.5478,KROSTALY,FUT Esports,kayo,True,100,,1,2,0,5,False,sheriff,sidearm,,0.2589,0.3389,Chronicle,Team Vitality,chamber,False,,50,1,8,1,5,False,outlaw,sniper,,,,Derke,Team Vitality,neon,True,100,50,1,1,1,7,True,outlaw,sniper,,0.1489,0.7467,Jamppi,Team Vitality,kayo,True,100,25,1,2,1,6,False,vandal,rifle,,0.7622,0.7444,Sayonara,Team Vitality,sova,True,100,50,0,2,1,0,False,vandal,rifle,,0.6244,0.6889,PROFEK,Team Vitality,astra,True,100,50,1,1,0,4,False,phantom,rifle,,0.6644,0.7189
1392.908,2660,ACTIVE_ROUND,9,4,6,72.000,,,s0pp,FUT Esports,chamber,True,100,25,0,7,0,7,True,vandal,rifle,,0.2778,0.3222,xeus,FUT Esports,jett,True,100,25,2,1,1,4,False,sheriff,sidearm,,0.7167,0.3589,sociablEE,FUT Esports,fade,True,100,25,0,1,1,6,False,vandal,rifle,,0.7389,0.3667,yetujey,FUT Esports,astra,True,100,25,1,0,0,7,True,sheriff,sidearm,,0.4000,0.5478,KROSTALY,FUT Esports,kayo,True,100,,1,2,0,5,False,sheriff,sidearm,,0.2856,0.4789,Chronicle,Team Vitality,chamber,False,,50,1,8,1,5,False,outlaw,sniper,,,,Derke,Team Vitality,neon,True,100,50,1,1,1,7,True,outlaw,sniper,,0.1667,0.7511,Jamppi,Team Vitality,kayo,True,100,25,1,2,1,6,False,vandal,rifle,,0.7622,0.7333,Sayonara,Team Vitality,sova,True,100,50,0,2,1,0,False,vandal,rifle,,0.1800,0.6711,PROFEK,Team Vitality,astra,True,100,50,1,2,0,4,False,phantom,rifle,,0.1489,0.6989
1393.392,2661,ACTIVE_ROUND,9,4,6,72.000,,,s0pp,FUT Esports,chamber,True,100,25,0,7,0,7,True,vandal,rifle,,0.2556,0.3178,xeus,FUT Esports,jett,True,100,25,2,1,1,4,False,sheriff,sidearm,,0.7167,0.3589,sociablEE,FUT Esports,fade,True,100,25,0,1,1,6,False,vandal,rifle,,0.7278,0.3644,yetujey,FUT Esports,astra,True,100,25,1,0,0,7,True,sheriff,sidearm,,0.4000,0.5478,KROSTALY,FUT Esports,kayo,True,100,,1,2,0,5,False,sheriff,sidearm,,0.2856,0.4811,Chronicle,Team Vitality,chamber,False,,50,1,8,1,5,False,outlaw,sniper,,,,Derke,Team Vitality,neon,True,100,50,1,1,1,7,True,outlaw,sniper,,0.8156,0.4622,Jamppi,Team Vitality,kayo,True,100,25,1,2,1,6,False,vandal,rifle,,0.9067,0.3711,Sayonara,Team Vitality,sova,True,100,50,0,2,1,0,False,vandal,rifle,,0.1222,0.3622,PROFEK,Team Vitality,astra,True,100,50,1,2,0,4,False,phantom,rifle,,0.1489,0.6989
1393.876,2662,ACTIVE_ROUND,9,4,6,71.000,,,s0pp,FUT Esports,chamber,True,100,25,0,7,0,7,True,vandal,rifle,,0.2422,0.3156,xeus,FUT Esports,jett,True,100,25,2,1,1,4,False,sheriff,sidearm,,0.7167,0.3589,sociablEE,FUT Esports,fade,True,100,25,0,1,1,6,False,vandal,rifle,,0.7211,0.3644,yetujey,FUT Esports,astra,True,100,25,1,0,0,7,True,sheriff,sidearm,,0.4000,0.5478,KROSTALY,FUT Esports,kayo,True,100,,1,2,0,5,False,sheriff,sidearm,,0.2811,0.4922,Chronicle,Team Vitality,chamber,False,,50,1,8,1,5,False,outlaw,sniper,,,,Derke,Team Vitality,neon,True,100,50,1,1,1,7,True,outlaw,sniper,,0.2022,0.7467,Jamppi,Team Vitality,kayo,True,100,25,1,2,1,6,False,vandal,rifle,,0.9067,0.3711,Sayonara,Team Vitality,sova,True,100,50,0,2,1,0,False,vandal,rifle,,0.9756,0.5133,PROFEK,Team Vitality,astra,True,100,50,1,2,0,4,False,phantom,rifle,,0.1489,0.6989
1394.360,2663,ACTIVE_ROUND,9,4,6,71.000,,,s0pp,FUT Esports,chamber,True,100,25,0,7,0,7,True,vandal,rifle,,0.2267,0.3156,xeus,FUT Esports,jett,True,100,25,2,1,1,4,False,sheriff,sidearm,,0.7167,0.3589,sociablEE,FUT Esports,fade,True,100,25,0,1,1,6,False,vandal,rifle,,0.7122,0.3689,yetujey,FUT Esports,astra,True,100,25,1,0,0,7,True,sheriff,sidearm,,0.4000,0.5478,KROSTALY,FUT Esports,kayo,True,100,,1,2,0,5,False,sheriff,sidearm,,0.2744,0.4944,Chronicle,Team Vitality,chamber,False,,50,1,8,1,5,False,outlaw,sniper,,,,Derke,Team Vitality,neon,True,100,50,1,1,1,7,True,outlaw,sniper,,0.2022,0.7467,Jamppi,Team Vitality,kayo,True,100,25,1,2,1,6,False,vandal,rifle,,0.9067,0.3711,Sayonara,Team Vitality,sova,True,100,50,0,2,1,0,False,vandal,rifle,,0.8511,0.5044,PROFEK,Team Vitality,astra,True,100,50,1,2,0,4,False,phantom,rifle,,0.6689,0.7344
1394.843,2664,ACTIVE_ROUND,9,4,6,71.000,,,s0pp,FUT Esports,chamber,True,100,25,0,7,0,7,True,vandal,rifle,,0.2111,0.3178,xeus,FUT Esports,jett,True,100,25,2,1,1,4,False,sheriff,sidearm,,0.7144,0.3500,sociablEE,FUT Esports,fade,True,100,25,0,1,1,6,False,vandal,rifle,,0.7011,0.3733,yetujey,FUT Esports,astra,True,100,25,1,1,0,7,True,sheriff,sidearm,,0.4000,0.5478,KROSTALY,FUT Esports,kayo,True,100,,1,2,0,5,False,sheriff,sidearm,,0.2700,0.4922,Chronicle,Team Vitality,chamber,False,,50,1,8,1,5,False,outlaw,sniper,,,,Derke,Team Vitality,neon,True,100,50,1,1,1,7,True,phantom,rifle,,0.2022,0.7467,Jamppi,Team Vitality,kayo,True,100,25,1,2,1,6,False,vandal,rifle,,0.2778,0.7578,Sayonara,Team Vitality,sova,True,100,50,0,2,1,0,False,vandal,rifle,,0.1800,0.6889,PROFEK,Team Vitality,astra,True,100,50,1,1,0,4,False,phantom,rifle,,0.6689,0.7344
1395.327,2665,ACTIVE_ROUND,9,4,6,70.000,,,s0pp,FUT Esports,chamber,True,100,25,0,7,0,7,True,vandal,rifle,,0.1867,0.3178,xeus,FUT Esports,jett,True,100,25,2,1,1,4,False,sheriff,sidearm,,0.7078,0.3544,sociablEE,FUT Esports,fade,True,100,25,0,1,1,6,False,vandal,rifle,,0.6922,0.3800,yetujey,FUT Esports,astra,True,100,25,1,1,0,7,True,sheriff,sidearm,,0.4000,0.5478,KROSTALY,FUT Esports,kayo,True,100,,1,2,0,5,False,sheriff,sidearm,,0.2700,0.4922,Chronicle,Team Vitality,chamber,False,,50,1,8,1,5,False,outlaw,sniper,,,,Derke,Team Vitality,neon,True,100,50,1,1,1,7,True,phantom,rifle,,0.2022,0.7467,Jamppi,Team Vitality,kayo,True,100,25,1,2,1,6,False,vandal,rifle,,0.7644,0.7044,Sayonara,Team Vitality,sova,True,100,50,0,2,1,0,False,vandal,rifle,,0.8511,0.5044,PROFEK,Team Vitality,astra,True,100,50,1,1,0,4,False,phantom,rifle,,0.6689,0.7344
1395.811,2666,ACTIVE_ROUND,9,4,6,70.000,,,s0pp,FUT Esports,chamber,True,100,25,0,7,0,7,True,vandal,rifle,,0.1756,0.3267,xeus,FUT Esports,jett,True,100,25,2,1,1,4,False,sheriff,sidearm,,0.7122,0.3544,sociablEE,FUT Esports,fade,True,100,25,0,1,1,6,False,vandal,rifle,,0.6833,0.3800,yetujey,FUT Esports,astra,True,100,25,1,1,0,7,True,sheriff,sidearm,,0.4000,0.5478,KROSTALY,FUT Esports,kayo,True,100,,1,2,0,5,False,sheriff,sidearm,,0.2700,0.4922,Chronicle,Team Vitality,chamber,False,,50,1,8,1,5,False,outlaw,sniper,,,,Derke,Team Vitality,neon,True,100,50,1,1,1,7,True,phantom,rifle,,0.2022,0.7467,Jamppi,Team Vitality,kayo,True,100,25,1,2,1,6,False,vandal,rifle,,0.7644,0.7044,Sayonara,Team Vitality,sova,True,100,50,0,2,1,0,False,vandal,rifle,,0.6311,0.7133,PROFEK,Team Vitality,astra,True,100,50,1,1,0,4,False,phantom,rifle,,0.6689,0.7344
1396.295,2667,ACTIVE_ROUND,9,4,6,69.000,,,s0pp,FUT Esports,chamber,True,100,25,0,7,0,7,True,vandal,rifle,,0.1756,0.3267,xeus,FUT Esports,jett,True,100,25,2,1,1,4,False,sheriff,sidearm,,0.7122,0.3567,sociablEE,FUT Esports,fade,True,100,25,0,1,1,6,False,vandal,rifle,,0.6811,0.3689,yetujey,FUT Esports,astra,True,100,25,1,1,0,7,True,sheriff,sidearm,,0.4000,0.5478,KROSTALY,FUT Esports,kayo,True,100,,1,2,0,5,False,sheriff,sidearm,,0.2700,0.4922,Chronicle,Team Vitality,chamber,False,,50,1,8,1,5,False,outlaw,sniper,,,,Derke,Team Vitality,neon,True,100,50,1,1,1,7,True,phantom,rifle,,0.2022,0.7467,Jamppi,Team Vitality,kayo,True,100,25,1,2,1,6,False,vandal,rifle,,0.7533,0.6978,Sayonara,Team Vitality,sova,True,100,50,0,2,1,0,False,vandal,rifle,,0.6311,0.7133,PROFEK,Team Vitality,astra,True,100,50,1,1,0,4,False,phantom,rifle,,0.6689,0.7344
1396.779,2668,ACTIVE_ROUND,9,4,6,69.000,,,s0pp,FUT Esports,chamber,True,100,25,0,7,0,7,True,vandal,rifle,,0.1756,0.3267,xeus,FUT Esports,jett,True,100,25,2,1,1,4,False,sheriff,sidearm,,0.7122,0.3522,sociablEE,FUT Esports,fade,True,100,25,0,1,1,6,False,vandal,rifle,,0.6833,0.3622,yetujey,FUT Esports,astra,True,100,25,1,0,0,7,True,sheriff,sidearm,,0.4000,0.5478,KROSTALY,FUT Esports,kayo,True,100,,1,2,0,5,False,sheriff,sidearm,,0.2789,0.4922,Chronicle,Team Vitality,chamber,False,,50,1,8,1,5,False,outlaw,sniper,,,,Derke,Team Vitality,neon,True,100,50,1,1,1,7,True,phantom,rifle,,0.2022,0.7467,Jamppi,Team Vitality,kayo,True,100,25,1,2,1,6,False,vandal,rifle,,0.7489,0.6889,Sayonara,Team Vitality,sova,True,100,50,0,2,1,0,False,vandal,rifle,,0.6333,0.6956,PROFEK,Team Vitality,astra,True,100,50,1,1,0,4,False,phantom,rifle,,0.6711,0.7344
1397.263,2669,ACTIVE_ROUND,9,4,6,68.000,,,s0pp,FUT Esports,chamber,True,100,25,0,7,0,7,True,vandal,rifle,,0.1756,0.3267,xeus,FUT Esports,jett,True,100,25,2,1,1,4,False,sheriff,sidearm,,0.7144,0.3544,sociablEE,FUT Esports,fade,True,100,25,0,1,1,6,False,vandal,rifle,,0.6878,0.3644,yetujey,FUT Esports,astra,True,100,25,1,0,0,7,True,sheriff,sidearm,,0.4000,0.5478,KROSTALY,FUT Esports,kayo,True,100,,1,2,0,5,False,sheriff,sidearm,,0.1478,0.3344,Chronicle,Team Vitality,chamber,False,,50,1,8,1,5,False,outlaw,sniper,,,,Derke,Team Vitality,neon,True,100,50,1,1,1,7,True,phantom,rifle,,0.7444,0.6844,Jamppi,Team Vitality,kayo,True,100,25,1,2,1,6,False,vandal,rifle,,0.7133,0.7400,Sayonara,Team Vitality,sova,True,100,50,0,2,1,0,False,vandal,rifle,,0.1778,0.6800,PROFEK,Team Vitality,astra,True,100,50,1,1,0,4,False,phantom,rifle,,0.8956,0.5122
1397.746,2670,ACTIVE_ROUND,9,4,6,68.000,,,s0pp,FUT Esports,chamber,True,100,25,0,7,0,7,True,vandal,rifle,,0.1756,0.3267,xeus,FUT Esports,jett,True,100,25,2,1,1,4,False,sheriff,sidearm,,0.7144,0.3544,sociablEE,FUT Esports,fade,True,100,25,0,1,1,6,False,vandal,rifle,,0.6967,0.3711,yetujey,FUT Esports,astra,True,100,25,1,0,0,7,True,sheriff,sidearm,,0.4000,0.5478,KROSTALY,FUT Esports,kayo,True,100,,1,2,0,5,False,sheriff,sidearm,,0.2589,0.4967,Chronicle,Team Vitality,chamber,False,,50,1,8,1,5,False,outlaw,sniper,,,,Derke,Team Vitality,neon,True,100,50,1,1,1,7,True,phantom,rifle,,0.7133,0.7578,Jamppi,Team Vitality,kayo,True,100,25,1,2,1,6,False,vandal,rifle,,0.7133,0.7311,Sayonara,Team Vitality,sova,True,100,50,0,2,1,0,False,vandal,rifle,,0.1778,0.6778,PROFEK,Team Vitality,astra,True,100,50,1,1,0,4,False,phantom,rifle,,0.8956,0.5122
1398.230,2671,ACTIVE_ROUND,9,4,6,67.000,,,s0pp,FUT Esports,chamber,True,100,25,0,7,0,7,True,vandal,rifle,,0.1756,0.3267,xeus,FUT Esports,jett,True,100,25,2,1,1,4,False,sheriff,sidearm,,0.7144,0.3544,sociablEE,FUT Esports,fade,True,100,25,0,1,1,6,False,vandal,rifle,,0.7056,0.3756,yetujey,FUT Esports,astra,True,100,25,1,0,0,7,True,sheriff,sidearm,,0.4000,0.5478,KROSTALY,FUT Esports,kayo,True,100,,1,2,0,5,False,sheriff,sidearm,,0.1011,0.3722,Chronicle,Team Vitality,chamber,False,,50,1,8,1,5,False,outlaw,sniper,,,,Derke,Team Vitality,neon,True,100,50,1,1,1,7,True,phantom,rifle,,0.7133,0.7578,Jamppi,Team Vitality,kayo,True,100,25,1,2,1,6,False,vandal,rifle,,0.7133,0.7311,Sayonara,Team Vitality,sova,True,100,50,0,2,1,0,False,vandal,rifle,,0.1778,0.6778,PROFEK,Team Vitality,astra,True,100,50,1,1,0,4,False,phantom,rifle,,0.8889,0.5100
1398.714,2672,ACTIVE_ROUND,9,4,6,67.000,,,s0pp,FUT Esports,chamber,True,100,25,0,7,0,7,True,vandal,rifle,,0.1756,0.3267,xeus,FUT Esports,jett,True,100,25,2,1,1,4,False,sheriff,sidearm,,0.7144,0.3544,sociablEE,FUT Esports,fade,True,100,25,0,1,1,6,False,vandal,rifle,,0.7122,0.3778,yetujey,FUT Esports,astra,True,100,25,1,0,0,7,True,sheriff,sidearm,,0.4000,0.5478,KROSTALY,FUT Esports,kayo,True,100,,1,2,0,5,False,sheriff,sidearm,,0.6678,0.3478,Chronicle,Team Vitality,chamber,False,,50,1,8,1,5,False,outlaw,sniper,,,,Derke,Team Vitality,neon,True,100,50,1,1,1,7,True,phantom,rifle,,0.4022,0.8178,Jamppi,Team Vitality,kayo,True,100,25,1,2,1,6,False,vandal,rifle,,0.7533,0.6778,Sayonara,Team Vitality,sova,True,100,50,0,2,1,0,False,vandal,rifle,,0.1778,0.6778,PROFEK,Team Vitality,astra,True,100,50,1,1,0,4,False,phantom,rifle,,0.7089,0.7544
1399.198,2673,ACTIVE_ROUND,9,4,6,66.000,,,s0pp,FUT Esports,chamber,True,100,25,0,7,0,7,True,vandal,rifle,,0.1289,0.3756,xeus,FUT Esports,jett,True,100,25,2,1,1,4,False,sheriff,sidearm,,0.7144,0.3544,sociablEE,FUT Esports,fade,True,100,25,0,1,1,6,False,vandal,rifle,,0.7189,0.3800,yetujey,FUT Esports,astra,True,100,25,1,0,0,7,True,sheriff,sidearm,,0.4000,0.5478,KROSTALY,FUT Esports,kayo,True,100,,1,2,0,5,False,sheriff,sidearm,,0.1011,0.3700,Chronicle,Team Vitality,chamber,False,,50,1,8,1,5,False,outlaw,sniper,,,,Derke,Team Vitality,neon,True,100,50,1,1,1,7,True,phantom,rifle,,0.4022,0.8178,Jamppi,Team Vitality,kayo,True,100,25,1,2,1,6,False,vandal,rifle,,0.7578,0.6667,Sayonara,Team Vitality,sova,True,100,50,0,2,1,0,False,vandal,rifle,,0.1778,0.6778,PROFEK,Team Vitality,astra,True,100,50,1,1,0,4,False,phantom,rifle,,0.7044,0.7700
1399.682,2674,ACTIVE_ROUND,9,4,6,66.000,,,s0pp,FUT Esports,chamber,True,100,25,0,7,0,7,True,vandal,rifle,,0.1289,0.3756,xeus,FUT Esports,jett,True,100,25,2,1,1,4,False,sheriff,sidearm,,0.7144,0.3544,sociablEE,FUT Esports,fade,True,100,25,0,1,1,6,False,vandal,rifle,,0.7167,0.3889,yetujey,FUT Esports,astra,True,100,25,1,0,0,7,True,sheriff,sidearm,,0.4000,0.5478,KROSTALY,FUT Esports,kayo,True,100,,1,2,0,5,False,sheriff,sidearm,,0.0989,0.3722,Chronicle,Team Vitality,chamber,False,,50,1,8,1,5,False,outlaw,sniper,,,,Derke,Team Vitality,neon,True,100,50,1,1,1,7,True,phantom,rifle,,0.1778,0.6800,Jamppi,Team Vitality,kayo,True,100,25,1,2,1,6,False,vandal,rifle,,0.7622,0.6556,Sayonara,Team Vitality,sova,True,100,50,0,2,1,0,False,vandal,rifle,,0.1778,0.6778,PROFEK,Team Vitality,astra,True,100,50,1,1,0,4,False,phantom,rifle,,0.7089,0.7611
1400.165,2675,ACTIVE_ROUND,9,4,6,65.000,,,s0pp,FUT Esports,chamber,True,100,25,0,7,0,7,True,vandal,rifle,,0.1289,0.3756,xeus,FUT Esports,jett,True,100,25,2,1,1,4,False,sheriff,sidearm,,0.7144,0.3544,sociablEE,FUT Esports,fade,True,100,25,0,1,1,6,False,vandal,rifle,,0.7167,0.4000,yetujey,FUT Esports,astra,True,100,25,1,0,0,7,True,sheriff,sidearm,,0.4000,0.5478,KROSTALY,FUT Esports,kayo,True,100,,1,2,0,5,False,sheriff,sidearm,,0.5411,0.1056,Chronicle,Team Vitality,chamber,False,,50,1,8,1,5,False,outlaw,sniper,,,,Derke,Team Vitality,neon,True,100,50,1,1,1,7,True,phantom,rifle,,0.1778,0.6800,Jamppi,Team Vitality,kayo,True,100,25,1,2,1,6,False,vandal,rifle,,0.7644,0.6511,Sayonara,Team Vitality,sova,True,100,50,0,2,1,0,False,vandal,rifle,,0.1778,0.6778,PROFEK,Team Vitality,astra,True,100,50,1,1,0,4,False,phantom,rifle,,0.7089,0.7611
1400.649,2676,ACTIVE_ROUND,9,4,6,65.000,,,s0pp,FUT Esports,chamber,True,100,25,0,7,0,7,True,vandal,rifle,,0.1289,0.3756,xeus,FUT Esports,jett,True,100,25,2,1,1,4,False,sheriff,sidearm,,0.7144,0.3544,sociablEE,FUT Esports,fade,True,100,25,0,1,1,6,False,vandal,rifle,,0.7189,0.4111,yetujey,FUT Esports,astra,True,100,25,1,0,0,7,True,sheriff,sidearm,,0.4000,0.5478,KROSTALY,FUT Esports,kayo,True,100,,1,2,0,5,False,sheriff,sidearm,,0.1011,0.3678,Chronicle,Team Vitality,chamber,False,,50,1,8,1,5,False,outlaw,sniper,,,,Derke,Team Vitality,neon,True,100,50,1,1,1,7,True,phantom,rifle,,0.1778,0.6800,Jamppi,Team Vitality,kayo,True,100,25,1,2,1,6,False,vandal,rifle,,0.7622,0.6444,Sayonara,Team Vitality,sova,True,100,50,0,2,1,0,False,vandal,rifle,,0.1800,0.6889,PROFEK,Team Vitality,astra,True,100,50,1,2,0,4,False,phantom,rifle,,0.7333,0.7411
1401.133,2677,ACTIVE_ROUND,9,4,6,64.000,,,s0pp,FUT Esports,chamber,True,100,25,0,7,0,7,True,vandal,rifle,,0.1289,0.3756,xeus,FUT Esports,jett,True,100,25,2,1,1,4,False,sheriff,sidearm,,0.7189,0.4011,sociablEE,FUT Esports,fade,True,100,25,0,1,1,6,False,vandal,rifle,,0.7189,0.4111,yetujey,FUT Esports,astra,True,100,25,1,0,0,7,True,sheriff,sidearm,,0.4000,0.5478,KROSTALY,FUT Esports,kayo,True,100,,1,2,0,5,False,sheriff,sidearm,,0.0989,0.3833,Chronicle,Team Vitality,chamber,False,,50,1,8,1,5,False,outlaw,sniper,,,,Derke,Team Vitality,neon,True,100,50,1,1,1,7,True,phantom,rifle,,0.5533,0.8311,Jamppi,Team Vitality,kayo,True,100,25,1,2,1,6,False,vandal,rifle,,0.7600,0.6422,Sayonara,Team Vitality,sova,True,100,50,0,2,1,0,False,vandal,rifle,,0.1800,0.6778,PROFEK,Team Vitality,astra,True,100,50,1,2,0,4,False,phantom,rifle,,0.7422,0.7300
1401.617,2678,ACTIVE_ROUND,9,4,6,64.000,,,s0pp,FUT Esports,chamber,True,100,25,0,7,0,7,True,vandal,rifle,,0.1267,0.3844,xeus,FUT Esports,jett,True,100,25,2,1,1,4,False,sheriff,sidearm,,0.7211,0.4122,sociablEE,FUT Esports,fade,True,100,25,0,1,1,6,False,vandal,rifle,,0.7189,0.4111,yetujey,FUT Esports,astra,True,100,25,1,0,0,7,True,sheriff,sidearm,,0.4000,0.5478,KROSTALY,FUT Esports,kayo,True,100,,1,2,0,5,False,sheriff,sidearm,,0.1011,0.3744,Chronicle,Team Vitality,chamber,False,,50,1,8,1,5,False,outlaw,sniper,,,,Derke,Team Vitality,neon,True,100,50,1,1,1,7,True,phantom,rifle,,0.5533,0.8311,Jamppi,Team Vitality,kayo,True,100,25,1,2,1,6,False,vandal,rifle,,0.7600,0.6422,Sayonara,Team Vitality,sova,True,100,50,0,2,1,0,False,vandal,rifle,,0.1800,0.6800,PROFEK,Team Vitality,astra,True,100,50,1,2,0,4,False,phantom,rifle,,0.7444,0.7167
1402.101,2679,ACTIVE_ROUND,9,4,6,63.000,,,s0pp,FUT Esports,chamber,True,100,25,0,7,0,7,True,vandal,rifle,,0.1333,0.3778,xeus,FUT Esports,jett,True,100,25,2,1,1,4,False,sheriff,sidearm,,0.7256,0.4211,sociablEE,FUT Esports,fade,True,100,25,0,1,1,6,False,vandal,rifle,,0.7189,0.4111,yetujey,FUT Esports,astra,True,100,25,1,0,0,7,True,sheriff,sidearm,,0.4000,0.5478,KROSTALY,FUT Esports,kayo,True,100,,1,2,0,5,False,sheriff,sidearm,,0.1011,0.3744,Chronicle,Team Vitality,chamber,False,,50,1,8,1,5,False,outlaw,sniper,,,,Derke,Team Vitality,neon,True,100,50,1,1,1,7,True,phantom,rifle,,0.5533,0.8311,Jamppi,Team Vitality,kayo,True,100,25,1,2,1,6,False,vandal,rifle,,0.7578,0.6356,Sayonara,Team Vitality,sova,True,100,50,0,2,1,0,False,vandal,rifle,,0.1800,0.6800,PROFEK,Team Vitality,astra,True,100,50,1,2,0,4,False,phantom,rifle,,0.7489,0.7300
1402.585,2680,ACTIVE_ROUND,9,4,6,63.000,,,s0pp,FUT Esports,chamber,True,100,25,0,7,0,7,True,vandal,rifle,,0.1333,0.3778,xeus,FUT Esports,jett,True,100,25,2,1,1,4,False,sheriff,sidearm,,0.7256,0.4211,sociablEE,FUT Esports,fade,True,100,25,0,1,1,6,False,vandal,rifle,,0.7189,0.4111,yetujey,FUT Esports,astra,True,100,25,1,0,0,7,True,sheriff,sidearm,,0.4000,0.5478,KROSTALY,FUT Esports,kayo,True,100,,1,2,0,5,False,sheriff,sidearm,,0.6789,0.4211,Chronicle,Team Vitality,chamber,False,,50,1,8,1,5,False,outlaw,sniper,,,,Derke,Team Vitality,neon,True,100,50,1,1,1,7,True,phantom,rifle,,0.5533,0.8311,Jamppi,Team Vitality,kayo,True,100,25,1,2,1,6,False,vandal,rifle,,0.7556,0.6333,Sayonara,Team Vitality,sova,True,100,50,0,2,1,0,False,vandal,rifle,,0.1800,0.6822,PROFEK,Team Vitality,astra,True,100,50,1,1,0,4,False,phantom,rifle,,0.7533,0.6900
1403.068,2681,ACTIVE_ROUND,9,4,6,62.000,,,s0pp,FUT Esports,chamber,True,100,25,0,7,0,7,True,vandal,rifle,,0.1533,0.3689,xeus,FUT Esports,jett,True,100,25,2,1,1,4,False,sheriff,sidearm,,0.7256,0.4211,sociablEE,FUT Esports,fade,True,100,25,0,1,1,6,False,vandal,rifle,,0.7189,0.4111,yetujey,FUT Esports,astra,True,100,25,1,0,0,7,True,sheriff,sidearm,,0.4000,0.5478,KROSTALY,FUT Esports,kayo,True,100,,1,2,0,5,False,sheriff,sidearm,,0.4611,0.3967,Chronicle,Team Vitality,chamber,False,,50,1,8,1,5,False,outlaw,sniper,,,,Derke,Team Vitality,neon,True,100,50,1,1,1,7,True,phantom,rifle,,0.5533,0.8311,Jamppi,Team Vitality,kayo,True,100,25,1,2,1,6,False,vandal,rifle,,0.7533,0.6200,Sayonara,Team Vitality,sova,True,100,50,0,2,1,0,False,vandal,rifle,,0.1800,0.6822,PROFEK,Team Vitality,astra,True,100,50,1,1,0,4,False,phantom,rifle,,0.7578,0.6789
1403.552,2682,ACTIVE_ROUND,9,4,6,62.000,,,s0pp,FUT Esports,chamber,True,100,25,0,7,0,7,True,vandal,rifle,,0.1533,0.3689,xeus,FUT Esports,jett,True,100,25,2,1,1,4,False,sheriff,sidearm,,0.7256,0.4211,sociablEE,FUT Esports,fade,True,100,25,0,1,1,6,False,vandal,rifle,,0.7189,0.4111,yetujey,FUT Esports,astra,True,100,25,1,0,0,7,True,sheriff,sidearm,,0.4000,0.5478,KROSTALY,FUT Esports,kayo,True,100,,1,2,0,5,False,sheriff,sidearm,,0.3722,0.5256,Chronicle,Team Vitality,chamber,False,,50,1,8,1,5,False,outlaw,sniper,,,,Derke,Team Vitality,neon,True,100,50,1,1,1,7,True,phantom,rifle,,0.5533,0.8311,Jamppi,Team Vitality,kayo,True,100,25,1,2,1,6,False,vandal,rifle,,0.7578,0.6111,Sayonara,Team Vitality,sova,True,100,50,0,2,1,0,False,vandal,rifle,,0.1822,0.6889,PROFEK,Team Vitality,astra,True,100,50,1,1,0,4,False,phantom,rifle,,0.7600,0.6656
1404.036,2683,ACTIVE_ROUND,9,4,6,61.000,,,s0pp,FUT Esports,chamber,True,100,25,0,7,0,7,True,vandal,rifle,,0.1711,0.3600,xeus,FUT Esports,jett,True,100,25,2,1,1,4,False,sheriff,sidearm,,0.7256,0.4611,sociablEE,FUT Esports,fade,True,100,25,0,1,1,6,False,vandal,rifle,,0.7189,0.4111,yetujey,FUT Esports,astra,True,100,25,1,0,0,7,True,sheriff,sidearm,,0.4000,0.5478,KROSTALY,FUT Esports,kayo,True,100,,1,2,0,5,False,sheriff,sidearm,,0.1478,0.3344,Chronicle,Team Vitality,chamber,False,,50,1,8,1,5,False,outlaw,sniper,,,,Derke,Team Vitality,neon,True,100,50,1,1,1,7,True,phantom,rifle,,0.5533,0.8311,Jamppi,Team Vitality,kayo,True,100,25,1,2,1,6,False,vandal,rifle,,0.7644,0.6044,Sayonara,Team Vitality,sova,True,100,50,0,2,1,0,False,vandal,rifle,,0.1822,0.6933,PROFEK,Team Vitality,astra,True,100,50,1,1,0,4,False,phantom,rifle,,0.7644,0.6500
1404.520,2684,ACTIVE_ROUND,9,4,6,61.000,,,s0pp,FUT Esports,chamber,True,100,25,0,7,0,7,True,vandal,rifle,,0.1756,0.3533,xeus,FUT Esports,jett,True,100,25,2,1,1,4,False,sheriff,sidearm,,0.2033,0.3744,sociablEE,FUT Esports,fade,True,100,25,0,1,1,6,False,vandal,rifle,,0.7189,0.4111,yetujey,FUT Esports,astra,True,100,25,1,0,0,7,True,sheriff,sidearm,,0.4000,0.5478,KROSTALY,FUT Esports,kayo,True,100,,1,2,0,5,False,sheriff,sidearm,,0.1478,0.3322,Chronicle,Team Vitality,chamber,False,,50,1,8,1,5,False,outlaw,sniper,,,,Derke,Team Vitality,neon,True,100,50,1,1,1,7,True,phantom,rifle,,0.5533,0.8311,Jamppi,Team Vitality,kayo,True,100,25,1,2,1,6,False,vandal,rifle,,0.7733,0.5956,Sayonara,Team Vitality,sova,True,100,50,0,2,1,0,False,vandal,rifle,,0.1822,0.6933,PROFEK,Team Vitality,astra,True,100,50,1,1,0,4,False,phantom,rifle,,0.7644,0.6500
1405.004,2685,ACTIVE_ROUND,9,4,6,60.000,,,s0pp,FUT Esports,chamber,True,100,25,0,7,0,7,True,vandal,rifle,,0.1756,0.3533,xeus,FUT Esports,jett,True,100,25,2,1,1,4,False,sheriff,sidearm,,0.2033,0.3744,sociablEE,FUT Esports,fade,True,100,25,0,1,1,6,False,vandal,rifle,,0.7189,0.4111,yetujey,FUT Esports,astra,True,100,25,1,0,0,7,True,sheriff,sidearm,,0.4000,0.5478,KROSTALY,FUT Esports,kayo,True,100,,1,2,0,5,False,sheriff,sidearm,,0.3722,0.5211,Chronicle,Team Vitality,chamber,False,,50,1,8,1,5,False,outlaw,sniper,,,,Derke,Team Vitality,neon,True,100,50,1,1,1,7,True,phantom,rifle,,0.7489,0.7622,Jamppi,Team Vitality,kayo,True,100,25,1,2,1,6,False,vandal,rifle,,0.7733,0.5956,Sayonara,Team Vitality,sova,True,100,50,0,2,1,0,False,vandal,rifle,,0.1822,0.6933,PROFEK,Team Vitality,astra,True,100,50,1,1,0,4,False,phantom,rifle,,0.7800,0.6367
1405.487,2686,ACTIVE_ROUND,9,4,6,60.000,,,s0pp,FUT Esports,chamber,True,100,25,0,7,0,7,True,vandal,rifle,,0.1756,0.3533,xeus,FUT Esports,jett,True,100,25,2,1,1,4,False,sheriff,sidearm,,0.2033,0.3744,sociablEE,FUT Esports,fade,True,100,25,0,1,1,6,False,vandal,rifle,,0.7189,0.4111,yetujey,FUT Esports,astra,True,100,25,1,0,0,7,True,sheriff,sidearm,,0.4000,0.5478,KROSTALY,FUT Esports,kayo,True,100,,1,2,0,5,False,sheriff,sidearm,,0.3011,0.5033,Chronicle,Team Vitality,chamber,False,,50,1,8,1,5,False,outlaw,sniper,,,,Derke,Team Vitality,neon,True,100,50,1,1,1,7,True,phantom,rifle,,0.7533,0.7467,Jamppi,Team Vitality,kayo,True,100,25,1,2,1,6,False,vandal,rifle,,0.7733,0.5956,Sayonara,Team Vitality,sova,True,100,50,0,2,1,0,False,vandal,rifle,,0.1800,0.6889,PROFEK,Team Vitality,astra,True,100,50,1,1,0,4,False,phantom,rifle,,0.7844,0.6256
1405.971,2687,ACTIVE_ROUND,9,4,6,59.000,,,s0pp,FUT Esports,chamber,True,100,25,0,7,0,7,True,vandal,rifle,,0.1756,0.3533,xeus,FUT Esports,jett,True,100,25,2,1,1,4,False,sheriff,sidearm,,0.2033,0.3744,sociablEE,FUT Esports,fade,True,100,25,0,1,1,6,False,vandal,rifle,,0.7189,0.4111,yetujey,FUT Esports,astra,True,100,25,1,0,0,7,True,sheriff,sidearm,,0.4000,0.5478,KROSTALY,FUT Esports,kayo,True,100,,1,2,0,5,False,sheriff,sidearm,,0.3056,0.5144,Chronicle,Team Vitality,chamber,False,,50,1,8,1,5,False,outlaw,sniper,,,,Derke,Team Vitality,neon,True,100,50,1,1,1,7,True,phantom,rifle,,0.7556,0.7356,Jamppi,Team Vitality,kayo,True,100,25,1,2,1,6,False,vandal,rifle,,0.7733,0.5956,Sayonara,Team Vitality,sova,True,100,50,0,2,1,0,False,vandal,rifle,,0.1800,0.6867,PROFEK,Team Vitality,astra,True,100,50,1,1,0,4,False,phantom,rifle,,0.7844,0.6256
1406.455,2688,ACTIVE_ROUND,9,4,6,59.000,,,s0pp,FUT Esports,chamber,True,100,25,0,7,1,7,True,vandal,rifle,,0.1778,0.3156,xeus,FUT Esports,jett,True,100,25,2,1,1,4,False,sheriff,sidearm,,0.2033,0.3744,sociablEE,FUT Esports,fade,True,100,25,0,1,1,6,False,vandal,rifle,,0.7322,0.5133,yetujey,FUT Esports,astra,True,100,25,1,0,0,7,True,sheriff,sidearm,,0.4311,0.5211,KROSTALY,FUT Esports,kayo,True,100,,1,2,0,5,False,sheriff,sidearm,,0.3144,0.5189,Chronicle,Team Vitality,chamber,False,,50,1,8,1,5,False,outlaw,sniper,,,,Derke,Team Vitality,neon,True,100,50,1,1,1,7,True,phantom,rifle,,0.7578,0.7178,Jamppi,Team Vitality,kayo,True,100,25,1,2,1,6,False,vandal,rifle,,0.7733,0.5956,Sayonara,Team Vitality,sova,True,100,50,0,2,1,0,False,vandal,rifle,,0.1800,0.6867,PROFEK,Team Vitality,astra,True,100,50,2,2,0,4,False,phantom,rifle,,0.7844,0.6256
1406.939,2689,ACTIVE_ROUND,9,4,6,58.000,,,s0pp,FUT Esports,chamber,True,100,25,0,7,1,7,True,vandal,rifle,,0.1756,0.3222,xeus,FUT Esports,jett,True,100,25,2,1,1,4,False,sheriff,sidearm,,0.2033,0.3744,sociablEE,FUT Esports,fade,True,100,25,0,1,1,6,False,vandal,rifle,,0.7322,0.5178,yetujey,FUT Esports,astra,True,100,25,1,0,0,7,True,sheriff,sidearm,,0.4422,0.5189,KROSTALY,FUT Esports,kayo,True,100,,1,2,0,5,False,sheriff,sidearm,,0.3233,0.5144,Chronicle,Team Vitality,chamber,False,,50,1,8,1,5,False,outlaw,sniper,,,,Derke,Team Vitality,neon,True,100,50,1,1,1,7,True,phantom,rifle,,0.7622,0.7067,Jamppi,Team Vitality,kayo,True,100,25,1,2,1,6,False,vandal,rifle,,0.4156,0.5311,Sayonara,Team Vitality,sova,True,100,50,0,2,1,0,False,vandal,rifle,,0.1800,0.6711,PROFEK,Team Vitality,astra,True,100,50,2,2,0,4,False,phantom,rifle,,0.7844,0.6256
1407.423,2690,ACTIVE_ROUND,9,4,6,58.000,,,s0pp,FUT Esports,chamber,True,100,25,0,7,1,7,True,vandal,rifle,,0.1756,0.3378,xeus,FUT Esports,jett,True,100,25,2,1,1,4,False,sheriff,sidearm,,0.2033,0.3744,sociablEE,FUT Esports,fade,True,100,25,0,1,1,6,False,vandal,rifle,,0.7300,0.5222,yetujey,FUT Esports,astra,True,100,25,1,0,0,7,True,sheriff,sidearm,,0.4511,0.5100,KROSTALY,FUT Esports,kayo,True,100,,1,2,0,5,False,sheriff,sidearm,,0.1478,0.3322,Chronicle,Team Vitality,chamber,False,,50,1,8,1,5,False,outlaw,sniper,,,,Derke,Team Vitality,neon,True,100,50,1,1,1,7,True,phantom,rifle,,0.7644,0.6933,Jamppi,Team Vitality,kayo,True,100,25,1,2,1,6,False,vandal,rifle,,0.8356,0.5733,Sayonara,Team Vitality,sova,True,100,50,0,2,1,0,False,vandal,rifle,,0.1800,0.6889,PROFEK,Team Vitality,astra,True,100,50,2,2,0,4,False,phantom,rifle,,0.7844,0.6256
1407.907,2691,ACTIVE_ROUND,9,4,6,57.000,,,s0pp,FUT Esports,chamber,True,100,25,0,7,1,7,True,vandal,rifle,,0.1756,0.3489,xeus,FUT Esports,jett,True,100,25,2,1,1,4,False,sheriff,sidearm,,0.2033,0.3744,sociablEE,FUT Esports,fade,True,100,25,0,1,1,6,False,vandal,rifle,,0.7233,0.5311,yetujey,FUT Esports,astra,True,100,25,1,0,0,7,True,sheriff,sidearm,,0.4622,0.5078,KROSTALY,FUT Esports,kayo,True,100,,1,2,0,5,False,sheriff,sidearm,,0.1478,0.3322,Chronicle,Team Vitality,chamber,False,,50,1,8,1,5,False,outlaw,sniper,,,,Derke,Team Vitality,neon,True,100,50,1,1,1,7,True,phantom,rifle,,0.7689,0.6800,Jamppi,Team Vitality,kayo,True,100,25,1,2,1,6,False,vandal,rifle,,0.8467,0.5711,Sayonara,Team Vitality,sova,True,100,50,0,2,1,0,False,vandal,rifle,,0.1800,0.6867,PROFEK,Team Vitality,astra,True,100,50,2,2,0,4,False,phantom,rifle,,0.8222,0.5967
1408.390,2692,ACTIVE_ROUND,9,4,6,57.000,,,s0pp,FUT Esports,chamber,True,100,25,0,7,1,7,True,vandal,rifle,,0.1733,0.3600,xeus,FUT Esports,jett,True,100,25,2,1,1,4,False,sheriff,sidearm,,0.2033,0.3744,sociablEE,FUT Esports,fade,True,100,25,0,1,1,6,False,vandal,rifle,,0.7189,0.5400,yetujey,FUT Esports,astra,True,100,25,1,0,0,7,True,sheriff,sidearm,,0.4711,0.5033,KROSTALY,FUT Esports,kayo,True,100,,1,2,0,5,False,sheriff,sidearm,,0.1478,0.3344,Chronicle,Team Vitality,chamber,False,,50,1,8,1,5,False,outlaw,sniper,,,,Derke,Team Vitality,neon,True,100,50,1,1,1,7,True,phantom,rifle,,0.8889,0.5533,Jamppi,Team Vitality,kayo,True,100,25,1,2,1,6,False,vandal,rifle,,0.8556,0.5689,Sayonara,Team Vitality,sova,True,100,50,0,2,1,0,False,vandal,rifle,,0.1800,0.6867,PROFEK,Team Vitality,astra,True,100,50,1,1,0,4,False,phantom,rifle,,0.8222,0.5967
1408.874,2693,ACTIVE_ROUND,9,4,6,56.000,,,s0pp,FUT Esports,chamber,True,100,25,0,7,1,7,True,vandal,rifle,,0.1644,0.3667,xeus,FUT Esports,jett,True,100,25,2,1,1,4,False,sheriff,sidearm,,0.2033,0.3744,sociablEE,FUT Esports,fade,True,100,25,0,1,1,6,False,vandal,rifle,,0.7167,0.5289,yetujey,FUT Esports,astra,True,100,25,1,0,0,7,True,sheriff,sidearm,,0.4822,0.5011,KROSTALY,FUT Esports,kayo,True,100,,1,2,0,5,False,sheriff,sidearm,,0.6722,0.4900,Chronicle,Team Vitality,chamber,False,,50,1,8,1,5,False,outlaw,sniper,,,,Derke,Team Vitality,neon,True,100,50,1,1,1,7,True,phantom,rifle,,0.7733,0.6511,Jamppi,Team Vitality,kayo,True,100,25,1,2,1,6,False,vandal,rifle,,0.8578,0.5667,Sayonara,Team Vitality,sova,True,100,50,0,2,1,0,False,vandal,rifle,,0.1800,0.6867,PROFEK,Team Vitality,astra,True,100,50,1,1,0,4,False,phantom,rifle,,0.8222,0.5967
1409.358,2694,ACTIVE_ROUND,9,4,6,56.000,,,s0pp,FUT Esports,chamber,True,100,25,0,7,1,7,True,vandal,rifle,,0.1533,0.3689,xeus,FUT Esports,jett,True,100,25,2,1,1,4,False,sheriff,sidearm,,0.4211,0.5056,sociablEE,FUT Esports,fade,True,100,25,0,1,1,6,False,vandal,rifle,,0.7167,0.5244,yetujey,FUT Esports,astra,True,100,25,1,0,0,7,True,sheriff,sidearm,,0.4933,0.5011,KROSTALY,FUT Esports,kayo,True,100,,1,2,0,5,False,sheriff,sidearm,,0.6722,0.4900,Chronicle,Team Vitality,chamber,False,,50,1,8,1,5,False,outlaw,sniper,,,,Derke,Team Vitality,neon,True,100,50,1,1,1,7,True,phantom,rifle,,0.7778,0.6378,Jamppi,Team Vitality,kayo,True,100,25,1,2,1,6,False,vandal,rifle,,0.8644,0.5667,Sayonara,Team Vitality,sova,True,100,50,0,2,1,0,False,vandal,rifle,,0.1800,0.6911,PROFEK,Team Vitality,astra,True,100,50,1,1,0,4,False,phantom,rifle,,0.8222,0.5967
1409.842,2695,ACTIVE_ROUND,9,4,6,56.000,,,s0pp,FUT Esports,chamber,True,100,25,0,7,1,7,True,vandal,rifle,,0.1422,0.3711,xeus,FUT Esports,jett,True,100,25,2,1,1,4,False,sheriff,sidearm,,0.4211,0.5056,sociablEE,FUT Esports,fade,True,100,25,0,1,1,6,False,vandal,rifle,,0.7122,0.5156,yetujey,FUT Esports,astra,True,100,25,1,0,0,7,True,sheriff,sidearm,,0.5044,0.5011,KROSTALY,FUT Esports,kayo,True,100,,1,2,0,5,False,sheriff,sidearm,,0.6722,0.4856,Chronicle,Team Vitality,chamber,False,,50,1,8,1,5,False,outlaw,sniper,,,,Derke,Team Vitality,neon,True,100,50,1,1,1,7,True,phantom,rifle,,0.7822,0.6244,Jamppi,Team Vitality,kayo,True,100,25,1,2,1,6,False,vandal,rifle,,0.8689,0.5644,Sayonara,Team Vitality,sova,True,100,50,0,2,1,0,False,vandal,rifle,,0.1800,0.6911,PROFEK,Team Vitality,astra,True,100,50,1,1,0,4,False,phantom,rifle,,0.8222,0.5967
1410.326,2696,ACTIVE_ROUND,9,4,6,55.000,,,s0pp,FUT Esports,chamber,True,100,25,0,7,1,7,True,vandal,rifle,,0.1311,0.3756,xeus,FUT Esports,jett,True,100,25,2,1,1,4,False,sheriff,sidearm,,0.4211,0.5056,sociablEE,FUT Esports,fade,True,100,25,0,1,1,6,False,vandal,rifle,,0.7056,0.5067,yetujey,FUT Esports,astra,True,100,25,1,0,0,7,True,sheriff,sidearm,,0.5156,0.5078,KROSTALY,FUT Esports,kayo,True,100,,1,2,0,5,False,sheriff,sidearm,,0.3989,0.5011,Chronicle,Team Vitality,chamber,False,,50,1,8,1,5,False,outlaw,sniper,,,,Derke,Team Vitality,neon,True,100,50,1,1,1,7,True,phantom,rifle,,0.7911,0.6133,Jamppi,Team Vitality,kayo,True,100,25,1,2,1,6,False,vandal,rifle,,0.8733,0.5667,Sayonara,Team Vitality,sova,True,100,50,0,2,1,0,False,vandal,rifle,,0.1778,0.6733,PROFEK,Team Vitality,astra,True,100,50,0,2,0,4,False,phantom,rifle,,0.8533,0.5989
1410.809,2697,ACTIVE_ROUND,9,4,6,55.000,,,s0pp,FUT Esports,chamber,True,100,25,0,7,1,7,True,vandal,rifle,,0.1311,0.3756,xeus,FUT Esports,jett,True,100,25,2,1,1,4,False,sheriff,sidearm,,0.6856,0.5344,sociablEE,FUT Esports,fade,True,100,25,0,1,1,6,False,vandal,rifle,,0.6989,0.4956,yetujey,FUT Esports,astra,True,100,25,1,0,0,7,True,sheriff,sidearm,,0.5200,0.5100,KROSTALY,FUT Esports,kayo,True,100,,1,2,0,5,False,sheriff,sidearm,,0.4100,0.4989,Chronicle,Team Vitality,chamber,False,,50,1,8,1,5,False,outlaw,sniper,,,,Derke,Team Vitality,neon,True,100,50,1,1,1,7,True,phantom,rifle,,0.8022,0.6067,Jamppi,Team Vitality,kayo,True,100,25,1,2,1,6,False,vandal,rifle,,0.8756,0.5622,Sayonara,Team Vitality,sova,True,100,50,0,2,1,0,False,vandal,rifle,,0.1778,0.6733,PROFEK,Team Vitality,astra,True,100,50,0,2,0,4,False,phantom,rifle,,0.8533,0.5989
1411.293,2698,ACTIVE_ROUND,9,4,6,54.000,,,s0pp,FUT Esports,chamber,True,100,25,0,7,1,7,True,vandal,rifle,,0.1311,0.3756,xeus,FUT Esports,jett,True,100,25,2,1,1,4,False,sheriff,sidearm,,0.6856,0.5344,sociablEE,FUT Esports,fade,True,100,25,0,1,1,6,False,vandal,rifle,,0.6900,0.5044,yetujey,FUT Esports,astra,True,100,25,1,0,0,7,True,sheriff,sidearm,,0.5200,0.5100,KROSTALY,FUT Esports,kayo,True,100,,1,2,0,5,False,sheriff,sidearm,,0.4167,0.4944,Chronicle,Team Vitality,chamber,False,,50,1,8,1,5,False,outlaw,sniper,,,,Derke,Team Vitality,neon,True,100,50,1,1,1,7,True,phantom,rifle,,0.8156,0.6000,Jamppi,Team Vitality,kayo,True,100,25,1,2,1,6,False,vandal,rifle,,0.5289,0.5356,Sayonara,Team Vitality,sova,True,100,50,0,2,1,0,False,vandal,rifle,,0.1778,0.6733,PROFEK,Team Vitality,astra,True,100,50,0,2,0,4,False,phantom,rifle,,0.8533,0.5989
1411.777,2699,ACTIVE_ROUND,9,4,6,54.000,,,s0pp,FUT Esports,chamber,True,100,25,0,7,1,7,True,vandal,rifle,,0.1311,0.3756,xeus,FUT Esports,jett,True,100,25,2,1,1,4,False,sheriff,sidearm,,0.6856,0.5344,sociablEE,FUT Esports,fade,True,100,25,0,1,1,6,False,vandal,rifle,,0.6811,0.5044,yetujey,FUT Esports,astra,True,100,25,1,0,0,7,True,sheriff,sidearm,,0.5200,0.5100,KROSTALY,FUT Esports,kayo,True,100,,1,2,0,5,False,sheriff,sidearm,,0.1011,0.4256,Chronicle,Team Vitality,chamber,False,,50,1,8,1,5,False,outlaw,sniper,,,,Derke,Team Vitality,neon,True,100,50,1,1,1,7,True,phantom,rifle,,0.8267,0.5956,Jamppi,Team Vitality,kayo,True,100,25,1,2,1,6,False,vandal,rifle,,0.8778,0.5667,Sayonara,Team Vitality,sova,True,100,50,0,2,1,0,False,vandal,rifle,,0.1778,0.6800,PROFEK,Team Vitality,astra,True,100,50,0,2,0,4,False,phantom,rifle,,0.8533,0.5989
1412.261,2700,ACTIVE_ROUND,9,4,6,53.000,,,s0pp,FUT Esports,chamber,True,100,25,0,7,1,7,True,vandal,rifle,,0.1311,0.3756,xeus,FUT Esports,jett,True,100,25,2,1,1,4,False,sheriff,sidearm,,0.6833,0.5367,sociablEE,FUT Esports,fade,True,100,25,0,1,1,6,False,vandal,rifle,,0.6811,0.5044,yetujey,FUT Esports,astra,True,100,25,1,0,0,7,True,sheriff,sidearm,,0.5200,0.5100,KROSTALY,FUT Esports,kayo,True,100,,1,2,0,5,False,sheriff,sidearm,,0.1011,0.4278,Chronicle,Team Vitality,chamber,False,,50,1,8,1,5,False,outlaw,sniper,,,,Derke,Team Vitality,neon,True,100,50,1,1,1,7,True,phantom,rifle,,0.8356,0.5889,Jamppi,Team Vitality,kayo,True,100,25,1,2,1,6,False,vandal,rifle,,0.8778,0.5667,Sayonara,Team Vitality,sova,True,100,50,0,2,1,0,False,vandal,rifle,,0.1778,0.6800,PROFEK,Team Vitality,astra,True,100,50,1,2,0,4,False,phantom,rifle,,0.8533,0.5989
1412.745,2701,ACTIVE_ROUND,9,4,6,53.000,,,s0pp,FUT Esports,chamber,True,100,25,0,7,1,7,True,vandal,rifle,,0.1311,0.3756,xeus,FUT Esports,jett,True,100,25,2,1,1,4,False,sheriff,sidearm,,0.6833,0.5389,sociablEE,FUT Esports,fade,True,100,25,0,1,1,6,False,vandal,rifle,,0.6789,0.5022,yetujey,FUT Esports,astra,True,100,25,1,0,0,7,True,sheriff,sidearm,,0.5200,0.5189,KROSTALY,FUT Esports,kayo,True,100,,1,2,0,5,False,sheriff,sidearm,,0.6722,0.4767,Chronicle,Team Vitality,chamber,False,,50,1,8,1,5,False,outlaw,sniper,,,,Derke,Team Vitality,neon,True,100,50,1,1,1,7,True,phantom,rifle,,0.8356,0.5889,Jamppi,Team Vitality,kayo,True,100,25,1,2,1,6,False,vandal,rifle,,0.8822,0.5644,Sayonara,Team Vitality,sova,True,100,50,0,2,1,0,False,vandal,rifle,,0.1778,0.6800,PROFEK,Team Vitality,astra,True,100,50,1,2,0,4,False,phantom,rifle,,0.9089,0.5789
1413.228,2702,ACTIVE_ROUND,9,4,6,52.000,,,s0pp,FUT Esports,chamber,True,100,25,0,7,1,7,True,vandal,rifle,,0.1311,0.3756,xeus,FUT Esports,jett,True,100,25,2,1,1,4,False,sheriff,sidearm,,0.6833,0.5389,sociablEE,FUT Esports,fade,True,100,25,0,1,1,6,False,vandal,rifle,,0.6789,0.4978,yetujey,FUT Esports,astra,True,100,25,1,0,0,7,True,sheriff,sidearm,,0.5200,0.5189,KROSTALY,FUT Esports,kayo,True,100,,1,2,0,5,False,sheriff,sidearm,,0.6744,0.4722,Chronicle,Team Vitality,chamber,False,,50,1,8,1,5,False,outlaw,sniper,,,,Derke,Team Vitality,neon,True,100,50,1,1,1,7,True,phantom,rifle,,0.8600,0.5733,Jamppi,Team Vitality,kayo,True,100,25,1,2,1,6,False,vandal,rifle,,0.9311,0.6067,Sayonara,Team Vitality,sova,True,100,50,0,2,1,0,False,vandal,rifle,,0.1844,0.6844,PROFEK,Team Vitality,astra,True,100,50,1,2,0,4,False,phantom,rifle,,0.9089,0.5789
1413.712,2703,ACTIVE_ROUND,9,4,6,52.000,,,s0pp,FUT Esports,chamber,True,100,25,0,7,1,7,True,vandal,rifle,,0.1311,0.3756,xeus,FUT Esports,jett,True,100,25,2,1,1,4,False,sheriff,sidearm,,0.6767,0.5344,sociablEE,FUT Esports,fade,True,100,25,0,1,1,6,False,vandal,rifle,,0.6811,0.5000,yetujey,FUT Esports,astra,True,100,25,1,0,0,7,True,sheriff,sidearm,,0.5200,0.5189,KROSTALY,FUT Esports,kayo,True,100,,1,2,0,5,False,sheriff,sidearm,,0.1011,0.3789,Chronicle,Team Vitality,chamber,False,,50,1,8,1,5,False,outlaw,sniper,,,,Derke,Team Vitality,neon,True,100,50,1,1,1,7,True,phantom,rifle,,0.8889,0.5667,Jamppi,Team Vitality,kayo,True,100,25,1,2,1,6,False,vandal,rifle,,0.7667,0.7511,Sayonara,Team Vitality,sova,True,100,50,0,2,1,0,False,vandal,rifle,,0.1844,0.6844,PROFEK,Team Vitality,astra,True,100,50,1,2,0,4,False,phantom,rifle,,0.9089,0.5789
1414.196,2704,ACTIVE_ROUND,9,4,6,51.000,,,s0pp,FUT Esports,chamber,True,100,25,0,7,1,7,True,vandal,rifle,,0.1311,0.3756,xeus,FUT Esports,jett,True,100,25,2,1,1,4,False,sheriff,sidearm,,0.6656,0.5300,sociablEE,FUT Esports,fade,True,100,25,0,1,0,6,False,vandal,rifle,,0.6811,0.5000,yetujey,FUT Esports,astra,True,100,25,1,0,0,7,True,sheriff,sidearm,,0.5200,0.5189,KROSTALY,FUT Esports,kayo,True,100,,1,2,0,5,False,sheriff,sidearm,,0.6744,0.4700,Chronicle,Team Vitality,chamber,False,,50,1,8,1,5,False,outlaw,sniper,,,,Derke,Team Vitality,neon,True,100,50,1,1,1,7,True,phantom,rifle,,0.8889,0.5667,Jamppi,Team Vitality,kayo,True,100,25,1,1,1,6,False,vandal,rifle,,0.5289,0.5356,Sayonara,Team Vitality,sova,True,100,50,0,2,1,0,False,vandal,rifle,,0.1867,0.6867,PROFEK,Team Vitality,astra,True,100,50,2,2,0,4,False,phantom,rifle,,0.9089,0.5789
1414.680,2705,ACTIVE_ROUND,9,4,6,51.000,,,s0pp,FUT Esports,chamber,True,100,25,0,7,1,7,True,vandal,rifle,,0.1311,0.3756,xeus,FUT Esports,jett,True,100,25,2,1,1,4,False,sheriff,sidearm,,0.6589,0.5256,sociablEE,FUT Esports,fade,True,100,25,0,1,0,6,False,vandal,rifle,,0.6811,0.5000,yetujey,FUT Esports,astra,True,100,25,1,0,0,7,True,sheriff,sidearm,,0.5222,0.5256,KROSTALY,FUT Esports,kayo,True,100,,1,2,0,5,False,sheriff,sidearm,,0.6722,0.4856,Chronicle,Team Vitality,chamber,False,,50,1,8,1,5,False,outlaw,sniper,,,,Derke,Team Vitality,neon,True,100,50,1,1,1,7,True,phantom,rifle,,0.9000,0.5178,Jamppi,Team Vitality,kayo,True,100,25,1,1,1,6,False,vandal,rifle,,0.5289,0.5356,Sayonara,Team Vitality,sova,True,100,50,0,2,1,0,False,vandal,rifle,,0.1800,0.6800,PROFEK,Team Vitality,astra,True,100,50,2,2,0,4,False,phantom,rifle,,0.9089,0.5789
1415.164,2706,ACTIVE_ROUND,9,4,6,50.000,,,s0pp,FUT Esports,chamber,True,100,25,0,7,1,7,True,vandal,rifle,,0.1311,0.3756,xeus,FUT Esports,jett,True,100,25,2,1,1,4,False,sheriff,sidearm,,0.6656,0.5233,sociablEE,FUT Esports,fade,True,100,25,0,1,0,6,False,vandal,rifle,,0.6811,0.5000,yetujey,FUT Esports,astra,True,100,25,1,0,0,7,True,sheriff,sidearm,,0.5222,0.5256,KROSTALY,FUT Esports,kayo,True,100,,1,2,0,5,False,sheriff,sidearm,,0.1011,0.4056,Chronicle,Team Vitality,chamber,False,,50,1,8,1,5,False,outlaw,sniper,,,,Derke,Team Vitality,neon,True,100,50,1,1,1,7,True,phantom,rifle,,0.8800,0.4978,Jamppi,Team Vitality,kayo,True,100,25,1,1,1,6,False,vandal,rifle,,0.9289,0.5111,Sayonara,Team Vitality,sova,True,100,50,0,2,1,0,False,vandal,rifle,,0.1800,0.6800,PROFEK,Team Vitality,astra,True,100,50,2,2,0,4,False,phantom,rifle,,0.9089,0.5789
1415.648,2707,ACTIVE_ROUND,9,4,6,50.000,,,s0pp,FUT Esports,chamber,True,100,25,0,7,1,7,True,vandal,rifle,,0.1311,0.3756,xeus,FUT Esports,jett,True,100,25,2,1,1,4,False,sheriff,sidearm,,0.6656,0.5233,sociablEE,FUT Esports,fade,True,100,25,0,1,0,6,False,vandal,rifle,,0.6922,0.4622,yetujey,FUT Esports,astra,True,100,25,1,0,0,7,True,sheriff,sidearm,,0.5222,0.5256,KROSTALY,FUT Esports,kayo,True,100,,1,2,0,5,False,sheriff,sidearm,,0.6744,0.4833,Chronicle,Team Vitality,chamber,False,,50,1,8,1,5,False,outlaw,sniper,,,,Derke,Team Vitality,neon,True,100,50,1,1,1,7,True,phantom,rifle,,0.8467,0.4911,Jamppi,Team Vitality,kayo,True,100,25,1,1,1,6,False,vandal,rifle,,0.9178,0.5111,Sayonara,Team Vitality,sova,True,100,50,0,2,1,0,False,vandal,rifle,,0.1800,0.6689,PROFEK,Team Vitality,astra,True,100,50,2,2,0,4,False,phantom,rifle,,0.9089,0.5789
1416.131,2708,ACTIVE_ROUND,9,4,6,49.000,,,s0pp,FUT Esports,chamber,True,100,25,0,7,1,7,True,vandal,rifle,,0.1311,0.3756,xeus,FUT Esports,jett,True,100,25,2,1,1,4,False,sheriff,sidearm,,0.6656,0.5233,sociablEE,FUT Esports,fade,True,100,25,0,1,0,6,False,vandal,rifle,,0.6922,0.4511,yetujey,FUT Esports,astra,True,100,25,1,0,0,7,True,sheriff,sidearm,,0.5222,0.5256,KROSTALY,FUT Esports,kayo,True,100,,1,2,0,5,False,sheriff,sidearm,,0.4678,0.4767,Chronicle,Team Vitality,chamber,False,,50,1,8,1,5,False,outlaw,sniper,,,,Derke,Team Vitality,neon,True,100,50,1,1,1,7,True,phantom,rifle,,0.8089,0.4844,Jamppi,Team Vitality,kayo,True,100,25,1,1,1,6,False,vandal,rifle,,0.8000,0.3111,Sayonara,Team Vitality,sova,True,100,50,0,2,1,0,False,vandal,rifle,,0.1778,0.6733,PROFEK,Team Vitality,astra,True,100,50,0,1,0,4,False,phantom,rifle,,0.9089,0.5789
1416.615,2709,ACTIVE_ROUND,9,4,6,49.000,,,s0pp,FUT Esports,chamber,True,100,25,0,7,1,7,True,vandal,rifle,,0.1311,0.3756,xeus,FUT Esports,jett,True,100,25,2,1,1,4,False,sheriff,sidearm,,0.6656,0.5233,sociablEE,FUT Esports,fade,True,100,25,0,1,0,6,False,vandal,rifle,,0.6922,0.4378,yetujey,FUT Esports,astra,True,100,25,1,0,0,7,True,sheriff,sidearm,,0.5222,0.5256,KROSTALY,FUT Esports,kayo,True,100,,1,2,0,5,False,sheriff,sidearm,,0.6744,0.4700,Chronicle,Team Vitality,chamber,False,,50,1,8,1,5,False,outlaw,sniper,,,,Derke,Team Vitality,neon,True,100,50,1,1,1,7,True,phantom,rifle,,0.8089,0.4844,Jamppi,Team Vitality,kayo,True,100,25,1,1,1,6,False,vandal,rifle,,0.8822,0.5156,Sayonara,Team Vitality,sova,True,100,50,0,2,1,0,False,vandal,rifle,,0.1222,0.3622,PROFEK,Team Vitality,astra,True,100,50,0,1,0,4,False,phantom,rifle,,0.8956,0.6011
1417.099,2710,ACTIVE_ROUND,9,4,6,48.000,,,s0pp,FUT Esports,chamber,True,100,25,0,7,1,7,True,vandal,rifle,,0.1311,0.3756,xeus,FUT Esports,jett,True,100,25,2,1,1,4,False,sheriff,sidearm,,0.6944,0.4744,sociablEE,FUT Esports,fade,True,100,25,0,1,0,6,False,vandal,rifle,,0.6922,0.4178,yetujey,FUT Esports,astra,True,100,25,1,0,0,7,True,sheriff,sidearm,,0.5222,0.5256,KROSTALY,FUT Esports,kayo,True,100,,1,2,0,5,False,sheriff,sidearm,,0.4856,0.4589,Chronicle,Team Vitality,chamber,False,,50,1,8,1,5,False,outlaw,sniper,,,,Derke,Team Vitality,neon,True,100,50,1,1,1,7,True,phantom,rifle,,0.8089,0.4844,Jamppi,Team Vitality,kayo,True,100,25,1,1,1,6,False,vandal,rifle,,0.8622,0.5133,Sayonara,Team Vitality,sova,True,100,50,0,2,1,0,False,vandal,rifle,,0.1222,0.3533,PROFEK,Team Vitality,astra,True,100,50,0,1,0,4,False,phantom,rifle,,0.8956,0.5833
1417.583,2711,ACTIVE_ROUND,9,4,6,48.000,,,s0pp,FUT Esports,chamber,True,100,25,0,7,1,7,True,vandal,rifle,,0.1311,0.3756,xeus,FUT Esports,jett,True,100,25,2,1,1,4,False,sheriff,sidearm,,0.6944,0.4744,sociablEE,FUT Esports,fade,True,100,25,0,1,0,6,False,vandal,rifle,,0.6922,0.3956,yetujey,FUT Esports,astra,True,100,25,1,0,0,7,True,sheriff,sidearm,,0.5222,0.5256,KROSTALY,FUT Esports,kayo,True,100,,1,2,0,5,False,sheriff,sidearm,,0.1011,0.3678,Chronicle,Team Vitality,chamber,False,,50,1,8,1,5,False,outlaw,sniper,,,,Derke,Team Vitality,neon,True,100,50,1,1,1,7,True,phantom,rifle,,0.8089,0.4844,Jamppi,Team Vitality,kayo,True,100,25,1,1,1,6,False,vandal,rifle,,0.8511,0.4978,Sayonara,Team Vitality,sova,True,100,50,0,2,1,0,False,vandal,rifle,,0.8600,0.5689,PROFEK,Team Vitality,astra,True,100,50,0,1,0,4,False,phantom,rifle,,0.8911,0.5633
1418.067,2712,ACTIVE_ROUND,9,4,6,47.000,,,s0pp,FUT Esports,chamber,True,100,25,0,7,1,7,True,vandal,rifle,,0.1311,0.3756,xeus,FUT Esports,jett,True,100,25,2,1,1,4,False,sheriff,sidearm,,0.6878,0.4367,sociablEE,FUT Esports,fade,True,100,25,0,1,0,6,False,vandal,rifle,,0.7056,0.3867,yetujey,FUT Esports,astra,True,100,25,0,0,0,7,True,sheriff,sidearm,,0.5378,0.5567,KROSTALY,FUT Esports,kayo,True,100,,1,2,0,5,False,sheriff,sidearm,,0.5811,0.2922,Chronicle,Team Vitality,chamber,False,,50,1,8,1,5,False,outlaw,sniper,,,,Derke,Team Vitality,neon,True,100,50,1,1,0,7,True,phantom,rifle,,0.8089,0.4844,Jamppi,Team Vitality,kayo,True,100,25,1,1,1,6,False,vandal,rifle,,0.8556,0.4933,Sayonara,Team Vitality,sova,True,100,50,0,2,1,0,False,vandal,rifle,,0.7978,0.4867,PROFEK,Team Vitality,astra,True,100,50,1,1,0,4,False,phantom,rifle,,0.8978,0.5544
1418.550,2713,ACTIVE_ROUND,9,4,6,47.000,,,s0pp,FUT Esports,chamber,True,100,25,0,7,1,7,True,vandal,rifle,,0.1267,0.4000,xeus,FUT Esports,jett,True,100,25,2,1,1,4,False,sheriff,sidearm,,0.6833,0.4189,sociablEE,FUT Esports,fade,True,100,25,0,1,0,6,False,vandal,rifle,,0.7144,0.3911,yetujey,FUT Esports,astra,True,100,25,0,0,0,7,True,sheriff,sidearm,,0.5422,0.5700,KROSTALY,FUT Esports,kayo,True,100,,1,2,0,5,False,sheriff,sidearm,,0.6589,0.4100,Chronicle,Team Vitality,chamber,False,,50,1,8,1,5,False,outlaw,sniper,,,,Derke,Team Vitality,neon,True,100,50,1,1,0,7,True,phantom,rifle,,0.8089,0.4844,Jamppi,Team Vitality,kayo,True,100,25,1,1,1,6,False,vandal,rifle,,0.8022,0.4111,Sayonara,Team Vitality,sova,True,100,50,0,2,1,0,False,vandal,rifle,,0.1778,0.6778,PROFEK,Team Vitality,astra,True,100,50,1,1,0,4,False,phantom,rifle,,0.9000,0.5544
1419.034,2714,ACTIVE_ROUND,9,4,6,46.000,,,s0pp,FUT Esports,chamber,True,100,25,0,7,1,7,True,vandal,rifle,,0.1289,0.4111,xeus,FUT Esports,jett,True,100,25,2,1,1,4,False,sheriff,sidearm,,0.6833,0.4189,sociablEE,FUT Esports,fade,True,100,25,0,1,0,6,False,vandal,rifle,,0.7011,0.3867,yetujey,FUT Esports,astra,True,100,25,0,0,0,7,True,sheriff,sidearm,,0.5467,0.5767,KROSTALY,FUT Esports,kayo,True,100,,1,2,0,5,False,sheriff,sidearm,,0.6567,0.3944,Chronicle,Team Vitality,chamber,False,,50,1,8,1,5,False,outlaw,sniper,,,,Derke,Team Vitality,neon,True,100,50,1,1,0,7,True,phantom,rifle,,0.8733,0.4733,Jamppi,Team Vitality,kayo,True,100,25,1,1,1,6,False,vandal,rifle,,0.8333,0.4711,Sayonara,Team Vitality,sova,True,100,50,0,2,1,0,False,vandal,rifle,,0.1800,0.6733,PROFEK,Team Vitality,astra,True,100,50,1,1,0,4,False,phantom,rifle,,0.9000,0.5544
1419.518,2715,ACTIVE_ROUND,9,4,6,46.000,,,s0pp,FUT Esports,chamber,True,100,25,0,7,1,7,True,vandal,rifle,,0.1356,0.4111,xeus,FUT Esports,jett,True,100,25,2,1,1,4,False,sheriff,sidearm,,0.6833,0.4189,sociablEE,FUT Esports,fade,True,100,25,0,1,0,6,False,vandal,rifle,,0.6833,0.3911,yetujey,FUT Esports,astra,True,100,25,0,0,0,7,True,sheriff,sidearm,,0.5467,0.5767,KROSTALY,FUT Esports,kayo,True,100,,1,2,0,5,False,sheriff,sidearm,,0.6567,0.4100,Chronicle,Team Vitality,chamber,False,,50,1,8,1,5,False,outlaw,sniper,,,,Derke,Team Vitality,neon,True,74,1,1,1,0,7,True,phantom,rifle,,0.8733,0.4733,Jamppi,Team Vitality,kayo,True,100,25,1,1,1,6,False,vandal,rifle,,0.8200,0.4556,Sayonara,Team Vitality,sova,True,100,50,0,2,1,0,False,vandal,rifle,,0.1778,0.6933,PROFEK,Team Vitality,astra,True,100,50,1,1,0,4,False,phantom,rifle,,0.9000,0.5411
1420.002,2716,ACTIVE_ROUND,9,4,6,45.000,,,s0pp,FUT Esports,chamber,True,100,25,0,7,1,7,True,vandal,rifle,,0.1356,0.4111,xeus,FUT Esports,jett,True,100,25,2,1,0,4,False,sheriff,sidearm,,0.6833,0.4189,sociablEE,FUT Esports,fade,True,100,25,0,0,0,6,False,vandal,rifle,,0.6833,0.3933,yetujey,FUT Esports,astra,True,100,25,0,0,0,7,True,sheriff,sidearm,,0.5467,0.5767,KROSTALY,FUT Esports,kayo,True,100,,1,2,0,5,False,sheriff,sidearm,,0.6567,0.3856,Chronicle,Team Vitality,chamber,False,,50,1,8,1,5,False,outlaw,sniper,,,,Derke,Team Vitality,neon,False,,1,0,0,0,7,True,unknown,unknown,,0.8733,0.4733,Jamppi,Team Vitality,kayo,True,100,25,0,1,0,6,False,vandal,rifle,,0.8178,0.4378,Sayonara,Team Vitality,sova,True,100,50,0,2,1,0,False,vandal,rifle,,0.1800,0.6689,PROFEK,Team Vitality,astra,True,100,50,0,0,0,4,False,phantom,rifle,,0.8889,0.5256
1420.486,2717,ACTIVE_ROUND,9,4,6,45.000,,,s0pp,FUT Esports,chamber,True,100,25,0,7,1,7,True,vandal,rifle,,0.2244,0.3244,xeus,FUT Esports,jett,True,100,25,2,1,0,4,False,sheriff,sidearm,,0.6833,0.4189,sociablEE,FUT Esports,fade,True,100,25,0,0,0,6,False,vandal,rifle,,0.6833,0.3844,yetujey,FUT Esports,astra,True,100,25,0,0,0,7,True,sheriff,sidearm,,0.5467,0.5767,KROSTALY,FUT Esports,kayo,True,100,,1,2,0,5,False,sheriff,sidearm,,0.5811,0.3833,Chronicle,Team Vitality,chamber,False,,50,1,8,1,5,False,outlaw,sniper,,,,Derke,Team Vitality,neon,False,,1,0,0,0,7,True,unknown,unknown,,,,Jamppi,Team Vitality,kayo,True,100,25,0,1,0,6,False,vandal,rifle,,0.8267,0.4200,Sayonara,Team Vitality,sova,True,100,50,0,2,1,0,False,vandal,rifle,,0.1800,0.6867,PROFEK,Team Vitality,astra,True,100,50,0,0,0,4,False,phantom,rifle,,0.8711,0.5189
1420.970,2718,ACTIVE_ROUND,9,4,6,44.000,,,s0pp,FUT Esports,chamber,True,100,25,0,7,1,7,True,vandal,rifle,,0.2244,0.3244,xeus,FUT Esports,jett,True,100,25,2,1,0,4,False,sheriff,sidearm,,0.2256,0.3233,sociablEE,FUT Esports,fade,True,100,25,0,0,0,6,False,vandal,rifle,,0.6789,0.3800,yetujey,FUT Esports,astra,True,100,25,0,0,0,7,True,sheriff,sidearm,,0.5489,0.5811,KROSTALY,FUT Esports,kayo,True,100,,1,2,0,5,False,sheriff,sidearm,,0.6011,0.3856,Chronicle,Team Vitality,chamber,False,,50,1,8,1,5,False,outlaw,sniper,,,,Derke,Team Vitality,neon,False,,1,0,0,0,7,True,unknown,unknown,,,,Jamppi,Team Vitality,kayo,True,100,25,0,1,0,6,False,vandal,rifle,,0.8200,0.4156,Sayonara,Team Vitality,sova,True,100,50,0,2,1,0,False,vandal,rifle,,0.1800,0.6600,PROFEK,Team Vitality,astra,True,100,50,0,0,0,4,False,phantom,rifle,,0.8511,0.5144
1421.453,2719,ACTIVE_ROUND,9,4,6,44.000,,,s0pp,FUT Esports,chamber,True,100,25,0,7,1,7,True,vandal,rifle,,0.2444,0.3178,xeus,FUT Esports,jett,True,100,25,2,1,0,4,False,sheriff,sidearm,,0.2256,0.3233,sociablEE,FUT Esports,fade,True,100,25,0,0,0,6,False,vandal,rifle,,0.6789,0.3800,yetujey,FUT Esports,astra,True,100,25,0,0,0,7,True,sheriff,sidearm,,0.5556,0.5922,KROSTALY,FUT Esports,kayo,True,100,,1,2,0,5,False,sheriff,sidearm,,0.5922,0.4322,Chronicle,Team Vitality,chamber,False,,50,1,8,1,5,False,outlaw,sniper,,,,Derke,Team Vitality,neon,False,,1,0,0,0,7,True,unknown,unknown,,,,Jamppi,Team Vitality,kayo,True,100,25,0,1,0,6,False,vandal,rifle,,0.8133,0.4156,Sayonara,Team Vitality,sova,True,100,50,0,2,1,0,False,vandal,rifle,,0.1778,0.6733,PROFEK,Team Vitality,astra,True,100,50,0,0,0,4,False,phantom,rifle,,0.8333,0.5100
1421.937,2720,ACTIVE_ROUND,9,4,6,43.000,,,s0pp,FUT Esports,chamber,True,100,25,0,7,0,7,True,vandal,rifle,,0.2444,0.3178,xeus,FUT Esports,jett,True,100,25,2,1,0,4,False,sheriff,sidearm,,0.2922,0.3367,sociablEE,FUT Esports,fade,True,100,25,0,0,0,7,False,vandal,rifle,,0.6789,0.3800,yetujey,FUT Esports,astra,True,100,25,0,0,0,0,False,sheriff,sidearm,,0.5556,0.5922,KROSTALY,FUT Esports,kayo,True,100,,1,2,0,5,False,sheriff,sidearm,,0.6744,0.3922,Chronicle,Team Vitality,chamber,False,,50,1,8,1,5,False,outlaw,sniper,,,,Derke,Team Vitality,neon,False,,1,0,0,0,7,True,unknown,unknown,,,,Jamppi,Team Vitality,kayo,True,100,25,0,0,0,6,False,vandal,rifle,,0.8200,0.4422,Sayonara,Team Vitality,sova,True,100,50,0,2,0,0,False,vandal,rifle,,0.1778,0.6733,PROFEK,Team Vitality,astra,True,100,50,1,0,0,4,False,phantom,rifle,,0.8333,0.5100
1422.421,2721,ACTIVE_ROUND,9,4,6,43.000,,,s0pp,FUT Esports,chamber,True,100,25,0,7,0,7,True,vandal,rifle,,0.2444,0.3178,xeus,FUT Esports,jett,True,100,25,2,1,0,4,False,sheriff,sidearm,,0.5411,0.6367,sociablEE,FUT Esports,fade,True,100,25,0,0,0,7,False,vandal,rifle,,0.6789,0.3800,yetujey,FUT Esports,astra,True,100,25,0,0,0,0,False,sheriff,sidearm,,0.5556,0.5922,KROSTALY,FUT Esports,kayo,True,100,,1,2,0,5,False,sheriff,sidearm,,0.4989,0.6078,Chronicle,Team Vitality,chamber,False,,50,1,8,1,5,False,outlaw,sniper,,,,Derke,Team Vitality,neon,False,,1,0,0,0,7,True,unknown,unknown,,,,Jamppi,Team Vitality,kayo,True,100,25,0,0,0,6,False,vandal,rifle,,0.8200,0.4422,Sayonara,Team Vitality,sova,True,100,50,0,2,0,0,False,vandal,rifle,,0.1867,0.6889,PROFEK,Team Vitality,astra,True,100,50,1,0,0,4,False,phantom,rifle,,0.8333,0.5100
1422.905,2722,ACTIVE_ROUND,9,4,6,42.000,,,s0pp,FUT Esports,chamber,True,100,25,0,7,0,7,True,vandal,rifle,,0.2933,0.3422,xeus,FUT Esports,jett,True,100,25,2,1,0,4,False,sheriff,sidearm,,0.5411,0.6367,sociablEE,FUT Esports,fade,True,100,25,0,0,0,7,False,vandal,rifle,,0.6944,0.4267,yetujey,FUT Esports,astra,True,100,25,0,0,0,0,False,sheriff,sidearm,,0.5689,0.6233,KROSTALY,FUT Esports,kayo,True,100,,1,2,0,5,False,sheriff,sidearm,,0.2656,0.3456,Chronicle,Team Vitality,chamber,False,,50,1,8,1,5,False,outlaw,sniper,,,,Derke,Team Vitality,neon,False,,1,0,0,0,7,True,unknown,unknown,,,,Jamppi,Team Vitality,kayo,True,100,25,0,0,0,6,False,vandal,rifle,,0.8089,0.3733,Sayonara,Team Vitality,sova,True,100,50,0,2,0,0,False,vandal,rifle,,0.1800,0.6733,PROFEK,Team Vitality,astra,True,100,50,1,0,0,4,False,phantom,rifle,,0.8289,0.4878
1423.389,2723,ACTIVE_ROUND,9,4,6,42.000,,,s0pp,FUT Esports,chamber,True,100,25,0,7,0,7,True,vandal,rifle,,0.3022,0.3533,xeus,FUT Esports,jett,True,100,25,2,1,0,4,False,sheriff,sidearm,,0.5411,0.6367,sociablEE,FUT Esports,fade,True,100,25,0,0,0,7,False,vandal,rifle,,0.7011,0.4444,yetujey,FUT Esports,astra,True,100,25,0,0,0,0,False,sheriff,sidearm,,0.5756,0.6322,KROSTALY,FUT Esports,kayo,True,100,,1,2,0,5,False,sheriff,sidearm,,0.6411,0.4344,Chronicle,Team Vitality,chamber,False,,50,1,8,1,5,False,outlaw,sniper,,,,Derke,Team Vitality,neon,False,,1,0,0,0,7,True,unknown,unknown,,,,Jamppi,Team Vitality,kayo,True,100,25,0,0,0,6,False,vandal,rifle,,0.8067,0.3622,Sayonara,Team Vitality,sova,True,100,50,0,2,0,0,False,vandal,rifle,,0.1800,0.6733,PROFEK,Team Vitality,astra,True,100,50,1,0,0,4,False,phantom,rifle,,0.8356,0.4678
1423.872,2724,ACTIVE_ROUND,9,4,6,41.000,,,s0pp,FUT Esports,chamber,True,100,25,0,7,0,7,True,vandal,rifle,,0.3111,0.3667,xeus,FUT Esports,jett,True,100,25,2,1,0,4,False,sheriff,sidearm,,0.5411,0.6367,sociablEE,FUT Esports,fade,True,100,25,0,0,0,7,False,vandal,rifle,,0.7100,0.4422,yetujey,FUT Esports,astra,True,100,25,0,0,0,0,False,sheriff,sidearm,,0.5867,0.6456,KROSTALY,FUT Esports,kayo,True,100,,1,2,0,5,False,sheriff,sidearm,,0.6633,0.4100,Chronicle,Team Vitality,chamber,False,,50,1,8,1,5,False,outlaw,sniper,,,,Derke,Team Vitality,neon,False,,1,0,0,0,7,True,unknown,unknown,,,,Jamppi,Team Vitality,kayo,True,100,25,0,0,0,6,False,vandal,rifle,,0.8067,0.3622,Sayonara,Team Vitality,sova,True,100,50,0,2,0,0,False,vandal,rifle,,0.1778,0.6800,PROFEK,Team Vitality,astra,True,100,50,0,0,0,4,False,phantom,rifle,,0.5867,0.6433
1424.356,2725,ACTIVE_ROUND,9,4,6,41.000,,,s0pp,FUT Esports,chamber,True,100,25,0,7,0,7,True,vandal,rifle,,0.3311,0.3711,xeus,FUT Esports,jett,True,100,25,2,1,0,4,False,sheriff,sidearm,,0.6922,0.4433,sociablEE,FUT Esports,fade,True,100,25,0,0,0,7,False,vandal,rifle,,0.7167,0.4333,yetujey,FUT Esports,astra,True,100,25,0,0,0,0,False,sheriff,sidearm,,0.6000,0.6656,KROSTALY,FUT Esports,kayo,True,100,,1,2,0,5,False,sheriff,sidearm,,0.6678,0.4011,Chronicle,Team Vitality,chamber,False,,50,1,8,1,5,False,outlaw,sniper,,,,Derke,Team Vitality,neon,False,,1,0,0,0,7,True,unknown,unknown,,,,Jamppi,Team Vitality,kayo,True,100,25,0,0,0,6,False,vandal,rifle,,0.8044,0.3533,Sayonara,Team Vitality,sova,True,100,50,0,2,0,0,False,vandal,rifle,,0.1844,0.6889,PROFEK,Team Vitality,astra,True,100,50,0,0,0,4,False,phantom,rifle,,0.8489,0.4300
1424.840,2726,ACTIVE_ROUND,9,4,6,41.000,,,s0pp,FUT Esports,chamber,True,100,25,0,7,0,7,True,vandal,rifle,,0.3533,0.3644,xeus,FUT Esports,jett,True,100,25,2,1,0,4,False,sheriff,sidearm,,0.6944,0.4456,sociablEE,FUT Esports,fade,True,100,25,0,0,0,7,False,vandal,rifle,,0.7167,0.4333,yetujey,FUT Esports,astra,True,100,25,0,0,0,0,False,sheriff,sidearm,,0.6133,0.6833,KROSTALY,FUT Esports,kayo,True,100,,1,2,0,5,False,sheriff,sidearm,,0.6700,0.4700,Chronicle,Team Vitality,chamber,False,,50,1,8,1,5,False,outlaw,sniper,,,,Derke,Team Vitality,neon,False,,1,0,0,0,7,True,unknown,unknown,,,,Jamppi,Team Vitality,kayo,True,100,25,0,0,0,6,False,vandal,rifle,,0.8089,0.3378,Sayonara,Team Vitality,sova,True,100,50,0,2,0,0,False,vandal,rifle,,0.1844,0.6889,PROFEK,Team Vitality,astra,True,100,50,0,0,0,4,False,phantom,rifle,,0.8644,0.4211
1425.324,2727,ACTIVE_ROUND,9,4,6,40.000,,,s0pp,FUT Esports,chamber,True,100,25,0,7,0,7,True,vandal,rifle,,0.3711,0.3489,xeus,FUT Esports,jett,True,100,25,2,1,0,4,False,sheriff,sidearm,,0.6944,0.4456,sociablEE,FUT Esports,fade,True,100,25,0,0,0,7,False,vandal,rifle,,0.7100,0.4289,yetujey,FUT Esports,astra,True,100,25,0,0,0,0,False,sheriff,sidearm,,0.6133,0.6833,KROSTALY,FUT Esports,kayo,True,100,,1,2,0,5,False,sheriff,sidearm,,0.6567,0.4122,Chronicle,Team Vitality,chamber,False,,50,1,8,1,5,False,outlaw,sniper,,,,Derke,Team Vitality,neon,False,,1,0,0,0,7,True,unknown,unknown,,,,Jamppi,Team Vitality,kayo,True,100,25,0,0,0,6,False,vandal,rifle,,0.8089,0.3200,Sayonara,Team Vitality,sova,True,100,50,0,2,0,0,False,vandal,rifle,,0.1844,0.6867,PROFEK,Team Vitality,astra,True,100,50,0,0,0,4,False,phantom,rifle,,0.8822,0.4233
1425.808,2728,ACTIVE_ROUND,9,4,6,40.000,,,s0pp,FUT Esports,chamber,True,100,25,0,7,0,7,True,vandal,rifle,,0.3822,0.3289,xeus,FUT Esports,jett,True,100,25,2,1,0,4,False,sheriff,sidearm,,0.6944,0.4456,sociablEE,FUT Esports,fade,True,100,25,0,0,0,7,False,vandal,rifle,,0.7033,0.4311,yetujey,FUT Esports,astra,True,100,25,0,0,0,0,False,sheriff,sidearm,,0.6133,0.6833,KROSTALY,FUT Esports,kayo,True,100,,1,2,0,5,False,sheriff,sidearm,,0.1011,0.4833,Chronicle,Team Vitality,chamber,False,,50,1,8,1,5,False,outlaw,sniper,,,,Derke,Team Vitality,neon,False,,1,0,0,0,7,True,unknown,unknown,,,,Jamppi,Team Vitality,kayo,True,100,25,0,0,0,6,False,vandal,rifle,,0.8422,0.4467,Sayonara,Team Vitality,sova,True,100,50,0,2,0,0,False,vandal,rifle,,0.1800,0.6778,PROFEK,Team Vitality,astra,True,100,50,0,0,0,4,False,phantom,rifle,,0.8822,0.4233
1426.292,2729,ACTIVE_ROUND,9,4,6,39.000,,,s0pp,FUT Esports,chamber,True,100,25,0,7,0,7,True,vandal,rifle,,0.3822,0.3289,xeus,FUT Esports,jett,True,100,25,2,1,0,4,False,sheriff,sidearm,,0.6944,0.4456,sociablEE,FUT Esports,fade,True,100,25,0,0,0,7,False,vandal,rifle,,0.7078,0.4333,yetujey,FUT Esports,astra,True,100,25,0,0,0,0,False,sheriff,sidearm,,0.6133,0.6833,KROSTALY,FUT Esports,kayo,True,100,,1,2,0,5,False,sheriff,sidearm,,0.5922,0.6833,Chronicle,Team Vitality,chamber,False,,50,1,8,1,5,False,outlaw,sniper,,,,Derke,Team Vitality,neon,False,,1,0,0,0,7,True,unknown,unknown,,,,Jamppi,Team Vitality,kayo,True,100,25,0,0,0,6,False,vandal,rifle,,0.8244,0.2978,Sayonara,Team Vitality,sova,True,100,50,0,2,0,0,False,vandal,rifle,,0.1800,0.6778,PROFEK,Team Vitality,astra,True,100,50,0,0,0,4,False,phantom,rifle,,0.8978,0.4233
1426.775,2730,ACTIVE_ROUND,9,4,6,39.000,,,s0pp,FUT Esports,chamber,True,100,25,0,7,0,7,True,vandal,rifle,,0.4044,0.2889,xeus,FUT Esports,jett,True,100,25,2,1,0,4,False,sheriff,sidearm,,0.6944,0.4456,sociablEE,FUT Esports,fade,True,100,25,0,0,0,7,False,vandal,rifle,,0.7144,0.4311,yetujey,FUT Esports,astra,True,100,25,0,0,0,0,False,sheriff,sidearm,,0.6133,0.6833,KROSTALY,FUT Esports,kayo,True,100,,1,2,0,5,False,sheriff,sidearm,,0.6567,0.4100,Chronicle,Team Vitality,chamber,False,,50,1,8,1,5,False,outlaw,sniper,,,,Derke,Team Vitality,neon,False,,1,0,0,0,7,True,unknown,unknown,,,,Jamppi,Team Vitality,kayo,True,100,25,0,0,0,6,False,vandal,rifle,,0.8422,0.4467,Sayonara,Team Vitality,sova,True,100,50,0,2,0,0,False,vandal,rifle,,0.1778,0.6822,PROFEK,Team Vitality,astra,True,100,50,0,0,0,4,False,phantom,rifle,,0.8978,0.4233
1427.259,2731,ACTIVE_ROUND,9,4,6,38.000,,,s0pp,FUT Esports,chamber,True,100,25,0,7,0,7,True,vandal,rifle,,0.4267,0.2844,xeus,FUT Esports,jett,True,100,25,2,1,0,4,False,sheriff,sidearm,,0.6944,0.4456,sociablEE,FUT Esports,fade,True,100,25,0,0,0,7,False,vandal,rifle,,0.7100,0.4311,yetujey,FUT Esports,astra,True,100,25,0,0,0,0,False,sheriff,sidearm,,0.6133,0.6833,KROSTALY,FUT Esports,kayo,True,100,,1,2,0,5,False,sheriff,sidearm,,0.6544,0.4300,Chronicle,Team Vitality,chamber,False,,50,1,8,1,5,False,outlaw,sniper,,,,Derke,Team Vitality,neon,False,,1,0,0,0,7,True,unknown,unknown,,,,Jamppi,Team Vitality,kayo,True,100,25,0,0,0,6,False,vandal,rifle,,0.8556,0.2800,Sayonara,Team Vitality,sova,True,100,50,0,2,0,0,False,vandal,rifle,,0.1778,0.6800,PROFEK,Team Vitality,astra,True,100,50,0,0,0,4,False,phantom,rifle,,0.8733,0.4256
1427.743,2732,ACTIVE_ROUND,9,4,6,38.000,,,s0pp,FUT Esports,chamber,True,100,25,0,7,0,7,True,vandal,rifle,,0.4511,0.2844,xeus,FUT Esports,jett,True,100,25,2,1,0,4,False,sheriff,sidearm,,0.6944,0.4456,sociablEE,FUT Esports,fade,True,100,25,0,0,0,7,False,vandal,rifle,,0.7144,0.4333,yetujey,FUT Esports,astra,True,100,25,0,0,0,0,False,sheriff,sidearm,,0.6133,0.6833,KROSTALY,FUT Esports,kayo,True,100,,1,2,0,5,False,sheriff,sidearm,,0.6611,0.4300,Chronicle,Team Vitality,chamber,False,,50,1,8,1,5,False,outlaw,sniper,,,,Derke,Team Vitality,neon,False,,1,0,0,0,7,True,unknown,unknown,,,,Jamppi,Team Vitality,kayo,True,100,25,0,0,0,6,False,vandal,rifle,,0.8556,0.2800,Sayonara,Team Vitality,sova,True,100,50,0,2,0,0,False,vandal,rifle,,0.6511,0.7178,PROFEK,Team Vitality,astra,True,100,50,0,0,0,4,False,phantom,rifle,,0.8600,0.4256
1428.227,2733,ACTIVE_ROUND,9,4,6,37.000,,,s0pp,FUT Esports,chamber,True,100,25,0,7,0,7,True,vandal,rifle,,0.4733,0.2756,xeus,FUT Esports,jett,True,100,25,2,1,0,4,False,sheriff,sidearm,,0.6944,0.4456,sociablEE,FUT Esports,fade,True,100,25,0,0,0,7,False,vandal,rifle,,0.7100,0.4311,yetujey,FUT Esports,astra,True,100,25,0,0,0,0,False,sheriff,sidearm,,0.6133,0.6833,KROSTALY,FUT Esports,kayo,True,100,,1,2,0,5,False,sheriff,sidearm,,0.6611,0.4278,Chronicle,Team Vitality,chamber,False,,50,1,8,1,5,False,outlaw,sniper,,,,Derke,Team Vitality,neon,False,,1,0,0,0,7,True,unknown,unknown,,,,Jamppi,Team Vitality,kayo,True,100,25,0,0,0,6,False,vandal,rifle,,0.8911,0.2689,Sayonara,Team Vitality,sova,True,100,50,0,2,0,0,False,vandal,rifle,,0.1778,0.6800,PROFEK,Team Vitality,astra,True,100,50,0,0,0,4,False,phantom,rifle,,0.8578,0.4256
1428.711,2734,ACTIVE_ROUND,9,4,6,37.000,,,s0pp,FUT Esports,chamber,True,100,25,0,7,0,7,True,vandal,rifle,,0.4933,0.2644,xeus,FUT Esports,jett,True,100,25,2,1,0,4,False,sheriff,sidearm,,0.6944,0.4456,sociablEE,FUT Esports,fade,True,100,25,0,0,0,7,False,vandal,rifle,,0.7144,0.4311,yetujey,FUT Esports,astra,True,100,25,0,0,0,0,False,sheriff,sidearm,,0.6133,0.6833,KROSTALY,FUT Esports,kayo,True,100,,1,2,0,5,False,sheriff,sidearm,,0.6611,0.4278,Chronicle,Team Vitality,chamber,False,,50,1,8,1,5,False,outlaw,sniper,,,,Derke,Team Vitality,neon,False,,1,0,0,0,7,True,unknown,unknown,,,,Jamppi,Team Vitality,kayo,True,100,25,0,0,0,6,False,vandal,rifle,,0.8978,0.2556,Sayonara,Team Vitality,sova,True,100,50,0,2,0,0,False,vandal,rifle,,0.1800,0.6889,PROFEK,Team Vitality,astra,True,100,50,0,0,0,4,False,phantom,rifle,,0.8578,0.4256
1429.194,2735,ACTIVE_ROUND,9,4,6,36.000,,,s0pp,FUT Esports,chamber,True,100,25,0,7,0,7,True,vandal,rifle,,0.5133,0.2556,xeus,FUT Esports,jett,True,100,25,2,1,0,4,False,sheriff,sidearm,,0.6944,0.4456,sociablEE,FUT Esports,fade,True,100,25,0,0,0,7,False,vandal,rifle,,0.7100,0.4289,yetujey,FUT Esports,astra,True,100,25,0,0,0,0,False,sheriff,sidearm,,0.6133,0.6833,KROSTALY,FUT Esports,kayo,True,100,,1,2,0,5,False,sheriff,sidearm,,0.6611,0.4278,Chronicle,Team Vitality,chamber,False,,50,1,8,1,5,False,outlaw,sniper,,,,Derke,Team Vitality,neon,False,,1,0,0,0,7,True,unknown,unknown,,,,Jamppi,Team Vitality,kayo,True,100,25,0,0,0,6,False,vandal,rifle,,0.8933,0.2444,Sayonara,Team Vitality,sova,True,100,50,0,2,0,0,False,vandal,rifle,,0.1756,0.6800,PROFEK,Team Vitality,astra,True,100,50,0,0,0,4,False,phantom,rifle,,0.8467,0.4233
1429.678,2736,ACTIVE_ROUND,9,4,6,36.000,,,s0pp,FUT Esports,chamber,True,100,25,0,7,0,7,True,vandal,rifle,,0.5333,0.2422,xeus,FUT Esports,jett,True,100,25,2,1,0,4,False,sheriff,sidearm,,0.6944,0.4456,sociablEE,FUT Esports,fade,True,100,25,0,0,0,7,False,vandal,rifle,,0.7056,0.4267,yetujey,FUT Esports,astra,True,100,25,0,0,0,0,False,sheriff,sidearm,,0.6133,0.6833,KROSTALY,FUT Esports,kayo,True,100,,1,2,0,5,False,sheriff,sidearm,,0.6611,0.4278,Chronicle,Team Vitality,chamber,False,,50,1,8,1,5,False,outlaw,sniper,,,,Derke,Team Vitality,neon,False,,1,0,0,0,7,True,unknown,unknown,,,,Jamppi,Team Vitality,kayo,True,100,25,0,0,0,6,False,vandal,rifle,,0.8889,0.2356,Sayonara,Team Vitality,sova,True,100,50,0,2,0,0,False,vandal,rifle,,0.1778,0.6733,PROFEK,Team Vitality,astra,True,100,50,0,0,0,4,False,phantom,rifle,,0.8333,0.4233
1430.162,2737,ACTIVE_ROUND,9,4,6,35.000,,,s0pp,FUT Esports,chamber,True,100,25,0,7,0,7,True,vandal,rifle,,0.5333,0.2422,xeus,FUT Esports,jett,True,100,25,2,1,0,4,False,sheriff,sidearm,,0.6944,0.4456,sociablEE,FUT Esports,fade,True,100,25,0,0,0,7,False,vandal,rifle,,0.7122,0.4267,yetujey,FUT Esports,astra,True,100,25,0,0,0,0,False,sheriff,sidearm,,0.6133,0.6833,KROSTALY,FUT Esports,kayo,True,100,,1,2,0,5,False,sheriff,sidearm,,0.6633,0.4278,Chronicle,Team Vitality,chamber,False,,50,1,8,1,5,False,outlaw,sniper,,,,Derke,Team Vitality,neon,False,,1,0,0,0,7,True,unknown,unknown,,,,Jamppi,Team Vitality,kayo,True,100,25,0,0,0,6,False,vandal,rifle,,0.8822,0.2267,Sayonara,Team Vitality,sova,True,100,50,0,2,0,0,False,vandal,rifle,,0.7267,0.7556,PROFEK,Team Vitality,astra,True,100,50,0,0,0,4,False,phantom,rifle,,0.8222,0.4256
1430.646,2738,ACTIVE_ROUND,9,4,6,35.000,,,s0pp,FUT Esports,chamber,True,100,25,0,7,0,7,True,vandal,rifle,,0.5333,0.2422,xeus,FUT Esports,jett,True,100,25,2,1,0,4,False,sheriff,sidearm,,0.6944,0.4456,sociablEE,FUT Esports,fade,True,100,25,0,0,0,7,False,vandal,rifle,,0.7122,0.4222,yetujey,FUT Esports,astra,True,100,25,0,0,0,0,False,sheriff,sidearm,,0.6133,0.6833,KROSTALY,FUT Esports,kayo,True,100,,1,2,0,5,False,sheriff,sidearm,,0.6678,0.4100,Chronicle,Team Vitality,chamber,False,,50,1,8,1,5,False,outlaw,sniper,,,,Derke,Team Vitality,neon,False,,1,0,0,0,7,True,unknown,unknown,,,,Jamppi,Team Vitality,kayo,True,100,25,0,0,0,6,False,vandal,rifle,,0.8733,0.2178,Sayonara,Team Vitality,sova,True,100,50,0,2,0,0,False,vandal,rifle,,0.1756,0.6778,PROFEK,Team Vitality,astra,True,100,50,0,0,0,4,False,phantom,rifle,,0.7111,0.7522
1431.130,2739,ACTIVE_ROUND,9,4,6,34.000,,,s0pp,FUT Esports,chamber,True,100,25,0,7,0,7,True,vandal,rifle,,0.5333,0.2422,xeus,FUT Esports,jett,True,100,25,2,1,0,4,False,sheriff,sidearm,,0.6944,0.4456,sociablEE,FUT Esports,fade,True,100,25,0,0,0,7,False,vandal,rifle,,0.7167,0.4133,yetujey,FUT Esports,astra,True,100,25,0,0,0,0,False,sheriff,sidearm,,0.7356,0.7456,KROSTALY,FUT Esports,kayo,True,100,,1,2,0,5,False,sheriff,sidearm,,0.6811,0.4389,Chronicle,Team Vitality,chamber,False,,50,1,8,1,5,False,outlaw,sniper,,,,Derke,Team Vitality,neon,False,,1,0,0,0,7,True,unknown,unknown,,,,Jamppi,Team Vitality,kayo,True,100,25,0,0,0,6,False,vandal,rifle,,0.8667,0.2111,Sayonara,Team Vitality,sova,True,100,50,0,2,0,0,False,vandal,rifle,,0.1756,0.6778,PROFEK,Team Vitality,astra,True,100,50,0,0,0,4,False,phantom,rifle,,0.7111,0.7522
1431.614,2740,ACTIVE_ROUND,9,4,6,34.000,,,s0pp,FUT Esports,chamber,True,100,25,0,7,0,7,True,vandal,rifle,,0.5333,0.2422,xeus,FUT Esports,jett,True,100,25,2,1,0,4,False,sheriff,sidearm,,0.6944,0.4456,sociablEE,FUT Esports,fade,True,100,25,0,0,0,7,False,vandal,rifle,,0.7167,0.4111,yetujey,FUT Esports,astra,True,100,25,0,0,0,0,False,sheriff,sidearm,,0.7489,0.7256,KROSTALY,FUT Esports,kayo,True,100,,1,2,1,5,False,sheriff,sidearm,,0.6900,0.4278,Chronicle,Team Vitality,chamber,False,,50,1,8,1,5,False,outlaw,sniper,,,,Derke,Team Vitality,neon,False,,1,0,0,0,7,True,unknown,unknown,,,,Jamppi,Team Vitality,kayo,True,100,25,0,0,0,6,False,vandal,rifle,,0.8556,0.2044,Sayonara,Team Vitality,sova,True,100,50,0,2,0,0,False,vandal,rifle,,0.1756,0.6778,PROFEK,Team Vitality,astra,True,100,50,0,0,0,4,False,phantom,rifle,,0.7111,0.7522
1432.097,2741,ACTIVE_ROUND,9,4,6,33.000,,,s0pp,FUT Esports,chamber,True,100,25,0,7,0,7,True,vandal,rifle,,0.5333,0.2422,xeus,FUT Esports,jett,True,100,25,2,1,0,4,False,sheriff,sidearm,,0.6944,0.4456,sociablEE,FUT Esports,fade,True,100,25,0,0,0,7,False,vandal,rifle,,0.7144,0.4111,yetujey,FUT Esports,astra,True,100,25,0,0,0,0,False,sheriff,sidearm,,0.7578,0.7033,KROSTALY,FUT Esports,kayo,True,100,,1,2,1,5,False,sheriff,sidearm,,0.6922,0.4233,Chronicle,Team Vitality,chamber,False,,50,1,8,1,5,False,outlaw,sniper,,,,Derke,Team Vitality,neon,False,,1,0,0,0,7,True,unknown,unknown,,,,Jamppi,Team Vitality,kayo,True,100,25,0,0,0,6,False,vandal,rifle,,0.8467,0.1978,Sayonara,Team Vitality,sova,True,100,50,0,2,0,0,False,vandal,rifle,,0.1756,0.6778,PROFEK,Team Vitality,astra,True,100,50,0,0,0,4,False,phantom,rifle,,0.7111,0.7522
1432.581,2742,ACTIVE_ROUND,9,4,6,33.000,,,s0pp,FUT Esports,chamber,True,100,25,0,7,0,7,True,vandal,rifle,,0.5333,0.2422,xeus,FUT Esports,jett,True,100,25,2,1,0,4,False,sheriff,sidearm,,0.6944,0.4456,sociablEE,FUT Esports,fade,True,100,25,0,0,0,7,False,vandal,rifle,,0.7144,0.4111,yetujey,FUT Esports,astra,True,100,25,0,0,0,0,False,sheriff,sidearm,,0.7644,0.6856,KROSTALY,FUT Esports,kayo,True,100,,1,2,1,5,False,sheriff,sidearm,,0.6989,0.4211,Chronicle,Team Vitality,chamber,False,,50,1,8,1,5,False,outlaw,sniper,,,,Derke,Team Vitality,neon,False,,1,0,0,0,7,True,unknown,unknown,,,,Jamppi,Team Vitality,kayo,True,100,25,0,0,0,6,False,vandal,rifle,,0.8378,0.1933,Sayonara,Team Vitality,sova,True,100,50,0,2,0,0,False,vandal,rifle,,0.1756,0.6778,PROFEK,Team Vitality,astra,True,100,50,0,0,0,4,False,phantom,rifle,,0.7111,0.7522
1433.065,2743,ACTIVE_ROUND,9,4,6,32.000,,,s0pp,FUT Esports,chamber,True,100,25,0,7,0,7,True,vandal,rifle,,0.7689,0.6711,xeus,FUT Esports,jett,True,100,25,2,1,0,4,False,sheriff,sidearm,,0.6944,0.4456,sociablEE,FUT Esports,fade,True,100,25,0,0,0,7,False,vandal,rifle,,0.7144,0.4111,yetujey,FUT Esports,astra,True,100,25,0,0,0,0,False,sheriff,sidearm,,0.7644,0.6856,KROSTALY,FUT Esports,kayo,True,100,,1,2,1,5,False,sheriff,sidearm,,0.5389,0.1233,Chronicle,Team Vitality,chamber,False,,50,1,8,1,5,False,outlaw,sniper,,,,Derke,Team Vitality,neon,False,,1,0,0,0,7,True,unknown,unknown,,,,Jamppi,Team Vitality,kayo,True,100,25,0,0,0,6,False,vandal,rifle,,0.8311,0.1889,Sayonara,Team Vitality,sova,True,100,50,0,2,0,0,False,vandal,rifle,,0.1756,0.6778,PROFEK,Team Vitality,astra,True,100,50,0,0,0,4,False,phantom,rifle,,0.7111,0.7522
1434.033,2745,ACTIVE_ROUND,9,4,6,,0.000,,s0pp,FUT Esports,chamber,True,100,25,0,7,0,7,True,vandal,rifle,,0.7689,0.6711,xeus,FUT Esports,jett,True,100,25,2,1,0,4,False,sheriff,sidearm,,0.6944,0.4456,sociablEE,FUT Esports,fade,True,100,25,0,0,0,7,False,vandal,rifle,,0.6811,0.3978,yetujey,FUT Esports,astra,True,100,25,0,0,0,0,False,sheriff,sidearm,,0.7800,0.6478,KROSTALY,FUT Esports,kayo,True,100,,1,2,1,5,False,sheriff,sidearm,,0.6811,0.3744,Chronicle,Team Vitality,chamber,False,,50,1,8,1,5,False,outlaw,sniper,,,,Derke,Team Vitality,neon,False,,1,0,0,0,7,True,unknown,unknown,,,,Jamppi,Team Vitality,kayo,True,100,25,0,0,0,6,False,vandal,rifle,,0.8333,0.1800,Sayonara,Team Vitality,sova,True,100,50,0,2,0,0,False,vandal,rifle,,0.1778,0.6778,PROFEK,Team Vitality,astra,True,100,50,0,0,0,4,False,phantom,rifle,,0.7111,0.7522
1434.516,2746,ACTIVE_ROUND,9,4,6,,0.484,,s0pp,FUT Esports,chamber,True,100,25,0,7,0,7,True,vandal,rifle,,0.7689,0.6711,xeus,FUT Esports,jett,True,100,25,2,1,0,4,False,sheriff,sidearm,,0.6944,0.4456,sociablEE,FUT Esports,fade,True,100,25,0,0,0,7,False,vandal,rifle,,0.6833,0.3933,yetujey,FUT Esports,astra,True,100,25,0,0,0,0,False,sheriff,sidearm,,0.7844,0.6344,KROSTALY,FUT Esports,kayo,True,100,,1,2,1,5,False,sheriff,sidearm,,0.5433,0.1033,Chronicle,Team Vitality,chamber,False,,50,1,8,1,5,False,outlaw,sniper,,,,Derke,Team Vitality,neon,False,,1,0,0,0,7,True,unknown,unknown,,,,Jamppi,Team Vitality,kayo,True,100,25,0,0,0,6,False,vandal,rifle,,0.8333,0.1822,Sayonara,Team Vitality,sova,True,100,50,0,2,0,0,False,vandal,rifle,,0.8867,0.2889,PROFEK,Team Vitality,astra,True,100,50,0,0,0,4,False,phantom,rifle,,0.7111,0.7522
1435.000,2747,ACTIVE_ROUND,9,4,6,,0.968,,s0pp,FUT Esports,chamber,True,100,25,0,7,0,7,True,vandal,rifle,,0.7689,0.6711,xeus,FUT Esports,jett,True,100,25,2,1,0,4,False,sheriff,sidearm,,0.6944,0.4456,sociablEE,FUT Esports,fade,True,100,25,0,0,0,7,False,vandal,rifle,,0.6833,0.3956,yetujey,FUT Esports,astra,True,100,25,0,0,0,0,False,sheriff,sidearm,,0.7867,0.6256,KROSTALY,FUT Esports,kayo,True,100,,1,2,1,5,False,sheriff,sidearm,,0.6833,0.3567,Chronicle,Team Vitality,chamber,False,,50,1,8,1,5,False,outlaw,sniper,,,,Derke,Team Vitality,neon,False,,1,0,0,0,7,True,unknown,unknown,,,,Jamppi,Team Vitality,kayo,True,100,25,0,0,0,6,False,vandal,rifle,,0.8333,0.1911,Sayonara,Team Vitality,sova,True,100,50,0,2,0,0,False,vandal,rifle,,0.1778,0.6756,PROFEK,Team Vitality,astra,True,100,50,0,0,0,4,False,phantom,rifle,,0.7111,0.7522
1435.484,2748,ACTIVE_ROUND,9,4,6,,1.451,,s0pp,FUT Esports,chamber,True,89,3,0,7,0,7,True,vandal,rifle,,0.7689,0.6711,xeus,FUT Esports,jett,True,100,25,2,1,0,4,False,sheriff,sidearm,,0.6944,0.4456,sociablEE,FUT Esports,fade,True,100,25,0,0,0,7,False,vandal,rifle,,0.6856,0.4022,yetujey,FUT Esports,astra,True,100,25,1,0,0,0,False,sheriff,sidearm,,0.7933,0.6167,KROSTALY,FUT Esports,kayo,True,100,,1,1,1,5,False,sheriff,sidearm,,0.6833,0.3678,Chronicle,Team Vitality,chamber,False,,50,1,8,1,5,False,outlaw,sniper,,,,Derke,Team Vitality,neon,False,,1,0,0,0,7,True,unknown,unknown,,,,Jamppi,Team Vitality,kayo,True,100,25,0,0,0,6,False,vandal,rifle,,0.8378,0.1933,Sayonara,Team Vitality,sova,True,100,50,0,2,0,1,False,vandal,rifle,,0.1778,0.6756,PROFEK,Team Vitality,astra,True,100,50,0,0,0,4,False,phantom,rifle,,0.7111,0.7522
1435.968,2749,ACTIVE_ROUND,9,4,6,,1.935,,s0pp,FUT Esports,chamber,True,89,3,0,7,0,7,True,vandal,rifle,,0.5689,0.1133,xeus,FUT Esports,jett,True,100,25,2,1,0,4,False,sheriff,sidearm,,0.6944,0.4456,sociablEE,FUT Esports,fade,True,100,25,0,0,0,7,False,vandal,rifle,,0.6856,0.4022,yetujey,FUT Esports,astra,True,100,25,1,0,0,0,False,sheriff,sidearm,,0.8044,0.6100,KROSTALY,FUT Esports,kayo,True,100,,1,1,1,5,False,sheriff,sidearm,,0.6833,0.3567,Chronicle,Team Vitality,chamber,False,,50,1,8,1,5,False,outlaw,sniper,,,,Derke,Team Vitality,neon,False,,1,0,0,0,7,True,unknown,unknown,,,,Jamppi,Team Vitality,kayo,True,100,25,0,0,0,6,False,vandal,rifle,,0.8333,0.2067,Sayonara,Team Vitality,sova,True,100,50,0,2,0,1,False,vandal,rifle,,0.1778,0.6756,PROFEK,Team Vitality,astra,True,100,50,0,0,0,4,False,phantom,rifle,,0.7111,0.7522
1436.452,2750,ACTIVE_ROUND,9,4,6,,2.419,,s0pp,FUT Esports,chamber,True,89,3,0,7,0,7,True,vandal,rifle,,0.5911,0.1200,xeus,FUT Esports,jett,True,100,25,2,1,0,4,False,sheriff,sidearm,,0.6944,0.4456,sociablEE,FUT Esports,fade,True,100,25,0,0,0,7,False,vandal,rifle,,0.6878,0.4067,yetujey,FUT Esports,astra,True,100,25,1,0,0,0,False,sheriff,sidearm,,0.8133,0.6056,KROSTALY,FUT Esports,kayo,True,100,,1,1,1,5,False,sheriff,sidearm,,0.6833,0.3478,Chronicle,Team Vitality,chamber,False,,50,1,8,1,5,False,outlaw,sniper,,,,Derke,Team Vitality,neon,False,,1,0,0,0,7,True,unknown,unknown,,,,Jamppi,Team Vitality,kayo,True,100,25,0,0,0,6,False,vandal,rifle,,0.8400,0.2156,Sayonara,Team Vitality,sova,True,100,50,0,2,0,1,False,vandal,rifle,,0.1800,0.6778,PROFEK,Team Vitality,astra,True,100,50,0,0,0,4,False,phantom,rifle,,0.7111,0.7522
1436.936,2751,ACTIVE_ROUND,9,4,6,,2.903,,s0pp,FUT Esports,chamber,True,89,3,0,7,0,7,True,vandal,rifle,,0.6133,0.1289,xeus,FUT Esports,jett,True,100,25,2,1,0,4,False,sheriff,sidearm,,0.6944,0.4456,sociablEE,FUT Esports,fade,True,100,25,0,0,0,7,False,vandal,rifle,,0.6989,0.4067,yetujey,FUT Esports,astra,True,100,25,1,0,0,0,False,sheriff,sidearm,,0.8244,0.5989,KROSTALY,FUT Esports,kayo,True,100,,1,1,1,5,False,sheriff,sidearm,,0.6833,0.3411,Chronicle,Team Vitality,chamber,False,,50,1,8,1,5,False,outlaw,sniper,,,,Derke,Team Vitality,neon,False,,1,0,0,0,7,True,unknown,unknown,,,,Jamppi,Team Vitality,kayo,True,100,25,0,0,0,6,False,vandal,rifle,,0.8378,0.2133,Sayonara,Team Vitality,sova,True,100,50,0,2,0,1,False,vandal,rifle,,0.1800,0.6733,PROFEK,Team Vitality,astra,True,100,50,0,0,0,4,False,phantom,rifle,,0.7111,0.7522
1437.419,2752,ACTIVE_ROUND,9,4,6,,3.387,,s0pp,FUT Esports,chamber,True,89,3,0,7,0,7,True,vandal,rifle,,0.6133,0.1289,xeus,FUT Esports,jett,True,100,25,2,1,0,4,False,sheriff,sidearm,,0.6944,0.4456,sociablEE,FUT Esports,fade,True,100,25,0,0,0,7,False,vandal,rifle,,0.7122,0.4156,yetujey,FUT Esports,astra,True,100,25,1,0,0,0,False,sheriff,sidearm,,0.8333,0.5944,KROSTALY,FUT Esports,kayo,True,100,,1,1,1,5,False,sheriff,sidearm,,0.6811,0.3544,Chronicle,Team Vitality,chamber,False,,50,1,8,1,5,False,outlaw,sniper,,,,Derke,Team Vitality,neon,False,,1,0,0,0,7,True,unknown,unknown,,,,Jamppi,Team Vitality,kayo,True,100,25,0,0,0,6,False,vandal,rifle,,0.8222,0.2044,Sayonara,Team Vitality,sova,True,100,50,0,2,0,1,False,vandal,rifle,,0.1800,0.6933,PROFEK,Team Vitality,astra,True,100,50,0,0,0,4,False,phantom,rifle,,0.7111,0.7522
1437.903,2753,ACTIVE_ROUND,9,4,6,,3.871,,s0pp,FUT Esports,chamber,True,89,3,0,7,0,7,True,vandal,rifle,,0.6133,0.1289,xeus,FUT Esports,jett,True,100,25,2,1,0,4,False,sheriff,sidearm,,0.6967,0.3433,sociablEE,FUT Esports,fade,True,100,25,0,0,0,7,False,vandal,rifle,,0.7189,0.4111,yetujey,FUT Esports,astra,True,100,25,1,0,0,0,False,sheriff,sidearm,,0.8422,0.5878,KROSTALY,FUT Esports,kayo,True,100,,1,1,1,5,False,sheriff,sidearm,,0.6811,0.3656,Chronicle,Team Vitality,chamber,False,,50,1,8,1,5,False,outlaw,sniper,,,,Derke,Team Vitality,neon,False,,1,0,0,0,7,True,unknown,unknown,,,,Jamppi,Team Vitality,kayo,True,100,25,0,0,0,6,False,vandal,rifle,,0.8133,0.1978,Sayonara,Team Vitality,sova,True,100,50,0,2,0,1,False,vandal,rifle,,0.1800,0.6733,PROFEK,Team Vitality,astra,True,100,50,0,0,0,4,False,phantom,rifle,,0.7111,0.7522
1438.387,2754,ACTIVE_ROUND,9,4,6,,4.354,,s0pp,FUT Esports,chamber,True,89,3,0,7,0,7,True,vandal,rifle,,0.6267,0.1222,xeus,FUT Esports,jett,True,100,25,2,1,0,4,False,sheriff,sidearm,,0.6922,0.3500,sociablEE,FUT Esports,fade,True,100,25,0,0,0,7,False,vandal,rifle,,0.7167,0.4044,yetujey,FUT Esports,astra,True,100,25,1,0,0,0,False,sheriff,sidearm,,0.8422,0.5878,KROSTALY,FUT Esports,kayo,True,100,,1,1,1,5,False,sheriff,sidearm,,0.6811,0.3811,Chronicle,Team Vitality,chamber,False,,50,1,8,1,5,False,outlaw,sniper,,,,Derke,Team Vitality,neon,False,,1,0,0,0,7,True,unknown,unknown,,,,Jamppi,Team Vitality,kayo,True,100,25,0,0,0,6,False,vandal,rifle,,0.8067,0.1889,Sayonara,Team Vitality,sova,True,100,50,0,2,0,1,False,vandal,rifle,,0.1778,0.6756,PROFEK,Team Vitality,astra,True,100,50,0,0,0,4,False,phantom,rifle,,0.7111,0.7522
1438.871,2755,ACTIVE_ROUND,9,4,6,,4.838,,s0pp,FUT Esports,chamber,True,89,3,0,7,0,7,True,vandal,rifle,,0.6267,0.1222,xeus,FUT Esports,jett,True,100,25,2,1,0,4,False,sheriff,sidearm,,0.6900,0.3567,sociablEE,FUT Esports,fade,True,100,25,0,0,0,7,False,vandal,rifle,,0.7167,0.3978,yetujey,FUT Esports,astra,True,100,25,1,0,0,0,False,sheriff,sidearm,,0.8422,0.5878,KROSTALY,FUT Esports,kayo,True,100,,1,1,1,5,False,sheriff,sidearm,,0.6833,0.3989,Chronicle,Team Vitality,chamber,False,,50,1,8,1,5,False,outlaw,sniper,,,,Derke,Team Vitality,neon,False,,1,0,0,0,7,True,unknown,unknown,,,,Jamppi,Team Vitality,kayo,True,100,25,0,0,0,6,False,vandal,rifle,,0.7978,0.1778,Sayonara,Team Vitality,sova,True,100,50,0,2,0,1,False,vandal,rifle,,0.1756,0.6733,PROFEK,Team Vitality,astra,True,100,50,0,0,0,4,False,phantom,rifle,,0.7111,0.7522
1439.355,2756,ACTIVE_ROUND,9,4,6,,5.322,,s0pp,FUT Esports,chamber,True,89,3,0,7,0,7,True,vandal,rifle,,0.6267,0.1222,xeus,FUT Esports,jett,True,100,25,2,1,0,4,False,sheriff,sidearm,,0.6900,0.3567,sociablEE,FUT Esports,fade,True,100,25,0,0,0,7,False,vandal,rifle,,0.7144,0.3911,yetujey,FUT Esports,astra,True,100,25,1,0,0,0,False,sheriff,sidearm,,0.8422,0.5878,KROSTALY,FUT Esports,kayo,True,100,,1,1,1,5,False,sheriff,sidearm,,0.6900,0.4144,Chronicle,Team Vitality,chamber,False,,50,1,8,1,5,False,outlaw,sniper,,,,Derke,Team Vitality,neon,False,,1,0,0,0,7,True,unknown,unknown,,,,Jamppi,Team Vitality,kayo,True,100,25,0,0,0,6,False,vandal,rifle,,0.7978,0.1733,Sayonara,Team Vitality,sova,True,100,50,0,2,0,1,False,vandal,rifle,,0.1778,0.6733,PROFEK,Team Vitality,astra,True,100,50,0,0,0,4,False,phantom,rifle,,0.7111,0.7522
1439.838,2757,ACTIVE_ROUND,9,4,6,,5.806,,s0pp,FUT Esports,chamber,True,89,3,0,7,0,7,True,vandal,rifle,,0.6267,0.1222,xeus,FUT Esports,jett,True,100,25,2,1,0,4,False,sheriff,sidearm,,0.6944,0.3478,sociablEE,FUT Esports,fade,True,100,25,0,0,0,7,False,vandal,rifle,,0.7167,0.3933,yetujey,FUT Esports,astra,True,100,25,1,0,0,0,False,sheriff,sidearm,,0.8422,0.5878,KROSTALY,FUT Esports,kayo,True,100,,1,1,1,5,False,sheriff,sidearm,,0.6878,0.4144,Chronicle,Team Vitality,chamber,False,,50,1,8,1,5,False,outlaw,sniper,,,,Derke,Team Vitality,neon,False,,1,0,0,0,7,True,unknown,unknown,,,,Jamppi,Team Vitality,kayo,True,100,25,0,0,0,6,False,vandal,rifle,,0.7978,0.1733,Sayonara,Team Vitality,sova,True,100,50,0,2,0,1,False,vandal,rifle,,0.1778,0.6733,PROFEK,Team Vitality,astra,True,100,50,0,0,0,4,False,phantom,rifle,,0.7111,0.7522
1440.322,2758,ACTIVE_ROUND,9,4,6,,6.290,,s0pp,FUT Esports,chamber,True,89,3,0,7,0,7,True,vandal,rifle,,0.6311,0.1267,xeus,FUT Esports,jett,True,100,25,2,1,0,4,False,sheriff,sidearm,,0.7011,0.3478,sociablEE,FUT Esports,fade,True,100,25,0,0,0,7,False,vandal,rifle,,0.7167,0.3956,yetujey,FUT Esports,astra,True,100,25,1,0,0,0,False,sheriff,sidearm,,0.8889,0.5744,KROSTALY,FUT Esports,kayo,True,100,,1,1,1,5,False,sheriff,sidearm,,0.6900,0.4211,Chronicle,Team Vitality,chamber,False,,50,1,8,1,5,False,outlaw,sniper,,,,Derke,Team Vitality,neon,False,,1,0,0,0,7,True,unknown,unknown,,,,Jamppi,Team Vitality,kayo,True,100,25,0,0,0,6,False,vandal,rifle,,0.8067,0.1778,Sayonara,Team Vitality,sova,True,100,50,0,2,0,1,False,vandal,rifle,,0.1778,0.6733,PROFEK,Team Vitality,astra,True,100,50,0,0,0,4,False,phantom,rifle,,0.8267,0.4344
1440.806,2759,ACTIVE_ROUND,9,4,6,,6.773,,s0pp,FUT Esports,chamber,True,89,3,0,7,0,7,True,vandal,rifle,,0.6311,0.1267,xeus,FUT Esports,jett,True,100,25,2,1,0,4,False,sheriff,sidearm,,0.7033,0.3456,sociablEE,FUT Esports,fade,True,100,25,0,0,0,7,False,vandal,rifle,,0.7167,0.3911,yetujey,FUT Esports,astra,True,100,25,1,0,0,0,False,sheriff,sidearm,,0.8956,0.5811,KROSTALY,FUT Esports,kayo,True,100,,1,1,1,5,False,sheriff,sidearm,,0.6878,0.4211,Chronicle,Team Vitality,chamber,False,,50,1,8,1,5,False,outlaw,sniper,,,,Derke,Team Vitality,neon,False,,1,0,0,0,7,True,unknown,unknown,,,,Jamppi,Team Vitality,kayo,True,100,25,0,0,0,6,False,vandal,rifle,,0.8111,0.1778,Sayonara,Team Vitality,sova,True,100,50,0,2,0,1,False,vandal,rifle,,0.1778,0.6733,PROFEK,Team Vitality,astra,True,100,50,0,0,0,4,False,phantom,rifle,,0.8400,0.4256
1441.290,2760,ACTIVE_ROUND,9,4,6,,7.257,,s0pp,FUT Esports,chamber,True,89,3,0,7,0,7,True,vandal,rifle,,0.6311,0.1267,xeus,FUT Esports,jett,True,100,25,2,1,0,4,False,sheriff,sidearm,,0.7011,0.3478,sociablEE,FUT Esports,fade,True,100,25,0,0,0,7,False,vandal,rifle,,0.7167,0.3933,yetujey,FUT Esports,astra,True,100,25,1,0,0,0,False,sheriff,sidearm,,0.9022,0.5811,KROSTALY,FUT Esports,kayo,True,100,,1,1,1,5,False,sheriff,sidearm,,0.6856,0.4189,Chronicle,Team Vitality,chamber,False,,50,1,8,1,5,False,outlaw,sniper,,,,Derke,Team Vitality,neon,False,,1,0,0,0,7,True,unknown,unknown,,,,Jamppi,Team Vitality,kayo,True,100,25,0,0,0,6,False,vandal,rifle,,0.8111,0.1778,Sayonara,Team Vitality,sova,True,100,50,0,2,0,1,False,vandal,rifle,,0.1778,0.6733,PROFEK,Team Vitality,astra,True,100,50,0,0,0,4,False,phantom,rifle,,0.8578,0.4167
1441.774,2761,ACTIVE_ROUND,9,4,6,,7.741,,s0pp,FUT Esports,chamber,True,89,3,0,7,0,7,True,vandal,rifle,,0.6311,0.1267,xeus,FUT Esports,jett,True,100,25,2,1,0,4,False,sheriff,sidearm,,0.7011,0.3478,sociablEE,FUT Esports,fade,True,100,25,0,0,0,7,False,vandal,rifle,,0.7167,0.4022,yetujey,FUT Esports,astra,True,100,25,1,0,0,0,False,sheriff,sidearm,,0.9089,0.5789,KROSTALY,FUT Esports,kayo,True,100,,1,1,1,5,False,sheriff,sidearm,,0.6856,0.4211,Chronicle,Team Vitality,chamber,False,,50,1,8,1,5,False,outlaw,sniper,,,,Derke,Team Vitality,neon,False,,1,0,0,0,7,True,unknown,unknown,,,,Jamppi,Team Vitality,kayo,True,100,25,0,0,0,6,False,vandal,rifle,,0.8111,0.1778,Sayonara,Team Vitality,sova,True,100,50,0,2,0,1,False,vandal,rifle,,0.1756,0.6733,PROFEK,Team Vitality,astra,True,100,50,0,0,0,4,False,phantom,rifle,,0.8600,0.4144
1442.257,2762,ACTIVE_ROUND,9,4,6,,8.225,,s0pp,FUT Esports,chamber,False,,3,0,7,0,7,True,vandal,rifle,,0.6311,0.1267,xeus,FUT Esports,jett,True,100,25,2,1,0,4,False,sheriff,sidearm,,0.6967,0.3611,sociablEE,FUT Esports,fade,True,100,25,0,0,0,7,False,vandal,rifle,,0.7189,0.4111,yetujey,FUT Esports,astra,True,100,25,1,0,0,0,False,sheriff,sidearm,,0.9133,0.5767,KROSTALY,FUT Esports,kayo,True,100,,1,1,1,5,False,sheriff,sidearm,,0.6900,0.4056,Chronicle,Team Vitality,chamber,False,,50,1,8,1,5,False,outlaw,sniper,,,,Derke,Team Vitality,neon,False,,1,0,0,0,7,True,unknown,unknown,,,,Jamppi,Team Vitality,kayo,True,100,25,0,0,0,6,False,vandal,rifle,,0.8156,0.1689,Sayonara,Team Vitality,sova,True,100,50,0,2,0,1,False,vandal,rifle,,0.1778,0.6756,PROFEK,Team Vitality,astra,True,100,50,0,0,0,4,False,phantom,rifle,,0.8578,0.4144
1442.741,2763,ACTIVE_ROUND,9,4,6,,8.709,,s0pp,FUT Esports,chamber,False,,3,0,7,0,7,True,vandal,rifle,,,,xeus,FUT Esports,jett,True,100,25,2,1,0,4,False,sheriff,sidearm,,0.7056,0.3678,sociablEE,FUT Esports,fade,True,100,25,0,0,0,7,False,vandal,rifle,,0.7189,0.4111,yetujey,FUT Esports,astra,True,100,25,1,0,0,0,False,sheriff,sidearm,,0.9200,0.5722,KROSTALY,FUT Esports,kayo,True,100,,1,1,1,5,False,sheriff,sidearm,,0.7056,0.4122,Chronicle,Team Vitality,chamber,False,,50,1,8,1,5,False,outlaw,sniper,,,,Derke,Team Vitality,neon,False,,1,0,0,0,7,True,unknown,unknown,,,,Jamppi,Team Vitality,kayo,True,100,25,0,0,0,6,False,vandal,rifle,,0.7533,0.1778,Sayonara,Team Vitality,sova,True,100,50,0,2,0,1,False,vandal,rifle,,0.1778,0.6756,PROFEK,Team Vitality,astra,True,100,50,0,0,0,4,False,phantom,rifle,,0.8556,0.4189
1443.225,2764,ACTIVE_ROUND,9,4,6,,9.193,,s0pp,FUT Esports,chamber,False,,3,0,7,0,7,True,vandal,rifle,,,,xeus,FUT Esports,jett,True,100,25,2,1,0,4,False,sheriff,sidearm,,0.7056,0.3678,sociablEE,FUT Esports,fade,True,100,25,0,0,0,7,False,vandal,rifle,,0.7189,0.3889,yetujey,FUT Esports,astra,True,100,25,1,0,0,0,False,sheriff,sidearm,,0.9133,0.5611,KROSTALY,FUT Esports,kayo,True,100,,1,1,1,5,False,sheriff,sidearm,,0.7078,0.4144,Chronicle,Team Vitality,chamber,False,,50,1,8,1,5,False,outlaw,sniper,,,,Derke,Team Vitality,neon,False,,1,0,0,0,7,True,unknown,unknown,,,,Jamppi,Team Vitality,kayo,True,100,25,0,0,0,7,False,vandal,rifle,,0.8156,0.1644,Sayonara,Team Vitality,sova,True,100,50,0,2,0,1,False,vandal,rifle,,0.1844,0.6889,PROFEK,Team Vitality,astra,True,100,50,0,0,0,4,False,phantom,rifle,,0.8556,0.4189
1443.709,2765,ACTIVE_ROUND,9,4,6,,9.676,,s0pp,FUT Esports,chamber,False,,3,0,7,0,7,True,vandal,rifle,,,,xeus,FUT Esports,jett,True,100,25,2,1,0,4,False,sheriff,sidearm,,0.7056,0.3678,sociablEE,FUT Esports,fade,True,100,25,0,0,0,7,False,vandal,rifle,,0.7256,0.3711,yetujey,FUT Esports,astra,True,100,25,1,0,0,0,False,sheriff,sidearm,,0.9111,0.5567,KROSTALY,FUT Esports,kayo,True,100,,1,1,1,5,False,sheriff,sidearm,,0.7167,0.4056,Chronicle,Team Vitality,chamber,False,,50,1,8,1,5,False,outlaw,sniper,,,,Derke,Team Vitality,neon,False,,1,0,0,0,7,True,unknown,unknown,,,,Jamppi,Team Vitality,kayo,True,100,25,0,0,0,7,False,vandal,rifle,,0.8244,0.1800,Sayonara,Team Vitality,sova,True,100,50,0,2,0,1,False,vandal,rifle,,0.1778,0.6733,PROFEK,Team Vitality,astra,True,100,50,0,0,0,4,False,phantom,rifle,,0.8556,0.4189
1444.193,2766,ACTIVE_ROUND,9,4,6,,10.160,,s0pp,FUT Esports,chamber,False,,3,0,7,0,7,True,vandal,rifle,,,,xeus,FUT Esports,jett,True,100,25,2,1,0,4,False,sheriff,sidearm,,0.7256,0.4144,sociablEE,FUT Esports,fade,True,100,25,0,0,0,7,False,vandal,rifle,,0.7344,0.3644,yetujey,FUT Esports,astra,True,100,25,1,0,0,0,False,sheriff,sidearm,,0.9156,0.5478,KROSTALY,FUT Esports,kayo,True,100,,1,1,1,5,False,sheriff,sidearm,,0.7167,0.3856,Chronicle,Team Vitality,chamber,False,,50,1,8,1,5,False,outlaw,sniper,,,,Derke,Team Vitality,neon,False,,1,0,0,0,7,True,unknown,unknown,,,,Jamppi,Team Vitality,kayo,True,100,25,0,0,0,7,False,vandal,rifle,,0.8400,0.1978,Sayonara,Team Vitality,sova,True,100,50,0,2,0,1,False,vandal,rifle,,0.8356,0.3422,PROFEK,Team Vitality,astra,True,100,50,0,0,0,4,False,phantom,rifle,,0.8689,0.4789
1444.677,2767,ACTIVE_ROUND,9,4,6,,10.644,,s0pp,FUT Esports,chamber,False,,3,0,7,0,7,True,vandal,rifle,,,,xeus,FUT Esports,jett,True,100,25,2,1,0,4,False,sheriff,sidearm,,0.9011,0.5656,sociablEE,FUT Esports,fade,True,100,25,0,0,0,7,False,vandal,rifle,,0.7344,0.3644,yetujey,FUT Esports,astra,True,100,25,1,0,0,0,False,sheriff,sidearm,,0.9222,0.5411,KROSTALY,FUT Esports,kayo,True,100,,1,1,1,5,False,sheriff,sidearm,,0.7189,0.3678,Chronicle,Team Vitality,chamber,False,,50,1,8,1,5,False,outlaw,sniper,,,,Derke,Team Vitality,neon,False,,1,0,0,0,7,True,unknown,unknown,,,,Jamppi,Team Vitality,kayo,True,100,25,0,0,0,7,False,vandal,rifle,,0.8511,0.2178,Sayonara,Team Vitality,sova,True,100,50,0,2,0,1,False,vandal,rifle,,0.8356,0.3422,PROFEK,Team Vitality,astra,True,100,50,0,0,0,4,False,phantom,rifle,,0.8689,0.4767
1445.160,2768,ACTIVE_ROUND,9,4,6,,11.128,,s0pp,FUT Esports,chamber,False,,3,0,7,0,7,True,vandal,rifle,,,,xeus,FUT Esports,jett,True,100,25,2,1,0,4,False,sheriff,sidearm,,0.9078,0.5611,sociablEE,FUT Esports,fade,True,100,25,0,0,0,7,False,vandal,rifle,,0.7344,0.3644,yetujey,FUT Esports,astra,True,100,25,1,0,0,0,False,sheriff,sidearm,,0.9244,0.5367,KROSTALY,FUT Esports,kayo,True,100,,1,1,0,5,False,sheriff,sidearm,,0.7344,0.3656,Chronicle,Team Vitality,chamber,False,,50,1,8,1,5,False,outlaw,sniper,,,,Derke,Team Vitality,neon,False,,1,0,0,0,7,True,unknown,unknown,,,,Jamppi,Team Vitality,kayo,True,100,25,0,0,0,7,False,vandal,rifle,,0.8622,0.2356,Sayonara,Team Vitality,sova,True,100,50,0,2,0,1,False,vandal,rifle,,0.1778,0.6733,PROFEK,Team Vitality,astra,True,100,50,0,0,0,4,False,phantom,rifle,,0.8689,0.4767
1445.644,2769,ACTIVE_ROUND,9,4,6,,11.612,,s0pp,FUT Esports,chamber,False,,3,0,7,0,7,True,vandal,rifle,,,,xeus,FUT Esports,jett,True,100,25,2,1,0,4,False,sheriff,sidearm,,0.7900,0.3678,sociablEE,FUT Esports,fade,True,100,25,0,0,0,7,False,vandal,rifle,,0.7344,0.3644,yetujey,FUT Esports,astra,True,47,25,1,0,0,0,False,sheriff,sidearm,,0.9267,0.5367,KROSTALY,FUT Esports,kayo,True,100,,1,1,0,5,False,sheriff,sidearm,,0.7967,0.4078,Chronicle,Team Vitality,chamber,False,,50,1,8,1,5,False,outlaw,sniper,,,,Derke,Team Vitality,neon,False,,1,0,0,0,7,True,unknown,unknown,,,,Jamppi,Team Vitality,kayo,True,100,25,0,0,0,7,False,vandal,rifle,,0.8733,0.2533,Sayonara,Team Vitality,sova,True,100,50,0,2,0,1,False,vandal,rifle,,0.1778,0.6733,PROFEK,Team Vitality,astra,True,100,50,0,0,0,4,False,phantom,rifle,,0.8689,0.4767
1446.128,2770,ACTIVE_ROUND,9,4,6,,12.095,,s0pp,FUT Esports,chamber,False,,3,0,7,0,7,True,vandal,rifle,,,,xeus,FUT Esports,jett,True,100,25,2,1,0,4,False,sheriff,sidearm,,0.8100,0.3656,sociablEE,FUT Esports,fade,True,100,25,0,0,0,7,False,vandal,rifle,,0.7344,0.3644,yetujey,FUT Esports,astra,True,47,25,1,0,0,0,False,sheriff,sidearm,,0.9200,0.5300,KROSTALY,FUT Esports,kayo,True,100,,1,1,0,5,False,sheriff,sidearm,,0.7722,0.3767,Chronicle,Team Vitality,chamber,False,,50,1,8,1,5,False,outlaw,sniper,,,,Derke,Team Vitality,neon,False,,1,0,0,0,7,True,unknown,unknown,,,,Jamppi,Team Vitality,kayo,True,100,25,0,0,0,7,False,vandal,rifle,,0.8756,0.2733,Sayonara,Team Vitality,sova,True,100,50,0,2,0,1,False,vandal,rifle,,0.1778,0.6733,PROFEK,Team Vitality,astra,False,,50,0,0,0,4,False,phantom,rifle,,0.8689,0.4767
1446.612,2771,ACTIVE_ROUND,9,4,6,,12.579,,s0pp,FUT Esports,chamber,False,,3,0,7,0,7,True,vandal,rifle,,,,xeus,FUT Esports,jett,True,100,25,2,1,0,4,False,sheriff,sidearm,,0.8100,0.3656,sociablEE,FUT Esports,fade,True,100,25,0,0,0,7,False,vandal,rifle,,0.7344,0.3644,yetujey,FUT Esports,astra,True,8,25,1,0,0,0,False,sheriff,sidearm,,0.9200,0.5300,KROSTALY,FUT Esports,kayo,True,100,,1,1,0,5,False,sheriff,sidearm,,0.7833,0.3722,Chronicle,Team Vitality,chamber,False,,50,1,8,1,5,False,outlaw,sniper,,,,Derke,Team Vitality,neon,False,,1,0,0,0,7,True,unknown,unknown,,,,Jamppi,Team Vitality,kayo,True,100,25,0,0,0,7,False,vandal,rifle,,0.8622,0.2756,Sayonara,Team Vitality,sova,True,100,50,0,2,0,1,False,vandal,rifle,,0.1778,0.6733,PROFEK,Team Vitality,astra,False,,50,0,0,0,4,False,phantom,rifle,,,
1447.096,2772,ACTIVE_ROUND,9,4,6,,13.063,,s0pp,FUT Esports,chamber,False,,3,0,7,0,7,True,vandal,rifle,,,,xeus,FUT Esports,jett,True,100,25,2,1,0,4,False,sheriff,sidearm,,0.8100,0.3656,sociablEE,FUT Esports,fade,True,100,25,0,0,0,7,False,vandal,rifle,,0.8078,0.3956,yetujey,FUT Esports,astra,True,8,25,1,0,0,1,False,sheriff,sidearm,,0.9200,0.5300,KROSTALY,FUT Esports,kayo,True,100,,1,1,0,5,False,sheriff,sidearm,,0.7789,0.3544,Chronicle,Team Vitality,chamber,False,,50,1,8,1,5,False,outlaw,sniper,,,,Derke,Team Vitality,neon,False,,1,0,0,0,7,True,unknown,unknown,,,,Jamppi,Team Vitality,kayo,True,100,25,0,0,0,7,False,vandal,rifle,,0.8511,0.2778,Sayonara,Team Vitality,sova,True,100,50,0,2,0,1,False,vandal,rifle,,0.1778,0.6711,PROFEK,Team Vitality,astra,False,,50,0,0,0,4,False,phantom,rifle,,,
1447.579,2773,ACTIVE_ROUND,9,4,6,,13.547,,s0pp,FUT Esports,chamber,False,,3,0,7,0,7,True,vandal,rifle,,,,xeus,FUT Esports,jett,True,100,25,2,1,0,4,False,sheriff,sidearm,,0.8100,0.3656,sociablEE,FUT Esports,fade,True,100,25,0,0,0,7,False,vandal,rifle,,0.8122,0.4156,yetujey,FUT Esports,astra,True,8,25,1,0,0,1,False,sheriff,sidearm,,0.9111,0.5189,KROSTALY,FUT Esports,kayo,True,100,,1,1,0,5,False,sheriff,sidearm,,0.7878,0.3233,Chronicle,Team Vitality,chamber,False,,50,1,8,1,5,False,outlaw,sniper,,,,Derke,Team Vitality,neon,False,,1,0,0,0,7,True,unknown,unknown,,,,Jamppi,Team Vitality,kayo,True,100,25,0,0,0,7,False,vandal,rifle,,0.8400,0.2756,Sayonara,Team Vitality,sova,True,100,50,0,2,0,1,False,vandal,rifle,,0.1778,0.6733,PROFEK,Team Vitality,astra,False,,50,0,0,0,4,False,phantom,rifle,,,
1448.063,2774,ACTIVE_ROUND,9,4,6,,14.031,,s0pp,FUT Esports,chamber,False,,3,0,7,0,7,True,vandal,rifle,,,,xeus,FUT Esports,jett,True,100,25,2,1,0,4,False,sheriff,sidearm,,0.8100,0.3656,sociablEE,FUT Esports,fade,True,100,25,0,0,0,7,False,vandal,rifle,,0.8189,0.4267,yetujey,FUT Esports,astra,True,8,25,1,0,0,1,False,sheriff,sidearm,,0.8956,0.5033,KROSTALY,FUT Esports,kayo,True,100,,1,1,0,5,False,sheriff,sidearm,,0.7900,0.3522,Chronicle,Team Vitality,chamber,False,,50,1,8,1,5,False,outlaw,sniper,,,,Derke,Team Vitality,neon,False,,1,0,0,0,7,True,unknown,unknown,,,,Jamppi,Team Vitality,kayo,True,100,25,0,0,0,7,False,vandal,rifle,,0.8400,0.2756,Sayonara,Team Vitality,sova,True,100,50,0,2,0,1,False,vandal,rifle,,0.1756,0.7022,PROFEK,Team Vitality,astra,False,,50,0,0,0,4,False,phantom,rifle,,,
1448.547,2775,ACTIVE_ROUND,9,4,6,,14.514,,s0pp,FUT Esports,chamber,False,,3,0,7,0,7,True,vandal,rifle,,,,xeus,FUT Esports,jett,True,100,25,2,1,0,4,False,sheriff,sidearm,,0.8167,0.3500,sociablEE,FUT Esports,fade,True,100,25,0,0,0,7,False,vandal,rifle,,0.8189,0.4267,yetujey,FUT Esports,astra,True,8,25,1,0,0,1,False,sheriff,sidearm,,0.8756,0.4922,KROSTALY,FUT Esports,kayo,False,,,1,1,0,5,False,sheriff,sidearm,,0.7878,0.3278,Chronicle,Team Vitality,chamber,False,,50,1,8,1,5,False,outlaw,sniper,,,,Derke,Team Vitality,neon,False,,1,0,0,0,7,True,unknown,unknown,,,,Jamppi,Team Vitality,kayo,True,100,25,0,0,0,7,False,vandal,rifle,,0.8378,0.2756,Sayonara,Team Vitality,sova,True,100,50,0,2,0,1,False,vandal,rifle,,0.1800,0.6711,PROFEK,Team Vitality,astra,False,,50,0,0,0,4,False,phantom,rifle,,,
1449.031,2776,ACTIVE_ROUND,9,4,6,,14.998,,s0pp,FUT Esports,chamber,False,,3,0,7,0,7,True,vandal,rifle,,,,xeus,FUT Esports,jett,True,100,25,2,1,0,4,False,sheriff,sidearm,,0.8878,0.4967,sociablEE,FUT Esports,fade,False,,25,0,0,0,7,False,unknown,unknown,,0.8189,0.4267,yetujey,FUT Esports,astra,True,8,25,1,0,0,1,False,sheriff,sidearm,,0.8667,0.4811,KROSTALY,FUT Esports,kayo,False,,,1,1,0,5,False,sheriff,sidearm,,,,Chronicle,Team Vitality,chamber,False,,50,1,8,1,5,False,outlaw,sniper,,,,Derke,Team Vitality,neon,False,,1,0,0,0,7,True,unknown,unknown,,,,Jamppi,Team Vitality,kayo,True,100,25,0,0,0,7,False,vandal,rifle,,0.8444,0.2933,Sayonara,Team Vitality,sova,True,100,50,0,2,0,1,False,vandal,rifle,,0.1844,0.6889,PROFEK,Team Vitality,astra,False,,50,0,0,0,4,False,phantom,rifle,,,
1449.515,2777,ACTIVE_ROUND,9,4,6,,15.482,,s0pp,FUT Esports,chamber,False,,3,0,7,0,7,True,vandal,rifle,,,,xeus,FUT Esports,jett,True,100,25,2,1,0,4,False,sheriff,sidearm,,0.8144,0.3500,sociablEE,FUT Esports,fade,False,,25,0,0,0,7,False,unknown,unknown,,,,yetujey,FUT Esports,astra,True,8,25,1,0,0,1,False,sheriff,sidearm,,0.8644,0.4811,KROSTALY,FUT Esports,kayo,False,,,1,1,0,5,False,sheriff,sidearm,,,,Chronicle,Team Vitality,chamber,False,,50,1,8,1,5,False,outlaw,sniper,,,,Derke,Team Vitality,neon,False,,1,0,0,0,7,True,unknown,unknown,,,,Jamppi,Team Vitality,kayo,True,100,25,0,0,0,7,False,vandal,rifle,,0.8467,0.3089,Sayonara,Team Vitality,sova,True,100,50,0,2,0,1,False,vandal,rifle,,0.1844,0.6889,PROFEK,Team Vitality,astra,False,,50,0,0,0,4,False,phantom,rifle,,,
1449.999,2778,ACTIVE_ROUND,9,4,6,,15.966,,s0pp,FUT Esports,chamber,False,,3,0,7,0,7,True,vandal,rifle,,,,xeus,FUT Esports,jett,True,100,25,2,1,0,4,False,sheriff,sidearm,,0.8144,0.3500,sociablEE,FUT Esports,fade,False,,25,0,0,0,7,False,unknown,unknown,,,,yetujey,FUT Esports,astra,True,8,25,1,0,0,1,False,sheriff,sidearm,,0.8644,0.4789,KROSTALY,FUT Esports,kayo,False,,,1,1,0,5,False,sheriff,sidearm,,,,Chronicle,Team Vitality,chamber,False,,50,1,8,1,5,False,outlaw,sniper,,,,Derke,Team Vitality,neon,False,,1,0,0,0,7,True,unknown,unknown,,,,Jamppi,Team Vitality,kayo,True,100,25,0,0,0,7,False,vandal,rifle,,0.8467,0.3133,Sayonara,Team Vitality,sova,True,100,50,0,2,0,1,False,vandal,rifle,,0.1844,0.6889,PROFEK,Team Vitality,astra,False,,50,0,0,0,4,False,phantom,rifle,,,
1450.482,2779,ACTIVE_ROUND,9,4,6,,16.450,,s0pp,FUT Esports,chamber,False,,3,0,7,0,7,True,vandal,rifle,,,,xeus,FUT Esports,jett,True,100,25,2,1,0,4,False,sheriff,sidearm,,0.8856,0.4856,sociablEE,FUT Esports,fade,False,,25,0,0,0,7,False,unknown,unknown,,,,yetujey,FUT Esports,astra,True,8,25,1,0,0,1,False,sheriff,sidearm,,0.8644,0.4789,KROSTALY,FUT Esports,kayo,False,,,1,1,0,5,False,sheriff,sidearm,,,,Chronicle,Team Vitality,chamber,False,,50,1,8,1,5,False,outlaw,sniper,,,,Derke,Team Vitality,neon,False,,1,0,0,0,7,True,unknown,unknown,,,,Jamppi,Team Vitality,kayo,True,100,25,0,0,0,7,False,vandal,rifle,,0.8467,0.3133,Sayonara,Team Vitality,sova,True,100,50,0,2,0,1,False,vandal,rifle,,0.1844,0.6889,PROFEK,Team Vitality,astra,False,,50,0,0,0,4,False,phantom,rifle,,,
1450.966,2780,ACTIVE_ROUND,9,4,6,,16.934,,s0pp,FUT Esports,chamber,False,,3,0,7,0,7,True,vandal,rifle,,,,xeus,FUT Esports,jett,True,100,25,1,1,0,4,False,sheriff,sidearm,,0.8789,0.4744,sociablEE,FUT Esports,fade,False,,25,0,0,0,7,False,unknown,unknown,,,,yetujey,FUT Esports,astra,True,8,25,0,0,0,1,False,sheriff,sidearm,,0.8644,0.4789,KROSTALY,FUT Esports,kayo,False,,,1,1,0,5,False,sheriff,sidearm,,,,Chronicle,Team Vitality,chamber,False,,50,1,8,1,5,False,outlaw,sniper,,,,Derke,Team Vitality,neon,False,,1,0,0,0,7,True,unknown,unknown,,,,Jamppi,Team Vitality,kayo,False,,25,0,0,0,7,True,vandal,rifle,,0.8422,0.3111,Sayonara,Team Vitality,sova,True,100,50,0,2,0,2,False,vandal,rifle,,0.1844,0.6889,PROFEK,Team Vitality,astra,False,,50,0,0,0,4,False,phantom,rifle,,,
1451.450,2781,ACTIVE_ROUND,9,4,6,,17.417,,s0pp,FUT Esports,chamber,False,,3,0,7,0,7,True,vandal,rifle,,,,xeus,FUT Esports,jett,True,100,25,1,1,0,4,False,sheriff,sidearm,,0.8344,0.3633,sociablEE,FUT Esports,fade,False,,25,0,0,0,7,False,unknown,unknown,,,,yetujey,FUT Esports,astra,True,8,25,0,0,0,1,False,sheriff,sidearm,,0.8644,0.4789,KROSTALY,FUT Esports,kayo,False,,,1,1,0,5,False,sheriff,sidearm,,,,Chronicle,Team Vitality,chamber,False,,50,1,8,1,5,False,outlaw,sniper,,,,Derke,Team Vitality,neon,False,,1,0,0,0,7,True,unknown,unknown,,,,Jamppi,Team Vitality,kayo,False,,25,0,0,0,7,True,vandal,rifle,,,,Sayonara,Team Vitality,sova,True,100,50,0,2,0,2,False,vandal,rifle,,0.1844,0.6889,PROFEK,Team Vitality,astra,False,,50,0,0,0,4,False,phantom,rifle,,,
1451.934,2782,ACTIVE_ROUND,9,4,6,,17.901,,s0pp,FUT Esports,chamber,False,,3,0,7,0,7,True,vandal,rifle,,,,xeus,FUT Esports,jett,True,100,25,1,1,0,4,False,sheriff,sidearm,,0.8367,0.3611,sociablEE,FUT Esports,fade,False,,25,0,0,0,7,False,unknown,unknown,,,,yetujey,FUT Esports,astra,True,8,25,0,0,0,1,False,sheriff,sidearm,,0.8644,0.4789,KROSTALY,FUT Esports,kayo,False,,,1,1,0,5,False,sheriff,sidearm,,,,Chronicle,Team Vitality,chamber,False,,50,1,8,1,5,False,outlaw,sniper,,,,Derke,Team Vitality,neon,False,,1,0,0,0,7,True,unknown,unknown,,,,Jamppi,Team Vitality,kayo,False,,25,0,0,0,7,True,vandal,rifle,,,,Sayonara,Team Vitality,sova,True,100,50,0,2,0,2,False,vandal,rifle,,0.1800,0.6778,PROFEK,Team Vitality,astra,False,,50,0,0,0,4,False,phantom,rifle,,,
1452.418,2783,ACTIVE_ROUND,9,4,6,,18.385,,s0pp,FUT Esports,chamber,False,,3,0,7,0,7,True,vandal,rifle,,,,xeus,FUT Esports,jett,True,100,25,1,1,0,4,False,sheriff,sidearm,,0.8367,0.3567,sociablEE,FUT Esports,fade,False,,25,0,0,0,7,False,unknown,unknown,,,,yetujey,FUT Esports,astra,True,8,25,0,0,0,1,False,sheriff,sidearm,,0.8644,0.4789,KROSTALY,FUT Esports,kayo,False,,,1,1,0,5,False,sheriff,sidearm,,,,Chronicle,Team Vitality,chamber,False,,50,1,8,1,5,False,outlaw,sniper,,,,Derke,Team Vitality,neon,False,,1,0,0,0,7,True,unknown,unknown,,,,Jamppi,Team Vitality,kayo,False,,25,0,0,0,7,True,vandal,rifle,,,,Sayonara,Team Vitality,sova,True,100,50,0,2,0,2,False,vandal,rifle,,0.1844,0.6844,PROFEK,Team Vitality,astra,False,,50,0,0,0,4,False,phantom,rifle,,,
1452.901,2784,ACTIVE_ROUND,9,4,6,,18.869,,s0pp,FUT Esports,chamber,False,,3,0,7,0,7,True,vandal,rifle,,,,xeus,FUT Esports,jett,True,100,25,1,1,0,5,False,vandal,rifle,,0.8322,0.3567,sociablEE,FUT Esports,fade,False,,25,0,0,0,7,False,unknown,unknown,,,,yetujey,FUT Esports,astra,True,8,25,0,0,0,1,False,sheriff,sidearm,,0.8644,0.4789,KROSTALY,FUT Esports,kayo,False,,,1,1,0,5,False,sheriff,sidearm,,,,Chronicle,Team Vitality,chamber,False,,50,1,8,1,5,False,outlaw,sniper,,,,Derke,Team Vitality,neon,False,,1,0,0,0,7,True,unknown,unknown,,,,Jamppi,Team Vitality,kayo,False,,25,0,0,0,7,True,vandal,rifle,,,,Sayonara,Team Vitality,sova,True,100,50,0,2,0,2,False,vandal,rifle,,0.1844,0.6844,PROFEK,Team Vitality,astra,False,,50,0,0,0,4,False,phantom,rifle,,,
1453.385,2785,ACTIVE_ROUND,9,4,6,,19.353,,s0pp,FUT Esports,chamber,False,,3,0,7,0,7,True,vandal,rifle,,,,xeus,FUT Esports,jett,True,85,25,1,1,0,5,False,vandal,rifle,,0.8278,0.3567,sociablEE,FUT Esports,fade,False,,25,0,0,0,7,False,unknown,unknown,,,,yetujey,FUT Esports,astra,True,8,25,0,0,0,1,False,sheriff,sidearm,,0.8644,0.4789,KROSTALY,FUT Esports,kayo,False,,,1,1,0,5,False,sheriff,sidearm,,,,Chronicle,Team Vitality,chamber,False,,50,1,8,1,5,False,outlaw,sniper,,,,Derke,Team Vitality,neon,False,,1,0,0,0,7,True,unknown,unknown,,,,Jamppi,Team Vitality,kayo,False,,25,0,0,0,7,True,vandal,rifle,,,,Sayonara,Team Vitality,sova,True,100,50,0,2,0,2,False,vandal,rifle,,0.1756,0.6778,PROFEK,Team Vitality,astra,False,,50,0,0,0,4,False,phantom,rifle,,,
1453.869,2786,ACTIVE_ROUND,9,4,6,,19.836,,s0pp,FUT Esports,chamber,False,,3,0,7,0,7,True,vandal,rifle,,,,xeus,FUT Esports,jett,True,85,25,1,1,0,5,False,vandal,rifle,,0.8322,0.3567,sociablEE,FUT Esports,fade,False,,25,0,0,0,7,False,unknown,unknown,,,,yetujey,FUT Esports,astra,False,,25,0,0,0,1,False,sheriff,sidearm,,0.8644,0.4789,KROSTALY,FUT Esports,kayo,False,,,1,1,0,5,False,sheriff,sidearm,,,,Chronicle,Team Vitality,chamber,False,,50,1,8,1,5,False,outlaw,sniper,,,,Derke,Team Vitality,neon,False,,1,0,0,0,7,True,unknown,unknown,,,,Jamppi,Team Vitality,kayo,False,,25,0,0,0,7,True,vandal,rifle,,,,Sayonara,Team Vitality,sova,False,,50,0,2,0,2,False,vandal,rifle,,0.1756,0.6778,PROFEK,Team Vitality,astra,False,,50,0,0,0,4,False,phantom,rifle,,,
1454.353,2787,ACTIVE_ROUND,9,4,6,,20.320,,s0pp,FUT Esports,chamber,False,,3,0,7,0,7,True,vandal,rifle,,,,xeus,FUT Esports,jett,True,5,25,1,1,0,5,False,vandal,rifle,,0.8500,0.3500,sociablEE,FUT Esports,fade,False,,25,0,0,0,7,False,unknown,unknown,,,,yetujey,FUT Esports,astra,False,,25,0,0,0,1,False,sheriff,sidearm,,,,KROSTALY,FUT Esports,kayo,False,,,1,1,0,5,False,sheriff,sidearm,,,,Chronicle,Team Vitality,chamber,False,,50,1,8,1,5,False,outlaw,sniper,,,,Derke,Team Vitality,neon,False,,1,0,0,0,7,True,unknown,unknown,,,,Jamppi,Team Vitality,kayo,False,,25,0,0,0,7,True,vandal,rifle,,,,Sayonara,Team Vitality,sova,False,,50,0,2,0,2,False,vandal,rifle,,,,PROFEK,Team Vitality,astra,False,,50,0,0,0,4,False,phantom,rifle,,,
1454.837,2788,ACTIVE_ROUND,9,4,6,,20.804,,s0pp,FUT Esports,chamber,False,,3,0,7,0,7,True,vandal,rifle,,,,xeus,FUT Esports,jett,True,5,25,0,1,1,6,False,vandal,rifle,,0.8122,0.4233,sociablEE,FUT Esports,fade,False,,25,0,0,0,7,False,unknown,unknown,,,,yetujey,FUT Esports,astra,False,,25,0,0,0,1,False,sheriff,sidearm,,,,KROSTALY,FUT Esports,kayo,False,,,1,1,0,5,False,sheriff,sidearm,,,,Chronicle,Team Vitality,chamber,False,,50,1,8,1,5,False,outlaw,sniper,,,,Derke,Team Vitality,neon,False,,1,0,0,0,7,True,unknown,unknown,,,,Jamppi,Team Vitality,kayo,False,,25,0,0,0,7,True,vandal,rifle,,,,Sayonara,Team Vitality,sova,False,,50,0,2,0,2,False,vandal,rifle,,,,PROFEK,Team Vitality,astra,False,,50,0,0,0,4,False,phantom,rifle,,,
1455.321,2789,ACTIVE_ROUND,9,4,6,,21.288,,s0pp,FUT Esports,chamber,False,,3,0,7,0,7,True,vandal,rifle,,,,xeus,FUT Esports,jett,True,5,25,0,1,1,6,False,vandal,rifle,,0.8678,0.3167,sociablEE,FUT Esports,fade,False,,25,0,0,0,7,False,unknown,unknown,,,,yetujey,FUT Esports,astra,False,,25,0,0,0,1,False,sheriff,sidearm,,,,KROSTALY,FUT Esports,kayo,False,,,1,1,0,5,False,sheriff,sidearm,,,,Chronicle,Team Vitality,chamber,False,,50,1,8,1,5,False,outlaw,sniper,,,,Derke,Team Vitality,neon,False,,1,0,0,0,7,True,unknown,unknown,,,,Jamppi,Team Vitality,kayo,False,,25,0,0,0,7,True,vandal,rifle,,,,Sayonara,Team Vitality,sova,False,,50,0,2,0,2,False,vandal,rifle,,,,PROFEK,Team Vitality,astra,False,,50,0,0,0,4,False,phantom,rifle,,,
1455.804,2790,ACTIVE_ROUND,9,4,6,,21.772,,s0pp,FUT Esports,chamber,False,,3,0,7,0,7,True,vandal,rifle,,,,xeus,FUT Esports,jett,True,5,25,0,1,1,6,False,vandal,rifle,,0.8567,0.3078,sociablEE,FUT Esports,fade,False,,25,0,0,0,7,False,unknown,unknown,,,,yetujey,FUT Esports,astra,False,,25,0,0,0,1,False,sheriff,sidearm,,,,KROSTALY,FUT Esports,kayo,False,,,1,1,0,5,False,sheriff,sidearm,,,,Chronicle,Team Vitality,chamber,False,,50,1,8,1,5,False,outlaw,sniper,,,,Derke,Team Vitality,neon,False,,1,0,0,0,7,True,unknown,unknown,,,,Jamppi,Team Vitality,kayo,False,,25,0,0,0,7,True,vandal,rifle,,,,Sayonara,Team Vitality,sova,False,,50,0,2,0,2,False,vandal,rifle,,,,PROFEK,Team Vitality,astra,False,,50,0,0,0,4,False,phantom,rifle,,,
1456.288,2791,ACTIVE_ROUND,9,4,6,,22.256,,s0pp,FUT Esports,chamber,False,,3,0,7,0,7,True,vandal,rifle,,,,xeus,FUT Esports,jett,True,5,25,0,1,1,6,False,vandal,rifle,,0.8589,0.2989,sociablEE,FUT Esports,fade,False,,25,0,0,0,7,False,unknown,unknown,,,,yetujey,FUT Esports,astra,False,,25,0,0,0,1,False,sheriff,sidearm,,,,KROSTALY,FUT Esports,kayo,False,,,1,1,0,5,False,sheriff,sidearm,,,,Chronicle,Team Vitality,chamber,False,,50,1,8,1,5,False,outlaw,sniper,,,,Derke,Team Vitality,neon,False,,1,0,0,0,7,True,unknown,unknown,,,,Jamppi,Team Vitality,kayo,False,,25,0,0,0,7,True,vandal,rifle,,,,Sayonara,Team Vitality,sova,False,,50,0,2,0,2,False,vandal,rifle,,,,PROFEK,Team Vitality,astra,False,,50,0,0,0,4,False,phantom,rifle,,,
1456.772,2792,ACTIVE_ROUND,9,4,6,,22.739,,s0pp,FUT Esports,chamber,False,,3,0,7,0,7,True,vandal,rifle,,,,xeus,FUT Esports,jett,True,5,25,0,1,1,6,False,vandal,rifle,,0.7522,0.1922,sociablEE,FUT Esports,fade,False,,25,0,0,0,7,False,unknown,unknown,,,,yetujey,FUT Esports,astra,False,,25,0,0,0,1,False,sheriff,sidearm,,,,KROSTALY,FUT Esports,kayo,False,,,1,1,0,5,False,sheriff,sidearm,,,,Chronicle,Team Vitality,chamber,False,,50,1,8,1,5,False,outlaw,sniper,,,,Derke,Team Vitality,neon,False,,1,0,0,0,7,True,unknown,unknown,,,,Jamppi,Team Vitality,kayo,False,,25,0,0,0,7,True,vandal,rifle,,,,Sayonara,Team Vitality,sova,False,,50,0,2,0,2,False,vandal,rifle,,,,PROFEK,Team Vitality,astra,False,,50,0,0,0,4,False,phantom,rifle,,,
1457.256,2793,ACTIVE_ROUND,9,4,6,,23.223,,s0pp,FUT Esports,chamber,False,,3,0,7,0,7,True,vandal,rifle,,,,xeus,FUT Esports,jett,True,5,25,0,1,1,6,False,vandal,rifle,,0.7522,0.1922,sociablEE,FUT Esports,fade,False,,25,0,0,0,7,False,unknown,unknown,,,,yetujey,FUT Esports,astra,False,,25,0,0,0,1,False,sheriff,sidearm,,,,KROSTALY,FUT Esports,kayo,False,,,1,1,0,5,False,sheriff,sidearm,,,,Chronicle,Team Vitality,chamber,False,,50,1,8,1,5,False,outlaw,sniper,,,,Derke,Team Vitality,neon,False,,1,0,0,0,7,True,unknown,unknown,,,,Jamppi,Team Vitality,kayo,False,,25,0,0,0,7,True,vandal,rifle,,,,Sayonara,Team Vitality,sova,False,,50,0,2,0,2,False,vandal,rifle,,,,PROFEK,Team Vitality,astra,False,,50,0,0,0,4,False,phantom,rifle,,,
1457.740,2794,ACTIVE_ROUND,9,4,6,,23.707,,s0pp,FUT Esports,chamber,False,,3,0,7,0,7,True,vandal,rifle,,,,xeus,FUT Esports,jett,True,5,25,0,1,1,6,False,vandal,rifle,,0.1233,0.4367,sociablEE,FUT Esports,fade,False,,25,0,0,0,7,False,unknown,unknown,,,,yetujey,FUT Esports,astra,False,,25,0,0,0,1,False,sheriff,sidearm,,,,KROSTALY,FUT Esports,kayo,False,,,1,1,0,5,False,sheriff,sidearm,,,,Chronicle,Team Vitality,chamber,False,,50,1,8,1,5,False,outlaw,sniper,,,,Derke,Team Vitality,neon,False,,1,0,0,0,7,True,unknown,unknown,,,,Jamppi,Team Vitality,kayo,False,,25,0,0,0,7,True,vandal,rifle,,,,Sayonara,Team Vitality,sova,False,,50,0,2,0,2,False,vandal,rifle,,,,PROFEK,Team Vitality,astra,False,,50,0,0,0,4,False,phantom,rifle,,,
1458.223,2795,ACTIVE_ROUND,9,4,6,,24.191,,s0pp,FUT Esports,chamber,False,,3,0,7,0,7,True,vandal,rifle,,,,xeus,FUT Esports,jett,True,5,25,0,1,1,6,False,vandal,rifle,,0.8789,0.2944,sociablEE,FUT Esports,fade,False,,25,0,0,0,7,False,unknown,unknown,,,,yetujey,FUT Esports,astra,False,,25,0,0,0,1,False,sheriff,sidearm,,,,KROSTALY,FUT Esports,kayo,False,,,1,1,0,5,False,sheriff,sidearm,,,,Chronicle,Team Vitality,chamber,False,,50,1,8,1,5,False,outlaw,sniper,,,,Derke,Team Vitality,neon,False,,1,0,0,0,7,True,unknown,unknown,,,,Jamppi,Team Vitality,kayo,False,,25,0,0,0,7,True,vandal,rifle,,,,Sayonara,Team Vitality,sova,False,,50,0,2,0,2,False,vandal,rifle,,,,PROFEK,Team Vitality,astra,False,,50,0,0,0,4,False,phantom,rifle,,,
1458.707,2796,ACTIVE_ROUND,9,4,6,,24.675,,s0pp,FUT Esports,chamber,False,,3,0,7,0,7,True,vandal,rifle,,,,xeus,FUT Esports,jett,True,5,25,0,1,1,6,False,vandal,rifle,,0.8789,0.2944,sociablEE,FUT Esports,fade,False,,25,0,0,0,7,False,unknown,unknown,,,,yetujey,FUT Esports,astra,False,,25,0,0,0,1,False,sheriff,sidearm,,,,KROSTALY,FUT Esports,kayo,False,,,1,1,0,5,False,sheriff,sidearm,,,,Chronicle,Team Vitality,chamber,False,,50,1,8,1,5,False,outlaw,sniper,,,,Derke,Team Vitality,neon,False,,1,0,0,0,7,True,unknown,unknown,,,,Jamppi,Team Vitality,kayo,False,,25,0,0,0,7,True,vandal,rifle,,,,Sayonara,Team Vitality,sova,False,,50,0,2,0,2,False,vandal,rifle,,,,PROFEK,Team Vitality,astra,False,,50,0,0,0,4,False,phantom,rifle,,,
1459.191,2797,ACTIVE_ROUND,9,4,6,,25.158,,s0pp,FUT Esports,chamber,False,,3,0,7,0,7,True,vandal,rifle,,,,xeus,FUT Esports,jett,True,5,25,0,1,1,6,False,vandal,rifle,,0.8789,0.2944,sociablEE,FUT Esports,fade,False,,25,0,0,0,7,False,unknown,unknown,,,,yetujey,FUT Esports,astra,False,,25,0,0,0,1,False,sheriff,sidearm,,,,KROSTALY,FUT Esports,kayo,False,,,1,1,0,5,False,sheriff,sidearm,,,,Chronicle,Team Vitality,chamber,False,,50,1,8,1,5,False,outlaw,sniper,,,,Derke,Team Vitality,neon,False,,1,0,0,0,7,True,unknown,unknown,,,,Jamppi,Team Vitality,kayo,False,,25,0,0,0,7,True,vandal,rifle,,,,Sayonara,Team Vitality,sova,False,,50,0,2,0,2,False,vandal,rifle,,,,PROFEK,Team Vitality,astra,False,,50,0,0,0,4,False,phantom,rifle,,,
1459.675,2798,ACTIVE_ROUND,9,4,6,,25.642,,s0pp,FUT Esports,chamber,False,,3,0,7,0,7,True,vandal,rifle,,,,xeus,FUT Esports,jett,True,5,25,0,1,1,6,False,vandal,rifle,,0.8789,0.2944,sociablEE,FUT Esports,fade,False,,25,0,0,0,7,False,unknown,unknown,,,,yetujey,FUT Esports,astra,False,,25,0,0,0,1,False,sheriff,sidearm,,,,KROSTALY,FUT Esports,kayo,False,,,1,1,0,5,False,sheriff,sidearm,,,,Chronicle,Team Vitality,chamber,False,,50,1,8,1,5,False,outlaw,sniper,,,,Derke,Team Vitality,neon,False,,1,0,0,0,7,True,unknown,unknown,,,,Jamppi,Team Vitality,kayo,False,,25,0,0,0,7,True,vandal,rifle,,,,Sayonara,Team Vitality,sova,False,,50,0,2,0,2,False,vandal,rifle,,,,PROFEK,Team Vitality,astra,False,,50,0,0,0,4,False,phantom,rifle,,,
1460.159,2799,ACTIVE_ROUND,9,4,6,,26.126,,s0pp,FUT Esports,chamber,False,,3,0,7,0,7,True,vandal,rifle,,,,xeus,FUT Esports,jett,True,5,25,0,1,1,6,False,vandal,rifle,,0.8789,0.2944,sociablEE,FUT Esports,fade,False,,25,0,0,0,7,False,unknown,unknown,,,,yetujey,FUT Esports,astra,False,,25,0,0,0,1,False,sheriff,sidearm,,,,KROSTALY,FUT Esports,kayo,False,,,1,1,0,5,False,sheriff,sidearm,,,,Chronicle,Team Vitality,chamber,False,,50,1,8,1,5,False,outlaw,sniper,,,,Derke,Team Vitality,neon,False,,1,0,0,0,7,True,unknown,unknown,,,,Jamppi,Team Vitality,kayo,False,,25,0,0,0,7,True,vandal,rifle,,,,Sayonara,Team Vitality,sova,False,,50,0,2,0,2,False,vandal,rifle,,,,PROFEK,Team Vitality,astra,False,,50,0,0,0,4,False,phantom,rifle,,,
1460.643,2800,ACTIVE_ROUND,9,4,6,,26.610,,s0pp,FUT Esports,chamber,False,,3,0,7,0,7,True,vandal,rifle,,,,xeus,FUT Esports,jett,True,5,25,0,1,1,6,False,vandal,rifle,,0.5989,0.0989,sociablEE,FUT Esports,fade,False,,25,0,0,0,7,False,unknown,unknown,,,,yetujey,FUT Esports,astra,False,,25,0,0,0,1,False,sheriff,sidearm,,,,KROSTALY,FUT Esports,kayo,False,,,1,1,0,5,False,sheriff,sidearm,,,,Chronicle,Team Vitality,chamber,False,,50,1,8,1,5,False,outlaw,sniper,,,,Derke,Team Vitality,neon,False,,1,0,0,0,7,True,unknown,unknown,,,,Jamppi,Team Vitality,kayo,False,,25,0,0,0,7,True,vandal,rifle,,,,Sayonara,Team Vitality,sova,False,,50,0,2,0,2,False,vandal,rifle,,,,PROFEK,Team Vitality,astra,False,,50,0,0,0,4,False,phantom,rifle,,,
1461.126,2801,ACTIVE_ROUND,9,4,6,,27.094,,s0pp,FUT Esports,chamber,False,,3,0,7,0,7,True,vandal,rifle,,,,xeus,FUT Esports,jett,True,5,25,0,1,1,6,False,vandal,rifle,,0.8789,0.2944,sociablEE,FUT Esports,fade,False,,25,0,0,0,7,False,unknown,unknown,,,,yetujey,FUT Esports,astra,False,,25,0,0,0,1,False,sheriff,sidearm,,,,KROSTALY,FUT Esports,kayo,False,,,1,1,0,5,False,sheriff,sidearm,,,,Chronicle,Team Vitality,chamber,False,,50,1,8,1,5,False,outlaw,sniper,,,,Derke,Team Vitality,neon,False,,1,0,0,0,7,True,unknown,unknown,,,,Jamppi,Team Vitality,kayo,False,,25,0,0,0,7,True,vandal,rifle,,,,Sayonara,Team Vitality,sova,False,,50,0,2,0,2,False,vandal,rifle,,,,PROFEK,Team Vitality,astra,False,,50,0,0,0,4,False,phantom,rifle,,,
1461.610,2802,ACTIVE_ROUND,9,4,6,,27.578,,s0pp,FUT Esports,chamber,False,,3,0,7,0,7,True,vandal,rifle,,,,xeus,FUT Esports,jett,True,5,25,0,1,1,6,False,vandal,rifle,,0.8789,0.2944,sociablEE,FUT Esports,fade,False,,25,0,0,0,7,False,unknown,unknown,,,,yetujey,FUT Esports,astra,False,,25,0,0,0,1,False,sheriff,sidearm,,,,KROSTALY,FUT Esports,kayo,False,,,1,1,0,5,False,sheriff,sidearm,,,,Chronicle,Team Vitality,chamber,False,,50,1,8,1,5,False,outlaw,sniper,,,,Derke,Team Vitality,neon,False,,1,0,0,0,7,True,unknown,unknown,,,,Jamppi,Team Vitality,kayo,False,,25,0,0,0,7,True,vandal,rifle,,,,Sayonara,Team Vitality,sova,False,,50,0,2,0,2,False,vandal,rifle,,,,PROFEK,Team Vitality,astra,False,,50,0,0,0,4,False,phantom,rifle,,,
1462.094,2803,ACTIVE_ROUND,9,4,6,,28.061,,s0pp,FUT Esports,chamber,False,,3,0,7,0,7,True,vandal,rifle,,,,xeus,FUT Esports,jett,True,5,25,0,1,1,6,False,vandal,rifle,,0.8789,0.2944,sociablEE,FUT Esports,fade,False,,25,0,0,0,7,False,unknown,unknown,,,,yetujey,FUT Esports,astra,False,,25,0,0,0,1,False,sheriff,sidearm,,,,KROSTALY,FUT Esports,kayo,False,,,1,1,0,5,False,sheriff,sidearm,,,,Chronicle,Team Vitality,chamber,False,,50,1,8,1,5,False,outlaw,sniper,,,,Derke,Team Vitality,neon,False,,1,0,0,0,7,True,unknown,unknown,,,,Jamppi,Team Vitality,kayo,False,,25,0,0,0,7,True,vandal,rifle,,,,Sayonara,Team Vitality,sova,False,,50,0,2,0,2,False,vandal,rifle,,,,PROFEK,Team Vitality,astra,False,,50,0,0,0,4,False,phantom,rifle,,,
1462.578,2804,ACTIVE_ROUND,9,4,6,,28.545,,s0pp,FUT Esports,chamber,False,,3,0,7,0,7,True,vandal,rifle,,,,xeus,FUT Esports,jett,True,5,25,0,1,1,6,False,vandal,rifle,,0.8789,0.2944,sociablEE,FUT Esports,fade,False,,25,0,0,0,7,False,unknown,unknown,,,,yetujey,FUT Esports,astra,False,,25,0,0,0,1,False,sheriff,sidearm,,,,KROSTALY,FUT Esports,kayo,False,,,1,1,0,5,False,sheriff,sidearm,,,,Chronicle,Team Vitality,chamber,False,,50,1,8,1,5,False,outlaw,sniper,,,,Derke,Team Vitality,neon,False,,1,0,0,0,7,True,unknown,unknown,,,,Jamppi,Team Vitality,kayo,False,,25,0,0,0,7,True,vandal,rifle,,,,Sayonara,Team Vitality,sova,False,,50,0,2,0,2,False,vandal,rifle,,,,PROFEK,Team Vitality,astra,False,,50,0,0,0,4,False,phantom,rifle,,,
1463.062,2805,ACTIVE_ROUND,9,4,6,,29.029,,s0pp,FUT Esports,chamber,False,,3,0,7,0,7,True,vandal,rifle,,,,xeus,FUT Esports,jett,True,5,25,0,1,1,6,False,vandal,rifle,,0.8789,0.2944,sociablEE,FUT Esports,fade,False,,25,0,0,0,7,False,unknown,unknown,,,,yetujey,FUT Esports,astra,False,,25,0,0,0,1,False,sheriff,sidearm,,,,KROSTALY,FUT Esports,kayo,False,,,1,1,0,5,False,sheriff,sidearm,,,,Chronicle,Team Vitality,chamber,False,,50,1,8,1,5,False,outlaw,sniper,,,,Derke,Team Vitality,neon,False,,1,0,0,0,7,True,unknown,unknown,,,,Jamppi,Team Vitality,kayo,False,,25,0,0,0,7,True,vandal,rifle,,,,Sayonara,Team Vitality,sova,False,,50,0,2,0,2,False,vandal,rifle,,,,PROFEK,Team Vitality,astra,False,,50,0,0,0,4,False,phantom,rifle,,,
1463.545,2806,ACTIVE_ROUND,9,4,6,,29.513,,s0pp,FUT Esports,chamber,False,,3,0,7,0,7,True,vandal,rifle,,,,xeus,FUT Esports,jett,True,5,25,0,1,1,6,False,vandal,rifle,,0.8789,0.2944,sociablEE,FUT Esports,fade,False,,25,0,0,0,7,False,unknown,unknown,,,,yetujey,FUT Esports,astra,False,,25,0,0,0,1,False,sheriff,sidearm,,,,KROSTALY,FUT Esports,kayo,False,,,1,1,0,5,False,sheriff,sidearm,,,,Chronicle,Team Vitality,chamber,False,,50,1,8,1,5,False,outlaw,sniper,,,,Derke,Team Vitality,neon,False,,1,0,0,0,7,True,unknown,unknown,,,,Jamppi,Team Vitality,kayo,False,,25,0,0,0,7,True,vandal,rifle,,,,Sayonara,Team Vitality,sova,False,,50,0,2,0,2,False,vandal,rifle,,,,PROFEK,Team Vitality,astra,False,,50,0,0,0,4,False,phantom,rifle,,,
1464.513,2808,POST_ROUND,9,5,6,,,0.000,s0pp,FUT Esports,chamber,False,,3,0,7,0,7,True,vandal,rifle,,,,xeus,FUT Esports,jett,True,5,25,0,1,0,7,False,vandal,rifle,,0.8789,0.2944,sociablEE,FUT Esports,fade,False,,25,0,0,0,7,False,unknown,unknown,,,,yetujey,FUT Esports,astra,False,,25,0,0,0,1,False,sheriff,sidearm,,,,KROSTALY,FUT Esports,kayo,False,,,1,1,0,5,False,sheriff,sidearm,,,,Chronicle,Team Vitality,chamber,False,,50,1,8,1,5,False,outlaw,sniper,,,,Derke,Team Vitality,neon,False,,1,0,0,0,7,True,unknown,unknown,,,,Jamppi,Team Vitality,kayo,False,,25,0,0,0,7,True,vandal,rifle,,,,Sayonara,Team Vitality,sova,False,,50,0,2,0,2,False,vandal,rifle,,,,PROFEK,Team Vitality,astra,False,,50,0,0,0,4,False,phantom,rifle,,,
1464.997,2809,POST_ROUND,9,5,6,,,0.484,s0pp,FUT Esports,chamber,False,,3,0,7,0,7,True,vandal,rifle,,,,xeus,FUT Esports,jett,True,5,25,0,1,0,7,False,vandal,rifle,,0.8789,0.2944,sociablEE,FUT Esports,fade,False,,25,0,0,0,7,False,unknown,unknown,,,,yetujey,FUT Esports,astra,False,,25,0,0,0,1,False,sheriff,sidearm,,,,KROSTALY,FUT Esports,kayo,False,,,1,1,0,5,False,sheriff,sidearm,,,,Chronicle,Team Vitality,chamber,False,,50,1,8,1,5,False,outlaw,sniper,,,,Derke,Team Vitality,neon,False,,1,0,0,0,7,True,unknown,unknown,,,,Jamppi,Team Vitality,kayo,False,,25,0,0,0,7,True,vandal,rifle,,,,Sayonara,Team Vitality,sova,False,,50,0,2,0,2,False,vandal,rifle,,,,PROFEK,Team Vitality,astra,False,,50,0,0,0,4,False,phantom,rifle,,,
1465.481,2810,POST_ROUND,9,5,6,,,0.968,s0pp,FUT Esports,chamber,False,,3,0,7,0,7,True,vandal,rifle,,,,xeus,FUT Esports,jett,True,5,25,0,1,0,7,False,vandal,rifle,,0.8789,0.2944,sociablEE,FUT Esports,fade,False,,25,0,0,0,7,False,unknown,unknown,,,,yetujey,FUT Esports,astra,False,,25,0,0,0,1,False,sheriff,sidearm,,,,KROSTALY,FUT Esports,kayo,False,,,1,1,0,5,False,sheriff,sidearm,,,,Chronicle,Team Vitality,chamber,False,,50,1,8,1,5,False,outlaw,sniper,,,,Derke,Team Vitality,neon,False,,1,0,0,0,7,True,unknown,unknown,,,,Jamppi,Team Vitality,kayo,False,,25,0,0,0,7,True,vandal,rifle,,,,Sayonara,Team Vitality,sova,False,,50,0,2,0,2,False,vandal,rifle,,,,PROFEK,Team Vitality,astra,False,,50,0,0,0,4,False,phantom,rifle,,,
1465.965,2811,POST_ROUND,9,5,6,,,1.451,s0pp,FUT Esports,chamber,False,,3,0,7,0,7,True,vandal,rifle,,,,xeus,FUT Esports,jett,True,5,25,0,1,0,7,False,vandal,rifle,,0.8789,0.2944,sociablEE,FUT Esports,fade,False,,25,0,0,0,7,False,unknown,unknown,,,,yetujey,FUT Esports,astra,False,,25,0,0,0,1,False,sheriff,sidearm,,,,KROSTALY,FUT Esports,kayo,False,,,1,1,0,5,False,sheriff,sidearm,,,,Chronicle,Team Vitality,chamber,False,,50,1,8,1,5,False,outlaw,sniper,,,,Derke,Team Vitality,neon,False,,1,0,0,0,7,True,unknown,unknown,,,,Jamppi,Team Vitality,kayo,False,,25,0,0,0,7,True,vandal,rifle,,,,Sayonara,Team Vitality,sova,False,,50,0,2,0,2,False,vandal,rifle,,,,PROFEK,Team Vitality,astra,False,,50,0,0,0,4,False,phantom,rifle,,,
1466.448,2812,POST_ROUND,9,5,6,,,1.935,s0pp,FUT Esports,chamber,False,,3,0,7,0,7,True,vandal,rifle,,,,xeus,FUT Esports,jett,True,5,25,0,1,0,7,False,vandal,rifle,,0.8789,0.2944,sociablEE,FUT Esports,fade,False,,25,0,0,0,7,False,unknown,unknown,,,,yetujey,FUT Esports,astra,False,,25,0,0,0,1,False,sheriff,sidearm,,,,KROSTALY,FUT Esports,kayo,False,,,1,1,0,5,False,sheriff,sidearm,,,,Chronicle,Team Vitality,chamber,False,,50,1,8,1,5,False,outlaw,sniper,,,,Derke,Team Vitality,neon,False,,1,0,0,0,7,True,unknown,unknown,,,,Jamppi,Team Vitality,kayo,False,,25,0,0,0,7,True,vandal,rifle,,,,Sayonara,Team Vitality,sova,False,,50,0,2,0,2,False,vandal,rifle,,,,PROFEK,Team Vitality,astra,False,,50,0,0,0,4,False,phantom,rifle,,,
1466.932,2813,POST_ROUND,9,5,6,,,2.419,s0pp,FUT Esports,chamber,False,,3,0,7,0,7,True,vandal,rifle,,,,xeus,FUT Esports,jett,True,5,25,0,1,0,7,False,vandal,rifle,,0.8789,0.2944,sociablEE,FUT Esports,fade,False,,25,0,0,0,7,False,unknown,unknown,,,,yetujey,FUT Esports,astra,False,,25,0,0,0,1,False,sheriff,sidearm,,,,KROSTALY,FUT Esports,kayo,False,,,1,1,0,5,False,sheriff,sidearm,,,,Chronicle,Team Vitality,chamber,False,,50,1,8,1,5,False,outlaw,sniper,,,,Derke,Team Vitality,neon,False,,1,0,0,0,7,True,unknown,unknown,,,,Jamppi,Team Vitality,kayo,False,,25,0,0,0,7,True,vandal,rifle,,,,Sayonara,Team Vitality,sova,False,,50,0,2,0,2,False,vandal,rifle,,,,PROFEK,Team Vitality,astra,False,,50,0,0,0,4,False,phantom,rifle,,,
1467.416,2814,POST_ROUND,9,5,6,,,2.903,s0pp,FUT Esports,chamber,False,,3,0,7,0,7,True,vandal,rifle,,,,xeus,FUT Esports,jett,True,5,25,0,1,0,7,False,vandal,rifle,,0.8789,0.2944,sociablEE,FUT Esports,fade,False,,25,0,0,0,7,False,unknown,unknown,,,,yetujey,FUT Esports,astra,False,,25,0,0,0,1,False,sheriff,sidearm,,,,KROSTALY,FUT Esports,kayo,False,,,1,1,0,5,False,sheriff,sidearm,,,,Chronicle,Team Vitality,chamber,False,,50,1,8,1,5,False,outlaw,sniper,,,,Derke,Team Vitality,neon,False,,1,0,0,0,7,True,unknown,unknown,,,,Jamppi,Team Vitality,kayo,False,,25,0,0,0,7,True,vandal,rifle,,,,Sayonara,Team Vitality,sova,False,,50,0,2,0,2,False,vandal,rifle,,,,PROFEK,Team Vitality,astra,False,,50,0,0,0,4,False,phantom,rifle,,,
1467.900,2815,POST_ROUND,9,5,6,,,3.387,s0pp,FUT Esports,chamber,False,,3,0,7,0,7,True,vandal,rifle,,,,xeus,FUT Esports,jett,True,5,25,0,1,0,7,False,vandal,rifle,,0.8789,0.2944,sociablEE,FUT Esports,fade,False,,25,0,0,0,7,False,unknown,unknown,,,,yetujey,FUT Esports,astra,False,,25,0,0,0,1,False,sheriff,sidearm,,,,KROSTALY,FUT Esports,kayo,False,,,1,1,0,5,False,sheriff,sidearm,,,,Chronicle,Team Vitality,chamber,False,,50,1,8,1,5,False,outlaw,sniper,,,,Derke,Team Vitality,neon,False,,1,0,0,0,7,True,unknown,unknown,,,,Jamppi,Team Vitality,kayo,False,,25,0,0,0,7,True,vandal,rifle,,,,Sayonara,Team Vitality,sova,False,,50,0,2,0,2,False,vandal,rifle,,,,PROFEK,Team Vitality,astra,False,,50,0,0,0,4,False,phantom,rifle,,,
1468.384,2816,POST_ROUND,9,5,6,,,3.871,s0pp,FUT Esports,chamber,False,,3,0,7,0,7,True,vandal,rifle,,,,xeus,FUT Esports,jett,True,5,25,0,1,0,7,False,vandal,rifle,,0.8789,0.2944,sociablEE,FUT Esports,fade,False,,25,0,0,0,7,False,unknown,unknown,,,,yetujey,FUT Esports,astra,False,,25,0,0,0,1,False,sheriff,sidearm,,,,KROSTALY,FUT Esports,kayo,False,,,1,1,0,5,False,sheriff,sidearm,,,,Chronicle,Team Vitality,chamber,False,,50,1,8,1,5,False,outlaw,sniper,,,,Derke,Team Vitality,neon,False,,1,0,0,0,7,True,unknown,unknown,,,,Jamppi,Team Vitality,kayo,False,,25,0,0,0,7,True,vandal,rifle,,,,Sayonara,Team Vitality,sova,False,,50,0,2,0,2,False,vandal,rifle,,,,PROFEK,Team Vitality,astra,False,,50,0,0,0,4,False,phantom,rifle,,,
1468.867,2817,POST_ROUND,9,5,6,,,4.354,s0pp,FUT Esports,chamber,False,,3,0,7,0,7,True,vandal,rifle,,,,xeus,FUT Esports,jett,True,5,25,0,1,0,7,False,vandal,rifle,,0.8789,0.2944,sociablEE,FUT Esports,fade,False,,25,0,0,0,7,False,unknown,unknown,,,,yetujey,FUT Esports,astra,False,,25,0,0,0,1,False,sheriff,sidearm,,,,KROSTALY,FUT Esports,kayo,False,,,1,1,0,5,False,sheriff,sidearm,,,,Chronicle,Team Vitality,chamber,False,,50,1,8,1,5,False,outlaw,sniper,,,,Derke,Team Vitality,neon,False,,1,0,0,0,7,True,unknown,unknown,,,,Jamppi,Team Vitality,kayo,False,,25,0,0,0,7,True,vandal,rifle,,,,Sayonara,Team Vitality,sova,False,,50,0,2,0,2,False,vandal,rifle,,,,PROFEK,Team Vitality,astra,False,,50,0,0,0,4,False,phantom,rifle,,,
1469.351,2818,POST_ROUND,9,5,6,,,4.838,s0pp,FUT Esports,chamber,False,,3,0,7,0,7,True,vandal,rifle,,,,xeus,FUT Esports,jett,True,5,25,0,1,0,7,False,vandal,rifle,,0.8789,0.2944,sociablEE,FUT Esports,fade,False,,25,0,0,0,7,False,unknown,unknown,,,,yetujey,FUT Esports,astra,False,,25,0,0,0,1,False,sheriff,sidearm,,,,KROSTALY,FUT Esports,kayo,False,,,1,1,0,5,False,sheriff,sidearm,,,,Chronicle,Team Vitality,chamber,False,,50,1,8,1,5,False,outlaw,sniper,,,,Derke,Team Vitality,neon,False,,1,0,0,0,7,True,unknown,unknown,,,,Jamppi,Team Vitality,kayo,False,,25,0,0,0,7,True,vandal,rifle,,,,Sayonara,Team Vitality,sova,False,,50,0,2,0,2,False,vandal,rifle,,,,PROFEK,Team Vitality,astra,False,,50,0,0,0,4,False,phantom,rifle,,,
1491.123,2863,PREROUND,10,5,6,,,,s0pp,FUT Esports,chamber,True,,,1,8,1,7,True,,,,,,xeus,FUT Esports,jett,True,,,2,1,1,7,False,,,,,,sociablEE,FUT Esports,fade,True,,,2,1,1,7,True,,,,,,yetujey,FUT Esports,astra,True,,,1,3,1,2,False,,,,,,KROSTALY,FUT Esports,kayo,True,,,1,2,1,6,False,,,,,,Chronicle,Team Vitality,chamber,True,,,1,8,1,6,False,,,,,,Derke,Team Vitality,neon,True,,,1,1,1,0,False,,,,,,Jamppi,Team Vitality,kayo,True,,,1,2,1,7,True,,,,,,Sayonara,Team Vitality,sova,True,,,1,2,1,4,False,,,,,,PROFEK,Team Vitality,astra,True,,,2,2,1,5,False,,,,,
1491.607,2864,PREROUND,10,5,6,,,,s0pp,FUT Esports,chamber,True,,,1,8,1,7,True,,,,,,xeus,FUT Esports,jett,True,,,2,1,1,7,False,,,,,,sociablEE,FUT Esports,fade,True,,,2,1,1,7,True,,,,,,yetujey,FUT Esports,astra,True,,,1,3,1,2,False,,,,,,KROSTALY,FUT Esports,kayo,True,,,1,2,1,6,False,,,,,,Chronicle,Team Vitality,chamber,True,,,1,8,1,6,False,,,,,,Derke,Team Vitality,neon,True,,,1,1,1,0,False,,,,,,Jamppi,Team Vitality,kayo,True,,,1,2,1,7,True,,,,,,Sayonara,Team Vitality,sova,True,,,1,2,1,4,False,,,,,,PROFEK,Team Vitality,astra,True,,,2,2,1,5,False,,,,,
1492.091,2865,PREROUND,10,5,6,,,,s0pp,FUT Esports,chamber,True,,,1,8,1,7,True,,,,,,xeus,FUT Esports,jett,True,,,2,1,1,7,False,,,,,,sociablEE,FUT Esports,fade,True,,,2,1,1,7,True,,,,,,yetujey,FUT Esports,astra,True,,,1,3,1,2,False,,,,,,KROSTALY,FUT Esports,kayo,True,,,1,2,1,6,False,,,,,,Chronicle,Team Vitality,chamber,True,,,1,8,1,6,False,,,,,,Derke,Team Vitality,neon,True,,,1,1,1,0,False,,,,,,Jamppi,Team Vitality,kayo,True,,,1,2,1,7,True,,,,,,Sayonara,Team Vitality,sova,True,,,1,2,1,4,False,,,,,,PROFEK,Team Vitality,astra,True,,,2,2,1,5,False,,,,,
1492.574,2866,PREROUND,10,5,6,,,,s0pp,FUT Esports,chamber,True,,,1,8,1,7,True,,,,,,xeus,FUT Esports,jett,True,,,2,1,1,7,False,,,,,,sociablEE,FUT Esports,fade,True,,,2,1,1,7,True,,,,,,yetujey,FUT Esports,astra,True,,,1,3,1,2,False,,,,,,KROSTALY,FUT Esports,kayo,True,,,1,2,1,6,False,,,,,,Chronicle,Team Vitality,chamber,True,,,1,8,1,6,False,,,,,,Derke,Team Vitality,neon,True,,,1,1,1,0,False,,,,,,Jamppi,Team Vitality,kayo,True,,,1,2,1,7,True,,,,,,Sayonara,Team Vitality,sova,True,,,1,2,1,4,False,,,,,,PROFEK,Team Vitality,astra,True,,,2,2,1,5,False,,,,,
1493.058,2867,PREROUND,10,5,6,,,,s0pp,FUT Esports,chamber,True,,,1,8,1,7,True,,,,,,xeus,FUT Esports,jett,True,,,2,1,1,7,False,,,,,,sociablEE,FUT Esports,fade,True,,,2,1,1,7,True,,,,,,yetujey,FUT Esports,astra,True,,,1,3,1,2,False,,,,,,KROSTALY,FUT Esports,kayo,True,,,1,2,1,6,False,,,,,,Chronicle,Team Vitality,chamber,True,,,1,8,1,6,False,,,,,,Derke,Team Vitality,neon,True,,,1,1,1,0,False,,,,,,Jamppi,Team Vitality,kayo,True,,,1,2,1,7,True,,,,,,Sayonara,Team Vitality,sova,True,,,1,2,1,4,False,,,,,,PROFEK,Team Vitality,astra,True,,,2,2,1,5,False,,,,,
1493.542,2868,PREROUND,10,5,6,,,,s0pp,FUT Esports,chamber,True,,,1,8,1,7,True,,,,,,xeus,FUT Esports,jett,True,,,2,1,1,7,False,,,,,,sociablEE,FUT Esports,fade,True,,,2,1,1,7,True,,,,,,yetujey,FUT Esports,astra,True,,,1,3,1,2,False,,,,,,KROSTALY,FUT Esports,kayo,True,,,1,2,1,6,False,,,,,,Chronicle,Team Vitality,chamber,True,,,1,8,1,6,False,,,,,,Derke,Team Vitality,neon,True,,,1,1,1,0,False,,,,,,Jamppi,Team Vitality,kayo,True,,,1,2,1,7,True,,,,,,Sayonara,Team Vitality,sova,True,,,1,2,1,4,False,,,,,,PROFEK,Team Vitality,astra,True,,,2,2,1,5,False,,,,,
1494.026,2869,PREROUND,10,5,6,,,,s0pp,FUT Esports,chamber,True,,,1,8,1,7,True,,,,,,xeus,FUT Esports,jett,True,,,2,1,1,7,False,,,,,,sociablEE,FUT Esports,fade,True,,,2,1,1,7,True,,,,,,yetujey,FUT Esports,astra,True,,,1,3,1,2,False,,,,,,KROSTALY,FUT Esports,kayo,True,,,1,2,1,6,False,,,,,,Chronicle,Team Vitality,chamber,True,,,1,8,1,6,False,,,,,,Derke,Team Vitality,neon,True,,,1,1,1,0,False,,,,,,Jamppi,Team Vitality,kayo,True,,,1,2,1,7,True,,,,,,Sayonara,Team Vitality,sova,True,,,1,2,1,4,False,,,,,,PROFEK,Team Vitality,astra,True,,,2,2,1,5,False,,,,,
1494.510,2870,PREROUND,10,5,6,,,,s0pp,FUT Esports,chamber,True,,,0,8,1,7,True,,,,,,xeus,FUT Esports,jett,True,,,2,1,1,7,False,,,,,,sociablEE,FUT Esports,fade,True,,,2,1,1,7,True,,,,,,yetujey,FUT Esports,astra,True,,,1,3,1,2,False,,,,,,KROSTALY,FUT Esports,kayo,True,,,1,2,1,6,False,,,,,,Chronicle,Team Vitality,chamber,True,,,0,8,1,6,False,,,,,,Derke,Team Vitality,neon,True,,,1,1,1,0,False,,,,,,Jamppi,Team Vitality,kayo,True,,,1,2,1,7,True,,,,,,Sayonara,Team Vitality,sova,True,,,1,2,1,4,False,,,,,,PROFEK,Team Vitality,astra,True,,,2,2,1,5,False,,,,,
1494.994,2871,PREROUND,10,5,6,,,,s0pp,FUT Esports,chamber,True,,,0,8,1,7,True,,,,,,xeus,FUT Esports,jett,True,,,2,1,1,7,False,,,,,,sociablEE,FUT Esports,fade,True,,,2,1,1,7,True,,,,,,yetujey,FUT Esports,astra,True,,,1,3,1,2,False,,,,,,KROSTALY,FUT Esports,kayo,True,,,1,2,1,6,False,,,,,,Chronicle,Team Vitality,chamber,True,,,0,8,1,6,False,,,,,,Derke,Team Vitality,neon,True,,,1,1,1,0,False,,,,,,Jamppi,Team Vitality,kayo,True,,,1,2,1,7,True,,,,,,Sayonara,Team Vitality,sova,True,,,1,2,1,4,False,,,,,,PROFEK,Team Vitality,astra,True,,,2,2,1,5,False,,,,,
1495.477,2872,PREROUND,10,5,6,,,,s0pp,FUT Esports,chamber,True,,,0,8,1,7,True,,,,,,xeus,FUT Esports,jett,True,,,2,1,1,7,False,,,,,,sociablEE,FUT Esports,fade,True,,,2,1,1,7,True,,,,,,yetujey,FUT Esports,astra,True,,,1,3,1,2,False,,,,,,KROSTALY,FUT Esports,kayo,True,,,1,2,1,6,False,,,,,,Chronicle,Team Vitality,chamber,True,,,0,8,1,6,False,,,,,,Derke,Team Vitality,neon,True,,,1,1,1,0,False,,,,,,Jamppi,Team Vitality,kayo,True,,,1,2,1,7,True,,,,,,Sayonara,Team Vitality,sova,True,,,1,2,1,4,False,,,,,,PROFEK,Team Vitality,astra,True,,,2,2,1,5,False,,,,,
1495.961,2873,PREROUND,10,5,6,,,,s0pp,FUT Esports,chamber,True,,,0,8,1,7,True,,,,,,xeus,FUT Esports,jett,True,,,2,1,1,7,False,,,,,,sociablEE,FUT Esports,fade,True,,,2,1,1,7,True,,,,,,yetujey,FUT Esports,astra,True,,,1,3,1,2,False,,,,,,KROSTALY,FUT Esports,kayo,True,,,1,2,1,6,False,,,,,,Chronicle,Team Vitality,chamber,True,,,0,8,1,6,False,,,,,,Derke,Team Vitality,neon,True,,,1,1,1,0,False,,,,,,Jamppi,Team Vitality,kayo,True,,,1,2,1,7,True,,,,,,Sayonara,Team Vitality,sova,True,,,1,2,1,4,False,,,,,,PROFEK,Team Vitality,astra,True,,,2,2,1,5,False,,,,,
1496.445,2874,PREROUND,10,5,6,,,,s0pp,FUT Esports,chamber,True,,,0,8,1,7,True,,,,,,xeus,FUT Esports,jett,True,,,2,1,1,7,False,,,,,,sociablEE,FUT Esports,fade,True,,,2,1,1,7,True,,,,,,yetujey,FUT Esports,astra,True,,,1,3,1,2,False,,,,,,KROSTALY,FUT Esports,kayo,True,,,1,2,1,6,False,,,,,,Chronicle,Team Vitality,chamber,True,,,0,8,1,6,False,,,,,,Derke,Team Vitality,neon,True,,,1,1,1,0,False,,,,,,Jamppi,Team Vitality,kayo,True,,,1,2,1,7,True,,,,,,Sayonara,Team Vitality,sova,True,,,1,2,1,4,False,,,,,,PROFEK,Team Vitality,astra,True,,,2,2,1,5,False,,,,,
1496.929,2875,PREROUND,10,5,6,,,,s0pp,FUT Esports,chamber,True,,,0,8,1,7,True,,,,,,xeus,FUT Esports,jett,True,,,2,1,1,7,False,,,,,,sociablEE,FUT Esports,fade,True,,,2,1,1,7,True,,,,,,yetujey,FUT Esports,astra,True,,,1,3,1,2,False,,,,,,KROSTALY,FUT Esports,kayo,True,,,1,2,1,6,False,,,,,,Chronicle,Team Vitality,chamber,True,,,0,8,1,6,False,,,,,,Derke,Team Vitality,neon,True,,,1,1,1,0,False,,,,,,Jamppi,Team Vitality,kayo,True,,,1,2,1,7,True,,,,,,Sayonara,Team Vitality,sova,True,,,1,2,1,4,False,,,,,,PROFEK,Team Vitality,astra,True,,,2,2,1,5,False,,,,,
1497.413,2876,PREROUND,10,5,6,,,,s0pp,FUT Esports,chamber,True,,,0,8,1,7,True,,,,,,xeus,FUT Esports,jett,True,,,2,1,1,7,False,,,,,,sociablEE,FUT Esports,fade,True,,,2,1,1,7,True,,,,,,yetujey,FUT Esports,astra,True,,,1,3,1,2,False,,,,,,KROSTALY,FUT Esports,kayo,True,,,1,2,1,6,False,,,,,,Chronicle,Team Vitality,chamber,True,,,0,8,1,6,False,,,,,,Derke,Team Vitality,neon,True,,,1,1,1,0,False,,,,,,Jamppi,Team Vitality,kayo,True,,,1,2,1,7,True,,,,,,Sayonara,Team Vitality,sova,True,,,1,2,1,4,False,,,,,,PROFEK,Team Vitality,astra,True,,,2,2,1,5,False,,,,,
1497.896,2877,PREROUND,10,5,6,,,,s0pp,FUT Esports,chamber,True,,,0,8,1,7,True,,,,,,xeus,FUT Esports,jett,True,,,2,1,1,7,False,,,,,,sociablEE,FUT Esports,fade,True,,,2,1,1,7,True,,,,,,yetujey,FUT Esports,astra,True,,,1,3,1,2,False,,,,,,KROSTALY,FUT Esports,kayo,True,,,1,2,1,6,False,,,,,,Chronicle,Team Vitality,chamber,True,,,0,8,1,6,False,,,,,,Derke,Team Vitality,neon,True,,,1,1,1,0,False,,,,,,Jamppi,Team Vitality,kayo,True,,,1,2,1,7,True,,,,,,Sayonara,Team Vitality,sova,True,,,1,2,1,4,False,,,,,,PROFEK,Team Vitality,astra,True,,,2,2,1,5,False,,,,,
1498.380,2878,PREROUND,10,5,6,,,,s0pp,FUT Esports,chamber,True,,,0,8,1,7,True,,,,,,xeus,FUT Esports,jett,True,,,2,1,1,7,False,,,,,,sociablEE,FUT Esports,fade,True,,,2,1,1,7,True,,,,,,yetujey,FUT Esports,astra,True,,,1,3,1,2,False,,,,,,KROSTALY,FUT Esports,kayo,True,,,1,2,1,6,False,,,,,,Chronicle,Team Vitality,chamber,True,,,0,8,1,6,False,,,,,,Derke,Team Vitality,neon,True,,,1,1,1,0,False,,,,,,Jamppi,Team Vitality,kayo,True,,,1,2,1,7,True,,,,,,Sayonara,Team Vitality,sova,True,,,1,2,1,4,False,,,,,,PROFEK,Team Vitality,astra,True,,,2,2,1,5,False,,,,,
1498.864,2879,PREROUND,10,5,6,,,,s0pp,FUT Esports,chamber,True,,,0,8,1,7,True,,,,,,xeus,FUT Esports,jett,True,,,2,1,1,7,False,,,,,,sociablEE,FUT Esports,fade,True,,,2,1,1,7,True,,,,,,yetujey,FUT Esports,astra,True,,,1,3,1,2,False,,,,,,KROSTALY,FUT Esports,kayo,True,,,1,2,1,6,False,,,,,,Chronicle,Team Vitality,chamber,True,,,0,8,1,6,False,,,,,,Derke,Team Vitality,neon,True,,,1,1,1,0,False,,,,,,Jamppi,Team Vitality,kayo,True,,,1,2,1,7,True,,,,,,Sayonara,Team Vitality,sova,True,,,1,2,1,4,False,,,,,,PROFEK,Team Vitality,astra,True,,,2,2,1,5,False,,,,,
1499.348,2880,PREROUND,10,5,6,,,,s0pp,FUT Esports,chamber,True,,,0,8,1,7,True,,,,,,xeus,FUT Esports,jett,True,,,2,1,1,7,False,,,,,,sociablEE,FUT Esports,fade,True,,,2,1,1,7,True,,,,,,yetujey,FUT Esports,astra,True,,,1,3,1,2,False,,,,,,KROSTALY,FUT Esports,kayo,True,,,1,2,1,6,False,,,,,,Chronicle,Team Vitality,chamber,True,,,0,8,1,6,False,,,,,,Derke,Team Vitality,neon,True,,,1,1,1,0,False,,,,,,Jamppi,Team Vitality,kayo,True,,,1,2,1,7,True,,,,,,Sayonara,Team Vitality,sova,True,,,1,2,1,4,False,,,,,,PROFEK,Team Vitality,astra,True,,,2,2,1,5,False,,,,,
1499.832,2881,PREROUND,10,5,6,,,,s0pp,FUT Esports,chamber,True,,,0,8,1,7,True,,,,,,xeus,FUT Esports,jett,True,,,2,1,1,7,False,,,,,,sociablEE,FUT Esports,fade,True,,,2,1,1,7,True,,,,,,yetujey,FUT Esports,astra,True,,,1,3,1,2,False,,,,,,KROSTALY,FUT Esports,kayo,True,,,1,2,1,6,False,,,,,,Chronicle,Team Vitality,chamber,True,,,0,8,1,6,False,,,,,,Derke,Team Vitality,neon,True,,,1,1,1,0,False,,,,,,Jamppi,Team Vitality,kayo,True,,,1,2,1,7,True,,,,,,Sayonara,Team Vitality,sova,True,,,1,2,1,4,False,,,,,,PROFEK,Team Vitality,astra,True,,,2,2,1,5,False,,,,,
1500.315,2882,PREROUND,10,5,6,,,,s0pp,FUT Esports,chamber,True,,,0,8,1,7,True,,,,,,xeus,FUT Esports,jett,True,,,2,1,1,7,False,,,,,,sociablEE,FUT Esports,fade,True,,,2,1,1,7,True,,,,,,yetujey,FUT Esports,astra,True,,,1,3,1,2,False,,,,,,KROSTALY,FUT Esports,kayo,True,,,1,2,1,6,False,,,,,,Chronicle,Team Vitality,chamber,True,,,0,8,1,6,False,,,,,,Derke,Team Vitality,neon,True,,,1,1,1,0,False,,,,,,Jamppi,Team Vitality,kayo,True,,,1,2,1,7,True,,,,,,Sayonara,Team Vitality,sova,True,,,1,2,1,4,False,,,,,,PROFEK,Team Vitality,astra,True,,,2,2,1,5,False,,,,,
1500.799,2883,PREROUND,10,5,6,,,,s0pp,FUT Esports,chamber,True,,,0,8,1,7,True,,,,,,xeus,FUT Esports,jett,True,,,2,1,1,7,False,,,,,,sociablEE,FUT Esports,fade,True,,,2,1,1,7,True,,,,,,yetujey,FUT Esports,astra,True,,,1,3,1,2,False,,,,,,KROSTALY,FUT Esports,kayo,True,,,2,3,1,3,False,,,,,,Chronicle,Team Vitality,chamber,True,,,0,8,1,6,False,,,,,,Derke,Team Vitality,neon,True,,,1,1,1,0,False,,,,,,Jamppi,Team Vitality,kayo,True,,,2,3,2,7,True,,,,,,Sayonara,Team Vitality,sova,True,,,1,2,1,4,False,,,,,,PROFEK,Team Vitality,astra,True,,,2,2,1,5,False,,,,,
1501.283,2884,ACTIVE_ROUND,10,5,6,99.000,,,s0pp,FUT Esports,chamber,True,100,50,0,8,1,7,True,vandal,rifle,,0.7867,0.3667,xeus,FUT Esports,jett,True,100,50,2,1,1,7,False,vandal,rifle,,0.8100,0.3700,sociablEE,FUT Esports,fade,True,100,25,2,1,1,7,True,phantom,rifle,,0.7011,0.5022,yetujey,FUT Esports,astra,True,100,50,1,1,0,2,False,phantom,rifle,,,,KROSTALY,FUT Esports,kayo,True,100,50,1,2,1,6,False,vandal,rifle,,0.2189,0.4256,Chronicle,Team Vitality,chamber,True,100,50,0,8,1,6,False,vandal,rifle,,0.2633,0.7622,Derke,Team Vitality,neon,True,100,50,1,1,1,0,False,phantom,rifle,,0.3067,0.7733,Jamppi,Team Vitality,kayo,True,100,50,1,2,1,7,True,stinger,smg,,0.7400,0.6911,Sayonara,Team Vitality,sova,True,100,50,1,2,1,4,False,phantom,rifle,,0.8400,0.4889,PROFEK,Team Vitality,astra,True,100,50,1,1,0,5,False,vandal,rifle,,0.3844,0.7922
1501.767,2885,ACTIVE_ROUND,10,5,6,98.000,,,s0pp,FUT Esports,chamber,True,100,50,0,8,1,7,True,vandal,rifle,,0.7956,0.3600,xeus,FUT Esports,jett,True,100,50,2,1,1,7,False,vandal,rifle,,0.8100,0.3700,sociablEE,FUT Esports,fade,True,100,25,2,1,1,7,True,phantom,rifle,,0.6856,0.5067,yetujey,FUT Esports,astra,True,100,50,1,1,0,2,False,phantom,rifle,,0.2067,0.4322,KROSTALY,FUT Esports,kayo,True,100,50,1,2,1,6,False,vandal,rifle,,0.7856,0.3256,Chronicle,Team Vitality,chamber,True,100,50,0,8,1,6,False,vandal,rifle,,0.1078,0.7156,Derke,Team Vitality,neon,True,100,50,1,1,1,0,False,phantom,rifle,,0.3067,0.7733,Jamppi,Team Vitality,kayo,True,100,50,1,2,1,7,True,stinger,smg,,0.7378,0.6911,Sayonara,Team Vitality,sova,True,100,50,1,2,1,4,False,phantom,rifle,,0.8400,0.4889,PROFEK,Team Vitality,astra,True,100,50,1,1,0,5,False,vandal,rifle,,0.3844,0.7922
1502.251,2886,ACTIVE_ROUND,10,5,6,98.000,,,s0pp,FUT Esports,chamber,True,100,50,0,8,1,7,True,vandal,rifle,,0.7978,0.3667,xeus,FUT Esports,jett,True,100,50,2,1,1,7,False,vandal,rifle,,0.4789,0.4967,sociablEE,FUT Esports,fade,True,100,25,2,1,1,7,True,phantom,rifle,,0.6833,0.4956,yetujey,FUT Esports,astra,True,100,50,1,1,0,2,False,phantom,rifle,,0.1978,0.4389,KROSTALY,FUT Esports,kayo,True,100,50,1,2,1,6,False,vandal,rifle,,0.1722,0.4500,Chronicle,Team Vitality,chamber,True,100,50,0,8,1,6,False,vandal,rifle,,0.7767,0.4178,Derke,Team Vitality,neon,True,100,50,1,1,1,0,False,phantom,rifle,,0.3067,0.7733,Jamppi,Team Vitality,kayo,True,100,50,1,2,1,7,True,stinger,smg,,0.7378,0.6911,Sayonara,Team Vitality,sova,True,100,50,1,2,1,4,False,phantom,rifle,,0.8400,0.4889,PROFEK,Team Vitality,astra,True,100,50,1,1,0,5,False,vandal,rifle,,0.3844,0.7922
1502.735,2887,ACTIVE_ROUND,10,5,6,97.000,,,s0pp,FUT Esports,chamber,True,100,50,0,8,1,7,True,vandal,rifle,,0.7978,0.3800,xeus,FUT Esports,jett,True,100,50,2,1,1,7,False,vandal,rifle,,0.4789,0.4967,sociablEE,FUT Esports,fade,True,100,25,2,1,1,7,True,phantom,rifle,,0.6922,0.4867,yetujey,FUT Esports,astra,True,100,50,1,1,0,2,False,phantom,rifle,,0.1867,0.4433,KROSTALY,FUT Esports,kayo,True,100,50,1,2,1,6,False,vandal,rifle,,0.4278,0.4900,Chronicle,Team Vitality,chamber,True,100,50,0,8,1,6,False,vandal,rifle,,0.2633,0.7822,Derke,Team Vitality,neon,True,100,50,1,1,1,0,False,phantom,rifle,,0.3067,0.7733,Jamppi,Team Vitality,kayo,True,100,50,1,2,1,7,True,stinger,smg,,0.7378,0.6911,Sayonara,Team Vitality,sova,True,100,50,1,2,1,4,False,phantom,rifle,,0.8400,0.4889,PROFEK,Team Vitality,astra,True,100,50,1,1,0,5,False,vandal,rifle,,0.3844,0.7922
1503.218,2888,ACTIVE_ROUND,10,5,6,97.000,,,s0pp,FUT Esports,chamber,True,100,50,0,8,1,7,True,vandal,rifle,,0.7978,0.3800,xeus,FUT Esports,jett,True,100,50,2,1,1,7,False,vandal,rifle,,0.4789,0.4967,sociablEE,FUT Esports,fade,True,100,25,2,1,0,7,True,phantom,rifle,,0.7011,0.4800,yetujey,FUT Esports,astra,True,100,50,1,1,0,2,False,phantom,rifle,,0.1800,0.4433,KROSTALY,FUT Esports,kayo,True,100,50,1,1,1,6,False,vandal,rifle,,0.4322,0.4989,Chronicle,Team Vitality,chamber,True,100,50,0,8,1,6,False,vandal,rifle,,0.7633,0.5044,Derke,Team Vitality,neon,True,100,50,1,1,1,0,False,phantom,rifle,,0.2622,0.7178,Jamppi,Team Vitality,kayo,True,100,50,1,2,0,7,True,stinger,smg,,0.7378,0.7133,Sayonara,Team Vitality,sova,True,100,50,1,2,1,4,False,phantom,rifle,,0.8400,0.4889,PROFEK,Team Vitality,astra,True,100,50,1,1,0,5,False,vandal,rifle,,0.3844,0.7922
1503.702,2889,ACTIVE_ROUND,10,5,6,96.000,,,s0pp,FUT Esports,chamber,True,100,50,0,8,1,7,True,vandal,rifle,,0.7956,0.3733,xeus,FUT Esports,jett,True,100,50,2,1,1,7,False,vandal,rifle,,0.4789,0.4967,sociablEE,FUT Esports,fade,True,100,25,2,1,0,7,True,phantom,rifle,,0.7056,0.4689,yetujey,FUT Esports,astra,True,100,50,1,1,0,2,False,phantom,rifle,,0.1889,0.4500,KROSTALY,FUT Esports,kayo,True,100,50,1,1,1,6,False,vandal,rifle,,0.4389,0.5011,Chronicle,Team Vitality,chamber,True,100,50,0,8,1,6,False,vandal,rifle,,0.9389,0.5578,Derke,Team Vitality,neon,True,100,50,1,1,1,0,False,phantom,rifle,,0.2622,0.7178,Jamppi,Team Vitality,kayo,True,100,50,1,2,0,7,True,stinger,smg,,0.7400,0.7000,Sayonara,Team Vitality,sova,True,100,50,1,2,1,4,False,phantom,rifle,,0.8400,0.4889,PROFEK,Team Vitality,astra,True,100,50,1,1,0,5,False,vandal,rifle,,0.3844,0.7922
1504.186,2890,ACTIVE_ROUND,10,5,6,96.000,,,s0pp,FUT Esports,chamber,True,100,50,0,8,1,7,True,vandal,rifle,,0.8089,0.3822,xeus,FUT Esports,jett,True,100,50,2,1,1,7,False,vandal,rifle,,0.4789,0.4967,sociablEE,FUT Esports,fade,True,100,25,2,1,0,7,True,phantom,rifle,,0.7056,0.4578,yetujey,FUT Esports,astra,True,100,50,1,1,0,2,False,phantom,rifle,,0.1911,0.4589,KROSTALY,FUT Esports,kayo,True,100,50,1,1,1,6,False,vandal,rifle,,0.4456,0.5011,Chronicle,Team Vitality,chamber,True,100,50,0,8,1,6,False,vandal,rifle,,0.1078,0.5778,Derke,Team Vitality,neon,True,100,50,1,1,1,0,False,phantom,rifle,,0.2622,0.7178,Jamppi,Team Vitality,kayo,True,100,50,1,2,0,7,True,stinger,smg,,0.7400,0.6933,Sayonara,Team Vitality,sova,True,100,50,1,2,1,4,False,phantom,rifle,,0.8400,0.4889,PROFEK,Team Vitality,astra,True,100,50,1,1,0,5,False,vandal,rifle,,0.3844,0.7922
1504.670,2891,ACTIVE_ROUND,10,5,6,95.000,,,s0pp,FUT Esports,chamber,True,100,50,0,8,1,7,True,vandal,rifle,,0.8200,0.4044,xeus,FUT Esports,jett,True,100,50,2,1,1,7,False,vandal,rifle,,0.4789,0.4967,sociablEE,FUT Esports,fade,True,100,25,2,1,0,7,True,phantom,rifle,,0.7056,0.4467,yetujey,FUT Esports,astra,True,100,50,1,1,0,2,False,phantom,rifle,,0.1889,0.4611,KROSTALY,FUT Esports,kayo,True,100,50,1,1,1,6,False,vandal,rifle,,0.4589,0.5011,Chronicle,Team Vitality,chamber,True,100,50,0,8,1,6,False,vandal,rifle,,0.5567,0.7178,Derke,Team Vitality,neon,True,100,50,1,1,1,0,False,phantom,rifle,,0.2622,0.7178,Jamppi,Team Vitality,kayo,True,100,50,1,2,0,7,True,stinger,smg,,0.7378,0.6978,Sayonara,Team Vitality,sova,True,100,50,1,2,1,4,False,phantom,rifle,,0.8400,0.4889,PROFEK,Team Vitality,astra,True,100,50,1,1,0,5,False,vandal,rifle,,0.3844,0.7922
1505.154,2892,ACTIVE_ROUND,10,5,6,95.000,,,s0pp,FUT Esports,chamber,True,100,50,0,8,1,7,True,vandal,rifle,,0.8289,0.4244,xeus,FUT Esports,jett,True,100,50,2,1,1,7,False,vandal,rifle,,0.8144,0.4011,sociablEE,FUT Esports,fade,True,100,25,2,1,0,7,True,phantom,rifle,,0.7056,0.4356,yetujey,FUT Esports,astra,True,100,50,1,0,0,2,False,phantom,rifle,,0.1889,0.4611,KROSTALY,FUT Esports,kayo,True,100,50,1,1,1,6,False,vandal,rifle,,0.4633,0.4922,Chronicle,Team Vitality,chamber,True,100,50,0,8,1,6,False,vandal,rifle,,0.2767,0.8089,Derke,Team Vitality,neon,True,100,50,1,1,1,0,False,phantom,rifle,,0.2622,0.7178,Jamppi,Team Vitality,kayo,True,100,50,1,2,0,7,True,stinger,smg,,0.7378,0.6978,Sayonara,Team Vitality,sova,True,100,50,0,2,1,4,False,phantom,rifle,,0.8400,0.4889,PROFEK,Team Vitality,astra,True,100,50,1,1,0,5,False,vandal,rifle,,0.3844,0.7922
1505.637,2893,ACTIVE_ROUND,10,5,6,95.000,,,s0pp,FUT Esports,chamber,True,100,50,0,8,1,7,True,vandal,rifle,,0.8289,0.4244,xeus,FUT Esports,jett,True,100,50,2,1,1,7,False,vandal,rifle,,0.8144,0.4122,sociablEE,FUT Esports,fade,True,100,25,2,1,0,7,True,phantom,rifle,,0.7078,0.4222,yetujey,FUT Esports,astra,True,100,50,1,0,0,2,False,phantom,rifle,,0.1889,0.4611,KROSTALY,FUT Esports,kayo,True,100,50,1,1,1,6,False,vandal,rifle,,0.4522,0.4989,Chronicle,Team Vitality,chamber,True,100,50,0,8,1,6,False,vandal,rifle,,0.2722,0.8089,Derke,Team Vitality,neon,True,100,50,1,1,1,0,False,phantom,rifle,,0.2622,0.7178,Jamppi,Team Vitality,kayo,True,100,50,1,2,0,7,True,stinger,smg,,0.7400,0.7156,Sayonara,Team Vitality,sova,True,100,50,0,2,1,4,False,phantom,rifle,,0.8400,0.4889,PROFEK,Team Vitality,astra,True,100,50,1,1,0,5,False,vandal,rifle,,0.3467,0.7967
1506.121,2894,ACTIVE_ROUND,10,5,6,94.000,,,s0pp,FUT Esports,chamber,True,100,50,0,8,1,7,True,vandal,rifle,,0.8333,0.4600,xeus,FUT Esports,jett,True,100,50,2,1,1,7,False,vandal,rifle,,0.8144,0.4233,sociablEE,FUT Esports,fade,True,100,25,2,1,0,7,True,phantom,rifle,,0.7122,0.4067,yetujey,FUT Esports,astra,True,100,50,1,0,0,2,False,phantom,rifle,,0.1889,0.4611,KROSTALY,FUT Esports,kayo,True,100,50,1,1,1,6,False,vandal,rifle,,0.4389,0.5078,Chronicle,Team Vitality,chamber,True,100,50,0,8,1,6,False,vandal,rifle,,0.1033,0.6711,Derke,Team Vitality,neon,True,100,50,1,1,1,0,False,phantom,rifle,,0.1911,0.7378,Jamppi,Team Vitality,kayo,True,100,50,1,2,0,7,True,stinger,smg,,0.7622,0.7089,Sayonara,Team Vitality,sova,True,100,50,0,2,1,4,False,phantom,rifle,,0.8400,0.4889,PROFEK,Team Vitality,astra,True,100,50,1,1,0,5,False,vandal,rifle,,0.3356,0.7856
1506.605,2895,ACTIVE_ROUND,10,5,6,94.000,,,s0pp,FUT Esports,chamber,True,100,50,0,8,1,7,True,vandal,rifle,,0.8333,0.4711,xeus,FUT Esports,jett,True,100,50,2,1,1,7,False,vandal,rifle,,0.8144,0.4233,sociablEE,FUT Esports,fade,True,100,25,2,1,0,7,True,phantom,rifle,,0.7144,0.3933,yetujey,FUT Esports,astra,True,100,50,1,0,0,2,False,phantom,rifle,,0.1889,0.4611,KROSTALY,FUT Esports,kayo,True,100,50,1,1,1,6,False,vandal,rifle,,0.4233,0.5122,Chronicle,Team Vitality,chamber,True,100,50,0,8,1,6,False,vandal,rifle,,0.2278,0.7200,Derke,Team Vitality,neon,True,100,50,1,1,1,0,False,phantom,rifle,,0.1622,0.7444,Jamppi,Team Vitality,kayo,True,100,50,1,2,0,7,True,stinger,smg,,0.7667,0.6978,Sayonara,Team Vitality,sova,True,100,50,0,2,1,4,False,phantom,rifle,,0.1444,0.4378,PROFEK,Team Vitality,astra,True,100,50,1,1,0,5,False,vandal,rifle,,0.3422,0.7944
1507.089,2896,ACTIVE_ROUND,10,5,6,93.000,,,s0pp,FUT Esports,chamber,True,100,50,0,8,1,7,True,vandal,rifle,,0.8356,0.4822,xeus,FUT Esports,jett,True,100,50,2,1,1,7,False,vandal,rifle,,0.8144,0.4233,sociablEE,FUT Esports,fade,True,100,25,2,1,0,7,True,phantom,rifle,,0.7233,0.3867,yetujey,FUT Esports,astra,True,100,50,1,1,0,2,False,phantom,rifle,,0.2089,0.4522,KROSTALY,FUT Esports,kayo,True,100,50,1,1,1,6,False,vandal,rifle,,0.4011,0.5100,Chronicle,Team Vitality,chamber,True,100,50,0,8,1,6,False,vandal,rifle,,0.2767,0.8133,Derke,Team Vitality,neon,True,100,50,1,1,1,0,False,phantom,rifle,,0.1622,0.7444,Jamppi,Team Vitality,kayo,True,100,50,1,2,0,7,True,stinger,smg,,0.7711,0.6867,Sayonara,Team Vitality,sova,True,100,50,0,2,1,4,False,phantom,rifle,,0.1444,0.4378,PROFEK,Team Vitality,astra,True,100,50,2,1,0,5,False,vandal,rifle,,0.3422,0.7944
1507.573,2897,ACTIVE_ROUND,10,5,6,93.000,,,s0pp,FUT Esports,chamber,True,100,50,0,8,1,7,True,vandal,rifle,,0.8400,0.4889,xeus,FUT Esports,jett,True,100,50,2,1,1,7,False,vandal,rifle,,0.2500,0.4433,sociablEE,FUT Esports,fade,True,100,25,2,1,0,7,True,phantom,rifle,,0.7389,0.3822,yetujey,FUT Esports,astra,True,100,50,1,1,0,2,False,phantom,rifle,,0.2200,0.4300,KROSTALY,FUT Esports,kayo,True,100,50,1,1,1,6,False,vandal,rifle,,0.3789,0.5144,Chronicle,Team Vitality,chamber,True,100,50,0,8,1,6,False,vandal,rifle,,0.6811,0.3956,Derke,Team Vitality,neon,True,100,50,1,1,1,0,False,phantom,rifle,,0.1622,0.7444,Jamppi,Team Vitality,kayo,True,100,50,1,2,0,7,True,stinger,smg,,0.7756,0.6733,Sayonara,Team Vitality,sova,True,100,50,0,2,1,4,False,phantom,rifle,,0.1444,0.4378,PROFEK,Team Vitality,astra,True,100,50,2,1,0,5,False,vandal,rifle,,0.3422,0.7944
1508.057,2898,ACTIVE_ROUND,10,5,6,92.000,,,s0pp,FUT Esports,chamber,True,100,50,0,8,1,7,True,vandal,rifle,,0.8400,0.4911,xeus,FUT Esports,jett,True,100,50,2,1,1,7,False,vandal,rifle,,0.2633,0.4256,sociablEE,FUT Esports,fade,True,100,25,2,1,0,7,True,phantom,rifle,,0.7389,0.3822,yetujey,FUT Esports,astra,True,100,50,1,1,0,2,False,phantom,rifle,,0.2356,0.4144,KROSTALY,FUT Esports,kayo,True,100,50,1,1,1,6,False,vandal,rifle,,0.7900,0.4100,Chronicle,Team Vitality,chamber,True,100,50,0,8,1,6,False,vandal,rifle,,0.7633,0.5044,Derke,Team Vitality,neon,True,100,50,1,1,1,0,False,phantom,rifle,,0.1622,0.7444,Jamppi,Team Vitality,kayo,True,100,50,1,2,0,7,True,stinger,smg,,0.7800,0.6600,Sayonara,Team Vitality,sova,True,100,50,0,2,1,4,False,phantom,rifle,,0.1444,0.4378,PROFEK,Team Vitality,astra,True,100,50,2,1,0,5,False,vandal,rifle,,0.3422,0.7944
1508.540,2899,ACTIVE_ROUND,10,5,6,92.000,,,s0pp,FUT Esports,chamber,True,100,50,0,8,1,7,True,vandal,rifle,,0.8422,0.4911,xeus,FUT Esports,jett,True,100,50,2,1,1,7,False,vandal,rifle,,0.2833,0.4167,sociablEE,FUT Esports,fade,True,100,25,2,1,0,7,True,phantom,rifle,,0.7633,0.3689,yetujey,FUT Esports,astra,True,100,50,1,1,0,2,False,phantom,rifle,,0.2578,0.4033,KROSTALY,FUT Esports,kayo,True,100,50,1,1,1,6,False,vandal,rifle,,0.3322,0.5167,Chronicle,Team Vitality,chamber,True,100,50,0,8,1,6,False,vandal,rifle,,0.7167,0.3733,Derke,Team Vitality,neon,True,100,50,1,1,1,0,False,phantom,rifle,,0.1622,0.7444,Jamppi,Team Vitality,kayo,True,100,50,1,2,0,7,True,stinger,smg,,0.7867,0.6467,Sayonara,Team Vitality,sova,True,100,50,0,2,1,4,False,phantom,rifle,,0.1444,0.4378,PROFEK,Team Vitality,astra,True,100,50,2,1,0,5,False,vandal,rifle,,0.3422,0.7944
1509.024,2900,ACTIVE_ROUND,10,5,6,91.000,,,s0pp,FUT Esports,chamber,True,100,50,0,8,1,7,True,vandal,rifle,,0.8444,0.4867,xeus,FUT Esports,jett,True,100,50,2,1,1,7,False,vandal,rifle,,0.2833,0.4167,sociablEE,FUT Esports,fade,True,100,25,2,1,0,7,True,phantom,rifle,,0.7767,0.3622,yetujey,FUT Esports,astra,True,100,50,1,0,0,2,False,phantom,rifle,,0.2689,0.3833,KROSTALY,FUT Esports,kayo,True,100,50,1,1,1,6,False,vandal,rifle,,0.3078,0.5167,Chronicle,Team Vitality,chamber,True,100,50,0,8,1,6,False,vandal,rifle,,0.2144,0.3956,Derke,Team Vitality,neon,True,100,50,1,1,1,0,False,phantom,rifle,,0.1622,0.7444,Jamppi,Team Vitality,kayo,True,100,50,1,2,0,7,True,stinger,smg,,0.7867,0.6467,Sayonara,Team Vitality,sova,True,100,50,0,2,1,4,False,phantom,rifle,,0.1444,0.4378,PROFEK,Team Vitality,astra,True,100,50,1,1,0,5,False,vandal,rifle,,0.3422,0.7944
1509.508,2901,ACTIVE_ROUND,10,5,6,91.000,,,s0pp,FUT Esports,chamber,True,100,50,0,8,1,7,True,vandal,rifle,,0.8444,0.4867,xeus,FUT Esports,jett,True,100,50,2,1,1,7,False,vandal,rifle,,0.8233,0.3678,sociablEE,FUT Esports,fade,True,100,25,2,1,0,7,True,phantom,rifle,,0.7944,0.3489,yetujey,FUT Esports,astra,True,100,50,1,0,0,2,False,phantom,rifle,,0.2689,0.3833,KROSTALY,FUT Esports,kayo,True,100,50,1,1,1,6,False,vandal,rifle,,0.3011,0.5033,Chronicle,Team Vitality,chamber,True,100,50,0,8,1,6,False,vandal,rifle,,0.3167,0.7578,Derke,Team Vitality,neon,True,100,50,1,1,1,0,False,phantom,rifle,,0.2689,0.7222,Jamppi,Team Vitality,kayo,True,100,50,1,2,0,7,True,stinger,smg,,0.7933,0.6222,Sayonara,Team Vitality,sova,True,100,50,0,2,1,4,False,phantom,rifle,,0.1778,0.6578,PROFEK,Team Vitality,astra,True,100,50,1,1,0,5,False,vandal,rifle,,0.3422,0.7944
1509.992,2902,ACTIVE_ROUND,10,5,6,90.000,,,s0pp,FUT Esports,chamber,True,100,50,0,8,1,7,True,vandal,rifle,,0.8444,0.4889,xeus,FUT Esports,jett,True,100,50,2,1,1,7,False,vandal,rifle,,0.2856,0.4167,sociablEE,FUT Esports,fade,True,100,25,2,1,0,7,True,phantom,rifle,,0.7944,0.3489,yetujey,FUT Esports,astra,True,100,50,1,0,0,2,False,phantom,rifle,,0.2689,0.3833,KROSTALY,FUT Esports,kayo,True,100,50,1,1,1,6,False,vandal,rifle,,0.2611,0.3967,Chronicle,Team Vitality,chamber,True,100,50,0,8,1,6,False,vandal,rifle,,0.3322,0.7733,Derke,Team Vitality,neon,True,100,50,1,1,1,0,False,phantom,rifle,,0.2889,0.7356,Jamppi,Team Vitality,kayo,True,100,50,1,2,0,7,True,stinger,smg,,0.8000,0.6133,Sayonara,Team Vitality,sova,True,100,50,0,2,1,4,False,phantom,rifle,,0.1089,0.5556,PROFEK,Team Vitality,astra,True,100,50,1,1,0,5,False,vandal,rifle,,0.3422,0.7944
1510.476,2903,ACTIVE_ROUND,10,5,6,90.000,,,s0pp,FUT Esports,chamber,True,100,50,0,8,1,7,True,vandal,rifle,,0.8467,0.4867,xeus,FUT Esports,jett,True,100,50,2,1,1,7,False,vandal,rifle,,0.8189,0.4767,sociablEE,FUT Esports,fade,True,100,25,2,1,0,7,True,phantom,rifle,,0.7944,0.3489,yetujey,FUT Esports,astra,True,100,50,1,0,0,2,False,phantom,rifle,,0.2689,0.3833,KROSTALY,FUT Esports,kayo,True,100,50,1,1,1,6,False,vandal,rifle,,0.2589,0.4144,Chronicle,Team Vitality,chamber,True,100,50,0,8,1,6,False,vandal,rifle,,0.3456,0.7822,Derke,Team Vitality,neon,True,100,50,1,1,1,0,False,phantom,rifle,,0.3000,0.7578,Jamppi,Team Vitality,kayo,True,100,50,1,2,0,7,True,stinger,smg,,0.8089,0.6067,Sayonara,Team Vitality,sova,True,100,50,0,2,1,4,False,phantom,rifle,,0.1089,0.5556,PROFEK,Team Vitality,astra,True,100,50,1,1,0,5,False,vandal,rifle,,0.3889,0.7900
1510.959,2904,ACTIVE_ROUND,10,5,6,89.000,,,s0pp,FUT Esports,chamber,True,100,50,0,8,1,7,True,vandal,rifle,,0.8444,0.4867,xeus,FUT Esports,jett,True,100,50,2,1,1,7,False,vandal,rifle,,0.8167,0.4767,sociablEE,FUT Esports,fade,True,100,25,2,1,0,7,True,phantom,rifle,,0.7944,0.3489,yetujey,FUT Esports,astra,True,100,50,1,0,0,2,False,phantom,rifle,,0.2689,0.3833,KROSTALY,FUT Esports,kayo,True,100,50,1,1,1,6,False,vandal,rifle,,0.2589,0.4300,Chronicle,Team Vitality,chamber,True,100,50,0,8,1,6,False,vandal,rifle,,0.3456,0.7822,Derke,Team Vitality,neon,True,100,50,1,1,1,0,False,phantom,rifle,,0.3222,0.7822,Jamppi,Team Vitality,kayo,True,100,50,1,2,0,7,True,stinger,smg,,0.8156,0.5978,Sayonara,Team Vitality,sova,True,100,50,0,2,1,4,False,phantom,rifle,,0.1778,0.6578,PROFEK,Team Vitality,astra,True,100,50,1,1,0,5,False,vandal,rifle,,0.3889,0.7900
1511.443,2905,ACTIVE_ROUND,10,5,6,89.000,,,s0pp,FUT Esports,chamber,True,100,50,0,8,1,7,True,vandal,rifle,,0.8467,0.4867,xeus,FUT Esports,jett,True,100,50,2,1,1,7,False,vandal,rifle,,0.8167,0.4767,sociablEE,FUT Esports,fade,True,100,25,2,1,0,7,True,phantom,rifle,,0.2522,0.4444,yetujey,FUT Esports,astra,True,100,50,1,0,0,2,False,phantom,rifle,,0.2689,0.3833,KROSTALY,FUT Esports,kayo,True,100,50,1,1,1,6,False,vandal,rifle,,0.7233,0.2300,Chronicle,Team Vitality,chamber,True,100,50,0,8,1,6,False,vandal,rifle,,0.7567,0.6400,Derke,Team Vitality,neon,True,100,50,1,1,1,0,False,phantom,rifle,,0.3489,0.7978,Jamppi,Team Vitality,kayo,True,100,50,1,2,0,7,True,stinger,smg,,0.8244,0.5956,Sayonara,Team Vitality,sova,True,100,50,0,2,1,4,False,phantom,rifle,,0.1778,0.6578,PROFEK,Team Vitality,astra,True,100,50,1,1,0,5,False,vandal,rifle,,0.3889,0.7900
1511.927,2906,ACTIVE_ROUND,10,5,6,88.000,,,s0pp,FUT Esports,chamber,True,100,50,0,8,1,7,True,vandal,rifle,,0.8467,0.4867,xeus,FUT Esports,jett,True,100,50,2,1,1,7,False,vandal,rifle,,0.8167,0.4767,sociablEE,FUT Esports,fade,True,100,25,2,1,0,7,True,phantom,rifle,,0.7522,0.2444,yetujey,FUT Esports,astra,True,100,50,1,0,0,2,False,phantom,rifle,,0.2689,0.3833,KROSTALY,FUT Esports,kayo,True,100,50,1,1,1,6,False,vandal,rifle,,0.7233,0.2322,Chronicle,Team Vitality,chamber,True,100,50,0,8,1,6,False,vandal,rifle,,0.3233,0.8289,Derke,Team Vitality,neon,True,100,50,1,1,1,0,False,phantom,rifle,,0.3800,0.8089,Jamppi,Team Vitality,kayo,True,100,50,1,2,0,7,True,stinger,smg,,0.8311,0.6044,Sayonara,Team Vitality,sova,True,100,50,0,2,1,4,False,phantom,rifle,,0.1778,0.6578,PROFEK,Team Vitality,astra,True,100,50,1,1,0,5,False,vandal,rifle,,0.3889,0.7900
1512.411,2907,ACTIVE_ROUND,10,5,6,88.000,,,s0pp,FUT Esports,chamber,True,100,50,0,8,1,7,True,vandal,rifle,,0.8422,0.4889,xeus,FUT Esports,jett,True,100,50,2,1,1,7,False,vandal,rifle,,0.8167,0.4767,sociablEE,FUT Esports,fade,True,100,25,2,1,0,7,True,phantom,rifle,,0.7522,0.2444,yetujey,FUT Esports,astra,True,100,50,1,0,0,2,False,phantom,rifle,,0.2311,0.4522,KROSTALY,FUT Esports,kayo,True,100,50,1,1,1,6,False,vandal,rifle,,0.2856,0.4811,Chronicle,Team Vitality,chamber,True,100,50,0,8,1,6,False,vandal,rifle,,0.7656,0.4933,Derke,Team Vitality,neon,True,100,50,1,1,1,0,False,phantom,rifle,,0.3800,0.8089,Jamppi,Team Vitality,kayo,True,100,50,1,2,0,7,True,stinger,smg,,0.8311,0.6044,Sayonara,Team Vitality,sova,True,100,50,0,2,1,4,False,phantom,rifle,,0.1778,0.6578,PROFEK,Team Vitality,astra,True,100,50,1,1,0,5,False,vandal,rifle,,0.3889,0.7900
1512.895,2908,ACTIVE_ROUND,10,5,6,87.000,,,s0pp,FUT Esports,chamber,True,100,50,0,8,1,7,True,vandal,rifle,,0.8422,0.4889,xeus,FUT Esports,jett,True,100,50,2,1,1,7,False,vandal,rifle,,0.8167,0.4767,sociablEE,FUT Esports,fade,True,100,25,2,1,0,7,True,phantom,rifle,,0.7522,0.2444,yetujey,FUT Esports,astra,True,100,50,1,1,0,2,False,phantom,rifle,,0.8422,0.5011,KROSTALY,FUT Esports,kayo,True,100,50,1,1,1,6,False,vandal,rifle,,0.2833,0.4922,Chronicle,Team Vitality,chamber,True,100,50,0,8,1,6,False,vandal,rifle,,0.3344,0.8133,Derke,Team Vitality,neon,True,100,50,1,1,1,0,False,phantom,rifle,,0.3800,0.8089,Jamppi,Team Vitality,kayo,True,100,50,1,2,0,7,True,stinger,smg,,0.8378,0.6067,Sayonara,Team Vitality,sova,True,100,50,0,2,1,4,False,phantom,rifle,,0.1778,0.6578,PROFEK,Team Vitality,astra,True,100,50,1,1,0,5,False,vandal,rifle,,0.3889,0.7900
1513.379,2909,ACTIVE_ROUND,10,5,6,87.000,,,s0pp,FUT Esports,chamber,True,100,50,0,8,1,7,True,vandal,rifle,,0.8489,0.4911,xeus,FUT Esports,jett,True,100,50,2,1,1,7,False,vandal,rifle,,0.8144,0.4767,sociablEE,FUT Esports,fade,True,100,25,2,1,0,7,True,phantom,rifle,,0.7522,0.2444,yetujey,FUT Esports,astra,True,100,50,1,1,0,2,False,phantom,rifle,,0.8422,0.5011,KROSTALY,FUT Esports,kayo,True,100,50,1,1,1,6,False,vandal,rifle,,0.7811,0.4811,Chronicle,Team Vitality,chamber,True,100,50,0,8,1,6,False,vandal,rifle,,0.2633,0.7889,Derke,Team Vitality,neon,True,100,50,1,1,1,0,False,phantom,rifle,,0.3800,0.8089,Jamppi,Team Vitality,kayo,True,100,50,1,2,0,7,True,stinger,smg,,0.8356,0.6089,Sayonara,Team Vitality,sova,True,100,50,0,2,1,4,False,phantom,rifle,,0.1778,0.6578,PROFEK,Team Vitality,astra,True,100,50,1,1,0,5,False,vandal,rifle,,0.3889,0.7900
1513.862,2910,ACTIVE_ROUND,10,5,6,86.000,,,s0pp,FUT Esports,chamber,True,100,50,0,8,1,7,True,vandal,rifle,,0.8556,0.4889,xeus,FUT Esports,jett,True,100,50,2,1,1,7,False,vandal,rifle,,0.8122,0.4767,sociablEE,FUT Esports,fade,True,100,25,2,1,0,7,True,phantom,rifle,,0.6767,0.2022,yetujey,FUT Esports,astra,True,100,50,1,1,0,2,False,phantom,rifle,,0.8422,0.5011,KROSTALY,FUT Esports,kayo,True,100,50,1,1,1,6,False,vandal,rifle,,0.2767,0.5100,Chronicle,Team Vitality,chamber,True,100,50,0,8,1,6,False,vandal,rifle,,0.4522,0.8844,Derke,Team Vitality,neon,True,100,50,1,1,1,0,False,phantom,rifle,,0.3800,0.8089,Jamppi,Team Vitality,kayo,True,100,50,1,2,0,7,True,stinger,smg,,0.8356,0.6133,Sayonara,Team Vitality,sova,True,100,50,0,2,1,4,False,phantom,rifle,,0.1778,0.6578,PROFEK,Team Vitality,astra,True,100,50,1,1,0,5,False,vandal,rifle,,0.3889,0.7900
1514.346,2911,ACTIVE_ROUND,10,5,6,86.000,,,s0pp,FUT Esports,chamber,True,100,50,0,8,1,7,True,vandal,rifle,,0.8533,0.4911,xeus,FUT Esports,jett,True,100,50,2,1,1,7,False,vandal,rifle,,0.8100,0.4811,sociablEE,FUT Esports,fade,True,100,25,2,1,0,7,True,phantom,rifle,,0.6567,0.1956,yetujey,FUT Esports,astra,True,100,50,1,1,0,2,False,phantom,rifle,,0.8422,0.5011,KROSTALY,FUT Esports,kayo,True,100,50,1,1,1,6,False,vandal,rifle,,0.2722,0.5078,Chronicle,Team Vitality,chamber,True,100,50,0,8,1,6,False,vandal,rifle,,0.7767,0.4289,Derke,Team Vitality,neon,True,100,50,1,1,1,0,False,phantom,rifle,,0.5200,0.8489,Jamppi,Team Vitality,kayo,True,100,50,1,2,0,7,True,stinger,smg,,0.8400,0.6156,Sayonara,Team Vitality,sova,True,100,50,0,2,1,4,False,phantom,rifle,,0.1778,0.6578,PROFEK,Team Vitality,astra,True,100,50,1,1,0,5,False,vandal,rifle,,0.4978,0.8433
1514.830,2912,ACTIVE_ROUND,10,5,6,85.000,,,s0pp,FUT Esports,chamber,True,100,50,0,8,1,7,True,vandal,rifle,,0.8533,0.4911,xeus,FUT Esports,jett,True,100,50,2,1,1,7,False,vandal,rifle,,0.8056,0.4900,sociablEE,FUT Esports,fade,True,100,25,2,1,0,7,True,phantom,rifle,,0.6344,0.1867,yetujey,FUT Esports,astra,True,100,50,1,0,0,2,False,phantom,rifle,,0.8422,0.5011,KROSTALY,FUT Esports,kayo,True,100,50,1,1,1,6,False,vandal,rifle,,0.2700,0.5078,Chronicle,Team Vitality,chamber,True,100,50,0,8,1,6,False,vandal,rifle,,0.2856,0.7800,Derke,Team Vitality,neon,True,100,50,1,1,1,0,False,phantom,rifle,,0.5489,0.8400,Jamppi,Team Vitality,kayo,True,100,50,1,1,0,7,True,stinger,smg,,0.8400,0.6178,Sayonara,Team Vitality,sova,True,100,50,0,2,1,4,False,phantom,rifle,,0.1778,0.6578,PROFEK,Team Vitality,astra,True,100,50,1,1,0,5,False,vandal,rifle,,0.4978,0.8433
1515.314,2913,ACTIVE_ROUND,10,5,6,85.000,,,s0pp,FUT Esports,chamber,True,100,50,0,8,1,7,True,vandal,rifle,,0.8556,0.4889,xeus,FUT Esports,jett,True,100,50,2,1,1,7,False,vandal,rifle,,0.8100,0.4944,sociablEE,FUT Esports,fade,True,100,25,2,1,0,7,True,phantom,rifle,,0.6100,0.1844,yetujey,FUT Esports,astra,True,100,50,1,0,0,2,False,phantom,rifle,,0.8422,0.5011,KROSTALY,FUT Esports,kayo,True,100,50,1,1,1,6,False,vandal,rifle,,0.2700,0.5078,Chronicle,Team Vitality,chamber,True,100,50,0,8,1,6,False,vandal,rifle,,0.4522,0.8756,Derke,Team Vitality,neon,True,100,50,1,1,1,0,False,phantom,rifle,,0.5822,0.8311,Jamppi,Team Vitality,kayo,True,100,50,1,1,0,7,True,stinger,smg,,0.8422,0.6178,Sayonara,Team Vitality,sova,True,100,50,0,2,1,4,False,phantom,rifle,,0.1778,0.6578,PROFEK,Team Vitality,astra,True,100,50,1,1,0,5,False,vandal,rifle,,0.5444,0.8389
1515.798,2914,ACTIVE_ROUND,10,5,6,84.000,,,s0pp,FUT Esports,chamber,True,100,50,0,8,1,7,True,vandal,rifle,,0.8556,0.4889,xeus,FUT Esports,jett,True,100,50,2,1,1,7,False,vandal,rifle,,0.8122,0.4878,sociablEE,FUT Esports,fade,True,100,25,2,1,0,7,True,phantom,rifle,,0.5878,0.1911,yetujey,FUT Esports,astra,True,100,50,1,0,0,2,False,phantom,rifle,,0.8422,0.5011,KROSTALY,FUT Esports,kayo,True,100,50,1,1,1,6,False,vandal,rifle,,0.2700,0.5078,Chronicle,Team Vitality,chamber,True,100,50,0,8,1,6,False,vandal,rifle,,0.1478,0.4844,Derke,Team Vitality,neon,True,100,50,1,1,1,0,False,phantom,rifle,,0.6111,0.8178,Jamppi,Team Vitality,kayo,True,100,50,1,1,0,7,True,stinger,smg,,0.8444,0.6178,Sayonara,Team Vitality,sova,True,100,50,0,2,1,4,False,phantom,rifle,,0.1778,0.6578,PROFEK,Team Vitality,astra,True,100,50,1,1,0,5,False,vandal,rifle,,0.5667,0.8344
1516.281,2915,ACTIVE_ROUND,10,5,6,84.000,,,s0pp,FUT Esports,chamber,True,100,50,0,8,1,7,True,vandal,rifle,,0.8578,0.4867,xeus,FUT Esports,jett,True,100,50,2,1,1,7,False,vandal,rifle,,0.8122,0.4789,sociablEE,FUT Esports,fade,True,100,25,2,1,0,7,True,phantom,rifle,,0.5678,0.2022,yetujey,FUT Esports,astra,True,100,50,1,0,0,2,False,phantom,rifle,,0.8422,0.5011,KROSTALY,FUT Esports,kayo,True,100,50,1,1,1,6,False,vandal,rifle,,0.2700,0.5078,Chronicle,Team Vitality,chamber,True,100,50,0,8,1,6,False,vandal,rifle,,0.4522,0.8800,Derke,Team Vitality,neon,True,100,50,1,1,1,0,False,phantom,rifle,,0.6311,0.8067,Jamppi,Team Vitality,kayo,True,100,50,1,1,0,7,True,stinger,smg,,0.8444,0.6200,Sayonara,Team Vitality,sova,True,100,50,0,2,1,4,False,phantom,rifle,,0.1778,0.6578,PROFEK,Team Vitality,astra,True,100,50,1,1,0,5,False,vandal,rifle,,0.5889,0.8278
1516.765,2916,ACTIVE_ROUND,10,5,6,83.000,,,s0pp,FUT Esports,chamber,True,100,50,0,8,1,7,True,vandal,rifle,,0.8600,0.4867,xeus,FUT Esports,jett,True,100,50,2,1,0,7,False,vandal,rifle,,0.8144,0.4767,sociablEE,FUT Esports,fade,True,100,25,2,1,0,7,True,phantom,rifle,,0.5522,0.2200,yetujey,FUT Esports,astra,True,100,50,1,1,0,2,False,phantom,rifle,,0.8422,0.5011,KROSTALY,FUT Esports,kayo,True,100,50,1,1,1,6,False,vandal,rifle,,0.2700,0.5078,Chronicle,Team Vitality,chamber,True,100,50,0,8,1,6,False,vandal,rifle,,0.4522,0.8800,Derke,Team Vitality,neon,True,100,50,1,1,1,0,False,phantom,rifle,,0.6511,0.8000,Jamppi,Team Vitality,kayo,True,100,50,1,1,0,7,True,stinger,smg,,0.8444,0.6178,Sayonara,Team Vitality,sova,True,100,50,0,2,1,4,False,phantom,rifle,,0.1778,0.6578,PROFEK,Team Vitality,astra,True,100,50,1,1,0,5,False,vandal,rifle,,0.6111,0.8211
1517.249,2917,ACTIVE_ROUND,10,5,6,83.000,,,s0pp,FUT Esports,chamber,True,100,50,0,8,1,7,True,vandal,rifle,,0.8600,0.4867,xeus,FUT Esports,jett,True,100,50,2,1,0,7,False,vandal,rifle,,0.8144,0.4767,sociablEE,FUT Esports,fade,True,100,25,2,1,0,7,True,phantom,rifle,,0.5344,0.2378,yetujey,FUT Esports,astra,True,100,50,1,1,0,2,False,phantom,rifle,,0.8422,0.5011,KROSTALY,FUT Esports,kayo,True,100,50,1,1,1,6,False,vandal,rifle,,0.2700,0.5078,Chronicle,Team Vitality,chamber,True,100,50,0,8,1,6,False,vandal,rifle,,0.5567,0.7222,Derke,Team Vitality,neon,True,100,50,1,1,1,0,False,phantom,rifle,,0.6511,0.8000,Jamppi,Team Vitality,kayo,True,100,50,1,1,0,7,True,stinger,smg,,0.8444,0.6200,Sayonara,Team Vitality,sova,True,100,50,0,2,1,4,False,phantom,rifle,,0.1778,0.6578,PROFEK,Team Vitality,astra,True,100,50,1,1,0,5,False,vandal,rifle,,0.4978,0.8189
1517.733,2918,ACTIVE_ROUND,10,5,6,82.000,,,s0pp,FUT Esports,chamber,True,100,50,0,8,1,7,True,vandal,rifle,,0.8600,0.4867,xeus,FUT Esports,jett,True,100,50,2,1,0,7,False,vandal,rifle,,0.8211,0.4744,sociablEE,FUT Esports,fade,True,100,25,2,1,0,7,True,phantom,rifle,,0.5167,0.2489,yetujey,FUT Esports,astra,True,100,50,1,1,0,2,False,phantom,rifle,,0.8422,0.5011,KROSTALY,FUT Esports,kayo,True,100,50,1,1,1,6,False,vandal,rifle,,0.2700,0.5078,Chronicle,Team Vitality,chamber,True,100,50,0,8,1,6,False,vandal,rifle,,0.7767,0.6156,Derke,Team Vitality,neon,True,100,50,1,1,1,0,False,phantom,rifle,,0.6511,0.8000,Jamppi,Team Vitality,kayo,True,100,50,1,1,0,7,True,stinger,smg,,0.8444,0.6200,Sayonara,Team Vitality,sova,True,100,50,0,2,1,4,False,phantom,rifle,,0.1778,0.6578,PROFEK,Team Vitality,astra,True,100,50,1,1,0,5,False,vandal,rifle,,0.4978,0.8189
1518.217,2919,ACTIVE_ROUND,10,5,6,82.000,,,s0pp,FUT Esports,chamber,True,100,50,0,8,1,7,True,vandal,rifle,,0.8600,0.4867,xeus,FUT Esports,jett,True,100,50,2,1,0,7,False,vandal,rifle,,0.8211,0.4744,sociablEE,FUT Esports,fade,True,100,25,2,1,0,7,True,phantom,rifle,,0.5011,0.2556,yetujey,FUT Esports,astra,True,100,50,1,1,0,2,False,phantom,rifle,,0.8422,0.5011,KROSTALY,FUT Esports,kayo,True,100,50,1,1,1,6,False,vandal,rifle,,0.2700,0.5078,Chronicle,Team Vitality,chamber,True,100,50,0,8,1,6,False,vandal,rifle,,0.8856,0.2756,Derke,Team Vitality,neon,True,100,50,1,1,1,0,False,phantom,rifle,,0.7000,0.8000,Jamppi,Team Vitality,kayo,True,100,50,1,1,0,7,True,stinger,smg,,0.8444,0.6178,Sayonara,Team Vitality,sova,True,100,50,0,2,1,4,False,phantom,rifle,,0.1778,0.6578,PROFEK,Team Vitality,astra,True,100,50,1,1,0,5,False,vandal,rifle,,0.4978,0.8189
1518.701,2920,ACTIVE_ROUND,10,5,6,81.000,,,s0pp,FUT Esports,chamber,True,100,50,0,8,1,7,True,vandal,rifle,,0.8600,0.4867,xeus,FUT Esports,jett,True,100,50,2,1,0,7,False,vandal,rifle,,0.8189,0.4767,sociablEE,FUT Esports,fade,True,100,25,2,1,0,7,True,phantom,rifle,,0.4767,0.2533,yetujey,FUT Esports,astra,True,100,50,0,0,0,2,False,phantom,rifle,,0.8422,0.5011,KROSTALY,FUT Esports,kayo,True,100,50,1,1,1,6,False,vandal,rifle,,0.2700,0.5078,Chronicle,Team Vitality,chamber,True,100,50,0,8,1,6,False,vandal,rifle,,0.7700,0.4978,Derke,Team Vitality,neon,True,100,50,1,1,1,0,False,phantom,rifle,,0.7200,0.7867,Jamppi,Team Vitality,kayo,True,100,50,1,1,0,7,True,stinger,smg,,0.8444,0.6178,Sayonara,Team Vitality,sova,True,100,50,0,2,1,4,False,phantom,rifle,,0.1778,0.6578,PROFEK,Team Vitality,astra,True,100,50,2,1,0,5,False,vandal,rifle,,0.4978,0.8189
1519.184,2921,ACTIVE_ROUND,10,5,6,81.000,,,s0pp,FUT Esports,chamber,True,100,50,0,8,1,7,True,vandal,rifle,,0.8622,0.4844,xeus,FUT Esports,jett,True,100,50,2,1,0,7,False,vandal,rifle,,0.8144,0.4878,sociablEE,FUT Esports,fade,True,100,25,2,1,0,7,True,phantom,rifle,,0.4544,0.2533,yetujey,FUT Esports,astra,True,100,50,0,0,0,2,False,phantom,rifle,,0.8422,0.5011,KROSTALY,FUT Esports,kayo,True,100,50,1,1,1,6,False,vandal,rifle,,0.2700,0.5078,Chronicle,Team Vitality,chamber,True,100,50,0,8,1,6,False,vandal,rifle,,0.5589,0.8378,Derke,Team Vitality,neon,True,100,50,1,1,1,0,False,phantom,rifle,,0.7311,0.7733,Jamppi,Team Vitality,kayo,True,100,50,1,1,0,7,True,stinger,smg,,0.8444,0.6178,Sayonara,Team Vitality,sova,True,100,50,0,2,1,4,False,phantom,rifle,,0.1778,0.6578,PROFEK,Team Vitality,astra,True,100,50,2,1,0,5,False,vandal,rifle,,0.4978,0.8189
1519.668,2922,ACTIVE_ROUND,10,5,6,80.000,,,s0pp,FUT Esports,chamber,True,100,50,0,8,1,7,True,vandal,rifle,,0.8622,0.4844,xeus,FUT Esports,jett,True,100,50,2,1,0,7,False,vandal,rifle,,0.8122,0.4967,sociablEE,FUT Esports,fade,True,100,25,2,1,0,7,True,phantom,rifle,,0.4322,0.2556,yetujey,FUT Esports,astra,True,100,50,0,0,0,2,False,phantom,rifle,,0.8422,0.5011,KROSTALY,FUT Esports,kayo,True,100,50,1,1,1,6,False,vandal,rifle,,0.2700,0.5078,Chronicle,Team Vitality,chamber,True,100,50,0,8,1,6,False,vandal,rifle,,0.5767,0.8378,Derke,Team Vitality,neon,True,100,50,1,1,1,0,False,phantom,rifle,,0.7400,0.7622,Jamppi,Team Vitality,kayo,True,100,50,1,1,0,7,True,stinger,smg,,0.8444,0.6178,Sayonara,Team Vitality,sova,True,100,50,0,2,1,4,False,phantom,rifle,,0.1778,0.6578,PROFEK,Team Vitality,astra,True,100,50,2,1,0,5,False,vandal,rifle,,0.6844,0.7922
1520.152,2923,ACTIVE_ROUND,10,5,6,80.000,,,s0pp,FUT Esports,chamber,True,100,50,0,8,1,7,True,vandal,rifle,,0.8622,0.4844,xeus,FUT Esports,jett,True,100,50,2,1,0,7,False,vandal,rifle,,0.8122,0.5056,sociablEE,FUT Esports,fade,True,100,25,2,1,0,7,True,phantom,rifle,,0.4100,0.2578,yetujey,FUT Esports,astra,True,100,50,0,0,0,2,False,phantom,rifle,,0.8422,0.5011,KROSTALY,FUT Esports,kayo,True,100,50,1,1,1,6,False,vandal,rifle,,0.2700,0.5078,Chronicle,Team Vitality,chamber,True,100,50,0,8,1,6,False,vandal,rifle,,0.5944,0.8378,Derke,Team Vitality,neon,True,100,50,1,1,1,0,False,phantom,rifle,,0.7444,0.7511,Jamppi,Team Vitality,kayo,True,100,50,1,1,0,7,True,stinger,smg,,0.8444,0.6178,Sayonara,Team Vitality,sova,True,100,50,0,2,1,4,False,phantom,rifle,,0.1778,0.6578,PROFEK,Team Vitality,astra,True,100,50,2,1,0,5,False,vandal,rifle,,0.6933,0.7856
1520.636,2924,ACTIVE_ROUND,10,5,6,80.000,,,s0pp,FUT Esports,chamber,True,100,50,0,8,1,7,True,vandal,rifle,,0.8622,0.4844,xeus,FUT Esports,jett,True,100,50,2,1,0,7,False,vandal,rifle,,0.8122,0.5056,sociablEE,FUT Esports,fade,True,100,25,2,1,0,7,True,phantom,rifle,,0.3878,0.2622,yetujey,FUT Esports,astra,True,100,50,0,0,0,2,False,phantom,rifle,,0.2267,0.4544,KROSTALY,FUT Esports,kayo,True,100,50,1,1,1,6,False,vandal,rifle,,0.2700,0.4856,Chronicle,Team Vitality,chamber,True,100,50,0,8,1,6,False,vandal,rifle,,0.6144,0.8333,Derke,Team Vitality,neon,True,100,50,1,1,1,0,False,phantom,rifle,,0.7489,0.7378,Jamppi,Team Vitality,kayo,True,100,50,1,1,0,7,True,stinger,smg,,0.8444,0.6178,Sayonara,Team Vitality,sova,True,100,50,0,2,1,4,False,phantom,rifle,,0.2044,0.4489,PROFEK,Team Vitality,astra,True,100,50,0,1,0,5,False,vandal,rifle,,0.7000,0.7789
1521.120,2925,ACTIVE_ROUND,10,5,6,79.000,,,s0pp,FUT Esports,chamber,True,100,50,0,8,1,7,True,vandal,rifle,,0.2378,0.4489,xeus,FUT Esports,jett,True,100,50,2,1,0,7,False,vandal,rifle,,0.8144,0.5056,sociablEE,FUT Esports,fade,True,100,25,2,1,0,7,True,phantom,rifle,,0.3656,0.2711,yetujey,FUT Esports,astra,True,100,50,0,0,0,2,False,phantom,rifle,,0.2267,0.4544,KROSTALY,FUT Esports,kayo,True,100,50,1,1,1,6,False,vandal,rifle,,0.2700,0.5078,Chronicle,Team Vitality,chamber,True,100,50,0,8,1,6,False,vandal,rifle,,0.6300,0.8244,Derke,Team Vitality,neon,True,100,50,1,1,1,0,False,phantom,rifle,,0.7533,0.7244,Jamppi,Team Vitality,kayo,True,100,50,1,1,0,7,True,stinger,smg,,0.8444,0.6178,Sayonara,Team Vitality,sova,True,100,50,0,2,1,4,False,phantom,rifle,,0.2044,0.4489,PROFEK,Team Vitality,astra,True,100,50,0,1,0,5,False,vandal,rifle,,0.7067,0.7744
1521.603,2926,ACTIVE_ROUND,10,5,6,79.000,,,s0pp,FUT Esports,chamber,True,100,50,0,8,1,7,True,vandal,rifle,,0.8622,0.4844,xeus,FUT Esports,jett,True,100,50,2,1,0,7,False,vandal,rifle,,0.8144,0.5056,sociablEE,FUT Esports,fade,True,100,25,2,1,0,7,True,phantom,rifle,,0.3589,0.2822,yetujey,FUT Esports,astra,True,100,50,0,0,0,2,False,phantom,rifle,,0.2489,0.4500,KROSTALY,FUT Esports,kayo,True,100,50,1,1,1,6,False,vandal,rifle,,0.2700,0.4856,Chronicle,Team Vitality,chamber,True,100,50,0,8,1,6,False,vandal,rifle,,0.6433,0.8089,Derke,Team Vitality,neon,True,100,50,1,1,1,0,False,phantom,rifle,,0.7600,0.7111,Jamppi,Team Vitality,kayo,True,100,50,1,1,0,7,True,stinger,smg,,0.8444,0.6178,Sayonara,Team Vitality,sova,True,100,50,0,2,1,4,False,phantom,rifle,,0.2267,0.4489,PROFEK,Team Vitality,astra,True,100,50,0,1,0,5,False,vandal,rifle,,0.7089,0.7744
1522.087,2927,ACTIVE_ROUND,10,5,6,78.000,,,s0pp,FUT Esports,chamber,True,100,50,0,8,1,7,True,vandal,rifle,,0.8622,0.4844,xeus,FUT Esports,jett,True,100,50,2,1,0,7,False,vandal,rifle,,0.8144,0.5056,sociablEE,FUT Esports,fade,True,100,25,2,1,0,7,True,phantom,rifle,,0.3678,0.2956,yetujey,FUT Esports,astra,True,100,50,0,0,0,2,False,phantom,rifle,,0.2578,0.4544,KROSTALY,FUT Esports,kayo,True,100,50,1,1,1,6,False,vandal,rifle,,0.2700,0.4856,Chronicle,Team Vitality,chamber,True,100,50,0,8,1,6,False,vandal,rifle,,0.6611,0.8067,Derke,Team Vitality,neon,True,100,50,1,1,1,0,False,phantom,rifle,,0.7644,0.6978,Jamppi,Team Vitality,kayo,True,100,50,1,1,0,7,True,stinger,smg,,0.8444,0.6178,Sayonara,Team Vitality,sova,True,100,50,0,2,1,4,False,phantom,rifle,,0.2267,0.4489,PROFEK,Team Vitality,astra,True,100,50,0,1,0,5,False,vandal,rifle,,0.7044,0.7700
1522.571,2928,ACTIVE_ROUND,10,5,6,78.000,,,s0pp,FUT Esports,chamber,True,100,50,0,8,1,7,True,vandal,rifle,,0.8622,0.4844,xeus,FUT Esports,jett,True,100,50,2,1,0,7,False,vandal,rifle,,0.8144,0.5056,sociablEE,FUT Esports,fade,True,100,25,2,1,0,7,True,phantom,rifle,,0.3678,0.3156,yetujey,FUT Esports,astra,True,100,50,0,0,0,2,False,phantom,rifle,,0.2622,0.4544,KROSTALY,FUT Esports,kayo,True,100,50,1,1,1,6,False,vandal,rifle,,0.2700,0.4856,Chronicle,Team Vitality,chamber,True,100,50,0,8,1,6,False,vandal,rifle,,0.6678,0.8067,Derke,Team Vitality,neon,True,100,50,1,1,1,0,False,phantom,rifle,,0.7689,0.6844,Jamppi,Team Vitality,kayo,True,100,50,1,1,0,7,True,stinger,smg,,0.8444,0.6178,Sayonara,Team Vitality,sova,True,100,50,0,2,1,4,False,phantom,rifle,,0.2267,0.4489,PROFEK,Team Vitality,astra,True,100,50,1,1,0,5,False,vandal,rifle,,0.7044,0.7678
1523.055,2929,ACTIVE_ROUND,10,5,6,77.000,,,s0pp,FUT Esports,chamber,True,100,50,0,8,1,7,True,vandal,rifle,,0.8622,0.4844,xeus,FUT Esports,jett,True,100,50,2,1,0,7,False,vandal,rifle,,0.8144,0.5056,sociablEE,FUT Esports,fade,True,100,25,2,1,0,7,True,phantom,rifle,,0.3633,0.3378,yetujey,FUT Esports,astra,True,100,50,0,0,0,2,False,phantom,rifle,,0.2711,0.4544,KROSTALY,FUT Esports,kayo,True,100,50,1,1,1,6,False,vandal,rifle,,0.2700,0.4856,Chronicle,Team Vitality,chamber,True,100,50,0,8,1,6,False,vandal,rifle,,0.6767,0.8067,Derke,Team Vitality,neon,True,100,50,1,1,1,0,False,phantom,rifle,,0.7733,0.6733,Jamppi,Team Vitality,kayo,True,100,50,1,1,0,7,True,stinger,smg,,0.8444,0.6178,Sayonara,Team Vitality,sova,True,100,50,0,2,1,4,False,phantom,rifle,,0.6311,0.8089,PROFEK,Team Vitality,astra,True,100,50,1,1,0,5,False,vandal,rifle,,0.7044,0.7678
1523.539,2930,ACTIVE_ROUND,10,5,6,77.000,,,s0pp,FUT Esports,chamber,True,100,50,0,8,1,7,True,vandal,rifle,,0.8622,0.4844,xeus,FUT Esports,jett,True,100,50,2,1,0,7,False,vandal,rifle,,0.8144,0.5056,sociablEE,FUT Esports,fade,True,100,25,2,1,0,7,True,phantom,rifle,,0.3611,0.3556,yetujey,FUT Esports,astra,True,100,50,0,0,0,2,False,phantom,rifle,,0.2778,0.4500,KROSTALY,FUT Esports,kayo,True,100,50,1,1,1,6,False,vandal,rifle,,0.2700,0.4856,Chronicle,Team Vitality,chamber,True,100,50,0,8,1,6,False,vandal,rifle,,0.3033,0.3733,Derke,Team Vitality,neon,True,100,50,1,1,1,0,False,phantom,rifle,,0.7756,0.6622,Jamppi,Team Vitality,kayo,True,100,50,1,1,0,7,True,stinger,smg,,0.8444,0.6178,Sayonara,Team Vitality,sova,True,100,50,0,2,1,4,False,phantom,rifle,,0.6311,0.8089,PROFEK,Team Vitality,astra,True,100,50,1,1,0,5,False,vandal,rifle,,0.7044,0.7678
1524.023,2931,ACTIVE_ROUND,10,5,6,76.000,,,s0pp,FUT Esports,chamber,True,100,50,0,8,1,7,True,vandal,rifle,,0.8622,0.4844,xeus,FUT Esports,jett,True,100,50,2,1,0,7,False,vandal,rifle,,0.8144,0.5056,sociablEE,FUT Esports,fade,True,100,25,2,1,0,7,True,phantom,rifle,,0.3567,0.3667,yetujey,FUT Esports,astra,True,100,50,0,0,0,2,False,phantom,rifle,,0.2778,0.4500,KROSTALY,FUT Esports,kayo,True,100,50,1,1,1,6,False,vandal,rifle,,0.8989,0.3033,Chronicle,Team Vitality,chamber,True,100,50,0,8,1,6,False,vandal,rifle,,0.1633,0.4356,Derke,Team Vitality,neon,True,100,50,1,1,1,0,False,phantom,rifle,,0.7800,0.6533,Jamppi,Team Vitality,kayo,True,100,50,1,1,0,7,True,stinger,smg,,0.8444,0.6178,Sayonara,Team Vitality,sova,True,100,50,0,2,1,4,False,phantom,rifle,,0.6311,0.8089,PROFEK,Team Vitality,astra,True,100,50,1,1,0,5,False,vandal,rifle,,0.7044,0.7678
1524.506,2932,ACTIVE_ROUND,10,5,6,76.000,,,s0pp,FUT Esports,chamber,True,100,50,0,8,1,7,True,vandal,rifle,,0.8622,0.4844,xeus,FUT Esports,jett,True,100,50,2,1,0,7,False,vandal,rifle,,0.8144,0.5056,sociablEE,FUT Esports,fade,True,100,25,2,1,0,7,True,phantom,rifle,,0.3456,0.3711,yetujey,FUT Esports,astra,True,100,50,0,0,0,2,False,phantom,rifle,,0.2778,0.4500,KROSTALY,FUT Esports,kayo,True,100,50,1,1,1,6,False,vandal,rifle,,0.2700,0.5078,Chronicle,Team Vitality,chamber,True,100,50,0,8,1,6,False,vandal,rifle,,0.7056,0.7978,Derke,Team Vitality,neon,True,100,50,1,1,1,0,False,phantom,rifle,,0.7844,0.6422,Jamppi,Team Vitality,kayo,True,100,50,1,1,0,7,True,stinger,smg,,0.8444,0.6178,Sayonara,Team Vitality,sova,True,100,50,0,2,1,4,False,phantom,rifle,,0.6311,0.8089,PROFEK,Team Vitality,astra,True,100,50,1,1,0,5,False,vandal,rifle,,0.7044,0.7678
1524.990,2933,ACTIVE_ROUND,10,5,6,75.000,,,s0pp,FUT Esports,chamber,True,100,50,0,8,1,7,True,vandal,rifle,,0.8622,0.4844,xeus,FUT Esports,jett,True,100,50,2,1,0,7,False,vandal,rifle,,0.8167,0.5056,sociablEE,FUT Esports,fade,True,100,25,2,1,0,7,True,phantom,rifle,,0.3322,0.3711,yetujey,FUT Esports,astra,True,100,50,0,0,0,2,False,phantom,rifle,,0.2778,0.4500,KROSTALY,FUT Esports,kayo,True,100,50,1,1,1,6,False,vandal,rifle,,0.2700,0.5078,Chronicle,Team Vitality,chamber,True,100,50,0,8,1,6,False,vandal,rifle,,0.6278,0.7822,Derke,Team Vitality,neon,True,100,50,1,1,1,0,False,phantom,rifle,,0.7867,0.6378,Jamppi,Team Vitality,kayo,True,100,50,1,1,0,7,True,stinger,smg,,0.8444,0.6178,Sayonara,Team Vitality,sova,True,100,50,0,2,1,4,False,phantom,rifle,,0.6311,0.8089,PROFEK,Team Vitality,astra,True,100,50,1,1,0,5,False,vandal,rifle,,0.7044,0.7678
1525.474,2934,ACTIVE_ROUND,10,5,6,75.000,,,s0pp,FUT Esports,chamber,True,100,50,0,8,1,7,True,vandal,rifle,,0.8622,0.4844,xeus,FUT Esports,jett,True,100,50,2,1,0,7,False,vandal,rifle,,0.8144,0.5056,sociablEE,FUT Esports,fade,True,100,25,2,1,0,7,True,phantom,rifle,,0.3233,0.3800,yetujey,FUT Esports,astra,True,100,50,0,0,0,2,False,phantom,rifle,,0.2778,0.4500,KROSTALY,FUT Esports,kayo,True,100,50,1,1,1,6,False,vandal,rifle,,0.2700,0.5078,Chronicle,Team Vitality,chamber,True,100,50,0,8,1,6,False,vandal,rifle,,0.6278,0.7822,Derke,Team Vitality,neon,True,100,50,1,1,1,0,False,phantom,rifle,,0.7889,0.6356,Jamppi,Team Vitality,kayo,True,100,50,1,1,0,7,True,stinger,smg,,0.8444,0.6178,Sayonara,Team Vitality,sova,True,100,50,0,2,1,4,False,phantom,rifle,,0.6311,0.8089,PROFEK,Team Vitality,astra,True,100,50,1,1,0,5,False,vandal,rifle,,0.7044,0.7678
1525.958,2935,ACTIVE_ROUND,10,5,6,74.000,,,s0pp,FUT Esports,chamber,True,100,50,0,8,1,7,True,vandal,rifle,,0.8622,0.4844,xeus,FUT Esports,jett,True,100,50,2,1,0,7,False,vandal,rifle,,0.8144,0.5056,sociablEE,FUT Esports,fade,True,100,25,2,1,0,7,True,phantom,rifle,,0.3211,0.3889,yetujey,FUT Esports,astra,True,100,50,0,0,0,2,False,phantom,rifle,,0.2778,0.4500,KROSTALY,FUT Esports,kayo,True,100,50,1,1,1,6,False,vandal,rifle,,0.2700,0.5078,Chronicle,Team Vitality,chamber,True,100,50,0,8,1,6,False,vandal,rifle,,0.6278,0.7822,Derke,Team Vitality,neon,True,100,50,1,1,1,0,False,phantom,rifle,,0.7889,0.6356,Jamppi,Team Vitality,kayo,True,100,50,1,1,0,7,True,stinger,smg,,0.8444,0.6178,Sayonara,Team Vitality,sova,True,100,50,0,2,1,4,False,phantom,rifle,,0.7333,0.7556,PROFEK,Team Vitality,astra,True,100,50,1,1,0,5,False,vandal,rifle,,0.7044,0.7678
1526.442,2936,ACTIVE_ROUND,10,5,6,74.000,,,s0pp,FUT Esports,chamber,True,100,50,0,8,1,7,True,vandal,rifle,,0.8622,0.4844,xeus,FUT Esports,jett,True,100,50,2,1,0,7,False,vandal,rifle,,0.8122,0.5056,sociablEE,FUT Esports,fade,True,100,25,2,1,0,7,True,phantom,rifle,,0.3211,0.3911,yetujey,FUT Esports,astra,True,100,50,0,0,0,2,False,phantom,rifle,,0.2778,0.4500,KROSTALY,FUT Esports,kayo,True,100,50,1,1,1,6,False,vandal,rifle,,0.2700,0.5078,Chronicle,Team Vitality,chamber,True,100,50,0,8,1,6,False,vandal,rifle,,0.6278,0.7822,Derke,Team Vitality,neon,True,100,50,1,1,1,0,False,phantom,rifle,,0.7889,0.6356,Jamppi,Team Vitality,kayo,True,100,50,1,1,0,7,True,stinger,smg,,0.8444,0.6178,Sayonara,Team Vitality,sova,True,100,50,0,2,1,4,False,phantom,rifle,,0.7333,0.7556,PROFEK,Team Vitality,astra,True,100,50,1,1,0,5,False,vandal,rifle,,0.7000,0.7678
1526.925,2937,ACTIVE_ROUND,10,5,6,73.000,,,s0pp,FUT Esports,chamber,True,100,50,0,8,1,7,True,vandal,rifle,,0.8622,0.4844,xeus,FUT Esports,jett,True,100,50,2,1,0,7,False,vandal,rifle,,0.8144,0.5056,sociablEE,FUT Esports,fade,True,100,25,2,1,0,7,True,phantom,rifle,,0.3256,0.3889,yetujey,FUT Esports,astra,True,100,50,0,0,0,2,False,phantom,rifle,,0.2778,0.4500,KROSTALY,FUT Esports,kayo,True,100,50,1,1,1,6,False,vandal,rifle,,0.2700,0.5078,Chronicle,Team Vitality,chamber,True,100,50,0,8,1,6,False,vandal,rifle,,0.6278,0.7822,Derke,Team Vitality,neon,True,100,50,1,1,1,0,False,phantom,rifle,,0.7889,0.6356,Jamppi,Team Vitality,kayo,True,100,50,1,1,0,7,True,stinger,smg,,0.8444,0.6178,Sayonara,Team Vitality,sova,True,100,50,0,2,1,4,False,phantom,rifle,,0.7533,0.7222,PROFEK,Team Vitality,astra,True,100,50,1,1,0,5,False,vandal,rifle,,0.7089,0.7544
1527.409,2938,ACTIVE_ROUND,10,5,6,73.000,,,s0pp,FUT Esports,chamber,True,100,50,0,8,1,7,True,vandal,rifle,,0.8622,0.4844,xeus,FUT Esports,jett,True,100,50,2,1,0,7,False,vandal,rifle,,0.8144,0.5056,sociablEE,FUT Esports,fade,True,100,25,2,1,0,7,True,phantom,rifle,,0.3278,0.3867,yetujey,FUT Esports,astra,True,100,50,0,0,0,2,False,phantom,rifle,,0.2778,0.4500,KROSTALY,FUT Esports,kayo,True,100,50,1,1,1,6,False,vandal,rifle,,0.2700,0.5078,Chronicle,Team Vitality,chamber,True,100,50,0,8,1,6,False,vandal,rifle,,0.7522,0.7356,Derke,Team Vitality,neon,True,100,50,1,1,1,0,False,phantom,rifle,,0.7889,0.6356,Jamppi,Team Vitality,kayo,True,100,50,1,1,0,7,True,stinger,smg,,0.8444,0.6200,Sayonara,Team Vitality,sova,True,100,50,0,2,1,4,False,phantom,rifle,,0.7533,0.7222,PROFEK,Team Vitality,astra,True,100,50,1,1,0,5,False,vandal,rifle,,0.7089,0.7433
1527.893,2939,ACTIVE_ROUND,10,5,6,72.000,,,s0pp,FUT Esports,chamber,True,100,50,0,8,1,7,True,vandal,rifle,,0.8622,0.4844,xeus,FUT Esports,jett,True,100,50,2,1,0,7,False,vandal,rifle,,0.8144,0.5056,sociablEE,FUT Esports,fade,True,100,25,2,1,0,7,True,phantom,rifle,,0.3211,0.3889,yetujey,FUT Esports,astra,True,100,50,0,0,0,2,False,phantom,rifle,,0.2778,0.4500,KROSTALY,FUT Esports,kayo,True,100,50,1,1,1,6,False,vandal,rifle,,0.2700,0.5078,Chronicle,Team Vitality,chamber,True,100,50,0,8,1,6,False,vandal,rifle,,0.7722,0.6889,Derke,Team Vitality,neon,True,100,50,1,1,1,0,False,phantom,rifle,,0.7889,0.6333,Jamppi,Team Vitality,kayo,True,100,50,1,1,0,7,True,stinger,smg,,0.8444,0.6178,Sayonara,Team Vitality,sova,True,100,50,0,2,1,4,False,phantom,rifle,,0.7533,0.7222,PROFEK,Team Vitality,astra,True,100,50,1,1,0,5,False,vandal,rifle,,0.7089,0.7633
1528.377,2940,ACTIVE_ROUND,10,5,6,72.000,,,s0pp,FUT Esports,chamber,True,100,50,0,8,1,7,True,vandal,rifle,,0.8622,0.4844,xeus,FUT Esports,jett,True,100,50,2,1,0,7,False,vandal,rifle,,0.8144,0.5056,sociablEE,FUT Esports,fade,True,100,25,2,1,0,7,True,phantom,rifle,,0.3211,0.3911,yetujey,FUT Esports,astra,True,100,50,0,0,0,2,False,phantom,rifle,,0.2778,0.4500,KROSTALY,FUT Esports,kayo,True,100,50,1,1,1,6,False,vandal,rifle,,0.2700,0.5078,Chronicle,Team Vitality,chamber,True,100,50,0,8,1,6,False,vandal,rifle,,0.7722,0.7200,Derke,Team Vitality,neon,True,100,50,1,1,1,0,False,phantom,rifle,,0.7889,0.6333,Jamppi,Team Vitality,kayo,True,100,50,1,1,0,7,True,stinger,smg,,0.8444,0.6178,Sayonara,Team Vitality,sova,True,100,50,0,2,1,4,False,phantom,rifle,,0.7533,0.7222,PROFEK,Team Vitality,astra,True,100,50,1,1,0,5,False,vandal,rifle,,0.7089,0.7633
1528.861,2941,ACTIVE_ROUND,10,5,6,71.000,,,s0pp,FUT Esports,chamber,True,100,50,0,8,1,7,True,vandal,rifle,,0.8644,0.4844,xeus,FUT Esports,jett,True,100,50,2,1,0,7,False,vandal,rifle,,0.8144,0.5056,sociablEE,FUT Esports,fade,True,100,25,2,1,0,7,True,phantom,rifle,,0.3256,0.3911,yetujey,FUT Esports,astra,True,100,50,0,0,0,2,False,phantom,rifle,,0.2778,0.4500,KROSTALY,FUT Esports,kayo,True,100,50,1,1,1,6,False,vandal,rifle,,0.2700,0.5078,Chronicle,Team Vitality,chamber,True,100,50,0,8,1,6,False,vandal,rifle,,0.6100,0.7422,Derke,Team Vitality,neon,True,100,50,1,1,1,0,False,phantom,rifle,,0.7889,0.6333,Jamppi,Team Vitality,kayo,True,100,50,1,1,0,7,True,stinger,smg,,0.8444,0.6111,Sayonara,Team Vitality,sova,True,100,50,0,2,1,4,False,phantom,rifle,,0.7533,0.7222,PROFEK,Team Vitality,astra,True,100,50,1,1,0,5,False,vandal,rifle,,0.7067,0.7633
1529.344,2942,ACTIVE_ROUND,10,5,6,71.000,,,s0pp,FUT Esports,chamber,True,100,50,0,8,1,7,True,vandal,rifle,,0.8644,0.4844,xeus,FUT Esports,jett,True,100,50,2,1,0,7,False,vandal,rifle,,0.3367,0.3589,sociablEE,FUT Esports,fade,True,100,25,2,1,0,7,True,phantom,rifle,,0.3278,0.3867,yetujey,FUT Esports,astra,True,100,50,0,0,0,2,False,phantom,rifle,,0.2778,0.4500,KROSTALY,FUT Esports,kayo,True,100,50,1,1,1,6,False,vandal,rifle,,0.2700,0.5078,Chronicle,Team Vitality,chamber,True,100,50,0,8,1,6,False,vandal,rifle,,0.7122,0.6400,Derke,Team Vitality,neon,True,100,50,1,1,1,0,False,phantom,rifle,,0.7889,0.6333,Jamppi,Team Vitality,kayo,True,100,50,1,1,0,7,True,stinger,smg,,0.8467,0.5978,Sayonara,Team Vitality,sova,True,100,50,0,2,1,4,False,phantom,rifle,,0.7533,0.7222,PROFEK,Team Vitality,astra,True,100,50,1,1,0,5,False,vandal,rifle,,0.7067,0.7633
1529.828,2943,ACTIVE_ROUND,10,5,6,70.000,,,s0pp,FUT Esports,chamber,True,100,50,0,8,1,7,True,vandal,rifle,,0.8644,0.4844,xeus,FUT Esports,jett,True,100,50,2,1,0,7,False,vandal,rifle,,0.8144,0.5056,sociablEE,FUT Esports,fade,True,100,25,2,1,0,7,True,phantom,rifle,,0.3300,0.3844,yetujey,FUT Esports,astra,True,100,50,0,0,0,2,False,phantom,rifle,,0.2778,0.4500,KROSTALY,FUT Esports,kayo,True,100,50,1,1,1,6,False,vandal,rifle,,0.2700,0.5078,Chronicle,Team Vitality,chamber,True,100,50,0,8,1,6,False,vandal,rifle,,0.7122,0.6400,Derke,Team Vitality,neon,True,100,50,1,1,1,0,False,phantom,rifle,,0.7867,0.6289,Jamppi,Team Vitality,kayo,True,100,50,1,1,0,7,True,stinger,smg,,0.8578,0.5822,Sayonara,Team Vitality,sova,True,100,50,0,2,1,4,False,phantom,rifle,,0.2956,0.4822,PROFEK,Team Vitality,astra,True,100,50,1,1,0,5,False,vandal,rifle,,0.7089,0.7456
1530.312,2944,ACTIVE_ROUND,10,5,6,70.000,,,s0pp,FUT Esports,chamber,True,100,50,0,8,1,7,True,vandal,rifle,,0.8644,0.4844,xeus,FUT Esports,jett,True,100,50,2,1,0,7,False,vandal,rifle,,0.8144,0.5056,sociablEE,FUT Esports,fade,True,100,25,2,1,0,7,True,phantom,rifle,,0.3300,0.3844,yetujey,FUT Esports,astra,True,100,50,0,0,0,2,False,phantom,rifle,,0.2733,0.4633,KROSTALY,FUT Esports,kayo,True,100,50,1,1,1,6,False,vandal,rifle,,0.2700,0.5078,Chronicle,Team Vitality,chamber,True,100,50,0,8,1,6,False,vandal,rifle,,0.6233,0.7289,Derke,Team Vitality,neon,True,100,50,1,1,1,0,False,phantom,rifle,,0.7844,0.6133,Jamppi,Team Vitality,kayo,True,100,50,1,1,0,0,False,stinger,smg,,0.8756,0.5756,Sayonara,Team Vitality,sova,True,100,50,0,2,1,4,False,phantom,rifle,,0.2956,0.4822,PROFEK,Team Vitality,astra,True,100,50,1,2,0,5,False,vandal,rifle,,0.7089,0.7456
1530.796,2945,ACTIVE_ROUND,10,5,6,69.000,,,s0pp,FUT Esports,chamber,True,100,50,0,8,1,7,True,vandal,rifle,,0.8644,0.4844,xeus,FUT Esports,jett,True,100,50,2,1,0,7,False,vandal,rifle,,0.8144,0.5056,sociablEE,FUT Esports,fade,True,100,25,2,1,0,7,True,phantom,rifle,,0.3300,0.3844,yetujey,FUT Esports,astra,True,100,50,0,0,0,2,False,phantom,rifle,,0.2622,0.4611,KROSTALY,FUT Esports,kayo,True,100,50,1,1,1,6,False,vandal,rifle,,0.2700,0.4922,Chronicle,Team Vitality,chamber,True,100,50,0,8,1,6,False,vandal,rifle,,0.6233,0.7222,Derke,Team Vitality,neon,True,100,50,1,1,1,0,False,phantom,rifle,,0.7956,0.6000,Jamppi,Team Vitality,kayo,True,100,50,1,1,0,0,False,stinger,smg,,0.8933,0.5667,Sayonara,Team Vitality,sova,True,100,50,0,2,1,4,False,phantom,rifle,,0.2956,0.4822,PROFEK,Team Vitality,astra,True,100,50,1,2,0,5,False,vandal,rifle,,0.7089,0.7456
1531.280,2946,ACTIVE_ROUND,10,5,6,69.000,,,s0pp,FUT Esports,chamber,True,100,50,0,8,1,7,True,vandal,rifle,,0.8644,0.4844,xeus,FUT Esports,jett,True,100,50,2,1,0,7,False,vandal,rifle,,0.8122,0.5011,sociablEE,FUT Esports,fade,True,100,25,2,1,0,7,True,phantom,rifle,,0.3744,0.3378,yetujey,FUT Esports,astra,True,100,50,0,0,0,2,False,phantom,rifle,,0.2556,0.4589,KROSTALY,FUT Esports,kayo,True,100,50,1,1,1,6,False,vandal,rifle,,0.2700,0.4878,Chronicle,Team Vitality,chamber,True,100,50,0,8,1,6,False,vandal,rifle,,0.3211,0.3422,Derke,Team Vitality,neon,True,100,50,1,1,1,0,False,phantom,rifle,,0.8133,0.5911,Jamppi,Team Vitality,kayo,True,100,50,1,1,0,0,False,stinger,smg,,0.9044,0.5511,Sayonara,Team Vitality,sova,True,100,50,0,2,1,4,False,phantom,rifle,,0.2956,0.4822,PROFEK,Team Vitality,astra,True,100,50,1,2,0,5,False,vandal,rifle,,0.7089,0.7456
1531.764,2947,ACTIVE_ROUND,10,5,6,68.000,,,s0pp,FUT Esports,chamber,True,100,50,0,8,1,7,True,vandal,rifle,,0.8267,0.4267,xeus,FUT Esports,jett,True,100,50,2,1,0,7,False,vandal,rifle,,0.8144,0.4922,sociablEE,FUT Esports,fade,True,100,25,2,1,0,7,True,phantom,rifle,,0.3744,0.3378,yetujey,FUT Esports,astra,True,100,50,0,0,0,2,False,phantom,rifle,,0.2556,0.4589,KROSTALY,FUT Esports,kayo,True,100,50,1,1,1,6,False,vandal,rifle,,0.2700,0.4878,Chronicle,Team Vitality,chamber,True,100,50,0,8,1,6,False,vandal,rifle,,0.1967,0.4622,Derke,Team Vitality,neon,True,100,50,1,1,1,0,False,phantom,rifle,,0.8133,0.5911,Jamppi,Team Vitality,kayo,True,100,50,1,1,0,0,False,stinger,smg,,0.9000,0.5333,Sayonara,Team Vitality,sova,True,100,50,0,2,1,4,False,phantom,rifle,,0.2956,0.4822,PROFEK,Team Vitality,astra,True,100,50,1,2,0,5,False,vandal,rifle,,0.7089,0.7456
1532.247,2948,ACTIVE_ROUND,10,5,6,68.000,,,s0pp,FUT Esports,chamber,True,100,50,0,8,1,7,True,vandal,rifle,,0.2556,0.4422,xeus,FUT Esports,jett,True,100,50,2,1,0,7,False,vandal,rifle,,0.8144,0.4922,sociablEE,FUT Esports,fade,True,100,25,2,1,0,7,True,phantom,rifle,,0.3744,0.3378,yetujey,FUT Esports,astra,True,100,50,0,0,0,2,False,phantom,rifle,,0.2556,0.4589,KROSTALY,FUT Esports,kayo,True,100,50,1,1,1,6,False,vandal,rifle,,0.2700,0.4878,Chronicle,Team Vitality,chamber,True,100,50,0,8,1,6,False,vandal,rifle,,0.3478,0.3000,Derke,Team Vitality,neon,True,100,50,1,1,1,0,False,phantom,rifle,,0.8133,0.5911,Jamppi,Team Vitality,kayo,True,100,50,1,1,0,0,False,stinger,smg,,0.8933,0.5289,Sayonara,Team Vitality,sova,True,100,50,0,2,1,4,False,phantom,rifle,,0.2956,0.4822,PROFEK,Team Vitality,astra,True,100,50,1,2,0,5,False,vandal,rifle,,0.7089,0.7456
1532.731,2949,ACTIVE_ROUND,10,5,6,67.000,,,s0pp,FUT Esports,chamber,True,100,50,0,8,1,7,True,vandal,rifle,,0.2556,0.4422,xeus,FUT Esports,jett,False,,50,2,1,0,7,False,vandal,rifle,,0.8144,0.4922,sociablEE,FUT Esports,fade,True,100,25,2,1,0,7,True,phantom,rifle,,0.3744,0.3378,yetujey,FUT Esports,astra,True,100,50,0,0,0,2,False,phantom,rifle,,0.2556,0.4589,KROSTALY,FUT Esports,kayo,True,100,50,1,1,1,6,False,vandal,rifle,,0.2700,0.5056,Chronicle,Team Vitality,chamber,True,100,50,0,8,1,6,False,vandal,rifle,,0.8144,0.5200,Derke,Team Vitality,neon,True,100,50,1,1,1,0,False,phantom,rifle,,0.8756,0.5778,Jamppi,Team Vitality,kayo,True,70,50,1,1,0,0,False,stinger,smg,,0.8933,0.5289,Sayonara,Team Vitality,sova,True,100,50,0,2,1,4,False,phantom,rifle,,0.2956,0.4822,PROFEK,Team Vitality,astra,True,100,50,1,2,0,5,False,vandal,rifle,,0.7089,0.7456
1533.215,2950,ACTIVE_ROUND,10,5,6,67.000,,,s0pp,FUT Esports,chamber,True,100,50,0,8,1,7,True,vandal,rifle,,0.8244,0.4289,xeus,FUT Esports,jett,False,,50,2,1,0,7,False,vandal,rifle,,,,sociablEE,FUT Esports,fade,True,100,25,2,1,0,7,True,phantom,rifle,,0.4322,0.2689,yetujey,FUT Esports,astra,True,100,50,0,0,0,2,False,phantom,rifle,,0.2556,0.4589,KROSTALY,FUT Esports,kayo,True,100,50,1,1,1,6,False,vandal,rifle,,0.2678,0.5078,Chronicle,Team Vitality,chamber,True,100,50,0,8,1,6,False,vandal,rifle,,0.7767,0.4356,Derke,Team Vitality,neon,True,100,50,1,1,1,0,False,phantom,rifle,,0.9022,0.5600,Jamppi,Team Vitality,kayo,True,70,50,1,1,0,0,False,stinger,smg,,0.8933,0.5289,Sayonara,Team Vitality,sova,True,100,50,0,2,1,4,False,phantom,rifle,,0.2956,0.4822,PROFEK,Team Vitality,astra,True,100,50,1,2,0,5,False,vandal,rifle,,0.7089,0.7456
1533.699,2951,ACTIVE_ROUND,10,5,6,66.000,,,s0pp,FUT Esports,chamber,True,100,50,0,8,1,7,True,vandal,rifle,,0.2644,0.4244,xeus,FUT Esports,jett,False,,50,2,1,0,7,False,vandal,rifle,,,,sociablEE,FUT Esports,fade,True,100,25,2,1,0,7,True,phantom,rifle,,0.4322,0.2689,yetujey,FUT Esports,astra,True,100,50,0,0,0,2,False,phantom,rifle,,0.2556,0.4589,KROSTALY,FUT Esports,kayo,True,100,50,1,1,1,6,False,vandal,rifle,,0.2700,0.4856,Chronicle,Team Vitality,chamber,True,100,50,0,8,1,6,False,vandal,rifle,,0.7833,0.4267,Derke,Team Vitality,neon,True,100,50,1,1,1,0,False,phantom,rifle,,0.9222,0.5311,Jamppi,Team Vitality,kayo,True,70,50,1,1,0,0,False,stinger,smg,,0.8933,0.5289,Sayonara,Team Vitality,sova,True,100,50,0,2,1,4,False,phantom,rifle,,0.2956,0.4822,PROFEK,Team Vitality,astra,True,100,50,1,2,0,5,False,vandal,rifle,,0.7089,0.7456
1534.183,2952,ACTIVE_ROUND,10,5,6,66.000,,,s0pp,FUT Esports,chamber,True,100,50,0,8,1,7,True,vandal,rifle,,0.2644,0.4244,xeus,FUT Esports,jett,False,,50,2,1,0,7,False,vandal,rifle,,,,sociablEE,FUT Esports,fade,True,100,25,2,1,0,7,True,phantom,rifle,,0.4767,0.2489,yetujey,FUT Esports,astra,True,100,50,0,0,0,2,False,phantom,rifle,,0.2556,0.4589,KROSTALY,FUT Esports,kayo,True,100,50,1,1,0,6,False,vandal,rifle,,0.2700,0.5078,Chronicle,Team Vitality,chamber,True,100,50,0,8,1,6,False,vandal,rifle,,0.7967,0.4133,Derke,Team Vitality,neon,True,100,50,1,1,0,0,False,phantom,rifle,,0.9133,0.5222,Jamppi,Team Vitality,kayo,False,,50,1,1,0,0,False,stinger,smg,,0.8933,0.5289,Sayonara,Team Vitality,sova,True,100,50,0,2,1,4,False,phantom,rifle,,0.2956,0.4822,PROFEK,Team Vitality,astra,True,100,50,1,1,0,5,False,vandal,rifle,,0.7089,0.7456
1534.666,2953,ACTIVE_ROUND,10,5,6,65.000,,,s0pp,FUT Esports,chamber,True,100,50,0,8,1,7,True,vandal,rifle,,0.8600,0.3867,xeus,FUT Esports,jett,False,,50,2,1,0,7,False,vandal,rifle,,,,sociablEE,FUT Esports,fade,True,100,25,2,1,0,7,True,phantom,rifle,,0.4767,0.2489,yetujey,FUT Esports,astra,True,100,50,0,0,0,2,False,phantom,rifle,,0.2644,0.4233,KROSTALY,FUT Esports,kayo,True,100,50,1,1,0,6,False,vandal,rifle,,0.2700,0.4856,Chronicle,Team Vitality,chamber,True,100,50,0,8,1,6,False,vandal,rifle,,0.6056,0.7089,Derke,Team Vitality,neon,True,100,50,1,1,0,0,False,phantom,rifle,,0.9022,0.5178,Jamppi,Team Vitality,kayo,False,,50,1,1,0,0,False,stinger,smg,,,,Sayonara,Team Vitality,sova,True,100,50,0,2,1,4,False,phantom,rifle,,0.2956,0.4822,PROFEK,Team Vitality,astra,True,100,50,1,1,0,5,False,vandal,rifle,,0.7089,0.7456
1535.150,2954,ACTIVE_ROUND,10,5,6,65.000,,,s0pp,FUT Esports,chamber,True,100,50,0,8,1,7,True,vandal,rifle,,0.8667,0.3667,xeus,FUT Esports,jett,False,,50,2,1,0,7,False,vandal,rifle,,,,sociablEE,FUT Esports,fade,True,100,25,2,1,0,7,True,phantom,rifle,,0.4767,0.2489,yetujey,FUT Esports,astra,True,100,50,0,0,0,2,False,phantom,rifle,,0.2644,0.4233,KROSTALY,FUT Esports,kayo,True,100,50,1,1,0,6,False,vandal,rifle,,0.2722,0.4856,Chronicle,Team Vitality,chamber,True,100,50,0,8,1,6,False,vandal,rifle,,0.5878,0.7067,Derke,Team Vitality,neon,True,100,50,1,1,0,0,False,phantom,rifle,,0.9022,0.5111,Jamppi,Team Vitality,kayo,False,,50,1,1,0,0,False,stinger,smg,,,,Sayonara,Team Vitality,sova,True,100,50,0,2,1,4,False,phantom,rifle,,0.2956,0.4822,PROFEK,Team Vitality,astra,True,100,50,1,1,0,5,False,vandal,rifle,,0.7089,0.7456
1535.634,2955,ACTIVE_ROUND,10,5,6,65.000,,,s0pp,FUT Esports,chamber,True,100,50,0,8,1,7,True,vandal,rifle,,0.8667,0.3444,xeus,FUT Esports,jett,False,,50,2,1,0,7,False,vandal,rifle,,,,sociablEE,FUT Esports,fade,True,100,25,2,1,0,7,True,phantom,rifle,,0.4767,0.2489,yetujey,FUT Esports,astra,True,100,50,0,0,0,2,False,phantom,rifle,,0.2644,0.4233,KROSTALY,FUT Esports,kayo,True,100,50,1,1,0,6,False,vandal,rifle,,0.2789,0.4922,Chronicle,Team Vitality,chamber,True,100,50,0,8,1,6,False,vandal,rifle,,0.6011,0.8889,Derke,Team Vitality,neon,True,100,50,1,1,0,0,False,phantom,rifle,,0.8867,0.5156,Jamppi,Team Vitality,kayo,False,,50,1,1,0,0,False,stinger,smg,,,,Sayonara,Team Vitality,sova,True,100,50,0,2,1,4,False,phantom,rifle,,0.2956,0.4822,PROFEK,Team Vitality,astra,True,100,50,1,1,0,5,False,vandal,rifle,,0.7089,0.7456
1536.118,2956,ACTIVE_ROUND,10,5,6,64.000,,,s0pp,FUT Esports,chamber,True,100,50,0,8,1,7,True,vandal,rifle,,0.8644,0.3222,xeus,FUT Esports,jett,False,,50,2,1,0,7,False,vandal,rifle,,,,sociablEE,FUT Esports,fade,True,100,25,2,1,0,7,True,phantom,rifle,,0.4767,0.2489,yetujey,FUT Esports,astra,True,100,50,0,0,0,2,False,phantom,rifle,,0.2644,0.4233,KROSTALY,FUT Esports,kayo,False,,50,1,1,0,6,False,vandal,rifle,,0.2856,0.4833,Chronicle,Team Vitality,chamber,True,100,50,0,8,1,6,False,vandal,rifle,,0.3078,0.3022,Derke,Team Vitality,neon,True,100,50,1,1,0,0,False,phantom,rifle,,0.8756,0.5044,Jamppi,Team Vitality,kayo,False,,50,1,1,0,0,False,stinger,smg,,,,Sayonara,Team Vitality,sova,True,100,50,0,2,1,4,False,phantom,rifle,,0.2956,0.4822,PROFEK,Team Vitality,astra,True,100,50,2,1,0,5,False,vandal,rifle,,0.7089,0.7456
1536.602,2957,ACTIVE_ROUND,10,5,6,64.000,,,s0pp,FUT Esports,chamber,True,100,50,0,8,1,7,True,vandal,rifle,,0.8511,0.3067,xeus,FUT Esports,jett,False,,50,2,1,0,7,False,vandal,rifle,,,,sociablEE,FUT Esports,fade,True,100,25,2,1,0,7,True,phantom,rifle,,0.5633,0.2022,yetujey,FUT Esports,astra,True,100,50,0,0,0,2,False,phantom,rifle,,0.2644,0.4233,KROSTALY,FUT Esports,kayo,False,,50,1,1,0,6,False,vandal,rifle,,,,Chronicle,Team Vitality,chamber,True,100,50,0,8,1,6,False,vandal,rifle,,0.4100,0.7244,Derke,Team Vitality,neon,True,100,50,1,1,0,0,False,phantom,rifle,,0.8667,0.5044,Jamppi,Team Vitality,kayo,False,,50,1,1,0,0,False,stinger,smg,,,,Sayonara,Team Vitality,sova,True,100,50,0,2,1,4,False,phantom,rifle,,0.2956,0.4822,PROFEK,Team Vitality,astra,True,100,50,2,1,0,5,False,vandal,rifle,,0.7089,0.7456
1537.086,2958,ACTIVE_ROUND,10,5,6,63.000,,,s0pp,FUT Esports,chamber,True,100,50,0,8,1,7,True,vandal,rifle,,0.8378,0.2933,xeus,FUT Esports,jett,False,,50,2,1,0,7,False,vandal,rifle,,,,sociablEE,FUT Esports,fade,True,100,25,2,1,0,7,True,phantom,rifle,,0.5789,0.1933,yetujey,FUT Esports,astra,True,100,50,0,0,0,2,False,phantom,rifle,,0.2644,0.4233,KROSTALY,FUT Esports,kayo,False,,50,1,1,0,6,False,vandal,rifle,,,,Chronicle,Team Vitality,chamber,True,100,50,0,8,1,6,False,vandal,rifle,,0.4100,0.7244,Derke,Team Vitality,neon,True,100,50,1,1,0,0,False,phantom,rifle,,0.8733,0.5022,Jamppi,Team Vitality,kayo,False,,50,1,1,0,0,False,stinger,smg,,,,Sayonara,Team Vitality,sova,True,100,50,0,2,1,4,False,phantom,rifle,,0.2956,0.4822,PROFEK,Team Vitality,astra,True,100,50,2,1,0,5,False,vandal,rifle,,0.7089,0.7456
1537.569,2959,ACTIVE_ROUND,10,5,6,63.000,,,s0pp,FUT Esports,chamber,True,100,50,0,8,1,7,True,vandal,rifle,,0.8378,0.2933,xeus,FUT Esports,jett,False,,50,2,1,0,7,False,vandal,rifle,,,,sociablEE,FUT Esports,fade,True,100,25,2,1,0,7,True,phantom,rifle,,0.5967,0.1911,yetujey,FUT Esports,astra,True,100,50,0,0,0,2,False,phantom,rifle,,0.5289,0.1278,KROSTALY,FUT Esports,kayo,False,,50,1,1,0,6,False,vandal,rifle,,,,Chronicle,Team Vitality,chamber,True,100,50,0,8,1,6,False,vandal,rifle,,0.0967,0.5822,Derke,Team Vitality,neon,True,100,50,1,1,0,0,False,phantom,rifle,,0.8689,0.5044,Jamppi,Team Vitality,kayo,False,,50,1,1,0,0,False,stinger,smg,,,,Sayonara,Team Vitality,sova,True,100,50,0,2,1,4,False,phantom,rifle,,0.2956,0.4822,PROFEK,Team Vitality,astra,True,100,50,2,1,0,5,False,vandal,rifle,,0.6356,0.7189
1538.053,2960,ACTIVE_ROUND,10,5,6,62.000,,,s0pp,FUT Esports,chamber,True,100,50,0,8,1,7,True,vandal,rifle,,0.8378,0.2933,xeus,FUT Esports,jett,False,,50,2,1,0,7,False,vandal,rifle,,,,sociablEE,FUT Esports,fade,True,100,25,2,1,0,7,True,phantom,rifle,,0.6144,0.1911,yetujey,FUT Esports,astra,True,100,50,0,0,0,2,False,phantom,rifle,,0.2956,0.4011,KROSTALY,FUT Esports,kayo,False,,50,1,1,0,6,False,vandal,rifle,,,,Chronicle,Team Vitality,chamber,True,100,50,0,8,1,6,False,vandal,rifle,,0.6944,0.3644,Derke,Team Vitality,neon,True,100,50,1,0,0,0,False,phantom,rifle,,0.8578,0.5000,Jamppi,Team Vitality,kayo,False,,50,1,1,0,0,False,stinger,smg,,,,Sayonara,Team Vitality,sova,True,100,50,0,2,1,4,False,phantom,rifle,,0.2956,0.4822,PROFEK,Team Vitality,astra,True,100,50,1,1,0,5,False,vandal,rifle,,0.6289,0.7189
1538.537,2961,ACTIVE_ROUND,10,5,6,62.000,,,s0pp,FUT Esports,chamber,True,100,50,0,8,1,7,True,vandal,rifle,,0.8378,0.2933,xeus,FUT Esports,jett,False,,50,2,1,0,7,False,vandal,rifle,,,,sociablEE,FUT Esports,fade,True,100,25,2,1,0,7,True,phantom,rifle,,0.6367,0.1889,yetujey,FUT Esports,astra,True,100,50,0,0,0,2,False,phantom,rifle,,0.2956,0.4011,KROSTALY,FUT Esports,kayo,False,,50,1,1,0,6,False,vandal,rifle,,,,Chronicle,Team Vitality,chamber,True,100,50,0,8,1,6,False,vandal,rifle,,0.5833,0.2044,Derke,Team Vitality,neon,True,100,50,1,0,0,0,False,phantom,rifle,,0.8667,0.4911,Jamppi,Team Vitality,kayo,False,,50,1,1,0,0,False,stinger,smg,,,,Sayonara,Team Vitality,sova,True,100,50,0,2,1,4,False,phantom,rifle,,0.2956,0.4822,PROFEK,Team Vitality,astra,True,100,50,1,1,0,5,False,vandal,rifle,,0.6222,0.7167
1539.021,2962,ACTIVE_ROUND,10,5,6,61.000,,,s0pp,FUT Esports,chamber,True,100,50,0,8,1,7,True,vandal,rifle,,0.8378,0.2933,xeus,FUT Esports,jett,False,,50,2,1,0,7,False,vandal,rifle,,,,sociablEE,FUT Esports,fade,True,100,25,2,1,0,7,True,phantom,rifle,,0.6589,0.1800,yetujey,FUT Esports,astra,True,100,50,0,0,0,2,False,phantom,rifle,,0.3311,0.3767,KROSTALY,FUT Esports,kayo,False,,50,1,1,0,6,False,vandal,rifle,,,,Chronicle,Team Vitality,chamber,True,100,50,0,8,1,6,False,vandal,rifle,,0.7456,0.7111,Derke,Team Vitality,neon,True,100,50,1,0,0,0,False,phantom,rifle,,0.8667,0.4911,Jamppi,Team Vitality,kayo,False,,50,1,1,0,0,False,stinger,smg,,,,Sayonara,Team Vitality,sova,True,100,50,0,2,1,4,False,phantom,rifle,,0.2956,0.4822,PROFEK,Team Vitality,astra,True,100,50,1,1,0,5,False,vandal,rifle,,0.6222,0.7167
1539.505,2963,ACTIVE_ROUND,10,5,6,61.000,,,s0pp,FUT Esports,chamber,True,100,50,0,8,1,7,True,vandal,rifle,,0.2644,0.4244,xeus,FUT Esports,jett,False,,50,2,1,0,7,False,vandal,rifle,,,,sociablEE,FUT Esports,fade,True,100,25,2,1,0,7,True,phantom,rifle,,0.6789,0.1733,yetujey,FUT Esports,astra,True,100,50,0,0,0,2,False,phantom,rifle,,0.3511,0.3656,KROSTALY,FUT Esports,kayo,False,,50,1,1,0,6,False,vandal,rifle,,,,Chronicle,Team Vitality,chamber,True,100,50,0,8,1,6,False,vandal,rifle,,0.6011,0.9111,Derke,Team Vitality,neon,True,100,50,1,0,0,0,False,phantom,rifle,,0.8400,0.4711,Jamppi,Team Vitality,kayo,False,,50,1,1,0,0,False,stinger,smg,,,,Sayonara,Team Vitality,sova,True,100,50,0,2,1,4,False,phantom,rifle,,0.2956,0.4822,PROFEK,Team Vitality,astra,True,100,50,1,1,0,5,False,vandal,rifle,,0.6222,0.7167
1539.988,2964,ACTIVE_ROUND,10,5,6,60.000,,,s0pp,FUT Esports,chamber,True,100,50,0,8,1,7,True,vandal,rifle,,0.2689,0.4267,xeus,FUT Esports,jett,False,,50,2,1,0,7,False,vandal,rifle,,,,sociablEE,FUT Esports,fade,True,100,25,2,1,0,7,True,phantom,rifle,,0.7033,0.1689,yetujey,FUT Esports,astra,True,100,50,0,0,0,2,False,phantom,rifle,,0.3667,0.3478,KROSTALY,FUT Esports,kayo,False,,50,1,1,0,6,False,vandal,rifle,,,,Chronicle,Team Vitality,chamber,True,100,50,0,8,1,6,False,vandal,rifle,,0.7344,0.3822,Derke,Team Vitality,neon,True,100,50,0,0,0,0,False,phantom,rifle,,0.8311,0.4533,Jamppi,Team Vitality,kayo,False,,50,1,1,0,0,False,stinger,smg,,,,Sayonara,Team Vitality,sova,True,100,50,0,2,0,4,False,phantom,rifle,,0.2956,0.4822,PROFEK,Team Vitality,astra,True,100,50,1,1,0,5,False,vandal,rifle,,0.6222,0.7167
1540.472,2965,ACTIVE_ROUND,10,5,6,60.000,,,s0pp,FUT Esports,chamber,True,100,50,0,8,1,7,True,vandal,rifle,,0.2689,0.4267,xeus,FUT Esports,jett,False,,50,2,1,0,7,False,vandal,rifle,,,,sociablEE,FUT Esports,fade,True,100,25,2,1,0,7,True,phantom,rifle,,0.7256,0.1689,yetujey,FUT Esports,astra,True,100,50,0,0,0,2,False,phantom,rifle,,0.3778,0.3256,KROSTALY,FUT Esports,kayo,False,,50,1,1,0,6,False,vandal,rifle,,,,Chronicle,Team Vitality,chamber,True,100,50,0,8,1,6,False,vandal,rifle,,0.7767,0.4311,Derke,Team Vitality,neon,True,100,50,0,0,0,0,False,phantom,rifle,,0.8311,0.4533,Jamppi,Team Vitality,kayo,False,,50,1,1,0,0,False,stinger,smg,,,,Sayonara,Team Vitality,sova,True,100,50,0,2,0,4,False,phantom,rifle,,0.5044,0.5933,PROFEK,Team Vitality,astra,True,100,50,1,1,0,5,False,vandal,rifle,,0.6222,0.7167
1540.956,2966,ACTIVE_ROUND,10,5,6,59.000,,,s0pp,FUT Esports,chamber,True,100,50,0,8,1,7,True,vandal,rifle,,0.8556,0.2756,xeus,FUT Esports,jett,False,,50,2,1,0,7,False,vandal,rifle,,,,sociablEE,FUT Esports,fade,True,100,25,2,1,0,7,True,phantom,rifle,,0.7456,0.1711,yetujey,FUT Esports,astra,True,100,50,0,0,0,2,False,phantom,rifle,,0.3778,0.3256,KROSTALY,FUT Esports,kayo,False,,50,1,1,0,6,False,vandal,rifle,,,,Chronicle,Team Vitality,chamber,True,100,50,0,8,1,6,False,vandal,rifle,,0.7344,0.3822,Derke,Team Vitality,neon,True,100,50,0,0,0,0,False,phantom,rifle,,0.8311,0.4533,Jamppi,Team Vitality,kayo,False,,50,1,1,0,0,False,stinger,smg,,,,Sayonara,Team Vitality,sova,True,100,50,0,2,0,4,False,phantom,rifle,,0.5044,0.5933,PROFEK,Team Vitality,astra,True,100,50,1,1,0,5,False,vandal,rifle,,0.6222,0.7167
1541.440,2967,ACTIVE_ROUND,10,5,6,59.000,,,s0pp,FUT Esports,chamber,True,100,50,0,8,1,7,True,vandal,rifle,,0.8556,0.2756,xeus,FUT Esports,jett,False,,50,2,1,0,7,False,vandal,rifle,,,,sociablEE,FUT Esports,fade,True,100,25,2,1,0,7,True,phantom,rifle,,0.7633,0.1689,yetujey,FUT Esports,astra,True,100,50,0,0,0,2,False,phantom,rifle,,0.4022,0.2878,KROSTALY,FUT Esports,kayo,False,,50,1,1,0,6,False,vandal,rifle,,,,Chronicle,Team Vitality,chamber,True,100,50,0,8,1,6,False,vandal,rifle,,0.0833,0.7600,Derke,Team Vitality,neon,True,100,50,0,0,0,0,False,phantom,rifle,,0.8311,0.4533,Jamppi,Team Vitality,kayo,False,,50,1,1,0,0,False,stinger,smg,,,,Sayonara,Team Vitality,sova,True,100,50,0,2,0,4,False,phantom,rifle,,0.5044,0.5933,PROFEK,Team Vitality,astra,True,100,50,1,1,0,5,False,vandal,rifle,,0.5778,0.6656
1541.924,2968,ACTIVE_ROUND,10,5,6,58.000,,,s0pp,FUT Esports,chamber,True,100,50,0,8,1,7,True,vandal,rifle,,0.8556,0.2756,xeus,FUT Esports,jett,False,,50,2,1,0,7,False,vandal,rifle,,,,sociablEE,FUT Esports,fade,True,100,25,2,1,0,7,True,phantom,rifle,,0.7633,0.1689,yetujey,FUT Esports,astra,True,100,50,0,0,0,2,False,classic,sidearm,,0.5267,0.1411,KROSTALY,FUT Esports,kayo,False,,50,1,1,0,6,False,vandal,rifle,,,,Chronicle,Team Vitality,chamber,True,100,50,0,8,1,6,False,vandal,rifle,,0.7767,0.4378,Derke,Team Vitality,neon,True,100,50,0,0,0,0,False,phantom,rifle,,0.8222,0.4378,Jamppi,Team Vitality,kayo,False,,50,1,1,0,0,False,stinger,smg,,,,Sayonara,Team Vitality,sova,True,100,50,0,2,0,4,False,phantom,rifle,,0.5044,0.5933,PROFEK,Team Vitality,astra,True,100,50,1,2,0,5,False,vandal,rifle,,0.5733,0.6522
1542.408,2969,ACTIVE_ROUND,10,5,6,58.000,,,s0pp,FUT Esports,chamber,True,100,50,0,8,1,7,True,vandal,rifle,,0.8556,0.2756,xeus,FUT Esports,jett,False,,50,2,1,0,7,False,vandal,rifle,,,,sociablEE,FUT Esports,fade,True,100,25,2,1,0,7,True,phantom,rifle,,0.7633,0.1689,yetujey,FUT Esports,astra,True,100,50,0,0,0,2,False,classic,sidearm,,0.3022,0.4100,KROSTALY,FUT Esports,kayo,False,,50,1,1,0,6,False,vandal,rifle,,,,Chronicle,Team Vitality,chamber,True,100,50,0,8,1,6,False,vandal,rifle,,0.7767,0.4378,Derke,Team Vitality,neon,True,100,50,0,0,0,0,False,phantom,rifle,,0.8200,0.4356,Jamppi,Team Vitality,kayo,False,,50,1,1,0,0,False,stinger,smg,,,,Sayonara,Team Vitality,sova,True,100,50,0,2,0,4,False,phantom,rifle,,0.5044,0.5933,PROFEK,Team Vitality,astra,True,100,50,1,2,0,5,False,vandal,rifle,,0.5711,0.6433
1542.891,2970,ACTIVE_ROUND,10,5,6,57.000,,,s0pp,FUT Esports,chamber,True,100,50,0,8,1,7,True,vandal,rifle,,0.8556,0.2756,xeus,FUT Esports,jett,False,,50,2,1,0,7,False,vandal,rifle,,,,sociablEE,FUT Esports,fade,True,100,25,2,1,0,7,True,phantom,rifle,,0.8167,0.1756,yetujey,FUT Esports,astra,True,100,50,0,0,0,2,False,classic,sidearm,,0.4667,0.2589,KROSTALY,FUT Esports,kayo,False,,50,1,1,0,6,False,vandal,rifle,,,,Chronicle,Team Vitality,chamber,True,100,50,0,8,1,6,False,vandal,rifle,,0.4989,0.6444,Derke,Team Vitality,neon,True,100,50,0,0,0,0,False,phantom,rifle,,0.8200,0.4356,Jamppi,Team Vitality,kayo,False,,50,1,1,0,0,False,stinger,smg,,,,Sayonara,Team Vitality,sova,True,100,50,0,2,0,4,False,phantom,rifle,,0.5044,0.5933,PROFEK,Team Vitality,astra,True,100,50,1,2,0,5,False,vandal,rifle,,0.5711,0.6322
1543.375,2971,ACTIVE_ROUND,10,5,6,57.000,,,s0pp,FUT Esports,chamber,True,100,50,0,8,1,7,True,vandal,rifle,,0.8556,0.2756,xeus,FUT Esports,jett,False,,50,2,1,0,7,False,vandal,rifle,,,,sociablEE,FUT Esports,fade,True,100,25,2,1,0,7,True,phantom,rifle,,0.8322,0.1800,yetujey,FUT Esports,astra,True,100,50,0,0,0,2,False,classic,sidearm,,0.3244,0.3811,KROSTALY,FUT Esports,kayo,False,,50,1,1,0,6,False,vandal,rifle,,,,Chronicle,Team Vitality,chamber,True,100,50,0,8,1,6,False,vandal,rifle,,0.5033,0.6400,Derke,Team Vitality,neon,True,100,50,0,0,0,0,False,phantom,rifle,,0.8200,0.4356,Jamppi,Team Vitality,kayo,False,,50,1,1,0,0,False,stinger,smg,,,,Sayonara,Team Vitality,sova,True,100,50,0,2,0,4,False,phantom,rifle,,0.5044,0.5933,PROFEK,Team Vitality,astra,True,100,50,1,2,0,5,False,vandal,rifle,,0.5711,0.6322
1543.859,2972,ACTIVE_ROUND,10,5,6,56.000,,,s0pp,FUT Esports,chamber,True,100,50,0,8,1,7,True,vandal,rifle,,0.8556,0.2756,xeus,FUT Esports,jett,False,,50,2,1,0,7,False,vandal,rifle,,,,sociablEE,FUT Esports,fade,True,100,25,2,1,0,7,True,phantom,rifle,,0.8478,0.1911,yetujey,FUT Esports,astra,True,100,50,0,0,0,2,False,phantom,rifle,,0.3467,0.3744,KROSTALY,FUT Esports,kayo,False,,50,1,1,0,6,False,vandal,rifle,,,,Chronicle,Team Vitality,chamber,True,100,50,1,8,1,6,False,vandal,rifle,,0.5100,0.6222,Derke,Team Vitality,neon,True,100,50,0,0,0,0,False,phantom,rifle,,0.8222,0.4200,Jamppi,Team Vitality,kayo,False,,50,1,1,0,0,False,stinger,smg,,,,Sayonara,Team Vitality,sova,True,100,50,0,2,0,4,False,phantom,rifle,,0.5044,0.5933,PROFEK,Team Vitality,astra,True,100,50,0,2,0,5,False,vandal,rifle,,0.5800,0.6122
1544.343,2973,ACTIVE_ROUND,10,5,6,56.000,,,s0pp,FUT Esports,chamber,True,100,50,0,8,1,7,True,vandal,rifle,,0.8556,0.2756,xeus,FUT Esports,jett,False,,50,2,1,0,7,False,vandal,rifle,,,,sociablEE,FUT Esports,fade,True,100,25,2,1,0,7,True,phantom,rifle,,0.8633,0.2044,yetujey,FUT Esports,astra,True,100,50,0,0,0,2,False,phantom,rifle,,0.3622,0.3567,KROSTALY,FUT Esports,kayo,False,,50,1,1,0,6,False,vandal,rifle,,,,Chronicle,Team Vitality,chamber,True,100,50,1,8,1,6,False,vandal,rifle,,0.7767,0.4356,Derke,Team Vitality,neon,True,100,50,0,0,0,0,False,phantom,rifle,,0.8222,0.4089,Jamppi,Team Vitality,kayo,False,,50,1,1,0,0,False,stinger,smg,,,,Sayonara,Team Vitality,sova,True,100,50,0,2,0,4,False,phantom,rifle,,0.5044,0.5933,PROFEK,Team Vitality,astra,True,100,50,0,2,0,5,False,vandal,rifle,,0.5822,0.6011
1544.827,2974,ACTIVE_ROUND,10,5,6,55.000,,,s0pp,FUT Esports,chamber,True,100,50,0,8,1,7,True,vandal,rifle,,0.8556,0.2756,xeus,FUT Esports,jett,False,,50,2,1,0,7,False,vandal,rifle,,,,sociablEE,FUT Esports,fade,True,100,25,2,1,0,7,True,phantom,rifle,,0.8633,0.2044,yetujey,FUT Esports,astra,True,100,50,0,0,0,2,False,phantom,rifle,,0.3622,0.3456,KROSTALY,FUT Esports,kayo,False,,50,1,1,0,6,False,vandal,rifle,,,,Chronicle,Team Vitality,chamber,True,100,50,1,8,1,6,False,vandal,rifle,,0.5167,0.6133,Derke,Team Vitality,neon,True,100,50,0,0,0,0,False,phantom,rifle,,0.8267,0.3911,Jamppi,Team Vitality,kayo,False,,50,1,1,0,0,False,stinger,smg,,,,Sayonara,Team Vitality,sova,True,100,50,0,2,0,4,False,phantom,rifle,,0.5044,0.5933,PROFEK,Team Vitality,astra,True,100,50,0,2,0,5,False,vandal,rifle,,0.5822,0.6011
1545.310,2975,ACTIVE_ROUND,10,5,6,55.000,,,s0pp,FUT Esports,chamber,True,100,50,0,8,1,7,True,vandal,rifle,,0.8556,0.2756,xeus,FUT Esports,jett,False,,50,2,1,0,7,False,vandal,rifle,,,,sociablEE,FUT Esports,fade,True,100,25,2,1,0,7,True,phantom,rifle,,0.3633,0.3533,yetujey,FUT Esports,astra,True,100,50,0,0,0,2,False,phantom,rifle,,0.3311,0.8256,KROSTALY,FUT Esports,kayo,False,,50,1,1,0,6,False,vandal,rifle,,,,Chronicle,Team Vitality,chamber,True,100,50,1,8,1,6,False,vandal,rifle,,0.8522,0.4200,Derke,Team Vitality,neon,True,100,50,0,0,0,0,False,phantom,rifle,,0.8178,0.3778,Jamppi,Team Vitality,kayo,False,,50,1,1,0,0,False,stinger,smg,,,,Sayonara,Team Vitality,sova,True,100,50,0,2,0,4,False,phantom,rifle,,0.5044,0.5933,PROFEK,Team Vitality,astra,True,100,50,0,2,0,5,False,vandal,rifle,,0.5844,0.5878
1545.794,2976,ACTIVE_ROUND,10,5,6,54.000,,,s0pp,FUT Esports,chamber,True,100,50,0,8,1,7,True,vandal,rifle,,0.8556,0.2756,xeus,FUT Esports,jett,False,,50,2,1,0,7,False,vandal,rifle,,,,sociablEE,FUT Esports,fade,True,100,25,2,1,0,7,True,phantom,rifle,,0.3633,0.3533,yetujey,FUT Esports,astra,True,100,50,0,0,0,2,False,phantom,rifle,,0.5356,0.1056,KROSTALY,FUT Esports,kayo,False,,50,1,1,0,6,False,vandal,rifle,,,,Chronicle,Team Vitality,chamber,True,100,50,1,8,1,6,False,vandal,rifle,,0.5167,0.6000,Derke,Team Vitality,neon,True,100,50,0,0,0,0,False,phantom,rifle,,0.8178,0.3778,Jamppi,Team Vitality,kayo,False,,50,1,1,0,0,False,stinger,smg,,,,Sayonara,Team Vitality,sova,True,100,50,0,2,0,4,False,phantom,rifle,,0.5044,0.5933,PROFEK,Team Vitality,astra,True,100,50,1,0,0,5,False,vandal,rifle,,0.5844,0.5878
1546.278,2977,ACTIVE_ROUND,10,5,6,54.000,,,s0pp,FUT Esports,chamber,True,100,50,0,8,1,7,True,vandal,rifle,,0.8556,0.2778,xeus,FUT Esports,jett,False,,50,2,1,0,7,False,vandal,rifle,,,,sociablEE,FUT Esports,fade,True,100,25,2,1,0,7,True,phantom,rifle,,0.8967,0.2400,yetujey,FUT Esports,astra,True,100,50,0,0,0,2,False,phantom,rifle,,0.3667,0.3522,KROSTALY,FUT Esports,kayo,False,,50,1,1,0,6,False,vandal,rifle,,,,Chronicle,Team Vitality,chamber,True,100,50,1,8,1,6,False,vandal,rifle,,0.5344,0.2533,Derke,Team Vitality,neon,True,100,50,0,0,0,0,False,phantom,rifle,,0.7889,0.3711,Jamppi,Team Vitality,kayo,False,,50,1,1,0,0,False,stinger,smg,,,,Sayonara,Team Vitality,sova,True,100,50,0,2,0,4,False,phantom,rifle,,0.5044,0.5933,PROFEK,Team Vitality,astra,True,100,50,1,0,0,5,False,vandal,rifle,,0.5844,0.5878
1546.762,2978,ACTIVE_ROUND,10,5,6,53.000,,,s0pp,FUT Esports,chamber,True,100,50,0,8,1,7,True,vandal,rifle,,0.8556,0.2778,xeus,FUT Esports,jett,False,,50,2,1,0,7,False,vandal,rifle,,,,sociablEE,FUT Esports,fade,True,100,25,2,1,0,7,True,phantom,rifle,,0.9078,0.2578,yetujey,FUT Esports,astra,True,100,50,0,0,0,2,False,phantom,rifle,,0.3667,0.3522,KROSTALY,FUT Esports,kayo,False,,50,1,1,0,6,False,vandal,rifle,,,,Chronicle,Team Vitality,chamber,True,100,50,1,8,1,6,False,vandal,rifle,,0.8011,0.4667,Derke,Team Vitality,neon,True,100,50,0,0,0,0,False,phantom,rifle,,0.7778,0.3644,Jamppi,Team Vitality,kayo,False,,50,1,1,0,0,False,stinger,smg,,,,Sayonara,Team Vitality,sova,True,100,50,0,2,0,4,False,phantom,rifle,,0.5044,0.5933,PROFEK,Team Vitality,astra,True,100,50,1,0,0,5,False,vandal,rifle,,0.5844,0.5878
1547.246,2979,ACTIVE_ROUND,10,5,6,53.000,,,s0pp,FUT Esports,chamber,True,100,50,0,8,1,7,True,vandal,rifle,,0.8556,0.2778,xeus,FUT Esports,jett,False,,50,2,1,0,7,False,vandal,rifle,,,,sociablEE,FUT Esports,fade,True,100,25,2,1,0,7,True,phantom,rifle,,0.9167,0.2778,yetujey,FUT Esports,astra,True,100,50,0,0,0,2,False,phantom,rifle,,0.2689,0.8256,KROSTALY,FUT Esports,kayo,False,,50,1,1,0,6,False,vandal,rifle,,,,Chronicle,Team Vitality,chamber,True,100,50,1,8,1,6,False,vandal,rifle,,0.8900,0.4200,Derke,Team Vitality,neon,True,100,50,0,0,0,0,False,phantom,rifle,,0.7622,0.3556,Jamppi,Team Vitality,kayo,False,,50,1,1,0,0,False,stinger,smg,,,,Sayonara,Team Vitality,sova,True,100,50,0,2,0,4,False,phantom,rifle,,0.5044,0.5933,PROFEK,Team Vitality,astra,True,100,50,1,0,0,5,False,vandal,rifle,,0.5844,0.5878
1547.730,2980,ACTIVE_ROUND,10,5,6,52.000,,,s0pp,FUT Esports,chamber,False,,50,0,8,1,0,False,unknown,unknown,,0.8556,0.2778,xeus,FUT Esports,jett,False,,50,2,1,0,7,False,vandal,rifle,,,,sociablEE,FUT Esports,fade,True,100,25,2,1,0,7,True,phantom,rifle,,0.9167,0.2778,yetujey,FUT Esports,astra,True,100,50,0,0,0,2,False,phantom,rifle,,0.4022,0.2922,KROSTALY,FUT Esports,kayo,False,,50,1,1,0,6,False,vandal,rifle,,,,Chronicle,Team Vitality,chamber,True,100,50,1,8,1,7,False,vandal,rifle,,0.6767,0.3822,Derke,Team Vitality,neon,True,100,50,0,0,0,0,False,phantom,rifle,,0.7400,0.3556,Jamppi,Team Vitality,kayo,False,,50,1,1,0,0,False,stinger,smg,,,,Sayonara,Team Vitality,sova,True,100,50,0,2,0,4,False,phantom,rifle,,0.5044,0.5933,PROFEK,Team Vitality,astra,True,100,50,1,1,0,5,False,vandal,rifle,,0.5844,0.5878
1548.213,2981,ACTIVE_ROUND,10,5,6,52.000,,,s0pp,FUT Esports,chamber,False,,50,0,8,1,0,False,unknown,unknown,,,,xeus,FUT Esports,jett,False,,50,2,1,0,7,False,vandal,rifle,,,,sociablEE,FUT Esports,fade,True,100,25,2,1,0,7,True,phantom,rifle,,0.9167,0.2778,yetujey,FUT Esports,astra,True,100,50,0,0,0,2,False,phantom,rifle,,0.0911,0.7522,KROSTALY,FUT Esports,kayo,False,,50,1,1,0,6,False,vandal,rifle,,,,Chronicle,Team Vitality,chamber,True,100,50,1,8,1,7,False,vandal,rifle,,0.3656,0.2933,Derke,Team Vitality,neon,True,100,50,0,0,0,0,False,phantom,rifle,,0.7222,0.3533,Jamppi,Team Vitality,kayo,False,,50,1,1,0,0,False,stinger,smg,,,,Sayonara,Team Vitality,sova,True,100,50,0,2,0,4,False,phantom,rifle,,0.5044,0.5933,PROFEK,Team Vitality,astra,True,100,50,1,1,0,5,False,vandal,rifle,,0.5844,0.5878
1548.697,2982,ACTIVE_ROUND,10,5,6,51.000,,,s0pp,FUT Esports,chamber,False,,50,0,8,1,0,False,unknown,unknown,,,,xeus,FUT Esports,jett,False,,50,2,1,0,7,False,vandal,rifle,,,,sociablEE,FUT Esports,fade,True,100,25,2,1,0,7,True,phantom,rifle,,0.9167,0.2778,yetujey,FUT Esports,astra,True,100,50,0,0,0,2,False,phantom,rifle,,0.0911,0.7522,KROSTALY,FUT Esports,kayo,False,,50,1,1,0,6,False,vandal,rifle,,,,Chronicle,Team Vitality,chamber,True,100,50,1,8,1,7,False,vandal,rifle,,0.3656,0.2933,Derke,Team Vitality,neon,True,100,50,0,0,0,0,False,phantom,rifle,,0.7222,0.3533,Jamppi,Team Vitality,kayo,False,,50,1,1,0,0,False,stinger,smg,,,,Sayonara,Team Vitality,sova,True,100,50,0,2,0,4,False,phantom,rifle,,0.5044,0.5933,PROFEK,Team Vitality,astra,True,100,50,1,1,0,5,False,vandal,rifle,,0.5844,0.5878
1549.181,2983,ACTIVE_ROUND,10,5,6,51.000,,,s0pp,FUT Esports,chamber,False,,50,0,8,1,0,False,unknown,unknown,,,,xeus,FUT Esports,jett,False,,50,2,1,0,7,False,vandal,rifle,,,,sociablEE,FUT Esports,fade,True,100,25,2,1,0,7,True,phantom,rifle,,0.9211,0.3467,yetujey,FUT Esports,astra,True,100,50,0,0,0,2,False,phantom,rifle,,0.5867,0.4389,KROSTALY,FUT Esports,kayo,False,,50,1,1,0,6,False,vandal,rifle,,,,Chronicle,Team Vitality,chamber,True,100,50,1,8,1,7,False,vandal,rifle,,0.5878,0.5467,Derke,Team Vitality,neon,True,100,50,0,0,0,0,False,phantom,rifle,,0.7222,0.3533,Jamppi,Team Vitality,kayo,False,,50,1,1,0,0,False,stinger,smg,,,,Sayonara,Team Vitality,sova,True,100,50,0,2,0,4,False,phantom,rifle,,0.5044,0.5933,PROFEK,Team Vitality,astra,True,100,50,1,1,0,5,False,vandal,rifle,,0.5844,0.5878
1549.665,2984,ACTIVE_ROUND,10,5,6,50.000,,,s0pp,FUT Esports,chamber,False,,50,0,8,1,0,False,unknown,unknown,,,,xeus,FUT Esports,jett,False,,50,2,1,0,7,False,vandal,rifle,,,,sociablEE,FUT Esports,fade,True,100,25,2,1,0,0,False,phantom,rifle,,0.9211,0.3467,yetujey,FUT Esports,astra,True,100,50,0,0,0,2,False,phantom,rifle,,0.4867,0.2567,KROSTALY,FUT Esports,kayo,False,,50,1,1,0,6,False,vandal,rifle,,,,Chronicle,Team Vitality,chamber,True,100,50,1,8,1,7,False,vandal,rifle,,0.5811,0.5644,Derke,Team Vitality,neon,True,100,50,0,0,0,0,False,phantom,rifle,,0.7111,0.3467,Jamppi,Team Vitality,kayo,False,,50,1,1,0,0,False,stinger,smg,,,,Sayonara,Team Vitality,sova,True,93,1,0,2,0,4,False,phantom,rifle,,0.5044,0.5933,PROFEK,Team Vitality,astra,True,100,50,1,0,0,5,False,vandal,rifle,,0.5844,0.5878
1550.149,2985,ACTIVE_ROUND,10,5,6,50.000,,,s0pp,FUT Esports,chamber,False,,50,0,8,1,0,False,unknown,unknown,,,,xeus,FUT Esports,jett,False,,50,2,1,0,7,False,vandal,rifle,,,,sociablEE,FUT Esports,fade,True,100,25,2,1,0,0,False,phantom,rifle,,0.9278,0.3378,yetujey,FUT Esports,astra,True,100,50,0,0,0,2,False,phantom,rifle,,0.5111,0.2500,KROSTALY,FUT Esports,kayo,False,,50,1,1,0,6,False,vandal,rifle,,,,Chronicle,Team Vitality,chamber,True,100,50,1,8,1,7,False,vandal,rifle,,0.7767,0.4156,Derke,Team Vitality,neon,True,100,50,0,0,0,0,False,phantom,rifle,,0.6956,0.3422,Jamppi,Team Vitality,kayo,False,,50,1,1,0,0,False,stinger,smg,,,,Sayonara,Team Vitality,sova,True,93,1,0,2,0,4,False,phantom,rifle,,0.5044,0.5933,PROFEK,Team Vitality,astra,True,100,50,1,0,0,5,False,vandal,rifle,,0.8711,0.4767
1550.632,2986,ACTIVE_ROUND,10,5,6,50.000,,,s0pp,FUT Esports,chamber,False,,50,0,8,1,0,False,unknown,unknown,,,,xeus,FUT Esports,jett,False,,50,2,1,0,7,False,vandal,rifle,,,,sociablEE,FUT Esports,fade,True,100,25,2,1,0,0,False,phantom,rifle,,0.9211,0.3333,yetujey,FUT Esports,astra,True,100,50,0,0,0,2,False,phantom,rifle,,0.5111,0.2500,KROSTALY,FUT Esports,kayo,False,,50,1,1,0,6,False,vandal,rifle,,,,Chronicle,Team Vitality,chamber,True,100,50,1,8,1,7,False,vandal,rifle,,0.7767,0.4156,Derke,Team Vitality,neon,True,100,50,0,0,0,0,False,phantom,rifle,,0.6956,0.3422,Jamppi,Team Vitality,kayo,False,,50,1,1,0,0,False,stinger,smg,,,,Sayonara,Team Vitality,sova,True,74,1,0,2,0,4,False,phantom,rifle,,0.5044,0.5933,PROFEK,Team Vitality,astra,True,100,50,1,0,0,5,False,vandal,rifle,,0.8711,0.4767
1551.116,2987,ACTIVE_ROUND,10,5,6,49.000,,,s0pp,FUT Esports,chamber,False,,50,0,8,1,0,False,unknown,unknown,,,,xeus,FUT Esports,jett,False,,50,2,1,0,7,False,vandal,rifle,,,,sociablEE,FUT Esports,fade,True,100,25,2,1,0,0,False,phantom,rifle,,0.9122,0.3356,yetujey,FUT Esports,astra,True,100,50,0,0,0,2,False,phantom,rifle,,0.5444,0.2322,KROSTALY,FUT Esports,kayo,False,,50,1,1,0,6,False,vandal,rifle,,,,Chronicle,Team Vitality,chamber,True,100,50,1,8,1,7,False,vandal,rifle,,0.7767,0.4156,Derke,Team Vitality,neon,True,100,50,0,0,0,0,False,phantom,rifle,,0.7067,0.3444,Jamppi,Team Vitality,kayo,False,,50,1,1,0,0,False,stinger,smg,,,,Sayonara,Team Vitality,sova,True,74,1,0,2,0,4,False,phantom,rifle,,0.5044,0.5933,PROFEK,Team Vitality,astra,True,100,50,1,0,0,5,False,vandal,rifle,,0.7311,0.3678
1551.600,2988,ACTIVE_ROUND,10,5,6,49.000,,,s0pp,FUT Esports,chamber,False,,50,0,8,1,0,False,unknown,unknown,,,,xeus,FUT Esports,jett,False,,50,2,1,0,7,False,vandal,rifle,,,,sociablEE,FUT Esports,fade,True,100,25,2,1,0,0,False,phantom,rifle,,0.9078,0.3333,yetujey,FUT Esports,astra,True,100,50,0,0,0,2,False,phantom,rifle,,0.5600,0.2233,KROSTALY,FUT Esports,kayo,False,,50,1,1,0,6,False,vandal,rifle,,,,Chronicle,Team Vitality,chamber,True,100,50,1,8,1,7,False,vandal,rifle,,0.7767,0.4156,Derke,Team Vitality,neon,True,100,50,0,0,0,0,False,phantom,rifle,,0.7200,0.3489,Jamppi,Team Vitality,kayo,False,,50,1,1,0,0,False,stinger,smg,,,,Sayonara,Team Vitality,sova,True,74,1,0,2,0,4,False,phantom,rifle,,0.5044,0.5933,PROFEK,Team Vitality,astra,True,100,50,0,2,0,5,False,vandal,rifle,,0.8711,0.4767
1552.084,2989,ACTIVE_ROUND,10,5,6,48.000,,,s0pp,FUT Esports,chamber,False,,50,0,8,1,0,False,unknown,unknown,,,,xeus,FUT Esports,jett,False,,50,2,1,0,7,False,vandal,rifle,,,,sociablEE,FUT Esports,fade,True,100,25,2,1,0,0,False,phantom,rifle,,0.9011,0.3333,yetujey,FUT Esports,astra,True,100,50,0,0,0,2,False,phantom,rifle,,0.5600,0.2233,KROSTALY,FUT Esports,kayo,False,,50,1,1,0,6,False,vandal,rifle,,,,Chronicle,Team Vitality,chamber,True,100,50,1,8,1,7,False,vandal,rifle,,0.7767,0.4178,Derke,Team Vitality,neon,True,100,50,0,0,0,0,False,phantom,rifle,,0.7356,0.3600,Jamppi,Team Vitality,kayo,False,,50,1,1,0,0,False,stinger,smg,,,,Sayonara,Team Vitality,sova,True,74,1,0,2,0,4,False,phantom,rifle,,0.5044,0.5933,PROFEK,Team Vitality,astra,True,100,50,0,2,0,5,False,vandal,rifle,,0.6556,0.5389
1552.568,2990,ACTIVE_ROUND,10,5,6,48.000,,,s0pp,FUT Esports,chamber,False,,50,0,8,1,0,False,unknown,unknown,,,,xeus,FUT Esports,jett,False,,50,2,1,0,7,False,vandal,rifle,,,,sociablEE,FUT Esports,fade,False,,25,2,1,0,0,False,phantom,rifle,,0.9011,0.3333,yetujey,FUT Esports,astra,True,100,50,0,0,0,2,False,phantom,rifle,,0.6533,0.3456,KROSTALY,FUT Esports,kayo,False,,50,1,1,0,6,False,vandal,rifle,,,,Chronicle,Team Vitality,chamber,True,100,50,1,8,1,7,False,vandal,rifle,,0.7767,0.4156,Derke,Team Vitality,neon,True,100,50,0,0,0,0,False,phantom,rifle,,0.7489,0.3689,Jamppi,Team Vitality,kayo,False,,50,1,1,0,0,False,stinger,smg,,,,Sayonara,Team Vitality,sova,True,74,1,0,2,0,4,False,phantom,rifle,,0.5044,0.5933,PROFEK,Team Vitality,astra,True,100,50,0,2,0,5,False,vandal,rifle,,0.6511,0.5322
1553.052,2991,ACTIVE_ROUND,10,5,6,47.000,,,s0pp,FUT Esports,chamber,False,,50,0,8,1,0,False,unknown,unknown,,,,xeus,FUT Esports,jett,False,,50,2,1,0,7,False,vandal,rifle,,,,sociablEE,FUT Esports,fade,False,,25,2,1,0,0,False,phantom,rifle,,,,yetujey,FUT Esports,astra,True,100,50,0,0,0,2,False,phantom,rifle,,0.5867,0.2078,KROSTALY,FUT Esports,kayo,False,,50,1,1,0,6,False,vandal,rifle,,,,Chronicle,Team Vitality,chamber,True,100,50,1,8,1,7,False,vandal,rifle,,0.7767,0.4156,Derke,Team Vitality,neon,True,100,50,0,0,0,0,False,phantom,rifle,,0.7489,0.3689,Jamppi,Team Vitality,kayo,False,,50,1,1,0,0,False,stinger,smg,,,,Sayonara,Team Vitality,sova,True,74,1,0,2,0,4,False,phantom,rifle,,0.5044,0.5933,PROFEK,Team Vitality,astra,True,100,50,0,2,0,5,False,vandal,rifle,,0.6467,0.5278
1553.535,2992,ACTIVE_ROUND,10,5,6,47.000,,,s0pp,FUT Esports,chamber,False,,50,0,8,1,0,False,unknown,unknown,,,,xeus,FUT Esports,jett,False,,50,2,1,0,7,False,vandal,rifle,,,,sociablEE,FUT Esports,fade,False,,25,2,1,0,0,False,phantom,rifle,,,,yetujey,FUT Esports,astra,True,100,50,1,0,0,2,False,phantom,rifle,,0.5867,0.2078,KROSTALY,FUT Esports,kayo,False,,50,1,1,0,6,False,vandal,rifle,,,,Chronicle,Team Vitality,chamber,True,100,50,1,8,1,7,True,vandal,rifle,,0.7767,0.4178,Derke,Team Vitality,neon,True,100,50,0,0,0,0,False,phantom,rifle,,0.7489,0.3689,Jamppi,Team Vitality,kayo,False,,50,1,1,0,0,False,stinger,smg,,,,Sayonara,Team Vitality,sova,True,74,1,0,2,0,4,False,phantom,rifle,,0.6067,0.5222,PROFEK,Team Vitality,astra,True,100,50,1,1,0,5,False,vandal,rifle,,0.8711,0.4767
1554.019,2993,ACTIVE_ROUND,10,5,6,46.000,,,s0pp,FUT Esports,chamber,False,,50,0,8,1,0,False,unknown,unknown,,,,xeus,FUT Esports,jett,False,,50,2,1,0,7,False,vandal,rifle,,,,sociablEE,FUT Esports,fade,False,,25,2,1,0,0,False,phantom,rifle,,,,yetujey,FUT Esports,astra,True,100,50,1,0,0,2,False,phantom,rifle,,0.5867,0.2078,KROSTALY,FUT Esports,kayo,False,,50,1,1,0,6,False,vandal,rifle,,,,Chronicle,Team Vitality,chamber,True,100,50,1,8,1,7,True,vandal,rifle,,0.5700,0.5511,Derke,Team Vitality,neon,True,100,50,0,0,0,0,False,phantom,rifle,,0.7489,0.3689,Jamppi,Team Vitality,kayo,False,,50,1,1,0,0,False,stinger,smg,,,,Sayonara,Team Vitality,sova,True,74,1,0,2,0,4,False,phantom,rifle,,0.6067,0.5222,PROFEK,Team Vitality,astra,True,100,50,1,1,0,5,False,vandal,rifle,,0.8711,0.4767
1554.503,2994,ACTIVE_ROUND,10,5,6,46.000,,,s0pp,FUT Esports,chamber,False,,50,0,8,1,0,False,unknown,unknown,,,,xeus,FUT Esports,jett,False,,50,2,1,0,7,False,vandal,rifle,,,,sociablEE,FUT Esports,fade,False,,25,2,1,0,0,False,phantom,rifle,,,,yetujey,FUT Esports,astra,True,100,50,1,0,0,2,False,phantom,rifle,,0.5867,0.2078,KROSTALY,FUT Esports,kayo,False,,50,1,1,0,6,False,vandal,rifle,,,,Chronicle,Team Vitality,chamber,True,100,50,1,8,1,7,True,vandal,rifle,,0.5611,0.5467,Derke,Team Vitality,neon,True,100,50,0,0,0,0,False,phantom,rifle,,0.7489,0.3689,Jamppi,Team Vitality,kayo,False,,50,1,1,0,0,False,stinger,smg,,,,Sayonara,Team Vitality,sova,True,74,1,0,2,0,4,False,phantom,rifle,,0.6067,0.5222,PROFEK,Team Vitality,astra,True,100,50,1,1,0,5,False,vandal,rifle,,0.8711,0.4767
1554.987,2995,ACTIVE_ROUND,10,5,6,45.000,,,s0pp,FUT Esports,chamber,False,,50,0,8,1,0,False,unknown,unknown,,,,xeus,FUT Esports,jett,False,,50,2,1,0,7,False,vandal,rifle,,,,sociablEE,FUT Esports,fade,False,,25,2,1,0,0,False,phantom,rifle,,,,yetujey,FUT Esports,astra,True,100,50,1,0,0,2,False,phantom,rifle,,0.5867,0.2078,KROSTALY,FUT Esports,kayo,False,,50,1,1,0,6,False,vandal,rifle,,,,Chronicle,Team Vitality,chamber,True,100,50,1,8,1,7,True,vandal,rifle,,0.9056,0.4244,Derke,Team Vitality,neon,True,100,50,0,0,0,0,False,phantom,rifle,,0.7844,0.3756,Jamppi,Team Vitality,kayo,False,,50,1,1,0,0,False,stinger,smg,,,,Sayonara,Team Vitality,sova,True,74,1,0,2,0,4,False,phantom,rifle,,0.5956,0.5222,PROFEK,Team Vitality,astra,True,100,50,1,1,0,5,False,vandal,rifle,,0.8711,0.4767
1555.471,2996,ACTIVE_ROUND,10,5,6,45.000,,,s0pp,FUT Esports,chamber,False,,50,0,8,1,0,False,unknown,unknown,,,,xeus,FUT Esports,jett,False,,50,2,1,0,7,False,vandal,rifle,,,,sociablEE,FUT Esports,fade,False,,25,2,1,0,0,False,phantom,rifle,,,,yetujey,FUT Esports,astra,True,100,50,0,0,0,2,False,phantom,rifle,,0.5867,0.1989,KROSTALY,FUT Esports,kayo,False,,50,1,1,0,6,False,vandal,rifle,,,,Chronicle,Team Vitality,chamber,True,100,50,1,8,1,7,True,vandal,rifle,,0.7767,0.4200,Derke,Team Vitality,neon,True,100,50,0,0,0,0,False,phantom,rifle,,0.7911,0.3689,Jamppi,Team Vitality,kayo,False,,50,1,1,0,0,False,stinger,smg,,,,Sayonara,Team Vitality,sova,True,74,1,0,2,0,4,False,phantom,rifle,,0.5956,0.5222,PROFEK,Team Vitality,astra,True,100,50,1,1,0,5,False,vandal,rifle,,0.8711,0.4767
1555.954,2997,ACTIVE_ROUND,10,5,6,44.000,,,s0pp,FUT Esports,chamber,False,,50,0,8,1,0,False,unknown,unknown,,,,xeus,FUT Esports,jett,False,,50,2,1,0,7,False,vandal,rifle,,,,sociablEE,FUT Esports,fade,False,,25,2,1,0,0,False,phantom,rifle,,,,yetujey,FUT Esports,astra,True,100,50,0,0,0,2,False,phantom,rifle,,0.5867,0.2056,KROSTALY,FUT Esports,kayo,False,,50,1,1,0,6,False,vandal,rifle,,,,Chronicle,Team Vitality,chamber,True,100,50,1,8,1,7,True,vandal,rifle,,0.7767,0.4156,Derke,Team Vitality,neon,True,100,50,0,0,0,0,False,phantom,rifle,,0.8156,0.3667,Jamppi,Team Vitality,kayo,False,,50,1,1,0,0,False,stinger,smg,,,,Sayonara,Team Vitality,sova,True,74,1,0,2,0,4,False,phantom,rifle,,0.5956,0.5222,PROFEK,Team Vitality,astra,True,100,50,1,1,0,5,False,vandal,rifle,,0.8711,0.4767
1556.438,2998,ACTIVE_ROUND,10,5,6,44.000,,,s0pp,FUT Esports,chamber,False,,50,0,8,1,0,False,unknown,unknown,,,,xeus,FUT Esports,jett,False,,50,2,1,0,7,False,vandal,rifle,,,,sociablEE,FUT Esports,fade,False,,25,2,1,0,0,False,phantom,rifle,,,,yetujey,FUT Esports,astra,True,100,50,0,0,0,2,False,phantom,rifle,,0.5867,0.2056,KROSTALY,FUT Esports,kayo,False,,50,1,1,0,6,False,vandal,rifle,,,,Chronicle,Team Vitality,chamber,True,100,50,1,8,1,7,True,vandal,rifle,,0.8944,0.4244,Derke,Team Vitality,neon,True,100,50,0,0,0,0,False,phantom,rifle,,0.8444,0.3511,Jamppi,Team Vitality,kayo,False,,50,1,1,0,0,False,stinger,smg,,,,Sayonara,Team Vitality,sova,True,74,1,0,2,0,4,False,phantom,rifle,,0.6822,0.5133,PROFEK,Team Vitality,astra,True,100,50,1,1,0,5,False,vandal,rifle,,0.8711,0.4767
1556.922,2999,ACTIVE_ROUND,10,5,6,43.000,,,s0pp,FUT Esports,chamber,False,,50,0,8,1,0,False,unknown,unknown,,,,xeus,FUT Esports,jett,False,,50,2,1,0,7,False,vandal,rifle,,,,sociablEE,FUT Esports,fade,False,,25,2,1,0,0,False,phantom,rifle,,,,yetujey,FUT Esports,astra,True,100,50,0,0,0,2,False,phantom,rifle,,0.5911,0.1967,KROSTALY,FUT Esports,kayo,False,,50,1,1,0,6,False,vandal,rifle,,,,Chronicle,Team Vitality,chamber,True,100,50,1,8,1,7,True,vandal,rifle,,0.7767,0.4156,Derke,Team Vitality,neon,True,100,50,0,0,0,0,False,phantom,rifle,,0.8667,0.3444,Jamppi,Team Vitality,kayo,False,,50,1,1,0,0,False,stinger,smg,,,,Sayonara,Team Vitality,sova,True,74,1,0,2,0,4,False,phantom,rifle,,0.6822,0.5133,PROFEK,Team Vitality,astra,True,100,50,1,1,0,5,False,vandal,rifle,,0.6467,0.5300
1557.406,3000,ACTIVE_ROUND,10,5,6,43.000,,,s0pp,FUT Esports,chamber,False,,50,0,8,1,0,False,unknown,unknown,,,,xeus,FUT Esports,jett,False,,50,2,1,0,7,False,vandal,rifle,,,,sociablEE,FUT Esports,fade,False,,25,2,1,0,0,False,phantom,rifle,,,,yetujey,FUT Esports,astra,True,100,50,0,0,0,2,False,phantom,rifle,,0.6022,0.1944,KROSTALY,FUT Esports,kayo,False,,50,1,1,0,6,False,vandal,rifle,,,,Chronicle,Team Vitality,chamber,True,100,50,1,8,1,7,True,vandal,rifle,,0.7767,0.4156,Derke,Team Vitality,neon,True,100,50,0,0,0,0,False,phantom,rifle,,0.8644,0.3444,Jamppi,Team Vitality,kayo,False,,50,1,1,0,0,False,stinger,smg,,,,Sayonara,Team Vitality,sova,True,100,50,0,2,0,4,False,phantom,rifle,,0.6822,0.5133,PROFEK,Team Vitality,astra,True,100,50,2,2,0,5,False,vandal,rifle,,0.6467,0.5300
1557.890,3001,ACTIVE_ROUND,10,5,6,42.000,,,s0pp,FUT Esports,chamber,False,,50,0,8,1,0,False,unknown,unknown,,,,xeus,FUT Esports,jett,False,,50,2,1,0,7,False,vandal,rifle,,,,sociablEE,FUT Esports,fade,False,,25,2,1,0,0,False,phantom,rifle,,,,yetujey,FUT Esports,astra,True,100,50,0,0,0,2,False,phantom,rifle,,0.6133,0.1944,KROSTALY,FUT Esports,kayo,False,,50,1,1,0,6,False,vandal,rifle,,,,Chronicle,Team Vitality,chamber,True,100,50,1,8,1,7,True,vandal,rifle,,0.7767,0.4156,Derke,Team Vitality,neon,True,100,50,0,0,0,0,False,phantom,rifle,,0.8622,0.3444,Jamppi,Team Vitality,kayo,False,,50,1,1,0,0,False,stinger,smg,,,,Sayonara,Team Vitality,sova,True,100,50,0,2,0,4,False,phantom,rifle,,0.6822,0.5133,PROFEK,Team Vitality,astra,True,100,50,2,2,0,5,False,vandal,rifle,,0.6467,0.5300
1558.373,3002,ACTIVE_ROUND,10,5,6,42.000,,,s0pp,FUT Esports,chamber,False,,50,0,8,1,0,False,unknown,unknown,,,,xeus,FUT Esports,jett,False,,50,2,1,0,7,False,vandal,rifle,,,,sociablEE,FUT Esports,fade,False,,25,2,1,0,0,False,phantom,rifle,,,,yetujey,FUT Esports,astra,True,100,50,0,0,0,2,False,phantom,rifle,,0.6244,0.1944,KROSTALY,FUT Esports,kayo,False,,50,1,1,0,6,False,vandal,rifle,,,,Chronicle,Team Vitality,chamber,True,100,50,1,8,1,7,True,vandal,rifle,,0.7767,0.4156,Derke,Team Vitality,neon,True,100,50,0,0,0,0,False,phantom,rifle,,0.8644,0.3444,Jamppi,Team Vitality,kayo,False,,50,1,1,0,0,False,stinger,smg,,,,Sayonara,Team Vitality,sova,True,100,50,0,2,0,4,False,phantom,rifle,,0.6822,0.5133,PROFEK,Team Vitality,astra,True,100,50,2,2,0,5,False,vandal,rifle,,0.8711,0.4767
1558.857,3003,ACTIVE_ROUND,10,5,6,41.000,,,s0pp,FUT Esports,chamber,False,,50,0,8,1,0,False,unknown,unknown,,,,xeus,FUT Esports,jett,False,,50,2,1,0,7,False,vandal,rifle,,,,sociablEE,FUT Esports,fade,False,,25,2,1,0,0,False,phantom,rifle,,,,yetujey,FUT Esports,astra,True,100,50,0,0,0,2,False,phantom,rifle,,0.6356,0.1944,KROSTALY,FUT Esports,kayo,False,,50,1,1,0,6,False,vandal,rifle,,,,Chronicle,Team Vitality,chamber,True,100,50,1,8,1,7,True,vandal,rifle,,0.7767,0.4156,Derke,Team Vitality,neon,True,100,50,0,0,0,0,False,phantom,rifle,,0.8667,0.3422,Jamppi,Team Vitality,kayo,False,,50,1,1,0,0,False,stinger,smg,,,,Sayonara,Team Vitality,sova,True,100,50,0,2,0,4,False,phantom,rifle,,0.6822,0.5133,PROFEK,Team Vitality,astra,True,100,50,2,2,0,5,False,vandal,rifle,,0.8711,0.4611
1559.341,3004,ACTIVE_ROUND,10,5,6,41.000,,,s0pp,FUT Esports,chamber,False,,50,0,8,1,0,False,unknown,unknown,,,,xeus,FUT Esports,jett,False,,50,2,1,0,7,False,vandal,rifle,,,,sociablEE,FUT Esports,fade,False,,25,2,1,0,0,False,phantom,rifle,,,,yetujey,FUT Esports,astra,True,100,50,0,0,0,2,False,phantom,rifle,,0.6467,0.1944,KROSTALY,FUT Esports,kayo,False,,50,1,1,0,6,False,vandal,rifle,,,,Chronicle,Team Vitality,chamber,True,100,50,1,8,1,7,True,vandal,rifle,,0.8989,0.4244,Derke,Team Vitality,neon,True,100,50,0,0,0,0,False,phantom,rifle,,0.8667,0.3422,Jamppi,Team Vitality,kayo,False,,50,1,1,0,0,False,stinger,smg,,,,Sayonara,Team Vitality,sova,False,,50,0,0,0,5,False,unknown,unknown,,0.6267,0.1911,PROFEK,Team Vitality,astra,True,100,50,2,1,0,5,False,vandal,rifle,,0.8711,0.4611
1559.825,3005,ACTIVE_ROUND,10,5,6,40.000,,,s0pp,FUT Esports,chamber,False,,50,0,8,1,0,False,unknown,unknown,,,,xeus,FUT Esports,jett,False,,50,2,1,0,7,False,vandal,rifle,,,,sociablEE,FUT Esports,fade,False,,25,2,1,0,0,False,phantom,rifle,,,,yetujey,FUT Esports,astra,True,100,50,0,0,0,2,False,phantom,rifle,,0.6600,0.1989,KROSTALY,FUT Esports,kayo,False,,50,1,1,0,6,False,vandal,rifle,,,,Chronicle,Team Vitality,chamber,True,100,50,1,8,1,7,True,vandal,rifle,,0.8233,0.4756,Derke,Team Vitality,neon,False,,50,0,0,0,0,False,phantom,rifle,,0.8667,0.3422,Jamppi,Team Vitality,kayo,False,,50,1,1,0,0,False,stinger,smg,,,,Sayonara,Team Vitality,sova,False,,50,0,0,0,5,False,unknown,unknown,,,,PROFEK,Team Vitality,astra,True,100,50,2,1,0,5,False,vandal,rifle,,0.8711,0.4611
1560.309,3006,ACTIVE_ROUND,10,5,6,40.000,,,s0pp,FUT Esports,chamber,False,,50,0,8,1,0,False,unknown,unknown,,,,xeus,FUT Esports,jett,False,,50,2,1,0,7,False,vandal,rifle,,,,sociablEE,FUT Esports,fade,False,,25,2,1,0,0,False,phantom,rifle,,,,yetujey,FUT Esports,astra,True,100,50,0,0,0,2,False,phantom,rifle,,0.6822,0.2033,KROSTALY,FUT Esports,kayo,False,,50,1,1,0,6,False,vandal,rifle,,,,Chronicle,Team Vitality,chamber,True,100,50,1,8,1,7,True,vandal,rifle,,0.8922,0.4244,Derke,Team Vitality,neon,False,,50,0,0,0,0,False,phantom,rifle,,,,Jamppi,Team Vitality,kayo,False,,50,1,1,0,0,False,stinger,smg,,,,Sayonara,Team Vitality,sova,False,,50,0,0,0,5,False,unknown,unknown,,,,PROFEK,Team Vitality,astra,True,100,50,2,1,0,5,False,vandal,rifle,,0.8711,0.4611
1560.793,3007,ACTIVE_ROUND,10,5,6,39.000,,,s0pp,FUT Esports,chamber,False,,50,0,8,1,0,False,unknown,unknown,,,,xeus,FUT Esports,jett,False,,50,2,1,0,7,False,vandal,rifle,,,,sociablEE,FUT Esports,fade,False,,25,2,1,0,0,False,phantom,rifle,,,,yetujey,FUT Esports,astra,True,100,50,0,0,0,2,False,phantom,rifle,,0.6933,0.2078,KROSTALY,FUT Esports,kayo,False,,50,1,1,0,6,False,vandal,rifle,,,,Chronicle,Team Vitality,chamber,True,100,50,1,8,1,7,True,vandal,rifle,,0.7767,0.4156,Derke,Team Vitality,neon,False,,50,0,0,0,0,False,phantom,rifle,,,,Jamppi,Team Vitality,kayo,False,,50,1,1,0,0,False,stinger,smg,,,,Sayonara,Team Vitality,sova,False,,50,0,0,0,5,False,unknown,unknown,,,,PROFEK,Team Vitality,astra,True,100,50,2,1,0,5,False,vandal,rifle,,0.7022,0.4944
1561.276,3008,ACTIVE_ROUND,10,5,6,39.000,,,s0pp,FUT Esports,chamber,False,,50,0,8,1,0,False,unknown,unknown,,,,xeus,FUT Esports,jett,False,,50,2,1,0,7,False,vandal,rifle,,,,sociablEE,FUT Esports,fade,False,,25,2,1,0,0,False,phantom,rifle,,,,yetujey,FUT Esports,astra,True,100,50,0,0,0,2,False,phantom,rifle,,0.7044,0.2100,KROSTALY,FUT Esports,kayo,False,,50,1,1,0,6,False,vandal,rifle,,,,Chronicle,Team Vitality,chamber,True,100,50,1,8,1,7,True,vandal,rifle,,0.7767,0.4156,Derke,Team Vitality,neon,False,,50,0,0,0,0,False,phantom,rifle,,,,Jamppi,Team Vitality,kayo,False,,50,1,1,0,0,False,stinger,smg,,,,Sayonara,Team Vitality,sova,False,,50,0,0,0,5,False,unknown,unknown,,,,PROFEK,Team Vitality,astra,True,100,50,1,2,0,5,False,vandal,rifle,,0.7111,0.4856
1561.760,3009,ACTIVE_ROUND,10,5,6,38.000,,,s0pp,FUT Esports,chamber,False,,50,0,8,1,0,False,unknown,unknown,,,,xeus,FUT Esports,jett,False,,50,2,1,0,7,False,vandal,rifle,,,,sociablEE,FUT Esports,fade,False,,25,2,1,0,0,False,phantom,rifle,,,,yetujey,FUT Esports,astra,True,100,50,0,0,0,2,False,phantom,rifle,,0.7156,0.2144,KROSTALY,FUT Esports,kayo,False,,50,1,1,0,6,False,vandal,rifle,,,,Chronicle,Team Vitality,chamber,True,100,50,1,8,1,7,True,vandal,rifle,,0.7767,0.4178,Derke,Team Vitality,neon,False,,50,0,0,0,0,False,phantom,rifle,,,,Jamppi,Team Vitality,kayo,False,,50,1,1,0,0,False,stinger,smg,,,,Sayonara,Team Vitality,sova,False,,50,0,0,0,5,False,unknown,unknown,,,,PROFEK,Team Vitality,astra,True,100,50,1,2,0,5,False,vandal,rifle,,0.7156,0.4767
1562.244,3010,ACTIVE_ROUND,10,5,6,38.000,,,s0pp,FUT Esports,chamber,False,,50,0,8,1,0,False,unknown,unknown,,,,xeus,FUT Esports,jett,False,,50,2,1,0,7,False,vandal,rifle,,,,sociablEE,FUT Esports,fade,False,,25,2,1,0,0,False,phantom,rifle,,,,yetujey,FUT Esports,astra,True,100,50,0,0,0,2,False,phantom,rifle,,0.7200,0.2122,KROSTALY,FUT Esports,kayo,False,,50,1,1,0,6,False,vandal,rifle,,,,Chronicle,Team Vitality,chamber,True,100,50,1,8,1,7,True,vandal,rifle,,0.8033,0.4711,Derke,Team Vitality,neon,False,,50,0,0,0,0,False,phantom,rifle,,,,Jamppi,Team Vitality,kayo,False,,50,1,1,0,0,False,stinger,smg,,,,Sayonara,Team Vitality,sova,False,,50,0,0,0,5,False,unknown,unknown,,,,PROFEK,Team Vitality,astra,True,100,50,1,2,0,5,False,vandal,rifle,,0.7156,0.4767
1562.728,3011,ACTIVE_ROUND,10,5,6,37.000,,,s0pp,FUT Esports,chamber,False,,50,0,8,1,0,False,unknown,unknown,,,,xeus,FUT Esports,jett,False,,50,2,1,0,7,False,vandal,rifle,,,,sociablEE,FUT Esports,fade,False,,25,2,1,0,0,False,phantom,rifle,,,,yetujey,FUT Esports,astra,True,100,50,0,0,0,2,False,phantom,rifle,,0.7267,0.2100,KROSTALY,FUT Esports,kayo,False,,50,1,1,0,6,False,vandal,rifle,,,,Chronicle,Team Vitality,chamber,True,100,50,1,8,1,7,True,vandal,rifle,,0.6456,0.5333,Derke,Team Vitality,neon,False,,50,0,0,0,0,False,phantom,rifle,,,,Jamppi,Team Vitality,kayo,False,,50,1,1,0,0,False,stinger,smg,,,,Sayonara,Team Vitality,sova,False,,50,0,0,0,5,False,unknown,unknown,,,,PROFEK,Team Vitality,astra,True,100,50,1,2,0,5,False,vandal,rifle,,0.7156,0.4767
1563.212,3012,ACTIVE_ROUND,10,5,6,37.000,,,s0pp,FUT Esports,chamber,False,,50,0,8,1,0,False,unknown,unknown,,,,xeus,FUT Esports,jett,False,,50,2,1,0,7,False,vandal,rifle,,,,sociablEE,FUT Esports,fade,False,,25,2,1,0,0,False,phantom,rifle,,,,yetujey,FUT Esports,astra,True,100,50,0,0,0,2,False,phantom,rifle,,0.7333,0.2189,KROSTALY,FUT Esports,kayo,False,,50,1,1,0,6,False,vandal,rifle,,,,Chronicle,Team Vitality,chamber,True,100,50,1,8,1,7,True,vandal,rifle,,0.6456,0.5333,Derke,Team Vitality,neon,False,,50,0,0,0,0,False,phantom,rifle,,,,Jamppi,Team Vitality,kayo,False,,50,1,1,0,0,False,stinger,smg,,,,Sayonara,Team Vitality,sova,False,,50,0,0,0,5,False,unknown,unknown,,,,PROFEK,Team Vitality,astra,True,100,50,1,1,0,5,False,vandal,rifle,,0.7156,0.4767
1563.695,3013,ACTIVE_ROUND,10,5,6,36.000,,,s0pp,FUT Esports,chamber,False,,50,0,8,1,0,False,unknown,unknown,,,,xeus,FUT Esports,jett,False,,50,2,1,0,7,False,vandal,rifle,,,,sociablEE,FUT Esports,fade,False,,25,2,1,0,0,False,phantom,rifle,,,,yetujey,FUT Esports,astra,True,100,50,0,0,0,2,False,phantom,rifle,,0.7311,0.2278,KROSTALY,FUT Esports,kayo,False,,50,1,1,0,6,False,vandal,rifle,,,,Chronicle,Team Vitality,chamber,True,100,50,1,8,1,7,True,vandal,rifle,,0.9056,0.4022,Derke,Team Vitality,neon,False,,50,0,0,0,0,False,phantom,rifle,,,,Jamppi,Team Vitality,kayo,False,,50,1,1,0,0,False,stinger,smg,,,,Sayonara,Team Vitality,sova,False,,50,0,0,0,5,False,unknown,unknown,,,,PROFEK,Team Vitality,astra,True,100,50,1,1,0,5,False,vandal,rifle,,0.7156,0.4767
1564.179,3014,ACTIVE_ROUND,10,5,6,36.000,,,s0pp,FUT Esports,chamber,False,,50,0,8,1,0,False,unknown,unknown,,,,xeus,FUT Esports,jett,False,,50,2,1,0,7,False,vandal,rifle,,,,sociablEE,FUT Esports,fade,False,,25,2,1,0,0,False,phantom,rifle,,,,yetujey,FUT Esports,astra,True,100,50,0,0,0,2,False,phantom,rifle,,0.7311,0.2344,KROSTALY,FUT Esports,kayo,False,,50,1,1,0,6,False,vandal,rifle,,,,Chronicle,Team Vitality,chamber,True,100,50,1,8,1,7,True,vandal,rifle,,0.8989,0.3956,Derke,Team Vitality,neon,False,,50,0,0,0,0,False,phantom,rifle,,,,Jamppi,Team Vitality,kayo,False,,50,1,1,0,0,False,stinger,smg,,,,Sayonara,Team Vitality,sova,False,,50,0,0,0,5,False,unknown,unknown,,,,PROFEK,Team Vitality,astra,True,100,50,1,1,0,5,False,vandal,rifle,,0.7200,0.4211
1564.663,3015,ACTIVE_ROUND,10,5,6,35.000,,,s0pp,FUT Esports,chamber,False,,50,0,8,1,0,False,unknown,unknown,,,,xeus,FUT Esports,jett,False,,50,2,1,0,7,False,vandal,rifle,,,,sociablEE,FUT Esports,fade,False,,25,2,1,0,0,False,phantom,rifle,,,,yetujey,FUT Esports,astra,True,100,50,0,0,0,2,False,phantom,rifle,,0.7311,0.2433,KROSTALY,FUT Esports,kayo,False,,50,1,1,0,6,False,vandal,rifle,,,,Chronicle,Team Vitality,chamber,True,100,50,1,8,1,7,True,vandal,rifle,,0.7767,0.4156,Derke,Team Vitality,neon,False,,50,0,0,0,0,False,phantom,rifle,,,,Jamppi,Team Vitality,kayo,False,,50,1,1,0,0,False,stinger,smg,,,,Sayonara,Team Vitality,sova,False,,50,0,0,0,5,False,unknown,unknown,,,,PROFEK,Team Vitality,astra,True,100,50,1,1,0,5,False,vandal,rifle,,0.7200,0.4100
1565.147,3016,ACTIVE_ROUND,10,5,6,35.000,,,s0pp,FUT Esports,chamber,False,,50,0,8,1,0,False,unknown,unknown,,,,xeus,FUT Esports,jett,False,,50,2,1,0,7,False,vandal,rifle,,,,sociablEE,FUT Esports,fade,False,,25,2,1,0,0,False,phantom,rifle,,,,yetujey,FUT Esports,astra,True,100,50,0,0,0,2,False,phantom,rifle,,0.7311,0.2500,KROSTALY,FUT Esports,kayo,False,,50,1,1,0,6,False,vandal,rifle,,,,Chronicle,Team Vitality,chamber,True,100,50,0,8,1,7,True,vandal,rifle,,0.7389,0.7489,Derke,Team Vitality,neon,False,,50,0,0,0,0,False,phantom,rifle,,,,Jamppi,Team Vitality,kayo,False,,50,1,1,0,0,False,stinger,smg,,,,Sayonara,Team Vitality,sova,False,,50,0,0,0,5,False,unknown,unknown,,,,PROFEK,Team Vitality,astra,True,100,50,0,2,0,5,False,vandal,rifle,,0.7200,0.4100
1565.631,3017,ACTIVE_ROUND,10,5,6,35.000,,,s0pp,FUT Esports,chamber,False,,50,0,8,1,0,False,unknown,unknown,,,,xeus,FUT Esports,jett,False,,50,2,1,0,7,False,vandal,rifle,,,,sociablEE,FUT Esports,fade,False,,25,2,1,0,0,False,phantom,rifle,,,,yetujey,FUT Esports,astra,True,100,50,0,0,0,2,False,phantom,rifle,,0.7311,0.2500,KROSTALY,FUT Esports,kayo,False,,50,1,1,0,6,False,vandal,rifle,,,,Chronicle,Team Vitality,chamber,True,100,50,0,8,1,7,True,vandal,rifle,,0.7300,0.7578,Derke,Team Vitality,neon,False,,50,0,0,0,0,False,phantom,rifle,,,,Jamppi,Team Vitality,kayo,False,,50,1,1,0,0,False,stinger,smg,,,,Sayonara,Team Vitality,sova,False,,50,0,0,0,5,False,unknown,unknown,,,,PROFEK,Team Vitality,astra,True,100,50,0,2,0,5,False,vandal,rifle,,0.7200,0.4100
1566.115,3018,ACTIVE_ROUND,10,5,6,34.000,,,s0pp,FUT Esports,chamber,False,,50,0,8,1,0,False,unknown,unknown,,,,xeus,FUT Esports,jett,False,,50,2,1,0,7,False,vandal,rifle,,,,sociablEE,FUT Esports,fade,False,,25,2,1,0,0,False,phantom,rifle,,,,yetujey,FUT Esports,astra,True,100,50,0,0,0,2,False,phantom,rifle,,0.7311,0.2500,KROSTALY,FUT Esports,kayo,False,,50,1,1,0,6,False,vandal,rifle,,,,Chronicle,Team Vitality,chamber,True,100,50,0,8,1,7,True,vandal,rifle,,0.8011,0.4667,Derke,Team Vitality,neon,False,,50,0,0,0,0,False,phantom,rifle,,,,Jamppi,Team Vitality,kayo,False,,50,1,1,0,0,False,stinger,smg,,,,Sayonara,Team Vitality,sova,False,,50,0,0,0,5,False,unknown,unknown,,,,PROFEK,Team Vitality,astra,True,100,50,0,2,0,5,False,vandal,rifle,,0.7200,0.4100
1566.598,3019,ACTIVE_ROUND,10,5,6,34.000,,,s0pp,FUT Esports,chamber,False,,50,0,8,1,0,False,unknown,unknown,,,,xeus,FUT Esports,jett,False,,50,2,1,0,7,False,vandal,rifle,,,,sociablEE,FUT Esports,fade,False,,25,2,1,0,0,False,phantom,rifle,,,,yetujey,FUT Esports,astra,True,100,50,0,0,0,2,False,phantom,rifle,,0.7311,0.2500,KROSTALY,FUT Esports,kayo,False,,50,1,1,0,6,False,vandal,rifle,,,,Chronicle,Team Vitality,chamber,True,100,50,0,8,1,7,True,vandal,rifle,,0.8011,0.4667,Derke,Team Vitality,neon,False,,50,0,0,0,0,False,phantom,rifle,,,,Jamppi,Team Vitality,kayo,False,,50,1,1,0,0,False,stinger,smg,,,,Sayonara,Team Vitality,sova,False,,50,0,0,0,5,False,unknown,unknown,,,,PROFEK,Team Vitality,astra,True,100,50,0,2,0,5,False,vandal,rifle,,0.7200,0.4100
1567.082,3020,ACTIVE_ROUND,10,5,6,33.000,,,s0pp,FUT Esports,chamber,False,,50,0,8,1,0,False,unknown,unknown,,,,xeus,FUT Esports,jett,False,,50,2,1,0,7,False,vandal,rifle,,,,sociablEE,FUT Esports,fade,False,,25,2,1,0,0,False,phantom,rifle,,,,yetujey,FUT Esports,astra,True,100,50,1,0,0,2,False,phantom,rifle,,0.7311,0.2500,KROSTALY,FUT Esports,kayo,False,,50,1,1,0,6,False,vandal,rifle,,,,Chronicle,Team Vitality,chamber,True,100,50,0,8,1,7,True,vandal,rifle,,0.5811,0.6800,Derke,Team Vitality,neon,False,,50,0,0,0,0,False,phantom,rifle,,,,Jamppi,Team Vitality,kayo,False,,50,1,1,0,0,False,stinger,smg,,,,Sayonara,Team Vitality,sova,False,,50,0,0,0,5,False,unknown,unknown,,,,PROFEK,Team Vitality,astra,True,100,50,1,2,0,5,False,vandal,rifle,,0.7200,0.4100
1567.566,3021,ACTIVE_ROUND,10,5,6,33.000,,,s0pp,FUT Esports,chamber,False,,50,0,8,1,0,False,unknown,unknown,,,,xeus,FUT Esports,jett,False,,50,2,1,0,7,False,vandal,rifle,,,,sociablEE,FUT Esports,fade,False,,25,2,1,0,0,False,phantom,rifle,,,,yetujey,FUT Esports,astra,True,100,50,1,0,0,2,False,phantom,rifle,,0.7333,0.2522,KROSTALY,FUT Esports,kayo,False,,50,1,1,0,6,False,vandal,rifle,,,,Chronicle,Team Vitality,chamber,True,100,50,0,8,1,7,True,vandal,rifle,,0.8011,0.4667,Derke,Team Vitality,neon,False,,50,0,0,0,0,False,phantom,rifle,,,,Jamppi,Team Vitality,kayo,False,,50,1,1,0,0,False,stinger,smg,,,,Sayonara,Team Vitality,sova,False,,50,0,0,0,5,False,unknown,unknown,,,,PROFEK,Team Vitality,astra,True,100,50,1,2,0,5,False,vandal,rifle,,0.7200,0.4100
1568.050,3022,ACTIVE_ROUND,10,5,6,32.000,,,s0pp,FUT Esports,chamber,False,,50,0,8,1,0,False,unknown,unknown,,,,xeus,FUT Esports,jett,False,,50,2,1,0,7,False,vandal,rifle,,,,sociablEE,FUT Esports,fade,False,,25,2,1,0,0,False,phantom,rifle,,,,yetujey,FUT Esports,astra,True,100,50,1,0,0,2,False,phantom,rifle,,0.2400,0.4544,KROSTALY,FUT Esports,kayo,False,,50,1,1,0,6,False,vandal,rifle,,,,Chronicle,Team Vitality,chamber,True,100,50,0,8,1,7,True,vandal,rifle,,0.8011,0.4667,Derke,Team Vitality,neon,False,,50,0,0,0,0,False,phantom,rifle,,,,Jamppi,Team Vitality,kayo,False,,50,1,1,0,0,False,stinger,smg,,,,Sayonara,Team Vitality,sova,False,,50,0,0,0,5,False,unknown,unknown,,,,PROFEK,Team Vitality,astra,True,100,50,1,2,0,5,False,vandal,rifle,,0.7200,0.4100
1568.534,3023,ACTIVE_ROUND,10,5,6,32.000,,,s0pp,FUT Esports,chamber,False,,50,0,8,1,0,False,unknown,unknown,,,,xeus,FUT Esports,jett,False,,50,2,1,0,7,False,vandal,rifle,,,,sociablEE,FUT Esports,fade,False,,25,2,1,0,0,False,phantom,rifle,,,,yetujey,FUT Esports,astra,True,100,50,1,0,0,2,False,phantom,rifle,,0.7156,0.2367,KROSTALY,FUT Esports,kayo,False,,50,1,1,0,6,False,vandal,rifle,,,,Chronicle,Team Vitality,chamber,True,100,50,0,8,1,7,True,vandal,rifle,,0.7767,0.4156,Derke,Team Vitality,neon,False,,50,0,0,0,0,False,phantom,rifle,,,,Jamppi,Team Vitality,kayo,False,,50,1,1,0,0,False,stinger,smg,,,,Sayonara,Team Vitality,sova,False,,50,0,0,0,5,False,unknown,unknown,,,,PROFEK,Team Vitality,astra,True,100,50,1,2,0,5,False,vandal,rifle,,0.8711,0.4767
1569.017,3024,ACTIVE_ROUND,10,5,6,31.000,,,s0pp,FUT Esports,chamber,False,,50,0,8,1,0,False,unknown,unknown,,,,xeus,FUT Esports,jett,False,,50,2,1,0,7,False,vandal,rifle,,,,sociablEE,FUT Esports,fade,False,,25,2,1,0,0,False,phantom,rifle,,,,yetujey,FUT Esports,astra,True,100,50,1,1,0,2,False,phantom,rifle,,0.7178,0.2367,KROSTALY,FUT Esports,kayo,False,,50,1,1,0,6,False,vandal,rifle,,,,Chronicle,Team Vitality,chamber,True,100,50,0,8,1,7,True,vandal,rifle,,0.9033,0.3822,Derke,Team Vitality,neon,False,,50,0,0,0,0,False,phantom,rifle,,,,Jamppi,Team Vitality,kayo,False,,50,1,1,0,0,False,stinger,smg,,,,Sayonara,Team Vitality,sova,False,,50,0,0,0,5,False,unknown,unknown,,,,PROFEK,Team Vitality,astra,True,100,50,1,1,0,5,False,vandal,rifle,,0.8711,0.4767
1569.501,3025,ACTIVE_ROUND,10,5,6,31.000,,,s0pp,FUT Esports,chamber,False,,50,0,8,1,0,False,unknown,unknown,,,,xeus,FUT Esports,jett,False,,50,2,1,0,7,False,vandal,rifle,,,,sociablEE,FUT Esports,fade,False,,25,2,1,0,0,False,phantom,rifle,,,,yetujey,FUT Esports,astra,True,100,50,1,1,0,2,False,phantom,rifle,,0.7200,0.2389,KROSTALY,FUT Esports,kayo,False,,50,1,1,0,6,False,vandal,rifle,,,,Chronicle,Team Vitality,chamber,True,100,50,0,8,1,7,True,vandal,rifle,,0.8944,0.3756,Derke,Team Vitality,neon,False,,50,0,0,0,0,False,phantom,rifle,,,,Jamppi,Team Vitality,kayo,False,,50,1,1,0,0,False,stinger,smg,,,,Sayonara,Team Vitality,sova,False,,50,0,0,0,5,False,unknown,unknown,,,,PROFEK,Team Vitality,astra,True,100,50,1,1,0,5,False,vandal,rifle,,0.8711,0.4767
1569.985,3026,ACTIVE_ROUND,10,5,6,30.000,,,s0pp,FUT Esports,chamber,False,,50,0,8,1,0,False,unknown,unknown,,,,xeus,FUT Esports,jett,False,,50,2,1,0,7,False,vandal,rifle,,,,sociablEE,FUT Esports,fade,False,,25,2,1,0,0,False,phantom,rifle,,,,yetujey,FUT Esports,astra,True,100,50,1,1,0,2,False,phantom,rifle,,0.7178,0.2389,KROSTALY,FUT Esports,kayo,False,,50,1,1,0,6,False,vandal,rifle,,,,Chronicle,Team Vitality,chamber,True,100,50,0,8,1,7,True,vandal,rifle,,0.8900,0.3733,Derke,Team Vitality,neon,False,,50,0,0,0,0,False,phantom,rifle,,,,Jamppi,Team Vitality,kayo,False,,50,1,1,0,0,False,stinger,smg,,,,Sayonara,Team Vitality,sova,False,,50,0,0,0,5,False,unknown,unknown,,,,PROFEK,Team Vitality,astra,True,100,50,1,1,0,5,False,vandal,rifle,,0.8711,0.4767
1570.469,3027,ACTIVE_ROUND,10,5,6,30.000,,,s0pp,FUT Esports,chamber,False,,50,0,8,1,0,False,unknown,unknown,,,,xeus,FUT Esports,jett,False,,50,2,1,0,7,False,vandal,rifle,,,,sociablEE,FUT Esports,fade,False,,25,2,1,0,0,False,phantom,rifle,,,,yetujey,FUT Esports,astra,True,100,50,1,1,0,2,False,phantom,rifle,,0.7178,0.2389,KROSTALY,FUT Esports,kayo,False,,50,1,1,0,6,False,vandal,rifle,,,,Chronicle,Team Vitality,chamber,True,100,50,0,8,1,7,True,vandal,rifle,,0.8833,0.3667,Derke,Team Vitality,neon,False,,50,0,0,0,0,False,phantom,rifle,,,,Jamppi,Team Vitality,kayo,False,,50,1,1,0,0,False,stinger,smg,,,,Sayonara,Team Vitality,sova,False,,50,0,0,0,5,False,unknown,unknown,,,,PROFEK,Team Vitality,astra,True,100,50,1,1,0,5,False,vandal,rifle,,0.8711,0.4767
1570.953,3028,ACTIVE_ROUND,10,5,6,29.000,,,s0pp,FUT Esports,chamber,False,,50,0,8,1,0,False,unknown,unknown,,,,xeus,FUT Esports,jett,False,,50,2,1,0,7,False,vandal,rifle,,,,sociablEE,FUT Esports,fade,False,,25,2,1,0,0,False,phantom,rifle,,,,yetujey,FUT Esports,astra,True,100,50,1,1,0,2,False,phantom,rifle,,0.7178,0.2389,KROSTALY,FUT Esports,kayo,False,,50,1,1,0,6,False,vandal,rifle,,,,Chronicle,Team Vitality,chamber,True,100,50,0,8,1,7,True,vandal,rifle,,0.8700,0.3644,Derke,Team Vitality,neon,False,,50,0,0,0,0,False,phantom,rifle,,,,Jamppi,Team Vitality,kayo,False,,50,1,1,0,0,False,stinger,smg,,,,Sayonara,Team Vitality,sova,False,,50,0,0,0,5,False,unknown,unknown,,,,PROFEK,Team Vitality,astra,True,100,50,0,1,0,5,False,vandal,rifle,,0.8711,0.4767
1571.437,3029,ACTIVE_ROUND,10,5,6,29.000,,,s0pp,FUT Esports,chamber,False,,50,0,8,1,0,False,unknown,unknown,,,,xeus,FUT Esports,jett,False,,50,2,1,0,7,False,vandal,rifle,,,,sociablEE,FUT Esports,fade,False,,25,2,1,0,0,False,phantom,rifle,,,,yetujey,FUT Esports,astra,True,100,50,1,1,0,2,False,phantom,rifle,,0.7178,0.2389,KROSTALY,FUT Esports,kayo,False,,50,1,1,0,6,False,vandal,rifle,,,,Chronicle,Team Vitality,chamber,True,100,50,0,8,1,7,True,vandal,rifle,,0.8589,0.3622,Derke,Team Vitality,neon,False,,50,0,0,0,0,False,phantom,rifle,,,,Jamppi,Team Vitality,kayo,False,,50,1,1,0,0,False,stinger,smg,,,,Sayonara,Team Vitality,sova,False,,50,0,0,0,5,False,unknown,unknown,,,,PROFEK,Team Vitality,astra,True,100,50,0,1,0,5,False,vandal,rifle,,0.8711,0.4767
1571.920,3030,ACTIVE_ROUND,10,5,6,28.000,,,s0pp,FUT Esports,chamber,False,,50,0,8,1,0,False,unknown,unknown,,,,xeus,FUT Esports,jett,False,,50,2,1,0,7,False,vandal,rifle,,,,sociablEE,FUT Esports,fade,False,,25,2,1,0,0,False,phantom,rifle,,,,yetujey,FUT Esports,astra,True,100,50,1,1,0,2,False,phantom,rifle,,0.7178,0.2389,KROSTALY,FUT Esports,kayo,False,,50,1,1,0,6,False,vandal,rifle,,,,Chronicle,Team Vitality,chamber,True,100,50,0,8,1,7,True,vandal,rifle,,0.8478,0.3556,Derke,Team Vitality,neon,False,,50,0,0,0,0,False,phantom,rifle,,,,Jamppi,Team Vitality,kayo,False,,50,1,1,0,0,False,stinger,smg,,,,Sayonara,Team Vitality,sova,False,,50,0,0,0,5,False,unknown,unknown,,,,PROFEK,Team Vitality,astra,True,100,50,0,1,0,5,False,vandal,rifle,,0.8711,0.4767
1572.404,3031,ACTIVE_ROUND,10,5,6,28.000,,,s0pp,FUT Esports,chamber,False,,50,0,8,1,0,False,unknown,unknown,,,,xeus,FUT Esports,jett,False,,50,2,1,0,7,False,vandal,rifle,,,,sociablEE,FUT Esports,fade,False,,25,2,1,0,0,False,phantom,rifle,,,,yetujey,FUT Esports,astra,True,100,50,1,1,0,2,False,phantom,rifle,,0.7178,0.2389,KROSTALY,FUT Esports,kayo,False,,50,1,1,0,6,False,vandal,rifle,,,,Chronicle,Team Vitality,chamber,True,100,50,0,8,1,7,True,vandal,rifle,,0.8522,0.3533,Derke,Team Vitality,neon,False,,50,0,0,0,0,False,phantom,rifle,,,,Jamppi,Team Vitality,kayo,False,,50,1,1,0,0,False,stinger,smg,,,,Sayonara,Team Vitality,sova,False,,50,0,0,0,5,False,unknown,unknown,,,,PROFEK,Team Vitality,astra,True,100,50,0,1,0,5,False,vandal,rifle,,0.8711,0.4767
1572.888,3032,ACTIVE_ROUND,10,5,6,27.000,,,s0pp,FUT Esports,chamber,False,,50,0,8,1,0,False,unknown,unknown,,,,xeus,FUT Esports,jett,False,,50,2,1,0,7,False,vandal,rifle,,,,sociablEE,FUT Esports,fade,False,,25,2,1,0,0,False,phantom,rifle,,,,yetujey,FUT Esports,astra,True,100,50,1,1,0,2,False,phantom,rifle,,0.7178,0.2389,KROSTALY,FUT Esports,kayo,False,,50,1,1,0,6,False,vandal,rifle,,,,Chronicle,Team Vitality,chamber,True,100,50,0,8,1,7,True,vandal,rifle,,0.8589,0.3511,Derke,Team Vitality,neon,False,,50,0,0,0,0,False,phantom,rifle,,,,Jamppi,Team Vitality,kayo,False,,50,1,1,0,0,False,stinger,smg,,,,Sayonara,Team Vitality,sova,False,,50,0,0,0,5,False,unknown,unknown,,,,PROFEK,Team Vitality,astra,True,100,50,1,1,0,5,False,vandal,rifle,,0.8711,0.4767
1573.372,3033,ACTIVE_ROUND,10,5,6,27.000,,,s0pp,FUT Esports,chamber,False,,50,0,8,1,0,False,unknown,unknown,,,,xeus,FUT Esports,jett,False,,50,2,1,0,7,False,vandal,rifle,,,,sociablEE,FUT Esports,fade,False,,25,2,1,0,0,False,phantom,rifle,,,,yetujey,FUT Esports,astra,True,100,50,1,1,0,2,False,phantom,rifle,,0.7178,0.2389,KROSTALY,FUT Esports,kayo,False,,50,1,1,0,6,False,vandal,rifle,,,,Chronicle,Team Vitality,chamber,True,100,50,0,8,1,7,True,vandal,rifle,,0.8656,0.3444,Derke,Team Vitality,neon,False,,50,0,0,0,0,False,phantom,rifle,,,,Jamppi,Team Vitality,kayo,False,,50,1,1,0,0,False,stinger,smg,,,,Sayonara,Team Vitality,sova,False,,50,0,0,0,5,False,unknown,unknown,,,,PROFEK,Team Vitality,astra,True,100,50,1,1,0,5,False,vandal,rifle,,0.8711,0.4767
1573.856,3034,ACTIVE_ROUND,10,5,6,26.000,,,s0pp,FUT Esports,chamber,False,,50,0,8,1,0,False,unknown,unknown,,,,xeus,FUT Esports,jett,False,,50,2,1,0,7,False,vandal,rifle,,,,sociablEE,FUT Esports,fade,False,,25,2,1,0,0,False,phantom,rifle,,,,yetujey,FUT Esports,astra,True,100,50,1,1,0,2,False,phantom,rifle,,0.7178,0.2389,KROSTALY,FUT Esports,kayo,False,,50,1,1,0,6,False,vandal,rifle,,,,Chronicle,Team Vitality,chamber,True,100,50,0,8,1,7,True,vandal,rifle,,0.8656,0.3333,Derke,Team Vitality,neon,False,,50,0,0,0,0,False,phantom,rifle,,,,Jamppi,Team Vitality,kayo,False,,50,1,1,0,0,False,stinger,smg,,,,Sayonara,Team Vitality,sova,False,,50,0,0,0,5,False,unknown,unknown,,,,PROFEK,Team Vitality,astra,True,100,50,1,1,0,5,False,vandal,rifle,,0.8711,0.4767
1574.339,3035,ACTIVE_ROUND,10,5,6,26.000,,,s0pp,FUT Esports,chamber,False,,50,0,8,1,0,False,unknown,unknown,,,,xeus,FUT Esports,jett,False,,50,2,1,0,7,False,vandal,rifle,,,,sociablEE,FUT Esports,fade,False,,25,2,1,0,0,False,phantom,rifle,,,,yetujey,FUT Esports,astra,True,100,50,1,1,0,2,False,phantom,rifle,,0.7178,0.2389,KROSTALY,FUT Esports,kayo,False,,50,1,1,0,6,False,vandal,rifle,,,,Chronicle,Team Vitality,chamber,True,100,50,0,8,1,7,True,vandal,rifle,,0.8678,0.3244,Derke,Team Vitality,neon,False,,50,0,0,0,0,False,phantom,rifle,,,,Jamppi,Team Vitality,kayo,False,,50,1,1,0,0,False,stinger,smg,,,,Sayonara,Team Vitality,sova,False,,50,0,0,0,5,False,unknown,unknown,,,,PROFEK,Team Vitality,astra,True,100,50,1,1,0,5,False,vandal,rifle,,0.8711,0.4767
1574.823,3036,ACTIVE_ROUND,10,5,6,25.000,,,s0pp,FUT Esports,chamber,False,,50,0,8,1,0,False,unknown,unknown,,,,xeus,FUT Esports,jett,False,,50,2,1,0,7,False,vandal,rifle,,,,sociablEE,FUT Esports,fade,False,,25,2,1,0,0,False,phantom,rifle,,,,yetujey,FUT Esports,astra,True,100,50,1,0,0,2,False,phantom,rifle,,0.7533,0.2589,KROSTALY,FUT Esports,kayo,False,,50,1,1,0,6,False,vandal,rifle,,,,Chronicle,Team Vitality,chamber,True,100,50,0,8,1,7,True,vandal,rifle,,0.8011,0.4711,Derke,Team Vitality,neon,False,,50,0,0,0,0,False,phantom,rifle,,,,Jamppi,Team Vitality,kayo,False,,50,1,1,0,0,False,stinger,smg,,,,Sayonara,Team Vitality,sova,False,,50,0,0,0,5,False,unknown,unknown,,,,PROFEK,Team Vitality,astra,True,100,50,1,1,0,5,False,vandal,rifle,,0.8711,0.4767
1575.307,3037,ACTIVE_ROUND,10,5,6,25.000,,,s0pp,FUT Esports,chamber,False,,50,0,8,1,0,False,unknown,unknown,,,,xeus,FUT Esports,jett,False,,50,2,1,0,7,False,vandal,rifle,,,,sociablEE,FUT Esports,fade,False,,25,2,1,0,0,False,phantom,rifle,,,,yetujey,FUT Esports,astra,True,100,50,1,0,0,2,False,phantom,rifle,,0.7578,0.2611,KROSTALY,FUT Esports,kayo,False,,50,1,1,0,6,False,vandal,rifle,,,,Chronicle,Team Vitality,chamber,True,100,50,0,8,1,7,True,vandal,rifle,,0.8011,0.4667,Derke,Team Vitality,neon,False,,50,0,0,0,0,False,phantom,rifle,,,,Jamppi,Team Vitality,kayo,False,,50,1,1,0,0,False,stinger,smg,,,,Sayonara,Team Vitality,sova,False,,50,0,0,0,5,False,unknown,unknown,,,,PROFEK,Team Vitality,astra,True,100,50,1,1,0,5,False,vandal,rifle,,0.8711,0.4767
1575.791,3038,ACTIVE_ROUND,10,5,6,24.000,,,s0pp,FUT Esports,chamber,False,,50,0,8,1,0,False,unknown,unknown,,,,xeus,FUT Esports,jett,False,,50,2,1,0,7,False,vandal,rifle,,,,sociablEE,FUT Esports,fade,False,,25,2,1,0,0,False,phantom,rifle,,,,yetujey,FUT Esports,astra,True,100,50,1,0,0,2,False,phantom,rifle,,0.7578,0.2611,KROSTALY,FUT Esports,kayo,False,,50,1,1,0,6,False,vandal,rifle,,,,Chronicle,Team Vitality,chamber,True,100,50,0,8,1,7,True,vandal,rifle,,0.8011,0.4667,Derke,Team Vitality,neon,False,,50,0,0,0,0,False,phantom,rifle,,,,Jamppi,Team Vitality,kayo,False,,50,1,1,0,0,False,stinger,smg,,,,Sayonara,Team Vitality,sova,False,,50,0,0,0,5,False,unknown,unknown,,,,PROFEK,Team Vitality,astra,True,100,50,1,1,0,5,False,vandal,rifle,,0.8711,0.4767
1576.275,3039,ACTIVE_ROUND,10,5,6,24.000,,,s0pp,FUT Esports,chamber,False,,50,0,8,1,0,False,unknown,unknown,,,,xeus,FUT Esports,jett,False,,50,2,1,0,7,False,vandal,rifle,,,,sociablEE,FUT Esports,fade,False,,25,2,1,0,0,False,phantom,rifle,,,,yetujey,FUT Esports,astra,True,100,50,1,0,0,2,False,phantom,rifle,,0.7622,0.2611,KROSTALY,FUT Esports,kayo,False,,50,1,1,0,6,False,vandal,rifle,,,,Chronicle,Team Vitality,chamber,True,100,50,0,8,1,7,True,vandal,rifle,,0.8011,0.4667,Derke,Team Vitality,neon,False,,50,0,0,0,0,False,phantom,rifle,,,,Jamppi,Team Vitality,kayo,False,,50,1,1,0,0,False,stinger,smg,,,,Sayonara,Team Vitality,sova,False,,50,0,0,0,5,False,unknown,unknown,,,,PROFEK,Team Vitality,astra,True,100,50,1,1,0,5,False,vandal,rifle,,0.8711,0.4767
1576.759,3040,ACTIVE_ROUND,10,5,6,23.000,,,s0pp,FUT Esports,chamber,False,,50,0,8,1,0,False,unknown,unknown,,,,xeus,FUT Esports,jett,False,,50,2,1,0,7,False,vandal,rifle,,,,sociablEE,FUT Esports,fade,False,,25,2,1,0,0,False,phantom,rifle,,,,yetujey,FUT Esports,astra,True,100,50,1,0,0,2,False,phantom,rifle,,0.7689,0.2700,KROSTALY,FUT Esports,kayo,False,,50,1,1,0,6,False,vandal,rifle,,,,Chronicle,Team Vitality,chamber,True,100,50,0,8,1,7,True,vandal,rifle,,0.8367,0.3400,Derke,Team Vitality,neon,False,,50,0,0,0,0,False,phantom,rifle,,,,Jamppi,Team Vitality,kayo,False,,50,1,1,0,0,False,stinger,smg,,,,Sayonara,Team Vitality,sova,False,,50,0,0,0,5,False,unknown,unknown,,,,PROFEK,Team Vitality,astra,True,100,50,1,1,0,5,False,vandal,rifle,,0.8711,0.4767
1577.242,3041,ACTIVE_ROUND,10,5,6,23.000,,,s0pp,FUT Esports,chamber,False,,50,0,8,1,0,False,unknown,unknown,,,,xeus,FUT Esports,jett,False,,50,2,1,0,7,False,vandal,rifle,,,,sociablEE,FUT Esports,fade,False,,25,2,1,0,0,False,phantom,rifle,,,,yetujey,FUT Esports,astra,True,100,50,1,0,0,2,False,phantom,rifle,,0.7689,0.2700,KROSTALY,FUT Esports,kayo,False,,50,1,1,0,6,False,vandal,rifle,,,,Chronicle,Team Vitality,chamber,True,100,50,0,8,1,7,True,vandal,rifle,,0.7167,0.2222,Derke,Team Vitality,neon,False,,50,0,0,0,0,False,phantom,rifle,,,,Jamppi,Team Vitality,kayo,False,,50,1,1,0,0,False,stinger,smg,,,,Sayonara,Team Vitality,sova,False,,50,0,0,0,5,False,unknown,unknown,,,,PROFEK,Team Vitality,astra,True,100,50,1,1,0,5,False,vandal,rifle,,0.8711,0.4767
1577.726,3042,ACTIVE_ROUND,10,5,6,22.000,,,s0pp,FUT Esports,chamber,False,,50,0,8,1,0,False,unknown,unknown,,,,xeus,FUT Esports,jett,False,,50,2,1,0,7,False,vandal,rifle,,,,sociablEE,FUT Esports,fade,False,,25,2,1,0,0,False,phantom,rifle,,,,yetujey,FUT Esports,astra,True,100,50,1,0,0,2,False,phantom,rifle,,0.7756,0.2878,KROSTALY,FUT Esports,kayo,False,,50,1,1,0,6,False,vandal,rifle,,,,Chronicle,Team Vitality,chamber,True,100,50,0,8,1,7,True,vandal,rifle,,0.5433,0.2711,Derke,Team Vitality,neon,False,,50,0,0,0,0,False,phantom,rifle,,,,Jamppi,Team Vitality,kayo,False,,50,1,1,0,0,False,stinger,smg,,,,Sayonara,Team Vitality,sova,False,,50,0,0,0,5,False,unknown,unknown,,,,PROFEK,Team Vitality,astra,True,100,50,1,1,0,5,False,vandal,rifle,,0.8711,0.4767
1578.210,3043,ACTIVE_ROUND,10,5,6,22.000,,,s0pp,FUT Esports,chamber,False,,50,0,8,1,0,False,unknown,unknown,,,,xeus,FUT Esports,jett,False,,50,2,1,0,7,False,vandal,rifle,,,,sociablEE,FUT Esports,fade,False,,25,2,1,0,0,False,phantom,rifle,,,,yetujey,FUT Esports,astra,True,100,50,1,0,0,2,False,phantom,rifle,,0.7822,0.2944,KROSTALY,FUT Esports,kayo,False,,50,1,1,0,6,False,vandal,rifle,,,,Chronicle,Team Vitality,chamber,True,100,50,0,8,1,7,True,vandal,rifle,,0.8367,0.3400,Derke,Team Vitality,neon,False,,50,0,0,0,0,False,phantom,rifle,,,,Jamppi,Team Vitality,kayo,False,,50,1,1,0,0,False,stinger,smg,,,,Sayonara,Team Vitality,sova,False,,50,0,0,0,5,False,unknown,unknown,,,,PROFEK,Team Vitality,astra,True,100,50,1,1,0,5,False,vandal,rifle,,0.8756,0.2722
1578.694,3044,ACTIVE_ROUND,10,5,6,21.000,,,s0pp,FUT Esports,chamber,False,,50,0,8,1,0,False,unknown,unknown,,,,xeus,FUT Esports,jett,False,,50,2,1,0,7,False,vandal,rifle,,,,sociablEE,FUT Esports,fade,False,,25,2,1,0,0,False,phantom,rifle,,,,yetujey,FUT Esports,astra,True,100,50,1,0,0,2,False,phantom,rifle,,0.7844,0.2989,KROSTALY,FUT Esports,kayo,False,,50,1,1,0,6,False,vandal,rifle,,,,Chronicle,Team Vitality,chamber,True,100,50,0,8,1,7,True,vandal,rifle,,0.8367,0.3400,Derke,Team Vitality,neon,False,,50,0,0,0,0,False,phantom,rifle,,,,Jamppi,Team Vitality,kayo,False,,50,1,1,0,0,False,stinger,smg,,,,Sayonara,Team Vitality,sova,False,,50,0,0,0,5,False,unknown,unknown,,,,PROFEK,Team Vitality,astra,True,100,50,1,1,0,5,False,vandal,rifle,,0.8800,0.2611
1579.178,3045,ACTIVE_ROUND,10,5,6,21.000,,,s0pp,FUT Esports,chamber,False,,50,0,8,1,0,False,unknown,unknown,,,,xeus,FUT Esports,jett,False,,50,2,1,0,7,False,vandal,rifle,,,,sociablEE,FUT Esports,fade,False,,25,2,1,0,0,False,phantom,rifle,,,,yetujey,FUT Esports,astra,True,100,50,1,0,0,2,False,phantom,rifle,,0.7889,0.3011,KROSTALY,FUT Esports,kayo,False,,50,1,1,0,6,False,vandal,rifle,,,,Chronicle,Team Vitality,chamber,True,100,50,0,8,1,7,True,vandal,rifle,,0.8367,0.3400,Derke,Team Vitality,neon,False,,50,0,0,0,0,False,phantom,rifle,,,,Jamppi,Team Vitality,kayo,False,,50,1,1,0,0,False,stinger,smg,,,,Sayonara,Team Vitality,sova,False,,50,0,0,0,5,False,unknown,unknown,,,,PROFEK,Team Vitality,astra,True,100,50,1,1,0,5,False,vandal,rifle,,0.8733,0.2544
1579.661,3046,ACTIVE_ROUND,10,5,6,20.000,,,s0pp,FUT Esports,chamber,False,,50,0,8,1,0,False,unknown,unknown,,,,xeus,FUT Esports,jett,False,,50,2,1,0,7,False,vandal,rifle,,,,sociablEE,FUT Esports,fade,False,,25,2,1,0,0,False,phantom,rifle,,,,yetujey,FUT Esports,astra,True,100,50,1,0,0,2,False,phantom,rifle,,0.7956,0.3122,KROSTALY,FUT Esports,kayo,False,,50,1,1,0,6,False,vandal,rifle,,,,Chronicle,Team Vitality,chamber,True,100,50,0,8,1,7,True,vandal,rifle,,0.7767,0.4156,Derke,Team Vitality,neon,False,,50,0,0,0,0,False,phantom,rifle,,,,Jamppi,Team Vitality,kayo,False,,50,1,1,0,0,False,stinger,smg,,,,Sayonara,Team Vitality,sova,False,,50,0,0,0,5,False,unknown,unknown,,,,PROFEK,Team Vitality,astra,True,100,50,1,1,0,5,False,vandal,rifle,,0.8622,0.2522
1580.145,3047,ACTIVE_ROUND,10,5,6,20.000,,,s0pp,FUT Esports,chamber,False,,50,0,8,1,0,False,unknown,unknown,,,,xeus,FUT Esports,jett,False,,50,2,1,0,7,False,vandal,rifle,,,,sociablEE,FUT Esports,fade,False,,25,2,1,0,0,False,phantom,rifle,,,,yetujey,FUT Esports,astra,True,100,50,1,0,0,2,False,phantom,rifle,,0.8800,0.4278,KROSTALY,FUT Esports,kayo,False,,50,1,1,0,6,False,vandal,rifle,,,,Chronicle,Team Vitality,chamber,True,100,50,0,8,1,7,True,vandal,rifle,,0.8989,0.3933,Derke,Team Vitality,neon,False,,50,0,0,0,0,False,phantom,rifle,,,,Jamppi,Team Vitality,kayo,False,,50,1,1,0,0,False,stinger,smg,,,,Sayonara,Team Vitality,sova,False,,50,0,0,0,5,False,unknown,unknown,,,,PROFEK,Team Vitality,astra,True,100,50,1,1,0,5,False,vandal,rifle,,0.8622,0.2522
1581.113,3049,ACTIVE_ROUND,10,5,6,,0.000,,s0pp,FUT Esports,chamber,False,,50,0,8,1,0,False,unknown,unknown,,,,xeus,FUT Esports,jett,False,,50,2,1,0,7,False,vandal,rifle,,,,sociablEE,FUT Esports,fade,False,,25,2,1,0,0,False,phantom,rifle,,,,yetujey,FUT Esports,astra,True,100,50,1,0,0,2,False,phantom,rifle,,0.7933,0.3433,KROSTALY,FUT Esports,kayo,False,,50,1,1,0,6,False,vandal,rifle,,,,Chronicle,Team Vitality,chamber,True,100,50,0,8,1,7,True,vandal,rifle,,0.8389,0.3400,Derke,Team Vitality,neon,False,,50,0,0,0,0,False,phantom,rifle,,,,Jamppi,Team Vitality,kayo,False,,50,1,1,0,0,False,stinger,smg,,,,Sayonara,Team Vitality,sova,False,,50,0,0,0,5,False,unknown,unknown,,,,PROFEK,Team Vitality,astra,True,100,50,1,1,0,5,False,vandal,rifle,,0.8622,0.2522
1581.597,3050,ACTIVE_ROUND,10,5,6,,0.484,,s0pp,FUT Esports,chamber,False,,50,0,8,1,0,False,unknown,unknown,,,,xeus,FUT Esports,jett,False,,50,2,1,0,7,False,vandal,rifle,,,,sociablEE,FUT Esports,fade,False,,25,2,1,0,0,False,phantom,rifle,,,,yetujey,FUT Esports,astra,True,100,50,1,0,0,2,False,phantom,rifle,,0.7933,0.3522,KROSTALY,FUT Esports,kayo,False,,50,1,1,0,6,False,vandal,rifle,,,,Chronicle,Team Vitality,chamber,True,100,50,0,8,1,7,True,vandal,rifle,,0.8433,0.3467,Derke,Team Vitality,neon,False,,50,0,0,0,0,False,phantom,rifle,,,,Jamppi,Team Vitality,kayo,False,,50,1,1,0,0,False,stinger,smg,,,,Sayonara,Team Vitality,sova,False,,50,0,0,0,5,False,unknown,unknown,,,,PROFEK,Team Vitality,astra,True,100,50,1,1,0,5,False,vandal,rifle,,0.8622,0.2522
1582.081,3051,ACTIVE_ROUND,10,5,6,,0.968,,s0pp,FUT Esports,chamber,False,,50,0,8,1,0,False,unknown,unknown,,,,xeus,FUT Esports,jett,False,,50,2,1,0,7,False,vandal,rifle,,,,sociablEE,FUT Esports,fade,False,,25,2,1,0,0,False,phantom,rifle,,,,yetujey,FUT Esports,astra,True,100,50,1,0,0,2,False,phantom,rifle,,0.7933,0.3633,KROSTALY,FUT Esports,kayo,False,,50,1,1,0,6,False,vandal,rifle,,,,Chronicle,Team Vitality,chamber,True,100,50,0,8,1,7,True,vandal,rifle,,0.8411,0.3400,Derke,Team Vitality,neon,False,,50,0,0,0,0,False,phantom,rifle,,,,Jamppi,Team Vitality,kayo,False,,50,1,1,0,0,False,stinger,smg,,,,Sayonara,Team Vitality,sova,False,,50,0,0,0,5,False,unknown,unknown,,,,PROFEK,Team Vitality,astra,True,100,50,1,1,0,5,False,vandal,rifle,,0.8622,0.2522
1582.564,3052,ACTIVE_ROUND,10,5,6,,1.451,,s0pp,FUT Esports,chamber,False,,50,0,8,1,0,False,unknown,unknown,,,,xeus,FUT Esports,jett,False,,50,2,1,0,7,False,vandal,rifle,,,,sociablEE,FUT Esports,fade,False,,25,2,1,0,0,False,phantom,rifle,,,,yetujey,FUT Esports,astra,True,100,50,1,0,0,2,False,phantom,rifle,,0.7956,0.3678,KROSTALY,FUT Esports,kayo,False,,50,1,1,0,6,False,vandal,rifle,,,,Chronicle,Team Vitality,chamber,True,100,50,0,8,1,7,True,vandal,rifle,,0.8411,0.3400,Derke,Team Vitality,neon,False,,50,0,0,0,0,False,phantom,rifle,,,,Jamppi,Team Vitality,kayo,False,,50,1,1,0,0,False,stinger,smg,,,,Sayonara,Team Vitality,sova,False,,50,0,0,0,5,False,unknown,unknown,,,,PROFEK,Team Vitality,astra,True,100,50,1,1,0,5,False,vandal,rifle,,0.8622,0.2522
1583.048,3053,ACTIVE_ROUND,10,5,6,,1.935,,s0pp,FUT Esports,chamber,False,,50,0,8,1,0,False,unknown,unknown,,,,xeus,FUT Esports,jett,False,,50,2,1,0,7,False,vandal,rifle,,,,sociablEE,FUT Esports,fade,False,,25,2,1,0,0,False,phantom,rifle,,,,yetujey,FUT Esports,astra,True,100,50,1,0,0,2,False,phantom,rifle,,0.8022,0.3789,KROSTALY,FUT Esports,kayo,False,,50,1,1,0,6,False,vandal,rifle,,,,Chronicle,Team Vitality,chamber,True,100,50,0,8,1,7,True,vandal,rifle,,0.8411,0.3467,Derke,Team Vitality,neon,False,,50,0,0,0,0,False,phantom,rifle,,,,Jamppi,Team Vitality,kayo,False,,50,1,1,0,0,False,stinger,smg,,,,Sayonara,Team Vitality,sova,False,,50,0,0,0,5,False,unknown,unknown,,,,PROFEK,Team Vitality,astra,True,100,50,1,1,0,5,False,vandal,rifle,,0.8622,0.2522
1583.532,3054,ACTIVE_ROUND,10,5,6,,2.419,,s0pp,FUT Esports,chamber,False,,50,0,8,1,0,False,unknown,unknown,,,,xeus,FUT Esports,jett,False,,50,2,1,0,7,False,vandal,rifle,,,,sociablEE,FUT Esports,fade,False,,25,2,1,0,0,False,phantom,rifle,,,,yetujey,FUT Esports,astra,True,100,50,1,0,0,2,False,phantom,rifle,,0.8022,0.3811,KROSTALY,FUT Esports,kayo,False,,50,1,1,0,6,False,vandal,rifle,,,,Chronicle,Team Vitality,chamber,True,100,50,0,8,1,7,True,vandal,rifle,,0.8389,0.3444,Derke,Team Vitality,neon,False,,50,0,0,0,0,False,phantom,rifle,,,,Jamppi,Team Vitality,kayo,False,,50,1,1,0,0,False,stinger,smg,,,,Sayonara,Team Vitality,sova,False,,50,0,0,0,5,False,unknown,unknown,,,,PROFEK,Team Vitality,astra,True,100,50,1,1,0,5,False,vandal,rifle,,0.8622,0.2522
1584.016,3055,ACTIVE_ROUND,10,5,6,,2.903,,s0pp,FUT Esports,chamber,False,,50,0,8,1,0,False,unknown,unknown,,,,xeus,FUT Esports,jett,False,,50,2,1,0,7,False,vandal,rifle,,,,sociablEE,FUT Esports,fade,False,,25,2,1,0,0,False,phantom,rifle,,,,yetujey,FUT Esports,astra,True,100,50,1,0,0,2,False,phantom,rifle,,0.8044,0.3811,KROSTALY,FUT Esports,kayo,False,,50,1,1,0,6,False,vandal,rifle,,,,Chronicle,Team Vitality,chamber,True,100,50,0,8,1,7,True,vandal,rifle,,0.8367,0.3422,Derke,Team Vitality,neon,False,,50,0,0,0,0,False,phantom,rifle,,,,Jamppi,Team Vitality,kayo,False,,50,1,1,0,0,False,stinger,smg,,,,Sayonara,Team Vitality,sova,False,,50,0,0,0,5,False,unknown,unknown,,,,PROFEK,Team Vitality,astra,True,100,50,1,1,0,5,False,vandal,rifle,,0.8622,0.2522
1584.500,3056,ACTIVE_ROUND,10,5,6,,3.387,,s0pp,FUT Esports,chamber,False,,50,0,8,1,0,False,unknown,unknown,,,,xeus,FUT Esports,jett,False,,50,2,1,0,7,False,vandal,rifle,,,,sociablEE,FUT Esports,fade,False,,25,2,1,0,0,False,phantom,rifle,,,,yetujey,FUT Esports,astra,True,100,50,1,0,0,2,False,phantom,rifle,,0.8067,0.3833,KROSTALY,FUT Esports,kayo,False,,50,1,1,0,6,False,vandal,rifle,,,,Chronicle,Team Vitality,chamber,False,,50,0,8,1,7,True,vandal,rifle,,0.8078,0.4733,Derke,Team Vitality,neon,False,,50,0,0,0,0,False,phantom,rifle,,,,Jamppi,Team Vitality,kayo,False,,50,1,1,0,0,False,stinger,smg,,,,Sayonara,Team Vitality,sova,False,,50,0,0,0,5,False,unknown,unknown,,,,PROFEK,Team Vitality,astra,True,100,50,1,1,0,5,False,vandal,rifle,,0.8622,0.2522
1584.983,3057,ACTIVE_ROUND,10,5,6,,3.871,,s0pp,FUT Esports,chamber,False,,50,0,8,1,0,False,unknown,unknown,,,,xeus,FUT Esports,jett,False,,50,2,1,0,7,False,vandal,rifle,,,,sociablEE,FUT Esports,fade,False,,25,2,1,0,0,False,phantom,rifle,,,,yetujey,FUT Esports,astra,True,22,50,1,0,0,2,False,phantom,rifle,,0.7956,0.3722,KROSTALY,FUT Esports,kayo,False,,50,1,1,0,6,False,vandal,rifle,,,,Chronicle,Team Vitality,chamber,False,,50,0,8,1,7,True,vandal,rifle,,,,Derke,Team Vitality,neon,False,,50,0,0,0,0,False,phantom,rifle,,,,Jamppi,Team Vitality,kayo,False,,50,1,1,0,0,False,stinger,smg,,,,Sayonara,Team Vitality,sova,False,,50,0,0,0,5,False,unknown,unknown,,,,PROFEK,Team Vitality,astra,True,100,50,1,1,0,5,False,vandal,rifle,,0.8733,0.2567
1585.467,3058,ACTIVE_ROUND,10,5,6,,4.354,,s0pp,FUT Esports,chamber,False,,50,0,8,1,0,False,unknown,unknown,,,,xeus,FUT Esports,jett,False,,50,2,1,0,7,False,vandal,rifle,,,,sociablEE,FUT Esports,fade,False,,25,2,1,0,0,False,phantom,rifle,,,,yetujey,FUT Esports,astra,True,22,50,1,0,0,2,False,phantom,rifle,,0.7889,0.3633,KROSTALY,FUT Esports,kayo,False,,50,1,1,0,6,False,vandal,rifle,,,,Chronicle,Team Vitality,chamber,False,,50,0,8,1,7,True,vandal,rifle,,,,Derke,Team Vitality,neon,False,,50,0,0,0,0,False,phantom,rifle,,,,Jamppi,Team Vitality,kayo,False,,50,1,1,0,0,False,stinger,smg,,,,Sayonara,Team Vitality,sova,False,,50,0,0,0,5,False,unknown,unknown,,,,PROFEK,Team Vitality,astra,True,100,50,1,1,0,5,False,vandal,rifle,,0.8622,0.3833
1585.951,3059,ACTIVE_ROUND,10,5,6,,4.838,,s0pp,FUT Esports,chamber,False,,50,0,8,1,0,False,unknown,unknown,,,,xeus,FUT Esports,jett,False,,50,2,1,0,7,False,vandal,rifle,,,,sociablEE,FUT Esports,fade,False,,25,2,1,0,0,False,phantom,rifle,,,,yetujey,FUT Esports,astra,True,22,50,1,0,0,2,False,phantom,rifle,,0.7889,0.3656,KROSTALY,FUT Esports,kayo,False,,50,1,1,0,6,False,vandal,rifle,,,,Chronicle,Team Vitality,chamber,False,,50,0,8,1,7,True,vandal,rifle,,,,Derke,Team Vitality,neon,False,,50,0,0,0,0,False,phantom,rifle,,,,Jamppi,Team Vitality,kayo,False,,50,1,1,0,0,False,stinger,smg,,,,Sayonara,Team Vitality,sova,False,,50,0,0,0,5,False,unknown,unknown,,,,PROFEK,Team Vitality,astra,True,100,50,1,1,0,5,False,vandal,rifle,,0.8622,0.3833
1586.435,3060,ACTIVE_ROUND,10,5,6,,5.322,,s0pp,FUT Esports,chamber,False,,50,0,8,1,0,False,unknown,unknown,,,,xeus,FUT Esports,jett,False,,50,2,1,0,7,False,vandal,rifle,,,,sociablEE,FUT Esports,fade,False,,25,2,1,0,0,False,phantom,rifle,,,,yetujey,FUT Esports,astra,True,22,50,1,0,0,3,False,phantom,rifle,,0.7956,0.3744,KROSTALY,FUT Esports,kayo,False,,50,1,1,0,6,False,vandal,rifle,,,,Chronicle,Team Vitality,chamber,False,,50,0,8,1,7,True,vandal,rifle,,,,Derke,Team Vitality,neon,False,,50,0,0,0,0,False,phantom,rifle,,,,Jamppi,Team Vitality,kayo,False,,50,1,1,0,0,False,stinger,smg,,,,Sayonara,Team Vitality,sova,False,,50,0,0,0,5,False,unknown,unknown,,,,PROFEK,Team Vitality,astra,True,100,50,1,1,0,5,False,vandal,rifle,,0.8622,0.3833
1586.919,3061,ACTIVE_ROUND,10,5,6,,5.806,,s0pp,FUT Esports,chamber,False,,50,0,8,1,0,False,unknown,unknown,,,,xeus,FUT Esports,jett,False,,50,2,1,0,7,False,vandal,rifle,,,,sociablEE,FUT Esports,fade,False,,25,2,1,0,0,False,phantom,rifle,,,,yetujey,FUT Esports,astra,True,22,50,1,0,0,3,False,phantom,rifle,,0.8000,0.3811,KROSTALY,FUT Esports,kayo,False,,50,1,1,0,6,False,vandal,rifle,,,,Chronicle,Team Vitality,chamber,False,,50,0,8,1,7,True,vandal,rifle,,,,Derke,Team Vitality,neon,False,,50,0,0,0,0,False,phantom,rifle,,,,Jamppi,Team Vitality,kayo,False,,50,1,1,0,0,False,stinger,smg,,,,Sayonara,Team Vitality,sova,False,,50,0,0,0,5,False,unknown,unknown,,,,PROFEK,Team Vitality,astra,True,100,50,1,1,0,5,False,vandal,rifle,,0.8622,0.3833
1587.402,3062,ACTIVE_ROUND,10,5,6,,6.290,,s0pp,FUT Esports,chamber,False,,50,0,8,1,0,False,unknown,unknown,,,,xeus,FUT Esports,jett,False,,50,2,1,0,7,False,vandal,rifle,,,,sociablEE,FUT Esports,fade,False,,25,2,1,0,0,False,phantom,rifle,,,,yetujey,FUT Esports,astra,True,22,50,1,0,0,3,False,phantom,rifle,,0.8067,0.3878,KROSTALY,FUT Esports,kayo,False,,50,1,1,0,6,False,vandal,rifle,,,,Chronicle,Team Vitality,chamber,False,,50,0,8,1,7,True,vandal,rifle,,,,Derke,Team Vitality,neon,False,,50,0,0,0,0,False,phantom,rifle,,,,Jamppi,Team Vitality,kayo,False,,50,1,1,0,0,False,stinger,smg,,,,Sayonara,Team Vitality,sova,False,,50,0,0,0,5,False,unknown,unknown,,,,PROFEK,Team Vitality,astra,True,100,50,1,1,0,5,False,vandal,rifle,,0.8689,0.4767
1587.886,3063,ACTIVE_ROUND,10,5,6,,6.773,,s0pp,FUT Esports,chamber,False,,50,0,8,1,0,False,unknown,unknown,,,,xeus,FUT Esports,jett,False,,50,2,1,0,7,False,vandal,rifle,,,,sociablEE,FUT Esports,fade,False,,25,2,1,0,0,False,phantom,rifle,,,,yetujey,FUT Esports,astra,True,22,50,1,0,0,3,False,phantom,rifle,,0.8156,0.3767,KROSTALY,FUT Esports,kayo,False,,50,1,1,0,6,False,vandal,rifle,,,,Chronicle,Team Vitality,chamber,False,,50,0,8,1,7,True,vandal,rifle,,,,Derke,Team Vitality,neon,False,,50,0,0,0,0,False,phantom,rifle,,,,Jamppi,Team Vitality,kayo,False,,50,1,1,0,0,False,stinger,smg,,,,Sayonara,Team Vitality,sova,False,,50,0,0,0,5,False,unknown,unknown,,,,PROFEK,Team Vitality,astra,True,100,50,1,1,0,5,False,vandal,rifle,,0.8644,0.2389
1588.370,3064,ACTIVE_ROUND,10,5,6,,7.257,,s0pp,FUT Esports,chamber,False,,50,0,8,1,0,False,unknown,unknown,,,,xeus,FUT Esports,jett,False,,50,2,1,0,7,False,vandal,rifle,,,,sociablEE,FUT Esports,fade,False,,25,2,1,0,0,False,phantom,rifle,,,,yetujey,FUT Esports,astra,True,22,50,1,0,0,3,False,phantom,rifle,,0.8156,0.3767,KROSTALY,FUT Esports,kayo,False,,50,1,1,0,6,False,vandal,rifle,,,,Chronicle,Team Vitality,chamber,False,,50,0,8,1,7,True,vandal,rifle,,,,Derke,Team Vitality,neon,False,,50,0,0,0,0,False,phantom,rifle,,,,Jamppi,Team Vitality,kayo,False,,50,1,1,0,0,False,stinger,smg,,,,Sayonara,Team Vitality,sova,False,,50,0,0,0,5,False,unknown,unknown,,,,PROFEK,Team Vitality,astra,True,100,50,1,0,0,5,False,vandal,rifle,,0.8733,0.2389
1588.854,3065,ACTIVE_ROUND,10,5,6,,7.741,,s0pp,FUT Esports,chamber,False,,50,0,8,1,0,False,unknown,unknown,,,,xeus,FUT Esports,jett,False,,50,2,1,0,7,False,vandal,rifle,,,,sociablEE,FUT Esports,fade,False,,25,2,1,0,0,False,phantom,rifle,,,,yetujey,FUT Esports,astra,True,22,50,1,0,0,3,False,phantom,rifle,,0.8356,0.3522,KROSTALY,FUT Esports,kayo,False,,50,1,1,0,6,False,vandal,rifle,,,,Chronicle,Team Vitality,chamber,False,,50,0,8,1,7,True,vandal,rifle,,,,Derke,Team Vitality,neon,False,,50,0,0,0,0,False,phantom,rifle,,,,Jamppi,Team Vitality,kayo,False,,50,1,1,0,0,False,stinger,smg,,,,Sayonara,Team Vitality,sova,False,,50,0,0,0,5,False,unknown,unknown,,,,PROFEK,Team Vitality,astra,True,100,50,1,0,0,5,False,vandal,rifle,,0.8778,0.2389
1589.338,3066,ACTIVE_ROUND,10,5,6,,8.225,,s0pp,FUT Esports,chamber,False,,50,0,8,1,0,False,unknown,unknown,,,,xeus,FUT Esports,jett,False,,50,2,1,0,7,False,vandal,rifle,,,,sociablEE,FUT Esports,fade,False,,25,2,1,0,0,False,phantom,rifle,,,,yetujey,FUT Esports,astra,True,22,50,1,0,0,3,False,phantom,rifle,,0.8244,0.3544,KROSTALY,FUT Esports,kayo,False,,50,1,1,0,6,False,vandal,rifle,,,,Chronicle,Team Vitality,chamber,False,,50,0,8,1,7,True,vandal,rifle,,,,Derke,Team Vitality,neon,False,,50,0,0,0,0,False,phantom,rifle,,,,Jamppi,Team Vitality,kayo,False,,50,1,1,0,0,False,stinger,smg,,,,Sayonara,Team Vitality,sova,False,,50,0,0,0,5,False,unknown,unknown,,,,PROFEK,Team Vitality,astra,True,100,50,1,0,0,5,False,vandal,rifle,,0.8689,0.4789
1589.822,3067,ACTIVE_ROUND,10,5,6,,8.709,,s0pp,FUT Esports,chamber,False,,50,0,8,1,0,False,unknown,unknown,,,,xeus,FUT Esports,jett,False,,50,2,1,0,7,False,vandal,rifle,,,,sociablEE,FUT Esports,fade,False,,25,2,1,0,0,False,phantom,rifle,,,,yetujey,FUT Esports,astra,True,22,50,1,0,0,3,False,phantom,rifle,,0.8156,0.3544,KROSTALY,FUT Esports,kayo,False,,50,1,1,0,6,False,vandal,rifle,,,,Chronicle,Team Vitality,chamber,False,,50,0,8,1,7,True,vandal,rifle,,,,Derke,Team Vitality,neon,False,,50,0,0,0,0,False,phantom,rifle,,,,Jamppi,Team Vitality,kayo,False,,50,1,1,0,0,False,stinger,smg,,,,Sayonara,Team Vitality,sova,False,,50,0,0,0,5,False,unknown,unknown,,,,PROFEK,Team Vitality,astra,True,100,50,1,0,0,5,False,vandal,rifle,,0.8622,0.3833
1590.305,3068,ACTIVE_ROUND,10,5,6,,9.193,,s0pp,FUT Esports,chamber,False,,50,0,8,1,0,False,unknown,unknown,,,,xeus,FUT Esports,jett,False,,50,2,1,0,7,False,vandal,rifle,,,,sociablEE,FUT Esports,fade,False,,25,2,1,0,0,False,phantom,rifle,,,,yetujey,FUT Esports,astra,True,22,50,1,0,0,3,False,phantom,rifle,,0.8067,0.3478,KROSTALY,FUT Esports,kayo,False,,50,1,1,0,6,False,vandal,rifle,,,,Chronicle,Team Vitality,chamber,False,,50,0,8,1,7,True,vandal,rifle,,,,Derke,Team Vitality,neon,False,,50,0,0,0,0,False,phantom,rifle,,,,Jamppi,Team Vitality,kayo,False,,50,1,1,0,0,False,stinger,smg,,,,Sayonara,Team Vitality,sova,False,,50,0,0,0,5,False,unknown,unknown,,,,PROFEK,Team Vitality,astra,True,100,50,1,0,0,5,False,vandal,rifle,,0.8622,0.3833
1590.789,3069,ACTIVE_ROUND,10,5,6,,9.676,,s0pp,FUT Esports,chamber,False,,50,0,8,1,0,False,unknown,unknown,,,,xeus,FUT Esports,jett,False,,50,2,1,0,7,False,vandal,rifle,,,,sociablEE,FUT Esports,fade,False,,25,2,1,0,0,False,phantom,rifle,,,,yetujey,FUT Esports,astra,True,22,50,1,0,0,3,False,phantom,rifle,,0.8022,0.3389,KROSTALY,FUT Esports,kayo,False,,50,1,1,0,6,False,vandal,rifle,,,,Chronicle,Team Vitality,chamber,False,,50,0,8,1,7,True,vandal,rifle,,,,Derke,Team Vitality,neon,False,,50,0,0,0,0,False,phantom,rifle,,,,Jamppi,Team Vitality,kayo,False,,50,1,1,0,0,False,stinger,smg,,,,Sayonara,Team Vitality,sova,False,,50,0,0,0,5,False,unknown,unknown,,,,PROFEK,Team Vitality,astra,True,100,50,1,0,0,5,False,vandal,rifle,,0.9000,0.2722
1591.273,3070,ACTIVE_ROUND,10,5,6,,10.160,,s0pp,FUT Esports,chamber,False,,50,0,8,1,0,False,unknown,unknown,,,,xeus,FUT Esports,jett,False,,50,2,1,0,7,False,vandal,rifle,,,,sociablEE,FUT Esports,fade,False,,25,2,1,0,0,False,phantom,rifle,,,,yetujey,FUT Esports,astra,True,22,50,1,0,0,3,False,phantom,rifle,,0.7956,0.3322,KROSTALY,FUT Esports,kayo,False,,50,1,1,0,6,False,vandal,rifle,,,,Chronicle,Team Vitality,chamber,False,,50,0,8,1,7,True,vandal,rifle,,,,Derke,Team Vitality,neon,False,,50,0,0,0,0,False,phantom,rifle,,,,Jamppi,Team Vitality,kayo,False,,50,1,1,0,0,False,stinger,smg,,,,Sayonara,Team Vitality,sova,False,,50,0,0,0,5,False,unknown,unknown,,,,PROFEK,Team Vitality,astra,True,100,50,1,0,0,5,False,vandal,rifle,,0.8978,0.2811
1591.757,3071,ACTIVE_ROUND,10,5,6,,10.644,,s0pp,FUT Esports,chamber,False,,50,0,8,1,0,False,unknown,unknown,,,,xeus,FUT Esports,jett,False,,50,2,1,0,7,False,vandal,rifle,,,,sociablEE,FUT Esports,fade,False,,25,2,1,0,0,False,phantom,rifle,,,,yetujey,FUT Esports,astra,True,22,50,1,0,0,3,False,phantom,rifle,,0.7933,0.3278,KROSTALY,FUT Esports,kayo,False,,50,1,1,0,6,False,vandal,rifle,,,,Chronicle,Team Vitality,chamber,False,,50,0,8,1,7,True,vandal,rifle,,,,Derke,Team Vitality,neon,False,,50,0,0,0,0,False,phantom,rifle,,,,Jamppi,Team Vitality,kayo,False,,50,1,1,0,0,False,stinger,smg,,,,Sayonara,Team Vitality,sova,False,,50,0,0,0,5,False,unknown,unknown,,,,PROFEK,Team Vitality,astra,True,100,50,1,0,0,5,False,vandal,rifle,,0.8867,0.2878
1592.241,3072,ACTIVE_ROUND,10,5,6,,11.128,,s0pp,FUT Esports,chamber,False,,50,0,8,1,0,False,unknown,unknown,,,,xeus,FUT Esports,jett,False,,50,2,1,0,7,False,vandal,rifle,,,,sociablEE,FUT Esports,fade,False,,25,2,1,0,0,False,phantom,rifle,,,,yetujey,FUT Esports,astra,False,,50,1,0,0,3,False,phantom,rifle,,0.7933,0.3278,KROSTALY,FUT Esports,kayo,False,,50,1,1,0,6,False,vandal,rifle,,,,Chronicle,Team Vitality,chamber,False,,50,0,8,1,7,True,vandal,rifle,,,,Derke,Team Vitality,neon,False,,50,0,0,0,0,False,phantom,rifle,,,,Jamppi,Team Vitality,kayo,False,,50,1,1,0,0,False,stinger,smg,,,,Sayonara,Team Vitality,sova,False,,50,0,0,0,5,False,unknown,unknown,,,,PROFEK,Team Vitality,astra,True,100,50,1,0,0,5,False,vandal,rifle,,0.8622,0.3833
1592.724,3073,POST_ROUND,10,5,7,,,0.000,s0pp,FUT Esports,chamber,False,,50,0,8,1,0,False,unknown,unknown,,,,xeus,FUT Esports,jett,False,,50,2,1,0,7,False,vandal,rifle,,,,sociablEE,FUT Esports,fade,False,,25,2,1,0,0,False,phantom,rifle,,,,yetujey,FUT Esports,astra,False,,50,1,0,0,3,False,phantom,rifle,,0.7933,0.3278,KROSTALY,FUT Esports,kayo,False,,50,1,1,0,6,False,vandal,rifle,,,,Chronicle,Team Vitality,chamber,False,,50,0,8,1,7,True,vandal,rifle,,,,Derke,Team Vitality,neon,False,,50,0,0,0,0,False,phantom,rifle,,,,Jamppi,Team Vitality,kayo,False,,50,1,1,0,0,False,stinger,smg,,,,Sayonara,Team Vitality,sova,False,,50,0,0,0,5,False,unknown,unknown,,,,PROFEK,Team Vitality,astra,True,100,50,1,0,0,5,False,vandal,rifle,,0.8622,0.3833
1593.208,3074,POST_ROUND,10,5,7,,,0.484,s0pp,FUT Esports,chamber,False,,50,0,8,1,0,False,unknown,unknown,,,,xeus,FUT Esports,jett,False,,50,2,1,0,7,False,vandal,rifle,,,,sociablEE,FUT Esports,fade,False,,25,2,1,0,0,False,phantom,rifle,,,,yetujey,FUT Esports,astra,False,,50,1,0,0,3,False,phantom,rifle,,0.7933,0.3278,KROSTALY,FUT Esports,kayo,False,,50,1,1,0,6,False,vandal,rifle,,,,Chronicle,Team Vitality,chamber,False,,50,0,8,1,7,True,vandal,rifle,,,,Derke,Team Vitality,neon,False,,50,0,0,0,0,False,phantom,rifle,,,,Jamppi,Team Vitality,kayo,False,,50,1,1,0,0,False,stinger,smg,,,,Sayonara,Team Vitality,sova,False,,50,0,0,0,5,False,unknown,unknown,,,,PROFEK,Team Vitality,astra,True,100,50,1,0,0,5,False,vandal,rifle,,0.8622,0.3833
1593.692,3075,POST_ROUND,10,5,7,,,0.968,s0pp,FUT Esports,chamber,False,,50,0,8,1,0,False,unknown,unknown,,,,xeus,FUT Esports,jett,False,,50,2,1,0,7,False,vandal,rifle,,,,sociablEE,FUT Esports,fade,False,,25,2,1,0,0,False,phantom,rifle,,,,yetujey,FUT Esports,astra,False,,50,1,0,0,3,False,phantom,rifle,,0.7933,0.3278,KROSTALY,FUT Esports,kayo,False,,50,1,1,0,6,False,vandal,rifle,,,,Chronicle,Team Vitality,chamber,False,,50,0,8,1,7,True,vandal,rifle,,,,Derke,Team Vitality,neon,False,,50,0,0,0,0,False,phantom,rifle,,,,Jamppi,Team Vitality,kayo,False,,50,1,1,0,0,False,stinger,smg,,,,Sayonara,Team Vitality,sova,False,,50,0,0,0,5,False,unknown,unknown,,,,PROFEK,Team Vitality,astra,True,100,50,1,0,0,5,False,vandal,rifle,,0.8622,0.3833
1594.176,3076,POST_ROUND,10,5,7,,,1.451,s0pp,FUT Esports,chamber,False,,50,0,8,1,0,False,unknown,unknown,,,,xeus,FUT Esports,jett,False,,50,2,1,0,7,False,vandal,rifle,,,,sociablEE,FUT Esports,fade,False,,25,2,1,0,0,False,phantom,rifle,,,,yetujey,FUT Esports,astra,False,,50,1,0,0,3,False,phantom,rifle,,0.7933,0.3278,KROSTALY,FUT Esports,kayo,False,,50,1,1,0,6,False,vandal,rifle,,,,Chronicle,Team Vitality,chamber,False,,50,0,8,1,7,True,vandal,rifle,,,,Derke,Team Vitality,neon,False,,50,0,0,0,0,False,phantom,rifle,,,,Jamppi,Team Vitality,kayo,False,,50,1,1,0,0,False,stinger,smg,,,,Sayonara,Team Vitality,sova,False,,50,0,0,0,5,False,unknown,unknown,,,,PROFEK,Team Vitality,astra,True,100,50,1,0,0,6,False,vandal,rifle,,0.8622,0.3833
1594.660,3077,POST_ROUND,10,5,7,,,1.935,s0pp,FUT Esports,chamber,False,,50,0,8,1,0,False,unknown,unknown,,,,xeus,FUT Esports,jett,False,,50,2,1,0,7,False,vandal,rifle,,,,sociablEE,FUT Esports,fade,False,,25,2,1,0,0,False,phantom,rifle,,,,yetujey,FUT Esports,astra,False,,50,1,0,0,3,False,phantom,rifle,,0.7933,0.3278,KROSTALY,FUT Esports,kayo,False,,50,1,1,0,6,False,vandal,rifle,,,,Chronicle,Team Vitality,chamber,False,,50,0,8,1,7,True,vandal,rifle,,,,Derke,Team Vitality,neon,False,,50,0,0,0,0,False,phantom,rifle,,,,Jamppi,Team Vitality,kayo,False,,50,1,1,0,0,False,stinger,smg,,,,Sayonara,Team Vitality,sova,False,,50,0,0,0,5,False,unknown,unknown,,,,PROFEK,Team Vitality,astra,True,100,50,1,0,0,6,False,vandal,rifle,,0.8622,0.3833
1595.144,3078,POST_ROUND,10,5,7,,,2.419,s0pp,FUT Esports,chamber,False,,50,0,8,1,0,False,unknown,unknown,,,,xeus,FUT Esports,jett,False,,50,2,1,0,7,False,vandal,rifle,,,,sociablEE,FUT Esports,fade,False,,25,2,1,0,0,False,phantom,rifle,,,,yetujey,FUT Esports,astra,False,,50,1,0,0,3,False,phantom,rifle,,0.7933,0.3278,KROSTALY,FUT Esports,kayo,False,,50,1,1,0,6,False,vandal,rifle,,,,Chronicle,Team Vitality,chamber,False,,50,0,8,1,7,True,vandal,rifle,,,,Derke,Team Vitality,neon,False,,50,0,0,0,0,False,phantom,rifle,,,,Jamppi,Team Vitality,kayo,False,,50,1,1,0,0,False,stinger,smg,,,,Sayonara,Team Vitality,sova,False,,50,0,0,0,5,False,unknown,unknown,,,,PROFEK,Team Vitality,astra,True,100,50,1,0,0,6,False,vandal,rifle,,0.8622,0.3833
1595.627,3079,POST_ROUND,10,5,7,,,2.903,s0pp,FUT Esports,chamber,False,,50,0,8,1,0,False,unknown,unknown,,,,xeus,FUT Esports,jett,False,,50,2,1,0,7,False,vandal,rifle,,,,sociablEE,FUT Esports,fade,False,,25,2,1,0,0,False,phantom,rifle,,,,yetujey,FUT Esports,astra,False,,50,1,0,0,3,False,phantom,rifle,,0.7933,0.3278,KROSTALY,FUT Esports,kayo,False,,50,1,1,0,6,False,vandal,rifle,,,,Chronicle,Team Vitality,chamber,False,,50,0,8,1,7,True,vandal,rifle,,,,Derke,Team Vitality,neon,False,,50,0,0,0,0,False,phantom,rifle,,,,Jamppi,Team Vitality,kayo,False,,50,1,1,0,0,False,stinger,smg,,,,Sayonara,Team Vitality,sova,False,,50,0,0,0,5,False,unknown,unknown,,,,PROFEK,Team Vitality,astra,True,100,50,1,0,0,6,False,vandal,rifle,,0.8622,0.3833
1596.111,3080,POST_ROUND,10,5,7,,,3.387,s0pp,FUT Esports,chamber,False,,50,0,8,1,0,False,unknown,unknown,,,,xeus,FUT Esports,jett,False,,50,2,1,0,7,False,vandal,rifle,,,,sociablEE,FUT Esports,fade,False,,25,2,1,0,0,False,phantom,rifle,,,,yetujey,FUT Esports,astra,False,,50,1,0,0,3,False,phantom,rifle,,0.7933,0.3278,KROSTALY,FUT Esports,kayo,False,,50,1,1,0,6,False,vandal,rifle,,,,Chronicle,Team Vitality,chamber,False,,50,0,8,1,7,True,vandal,rifle,,,,Derke,Team Vitality,neon,False,,50,0,0,0,0,False,phantom,rifle,,,,Jamppi,Team Vitality,kayo,False,,50,1,1,0,0,False,stinger,smg,,,,Sayonara,Team Vitality,sova,False,,50,0,0,0,5,False,unknown,unknown,,,,PROFEK,Team Vitality,astra,True,100,50,1,0,0,6,False,vandal,rifle,,0.8622,0.3833
1633.849,3158,POST_ROUND,10,5,7,,,41.124,s0pp,FUT Esports,chamber,False,,50,0,8,1,0,False,unknown,unknown,,,,xeus,FUT Esports,jett,False,,50,2,1,0,7,False,vandal,rifle,,,,sociablEE,FUT Esports,fade,False,,25,2,1,0,0,False,phantom,rifle,,,,yetujey,FUT Esports,astra,False,,50,1,0,0,3,False,phantom,rifle,,0.7933,0.3278,KROSTALY,FUT Esports,kayo,False,,50,1,1,0,6,False,vandal,rifle,,,,Chronicle,Team Vitality,chamber,False,,50,0,8,1,7,True,vandal,rifle,,,,Derke,Team Vitality,neon,False,,50,0,0,0,0,False,phantom,rifle,,,,Jamppi,Team Vitality,kayo,False,,50,1,1,0,0,False,stinger,smg,,,,Sayonara,Team Vitality,sova,False,,50,0,0,0,5,False,unknown,unknown,,,,PROFEK,Team Vitality,astra,True,100,50,1,0,0,6,False,vandal,rifle,,0.8622,0.3833
1639.655,3170,POST_ROUND,10,5,7,,,46.930,s0pp,FUT Esports,chamber,False,,50,0,8,1,0,False,unknown,unknown,,,,xeus,FUT Esports,jett,False,,50,2,1,0,7,False,vandal,rifle,,,,sociablEE,FUT Esports,fade,False,,25,2,1,0,0,False,phantom,rifle,,,,yetujey,FUT Esports,astra,False,,50,1,0,0,3,False,phantom,rifle,,0.7933,0.3278,KROSTALY,FUT Esports,kayo,False,,50,1,1,0,6,False,vandal,rifle,,,,Chronicle,Team Vitality,chamber,False,,50,0,8,1,7,True,vandal,rifle,,,,Derke,Team Vitality,neon,False,,50,0,0,0,0,False,phantom,rifle,,,,Jamppi,Team Vitality,kayo,False,,50,1,1,0,0,False,stinger,smg,,,,Sayonara,Team Vitality,sova,False,,50,0,0,0,5,False,unknown,unknown,,,,PROFEK,Team Vitality,astra,True,100,50,1,0,0,6,False,vandal,rifle,,0.8622,0.3833
1640.139,3171,POST_ROUND,10,5,7,,,47.414,s0pp,FUT Esports,chamber,False,,50,0,8,1,0,False,unknown,unknown,,,,xeus,FUT Esports,jett,False,,50,2,1,0,7,False,vandal,rifle,,,,sociablEE,FUT Esports,fade,False,,25,2,1,0,0,False,phantom,rifle,,,,yetujey,FUT Esports,astra,False,,50,1,0,0,3,False,phantom,rifle,,0.7933,0.3278,KROSTALY,FUT Esports,kayo,False,,50,1,1,0,6,False,vandal,rifle,,,,Chronicle,Team Vitality,chamber,False,,50,0,8,1,7,True,vandal,rifle,,,,Derke,Team Vitality,neon,False,,50,0,0,0,0,False,phantom,rifle,,,,Jamppi,Team Vitality,kayo,False,,50,1,1,0,0,False,stinger,smg,,,,Sayonara,Team Vitality,sova,False,,50,0,0,0,5,False,unknown,unknown,,,,PROFEK,Team Vitality,astra,True,100,50,1,0,0,6,False,vandal,rifle,,0.8622,0.3833
1640.622,3172,POST_ROUND,10,5,7,,,47.898,s0pp,FUT Esports,chamber,False,,50,0,8,1,0,False,unknown,unknown,,,,xeus,FUT Esports,jett,False,,50,2,1,0,7,False,vandal,rifle,,,,sociablEE,FUT Esports,fade,False,,25,2,1,0,0,False,phantom,rifle,,,,yetujey,FUT Esports,astra,False,,50,1,0,0,3,False,phantom,rifle,,0.7933,0.3278,KROSTALY,FUT Esports,kayo,False,,50,1,1,0,6,False,vandal,rifle,,,,Chronicle,Team Vitality,chamber,False,,50,0,8,1,7,True,vandal,rifle,,,,Derke,Team Vitality,neon,False,,50,0,0,0,0,False,phantom,rifle,,,,Jamppi,Team Vitality,kayo,False,,50,1,1,0,0,False,stinger,smg,,,,Sayonara,Team Vitality,sova,False,,50,0,0,0,5,False,unknown,unknown,,,,PROFEK,Team Vitality,astra,True,100,50,1,0,0,6,False,vandal,rifle,,0.8622,0.3833
1641.590,3174,POST_ROUND,10,5,7,,,48.865,s0pp,FUT Esports,chamber,False,,50,0,8,1,0,False,unknown,unknown,,,,xeus,FUT Esports,jett,False,,50,2,1,0,7,False,vandal,rifle,,,,sociablEE,FUT Esports,fade,False,,25,2,1,0,0,False,phantom,rifle,,,,yetujey,FUT Esports,astra,False,,50,1,0,0,3,False,phantom,rifle,,0.7933,0.3278,KROSTALY,FUT Esports,kayo,False,,50,1,1,0,6,False,vandal,rifle,,,,Chronicle,Team Vitality,chamber,False,,50,0,8,1,7,True,vandal,rifle,,,,Derke,Team Vitality,neon,False,,50,0,0,0,0,False,phantom,rifle,,,,Jamppi,Team Vitality,kayo,False,,50,1,1,0,0,False,stinger,smg,,,,Sayonara,Team Vitality,sova,False,,50,0,0,0,5,False,unknown,unknown,,,,PROFEK,Team Vitality,astra,True,100,50,1,0,0,6,False,vandal,rifle,,0.8622,0.3833
1642.074,3175,POST_ROUND,10,5,7,,,49.349,s0pp,FUT Esports,chamber,False,,50,0,8,1,0,False,unknown,unknown,,,,xeus,FUT Esports,jett,False,,50,2,1,0,7,False,vandal,rifle,,,,sociablEE,FUT Esports,fade,False,,25,2,1,0,0,False,phantom,rifle,,,,yetujey,FUT Esports,astra,False,,50,1,0,0,3,False,phantom,rifle,,0.7933,0.3278,KROSTALY,FUT Esports,kayo,False,,50,1,1,0,6,False,vandal,rifle,,,,Chronicle,Team Vitality,chamber,False,,50,0,8,1,7,True,vandal,rifle,,,,Derke,Team Vitality,neon,False,,50,0,0,0,0,False,phantom,rifle,,,,Jamppi,Team Vitality,kayo,False,,50,1,1,0,0,False,stinger,smg,,,,Sayonara,Team Vitality,sova,False,,50,0,0,0,5,False,unknown,unknown,,,,PROFEK,Team Vitality,astra,False,,50,1,0,0,6,False,vandal,rifle,,0.8622,0.3833
1682.714,3259,PREROUND,11,5,7,,,,s0pp,FUT Esports,chamber,True,,,,,,,,,,,,,xeus,FUT Esports,jett,True,,,,,,,,,,,,,sociablEE,FUT Esports,fade,True,,,,,,,,,,,,,yetujey,FUT Esports,astra,True,,,,,,,,,,,,,KROSTALY,FUT Esports,kayo,True,,,,,,,,,,,,,Chronicle,Team Vitality,chamber,True,,,,,,,,,,,,,Derke,Team Vitality,neon,True,,,,,,,,,,,,,Jamppi,Team Vitality,kayo,True,,,,,,,,,,,,,Sayonara,Team Vitality,sova,True,,,,,,,,,,,,,PROFEK,Team Vitality,astra,True,,,,,,,,,,,,
1683.198,3260,PREROUND,11,5,7,,,,s0pp,FUT Esports,chamber,True,,,,,,,,,,,,,xeus,FUT Esports,jett,True,,,,,,,,,,,,,sociablEE,FUT Esports,fade,True,,,,,,,,,,,,,yetujey,FUT Esports,astra,True,,,,,,,,,,,,,KROSTALY,FUT Esports,kayo,True,,,,,,,,,,,,,Chronicle,Team Vitality,chamber,True,,,,,,,,,,,,,Derke,Team Vitality,neon,True,,,,,,,,,,,,,Jamppi,Team Vitality,kayo,True,,,,,,,,,,,,,Sayonara,Team Vitality,sova,True,,,,,,,,,,,,,PROFEK,Team Vitality,astra,True,,,,,,,,,,,,
1683.682,3261,PREROUND,11,5,7,,,,s0pp,FUT Esports,chamber,True,,,,,,,,,,,,,xeus,FUT Esports,jett,True,,,,,,,,,,,,,sociablEE,FUT Esports,fade,True,,,,,,,,,,,,,yetujey,FUT Esports,astra,True,,,,,,,,,,,,,KROSTALY,FUT Esports,kayo,True,,,,,,,,,,,,,Chronicle,Team Vitality,chamber,True,,,,,,,,,,,,,Derke,Team Vitality,neon,True,,,,,,,,,,,,,Jamppi,Team Vitality,kayo,True,,,,,,,,,,,,,Sayonara,Team Vitality,sova,True,,,,,,,,,,,,,PROFEK,Team Vitality,astra,True,,,,,,,,,,,,
1684.166,3262,PREROUND,11,5,7,,,,s0pp,FUT Esports,chamber,True,,,,,,,,,,,,,xeus,FUT Esports,jett,True,,,,,,,,,,,,,sociablEE,FUT Esports,fade,True,,,,,,,,,,,,,yetujey,FUT Esports,astra,True,,,,,,,,,,,,,KROSTALY,FUT Esports,kayo,True,,,,,,,,,,,,,Chronicle,Team Vitality,chamber,True,,,,,,,,,,,,,Derke,Team Vitality,neon,True,,,,,,,,,,,,,Jamppi,Team Vitality,kayo,True,,,,,,,,,,,,,Sayonara,Team Vitality,sova,True,,,,,,,,,,,,,PROFEK,Team Vitality,astra,True,,,,,,,,,,,,
1684.650,3263,PREROUND,11,5,7,,,,s0pp,FUT Esports,chamber,True,,,,,,,,,,,,,xeus,FUT Esports,jett,True,,,,,,,,,,,,,sociablEE,FUT Esports,fade,True,,,,,,,,,,,,,yetujey,FUT Esports,astra,True,,,,,,,,,,,,,KROSTALY,FUT Esports,kayo,True,,,,,,,,,,,,,Chronicle,Team Vitality,chamber,True,,,,,,,,,,,,,Derke,Team Vitality,neon,True,,,,,,,,,,,,,Jamppi,Team Vitality,kayo,True,,,,,,,,,,,,,Sayonara,Team Vitality,sova,True,,,,,,,,,,,,,PROFEK,Team Vitality,astra,True,,,,,,,,,,,,
1685.133,3264,PREROUND,11,5,7,,,,s0pp,FUT Esports,chamber,True,,,,,,,,,,,,,xeus,FUT Esports,jett,True,,,,,,,,,,,,,sociablEE,FUT Esports,fade,True,,,,,,,,,,,,,yetujey,FUT Esports,astra,True,,,,,,,,,,,,,KROSTALY,FUT Esports,kayo,True,,,,,,,,,,,,,Chronicle,Team Vitality,chamber,True,,,,,,,,,,,,,Derke,Team Vitality,neon,True,,,,,,,,,,,,,Jamppi,Team Vitality,kayo,True,,,,,,,,,,,,,Sayonara,Team Vitality,sova,True,,,,,,,,,,,,,PROFEK,Team Vitality,astra,True,,,,,,,,,,,,
1685.617,3265,PREROUND,11,5,7,,,,s0pp,FUT Esports,chamber,True,,,,,,,,,,,,,xeus,FUT Esports,jett,True,,,,,,,,,,,,,sociablEE,FUT Esports,fade,True,,,,,,,,,,,,,yetujey,FUT Esports,astra,True,,,,,,,,,,,,,KROSTALY,FUT Esports,kayo,True,,,,,,,,,,,,,Chronicle,Team Vitality,chamber,True,,,,,,,,,,,,,Derke,Team Vitality,neon,True,,,,,,,,,,,,,Jamppi,Team Vitality,kayo,True,,,,,,,,,,,,,Sayonara,Team Vitality,sova,True,,,,,,,,,,,,,PROFEK,Team Vitality,astra,True,,,,,,,,,,,,
1686.101,3266,PREROUND,11,5,7,,,,s0pp,FUT Esports,chamber,True,,,,,,,,,,,,,xeus,FUT Esports,jett,True,,,,,,,,,,,,,sociablEE,FUT Esports,fade,True,,,,,,,,,,,,,yetujey,FUT Esports,astra,True,,,,,,,,,,,,,KROSTALY,FUT Esports,kayo,True,,,,,,,,,,,,,Chronicle,Team Vitality,chamber,True,,,,,,,,,,,,,Derke,Team Vitality,neon,True,,,,,,,,,,,,,Jamppi,Team Vitality,kayo,True,,,,,,,,,,,,,Sayonara,Team Vitality,sova,True,,,,,,,,,,,,,PROFEK,Team Vitality,astra,True,,,,,,,,,,,,
1686.585,3267,PREROUND,11,5,7,,,,s0pp,FUT Esports,chamber,True,,,,,,,,,,,,,xeus,FUT Esports,jett,True,,,,,,,,,,,,,sociablEE,FUT Esports,fade,True,,,,,,,,,,,,,yetujey,FUT Esports,astra,True,,,,,,,,,,,,,KROSTALY,FUT Esports,kayo,True,,,,,,,,,,,,,Chronicle,Team Vitality,chamber,True,,,,,,,,,,,,,Derke,Team Vitality,neon,True,,,,,,,,,,,,,Jamppi,Team Vitality,kayo,True,,,,,,,,,,,,,Sayonara,Team Vitality,sova,True,,,,,,,,,,,,,PROFEK,Team Vitality,astra,True,,,,,,,,,,,,
1687.069,3268,PREROUND,11,5,7,,,,s0pp,FUT Esports,chamber,True,,,,,,,,,,,,,xeus,FUT Esports,jett,True,,,,,,,,,,,,,sociablEE,FUT Esports,fade,True,,,,,,,,,,,,,yetujey,FUT Esports,astra,True,,,,,,,,,,,,,KROSTALY,FUT Esports,kayo,True,,,,,,,,,,,,,Chronicle,Team Vitality,chamber,True,,,,,,,,,,,,,Derke,Team Vitality,neon,True,,,,,,,,,,,,,Jamppi,Team Vitality,kayo,True,,,,,,,,,,,,,Sayonara,Team Vitality,sova,True,,,,,,,,,,,,,PROFEK,Team Vitality,astra,True,,,,,,,,,,,,
1687.553,3269,PREROUND,11,5,7,,,,s0pp,FUT Esports,chamber,True,,,,,,,,,,,,,xeus,FUT Esports,jett,True,,,,,,,,,,,,,sociablEE,FUT Esports,fade,True,,,,,,,,,,,,,yetujey,FUT Esports,astra,True,,,,,,,,,,,,,KROSTALY,FUT Esports,kayo,True,,,,,,,,,,,,,Chronicle,Team Vitality,chamber,True,,,,,,,,,,,,,Derke,Team Vitality,neon,True,,,,,,,,,,,,,Jamppi,Team Vitality,kayo,True,,,,,,,,,,,,,Sayonara,Team Vitality,sova,True,,,,,,,,,,,,,PROFEK,Team Vitality,astra,True,,,,,,,,,,,,
1688.036,3270,PREROUND,11,5,7,,,,s0pp,FUT Esports,chamber,True,,,,,,,,,,,,,xeus,FUT Esports,jett,True,,,,,,,,,,,,,sociablEE,FUT Esports,fade,True,,,,,,,,,,,,,yetujey,FUT Esports,astra,True,,,,,,,,,,,,,KROSTALY,FUT Esports,kayo,True,,,,,,,,,,,,,Chronicle,Team Vitality,chamber,True,,,,,,,,,,,,,Derke,Team Vitality,neon,True,,,,,,,,,,,,,Jamppi,Team Vitality,kayo,True,,,,,,,,,,,,,Sayonara,Team Vitality,sova,True,,,,,,,,,,,,,PROFEK,Team Vitality,astra,True,,,,,,,,,,,,
1688.520,3271,PREROUND,11,5,7,,,,s0pp,FUT Esports,chamber,True,,,,,,,,,,,,,xeus,FUT Esports,jett,True,,,,,,,,,,,,,sociablEE,FUT Esports,fade,True,,,,,,,,,,,,,yetujey,FUT Esports,astra,True,,,,,,,,,,,,,KROSTALY,FUT Esports,kayo,True,,,,,,,,,,,,,Chronicle,Team Vitality,chamber,True,,,,,,,,,,,,,Derke,Team Vitality,neon,True,,,,,,,,,,,,,Jamppi,Team Vitality,kayo,True,,,,,,,,,,,,,Sayonara,Team Vitality,sova,True,,,,,,,,,,,,,PROFEK,Team Vitality,astra,True,,,,,,,,,,,,
1689.004,3272,PREROUND,11,5,7,,,,s0pp,FUT Esports,chamber,True,,,,,,,,,,,,,xeus,FUT Esports,jett,True,,,,,,,,,,,,,sociablEE,FUT Esports,fade,True,,,,,,,,,,,,,yetujey,FUT Esports,astra,True,,,,,,,,,,,,,KROSTALY,FUT Esports,kayo,True,,,,,,,,,,,,,Chronicle,Team Vitality,chamber,True,,,,,,,,,,,,,Derke,Team Vitality,neon,True,,,,,,,,,,,,,Jamppi,Team Vitality,kayo,True,,,,,,,,,,,,,Sayonara,Team Vitality,sova,True,,,,,,,,,,,,,PROFEK,Team Vitality,astra,True,,,,,,,,,,,,
1689.488,3273,PREROUND,11,5,7,,,,s0pp,FUT Esports,chamber,True,,,,,,,,,,,,,xeus,FUT Esports,jett,True,,,,,,,,,,,,,sociablEE,FUT Esports,fade,True,,,,,,,,,,,,,yetujey,FUT Esports,astra,True,,,,,,,,,,,,,KROSTALY,FUT Esports,kayo,True,,,,,,,,,,,,,Chronicle,Team Vitality,chamber,True,,,,,,,,,,,,,Derke,Team Vitality,neon,True,,,,,,,,,,,,,Jamppi,Team Vitality,kayo,True,,,,,,,,,,,,,Sayonara,Team Vitality,sova,True,,,,,,,,,,,,,PROFEK,Team Vitality,astra,True,,,,,,,,,,,,
1689.972,3274,PREROUND,11,5,7,,,,s0pp,FUT Esports,chamber,True,,,,,,,,,,,,,xeus,FUT Esports,jett,True,,,,,,,,,,,,,sociablEE,FUT Esports,fade,True,,,,,,,,,,,,,yetujey,FUT Esports,astra,True,,,,,,,,,,,,,KROSTALY,FUT Esports,kayo,True,,,,,,,,,,,,,Chronicle,Team Vitality,chamber,True,,,,,,,,,,,,,Derke,Team Vitality,neon,True,,,,,,,,,,,,,Jamppi,Team Vitality,kayo,True,,,,,,,,,,,,,Sayonara,Team Vitality,sova,True,,,,,,,,,,,,,PROFEK,Team Vitality,astra,True,,,,,,,,,,,,
1690.455,3275,PREROUND,11,5,7,,,,s0pp,FUT Esports,chamber,True,,,,,,,,,,,,,xeus,FUT Esports,jett,True,,,,,,,,,,,,,sociablEE,FUT Esports,fade,True,,,,,,,,,,,,,yetujey,FUT Esports,astra,True,,,,,,,,,,,,,KROSTALY,FUT Esports,kayo,True,,,,,,,,,,,,,Chronicle,Team Vitality,chamber,True,,,,,,,,,,,,,Derke,Team Vitality,neon,True,,,,,,,,,,,,,Jamppi,Team Vitality,kayo,True,,,,,,,,,,,,,Sayonara,Team Vitality,sova,True,,,,,,,,,,,,,PROFEK,Team Vitality,astra,True,,,,,,,,,,,,
1690.939,3276,PREROUND,11,5,7,,,,s0pp,FUT Esports,chamber,True,,,,,,,,,,,,,xeus,FUT Esports,jett,True,,,,,,,,,,,,,sociablEE,FUT Esports,fade,True,,,,,,,,,,,,,yetujey,FUT Esports,astra,True,,,,,,,,,,,,,KROSTALY,FUT Esports,kayo,True,,,,,,,,,,,,,Chronicle,Team Vitality,chamber,True,,,,,,,,,,,,,Derke,Team Vitality,neon,True,,,,,,,,,,,,,Jamppi,Team Vitality,kayo,True,,,,,,,,,,,,,Sayonara,Team Vitality,sova,True,,,,,,,,,,,,,PROFEK,Team Vitality,astra,True,,,,,,,,,,,,
1691.423,3277,PREROUND,11,5,7,,,,s0pp,FUT Esports,chamber,True,,,,,,,,,,,,,xeus,FUT Esports,jett,True,,,,,,,,,,,,,sociablEE,FUT Esports,fade,True,,,,,,,,,,,,,yetujey,FUT Esports,astra,True,,,,,,,,,,,,,KROSTALY,FUT Esports,kayo,True,,,,,,,,,,,,,Chronicle,Team Vitality,chamber,True,,,,,,,,,,,,,Derke,Team Vitality,neon,True,,,,,,,,,,,,,Jamppi,Team Vitality,kayo,True,,,,,,,,,,,,,Sayonara,Team Vitality,sova,True,,,,,,,,,,,,,PROFEK,Team Vitality,astra,True,,,,,,,,,,,,
1691.907,3278,PREROUND,11,5,7,,,,s0pp,FUT Esports,chamber,True,,,,,,,,,,,,,xeus,FUT Esports,jett,True,,,,,,,,,,,,,sociablEE,FUT Esports,fade,True,,,,,,,,,,,,,yetujey,FUT Esports,astra,True,,,,,,,,,,,,,KROSTALY,FUT Esports,kayo,True,,,,,,,,,,,,,Chronicle,Team Vitality,chamber,True,,,,,,,,,,,,,Derke,Team Vitality,neon,True,,,,,,,,,,,,,Jamppi,Team Vitality,kayo,True,,,,,,,,,,,,,Sayonara,Team Vitality,sova,True,,,,,,,,,,,,,PROFEK,Team Vitality,astra,True,,,,,,,,,,,,
1692.391,3279,PREROUND,11,5,7,,,,s0pp,FUT Esports,chamber,True,,,,,,,,,,,,,xeus,FUT Esports,jett,True,,,,,,,,,,,,,sociablEE,FUT Esports,fade,True,,,,,,,,,,,,,yetujey,FUT Esports,astra,True,,,,,,,,,,,,,KROSTALY,FUT Esports,kayo,True,,,,,,,,,,,,,Chronicle,Team Vitality,chamber,True,,,,,,,,,,,,,Derke,Team Vitality,neon,True,,,,,,,,,,,,,Jamppi,Team Vitality,kayo,True,,,,,,,,,,,,,Sayonara,Team Vitality,sova,True,,,,,,,,,,,,,PROFEK,Team Vitality,astra,True,,,,,,,,,,,,
1692.875,3280,PREROUND,11,5,7,,,,s0pp,FUT Esports,chamber,True,,,,,,,,,,,,,xeus,FUT Esports,jett,True,,,,,,,,,,,,,sociablEE,FUT Esports,fade,True,,,,,,,,,,,,,yetujey,FUT Esports,astra,True,,,,,,,,,,,,,KROSTALY,FUT Esports,kayo,True,,,,,,,,,,,,,Chronicle,Team Vitality,chamber,True,,,,,,,,,,,,,Derke,Team Vitality,neon,True,,,,,,,,,,,,,Jamppi,Team Vitality,kayo,True,,,,,,,,,,,,,Sayonara,Team Vitality,sova,True,,,,,,,,,,,,,PROFEK,Team Vitality,astra,True,,,,,,,,,,,,
1693.358,3281,PREROUND,11,5,7,,,,s0pp,FUT Esports,chamber,True,,,,,,,,,,,,,xeus,FUT Esports,jett,True,,,,,,,,,,,,,sociablEE,FUT Esports,fade,True,,,,,,,,,,,,,yetujey,FUT Esports,astra,True,,,,,,,,,,,,,KROSTALY,FUT Esports,kayo,True,,,,,,,,,,,,,Chronicle,Team Vitality,chamber,True,,,,,,,,,,,,,Derke,Team Vitality,neon,True,,,,,,,,,,,,,Jamppi,Team Vitality,kayo,True,,,,,,,,,,,,,Sayonara,Team Vitality,sova,True,,,,,,,,,,,,,PROFEK,Team Vitality,astra,True,,,,,,,,,,,,
1693.842,3282,PREROUND,11,5,7,,,,s0pp,FUT Esports,chamber,True,,,,,,,,,,,,,xeus,FUT Esports,jett,True,,,,,,,,,,,,,sociablEE,FUT Esports,fade,True,,,,,,,,,,,,,yetujey,FUT Esports,astra,True,,,,,,,,,,,,,KROSTALY,FUT Esports,kayo,True,,,,,,,,,,,,,Chronicle,Team Vitality,chamber,True,,,,,,,,,,,,,Derke,Team Vitality,neon,True,,,,,,,,,,,,,Jamppi,Team Vitality,kayo,True,,,,,,,,,,,,,Sayonara,Team Vitality,sova,True,,,,,,,,,,,,,PROFEK,Team Vitality,astra,True,,,,,,,,,,,,
1694.326,3283,PREROUND,11,5,7,,,,s0pp,FUT Esports,chamber,True,,,,,,,,,,,,,xeus,FUT Esports,jett,True,,,,,,,,,,,,,sociablEE,FUT Esports,fade,True,,,,,,,,,,,,,yetujey,FUT Esports,astra,True,,,,,,,,,,,,,KROSTALY,FUT Esports,kayo,True,,,,,,,,,,,,,Chronicle,Team Vitality,chamber,True,,,,,,,,,,,,,Derke,Team Vitality,neon,True,,,,,,,,,,,,,Jamppi,Team Vitality,kayo,True,,,,,,,,,,,,,Sayonara,Team Vitality,sova,True,,,,,,,,,,,,,PROFEK,Team Vitality,astra,True,,,,,,,,,,,,
1694.810,3284,PREROUND,11,5,7,,,,s0pp,FUT Esports,chamber,True,,,,,,,,,,,,,xeus,FUT Esports,jett,True,,,,,,,,,,,,,sociablEE,FUT Esports,fade,True,,,,,,,,,,,,,yetujey,FUT Esports,astra,True,,,,,,,,,,,,,KROSTALY,FUT Esports,kayo,True,,,,,,,,,,,,,Chronicle,Team Vitality,chamber,True,,,,,,,,,,,,,Derke,Team Vitality,neon,True,,,,,,,,,,,,,Jamppi,Team Vitality,kayo,True,,,,,,,,,,,,,Sayonara,Team Vitality,sova,True,,,,,,,,,,,,,PROFEK,Team Vitality,astra,True,,,,,,,,,,,,
1695.294,3285,PREROUND,11,5,7,,,,s0pp,FUT Esports,chamber,True,,,,,,,,,,,,,xeus,FUT Esports,jett,True,,,,,,,,,,,,,sociablEE,FUT Esports,fade,True,,,,,,,,,,,,,yetujey,FUT Esports,astra,True,,,,,,,,,,,,,KROSTALY,FUT Esports,kayo,True,,,,,,,,,,,,,Chronicle,Team Vitality,chamber,True,,,,,,,,,,,,,Derke,Team Vitality,neon,True,,,,,,,,,,,,,Jamppi,Team Vitality,kayo,True,,,,,,,,,,,,,Sayonara,Team Vitality,sova,True,,,,,,,,,,,,,PROFEK,Team Vitality,astra,True,,,,,,,,,,,,
1695.777,3286,PREROUND,11,5,7,,,,s0pp,FUT Esports,chamber,True,,,,,,,,,,,,,xeus,FUT Esports,jett,True,,,,,,,,,,,,,sociablEE,FUT Esports,fade,True,,,,,,,,,,,,,yetujey,FUT Esports,astra,True,,,,,,,,,,,,,KROSTALY,FUT Esports,kayo,True,,,,,,,,,,,,,Chronicle,Team Vitality,chamber,True,,,,,,,,,,,,,Derke,Team Vitality,neon,True,,,,,,,,,,,,,Jamppi,Team Vitality,kayo,True,,,,,,,,,,,,,Sayonara,Team Vitality,sova,True,,,,,,,,,,,,,PROFEK,Team Vitality,astra,True,,,,,,,,,,,,
1696.261,3287,PREROUND,11,5,7,,,,s0pp,FUT Esports,chamber,True,,,,,,,,,,,,,xeus,FUT Esports,jett,True,,,,,,,,,,,,,sociablEE,FUT Esports,fade,True,,,,,,,,,,,,,yetujey,FUT Esports,astra,True,,,,,,,,,,,,,KROSTALY,FUT Esports,kayo,True,,,,,,,,,,,,,Chronicle,Team Vitality,chamber,True,,,,,,,,,,,,,Derke,Team Vitality,neon,True,,,,,,,,,,,,,Jamppi,Team Vitality,kayo,True,,,,,,,,,,,,,Sayonara,Team Vitality,sova,True,,,,,,,,,,,,,PROFEK,Team Vitality,astra,True,,,,,,,,,,,,
1696.745,3288,PREROUND,11,5,7,,,,s0pp,FUT Esports,chamber,True,,,,,,,,,,,,,xeus,FUT Esports,jett,True,,,,,,,,,,,,,sociablEE,FUT Esports,fade,True,,,,,,,,,,,,,yetujey,FUT Esports,astra,True,,,,,,,,,,,,,KROSTALY,FUT Esports,kayo,True,,,,,,,,,,,,,Chronicle,Team Vitality,chamber,True,,,,,,,,,,,,,Derke,Team Vitality,neon,True,,,,,,,,,,,,,Jamppi,Team Vitality,kayo,True,,,,,,,,,,,,,Sayonara,Team Vitality,sova,True,,,,,,,,,,,,,PROFEK,Team Vitality,astra,True,,,,,,,,,,,,
1697.229,3289,PREROUND,11,5,7,,,,s0pp,FUT Esports,chamber,True,,,,,,,,,,,,,xeus,FUT Esports,jett,True,,,,,,,,,,,,,sociablEE,FUT Esports,fade,True,,,,,,,,,,,,,yetujey,FUT Esports,astra,True,,,,,,,,,,,,,KROSTALY,FUT Esports,kayo,True,,,,,,,,,,,,,Chronicle,Team Vitality,chamber,True,,,,,,,,,,,,,Derke,Team Vitality,neon,True,,,,,,,,,,,,,Jamppi,Team Vitality,kayo,True,,,,,,,,,,,,,Sayonara,Team Vitality,sova,True,,,,,,,,,,,,,PROFEK,Team Vitality,astra,True,,,,,,,,,,,,
1697.713,3290,PREROUND,11,5,7,,,,s0pp,FUT Esports,chamber,True,,,,,,,,,,,,,xeus,FUT Esports,jett,True,,,,,,,,,,,,,sociablEE,FUT Esports,fade,True,,,,,,,,,,,,,yetujey,FUT Esports,astra,True,,,,,,,,,,,,,KROSTALY,FUT Esports,kayo,True,,,,,,,,,,,,,Chronicle,Team Vitality,chamber,True,,,,,,,,,,,,,Derke,Team Vitality,neon,True,,,,,,,,,,,,,Jamppi,Team Vitality,kayo,True,,,,,,,,,,,,,Sayonara,Team Vitality,sova,True,,,,,,,,,,,,,PROFEK,Team Vitality,astra,True,,,,,,,,,,,,
1698.197,3291,PREROUND,11,5,7,,,,s0pp,FUT Esports,chamber,True,,,,,,,,,,,,,xeus,FUT Esports,jett,True,,,,,,,,,,,,,sociablEE,FUT Esports,fade,True,,,,,,,,,,,,,yetujey,FUT Esports,astra,True,,,,,,,,,,,,,KROSTALY,FUT Esports,kayo,True,,,,,,,,,,,,,Chronicle,Team Vitality,chamber,True,,,,,,,,,,,,,Derke,Team Vitality,neon,True,,,,,,,,,,,,,Jamppi,Team Vitality,kayo,True,,,,,,,,,,,,,Sayonara,Team Vitality,sova,True,,,,,,,,,,,,,PROFEK,Team Vitality,astra,True,,,,,,,,,,,,
1698.680,3292,PREROUND,11,5,7,,,,s0pp,FUT Esports,chamber,True,,,,,,,,,,,,,xeus,FUT Esports,jett,True,,,,,,,,,,,,,sociablEE,FUT Esports,fade,True,,,,,,,,,,,,,yetujey,FUT Esports,astra,True,,,,,,,,,,,,,KROSTALY,FUT Esports,kayo,True,,,,,,,,,,,,,Chronicle,Team Vitality,chamber,True,,,,,,,,,,,,,Derke,Team Vitality,neon,True,,,,,,,,,,,,,Jamppi,Team Vitality,kayo,True,,,,,,,,,,,,,Sayonara,Team Vitality,sova,True,,,,,,,,,,,,,PROFEK,Team Vitality,astra,True,,,,,,,,,,,,
1699.164,3293,PREROUND,11,5,7,,,,s0pp,FUT Esports,chamber,True,,,,,,,,,,,,,xeus,FUT Esports,jett,True,,,,,,,,,,,,,sociablEE,FUT Esports,fade,True,,,,,,,,,,,,,yetujey,FUT Esports,astra,True,,,,,,,,,,,,,KROSTALY,FUT Esports,kayo,True,,,,,,,,,,,,,Chronicle,Team Vitality,chamber,True,,,,,,,,,,,,,Derke,Team Vitality,neon,True,,,,,,,,,,,,,Jamppi,Team Vitality,kayo,True,,,,,,,,,,,,,Sayonara,Team Vitality,sova,True,,,,,,,,,,,,,PROFEK,Team Vitality,astra,True,,,,,,,,,,,,
1699.648,3294,PREROUND,11,5,7,,,,s0pp,FUT Esports,chamber,True,,,,,,,,,,,,,xeus,FUT Esports,jett,True,,,,,,,,,,,,,sociablEE,FUT Esports,fade,True,,,,,,,,,,,,,yetujey,FUT Esports,astra,True,,,,,,,,,,,,,KROSTALY,FUT Esports,kayo,True,,,,,,,,,,,,,Chronicle,Team Vitality,chamber,True,,,,,,,,,,,,,Derke,Team Vitality,neon,True,,,,,,,,,,,,,Jamppi,Team Vitality,kayo,True,,,,,,,,,,,,,Sayonara,Team Vitality,sova,True,,,,,,,,,,,,,PROFEK,Team Vitality,astra,True,,,,,,,,,,,,
1700.132,3295,PREROUND,11,5,7,,,,s0pp,FUT Esports,chamber,True,,,,,,,,,,,,,xeus,FUT Esports,jett,True,,,,,,,,,,,,,sociablEE,FUT Esports,fade,True,,,,,,,,,,,,,yetujey,FUT Esports,astra,True,,,,,,,,,,,,,KROSTALY,FUT Esports,kayo,True,,,,,,,,,,,,,Chronicle,Team Vitality,chamber,True,,,,,,,,,,,,,Derke,Team Vitality,neon,True,,,,,,,,,,,,,Jamppi,Team Vitality,kayo,True,,,,,,,,,,,,,Sayonara,Team Vitality,sova,True,,,,,,,,,,,,,PROFEK,Team Vitality,astra,True,,,,,,,,,,,,
1700.616,3296,ACTIVE_ROUND,11,5,7,99.000,,,s0pp,FUT Esports,chamber,True,,,,,,,,,,,,,xeus,FUT Esports,jett,True,,,,,,,,,,,,,sociablEE,FUT Esports,fade,True,,,,,,,,,,,,,yetujey,FUT Esports,astra,True,,,,,,,,,,,0.2222,0.3944,KROSTALY,FUT Esports,kayo,True,,,,,,,,,,,0.5811,0.2922,Chronicle,Team Vitality,chamber,True,,,,,,,,,,,0.7900,0.6178,Derke,Team Vitality,neon,True,,,,,,,,,,,0.7867,0.6422,Jamppi,Team Vitality,kayo,True,,,,,,,,,,,0.7578,0.7156,Sayonara,Team Vitality,sova,True,,,,,,,,,,,,,PROFEK,Team Vitality,astra,True,,,,,,,,,,,0.7089,0.7322
1701.099,3297,ACTIVE_ROUND,11,5,7,98.000,,,s0pp,FUT Esports,chamber,True,100,25,,,,,,,,,,,xeus,FUT Esports,jett,True,100,,,,,,,,,,0.8811,0.4878,sociablEE,FUT Esports,fade,True,100,,,,,,,,,,,,yetujey,FUT Esports,astra,True,100,,,,,,,,,,0.2200,0.4033,KROSTALY,FUT Esports,kayo,True,100,,,,,,,,,,0.8389,0.3256,Chronicle,Team Vitality,chamber,True,100,,,,,,,,,,0.6011,0.7156,Derke,Team Vitality,neon,True,100,,,,,,,,,,0.7867,0.6422,Jamppi,Team Vitality,kayo,True,100,,,,,,,,,,0.7578,0.7156,Sayonara,Team Vitality,sova,True,100,25,,,,,,,,,,,PROFEK,Team Vitality,astra,True,100,,,,,,,,,,0.7089,0.7322
1701.583,3298,ACTIVE_ROUND,11,5,7,98.000,,,s0pp,FUT Esports,chamber,True,100,25,,,,,,,,,,,xeus,FUT Esports,jett,True,100,,,,,,,,,,0.8811,0.4878,sociablEE,FUT Esports,fade,True,100,,,,,,,,,,,,yetujey,FUT Esports,astra,True,100,,,,,,,,,,0.2200,0.4033,KROSTALY,FUT Esports,kayo,True,100,,,,,,,,,,0.8233,0.3122,Chronicle,Team Vitality,chamber,True,100,,,,,,,,,,0.8300,0.6067,Derke,Team Vitality,neon,True,100,,,,,,,,,,0.7867,0.6422,Jamppi,Team Vitality,kayo,True,100,,,,,,,,,,0.7156,0.7422,Sayonara,Team Vitality,sova,True,100,25,,,,,,,,,,,PROFEK,Team Vitality,astra,True,100,,,,,,,,,,0.7089,0.7322
1702.067,3299,ACTIVE_ROUND,11,5,7,98.000,,,s0pp,FUT Esports,chamber,True,100,25,,,,,,,,,0.2022,0.4244,xeus,FUT Esports,jett,True,100,,,,,,,,,,0.8811,0.4878,sociablEE,FUT Esports,fade,True,100,,,,,,,,,,,,yetujey,FUT Esports,astra,True,100,,,,,,,,,,0.2200,0.4033,KROSTALY,FUT Esports,kayo,True,100,,,,,,,,,,0.8078,0.2989,Chronicle,Team Vitality,chamber,True,100,,,,,,,,,,0.8633,0.5111,Derke,Team Vitality,neon,True,100,,,,,,,,,,0.7867,0.6422,Jamppi,Team Vitality,kayo,True,100,,,,,,,,,,0.7644,0.7111,Sayonara,Team Vitality,sova,True,100,25,,,,,,,,,,,PROFEK,Team Vitality,astra,True,100,,,,,,,,,,0.7089,0.7322
1702.551,3300,ACTIVE_ROUND,11,5,7,97.000,,,s0pp,FUT Esports,chamber,True,100,25,0,4,1,0,False,classic,sidearm,,0.1978,0.4378,xeus,FUT Esports,jett,True,100,,1,0,1,0,False,ghost,sidearm,,0.2367,0.3811,sociablEE,FUT Esports,fade,True,100,,1,0,0,0,False,ghost,sidearm,,,,yetujey,FUT Esports,astra,True,100,,1,0,0,0,False,ghost,sidearm,,0.2200,0.4033,KROSTALY,FUT Esports,kayo,True,100,,0,1,1,0,False,ghost,sidearm,,0.8078,0.4589,Chronicle,Team Vitality,chamber,True,100,,0,6,1,0,False,classic,sidearm,,0.8700,0.6022,Derke,Team Vitality,neon,True,100,,0,0,1,0,False,sheriff,sidearm,,0.7867,0.6422,Jamppi,Team Vitality,kayo,True,100,,1,0,0,0,False,bandit,sidearm,,0.7533,0.7267,Sayonara,Team Vitality,sova,True,100,25,1,0,1,0,False,classic,sidearm,,,,PROFEK,Team Vitality,astra,True,100,,1,1,0,0,False,ghost,sidearm,,0.7067,0.7456
1703.035,3301,ACTIVE_ROUND,11,5,7,97.000,,,s0pp,FUT Esports,chamber,True,100,25,0,4,1,0,False,classic,sidearm,,0.1978,0.4378,xeus,FUT Esports,jett,True,100,,1,0,1,0,False,ghost,sidearm,,0.2367,0.3811,sociablEE,FUT Esports,fade,True,100,,1,0,0,0,False,ghost,sidearm,,,,yetujey,FUT Esports,astra,True,100,,1,0,0,0,False,ghost,sidearm,,0.2200,0.4033,KROSTALY,FUT Esports,kayo,True,100,,0,1,1,0,False,ghost,sidearm,,0.7789,0.2789,Chronicle,Team Vitality,chamber,True,100,,0,6,1,0,False,classic,sidearm,,0.8611,0.5956,Derke,Team Vitality,neon,True,100,,0,0,1,0,False,sheriff,sidearm,,0.7867,0.6422,Jamppi,Team Vitality,kayo,True,100,,1,0,0,0,False,bandit,sidearm,,0.7467,0.7400,Sayonara,Team Vitality,sova,True,100,25,1,0,1,0,False,classic,sidearm,,,,PROFEK,Team Vitality,astra,True,100,,1,1,0,0,False,ghost,sidearm,,0.6756,0.7456
1703.518,3302,ACTIVE_ROUND,11,5,7,96.000,,,s0pp,FUT Esports,chamber,True,100,25,0,4,1,0,False,classic,sidearm,,0.8222,0.4267,xeus,FUT Esports,jett,True,100,,1,0,1,0,False,ghost,sidearm,,0.2367,0.3811,sociablEE,FUT Esports,fade,True,100,,1,0,0,0,False,ghost,sidearm,,,,yetujey,FUT Esports,astra,True,100,,1,0,0,0,False,ghost,sidearm,,0.2067,0.4544,KROSTALY,FUT Esports,kayo,True,100,,0,1,1,0,False,ghost,sidearm,,0.7856,0.3233,Chronicle,Team Vitality,chamber,True,100,,0,6,1,0,False,classic,sidearm,,0.7256,0.6356,Derke,Team Vitality,neon,False,,,0,0,1,0,False,sheriff,sidearm,,0.7867,0.6422,Jamppi,Team Vitality,kayo,True,100,,1,0,0,0,False,bandit,sidearm,,0.7467,0.7400,Sayonara,Team Vitality,sova,True,100,25,1,0,1,0,False,classic,sidearm,,,,PROFEK,Team Vitality,astra,True,100,,1,1,0,0,False,ghost,sidearm,,0.6756,0.7478
1704.002,3303,ACTIVE_ROUND,11,5,7,96.000,,,s0pp,FUT Esports,chamber,True,100,25,0,4,1,0,False,classic,sidearm,,0.8156,0.4200,xeus,FUT Esports,jett,True,100,,1,0,1,0,False,ghost,sidearm,,0.2367,0.3811,sociablEE,FUT Esports,fade,True,100,,1,0,0,0,False,ghost,sidearm,,,,yetujey,FUT Esports,astra,True,100,,1,0,0,0,False,ghost,sidearm,,0.2044,0.4567,KROSTALY,FUT Esports,kayo,True,100,,0,1,1,0,False,ghost,sidearm,,0.7900,0.4100,Chronicle,Team Vitality,chamber,True,100,,0,6,1,0,False,classic,sidearm,,0.7256,0.6356,Derke,Team Vitality,neon,False,,,0,0,1,0,False,sheriff,sidearm,,,,Jamppi,Team Vitality,kayo,True,100,,1,0,0,0,False,bandit,sidearm,,0.7156,0.7489,Sayonara,Team Vitality,sova,True,100,25,1,0,1,0,False,classic,sidearm,,0.7622,0.6156,PROFEK,Team Vitality,astra,True,100,,1,1,0,0,False,ghost,sidearm,,0.6756,0.7478
1704.486,3304,ACTIVE_ROUND,11,5,7,95.000,,,s0pp,FUT Esports,chamber,True,100,25,0,3,1,1,False,classic,sidearm,,0.8156,0.4200,xeus,FUT Esports,jett,True,100,,1,0,1,0,False,ghost,sidearm,,0.2367,0.3811,sociablEE,FUT Esports,fade,True,100,,1,0,0,0,False,ghost,sidearm,,,,yetujey,FUT Esports,astra,True,100,,1,0,0,0,False,ghost,sidearm,,0.1956,0.4611,KROSTALY,FUT Esports,kayo,True,100,,0,1,1,0,False,ghost,sidearm,,0.7900,0.4078,Chronicle,Team Vitality,chamber,True,100,,0,6,1,0,False,classic,sidearm,,0.1389,0.4756,Derke,Team Vitality,neon,False,,,0,0,1,0,False,sheriff,sidearm,,,,Jamppi,Team Vitality,kayo,True,100,,1,0,0,0,False,classic,sidearm,,0.7644,0.7067,Sayonara,Team Vitality,sova,True,100,25,1,0,1,0,False,classic,sidearm,,0.7622,0.6156,PROFEK,Team Vitality,astra,True,100,,1,1,0,0,False,ghost,sidearm,,0.6756,0.7478
1704.970,3305,ACTIVE_ROUND,11,5,7,95.000,,,s0pp,FUT Esports,chamber,True,100,25,0,3,1,1,False,classic,sidearm,,0.8156,0.4200,xeus,FUT Esports,jett,True,100,,1,0,1,0,False,ghost,sidearm,,0.2900,0.4678,sociablEE,FUT Esports,fade,True,100,,1,0,0,0,False,ghost,sidearm,,,,yetujey,FUT Esports,astra,True,100,,1,0,0,0,False,ghost,sidearm,,0.1956,0.4611,KROSTALY,FUT Esports,kayo,True,100,,0,1,1,0,False,ghost,sidearm,,0.7500,0.2344,Chronicle,Team Vitality,chamber,True,100,,0,6,1,0,False,classic,sidearm,,0.4144,0.5111,Derke,Team Vitality,neon,False,,,0,0,1,0,False,sheriff,sidearm,,,,Jamppi,Team Vitality,kayo,True,100,,1,0,0,0,False,classic,sidearm,,0.7644,0.7067,Sayonara,Team Vitality,sova,True,100,25,1,0,1,0,False,classic,sidearm,,0.7622,0.6156,PROFEK,Team Vitality,astra,True,100,,1,1,0,0,False,ghost,sidearm,,0.6756,0.7478
1705.454,3306,ACTIVE_ROUND,11,5,7,94.000,,,s0pp,FUT Esports,chamber,True,100,25,0,3,1,1,False,classic,sidearm,,0.8156,0.4200,xeus,FUT Esports,jett,True,100,,1,0,1,0,False,ghost,sidearm,,0.7767,0.2944,sociablEE,FUT Esports,fade,True,100,,1,0,0,0,False,ghost,sidearm,,,,yetujey,FUT Esports,astra,True,100,,1,0,0,0,False,ghost,sidearm,,0.8000,0.4611,KROSTALY,FUT Esports,kayo,True,100,,0,1,1,0,False,ghost,sidearm,,0.7900,0.4100,Chronicle,Team Vitality,chamber,True,100,,0,6,1,0,False,classic,sidearm,,0.4144,0.5111,Derke,Team Vitality,neon,False,,,0,0,1,0,False,sheriff,sidearm,,,,Jamppi,Team Vitality,kayo,True,100,,1,0,0,0,False,classic,sidearm,,0.7644,0.7067,Sayonara,Team Vitality,sova,True,100,25,1,0,1,0,False,classic,sidearm,,0.7622,0.6156,PROFEK,Team Vitality,astra,True,100,,1,1,0,0,False,ghost,sidearm,,0.6756,0.7478
1705.938,3307,ACTIVE_ROUND,11,5,7,94.000,,,s0pp,FUT Esports,chamber,True,100,25,0,3,1,1,False,classic,sidearm,,0.8156,0.4200,xeus,FUT Esports,jett,True,100,,1,0,1,0,False,ghost,sidearm,,0.7767,0.2944,sociablEE,FUT Esports,fade,True,100,,1,0,0,0,False,ghost,sidearm,,,,yetujey,FUT Esports,astra,True,100,,1,0,0,0,False,ghost,sidearm,,0.8000,0.4611,KROSTALY,FUT Esports,kayo,True,100,,0,1,1,0,False,ghost,sidearm,,0.7300,0.1878,Chronicle,Team Vitality,chamber,True,100,,0,6,1,0,False,classic,sidearm,,0.4144,0.5111,Derke,Team Vitality,neon,False,,,0,0,1,0,False,sheriff,sidearm,,,,Jamppi,Team Vitality,kayo,True,100,,1,0,0,0,False,classic,sidearm,,0.7644,0.7067,Sayonara,Team Vitality,sova,True,100,25,1,0,1,0,False,classic,sidearm,,0.7622,0.6156,PROFEK,Team Vitality,astra,True,100,,1,1,0,0,False,ghost,sidearm,,0.6756,0.7478
1706.421,3308,ACTIVE_ROUND,11,5,7,93.000,,,s0pp,FUT Esports,chamber,True,100,25,0,3,1,1,False,classic,sidearm,,0.8156,0.4200,xeus,FUT Esports,jett,True,100,,1,0,1,0,False,ghost,sidearm,,0.7767,0.2944,sociablEE,FUT Esports,fade,True,100,,1,0,0,0,False,ghost,sidearm,,,,yetujey,FUT Esports,astra,True,100,,1,1,0,0,False,ghost,sidearm,,0.8000,0.4611,KROSTALY,FUT Esports,kayo,True,100,,0,1,1,0,False,ghost,sidearm,,0.7300,0.1878,Chronicle,Team Vitality,chamber,True,100,,0,6,1,0,False,classic,sidearm,,0.4144,0.5111,Derke,Team Vitality,neon,False,,,0,0,1,0,False,sheriff,sidearm,,,,Jamppi,Team Vitality,kayo,True,100,,1,0,0,0,False,classic,sidearm,,0.7644,0.7067,Sayonara,Team Vitality,sova,True,100,25,1,0,1,0,False,classic,sidearm,,0.7622,0.6156,PROFEK,Team Vitality,astra,True,100,,1,1,0,0,False,ghost,sidearm,,0.6756,0.7478
1706.905,3309,ACTIVE_ROUND,11,5,7,93.000,,,s0pp,FUT Esports,chamber,True,100,25,0,3,1,1,False,classic,sidearm,,0.8156,0.4200,xeus,FUT Esports,jett,True,100,,1,0,1,0,False,ghost,sidearm,,0.7767,0.2944,sociablEE,FUT Esports,fade,True,100,,1,0,0,0,False,ghost,sidearm,,,,yetujey,FUT Esports,astra,True,100,,1,1,0,0,False,ghost,sidearm,,0.8000,0.4611,KROSTALY,FUT Esports,kayo,True,100,,0,1,1,0,False,ghost,sidearm,,0.7922,0.2900,Chronicle,Team Vitality,chamber,True,100,,0,6,1,0,False,classic,sidearm,,0.2478,0.5133,Derke,Team Vitality,neon,False,,,0,0,1,0,False,sheriff,sidearm,,,,Jamppi,Team Vitality,kayo,True,100,,1,0,0,0,False,classic,sidearm,,0.7644,0.7067,Sayonara,Team Vitality,sova,True,100,25,1,0,1,0,False,classic,sidearm,,0.7622,0.6156,PROFEK,Team Vitality,astra,True,100,,1,1,0,0,False,ghost,sidearm,,0.6756,0.7478
1707.389,3310,ACTIVE_ROUND,11,5,7,92.000,,,s0pp,FUT Esports,chamber,True,100,25,0,3,1,1,False,classic,sidearm,,0.8156,0.4200,xeus,FUT Esports,jett,True,100,,1,0,1,0,False,ghost,sidearm,,0.7767,0.2944,sociablEE,FUT Esports,fade,True,100,,1,0,0,0,False,ghost,sidearm,,,,yetujey,FUT Esports,astra,True,100,,1,1,0,0,False,ghost,sidearm,,0.8000,0.4611,KROSTALY,FUT Esports,kayo,True,100,,0,1,1,0,False,ghost,sidearm,,0.7989,0.3100,Chronicle,Team Vitality,chamber,True,100,,0,6,1,0,False,classic,sidearm,,0.4144,0.5111,Derke,Team Vitality,neon,False,,,0,0,1,0,False,sheriff,sidearm,,,,Jamppi,Team Vitality,kayo,True,100,,1,0,0,0,False,classic,sidearm,,0.7644,0.7067,Sayonara,Team Vitality,sova,True,100,25,1,0,1,0,False,classic,sidearm,,0.7622,0.6156,PROFEK,Team Vitality,astra,True,100,,1,1,0,0,False,ghost,sidearm,,0.6756,0.7478
1707.873,3311,ACTIVE_ROUND,11,5,7,92.000,,,s0pp,FUT Esports,chamber,True,100,25,0,3,1,1,False,classic,sidearm,,0.8156,0.4178,xeus,FUT Esports,jett,True,100,,1,0,1,0,False,ghost,sidearm,,0.8167,0.3500,sociablEE,FUT Esports,fade,True,100,,1,0,0,0,False,ghost,sidearm,,,,yetujey,FUT Esports,astra,True,100,,1,1,0,0,False,ghost,sidearm,,0.8000,0.4611,KROSTALY,FUT Esports,kayo,True,100,,0,1,1,0,False,ghost,sidearm,,0.7922,0.4078,Chronicle,Team Vitality,chamber,True,100,,0,6,1,0,False,classic,sidearm,,0.4144,0.5111,Derke,Team Vitality,neon,False,,,0,0,1,0,False,sheriff,sidearm,,,,Jamppi,Team Vitality,kayo,True,100,,1,0,0,0,False,classic,sidearm,,0.7644,0.7067,Sayonara,Team Vitality,sova,True,100,25,1,0,1,0,False,classic,sidearm,,0.7622,0.6156,PROFEK,Team Vitality,astra,True,100,,1,1,0,0,False,ghost,sidearm,,0.6756,0.7478
1708.357,3312,ACTIVE_ROUND,11,5,7,91.000,,,s0pp,FUT Esports,chamber,True,100,25,0,3,1,1,False,classic,sidearm,,0.8156,0.4178,xeus,FUT Esports,jett,True,100,,1,0,1,0,False,ghost,sidearm,,0.8522,0.3144,sociablEE,FUT Esports,fade,True,100,,1,0,0,0,False,ghost,sidearm,,,,yetujey,FUT Esports,astra,True,100,,1,0,0,0,False,ghost,sidearm,,0.8000,0.4611,KROSTALY,FUT Esports,kayo,True,100,,0,1,1,0,False,ghost,sidearm,,0.8100,0.3144,Chronicle,Team Vitality,chamber,True,100,,0,6,1,0,False,classic,sidearm,,0.2456,0.5133,Derke,Team Vitality,neon,False,,,0,0,1,0,False,sheriff,sidearm,,,,Jamppi,Team Vitality,kayo,True,100,,1,0,0,0,False,bandit,sidearm,,0.7933,0.6311,Sayonara,Team Vitality,sova,True,100,25,1,0,1,0,False,classic,sidearm,,0.7622,0.6156,PROFEK,Team Vitality,astra,True,100,,1,1,0,0,False,ghost,sidearm,,0.6756,0.7478
1708.840,3313,ACTIVE_ROUND,11,5,7,91.000,,,s0pp,FUT Esports,chamber,True,100,25,0,3,1,1,False,classic,sidearm,,0.8178,0.4178,xeus,FUT Esports,jett,True,100,,1,0,1,0,False,ghost,sidearm,,0.8678,0.3011,sociablEE,FUT Esports,fade,True,100,,1,0,0,0,False,ghost,sidearm,,,,yetujey,FUT Esports,astra,True,100,,1,0,0,0,False,ghost,sidearm,,0.8000,0.4611,KROSTALY,FUT Esports,kayo,True,100,,0,1,1,0,False,ghost,sidearm,,0.8256,0.3033,Chronicle,Team Vitality,chamber,True,100,,0,6,1,0,False,classic,sidearm,,0.6056,0.7111,Derke,Team Vitality,neon,False,,,0,0,1,0,False,sheriff,sidearm,,,,Jamppi,Team Vitality,kayo,True,100,,1,0,0,0,False,bandit,sidearm,,0.7933,0.6222,Sayonara,Team Vitality,sova,True,100,25,1,0,1,0,False,classic,sidearm,,0.7622,0.6156,PROFEK,Team Vitality,astra,True,100,,1,1,0,0,False,ghost,sidearm,,0.6756,0.7478
1709.324,3314,ACTIVE_ROUND,11,5,7,90.000,,,s0pp,FUT Esports,chamber,True,100,25,0,3,1,1,False,classic,sidearm,,0.8178,0.4178,xeus,FUT Esports,jett,True,100,,1,0,1,0,False,ghost,sidearm,,0.2100,0.4656,sociablEE,FUT Esports,fade,True,100,,1,0,0,0,False,ghost,sidearm,,,,yetujey,FUT Esports,astra,True,100,,1,0,0,0,False,ghost,sidearm,,0.8000,0.4611,KROSTALY,FUT Esports,kayo,True,100,,0,1,1,0,False,ghost,sidearm,,0.8411,0.2989,Chronicle,Team Vitality,chamber,True,100,,0,6,1,0,False,classic,sidearm,,0.6056,0.7111,Derke,Team Vitality,neon,False,,,0,0,1,0,False,sheriff,sidearm,,,,Jamppi,Team Vitality,kayo,True,100,,1,0,0,0,False,bandit,sidearm,,0.8000,0.6178,Sayonara,Team Vitality,sova,True,100,25,1,0,1,0,False,classic,sidearm,,0.7622,0.6156,PROFEK,Team Vitality,astra,True,100,,1,1,0,0,False,ghost,sidearm,,0.6756,0.7478
1709.808,3315,ACTIVE_ROUND,11,5,7,90.000,,,s0pp,FUT Esports,chamber,True,100,25,0,3,1,1,False,classic,sidearm,,0.8156,0.4178,xeus,FUT Esports,jett,True,100,,1,0,1,0,False,ghost,sidearm,,0.1767,0.5211,sociablEE,FUT Esports,fade,True,100,,1,0,0,0,False,ghost,sidearm,,,,yetujey,FUT Esports,astra,True,100,,1,0,0,0,False,ghost,sidearm,,0.8000,0.4611,KROSTALY,FUT Esports,kayo,True,100,,0,1,1,0,False,ghost,sidearm,,0.8567,0.2967,Chronicle,Team Vitality,chamber,True,100,,0,6,1,0,False,classic,sidearm,,0.4189,0.5200,Derke,Team Vitality,neon,False,,,0,0,1,0,False,sheriff,sidearm,,,,Jamppi,Team Vitality,kayo,True,100,,1,0,0,0,False,bandit,sidearm,,0.8111,0.6178,Sayonara,Team Vitality,sova,True,100,25,1,0,1,0,False,classic,sidearm,,0.7622,0.6156,PROFEK,Team Vitality,astra,True,100,,1,1,0,0,False,ghost,sidearm,,0.6756,0.7478
1710.292,3316,ACTIVE_ROUND,11,5,7,89.000,,,s0pp,FUT Esports,chamber,True,100,25,0,3,1,1,False,classic,sidearm,,0.8156,0.4178,xeus,FUT Esports,jett,True,100,,1,0,1,0,False,ghost,sidearm,,0.1767,0.5211,sociablEE,FUT Esports,fade,True,100,,1,0,0,0,False,ghost,sidearm,,,,yetujey,FUT Esports,astra,True,100,,1,1,0,0,False,ghost,sidearm,,0.8000,0.4611,KROSTALY,FUT Esports,kayo,True,100,,0,1,1,0,False,ghost,sidearm,,0.8700,0.2967,Chronicle,Team Vitality,chamber,True,100,,0,6,1,0,False,classic,sidearm,,0.4189,0.5222,Derke,Team Vitality,neon,False,,,0,0,1,0,False,sheriff,sidearm,,,,Jamppi,Team Vitality,kayo,True,100,,1,0,0,0,False,classic,sidearm,,0.8222,0.6178,Sayonara,Team Vitality,sova,True,100,25,1,0,1,0,False,classic,sidearm,,0.7622,0.6156,PROFEK,Team Vitality,astra,True,100,,1,1,0,0,False,ghost,sidearm,,0.6756,0.7478
1710.776,3317,ACTIVE_ROUND,11,5,7,89.000,,,s0pp,FUT Esports,chamber,True,100,25,0,3,1,1,False,classic,sidearm,,0.8156,0.4178,xeus,FUT Esports,jett,True,100,,1,0,1,0,False,ghost,sidearm,,0.1767,0.5211,sociablEE,FUT Esports,fade,True,100,,1,0,0,0,False,ghost,sidearm,,,,yetujey,FUT Esports,astra,True,100,,1,1,0,0,False,ghost,sidearm,,0.8000,0.4611,KROSTALY,FUT Esports,kayo,True,100,,0,1,1,0,False,ghost,sidearm,,0.8833,0.2967,Chronicle,Team Vitality,chamber,True,100,,0,6,1,0,False,classic,sidearm,,0.2456,0.5244,Derke,Team Vitality,neon,False,,,0,0,1,0,False,sheriff,sidearm,,,,Jamppi,Team Vitality,kayo,True,100,,1,0,0,0,False,classic,sidearm,,0.8356,0.6156,Sayonara,Team Vitality,sova,True,100,25,1,0,1,0,False,classic,sidearm,,0.7622,0.6156,PROFEK,Team Vitality,astra,True,100,,1,1,0,0,False,ghost,sidearm,,0.6756,0.7478
1711.260,3318,ACTIVE_ROUND,11,5,7,88.000,,,s0pp,FUT Esports,chamber,True,100,25,0,3,1,1,False,classic,sidearm,,0.8156,0.4178,xeus,FUT Esports,jett,True,100,,1,0,1,0,False,ghost,sidearm,,0.2122,0.4633,sociablEE,FUT Esports,fade,True,100,,1,0,0,0,False,ghost,sidearm,,,,yetujey,FUT Esports,astra,True,100,,1,1,0,0,False,ghost,sidearm,,0.8000,0.4611,KROSTALY,FUT Esports,kayo,True,100,,0,1,1,0,False,ghost,sidearm,,0.7922,0.4078,Chronicle,Team Vitality,chamber,True,100,,0,6,1,0,False,classic,sidearm,,0.2456,0.5333,Derke,Team Vitality,neon,False,,,0,0,1,0,False,sheriff,sidearm,,,,Jamppi,Team Vitality,kayo,True,100,,1,0,0,0,False,classic,sidearm,,0.8400,0.6156,Sayonara,Team Vitality,sova,True,100,25,1,0,1,0,False,classic,sidearm,,0.7622,0.6156,PROFEK,Team Vitality,astra,True,100,,1,1,0,0,False,ghost,sidearm,,0.6756,0.7478
1711.743,3319,ACTIVE_ROUND,11,5,7,88.000,,,s0pp,FUT Esports,chamber,True,100,25,0,3,1,1,False,classic,sidearm,,0.8156,0.4178,xeus,FUT Esports,jett,True,100,,1,0,1,0,False,ghost,sidearm,,0.8633,0.3433,sociablEE,FUT Esports,fade,True,100,,1,0,0,0,False,ghost,sidearm,,,,yetujey,FUT Esports,astra,True,100,,1,1,0,0,False,ghost,sidearm,,0.8000,0.4611,KROSTALY,FUT Esports,kayo,True,100,,0,1,1,0,False,ghost,sidearm,,0.8900,0.3189,Chronicle,Team Vitality,chamber,True,100,,0,6,1,0,False,classic,sidearm,,0.2456,0.5111,Derke,Team Vitality,neon,False,,,0,0,1,0,False,sheriff,sidearm,,,,Jamppi,Team Vitality,kayo,True,100,,1,0,0,0,False,classic,sidearm,,0.8422,0.6156,Sayonara,Team Vitality,sova,True,100,25,1,0,1,0,False,classic,sidearm,,0.7622,0.6156,PROFEK,Team Vitality,astra,True,100,,1,1,0,0,False,ghost,sidearm,,0.6756,0.7478
1712.227,3320,ACTIVE_ROUND,11,5,7,87.000,,,s0pp,FUT Esports,chamber,True,100,25,0,3,1,1,False,classic,sidearm,,0.8156,0.4178,xeus,FUT Esports,jett,True,100,,1,0,1,0,False,ghost,sidearm,,0.8633,0.3456,sociablEE,FUT Esports,fade,True,100,,1,0,0,0,False,ghost,sidearm,,,,yetujey,FUT Esports,astra,True,100,,1,1,0,0,False,ghost,sidearm,,0.8000,0.4611,KROSTALY,FUT Esports,kayo,True,100,,0,1,1,0,False,ghost,sidearm,,0.8900,0.3211,Chronicle,Team Vitality,chamber,True,100,,0,6,1,0,False,classic,sidearm,,0.4322,0.4956,Derke,Team Vitality,neon,False,,,0,0,1,0,False,sheriff,sidearm,,,,Jamppi,Team Vitality,kayo,True,100,,1,0,0,0,False,classic,sidearm,,0.8422,0.6156,Sayonara,Team Vitality,sova,True,100,25,1,0,1,0,False,classic,sidearm,,0.7622,0.6156,PROFEK,Team Vitality,astra,True,100,,1,1,0,0,False,ghost,sidearm,,0.6756,0.7478
1712.711,3321,ACTIVE_ROUND,11,5,7,87.000,,,s0pp,FUT Esports,chamber,True,100,25,0,3,1,1,False,classic,sidearm,,0.8156,0.4178,xeus,FUT Esports,jett,True,100,,1,0,1,0,False,ghost,sidearm,,0.8633,0.3456,sociablEE,FUT Esports,fade,True,100,,1,0,0,0,False,ghost,sidearm,,,,yetujey,FUT Esports,astra,True,100,,1,1,0,0,False,ghost,sidearm,,0.8000,0.4611,KROSTALY,FUT Esports,kayo,True,100,,0,1,1,0,False,ghost,sidearm,,0.8900,0.3211,Chronicle,Team Vitality,chamber,True,100,,0,6,1,0,False,classic,sidearm,,0.4322,0.4956,Derke,Team Vitality,neon,False,,,0,0,1,0,False,sheriff,sidearm,,,,Jamppi,Team Vitality,kayo,True,100,,1,0,0,0,False,classic,sidearm,,0.8422,0.6156,Sayonara,Team Vitality,sova,True,100,25,1,0,1,0,False,classic,sidearm,,0.7622,0.6156,PROFEK,Team Vitality,astra,True,100,,1,1,0,0,False,ghost,sidearm,,0.6756,0.7478
1713.195,3322,ACTIVE_ROUND,11,5,7,86.000,,,s0pp,FUT Esports,chamber,True,100,25,0,3,1,1,False,classic,sidearm,,0.8156,0.4178,xeus,FUT Esports,jett,True,100,,1,0,1,0,False,ghost,sidearm,,0.8633,0.3456,sociablEE,FUT Esports,fade,True,100,,1,0,0,0,False,ghost,sidearm,,,,yetujey,FUT Esports,astra,True,100,,1,1,0,0,False,ghost,sidearm,,0.8000,0.4611,KROSTALY,FUT Esports,kayo,True,100,,0,1,1,0,False,ghost,sidearm,,0.8900,0.3211,Chronicle,Team Vitality,chamber,True,100,,0,6,1,0,False,classic,sidearm,,0.4322,0.4956,Derke,Team Vitality,neon,False,,,0,0,1,0,False,sheriff,sidearm,,,,Jamppi,Team Vitality,kayo,True,100,,1,0,0,0,False,classic,sidearm,,0.8422,0.6156,Sayonara,Team Vitality,sova,True,100,25,1,0,1,0,False,classic,sidearm,,0.7622,0.6156,PROFEK,Team Vitality,astra,True,100,,1,1,0,0,False,ghost,sidearm,,0.6756,0.7478
1713.679,3323,ACTIVE_ROUND,11,5,7,86.000,,,s0pp,FUT Esports,chamber,True,100,25,0,3,1,1,False,classic,sidearm,,0.8156,0.4178,xeus,FUT Esports,jett,True,100,,1,0,1,0,False,ghost,sidearm,,0.8567,0.3078,sociablEE,FUT Esports,fade,True,100,,1,0,0,0,False,ghost,sidearm,,,,yetujey,FUT Esports,astra,True,100,,1,1,0,0,False,ghost,sidearm,,0.8000,0.4611,KROSTALY,FUT Esports,kayo,True,100,,0,1,1,0,False,ghost,sidearm,,0.8900,0.3211,Chronicle,Team Vitality,chamber,True,100,,0,6,1,0,False,classic,sidearm,,0.2478,0.4067,Derke,Team Vitality,neon,False,,,0,0,1,0,False,sheriff,sidearm,,,,Jamppi,Team Vitality,kayo,True,100,,1,0,0,0,False,classic,sidearm,,0.8422,0.6156,Sayonara,Team Vitality,sova,True,100,25,1,0,1,0,False,classic,sidearm,,0.7622,0.6156,PROFEK,Team Vitality,astra,True,100,,1,1,0,0,False,ghost,sidearm,,0.6756,0.7478
1714.162,3324,ACTIVE_ROUND,11,5,7,85.000,,,s0pp,FUT Esports,chamber,True,100,25,0,3,1,1,False,classic,sidearm,,0.8156,0.4178,xeus,FUT Esports,jett,True,100,,1,0,1,0,False,ghost,sidearm,,0.8656,0.3478,sociablEE,FUT Esports,fade,True,100,,1,0,0,0,False,ghost,sidearm,,,,yetujey,FUT Esports,astra,True,100,,1,0,0,0,False,ghost,sidearm,,0.8000,0.4611,KROSTALY,FUT Esports,kayo,True,100,,0,1,1,0,False,ghost,sidearm,,0.8922,0.3233,Chronicle,Team Vitality,chamber,True,100,,0,6,1,0,False,classic,sidearm,,0.6989,0.5200,Derke,Team Vitality,neon,False,,,0,0,1,0,False,sheriff,sidearm,,,,Jamppi,Team Vitality,kayo,True,100,,1,0,0,0,False,bandit,sidearm,,0.8422,0.6156,Sayonara,Team Vitality,sova,True,100,25,1,0,1,0,False,classic,sidearm,,0.7622,0.6156,PROFEK,Team Vitality,astra,True,100,,1,1,0,0,False,ghost,sidearm,,0.6756,0.7478
1714.646,3325,ACTIVE_ROUND,11,5,7,85.000,,,s0pp,FUT Esports,chamber,True,100,25,0,3,1,1,False,classic,sidearm,,0.8156,0.4178,xeus,FUT Esports,jett,True,100,,1,0,1,0,False,ghost,sidearm,,0.8656,0.3500,sociablEE,FUT Esports,fade,True,100,,1,0,0,0,False,ghost,sidearm,,,,yetujey,FUT Esports,astra,True,100,,1,0,0,0,False,ghost,sidearm,,0.8000,0.4611,KROSTALY,FUT Esports,kayo,True,100,,0,1,1,0,False,ghost,sidearm,,0.8922,0.3256,Chronicle,Team Vitality,chamber,True,100,,0,6,1,0,False,classic,sidearm,,0.6989,0.5200,Derke,Team Vitality,neon,False,,,0,0,1,0,False,sheriff,sidearm,,,,Jamppi,Team Vitality,kayo,True,100,,1,0,0,0,False,bandit,sidearm,,0.8422,0.6156,Sayonara,Team Vitality,sova,True,100,25,1,0,1,0,False,classic,sidearm,,0.7622,0.6156,PROFEK,Team Vitality,astra,True,100,,1,1,0,0,False,ghost,sidearm,,0.6756,0.7478
1715.130,3326,ACTIVE_ROUND,11,5,7,84.000,,,s0pp,FUT Esports,chamber,True,100,25,0,3,1,1,False,classic,sidearm,,0.8156,0.4178,xeus,FUT Esports,jett,True,100,,1,0,1,0,False,ghost,sidearm,,0.8567,0.3122,sociablEE,FUT Esports,fade,True,100,,1,0,0,0,False,ghost,sidearm,,,,yetujey,FUT Esports,astra,True,100,,1,0,0,0,False,ghost,sidearm,,0.3556,0.3656,KROSTALY,FUT Esports,kayo,True,100,,0,1,1,0,False,ghost,sidearm,,0.8900,0.3233,Chronicle,Team Vitality,chamber,True,100,,0,6,1,0,False,classic,sidearm,,0.2944,0.3689,Derke,Team Vitality,neon,False,,,0,0,1,0,False,sheriff,sidearm,,,,Jamppi,Team Vitality,kayo,True,100,,1,0,0,0,False,bandit,sidearm,,0.8422,0.6156,Sayonara,Team Vitality,sova,True,100,25,1,0,1,0,False,classic,sidearm,,0.7622,0.6156,PROFEK,Team Vitality,astra,True,100,,1,1,0,0,False,ghost,sidearm,,0.6756,0.7478
1715.614,3327,ACTIVE_ROUND,11,5,7,84.000,,,s0pp,FUT Esports,chamber,True,100,25,0,3,1,1,False,classic,sidearm,,0.8156,0.4178,xeus,FUT Esports,jett,True,100,,1,0,1,0,False,ghost,sidearm,,0.8567,0.3122,sociablEE,FUT Esports,fade,True,100,,1,0,0,0,False,ghost,sidearm,,,,yetujey,FUT Esports,astra,True,100,,1,0,0,0,False,ghost,sidearm,,0.3556,0.3656,KROSTALY,FUT Esports,kayo,True,100,,0,1,1,0,False,ghost,sidearm,,0.8900,0.3233,Chronicle,Team Vitality,chamber,True,100,,0,6,1,0,False,classic,sidearm,,0.3122,0.3511,Derke,Team Vitality,neon,False,,,0,0,1,0,False,sheriff,sidearm,,,,Jamppi,Team Vitality,kayo,True,100,,1,0,0,0,False,bandit,sidearm,,0.8422,0.6156,Sayonara,Team Vitality,sova,True,100,25,1,0,1,0,False,classic,sidearm,,0.7622,0.6156,PROFEK,Team Vitality,astra,True,100,,1,1,0,0,False,ghost,sidearm,,0.6756,0.7478
1716.098,3328,ACTIVE_ROUND,11,5,7,83.000,,,s0pp,FUT Esports,chamber,True,100,25,0,3,1,1,False,classic,sidearm,,0.8156,0.4178,xeus,FUT Esports,jett,True,100,,1,0,1,0,False,ghost,sidearm,,0.8567,0.3122,sociablEE,FUT Esports,fade,True,100,,1,0,0,0,False,ghost,sidearm,,,,yetujey,FUT Esports,astra,True,100,,1,0,0,0,False,ghost,sidearm,,0.3822,0.3278,KROSTALY,FUT Esports,kayo,True,100,,0,1,1,0,False,ghost,sidearm,,0.8900,0.3233,Chronicle,Team Vitality,chamber,True,100,,0,6,1,0,False,classic,sidearm,,0.6456,0.5511,Derke,Team Vitality,neon,False,,,0,0,1,0,False,sheriff,sidearm,,,,Jamppi,Team Vitality,kayo,True,100,,1,0,0,0,False,bandit,sidearm,,0.8422,0.6156,Sayonara,Team Vitality,sova,True,100,25,1,0,1,0,False,classic,sidearm,,0.7622,0.6156,PROFEK,Team Vitality,astra,True,100,,2,1,0,0,False,ghost,sidearm,,0.6756,0.7478
1716.582,3329,ACTIVE_ROUND,11,5,7,83.000,,,s0pp,FUT Esports,chamber,True,100,25,0,3,1,1,False,classic,sidearm,,0.8156,0.4178,xeus,FUT Esports,jett,True,100,,1,0,1,0,False,ghost,sidearm,,0.8567,0.3122,sociablEE,FUT Esports,fade,True,100,,1,0,0,0,False,ghost,sidearm,,,,yetujey,FUT Esports,astra,True,100,,1,0,0,0,False,ghost,sidearm,,0.3822,0.3278,KROSTALY,FUT Esports,kayo,True,100,,0,1,1,0,False,ghost,sidearm,,0.8900,0.3233,Chronicle,Team Vitality,chamber,True,100,,0,6,1,0,False,classic,sidearm,,0.6456,0.5511,Derke,Team Vitality,neon,False,,,0,0,1,0,False,sheriff,sidearm,,,,Jamppi,Team Vitality,kayo,True,100,,1,0,0,0,False,bandit,sidearm,,0.8422,0.6156,Sayonara,Team Vitality,sova,True,100,25,1,0,1,0,False,classic,sidearm,,0.7622,0.6156,PROFEK,Team Vitality,astra,True,100,,2,1,0,0,False,ghost,sidearm,,0.6756,0.7478
1717.065,3330,ACTIVE_ROUND,11,5,7,83.000,,,s0pp,FUT Esports,chamber,True,100,25,0,3,1,1,False,classic,sidearm,,0.8156,0.4178,xeus,FUT Esports,jett,True,100,,1,0,1,0,False,ghost,sidearm,,0.8567,0.3122,sociablEE,FUT Esports,fade,True,100,,1,0,0,0,False,ghost,sidearm,,,,yetujey,FUT Esports,astra,True,100,,1,0,0,0,False,ghost,sidearm,,0.4044,0.2878,KROSTALY,FUT Esports,kayo,True,100,,0,1,1,0,False,ghost,sidearm,,0.7900,0.4100,Chronicle,Team Vitality,chamber,True,100,,0,6,1,0,False,classic,sidearm,,0.6456,0.5511,Derke,Team Vitality,neon,False,,,0,0,1,0,False,sheriff,sidearm,,,,Jamppi,Team Vitality,kayo,True,100,,1,0,0,0,False,bandit,sidearm,,0.8422,0.6156,Sayonara,Team Vitality,sova,True,100,25,1,0,1,0,False,classic,sidearm,,0.7622,0.6156,PROFEK,Team Vitality,astra,True,100,,2,1,0,0,False,ghost,sidearm,,0.6756,0.7478
1717.549,3331,ACTIVE_ROUND,11,5,7,82.000,,,s0pp,FUT Esports,chamber,True,100,25,0,3,1,1,False,classic,sidearm,,0.8156,0.4178,xeus,FUT Esports,jett,True,100,,1,0,1,0,False,ghost,sidearm,,0.8567,0.3122,sociablEE,FUT Esports,fade,True,100,,1,0,0,0,False,ghost,sidearm,,,,yetujey,FUT Esports,astra,True,100,,1,0,0,0,False,ghost,sidearm,,0.4044,0.2878,KROSTALY,FUT Esports,kayo,True,100,,0,1,1,0,False,ghost,sidearm,,0.8900,0.3233,Chronicle,Team Vitality,chamber,True,100,,0,6,1,0,False,classic,sidearm,,0.6456,0.5511,Derke,Team Vitality,neon,False,,,0,0,1,0,False,sheriff,sidearm,,,,Jamppi,Team Vitality,kayo,True,100,,1,0,0,0,False,bandit,sidearm,,0.8422,0.6156,Sayonara,Team Vitality,sova,True,100,25,1,0,1,0,False,classic,sidearm,,0.7622,0.6156,PROFEK,Team Vitality,astra,True,100,,2,1,0,0,False,ghost,sidearm,,0.6756,0.7478
1718.033,3332,ACTIVE_ROUND,11,5,7,82.000,,,s0pp,FUT Esports,chamber,True,100,25,0,3,1,1,False,classic,sidearm,,0.8156,0.4178,xeus,FUT Esports,jett,True,100,,1,0,1,0,False,ghost,sidearm,,0.8567,0.3122,sociablEE,FUT Esports,fade,True,100,,1,0,0,0,False,ghost,sidearm,,,,yetujey,FUT Esports,astra,True,100,,1,1,0,0,False,ghost,sidearm,,0.4444,0.2678,KROSTALY,FUT Esports,kayo,True,100,,0,1,1,0,False,ghost,sidearm,,0.7900,0.4100,Chronicle,Team Vitality,chamber,True,100,,0,6,1,0,False,classic,sidearm,,0.6456,0.5511,Derke,Team Vitality,neon,False,,,0,0,1,0,False,sheriff,sidearm,,,,Jamppi,Team Vitality,kayo,True,100,,1,0,0,0,False,bandit,sidearm,,0.8422,0.6156,Sayonara,Team Vitality,sova,True,100,25,1,0,1,0,False,classic,sidearm,,0.7622,0.6156,PROFEK,Team Vitality,astra,True,100,,1,1,0,0,False,ghost,sidearm,,0.6756,0.7478
1718.517,3333,ACTIVE_ROUND,11,5,7,81.000,,,s0pp,FUT Esports,chamber,True,100,25,0,3,1,1,False,classic,sidearm,,0.8156,0.4178,xeus,FUT Esports,jett,True,100,,1,0,1,0,False,ghost,sidearm,,0.5100,0.2456,sociablEE,FUT Esports,fade,True,100,,1,0,0,0,False,ghost,sidearm,,,,yetujey,FUT Esports,astra,True,100,,1,1,0,0,False,ghost,sidearm,,0.4444,0.2678,KROSTALY,FUT Esports,kayo,True,100,,0,1,1,0,False,ghost,sidearm,,0.8900,0.3233,Chronicle,Team Vitality,chamber,True,100,,0,6,1,0,False,classic,sidearm,,0.6456,0.5511,Derke,Team Vitality,neon,False,,,0,0,1,0,False,sheriff,sidearm,,,,Jamppi,Team Vitality,kayo,True,100,,1,0,0,0,False,bandit,sidearm,,0.8422,0.6178,Sayonara,Team Vitality,sova,True,100,25,1,0,1,0,False,classic,sidearm,,0.7622,0.6156,PROFEK,Team Vitality,astra,True,100,,1,1,0,0,False,ghost,sidearm,,0.6756,0.7478
1719.001,3334,ACTIVE_ROUND,11,5,7,81.000,,,s0pp,FUT Esports,chamber,True,100,25,0,3,1,1,False,classic,sidearm,,0.8156,0.4178,xeus,FUT Esports,jett,True,100,,1,0,1,0,False,ghost,sidearm,,0.8567,0.3122,sociablEE,FUT Esports,fade,True,100,,1,0,0,0,False,ghost,sidearm,,,,yetujey,FUT Esports,astra,True,100,,1,1,0,0,False,ghost,sidearm,,0.4444,0.2678,KROSTALY,FUT Esports,kayo,True,100,,0,1,1,0,False,ghost,sidearm,,0.8900,0.3233,Chronicle,Team Vitality,chamber,True,100,,0,6,1,0,False,classic,sidearm,,0.4389,0.2556,Derke,Team Vitality,neon,False,,,0,0,1,0,False,sheriff,sidearm,,,,Jamppi,Team Vitality,kayo,True,100,,1,0,0,0,False,bandit,sidearm,,0.8422,0.6178,Sayonara,Team Vitality,sova,True,100,25,1,0,1,0,False,classic,sidearm,,0.7622,0.6156,PROFEK,Team Vitality,astra,True,100,,1,1,0,0,False,ghost,sidearm,,0.6756,0.7478
1719.484,3335,ACTIVE_ROUND,11,5,7,80.000,,,s0pp,FUT Esports,chamber,True,100,25,0,3,1,1,False,classic,sidearm,,0.8156,0.4178,xeus,FUT Esports,jett,True,100,,1,0,1,0,False,ghost,sidearm,,0.8567,0.3122,sociablEE,FUT Esports,fade,True,100,,1,0,0,0,False,ghost,sidearm,,,,yetujey,FUT Esports,astra,True,100,,1,1,0,0,False,ghost,sidearm,,0.4444,0.2678,KROSTALY,FUT Esports,kayo,True,100,,0,1,1,0,False,ghost,sidearm,,0.8900,0.3233,Chronicle,Team Vitality,chamber,True,100,,0,6,1,0,False,classic,sidearm,,0.6944,0.5200,Derke,Team Vitality,neon,False,,,0,0,1,0,False,sheriff,sidearm,,,,Jamppi,Team Vitality,kayo,True,100,,1,0,0,0,False,bandit,sidearm,,0.8422,0.6178,Sayonara,Team Vitality,sova,True,100,25,1,0,1,0,False,classic,sidearm,,0.7622,0.6156,PROFEK,Team Vitality,astra,True,100,,1,1,0,0,False,ghost,sidearm,,0.6756,0.7478
1719.968,3336,ACTIVE_ROUND,11,5,7,80.000,,,s0pp,FUT Esports,chamber,True,100,25,0,3,1,1,False,classic,sidearm,,0.8156,0.4178,xeus,FUT Esports,jett,True,100,,1,0,1,0,False,ghost,sidearm,,0.8567,0.3122,sociablEE,FUT Esports,fade,True,100,,1,0,0,0,False,ghost,sidearm,,,,yetujey,FUT Esports,astra,True,100,,1,1,0,0,False,ghost,sidearm,,0.4444,0.2678,KROSTALY,FUT Esports,kayo,True,100,,0,1,1,0,False,ghost,sidearm,,0.8900,0.3211,Chronicle,Team Vitality,chamber,True,100,,0,6,1,0,False,classic,sidearm,,0.7922,0.5200,Derke,Team Vitality,neon,False,,,0,0,1,0,False,sheriff,sidearm,,,,Jamppi,Team Vitality,kayo,True,100,,1,0,0,0,False,classic,sidearm,,0.8422,0.6178,Sayonara,Team Vitality,sova,True,100,25,1,0,1,0,False,classic,sidearm,,0.7622,0.6156,PROFEK,Team Vitality,astra,True,100,,1,1,0,0,False,ghost,sidearm,,0.6756,0.7478
1720.452,3337,ACTIVE_ROUND,11,5,7,79.000,,,s0pp,FUT Esports,chamber,True,100,25,0,3,1,1,False,classic,sidearm,,0.8156,0.4178,xeus,FUT Esports,jett,True,100,,1,0,1,0,False,ghost,sidearm,,0.8567,0.3122,sociablEE,FUT Esports,fade,True,100,,1,0,0,0,False,ghost,sidearm,,,,yetujey,FUT Esports,astra,True,100,,1,1,0,0,False,ghost,sidearm,,0.1844,0.4678,KROSTALY,FUT Esports,kayo,True,100,,0,1,1,0,False,ghost,sidearm,,0.8900,0.3233,Chronicle,Team Vitality,chamber,True,100,,0,6,1,0,False,classic,sidearm,,0.7922,0.5200,Derke,Team Vitality,neon,False,,,0,0,1,0,False,sheriff,sidearm,,,,Jamppi,Team Vitality,kayo,True,100,,1,0,0,0,False,classic,sidearm,,0.8422,0.5978,Sayonara,Team Vitality,sova,True,100,25,1,0,1,0,False,classic,sidearm,,0.7622,0.6156,PROFEK,Team Vitality,astra,True,100,,1,1,0,0,False,ghost,sidearm,,0.6756,0.7478
1720.936,3338,ACTIVE_ROUND,11,5,7,79.000,,,s0pp,FUT Esports,chamber,True,100,25,0,3,1,1,False,classic,sidearm,,0.8156,0.4178,xeus,FUT Esports,jett,True,100,,1,0,1,0,False,ghost,sidearm,,0.8567,0.3122,sociablEE,FUT Esports,fade,True,100,,1,0,0,0,False,ghost,sidearm,,,,yetujey,FUT Esports,astra,True,100,,1,1,0,0,False,ghost,sidearm,,0.1844,0.4678,KROSTALY,FUT Esports,kayo,True,100,,0,1,1,0,False,ghost,sidearm,,0.8900,0.3233,Chronicle,Team Vitality,chamber,True,100,,0,6,1,0,False,classic,sidearm,,0.6900,0.5200,Derke,Team Vitality,neon,False,,,0,0,1,0,False,sheriff,sidearm,,,,Jamppi,Team Vitality,kayo,True,100,,1,0,0,0,False,classic,sidearm,,0.8489,0.5889,Sayonara,Team Vitality,sova,True,100,25,1,0,1,0,False,classic,sidearm,,0.7622,0.6156,PROFEK,Team Vitality,astra,True,100,,1,1,0,0,False,ghost,sidearm,,0.6756,0.7478
1721.420,3339,ACTIVE_ROUND,11,5,7,78.000,,,s0pp,FUT Esports,chamber,True,100,25,0,3,1,1,False,classic,sidearm,,0.8156,0.4178,xeus,FUT Esports,jett,True,100,,1,0,1,0,False,ghost,sidearm,,0.8567,0.3122,sociablEE,FUT Esports,fade,True,100,,1,0,0,0,False,ghost,sidearm,,,,yetujey,FUT Esports,astra,True,100,,1,1,0,0,False,ghost,sidearm,,0.1844,0.4678,KROSTALY,FUT Esports,kayo,True,100,,0,1,1,0,False,ghost,sidearm,,0.8900,0.3233,Chronicle,Team Vitality,chamber,True,100,,0,6,1,0,False,classic,sidearm,,0.6811,0.5289,Derke,Team Vitality,neon,False,,,0,0,1,0,False,sheriff,sidearm,,,,Jamppi,Team Vitality,kayo,True,100,,1,0,0,0,False,classic,sidearm,,0.8489,0.5889,Sayonara,Team Vitality,sova,True,100,25,1,0,1,0,False,classic,sidearm,,0.7622,0.6156,PROFEK,Team Vitality,astra,True,100,,1,1,0,0,False,ghost,sidearm,,0.6756,0.7478
1721.904,3340,ACTIVE_ROUND,11,5,7,78.000,,,s0pp,FUT Esports,chamber,True,100,25,0,3,1,1,False,classic,sidearm,,0.8156,0.4178,xeus,FUT Esports,jett,True,100,,1,0,1,0,False,ghost,sidearm,,0.8567,0.3122,sociablEE,FUT Esports,fade,True,100,,1,0,0,0,False,ghost,sidearm,,,,yetujey,FUT Esports,astra,True,100,,1,0,0,0,False,ghost,sidearm,,0.1844,0.4678,KROSTALY,FUT Esports,kayo,True,100,,0,1,1,0,False,ghost,sidearm,,0.8900,0.3233,Chronicle,Team Vitality,chamber,True,100,,0,6,1,0,False,classic,sidearm,,0.6811,0.5289,Derke,Team Vitality,neon,False,,,0,0,1,0,False,sheriff,sidearm,,,,Jamppi,Team Vitality,kayo,True,100,,1,0,0,0,False,classic,sidearm,,0.8489,0.5889,Sayonara,Team Vitality,sova,True,100,25,1,0,1,0,False,classic,sidearm,,0.7622,0.6156,PROFEK,Team Vitality,astra,True,100,,1,0,0,0,False,ghost,sidearm,,0.6756,0.7478
1722.387,3341,ACTIVE_ROUND,11,5,7,77.000,,,s0pp,FUT Esports,chamber,True,100,25,0,3,1,1,False,classic,sidearm,,0.8156,0.4178,xeus,FUT Esports,jett,True,100,,1,0,1,0,False,ghost,sidearm,,0.8567,0.3122,sociablEE,FUT Esports,fade,True,100,,1,0,0,0,False,ghost,sidearm,,,,yetujey,FUT Esports,astra,True,100,,1,0,0,0,False,ghost,sidearm,,0.1911,0.4700,KROSTALY,FUT Esports,kayo,True,100,,0,1,1,0,False,ghost,sidearm,,0.8900,0.3233,Chronicle,Team Vitality,chamber,True,100,,0,6,1,0,False,classic,sidearm,,0.6811,0.5289,Derke,Team Vitality,neon,False,,,0,0,1,0,False,sheriff,sidearm,,,,Jamppi,Team Vitality,kayo,True,100,,1,0,0,0,False,classic,sidearm,,0.8489,0.5889,Sayonara,Team Vitality,sova,True,100,25,1,0,1,0,False,classic,sidearm,,0.7622,0.6156,PROFEK,Team Vitality,astra,True,100,,1,0,0,0,False,ghost,sidearm,,0.6756,0.7478
1722.871,3342,ACTIVE_ROUND,11,5,7,77.000,,,s0pp,FUT Esports,chamber,True,100,25,0,3,1,1,False,classic,sidearm,,0.8156,0.4178,xeus,FUT Esports,jett,True,100,,1,0,1,0,False,ghost,sidearm,,0.8567,0.3100,sociablEE,FUT Esports,fade,True,100,,1,0,0,0,False,ghost,sidearm,,,,yetujey,FUT Esports,astra,True,100,,1,0,0,0,False,ghost,sidearm,,0.2022,0.4611,KROSTALY,FUT Esports,kayo,True,100,,0,1,1,0,False,ghost,sidearm,,0.8900,0.3233,Chronicle,Team Vitality,chamber,True,100,,0,6,1,0,False,classic,sidearm,,0.6811,0.5289,Derke,Team Vitality,neon,False,,,0,0,1,0,False,sheriff,sidearm,,,,Jamppi,Team Vitality,kayo,True,100,,1,0,0,0,False,classic,sidearm,,0.8489,0.5889,Sayonara,Team Vitality,sova,True,100,25,1,0,1,0,False,classic,sidearm,,0.7622,0.6156,PROFEK,Team Vitality,astra,True,100,,1,0,0,0,False,ghost,sidearm,,0.6756,0.7478
1723.355,3343,ACTIVE_ROUND,11,5,7,76.000,,,s0pp,FUT Esports,chamber,True,100,25,0,3,1,1,False,classic,sidearm,,0.8156,0.4178,xeus,FUT Esports,jett,True,100,,1,0,1,0,False,ghost,sidearm,,0.8567,0.3100,sociablEE,FUT Esports,fade,True,100,,1,0,0,0,False,ghost,sidearm,,,,yetujey,FUT Esports,astra,True,100,,1,0,0,0,False,ghost,sidearm,,0.2133,0.4544,KROSTALY,FUT Esports,kayo,True,100,,0,1,1,0,False,ghost,sidearm,,0.8900,0.3233,Chronicle,Team Vitality,chamber,True,100,,0,6,1,0,False,classic,sidearm,,0.6811,0.5289,Derke,Team Vitality,neon,False,,,0,0,1,0,False,sheriff,sidearm,,,,Jamppi,Team Vitality,kayo,True,100,,1,0,0,0,False,classic,sidearm,,0.8489,0.5889,Sayonara,Team Vitality,sova,True,100,25,1,0,1,0,False,classic,sidearm,,0.7622,0.6156,PROFEK,Team Vitality,astra,True,100,,1,0,0,0,False,ghost,sidearm,,0.6756,0.7478
1723.839,3344,ACTIVE_ROUND,11,5,7,76.000,,,s0pp,FUT Esports,chamber,True,100,25,0,3,1,1,False,classic,sidearm,,0.8978,0.3511,xeus,FUT Esports,jett,True,100,,1,0,1,0,False,ghost,sidearm,,0.8567,0.3122,sociablEE,FUT Esports,fade,True,100,,1,0,0,0,False,ghost,sidearm,,,,yetujey,FUT Esports,astra,True,100,,1,1,0,0,False,ghost,sidearm,,0.2267,0.4522,KROSTALY,FUT Esports,kayo,True,100,,0,1,1,0,False,ghost,sidearm,,0.8900,0.3233,Chronicle,Team Vitality,chamber,True,100,,0,6,1,0,False,classic,sidearm,,0.1433,0.6022,Derke,Team Vitality,neon,False,,,0,0,1,0,False,sheriff,sidearm,,,,Jamppi,Team Vitality,kayo,True,100,,1,0,0,0,False,bandit,sidearm,,0.9044,0.5778,Sayonara,Team Vitality,sova,True,100,25,1,0,1,0,False,classic,sidearm,,0.7622,0.6156,PROFEK,Team Vitality,astra,True,100,,0,0,0,0,False,ghost,sidearm,,0.6756,0.7478
1724.323,3345,ACTIVE_ROUND,11,5,7,75.000,,,s0pp,FUT Esports,chamber,True,100,25,0,3,1,1,False,classic,sidearm,,0.8978,0.3511,xeus,FUT Esports,jett,True,100,,1,0,1,0,False,ghost,sidearm,,0.6789,0.1967,sociablEE,FUT Esports,fade,True,100,,1,0,0,0,False,ghost,sidearm,,,,yetujey,FUT Esports,astra,True,100,,1,1,0,0,False,ghost,sidearm,,0.2267,0.4522,KROSTALY,FUT Esports,kayo,True,100,,0,1,1,0,False,ghost,sidearm,,0.8922,0.3233,Chronicle,Team Vitality,chamber,True,88,,0,6,1,0,False,classic,sidearm,,0.5300,0.5244,Derke,Team Vitality,neon,False,,,0,0,1,0,False,sheriff,sidearm,,,,Jamppi,Team Vitality,kayo,True,100,,1,0,0,0,False,bandit,sidearm,,0.9044,0.5778,Sayonara,Team Vitality,sova,True,100,25,1,0,1,0,False,classic,sidearm,,0.7622,0.6156,PROFEK,Team Vitality,astra,True,100,,0,0,0,0,False,ghost,sidearm,,0.6756,0.7478
1724.806,3346,ACTIVE_ROUND,11,5,7,75.000,,,s0pp,FUT Esports,chamber,True,100,25,0,3,1,1,False,classic,sidearm,,0.8978,0.3511,xeus,FUT Esports,jett,True,100,,1,0,1,0,False,ghost,sidearm,,0.6789,0.1967,sociablEE,FUT Esports,fade,True,100,,1,0,0,0,False,ghost,sidearm,,,,yetujey,FUT Esports,astra,True,100,,1,1,0,0,False,ghost,sidearm,,0.2622,0.4567,KROSTALY,FUT Esports,kayo,True,100,,0,1,1,0,False,ghost,sidearm,,0.8900,0.3100,Chronicle,Team Vitality,chamber,True,88,,0,6,1,0,False,classic,sidearm,,0.7033,0.5244,Derke,Team Vitality,neon,False,,,0,0,1,0,False,sheriff,sidearm,,,,Jamppi,Team Vitality,kayo,True,100,,1,0,0,0,False,bandit,sidearm,,0.9156,0.5889,Sayonara,Team Vitality,sova,True,100,25,1,0,1,0,False,classic,sidearm,,0.7622,0.6156,PROFEK,Team Vitality,astra,True,100,,0,0,0,0,False,ghost,sidearm,,0.6756,0.7478
1725.290,3347,ACTIVE_ROUND,11,5,7,74.000,,,s0pp,FUT Esports,chamber,True,100,25,0,3,1,1,False,classic,sidearm,,0.9067,0.3289,xeus,FUT Esports,jett,True,100,,1,0,1,0,False,ghost,sidearm,,0.6789,0.1967,sociablEE,FUT Esports,fade,True,100,,1,0,0,0,False,ghost,sidearm,,,,yetujey,FUT Esports,astra,True,100,,1,1,0,0,False,ghost,sidearm,,0.2622,0.4567,KROSTALY,FUT Esports,kayo,True,100,,0,1,1,0,False,ghost,sidearm,,0.8878,0.3056,Chronicle,Team Vitality,chamber,True,88,,0,6,1,0,False,classic,sidearm,,0.6011,0.1333,Derke,Team Vitality,neon,False,,,0,0,1,0,False,sheriff,sidearm,,,,Jamppi,Team Vitality,kayo,True,100,,1,0,0,0,False,bandit,sidearm,,0.9133,0.5756,Sayonara,Team Vitality,sova,True,100,25,1,0,1,0,False,classic,sidearm,,0.7622,0.6156,PROFEK,Team Vitality,astra,True,100,,0,0,0,0,False,ghost,sidearm,,0.6756,0.7478
1725.774,3348,ACTIVE_ROUND,11,5,7,74.000,,,s0pp,FUT Esports,chamber,True,100,25,0,3,1,1,False,classic,sidearm,,0.9067,0.3289,xeus,FUT Esports,jett,True,100,,1,0,0,0,False,ghost,sidearm,,0.6789,0.1967,sociablEE,FUT Esports,fade,True,100,,1,0,0,0,False,ghost,sidearm,,,,yetujey,FUT Esports,astra,True,100,,1,1,0,0,False,ghost,sidearm,,0.2622,0.4567,KROSTALY,FUT Esports,kayo,True,100,,0,1,1,0,False,ghost,sidearm,,0.6722,0.4833,Chronicle,Team Vitality,chamber,True,88,,0,5,0,0,False,classic,sidearm,,0.7078,0.3689,Derke,Team Vitality,neon,False,,,0,0,1,0,False,sheriff,sidearm,,,,Jamppi,Team Vitality,kayo,True,100,,1,0,0,0,False,classic,sidearm,,0.9133,0.5756,Sayonara,Team Vitality,sova,True,100,25,1,0,1,0,False,classic,sidearm,,0.7622,0.6156,PROFEK,Team Vitality,astra,True,100,,0,0,0,0,False,ghost,sidearm,,0.6756,0.7478
1726.258,3349,ACTIVE_ROUND,11,5,7,73.000,,,s0pp,FUT Esports,chamber,True,100,25,0,3,1,1,False,classic,sidearm,,0.9111,0.2889,xeus,FUT Esports,jett,True,100,,1,0,0,0,False,ghost,sidearm,,0.7033,0.2056,sociablEE,FUT Esports,fade,True,100,,1,0,0,0,False,ghost,sidearm,,,,yetujey,FUT Esports,astra,True,100,,1,1,0,0,False,ghost,sidearm,,0.2622,0.4567,KROSTALY,FUT Esports,kayo,True,100,,0,1,1,0,False,ghost,sidearm,,0.8767,0.2878,Chronicle,Team Vitality,chamber,True,88,,0,5,0,0,False,classic,sidearm,,0.7078,0.3822,Derke,Team Vitality,neon,False,,,0,0,1,0,False,sheriff,sidearm,,,,Jamppi,Team Vitality,kayo,True,100,,1,0,0,0,False,classic,sidearm,,0.9133,0.5756,Sayonara,Team Vitality,sova,True,100,25,1,0,1,0,False,classic,sidearm,,0.7622,0.6156,PROFEK,Team Vitality,astra,True,100,,0,0,0,0,False,ghost,sidearm,,0.6756,0.7478
1726.742,3350,ACTIVE_ROUND,11,5,7,73.000,,,s0pp,FUT Esports,chamber,True,100,25,0,3,1,1,False,classic,sidearm,,0.9111,0.2689,xeus,FUT Esports,jett,True,100,,1,0,0,0,False,ghost,sidearm,,0.7033,0.2056,sociablEE,FUT Esports,fade,True,100,,1,0,0,0,False,ghost,sidearm,,,,yetujey,FUT Esports,astra,True,100,,1,1,0,0,False,ghost,sidearm,,0.2911,0.5056,KROSTALY,FUT Esports,kayo,True,100,,0,1,1,0,False,ghost,sidearm,,0.8678,0.2856,Chronicle,Team Vitality,chamber,True,88,,0,5,0,0,False,classic,sidearm,,0.7078,0.3822,Derke,Team Vitality,neon,False,,,0,0,1,0,False,sheriff,sidearm,,,,Jamppi,Team Vitality,kayo,True,100,,1,0,0,0,False,classic,sidearm,,0.9133,0.5756,Sayonara,Team Vitality,sova,True,100,25,1,0,1,0,False,classic,sidearm,,0.7622,0.6156,PROFEK,Team Vitality,astra,True,100,,0,0,0,0,False,ghost,sidearm,,0.6756,0.7478
1727.226,3351,ACTIVE_ROUND,11,5,7,72.000,,,s0pp,FUT Esports,chamber,True,100,25,0,3,1,1,False,classic,sidearm,,0.9111,0.2689,xeus,FUT Esports,jett,True,100,,1,0,0,0,False,ghost,sidearm,,0.7033,0.2056,sociablEE,FUT Esports,fade,True,100,,1,0,0,0,False,ghost,sidearm,,,,yetujey,FUT Esports,astra,True,100,,1,1,0,0,False,ghost,sidearm,,0.2911,0.5122,KROSTALY,FUT Esports,kayo,True,100,,0,1,1,0,False,ghost,sidearm,,0.8722,0.2989,Chronicle,Team Vitality,chamber,True,88,,0,5,0,0,False,classic,sidearm,,0.7744,0.4933,Derke,Team Vitality,neon,False,,,0,0,1,0,False,sheriff,sidearm,,,,Jamppi,Team Vitality,kayo,True,100,,1,0,0,0,False,classic,sidearm,,0.8956,0.5244,Sayonara,Team Vitality,sova,True,100,25,1,0,1,0,False,classic,sidearm,,0.7622,0.6156,PROFEK,Team Vitality,astra,True,100,,0,0,0,0,False,ghost,sidearm,,0.6756,0.7478
1727.709,3352,ACTIVE_ROUND,11,5,7,72.000,,,s0pp,FUT Esports,chamber,True,100,25,0,3,0,1,False,classic,sidearm,,0.9111,0.2689,xeus,FUT Esports,jett,True,100,,0,0,0,0,False,ghost,sidearm,,0.8789,0.3322,sociablEE,FUT Esports,fade,True,100,,0,0,0,0,False,ghost,sidearm,,,,yetujey,FUT Esports,astra,True,100,,0,0,0,0,False,ghost,sidearm,,0.2911,0.5167,KROSTALY,FUT Esports,kayo,True,100,,0,0,1,0,False,ghost,sidearm,,0.7256,0.2322,Chronicle,Team Vitality,chamber,True,88,,0,5,0,0,False,classic,sidearm,,0.6056,0.7156,Derke,Team Vitality,neon,False,,,0,0,1,0,False,sheriff,sidearm,,,,Jamppi,Team Vitality,kayo,True,100,,1,0,0,0,False,bandit,sidearm,,0.8956,0.5244,Sayonara,Team Vitality,sova,True,100,25,1,0,1,0,False,classic,sidearm,,0.7622,0.6156,PROFEK,Team Vitality,astra,True,100,,0,0,0,0,False,ghost,sidearm,,0.6756,0.7478
1728.193,3353,ACTIVE_ROUND,11,5,7,71.000,,,s0pp,FUT Esports,chamber,True,100,25,0,3,0,1,False,classic,sidearm,,0.9111,0.2689,xeus,FUT Esports,jett,True,100,,0,0,0,0,False,ghost,sidearm,,0.8789,0.3322,sociablEE,FUT Esports,fade,True,100,,0,0,0,0,False,ghost,sidearm,,,,yetujey,FUT Esports,astra,True,100,,0,0,0,0,False,ghost,sidearm,,0.2911,0.5167,KROSTALY,FUT Esports,kayo,True,100,,0,0,1,0,False,ghost,sidearm,,0.2856,0.5122,Chronicle,Team Vitality,chamber,True,88,,0,5,0,0,False,classic,sidearm,,0.7767,0.4356,Derke,Team Vitality,neon,False,,,0,0,1,0,False,sheriff,sidearm,,,,Jamppi,Team Vitality,kayo,True,100,,1,0,0,0,False,bandit,sidearm,,0.8956,0.5244,Sayonara,Team Vitality,sova,True,100,25,1,0,1,0,False,classic,sidearm,,0.7622,0.6156,PROFEK,Team Vitality,astra,True,100,,0,0,0,0,False,ghost,sidearm,,0.6756,0.7478
1728.677,3354,ACTIVE_ROUND,11,5,7,71.000,,,s0pp,FUT Esports,chamber,True,100,25,0,3,0,1,False,classic,sidearm,,0.9111,0.2689,xeus,FUT Esports,jett,True,100,,0,0,0,0,False,ghost,sidearm,,0.8789,0.3322,sociablEE,FUT Esports,fade,True,100,,0,0,0,0,False,ghost,sidearm,,,,yetujey,FUT Esports,astra,True,100,,0,0,0,0,False,ghost,sidearm,,0.3044,0.5278,KROSTALY,FUT Esports,kayo,True,100,,0,0,1,0,False,ghost,sidearm,,0.8344,0.3100,Chronicle,Team Vitality,chamber,True,88,,0,5,0,0,False,classic,sidearm,,0.8589,0.4222,Derke,Team Vitality,neon,False,,,0,0,1,0,False,sheriff,sidearm,,,,Jamppi,Team Vitality,kayo,True,100,,1,0,0,0,False,bandit,sidearm,,0.9133,0.3711,Sayonara,Team Vitality,sova,True,100,25,1,0,1,0,False,classic,sidearm,,0.7622,0.6156,PROFEK,Team Vitality,astra,True,100,,0,0,0,0,False,ghost,sidearm,,0.9022,0.3989
1729.161,3355,ACTIVE_ROUND,11,5,7,70.000,,,s0pp,FUT Esports,chamber,True,100,25,0,3,0,1,False,classic,sidearm,,0.9111,0.2689,xeus,FUT Esports,jett,True,100,,0,0,0,0,False,ghost,sidearm,,0.8789,0.3322,sociablEE,FUT Esports,fade,True,100,,0,0,0,0,False,ghost,sidearm,,,,yetujey,FUT Esports,astra,True,100,,0,0,0,0,False,ghost,sidearm,,0.3044,0.5278,KROSTALY,FUT Esports,kayo,True,100,,0,0,1,0,False,ghost,sidearm,,0.6567,0.4100,Chronicle,Team Vitality,chamber,True,88,,0,5,0,0,False,classic,sidearm,,0.5744,0.6978,Derke,Team Vitality,neon,False,,,0,0,1,0,False,sheriff,sidearm,,,,Jamppi,Team Vitality,kayo,True,100,,1,0,0,0,False,bandit,sidearm,,0.8711,0.3733,Sayonara,Team Vitality,sova,True,100,25,1,0,1,0,False,classic,sidearm,,0.7622,0.6156,PROFEK,Team Vitality,astra,True,100,,0,0,0,0,False,ghost,sidearm,,0.9022,0.3989
1729.645,3356,ACTIVE_ROUND,11,5,7,70.000,,,s0pp,FUT Esports,chamber,True,100,25,0,3,0,1,False,classic,sidearm,,0.9111,0.2689,xeus,FUT Esports,jett,True,100,,0,0,0,0,False,ghost,sidearm,,0.8789,0.3167,sociablEE,FUT Esports,fade,True,100,,0,0,0,0,False,ghost,sidearm,,,,yetujey,FUT Esports,astra,True,100,,0,0,0,0,False,ghost,sidearm,,0.3044,0.5278,KROSTALY,FUT Esports,kayo,True,100,,0,0,0,0,False,ghost,sidearm,,0.8367,0.3100,Chronicle,Team Vitality,chamber,True,88,,0,0,0,0,False,unknown,unknown,,0.5611,0.7067,Derke,Team Vitality,neon,False,,,0,0,1,0,False,sheriff,sidearm,,,,Jamppi,Team Vitality,kayo,True,100,,0,0,0,0,False,bandit,sidearm,,0.8711,0.3733,Sayonara,Team Vitality,sova,True,100,25,1,0,0,0,False,classic,sidearm,,0.7622,0.6156,PROFEK,Team Vitality,astra,True,100,,1,0,0,0,False,ghost,sidearm,,0.9022,0.3989
1730.128,3357,ACTIVE_ROUND,11,5,7,69.000,,,s0pp,FUT Esports,chamber,True,100,25,0,3,0,1,False,classic,sidearm,,0.9111,0.2689,xeus,FUT Esports,jett,True,100,,0,0,0,0,False,ghost,sidearm,,0.8789,0.3167,sociablEE,FUT Esports,fade,True,100,,0,0,0,0,False,ghost,sidearm,,,,yetujey,FUT Esports,astra,True,100,,0,0,0,0,False,ghost,sidearm,,0.3044,0.5278,KROSTALY,FUT Esports,kayo,True,100,,0,0,0,0,False,ghost,sidearm,,0.5811,0.2922,Chronicle,Team Vitality,chamber,False,,,0,0,0,0,False,unknown,unknown,,0.7767,0.4356,Derke,Team Vitality,neon,False,,,0,0,1,0,False,sheriff,sidearm,,,,Jamppi,Team Vitality,kayo,True,100,,0,0,0,0,False,bandit,sidearm,,0.8711,0.3733,Sayonara,Team Vitality,sova,True,100,25,1,0,0,0,False,classic,sidearm,,0.7622,0.6156,PROFEK,Team Vitality,astra,True,100,,1,0,0,0,False,ghost,sidearm,,0.9022,0.3989
1730.612,3358,ACTIVE_ROUND,11,5,7,69.000,,,s0pp,FUT Esports,chamber,True,100,25,0,3,0,1,False,classic,sidearm,,0.9111,0.2689,xeus,FUT Esports,jett,True,100,,0,0,0,0,False,ghost,sidearm,,0.3789,0.5211,sociablEE,FUT Esports,fade,True,100,,0,0,0,0,False,ghost,sidearm,,,,yetujey,FUT Esports,astra,True,100,,0,0,0,0,False,ghost,sidearm,,0.3333,0.5278,KROSTALY,FUT Esports,kayo,True,100,,0,0,0,0,False,ghost,sidearm,,0.8589,0.3033,Chronicle,Team Vitality,chamber,False,,,0,0,0,0,False,unknown,unknown,,,,Derke,Team Vitality,neon,False,,,0,0,1,0,False,sheriff,sidearm,,,,Jamppi,Team Vitality,kayo,True,100,,0,0,0,0,False,bandit,sidearm,,0.8622,0.3044,Sayonara,Team Vitality,sova,True,100,25,1,0,0,0,False,classic,sidearm,,0.7622,0.6156,PROFEK,Team Vitality,astra,True,100,,1,0,0,0,False,ghost,sidearm,,0.9022,0.3989
1731.096,3359,ACTIVE_ROUND,11,5,7,68.000,,,s0pp,FUT Esports,chamber,True,100,25,0,3,0,1,False,classic,sidearm,,0.9111,0.2689,xeus,FUT Esports,jett,True,100,,0,0,0,0,False,ghost,sidearm,,0.9233,0.3211,sociablEE,FUT Esports,fade,True,100,,0,0,0,0,False,ghost,sidearm,,,,yetujey,FUT Esports,astra,True,100,,0,0,0,0,False,ghost,sidearm,,0.3333,0.5278,KROSTALY,FUT Esports,kayo,True,100,,0,0,0,0,False,ghost,sidearm,,0.8589,0.3033,Chronicle,Team Vitality,chamber,False,,,0,0,0,0,False,unknown,unknown,,,,Derke,Team Vitality,neon,False,,,0,0,1,0,False,sheriff,sidearm,,,,Jamppi,Team Vitality,kayo,True,100,,0,0,0,0,False,bandit,sidearm,,0.8622,0.3044,Sayonara,Team Vitality,sova,True,100,25,1,0,0,0,False,classic,sidearm,,0.7622,0.6156,PROFEK,Team Vitality,astra,True,100,,1,0,0,0,False,ghost,sidearm,,0.6289,0.6456
1731.580,3360,ACTIVE_ROUND,11,5,7,68.000,,,s0pp,FUT Esports,chamber,True,86,25,0,2,0,1,False,classic,sidearm,,0.9111,0.2689,xeus,FUT Esports,jett,True,100,,0,0,0,1,False,ghost,sidearm,,0.4167,0.5100,sociablEE,FUT Esports,fade,True,100,,0,0,0,0,False,ghost,sidearm,,,,yetujey,FUT Esports,astra,True,100,,0,0,0,0,False,ghost,sidearm,,0.3333,0.5278,KROSTALY,FUT Esports,kayo,True,100,,0,0,0,0,False,ghost,sidearm,,0.8656,0.3033,Chronicle,Team Vitality,chamber,False,,,0,0,0,0,False,unknown,unknown,,,,Derke,Team Vitality,neon,False,,,0,0,1,0,False,sheriff,sidearm,,,,Jamppi,Team Vitality,kayo,True,100,,0,0,0,0,False,bandit,sidearm,,0.8689,0.3044,Sayonara,Team Vitality,sova,True,100,25,1,0,0,0,False,classic,sidearm,,0.7622,0.6156,PROFEK,Team Vitality,astra,True,100,,0,0,0,0,False,ghost,sidearm,,0.6289,0.6233
1732.064,3361,ACTIVE_ROUND,11,5,7,68.000,,,s0pp,FUT Esports,chamber,True,86,25,0,2,0,1,False,classic,sidearm,,0.9111,0.2689,xeus,FUT Esports,jett,True,100,,0,0,0,1,False,ghost,sidearm,,0.8100,0.2878,sociablEE,FUT Esports,fade,True,100,,0,0,0,0,False,ghost,sidearm,,,,yetujey,FUT Esports,astra,True,100,,0,0,0,0,False,ghost,sidearm,,0.3333,0.5278,KROSTALY,FUT Esports,kayo,True,100,,0,0,0,0,False,ghost,sidearm,,0.8678,0.3033,Chronicle,Team Vitality,chamber,False,,,0,0,0,0,False,unknown,unknown,,,,Derke,Team Vitality,neon,False,,,0,0,1,0,False,sheriff,sidearm,,,,Jamppi,Team Vitality,kayo,True,100,,0,0,0,0,False,bandit,sidearm,,0.8733,0.3044,Sayonara,Team Vitality,sova,True,100,25,1,0,0,0,False,classic,sidearm,,0.7622,0.6156,PROFEK,Team Vitality,astra,True,100,,0,0,0,0,False,ghost,sidearm,,0.6289,0.6233
1732.547,3362,ACTIVE_ROUND,11,5,7,67.000,,,s0pp,FUT Esports,chamber,False,,25,0,2,0,1,False,classic,sidearm,,0.9111,0.2689,xeus,FUT Esports,jett,True,61,,0,0,0,1,False,ghost,sidearm,,0.9256,0.3256,sociablEE,FUT Esports,fade,True,100,,0,0,0,0,False,ghost,sidearm,,,,yetujey,FUT Esports,astra,True,100,,0,0,0,0,False,ghost,sidearm,,0.3333,0.5278,KROSTALY,FUT Esports,kayo,True,59,,0,0,0,0,False,ghost,sidearm,,0.6589,0.3367,Chronicle,Team Vitality,chamber,False,,,0,0,0,0,False,unknown,unknown,,,,Derke,Team Vitality,neon,False,,,0,0,1,0,False,sheriff,sidearm,,,,Jamppi,Team Vitality,kayo,True,100,,0,0,0,0,False,bandit,sidearm,,0.7956,0.3689,Sayonara,Team Vitality,sova,True,100,25,1,0,0,0,False,classic,sidearm,,0.5889,0.5644,PROFEK,Team Vitality,astra,True,100,,0,0,0,0,False,ghost,sidearm,,0.6289,0.6233
1733.031,3363,ACTIVE_ROUND,11,5,7,67.000,,,s0pp,FUT Esports,chamber,False,,25,0,2,0,1,False,classic,sidearm,,,,xeus,FUT Esports,jett,True,61,,0,0,0,1,False,ghost,sidearm,,0.4767,0.4989,sociablEE,FUT Esports,fade,True,100,,0,0,0,0,False,ghost,sidearm,,,,yetujey,FUT Esports,astra,True,100,,0,0,0,0,False,ghost,sidearm,,0.3333,0.5278,KROSTALY,FUT Esports,kayo,True,59,,0,0,0,0,False,ghost,sidearm,,0.5433,0.1056,Chronicle,Team Vitality,chamber,False,,,0,0,0,0,False,unknown,unknown,,,,Derke,Team Vitality,neon,False,,,0,0,1,0,False,sheriff,sidearm,,,,Jamppi,Team Vitality,kayo,False,,,0,0,0,0,False,bandit,sidearm,,0.8022,0.3511,Sayonara,Team Vitality,sova,True,100,25,1,0,0,0,False,classic,sidearm,,0.5889,0.5578,PROFEK,Team Vitality,astra,True,100,,0,0,0,0,False,ghost,sidearm,,0.6289,0.6233
1733.515,3364,ACTIVE_ROUND,11,5,7,66.000,,,s0pp,FUT Esports,chamber,False,,25,0,2,0,1,False,classic,sidearm,,,,xeus,FUT Esports,jett,True,61,,0,0,0,2,False,ghost,sidearm,,0.8389,0.3100,sociablEE,FUT Esports,fade,True,100,,0,0,0,0,False,ghost,sidearm,,,,yetujey,FUT Esports,astra,True,100,,0,0,0,0,False,ghost,sidearm,,0.3333,0.5278,KROSTALY,FUT Esports,kayo,True,59,,0,0,0,0,False,ghost,sidearm,,0.4633,0.4567,Chronicle,Team Vitality,chamber,False,,,0,0,0,0,False,unknown,unknown,,,,Derke,Team Vitality,neon,False,,,0,0,1,0,False,sheriff,sidearm,,,,Jamppi,Team Vitality,kayo,False,,,0,0,0,0,False,bandit,sidearm,,,,Sayonara,Team Vitality,sova,True,100,25,1,0,0,0,False,classic,sidearm,,0.4733,0.4822,PROFEK,Team Vitality,astra,True,100,,0,0,0,0,False,ghost,sidearm,,0.6289,0.6233
1733.999,3365,ACTIVE_ROUND,11,5,7,66.000,,,s0pp,FUT Esports,chamber,False,,25,0,2,0,1,False,classic,sidearm,,,,xeus,FUT Esports,jett,True,61,,0,0,0,2,False,ghost,sidearm,,0.9256,0.2744,sociablEE,FUT Esports,fade,True,100,,0,0,0,0,False,ghost,sidearm,,,,yetujey,FUT Esports,astra,True,100,,0,0,0,0,False,ghost,sidearm,,0.3333,0.5278,KROSTALY,FUT Esports,kayo,True,59,,0,0,0,0,False,ghost,sidearm,,0.4633,0.4567,Chronicle,Team Vitality,chamber,False,,,0,0,0,0,False,unknown,unknown,,,,Derke,Team Vitality,neon,False,,,0,0,1,0,False,sheriff,sidearm,,,,Jamppi,Team Vitality,kayo,False,,,0,0,0,0,False,bandit,sidearm,,,,Sayonara,Team Vitality,sova,True,100,25,1,0,0,0,False,classic,sidearm,,0.6933,0.4844,PROFEK,Team Vitality,astra,True,100,,0,0,0,0,False,ghost,sidearm,,0.6556,0.5344
1734.483,3366,ACTIVE_ROUND,11,5,7,65.000,,,s0pp,FUT Esports,chamber,False,,25,0,2,0,1,False,classic,sidearm,,,,xeus,FUT Esports,jett,True,61,,0,0,0,2,False,ghost,sidearm,,0.8300,0.2967,sociablEE,FUT Esports,fade,True,100,,0,0,0,0,False,ghost,sidearm,,,,yetujey,FUT Esports,astra,True,100,,0,0,0,0,False,ghost,sidearm,,0.3333,0.5278,KROSTALY,FUT Esports,kayo,True,59,,0,0,0,0,False,ghost,sidearm,,0.5433,0.1033,Chronicle,Team Vitality,chamber,False,,,0,0,0,0,False,unknown,unknown,,,,Derke,Team Vitality,neon,False,,,0,0,1,0,False,sheriff,sidearm,,,,Jamppi,Team Vitality,kayo,False,,,0,0,0,0,False,bandit,sidearm,,,,Sayonara,Team Vitality,sova,True,82,25,1,0,0,0,False,classic,sidearm,,0.6956,0.4778,PROFEK,Team Vitality,astra,True,100,,0,0,0,0,False,ghost,sidearm,,0.6689,0.5300
1734.967,3367,ACTIVE_ROUND,11,5,7,65.000,,,s0pp,FUT Esports,chamber,False,,25,0,2,0,1,False,classic,sidearm,,,,xeus,FUT Esports,jett,True,61,,0,0,0,2,False,ghost,sidearm,,0.8144,0.3167,sociablEE,FUT Esports,fade,True,100,,0,0,0,0,False,ghost,sidearm,,,,yetujey,FUT Esports,astra,True,100,,0,0,0,0,False,ghost,sidearm,,0.4889,0.4456,KROSTALY,FUT Esports,kayo,True,59,,0,0,0,0,False,ghost,sidearm,,0.5433,0.1056,Chronicle,Team Vitality,chamber,False,,,0,0,0,0,False,unknown,unknown,,,,Derke,Team Vitality,neon,False,,,0,0,1,0,False,sheriff,sidearm,,,,Jamppi,Team Vitality,kayo,False,,,0,0,0,0,False,bandit,sidearm,,,,Sayonara,Team Vitality,sova,True,82,25,1,0,0,0,False,classic,sidearm,,0.6956,0.4711,PROFEK,Team Vitality,astra,True,100,,0,0,0,0,False,ghost,sidearm,,0.6756,0.5233
1735.450,3368,ACTIVE_ROUND,11,5,7,64.000,,,s0pp,FUT Esports,chamber,False,,25,0,2,0,1,False,classic,sidearm,,,,xeus,FUT Esports,jett,True,61,,0,0,0,2,False,ghost,sidearm,,0.8144,0.3167,sociablEE,FUT Esports,fade,True,100,,0,0,0,0,False,ghost,sidearm,,,,yetujey,FUT Esports,astra,True,100,,0,0,0,0,False,ghost,sidearm,,0.4889,0.4456,KROSTALY,FUT Esports,kayo,True,59,,0,0,1,0,False,unknown,unknown,,0.5433,0.1056,Chronicle,Team Vitality,chamber,False,,,0,0,0,0,False,unknown,unknown,,,,Derke,Team Vitality,neon,False,,,0,0,1,0,False,sheriff,sidearm,,,,Jamppi,Team Vitality,kayo,False,,,0,0,0,0,False,bandit,sidearm,,,,Sayonara,Team Vitality,sova,True,82,25,0,0,0,0,False,unknown,unknown,,0.7533,0.1800,PROFEK,Team Vitality,astra,True,100,,0,0,0,0,False,ghost,sidearm,,0.6756,0.5144
1735.934,3369,ACTIVE_ROUND,11,5,7,64.000,,,s0pp,FUT Esports,chamber,False,,25,0,2,0,1,False,classic,sidearm,,,,xeus,FUT Esports,jett,True,61,,0,0,0,2,False,ghost,sidearm,,0.8833,0.3589,sociablEE,FUT Esports,fade,True,100,,0,0,0,0,False,ghost,sidearm,,,,yetujey,FUT Esports,astra,True,100,,0,0,0,0,False,ghost,sidearm,,0.5067,0.4078,KROSTALY,FUT Esports,kayo,False,,,0,0,1,0,False,unknown,unknown,,0.4633,0.4122,Chronicle,Team Vitality,chamber,False,,,0,0,0,0,False,unknown,unknown,,,,Derke,Team Vitality,neon,False,,,0,0,1,0,False,sheriff,sidearm,,,,Jamppi,Team Vitality,kayo,False,,,0,0,0,0,False,bandit,sidearm,,,,Sayonara,Team Vitality,sova,False,,25,0,0,0,0,False,unknown,unknown,,0.6422,0.5222,PROFEK,Team Vitality,astra,True,100,,0,0,0,0,False,ghost,sidearm,,0.6733,0.5144
1736.418,3370,ACTIVE_ROUND,11,5,7,63.000,,,s0pp,FUT Esports,chamber,False,,25,0,2,0,1,False,classic,sidearm,,,,xeus,FUT Esports,jett,True,13,,0,0,0,2,False,ghost,sidearm,,0.5700,0.3878,sociablEE,FUT Esports,fade,True,100,,0,0,0,0,False,ghost,sidearm,,,,yetujey,FUT Esports,astra,True,100,,0,0,0,0,False,ghost,sidearm,,0.5244,0.3967,KROSTALY,FUT Esports,kayo,False,,,0,0,1,0,False,unknown,unknown,,,,Chronicle,Team Vitality,chamber,False,,,0,0,0,0,False,unknown,unknown,,,,Derke,Team Vitality,neon,False,,,0,0,1,0,False,sheriff,sidearm,,,,Jamppi,Team Vitality,kayo,False,,,0,0,0,0,False,bandit,sidearm,,,,Sayonara,Team Vitality,sova,False,,25,0,0,0,0,False,unknown,unknown,,,,PROFEK,Team Vitality,astra,True,100,,0,0,0,0,False,ghost,sidearm,,0.6778,0.5167
1736.902,3371,ACTIVE_ROUND,11,5,7,63.000,,,s0pp,FUT Esports,chamber,False,,25,0,2,0,1,False,classic,sidearm,,,,xeus,FUT Esports,jett,True,13,,0,0,0,2,False,ghost,sidearm,,0.5833,0.3833,sociablEE,FUT Esports,fade,True,100,,0,0,0,0,False,ghost,sidearm,,,,yetujey,FUT Esports,astra,True,100,,0,0,0,0,False,ghost,sidearm,,0.5400,0.3856,KROSTALY,FUT Esports,kayo,False,,,0,0,1,0,False,unknown,unknown,,,,Chronicle,Team Vitality,chamber,False,,,0,0,0,0,False,unknown,unknown,,,,Derke,Team Vitality,neon,False,,,0,0,1,0,False,sheriff,sidearm,,,,Jamppi,Team Vitality,kayo,False,,,0,0,0,0,False,bandit,sidearm,,,,Sayonara,Team Vitality,sova,False,,25,0,0,0,0,False,unknown,unknown,,,,PROFEK,Team Vitality,astra,True,100,,0,0,0,0,False,ghost,sidearm,,0.6733,0.5167
1737.386,3372,ACTIVE_ROUND,11,5,7,62.000,,,s0pp,FUT Esports,chamber,False,,25,0,2,0,1,False,classic,sidearm,,,,xeus,FUT Esports,jett,True,13,,0,0,0,3,False,ghost,sidearm,,0.5833,0.3833,sociablEE,FUT Esports,fade,True,100,,0,0,0,0,False,ghost,sidearm,,,,yetujey,FUT Esports,astra,True,100,,0,0,0,0,False,ghost,sidearm,,0.5556,0.3744,KROSTALY,FUT Esports,kayo,False,,,0,0,1,0,False,unknown,unknown,,,,Chronicle,Team Vitality,chamber,False,,,0,0,0,0,False,unknown,unknown,,,,Derke,Team Vitality,neon,False,,,0,0,1,0,False,sheriff,sidearm,,,,Jamppi,Team Vitality,kayo,False,,,0,0,0,0,False,bandit,sidearm,,,,Sayonara,Team Vitality,sova,False,,25,0,0,0,0,False,unknown,unknown,,,,PROFEK,Team Vitality,astra,True,100,,0,0,0,0,False,ghost,sidearm,,0.6778,0.5167
1737.869,3373,ACTIVE_ROUND,11,5,7,62.000,,,s0pp,FUT Esports,chamber,False,,25,0,2,0,1,False,classic,sidearm,,,,xeus,FUT Esports,jett,True,13,,0,0,0,3,False,ghost,sidearm,,0.5833,0.3833,sociablEE,FUT Esports,fade,True,100,,0,0,0,0,False,ghost,sidearm,,,,yetujey,FUT Esports,astra,True,100,,0,0,0,0,False,ghost,sidearm,,0.5556,0.3744,KROSTALY,FUT Esports,kayo,False,,,0,0,1,0,False,unknown,unknown,,,,Chronicle,Team Vitality,chamber,False,,,0,0,0,0,False,unknown,unknown,,,,Derke,Team Vitality,neon,False,,,0,0,1,0,False,sheriff,sidearm,,,,Jamppi,Team Vitality,kayo,False,,,0,0,0,0,False,bandit,sidearm,,,,Sayonara,Team Vitality,sova,False,,25,0,0,0,0,False,unknown,unknown,,,,PROFEK,Team Vitality,astra,True,100,,0,0,0,0,False,ghost,sidearm,,0.6733,0.5167
1738.353,3374,ACTIVE_ROUND,11,5,7,61.000,,,s0pp,FUT Esports,chamber,False,,25,0,2,0,1,False,classic,sidearm,,,,xeus,FUT Esports,jett,True,13,,0,0,0,3,False,ghost,sidearm,,0.5833,0.3833,sociablEE,FUT Esports,fade,True,100,,0,0,0,0,False,ghost,sidearm,,,,yetujey,FUT Esports,astra,True,100,,0,0,0,0,False,ghost,sidearm,,0.5556,0.3744,KROSTALY,FUT Esports,kayo,False,,,0,0,1,0,False,unknown,unknown,,,,Chronicle,Team Vitality,chamber,False,,,0,0,0,0,False,unknown,unknown,,,,Derke,Team Vitality,neon,False,,,0,0,1,0,False,sheriff,sidearm,,,,Jamppi,Team Vitality,kayo,False,,,0,0,0,0,False,bandit,sidearm,,,,Sayonara,Team Vitality,sova,False,,25,0,0,0,0,False,unknown,unknown,,,,PROFEK,Team Vitality,astra,True,100,,0,0,0,0,False,ghost,sidearm,,0.6733,0.5167
1738.837,3375,ACTIVE_ROUND,11,5,7,61.000,,,s0pp,FUT Esports,chamber,False,,25,0,2,0,1,False,classic,sidearm,,,,xeus,FUT Esports,jett,True,13,,0,0,0,3,False,ghost,sidearm,,0.6011,0.3011,sociablEE,FUT Esports,fade,True,100,,0,0,0,0,False,ghost,sidearm,,,,yetujey,FUT Esports,astra,True,100,,0,0,0,0,False,ghost,sidearm,,0.5556,0.3744,KROSTALY,FUT Esports,kayo,False,,,0,0,1,0,False,unknown,unknown,,,,Chronicle,Team Vitality,chamber,False,,,0,0,0,0,False,unknown,unknown,,,,Derke,Team Vitality,neon,False,,,0,0,1,0,False,sheriff,sidearm,,,,Jamppi,Team Vitality,kayo,False,,,0,0,0,0,False,bandit,sidearm,,,,Sayonara,Team Vitality,sova,False,,25,0,0,0,0,False,unknown,unknown,,,,PROFEK,Team Vitality,astra,True,100,,0,0,0,0,False,ghost,sidearm,,0.6711,0.5189
1739.321,3376,ACTIVE_ROUND,11,5,7,60.000,,,s0pp,FUT Esports,chamber,False,,25,0,2,0,1,False,classic,sidearm,,,,xeus,FUT Esports,jett,True,13,,0,0,0,3,False,ghost,sidearm,,0.6011,0.3011,sociablEE,FUT Esports,fade,True,100,,0,0,0,0,False,ghost,sidearm,,0.8811,0.3244,yetujey,FUT Esports,astra,True,100,,1,0,0,0,False,ghost,sidearm,,0.5556,0.3744,KROSTALY,FUT Esports,kayo,False,,,0,0,1,0,False,unknown,unknown,,,,Chronicle,Team Vitality,chamber,False,,,0,0,0,0,False,unknown,unknown,,,,Derke,Team Vitality,neon,False,,,0,0,1,0,False,sheriff,sidearm,,,,Jamppi,Team Vitality,kayo,False,,,0,0,0,0,False,bandit,sidearm,,,,Sayonara,Team Vitality,sova,False,,25,0,0,0,0,False,unknown,unknown,,,,PROFEK,Team Vitality,astra,True,100,,0,0,0,0,False,ghost,sidearm,,0.6622,0.5278
1739.805,3377,ACTIVE_ROUND,11,5,7,60.000,,,s0pp,FUT Esports,chamber,False,,25,0,2,0,1,False,classic,sidearm,,,,xeus,FUT Esports,jett,True,13,,0,0,0,3,False,ghost,sidearm,,0.8878,0.2789,sociablEE,FUT Esports,fade,True,100,,0,0,0,0,False,ghost,sidearm,,0.8789,0.3089,yetujey,FUT Esports,astra,True,100,,1,0,0,0,False,ghost,sidearm,,0.5556,0.3744,KROSTALY,FUT Esports,kayo,False,,,0,0,1,0,False,unknown,unknown,,,,Chronicle,Team Vitality,chamber,False,,,0,0,0,0,False,unknown,unknown,,,,Derke,Team Vitality,neon,False,,,0,0,1,0,False,sheriff,sidearm,,,,Jamppi,Team Vitality,kayo,False,,,0,0,0,0,False,bandit,sidearm,,,,Sayonara,Team Vitality,sova,False,,25,0,0,0,0,False,unknown,unknown,,,,PROFEK,Team Vitality,astra,True,100,,0,0,0,0,False,ghost,sidearm,,0.6689,0.5211
1740.289,3378,ACTIVE_ROUND,11,5,7,59.000,,,s0pp,FUT Esports,chamber,False,,25,0,2,0,1,False,classic,sidearm,,,,xeus,FUT Esports,jett,True,13,,0,0,0,3,False,ghost,sidearm,,0.9167,0.3344,sociablEE,FUT Esports,fade,True,100,,0,0,0,0,False,ghost,sidearm,,0.8789,0.3089,yetujey,FUT Esports,astra,True,100,,1,0,0,0,False,ghost,sidearm,,0.5556,0.3744,KROSTALY,FUT Esports,kayo,False,,,0,0,1,0,False,unknown,unknown,,,,Chronicle,Team Vitality,chamber,False,,,0,0,0,0,False,unknown,unknown,,,,Derke,Team Vitality,neon,False,,,0,0,1,0,False,sheriff,sidearm,,,,Jamppi,Team Vitality,kayo,False,,,0,0,0,0,False,bandit,sidearm,,,,Sayonara,Team Vitality,sova,False,,25,0,0,0,0,False,unknown,unknown,,,,PROFEK,Team Vitality,astra,True,100,,0,0,0,0,False,ghost,sidearm,,0.6778,0.5189
1740.772,3379,ACTIVE_ROUND,11,5,7,59.000,,,s0pp,FUT Esports,chamber,False,,25,0,2,0,1,False,classic,sidearm,,,,xeus,FUT Esports,jett,True,13,,0,0,0,3,False,ghost,sidearm,,0.9167,0.3344,sociablEE,FUT Esports,fade,True,100,,0,0,0,0,False,ghost,sidearm,,0.8789,0.3089,yetujey,FUT Esports,astra,True,100,,1,0,0,0,False,ghost,sidearm,,0.5556,0.3744,KROSTALY,FUT Esports,kayo,False,,,0,0,1,0,False,unknown,unknown,,,,Chronicle,Team Vitality,chamber,False,,,0,0,0,0,False,unknown,unknown,,,,Derke,Team Vitality,neon,False,,,0,0,1,0,False,sheriff,sidearm,,,,Jamppi,Team Vitality,kayo,False,,,0,0,0,0,False,bandit,sidearm,,,,Sayonara,Team Vitality,sova,False,,25,0,0,0,0,False,unknown,unknown,,,,PROFEK,Team Vitality,astra,True,100,,0,0,0,0,False,ghost,sidearm,,0.6644,0.5233
1741.740,3381,ACTIVE_ROUND,11,5,7,,0.000,,s0pp,FUT Esports,chamber,False,,25,0,2,0,1,False,classic,sidearm,,,,xeus,FUT Esports,jett,True,13,,0,0,0,3,False,ghost,sidearm,,0.9167,0.3344,sociablEE,FUT Esports,fade,True,100,,0,0,0,0,False,ghost,sidearm,,0.8789,0.3089,yetujey,FUT Esports,astra,True,100,,1,0,0,0,False,ghost,sidearm,,0.5556,0.3744,KROSTALY,FUT Esports,kayo,False,,,0,0,1,0,False,unknown,unknown,,,,Chronicle,Team Vitality,chamber,False,,,0,0,0,0,False,unknown,unknown,,,,Derke,Team Vitality,neon,False,,,0,0,1,0,False,sheriff,sidearm,,,,Jamppi,Team Vitality,kayo,False,,,0,0,0,0,False,bandit,sidearm,,,,Sayonara,Team Vitality,sova,False,,25,0,0,0,0,False,unknown,unknown,,,,PROFEK,Team Vitality,astra,True,100,,0,0,0,0,False,ghost,sidearm,,0.6422,0.5344
1742.224,3382,ACTIVE_ROUND,11,5,7,,0.484,,s0pp,FUT Esports,chamber,False,,25,0,2,0,1,False,classic,sidearm,,,,xeus,FUT Esports,jett,True,13,,0,0,0,3,False,ghost,sidearm,,0.9256,0.3789,sociablEE,FUT Esports,fade,True,100,,0,0,0,0,False,ghost,sidearm,,0.8789,0.3089,yetujey,FUT Esports,astra,True,100,,1,0,0,0,False,ghost,sidearm,,0.5556,0.3744,KROSTALY,FUT Esports,kayo,False,,,0,0,1,0,False,unknown,unknown,,,,Chronicle,Team Vitality,chamber,False,,,0,0,0,0,False,unknown,unknown,,,,Derke,Team Vitality,neon,False,,,0,0,1,0,False,sheriff,sidearm,,,,Jamppi,Team Vitality,kayo,False,,,0,0,0,0,False,bandit,sidearm,,,,Sayonara,Team Vitality,sova,False,,25,0,0,0,0,False,unknown,unknown,,,,PROFEK,Team Vitality,astra,True,100,,0,0,0,0,False,ghost,sidearm,,0.6422,0.5344
1742.708,3383,ACTIVE_ROUND,11,5,7,,0.968,,s0pp,FUT Esports,chamber,False,,25,0,2,0,1,False,classic,sidearm,,,,xeus,FUT Esports,jett,True,13,,0,0,0,3,False,ghost,sidearm,,0.5944,0.3833,sociablEE,FUT Esports,fade,True,100,,0,0,0,0,False,ghost,sidearm,,0.8789,0.3089,yetujey,FUT Esports,astra,True,100,,1,0,0,0,False,ghost,sidearm,,0.5556,0.3744,KROSTALY,FUT Esports,kayo,False,,,0,0,1,0,False,unknown,unknown,,,,Chronicle,Team Vitality,chamber,False,,,0,0,0,0,False,unknown,unknown,,,,Derke,Team Vitality,neon,False,,,0,0,1,0,False,sheriff,sidearm,,,,Jamppi,Team Vitality,kayo,False,,,0,0,0,0,False,bandit,sidearm,,,,Sayonara,Team Vitality,sova,False,,25,0,0,0,0,False,unknown,unknown,,,,PROFEK,Team Vitality,astra,True,100,,0,0,0,0,False,ghost,sidearm,,0.6289,0.5411
1743.191,3384,ACTIVE_ROUND,11,5,7,,1.451,,s0pp,FUT Esports,chamber,False,,25,0,2,0,1,False,classic,sidearm,,,,xeus,FUT Esports,jett,True,13,,0,0,0,4,False,ghost,sidearm,,0.5944,0.3833,sociablEE,FUT Esports,fade,True,100,,0,0,0,0,False,ghost,sidearm,,0.8789,0.3089,yetujey,FUT Esports,astra,True,100,,0,0,0,0,False,ghost,sidearm,,0.5556,0.3744,KROSTALY,FUT Esports,kayo,False,,,0,0,1,0,False,unknown,unknown,,,,Chronicle,Team Vitality,chamber,False,,,0,0,0,0,False,unknown,unknown,,,,Derke,Team Vitality,neon,False,,,0,0,1,0,False,sheriff,sidearm,,,,Jamppi,Team Vitality,kayo,False,,,0,0,0,0,False,bandit,sidearm,,,,Sayonara,Team Vitality,sova,False,,25,0,0,0,0,False,unknown,unknown,,,,PROFEK,Team Vitality,astra,True,100,,0,0,0,0,False,ghost,sidearm,,0.6289,0.5411
1743.675,3385,ACTIVE_ROUND,11,5,7,,1.935,,s0pp,FUT Esports,chamber,False,,25,0,2,0,1,False,classic,sidearm,,,,xeus,FUT Esports,jett,True,13,,0,0,0,4,False,ghost,sidearm,,0.8322,0.2878,sociablEE,FUT Esports,fade,True,100,,0,0,0,0,False,ghost,sidearm,,0.8789,0.3089,yetujey,FUT Esports,astra,True,100,,0,0,0,0,False,ghost,sidearm,,0.5889,0.3744,KROSTALY,FUT Esports,kayo,False,,,0,0,1,0,False,unknown,unknown,,,,Chronicle,Team Vitality,chamber,False,,,0,0,0,0,False,unknown,unknown,,,,Derke,Team Vitality,neon,False,,,0,0,1,0,False,sheriff,sidearm,,,,Jamppi,Team Vitality,kayo,False,,,0,0,0,0,False,bandit,sidearm,,,,Sayonara,Team Vitality,sova,False,,25,0,0,0,0,False,unknown,unknown,,,,PROFEK,Team Vitality,astra,True,100,,0,0,0,0,False,ghost,sidearm,,0.8600,0.3856
1744.159,3386,ACTIVE_ROUND,11,5,7,,2.419,,s0pp,FUT Esports,chamber,False,,25,0,2,0,1,False,classic,sidearm,,,,xeus,FUT Esports,jett,True,13,,0,0,0,4,False,ghost,sidearm,,0.6122,0.4167,sociablEE,FUT Esports,fade,True,100,,0,0,0,0,False,ghost,sidearm,,0.5967,0.3822,yetujey,FUT Esports,astra,True,100,,0,0,0,0,False,ghost,sidearm,,0.5889,0.3744,KROSTALY,FUT Esports,kayo,False,,,0,0,1,0,False,unknown,unknown,,,,Chronicle,Team Vitality,chamber,False,,,0,0,0,0,False,unknown,unknown,,,,Derke,Team Vitality,neon,False,,,0,0,1,0,False,sheriff,sidearm,,,,Jamppi,Team Vitality,kayo,False,,,0,0,0,0,False,bandit,sidearm,,,,Sayonara,Team Vitality,sova,False,,25,0,0,0,0,False,unknown,unknown,,,,PROFEK,Team Vitality,astra,True,100,,0,0,0,0,False,ghost,sidearm,,0.6022,0.5989
1744.643,3387,ACTIVE_ROUND,11,5,7,,2.903,,s0pp,FUT Esports,chamber,False,,25,0,2,0,1,False,classic,sidearm,,,,xeus,FUT Esports,jett,True,13,,0,0,0,4,False,ghost,sidearm,,0.6144,0.4278,sociablEE,FUT Esports,fade,True,100,,0,0,0,0,False,ghost,sidearm,,0.5967,0.3822,yetujey,FUT Esports,astra,True,100,,0,0,0,0,False,ghost,sidearm,,0.5889,0.3744,KROSTALY,FUT Esports,kayo,False,,,0,0,1,0,False,unknown,unknown,,,,Chronicle,Team Vitality,chamber,False,,,0,0,0,0,False,unknown,unknown,,,,Derke,Team Vitality,neon,False,,,0,0,1,0,False,sheriff,sidearm,,,,Jamppi,Team Vitality,kayo,False,,,0,0,0,0,False,bandit,sidearm,,,,Sayonara,Team Vitality,sova,False,,25,0,0,0,0,False,unknown,unknown,,,,PROFEK,Team Vitality,astra,True,100,,0,0,0,0,False,ghost,sidearm,,0.5844,0.6122
1745.127,3388,ACTIVE_ROUND,11,5,7,,3.387,,s0pp,FUT Esports,chamber,False,,25,0,2,0,1,False,classic,sidearm,,,,xeus,FUT Esports,jett,True,13,,0,0,0,4,False,ghost,sidearm,,0.6144,0.4367,sociablEE,FUT Esports,fade,True,100,,0,0,0,0,False,ghost,sidearm,,0.5967,0.3822,yetujey,FUT Esports,astra,True,100,,0,0,0,0,False,ghost,sidearm,,0.5889,0.3744,KROSTALY,FUT Esports,kayo,False,,,0,0,1,0,False,unknown,unknown,,,,Chronicle,Team Vitality,chamber,False,,,0,0,0,0,False,unknown,unknown,,,,Derke,Team Vitality,neon,False,,,0,0,1,0,False,sheriff,sidearm,,,,Jamppi,Team Vitality,kayo,False,,,0,0,0,0,False,bandit,sidearm,,,,Sayonara,Team Vitality,sova,False,,25,0,0,0,0,False,unknown,unknown,,,,PROFEK,Team Vitality,astra,True,100,,0,0,0,0,False,ghost,sidearm,,0.5644,0.6122
1745.611,3389,ACTIVE_ROUND,11,5,7,,3.871,,s0pp,FUT Esports,chamber,False,,25,0,2,0,1,False,classic,sidearm,,,,xeus,FUT Esports,jett,True,13,,0,0,0,4,False,ghost,sidearm,,0.6211,0.4433,sociablEE,FUT Esports,fade,True,100,,0,0,0,0,False,ghost,sidearm,,0.5967,0.3822,yetujey,FUT Esports,astra,True,100,,0,0,0,0,False,ghost,sidearm,,0.5889,0.3744,KROSTALY,FUT Esports,kayo,False,,,0,0,1,0,False,unknown,unknown,,,,Chronicle,Team Vitality,chamber,False,,,0,0,0,0,False,unknown,unknown,,,,Derke,Team Vitality,neon,False,,,0,0,1,0,False,sheriff,sidearm,,,,Jamppi,Team Vitality,kayo,False,,,0,0,0,0,False,bandit,sidearm,,,,Sayonara,Team Vitality,sova,False,,25,0,0,0,0,False,unknown,unknown,,,,PROFEK,Team Vitality,astra,True,100,,0,0,0,0,False,ghost,sidearm,,0.5556,0.6056
1746.094,3390,ACTIVE_ROUND,11,5,7,,4.354,,s0pp,FUT Esports,chamber,False,,25,0,2,0,1,False,classic,sidearm,,,,xeus,FUT Esports,jett,True,13,,0,0,0,4,False,ghost,sidearm,,0.6256,0.4456,sociablEE,FUT Esports,fade,True,100,,0,0,0,0,False,ghost,sidearm,,0.5967,0.3822,yetujey,FUT Esports,astra,True,100,,0,0,0,0,False,ghost,sidearm,,0.5889,0.3744,KROSTALY,FUT Esports,kayo,False,,,0,0,1,0,False,unknown,unknown,,,,Chronicle,Team Vitality,chamber,False,,,0,0,0,0,False,unknown,unknown,,,,Derke,Team Vitality,neon,False,,,0,0,1,0,False,sheriff,sidearm,,,,Jamppi,Team Vitality,kayo,False,,,0,0,0,0,False,bandit,sidearm,,,,Sayonara,Team Vitality,sova,False,,25,0,0,0,0,False,unknown,unknown,,,,PROFEK,Team Vitality,astra,True,100,,0,0,0,0,False,ghost,sidearm,,0.5600,0.6233
1746.578,3391,ACTIVE_ROUND,11,5,7,,4.838,,s0pp,FUT Esports,chamber,False,,25,0,2,0,1,False,classic,sidearm,,,,xeus,FUT Esports,jett,True,13,,0,0,0,4,False,ghost,sidearm,,0.6367,0.4478,sociablEE,FUT Esports,fade,True,100,,0,0,0,0,False,ghost,sidearm,,0.5967,0.3822,yetujey,FUT Esports,astra,True,100,,0,0,0,0,False,ghost,sidearm,,0.8644,0.3744,KROSTALY,FUT Esports,kayo,False,,,0,0,1,0,False,unknown,unknown,,,,Chronicle,Team Vitality,chamber,False,,,0,0,0,0,False,unknown,unknown,,,,Derke,Team Vitality,neon,False,,,0,0,1,0,False,sheriff,sidearm,,,,Jamppi,Team Vitality,kayo,False,,,0,0,0,0,False,bandit,sidearm,,,,Sayonara,Team Vitality,sova,False,,25,0,0,0,0,False,unknown,unknown,,,,PROFEK,Team Vitality,astra,True,100,,0,0,0,0,False,ghost,sidearm,,0.5711,0.6433
1747.062,3392,ACTIVE_ROUND,11,5,7,,5.322,,s0pp,FUT Esports,chamber,False,,25,0,2,0,1,False,classic,sidearm,,,,xeus,FUT Esports,jett,True,13,,0,0,0,4,False,ghost,sidearm,,0.6478,0.4478,sociablEE,FUT Esports,fade,True,100,,0,0,0,0,False,ghost,sidearm,,0.5967,0.3822,yetujey,FUT Esports,astra,True,100,,0,0,0,0,False,ghost,sidearm,,0.6244,0.4411,KROSTALY,FUT Esports,kayo,False,,,0,0,1,0,False,unknown,unknown,,,,Chronicle,Team Vitality,chamber,False,,,0,0,0,0,False,unknown,unknown,,,,Derke,Team Vitality,neon,False,,,0,0,1,0,False,sheriff,sidearm,,,,Jamppi,Team Vitality,kayo,False,,,0,0,0,0,False,bandit,sidearm,,,,Sayonara,Team Vitality,sova,False,,25,0,0,0,0,False,unknown,unknown,,,,PROFEK,Team Vitality,astra,True,100,,0,0,0,0,False,ghost,sidearm,,0.5867,0.6611
1747.546,3393,ACTIVE_ROUND,11,5,7,,5.806,,s0pp,FUT Esports,chamber,False,,25,0,2,0,1,False,classic,sidearm,,,,xeus,FUT Esports,jett,True,13,,0,0,0,4,False,ghost,sidearm,,0.6700,0.4433,sociablEE,FUT Esports,fade,True,100,,0,0,0,0,False,ghost,sidearm,,0.5967,0.3822,yetujey,FUT Esports,astra,True,100,,0,0,0,0,False,ghost,sidearm,,0.8644,0.3744,KROSTALY,FUT Esports,kayo,False,,,0,0,1,0,False,unknown,unknown,,,,Chronicle,Team Vitality,chamber,False,,,0,0,0,0,False,unknown,unknown,,,,Derke,Team Vitality,neon,False,,,0,0,1,0,False,sheriff,sidearm,,,,Jamppi,Team Vitality,kayo,False,,,0,0,0,0,False,bandit,sidearm,,,,Sayonara,Team Vitality,sova,False,,25,0,0,0,0,False,unknown,unknown,,,,PROFEK,Team Vitality,astra,True,100,,0,0,0,0,False,ghost,sidearm,,0.6022,0.6789
1748.030,3394,ACTIVE_ROUND,11,5,7,,6.290,,s0pp,FUT Esports,chamber,False,,25,0,2,0,1,False,classic,sidearm,,,,xeus,FUT Esports,jett,True,13,,0,0,0,4,False,ghost,sidearm,,0.6744,0.4433,sociablEE,FUT Esports,fade,True,100,,0,0,0,0,False,ghost,sidearm,,0.5967,0.3822,yetujey,FUT Esports,astra,True,100,,0,0,0,0,False,ghost,sidearm,,0.6133,0.4411,KROSTALY,FUT Esports,kayo,False,,,0,0,1,0,False,unknown,unknown,,,,Chronicle,Team Vitality,chamber,False,,,0,0,0,0,False,unknown,unknown,,,,Derke,Team Vitality,neon,False,,,0,0,1,0,False,sheriff,sidearm,,,,Jamppi,Team Vitality,kayo,False,,,0,0,0,0,False,bandit,sidearm,,,,Sayonara,Team Vitality,sova,False,,25,0,0,0,0,False,unknown,unknown,,,,PROFEK,Team Vitality,astra,True,100,,0,0,0,0,False,ghost,sidearm,,0.6156,0.6967
1748.513,3395,ACTIVE_ROUND,11,5,7,,6.773,,s0pp,FUT Esports,chamber,False,,25,0,2,0,1,False,classic,sidearm,,,,xeus,FUT Esports,jett,True,13,,0,0,0,4,False,ghost,sidearm,,0.6900,0.4833,sociablEE,FUT Esports,fade,True,100,,0,0,0,0,False,ghost,sidearm,,0.5967,0.3822,yetujey,FUT Esports,astra,True,100,,0,0,0,0,False,ghost,sidearm,,0.6556,0.4411,KROSTALY,FUT Esports,kayo,False,,,0,0,1,0,False,unknown,unknown,,,,Chronicle,Team Vitality,chamber,False,,,0,0,0,0,False,unknown,unknown,,,,Derke,Team Vitality,neon,False,,,0,0,1,0,False,sheriff,sidearm,,,,Jamppi,Team Vitality,kayo,False,,,0,0,0,0,False,bandit,sidearm,,,,Sayonara,Team Vitality,sova,False,,25,0,0,0,0,False,unknown,unknown,,,,PROFEK,Team Vitality,astra,True,100,,0,0,0,0,False,ghost,sidearm,,0.8689,0.4744
1748.997,3396,ACTIVE_ROUND,11,5,7,,7.257,,s0pp,FUT Esports,chamber,False,,25,0,2,0,1,False,classic,sidearm,,,,xeus,FUT Esports,jett,True,13,,0,0,0,4,False,ghost,sidearm,,0.6922,0.4856,sociablEE,FUT Esports,fade,True,100,,0,0,0,0,False,ghost,sidearm,,0.5967,0.3822,yetujey,FUT Esports,astra,True,100,,0,0,0,0,False,ghost,sidearm,,0.6622,0.4500,KROSTALY,FUT Esports,kayo,False,,,0,0,1,0,False,unknown,unknown,,,,Chronicle,Team Vitality,chamber,False,,,0,0,0,0,False,unknown,unknown,,,,Derke,Team Vitality,neon,False,,,0,0,1,0,False,sheriff,sidearm,,,,Jamppi,Team Vitality,kayo,False,,,0,0,0,0,False,bandit,sidearm,,,,Sayonara,Team Vitality,sova,False,,25,0,0,0,0,False,unknown,unknown,,,,PROFEK,Team Vitality,astra,True,100,,0,0,0,0,False,ghost,sidearm,,0.6578,0.7211
1749.481,3397,ACTIVE_ROUND,11,5,7,,7.741,,s0pp,FUT Esports,chamber,False,,25,0,2,0,1,False,classic,sidearm,,,,xeus,FUT Esports,jett,True,13,,0,0,0,4,False,ghost,sidearm,,0.6922,0.4856,sociablEE,FUT Esports,fade,True,100,,0,0,0,0,False,ghost,sidearm,,0.5967,0.3822,yetujey,FUT Esports,astra,True,100,,0,0,0,0,False,ghost,sidearm,,0.6689,0.4500,KROSTALY,FUT Esports,kayo,False,,,0,0,1,0,False,unknown,unknown,,,,Chronicle,Team Vitality,chamber,False,,,0,0,0,0,False,unknown,unknown,,,,Derke,Team Vitality,neon,False,,,0,0,1,0,False,sheriff,sidearm,,,,Jamppi,Team Vitality,kayo,False,,,0,0,0,0,False,bandit,sidearm,,,,Sayonara,Team Vitality,sova,False,,25,0,0,0,0,False,unknown,unknown,,,,PROFEK,Team Vitality,astra,True,100,,0,0,0,0,False,ghost,sidearm,,0.8689,0.4767
1749.965,3398,ACTIVE_ROUND,11,5,7,,8.225,,s0pp,FUT Esports,chamber,False,,25,0,2,0,1,False,classic,sidearm,,,,xeus,FUT Esports,jett,True,13,,0,0,0,4,False,ghost,sidearm,,0.6922,0.4856,sociablEE,FUT Esports,fade,True,100,,0,0,0,0,False,ghost,sidearm,,0.5967,0.3822,yetujey,FUT Esports,astra,True,100,,0,0,0,0,False,ghost,sidearm,,0.6778,0.4500,KROSTALY,FUT Esports,kayo,False,,,0,0,1,0,False,unknown,unknown,,,,Chronicle,Team Vitality,chamber,False,,,0,0,0,0,False,unknown,unknown,,,,Derke,Team Vitality,neon,False,,,0,0,1,0,False,sheriff,sidearm,,,,Jamppi,Team Vitality,kayo,False,,,0,0,0,0,False,bandit,sidearm,,,,Sayonara,Team Vitality,sova,False,,25,0,0,0,0,False,unknown,unknown,,,,PROFEK,Team Vitality,astra,True,100,,0,0,0,0,False,ghost,sidearm,,0.8689,0.4833
1750.449,3399,ACTIVE_ROUND,11,5,7,,8.709,,s0pp,FUT Esports,chamber,False,,25,0,2,0,1,False,classic,sidearm,,,,xeus,FUT Esports,jett,True,13,,0,0,0,4,False,ghost,sidearm,,0.9256,0.3789,sociablEE,FUT Esports,fade,True,100,,0,0,0,0,False,ghost,sidearm,,0.5967,0.3822,yetujey,FUT Esports,astra,True,100,,0,0,0,0,False,ghost,sidearm,,0.6778,0.4433,KROSTALY,FUT Esports,kayo,False,,,0,0,1,0,False,unknown,unknown,,,,Chronicle,Team Vitality,chamber,False,,,0,0,0,0,False,unknown,unknown,,,,Derke,Team Vitality,neon,False,,,0,0,1,0,False,sheriff,sidearm,,,,Jamppi,Team Vitality,kayo,False,,,0,0,0,0,False,bandit,sidearm,,,,Sayonara,Team Vitality,sova,False,,25,0,0,0,0,False,unknown,unknown,,,,PROFEK,Team Vitality,astra,True,100,,0,0,0,0,False,ghost,sidearm,,0.7022,0.7656
1750.933,3400,ACTIVE_ROUND,11,5,7,,9.193,,s0pp,FUT Esports,chamber,False,,25,0,2,0,1,False,classic,sidearm,,,,xeus,FUT Esports,jett,True,13,,0,0,0,4,False,ghost,sidearm,,0.7033,0.4456,sociablEE,FUT Esports,fade,True,100,,0,0,0,0,False,ghost,sidearm,,0.5967,0.3822,yetujey,FUT Esports,astra,True,100,,0,0,0,0,False,ghost,sidearm,,0.6822,0.4322,KROSTALY,FUT Esports,kayo,False,,,0,0,1,0,False,unknown,unknown,,,,Chronicle,Team Vitality,chamber,False,,,0,0,0,0,False,unknown,unknown,,,,Derke,Team Vitality,neon,False,,,0,0,1,0,False,sheriff,sidearm,,,,Jamppi,Team Vitality,kayo,False,,,0,0,0,0,False,bandit,sidearm,,,,Sayonara,Team Vitality,sova,False,,25,0,0,0,0,False,unknown,unknown,,,,PROFEK,Team Vitality,astra,True,100,,0,0,0,0,False,ghost,sidearm,,0.8689,0.4811
1751.416,3401,ACTIVE_ROUND,11,5,7,,9.676,,s0pp,FUT Esports,chamber,False,,25,0,2,0,1,False,classic,sidearm,,,,xeus,FUT Esports,jett,True,13,,0,0,0,4,False,ghost,sidearm,,0.7033,0.4322,sociablEE,FUT Esports,fade,True,100,,0,0,0,0,False,ghost,sidearm,,0.5967,0.3822,yetujey,FUT Esports,astra,True,100,,0,0,0,0,False,ghost,sidearm,,0.6822,0.4211,KROSTALY,FUT Esports,kayo,False,,,0,0,1,0,False,unknown,unknown,,,,Chronicle,Team Vitality,chamber,False,,,0,0,0,0,False,unknown,unknown,,,,Derke,Team Vitality,neon,False,,,0,0,1,0,False,sheriff,sidearm,,,,Jamppi,Team Vitality,kayo,False,,,0,0,0,0,False,bandit,sidearm,,,,Sayonara,Team Vitality,sova,False,,25,0,0,0,0,False,unknown,unknown,,,,PROFEK,Team Vitality,astra,True,100,,0,0,0,0,False,ghost,sidearm,,0.7378,0.7389
1751.900,3402,ACTIVE_ROUND,11,5,7,,10.160,,s0pp,FUT Esports,chamber,False,,25,0,2,0,1,False,classic,sidearm,,,,xeus,FUT Esports,jett,True,13,,0,0,0,4,False,ghost,sidearm,,0.7033,0.4189,sociablEE,FUT Esports,fade,True,100,,0,0,0,0,False,ghost,sidearm,,0.5967,0.3822,yetujey,FUT Esports,astra,True,100,,0,0,0,0,False,ghost,sidearm,,0.6822,0.4078,KROSTALY,FUT Esports,kayo,False,,,0,0,1,0,False,unknown,unknown,,,,Chronicle,Team Vitality,chamber,False,,,0,0,0,0,False,unknown,unknown,,,,Derke,Team Vitality,neon,False,,,0,0,1,0,False,sheriff,sidearm,,,,Jamppi,Team Vitality,kayo,False,,,0,0,0,0,False,bandit,sidearm,,,,Sayonara,Team Vitality,sova,False,,25,0,0,0,0,False,unknown,unknown,,,,PROFEK,Team Vitality,astra,True,100,,0,0,0,0,False,ghost,sidearm,,0.7489,0.7189
1752.384,3403,ACTIVE_ROUND,11,5,7,,10.644,,s0pp,FUT Esports,chamber,False,,25,0,2,0,1,False,classic,sidearm,,,,xeus,FUT Esports,jett,True,13,,0,0,0,4,False,ghost,sidearm,,0.7122,0.4056,sociablEE,FUT Esports,fade,True,100,,0,0,0,0,False,ghost,sidearm,,0.5967,0.3822,yetujey,FUT Esports,astra,True,100,,0,0,0,0,False,ghost,sidearm,,0.6822,0.4078,KROSTALY,FUT Esports,kayo,False,,,0,0,1,0,False,unknown,unknown,,,,Chronicle,Team Vitality,chamber,False,,,0,0,0,0,False,unknown,unknown,,,,Derke,Team Vitality,neon,False,,,0,0,1,0,False,sheriff,sidearm,,,,Jamppi,Team Vitality,kayo,False,,,0,0,0,0,False,bandit,sidearm,,,,Sayonara,Team Vitality,sova,False,,25,0,0,0,0,False,unknown,unknown,,,,PROFEK,Team Vitality,astra,True,100,,0,0,0,0,False,ghost,sidearm,,0.7578,0.6967
1752.868,3404,ACTIVE_ROUND,11,5,7,,11.128,,s0pp,FUT Esports,chamber,False,,25,0,2,0,1,False,classic,sidearm,,,,xeus,FUT Esports,jett,True,13,,0,0,0,4,False,ghost,sidearm,,0.7167,0.4033,sociablEE,FUT Esports,fade,True,100,,0,0,0,0,False,ghost,sidearm,,0.5967,0.3822,yetujey,FUT Esports,astra,True,100,,0,0,0,0,False,ghost,sidearm,,0.6933,0.3878,KROSTALY,FUT Esports,kayo,False,,,0,0,1,0,False,unknown,unknown,,,,Chronicle,Team Vitality,chamber,False,,,0,0,0,0,False,unknown,unknown,,,,Derke,Team Vitality,neon,False,,,0,0,1,0,False,sheriff,sidearm,,,,Jamppi,Team Vitality,kayo,False,,,0,0,0,0,False,bandit,sidearm,,,,Sayonara,Team Vitality,sova,False,,25,0,0,0,0,False,unknown,unknown,,,,PROFEK,Team Vitality,astra,True,100,,0,0,0,0,False,ghost,sidearm,,0.7667,0.6744
1753.352,3405,ACTIVE_ROUND,11,5,7,,11.612,,s0pp,FUT Esports,chamber,False,,25,0,2,0,1,False,classic,sidearm,,,,xeus,FUT Esports,jett,True,13,,0,0,0,4,False,ghost,sidearm,,0.7256,0.3989,sociablEE,FUT Esports,fade,True,100,,0,0,0,0,False,ghost,sidearm,,0.5967,0.3822,yetujey,FUT Esports,astra,True,100,,0,0,0,0,False,ghost,sidearm,,0.7044,0.3833,KROSTALY,FUT Esports,kayo,False,,,0,0,1,0,False,unknown,unknown,,,,Chronicle,Team Vitality,chamber,False,,,0,0,0,0,False,unknown,unknown,,,,Derke,Team Vitality,neon,False,,,0,0,1,0,False,sheriff,sidearm,,,,Jamppi,Team Vitality,kayo,False,,,0,0,0,0,False,bandit,sidearm,,,,Sayonara,Team Vitality,sova,False,,25,0,0,0,0,False,unknown,unknown,,,,PROFEK,Team Vitality,astra,True,100,,0,0,0,0,False,ghost,sidearm,,0.7733,0.6522
1753.835,3406,ACTIVE_ROUND,11,5,7,,12.095,,s0pp,FUT Esports,chamber,False,,25,0,2,0,1,False,classic,sidearm,,,,xeus,FUT Esports,jett,True,13,,0,0,0,4,False,ghost,sidearm,,0.8878,0.2833,sociablEE,FUT Esports,fade,True,100,,0,0,0,0,False,ghost,sidearm,,0.5967,0.3822,yetujey,FUT Esports,astra,True,100,,0,0,0,0,False,ghost,sidearm,,0.8622,0.3722,KROSTALY,FUT Esports,kayo,False,,,0,0,1,0,False,unknown,unknown,,,,Chronicle,Team Vitality,chamber,False,,,0,0,0,0,False,unknown,unknown,,,,Derke,Team Vitality,neon,False,,,0,0,1,0,False,sheriff,sidearm,,,,Jamppi,Team Vitality,kayo,False,,,0,0,0,0,False,bandit,sidearm,,,,Sayonara,Team Vitality,sova,False,,25,0,0,0,0,False,unknown,unknown,,,,PROFEK,Team Vitality,astra,True,100,,0,0,0,0,False,ghost,sidearm,,0.7844,0.6300
1754.319,3407,ACTIVE_ROUND,11,5,7,,12.579,,s0pp,FUT Esports,chamber,False,,25,0,2,0,1,False,classic,sidearm,,,,xeus,FUT Esports,jett,True,13,,0,0,0,4,False,ghost,sidearm,,0.8878,0.2833,sociablEE,FUT Esports,fade,True,100,,0,0,0,0,False,ghost,sidearm,,0.5967,0.3822,yetujey,FUT Esports,astra,True,100,,0,0,0,0,False,ghost,sidearm,,0.7244,0.3722,KROSTALY,FUT Esports,kayo,False,,,0,0,1,0,False,unknown,unknown,,,,Chronicle,Team Vitality,chamber,False,,,0,0,0,0,False,unknown,unknown,,,,Derke,Team Vitality,neon,False,,,0,0,1,0,False,sheriff,sidearm,,,,Jamppi,Team Vitality,kayo,False,,,0,0,0,0,False,bandit,sidearm,,,,Sayonara,Team Vitality,sova,False,,25,0,0,0,0,False,unknown,unknown,,,,PROFEK,Team Vitality,astra,True,100,,0,0,0,0,False,ghost,sidearm,,0.7978,0.6144
1754.803,3408,ACTIVE_ROUND,11,5,7,,13.063,,s0pp,FUT Esports,chamber,False,,25,0,2,0,1,False,classic,sidearm,,,,xeus,FUT Esports,jett,True,13,,0,0,0,4,False,ghost,sidearm,,0.9256,0.2744,sociablEE,FUT Esports,fade,True,100,,0,0,0,0,False,ghost,sidearm,,0.5967,0.3822,yetujey,FUT Esports,astra,True,100,,0,0,0,0,False,ghost,sidearm,,0.7356,0.3678,KROSTALY,FUT Esports,kayo,False,,,0,0,1,0,False,unknown,unknown,,,,Chronicle,Team Vitality,chamber,False,,,0,0,0,0,False,unknown,unknown,,,,Derke,Team Vitality,neon,False,,,0,0,1,0,False,sheriff,sidearm,,,,Jamppi,Team Vitality,kayo,False,,,0,0,0,0,False,bandit,sidearm,,,,Sayonara,Team Vitality,sova,False,,25,0,0,0,0,False,unknown,unknown,,,,PROFEK,Team Vitality,astra,True,100,,0,0,0,0,False,ghost,sidearm,,0.8200,0.6056
1755.287,3409,ACTIVE_ROUND,11,5,7,,13.547,,s0pp,FUT Esports,chamber,False,,25,0,2,0,1,False,classic,sidearm,,,,xeus,FUT Esports,jett,True,13,,0,0,0,4,False,ghost,sidearm,,0.9256,0.4922,sociablEE,FUT Esports,fade,True,100,,0,0,0,0,False,ghost,sidearm,,0.5967,0.3822,yetujey,FUT Esports,astra,True,100,,0,0,0,0,False,ghost,sidearm,,0.7356,0.3678,KROSTALY,FUT Esports,kayo,False,,,0,0,1,0,False,unknown,unknown,,,,Chronicle,Team Vitality,chamber,False,,,0,0,0,0,False,unknown,unknown,,,,Derke,Team Vitality,neon,False,,,0,0,1,0,False,sheriff,sidearm,,,,Jamppi,Team Vitality,kayo,False,,,0,0,0,0,False,bandit,sidearm,,,,Sayonara,Team Vitality,sova,False,,25,0,0,0,0,False,unknown,unknown,,,,PROFEK,Team Vitality,astra,True,100,,0,0,0,0,False,ghost,sidearm,,0.8422,0.5967
1755.771,3410,ACTIVE_ROUND,11,5,7,,14.031,,s0pp,FUT Esports,chamber,False,,25,0,2,0,1,False,classic,sidearm,,,,xeus,FUT Esports,jett,True,13,,0,0,0,4,False,ghost,sidearm,,0.8878,0.2833,sociablEE,FUT Esports,fade,True,100,,0,0,0,0,False,ghost,sidearm,,0.5967,0.3822,yetujey,FUT Esports,astra,True,100,,0,0,0,0,False,ghost,sidearm,,0.7556,0.3789,KROSTALY,FUT Esports,kayo,False,,,0,0,1,0,False,unknown,unknown,,,,Chronicle,Team Vitality,chamber,False,,,0,0,0,0,False,unknown,unknown,,,,Derke,Team Vitality,neon,False,,,0,0,1,0,False,sheriff,sidearm,,,,Jamppi,Team Vitality,kayo,False,,,0,0,0,0,False,bandit,sidearm,,,,Sayonara,Team Vitality,sova,False,,25,0,0,0,0,False,unknown,unknown,,,,PROFEK,Team Vitality,astra,True,100,,0,0,0,0,False,ghost,sidearm,,0.8644,0.5878
1756.255,3411,ACTIVE_ROUND,11,5,7,,14.514,,s0pp,FUT Esports,chamber,False,,25,0,2,0,1,False,classic,sidearm,,,,xeus,FUT Esports,jett,True,13,,0,0,0,4,False,ghost,sidearm,,0.8878,0.2833,sociablEE,FUT Esports,fade,True,100,,0,0,0,0,False,ghost,sidearm,,0.5967,0.3822,yetujey,FUT Esports,astra,True,100,,0,0,0,0,False,ghost,sidearm,,0.7667,0.3833,KROSTALY,FUT Esports,kayo,False,,,0,0,1,0,False,unknown,unknown,,,,Chronicle,Team Vitality,chamber,False,,,0,0,0,0,False,unknown,unknown,,,,Derke,Team Vitality,neon,False,,,0,0,1,0,False,sheriff,sidearm,,,,Jamppi,Team Vitality,kayo,False,,,0,0,0,0,False,bandit,sidearm,,,,Sayonara,Team Vitality,sova,False,,25,0,0,0,0,False,unknown,unknown,,,,PROFEK,Team Vitality,astra,True,100,,0,0,0,0,False,ghost,sidearm,,0.8778,0.5789
1756.738,3412,ACTIVE_ROUND,11,5,7,,14.998,,s0pp,FUT Esports,chamber,False,,25,0,2,0,1,False,classic,sidearm,,,,xeus,FUT Esports,jett,True,13,,0,0,0,4,False,ghost,sidearm,,0.8100,0.4233,sociablEE,FUT Esports,fade,True,100,,0,0,0,0,False,ghost,sidearm,,0.5967,0.3822,yetujey,FUT Esports,astra,True,100,,0,0,0,0,False,ghost,sidearm,,0.7667,0.3833,KROSTALY,FUT Esports,kayo,False,,,0,0,1,0,False,unknown,unknown,,,,Chronicle,Team Vitality,chamber,False,,,0,0,0,0,False,unknown,unknown,,,,Derke,Team Vitality,neon,False,,,0,0,1,0,False,sheriff,sidearm,,,,Jamppi,Team Vitality,kayo,False,,,0,0,0,0,False,bandit,sidearm,,,,Sayonara,Team Vitality,sova,False,,25,0,0,0,0,False,unknown,unknown,,,,PROFEK,Team Vitality,astra,True,100,,0,0,0,0,False,ghost,sidearm,,0.8889,0.5722
1757.222,3413,ACTIVE_ROUND,11,5,7,,15.482,,s0pp,FUT Esports,chamber,False,,25,0,2,0,1,False,classic,sidearm,,,,xeus,FUT Esports,jett,True,13,,0,0,0,4,False,ghost,sidearm,,0.1211,0.4367,sociablEE,FUT Esports,fade,True,100,,0,0,0,0,False,ghost,sidearm,,0.5967,0.3822,yetujey,FUT Esports,astra,True,100,,0,0,0,0,False,ghost,sidearm,,0.7667,0.3833,KROSTALY,FUT Esports,kayo,False,,,0,0,1,0,False,unknown,unknown,,,,Chronicle,Team Vitality,chamber,False,,,0,0,0,0,False,unknown,unknown,,,,Derke,Team Vitality,neon,False,,,0,0,1,0,False,sheriff,sidearm,,,,Jamppi,Team Vitality,kayo,False,,,0,0,0,0,False,bandit,sidearm,,,,Sayonara,Team Vitality,sova,False,,25,0,0,0,0,False,unknown,unknown,,,,PROFEK,Team Vitality,astra,True,100,,0,0,0,0,False,ghost,sidearm,,0.8978,0.5656
1757.706,3414,ACTIVE_ROUND,11,5,7,,15.966,,s0pp,FUT Esports,chamber,False,,25,0,2,0,1,False,classic,sidearm,,,,xeus,FUT Esports,jett,True,13,,0,0,0,4,False,ghost,sidearm,,0.8100,0.4233,sociablEE,FUT Esports,fade,True,100,,0,0,0,0,False,ghost,sidearm,,0.5967,0.3822,yetujey,FUT Esports,astra,True,100,,0,0,0,0,False,ghost,sidearm,,0.7978,0.3878,KROSTALY,FUT Esports,kayo,False,,,0,0,1,0,False,unknown,unknown,,,,Chronicle,Team Vitality,chamber,False,,,0,0,0,0,False,unknown,unknown,,,,Derke,Team Vitality,neon,False,,,0,0,1,0,False,sheriff,sidearm,,,,Jamppi,Team Vitality,kayo,False,,,0,0,0,0,False,bandit,sidearm,,,,Sayonara,Team Vitality,sova,False,,25,0,0,0,0,False,unknown,unknown,,,,PROFEK,Team Vitality,astra,True,100,,0,0,0,0,False,ghost,sidearm,,0.8978,0.5544
1758.190,3415,ACTIVE_ROUND,11,5,7,,16.450,,s0pp,FUT Esports,chamber,False,,25,0,2,0,1,False,classic,sidearm,,,,xeus,FUT Esports,jett,True,13,,0,0,0,4,False,ghost,sidearm,,0.8278,0.3989,sociablEE,FUT Esports,fade,True,100,,0,0,0,0,False,ghost,sidearm,,0.5967,0.3822,yetujey,FUT Esports,astra,True,100,,0,0,0,0,False,ghost,sidearm,,0.8044,0.3833,KROSTALY,FUT Esports,kayo,False,,,0,0,1,0,False,unknown,unknown,,,,Chronicle,Team Vitality,chamber,False,,,0,0,0,0,False,unknown,unknown,,,,Derke,Team Vitality,neon,False,,,0,0,1,0,False,sheriff,sidearm,,,,Jamppi,Team Vitality,kayo,False,,,0,0,0,0,False,bandit,sidearm,,,,Sayonara,Team Vitality,sova,False,,25,0,0,0,0,False,unknown,unknown,,,,PROFEK,Team Vitality,astra,True,100,,0,0,0,0,False,ghost,sidearm,,0.8978,0.5544
1758.674,3416,ACTIVE_ROUND,11,5,7,,16.934,,s0pp,FUT Esports,chamber,False,,25,0,2,0,1,False,classic,sidearm,,,,xeus,FUT Esports,jett,True,13,,0,0,0,4,False,ghost,sidearm,,0.7878,0.6967,sociablEE,FUT Esports,fade,True,100,,0,0,0,0,False,ghost,sidearm,,0.5967,0.3822,yetujey,FUT Esports,astra,True,100,,0,0,0,0,False,ghost,sidearm,,0.8156,0.3811,KROSTALY,FUT Esports,kayo,False,,,0,0,1,0,False,unknown,unknown,,,,Chronicle,Team Vitality,chamber,False,,,0,0,0,0,False,unknown,unknown,,,,Derke,Team Vitality,neon,False,,,0,0,1,0,False,sheriff,sidearm,,,,Jamppi,Team Vitality,kayo,False,,,0,0,0,0,False,bandit,sidearm,,,,Sayonara,Team Vitality,sova,False,,25,0,0,0,0,False,unknown,unknown,,,,PROFEK,Team Vitality,astra,True,100,,0,0,0,0,False,ghost,sidearm,,0.8978,0.5544
1759.157,3417,ACTIVE_ROUND,11,5,7,,17.417,,s0pp,FUT Esports,chamber,False,,25,0,2,0,1,False,classic,sidearm,,,,xeus,FUT Esports,jett,True,13,,0,0,0,4,False,ghost,sidearm,,0.9256,0.2744,sociablEE,FUT Esports,fade,True,100,,0,0,0,0,False,ghost,sidearm,,0.5967,0.3822,yetujey,FUT Esports,astra,True,100,,0,0,0,0,False,ghost,sidearm,,0.8267,0.3767,KROSTALY,FUT Esports,kayo,False,,,0,0,1,0,False,unknown,unknown,,,,Chronicle,Team Vitality,chamber,False,,,0,0,0,0,False,unknown,unknown,,,,Derke,Team Vitality,neon,False,,,0,0,1,0,False,sheriff,sidearm,,,,Jamppi,Team Vitality,kayo,False,,,0,0,0,0,False,bandit,sidearm,,,,Sayonara,Team Vitality,sova,False,,25,0,0,0,0,False,unknown,unknown,,,,PROFEK,Team Vitality,astra,True,100,,0,0,0,0,False,ghost,sidearm,,0.8978,0.5544
1759.641,3418,ACTIVE_ROUND,11,5,7,,17.901,,s0pp,FUT Esports,chamber,False,,25,0,2,0,1,False,classic,sidearm,,,,xeus,FUT Esports,jett,True,13,,0,0,0,4,False,ghost,sidearm,,0.8033,0.1589,sociablEE,FUT Esports,fade,True,100,,0,0,0,0,False,ghost,sidearm,,0.5967,0.3822,yetujey,FUT Esports,astra,True,100,,0,0,0,0,False,ghost,sidearm,,0.8333,0.3700,KROSTALY,FUT Esports,kayo,False,,,0,0,1,0,False,unknown,unknown,,,,Chronicle,Team Vitality,chamber,False,,,0,0,0,0,False,unknown,unknown,,,,Derke,Team Vitality,neon,False,,,0,0,1,0,False,sheriff,sidearm,,,,Jamppi,Team Vitality,kayo,False,,,0,0,0,0,False,bandit,sidearm,,,,Sayonara,Team Vitality,sova,False,,25,0,0,0,0,False,unknown,unknown,,,,PROFEK,Team Vitality,astra,True,100,,0,0,0,0,False,ghost,sidearm,,0.8978,0.5544
1760.125,3419,ACTIVE_ROUND,11,5,7,,18.385,,s0pp,FUT Esports,chamber,False,,25,0,2,0,1,False,classic,sidearm,,,,xeus,FUT Esports,jett,True,13,,0,0,0,4,False,ghost,sidearm,,0.8878,0.2833,sociablEE,FUT Esports,fade,True,100,,0,0,0,0,False,ghost,sidearm,,0.5967,0.3822,yetujey,FUT Esports,astra,True,100,,0,0,0,0,False,ghost,sidearm,,0.8378,0.3522,KROSTALY,FUT Esports,kayo,False,,,0,0,1,0,False,unknown,unknown,,,,Chronicle,Team Vitality,chamber,False,,,0,0,0,0,False,unknown,unknown,,,,Derke,Team Vitality,neon,False,,,0,0,1,0,False,sheriff,sidearm,,,,Jamppi,Team Vitality,kayo,False,,,0,0,0,0,False,bandit,sidearm,,,,Sayonara,Team Vitality,sova,False,,25,0,0,0,0,False,unknown,unknown,,,,PROFEK,Team Vitality,astra,True,100,,0,0,0,0,False,ghost,sidearm,,0.8978,0.5544
1760.609,3420,ACTIVE_ROUND,11,5,7,,18.869,,s0pp,FUT Esports,chamber,False,,25,0,2,0,1,False,classic,sidearm,,,,xeus,FUT Esports,jett,True,13,,0,0,0,4,False,ghost,sidearm,,0.8344,0.2878,sociablEE,FUT Esports,fade,True,100,,0,0,0,0,False,ghost,sidearm,,0.5967,0.3822,yetujey,FUT Esports,astra,True,100,,0,0,0,0,False,ghost,sidearm,,0.8378,0.3522,KROSTALY,FUT Esports,kayo,False,,,0,0,1,0,False,unknown,unknown,,,,Chronicle,Team Vitality,chamber,False,,,0,0,0,0,False,unknown,unknown,,,,Derke,Team Vitality,neon,False,,,0,0,1,0,False,sheriff,sidearm,,,,Jamppi,Team Vitality,kayo,False,,,0,0,0,0,False,bandit,sidearm,,,,Sayonara,Team Vitality,sova,False,,25,0,0,0,0,False,unknown,unknown,,,,PROFEK,Team Vitality,astra,True,100,,0,0,0,0,False,ghost,sidearm,,0.8978,0.5544
1761.093,3421,ACTIVE_ROUND,11,5,7,,19.353,,s0pp,FUT Esports,chamber,False,,25,0,2,0,1,False,classic,sidearm,,,,xeus,FUT Esports,jett,True,13,,0,0,0,4,False,ghost,sidearm,,0.8344,0.4011,sociablEE,FUT Esports,fade,True,100,,0,0,0,0,False,ghost,sidearm,,0.5967,0.3822,yetujey,FUT Esports,astra,True,100,,0,0,0,0,False,ghost,sidearm,,0.8378,0.3522,KROSTALY,FUT Esports,kayo,False,,,0,0,1,0,False,unknown,unknown,,,,Chronicle,Team Vitality,chamber,False,,,0,0,0,0,False,unknown,unknown,,,,Derke,Team Vitality,neon,False,,,0,0,1,0,False,sheriff,sidearm,,,,Jamppi,Team Vitality,kayo,False,,,0,0,0,0,False,bandit,sidearm,,,,Sayonara,Team Vitality,sova,False,,25,0,0,0,0,False,unknown,unknown,,,,PROFEK,Team Vitality,astra,True,100,,0,0,0,0,False,ghost,sidearm,,0.8978,0.5522
1761.576,3422,ACTIVE_ROUND,11,5,7,,19.836,,s0pp,FUT Esports,chamber,False,,25,0,2,0,1,False,classic,sidearm,,,,xeus,FUT Esports,jett,True,13,,0,0,0,4,False,ghost,sidearm,,0.8322,0.4078,sociablEE,FUT Esports,fade,True,100,,0,0,0,0,False,ghost,sidearm,,0.5967,0.3822,yetujey,FUT Esports,astra,True,100,,0,0,0,0,False,ghost,sidearm,,0.8511,0.2322,KROSTALY,FUT Esports,kayo,False,,,0,0,1,0,False,unknown,unknown,,,,Chronicle,Team Vitality,chamber,False,,,0,0,0,0,False,unknown,unknown,,,,Derke,Team Vitality,neon,False,,,0,0,1,0,False,sheriff,sidearm,,,,Jamppi,Team Vitality,kayo,False,,,0,0,0,0,False,bandit,sidearm,,,,Sayonara,Team Vitality,sova,False,,25,0,0,0,0,False,unknown,unknown,,,,PROFEK,Team Vitality,astra,True,100,,0,0,0,0,False,ghost,sidearm,,0.8978,0.5544
1762.060,3423,ACTIVE_ROUND,11,5,7,,20.320,,s0pp,FUT Esports,chamber,False,,25,0,2,0,1,False,classic,sidearm,,,,xeus,FUT Esports,jett,True,13,,0,0,0,4,False,ghost,sidearm,,0.8344,0.4189,sociablEE,FUT Esports,fade,True,100,,0,0,0,0,False,ghost,sidearm,,0.5967,0.3822,yetujey,FUT Esports,astra,True,100,,0,0,0,0,False,ghost,sidearm,,0.8178,0.3878,KROSTALY,FUT Esports,kayo,False,,,0,0,1,0,False,unknown,unknown,,,,Chronicle,Team Vitality,chamber,False,,,0,0,0,0,False,unknown,unknown,,,,Derke,Team Vitality,neon,False,,,0,0,1,0,False,sheriff,sidearm,,,,Jamppi,Team Vitality,kayo,False,,,0,0,0,0,False,bandit,sidearm,,,,Sayonara,Team Vitality,sova,False,,25,0,0,0,0,False,unknown,unknown,,,,PROFEK,Team Vitality,astra,True,100,,0,0,0,0,False,ghost,sidearm,,0.8978,0.5544
1762.544,3424,ACTIVE_ROUND,11,5,7,,20.804,,s0pp,FUT Esports,chamber,False,,25,0,2,0,1,False,classic,sidearm,,,,xeus,FUT Esports,jett,True,13,,0,0,0,4,False,ghost,sidearm,,0.8367,0.2900,sociablEE,FUT Esports,fade,True,100,,0,0,1,0,False,ghost,sidearm,,0.5967,0.3822,yetujey,FUT Esports,astra,True,100,,0,0,0,0,False,ghost,sidearm,,0.8178,0.3878,KROSTALY,FUT Esports,kayo,False,,,0,0,1,0,False,unknown,unknown,,,,Chronicle,Team Vitality,chamber,False,,,0,0,0,0,False,unknown,unknown,,,,Derke,Team Vitality,neon,False,,,0,0,1,0,False,sheriff,sidearm,,,,Jamppi,Team Vitality,kayo,False,,,0,0,0,0,False,bandit,sidearm,,,,Sayonara,Team Vitality,sova,False,,25,0,0,0,0,False,unknown,unknown,,,,PROFEK,Team Vitality,astra,True,100,,0,0,0,0,False,ghost,sidearm,,0.8978,0.5544
1763.028,3425,ACTIVE_ROUND,11,5,7,,21.288,,s0pp,FUT Esports,chamber,False,,25,0,2,0,1,False,classic,sidearm,,,,xeus,FUT Esports,jett,True,13,,0,0,0,4,False,ghost,sidearm,,0.8278,0.4389,sociablEE,FUT Esports,fade,True,100,,0,0,1,0,False,ghost,sidearm,,0.5967,0.3822,yetujey,FUT Esports,astra,True,100,,0,0,0,0,False,ghost,sidearm,,0.8178,0.3878,KROSTALY,FUT Esports,kayo,False,,,0,0,1,0,False,unknown,unknown,,,,Chronicle,Team Vitality,chamber,False,,,0,0,0,0,False,unknown,unknown,,,,Derke,Team Vitality,neon,False,,,0,0,1,0,False,sheriff,sidearm,,,,Jamppi,Team Vitality,kayo,False,,,0,0,0,0,False,bandit,sidearm,,,,Sayonara,Team Vitality,sova,False,,25,0,0,0,0,False,unknown,unknown,,,,PROFEK,Team Vitality,astra,True,100,,0,0,0,0,False,ghost,sidearm,,0.8978,0.5544
1763.512,3426,ACTIVE_ROUND,11,5,7,,21.772,,s0pp,FUT Esports,chamber,False,,25,0,2,0,1,False,classic,sidearm,,,,xeus,FUT Esports,jett,True,13,,0,0,0,4,False,ghost,sidearm,,0.8389,0.2878,sociablEE,FUT Esports,fade,True,100,,0,0,1,0,False,ghost,sidearm,,0.5967,0.3822,yetujey,FUT Esports,astra,True,100,,0,0,0,0,False,ghost,sidearm,,0.7844,0.4300,KROSTALY,FUT Esports,kayo,False,,,0,0,1,0,False,unknown,unknown,,,,Chronicle,Team Vitality,chamber,False,,,0,0,0,0,False,unknown,unknown,,,,Derke,Team Vitality,neon,False,,,0,0,1,0,False,sheriff,sidearm,,,,Jamppi,Team Vitality,kayo,False,,,0,0,0,0,False,bandit,sidearm,,,,Sayonara,Team Vitality,sova,False,,25,0,0,0,0,False,unknown,unknown,,,,PROFEK,Team Vitality,astra,True,100,,0,0,0,0,False,ghost,sidearm,,0.8978,0.5544
1763.996,3427,ACTIVE_ROUND,11,5,7,,22.256,,s0pp,FUT Esports,chamber,False,,25,0,2,0,1,False,classic,sidearm,,,,xeus,FUT Esports,jett,True,13,,0,0,0,4,False,ghost,sidearm,,0.8344,0.4344,sociablEE,FUT Esports,fade,True,100,,0,0,1,0,False,ghost,sidearm,,0.5967,0.3822,yetujey,FUT Esports,astra,True,100,,0,0,0,0,False,ghost,sidearm,,0.7844,0.4300,KROSTALY,FUT Esports,kayo,False,,,0,0,1,0,False,unknown,unknown,,,,Chronicle,Team Vitality,chamber,False,,,0,0,0,0,False,unknown,unknown,,,,Derke,Team Vitality,neon,False,,,0,0,1,0,False,sheriff,sidearm,,,,Jamppi,Team Vitality,kayo,False,,,0,0,0,0,False,bandit,sidearm,,,,Sayonara,Team Vitality,sova,False,,25,0,0,0,0,False,unknown,unknown,,,,PROFEK,Team Vitality,astra,True,100,,0,0,0,0,False,ghost,sidearm,,0.8978,0.5544
1764.479,3428,ACTIVE_ROUND,11,5,7,,22.739,,s0pp,FUT Esports,chamber,False,,25,0,2,0,1,False,classic,sidearm,,,,xeus,FUT Esports,jett,True,13,,0,0,0,4,False,ghost,sidearm,,0.9278,0.3256,sociablEE,FUT Esports,fade,True,100,,0,0,1,0,False,ghost,sidearm,,0.5967,0.3822,yetujey,FUT Esports,astra,True,100,,0,0,0,0,False,ghost,sidearm,,0.8289,0.4233,KROSTALY,FUT Esports,kayo,False,,,0,0,1,0,False,unknown,unknown,,,,Chronicle,Team Vitality,chamber,False,,,0,0,0,0,False,unknown,unknown,,,,Derke,Team Vitality,neon,False,,,0,0,1,0,False,sheriff,sidearm,,,,Jamppi,Team Vitality,kayo,False,,,0,0,0,0,False,bandit,sidearm,,,,Sayonara,Team Vitality,sova,False,,25,0,0,0,0,False,unknown,unknown,,,,PROFEK,Team Vitality,astra,True,100,,0,0,0,0,False,ghost,sidearm,,0.8956,0.5589
1764.963,3429,ACTIVE_ROUND,11,5,7,,23.223,,s0pp,FUT Esports,chamber,False,,25,0,2,0,1,False,classic,sidearm,,,,xeus,FUT Esports,jett,True,13,,0,0,0,4,False,ghost,sidearm,,0.8389,0.2878,sociablEE,FUT Esports,fade,True,100,,0,0,1,0,False,ghost,sidearm,,0.5967,0.3822,yetujey,FUT Esports,astra,True,100,,0,0,0,0,False,ghost,sidearm,,0.8289,0.4233,KROSTALY,FUT Esports,kayo,False,,,0,0,1,0,False,unknown,unknown,,,,Chronicle,Team Vitality,chamber,False,,,0,0,0,0,False,unknown,unknown,,,,Derke,Team Vitality,neon,False,,,0,0,1,0,False,sheriff,sidearm,,,,Jamppi,Team Vitality,kayo,False,,,0,0,0,0,False,bandit,sidearm,,,,Sayonara,Team Vitality,sova,False,,25,0,0,0,0,False,unknown,unknown,,,,PROFEK,Team Vitality,astra,True,100,,0,0,0,0,False,ghost,sidearm,,0.8978,0.5544
1765.447,3430,ACTIVE_ROUND,11,5,7,,23.707,,s0pp,FUT Esports,chamber,False,,25,0,2,0,1,False,classic,sidearm,,,,xeus,FUT Esports,jett,True,13,,0,0,0,4,False,ghost,sidearm,,0.6300,0.1167,sociablEE,FUT Esports,fade,True,100,,0,0,1,0,False,ghost,sidearm,,0.5967,0.3822,yetujey,FUT Esports,astra,True,100,,0,0,0,0,False,ghost,sidearm,,0.8289,0.4233,KROSTALY,FUT Esports,kayo,False,,,0,0,1,0,False,unknown,unknown,,,,Chronicle,Team Vitality,chamber,False,,,0,0,0,0,False,unknown,unknown,,,,Derke,Team Vitality,neon,False,,,0,0,1,0,False,sheriff,sidearm,,,,Jamppi,Team Vitality,kayo,False,,,0,0,0,0,False,bandit,sidearm,,,,Sayonara,Team Vitality,sova,False,,25,0,0,0,0,False,unknown,unknown,,,,PROFEK,Team Vitality,astra,True,100,,0,0,0,0,False,ghost,sidearm,,0.8978,0.5544
1765.931,3431,ACTIVE_ROUND,11,5,7,,24.191,,s0pp,FUT Esports,chamber,False,,25,0,2,0,1,False,classic,sidearm,,,,xeus,FUT Esports,jett,True,13,,0,0,0,4,False,ghost,sidearm,,0.9189,0.3344,sociablEE,FUT Esports,fade,True,100,,0,0,1,0,False,ghost,sidearm,,0.5967,0.3822,yetujey,FUT Esports,astra,True,100,,0,0,0,0,False,ghost,sidearm,,0.8289,0.4233,KROSTALY,FUT Esports,kayo,False,,,0,0,1,0,False,unknown,unknown,,,,Chronicle,Team Vitality,chamber,False,,,0,0,0,0,False,unknown,unknown,,,,Derke,Team Vitality,neon,False,,,0,0,1,0,False,sheriff,sidearm,,,,Jamppi,Team Vitality,kayo,False,,,0,0,0,0,False,bandit,sidearm,,,,Sayonara,Team Vitality,sova,False,,25,0,0,0,0,False,unknown,unknown,,,,PROFEK,Team Vitality,astra,True,100,,0,0,0,0,False,ghost,sidearm,,0.8978,0.5544
1766.415,3432,ACTIVE_ROUND,11,5,7,,24.675,,s0pp,FUT Esports,chamber,False,,25,0,2,0,1,False,classic,sidearm,,,,xeus,FUT Esports,jett,True,13,,0,0,0,4,False,ghost,sidearm,,0.8900,0.3389,sociablEE,FUT Esports,fade,True,100,,0,0,0,0,False,ghost,sidearm,,0.5967,0.3822,yetujey,FUT Esports,astra,True,100,,0,0,0,0,False,ghost,sidearm,,0.8289,0.4233,KROSTALY,FUT Esports,kayo,False,,,0,0,1,0,False,unknown,unknown,,,,Chronicle,Team Vitality,chamber,False,,,0,0,0,0,False,unknown,unknown,,,,Derke,Team Vitality,neon,False,,,0,0,1,0,False,sheriff,sidearm,,,,Jamppi,Team Vitality,kayo,False,,,0,0,0,0,False,bandit,sidearm,,,,Sayonara,Team Vitality,sova,False,,25,0,0,0,0,False,unknown,unknown,,,,PROFEK,Team Vitality,astra,True,100,,0,0,0,0,False,ghost,sidearm,,0.8978,0.5544
1766.898,3433,ACTIVE_ROUND,11,5,7,,25.158,,s0pp,FUT Esports,chamber,False,,25,0,2,0,1,False,classic,sidearm,,,,xeus,FUT Esports,jett,True,13,,0,0,0,4,False,ghost,sidearm,,0.8900,0.3389,sociablEE,FUT Esports,fade,True,100,,0,0,0,0,False,ghost,sidearm,,0.5967,0.3822,yetujey,FUT Esports,astra,True,100,,0,0,0,0,False,ghost,sidearm,,0.8289,0.4233,KROSTALY,FUT Esports,kayo,False,,,0,0,1,0,False,unknown,unknown,,,,Chronicle,Team Vitality,chamber,False,,,0,0,0,0,False,unknown,unknown,,,,Derke,Team Vitality,neon,False,,,0,0,1,0,False,sheriff,sidearm,,,,Jamppi,Team Vitality,kayo,False,,,0,0,0,0,False,bandit,sidearm,,,,Sayonara,Team Vitality,sova,False,,25,0,0,0,0,False,unknown,unknown,,,,PROFEK,Team Vitality,astra,True,100,,0,0,0,0,False,ghost,sidearm,,0.8978,0.5544
1767.382,3434,ACTIVE_ROUND,11,5,7,,25.642,,s0pp,FUT Esports,chamber,False,,25,0,2,0,1,False,classic,sidearm,,,,xeus,FUT Esports,jett,True,13,,0,0,0,4,False,ghost,sidearm,,0.9011,0.2522,sociablEE,FUT Esports,fade,True,100,,0,0,0,0,False,ghost,sidearm,,0.5967,0.3822,yetujey,FUT Esports,astra,True,100,,0,0,0,0,False,ghost,sidearm,,0.8289,0.4233,KROSTALY,FUT Esports,kayo,False,,,0,0,1,0,False,unknown,unknown,,,,Chronicle,Team Vitality,chamber,False,,,0,0,0,0,False,unknown,unknown,,,,Derke,Team Vitality,neon,False,,,0,0,1,0,False,sheriff,sidearm,,,,Jamppi,Team Vitality,kayo,False,,,0,0,0,0,False,bandit,sidearm,,,,Sayonara,Team Vitality,sova,False,,25,0,0,0,0,False,unknown,unknown,,,,PROFEK,Team Vitality,astra,True,100,,0,0,0,0,False,ghost,sidearm,,0.8978,0.5522
1767.866,3435,ACTIVE_ROUND,11,5,7,,26.126,,s0pp,FUT Esports,chamber,False,,25,0,2,0,1,False,classic,sidearm,,,,xeus,FUT Esports,jett,False,,,0,0,0,4,False,ghost,sidearm,,0.5967,0.5611,sociablEE,FUT Esports,fade,True,100,,0,0,0,0,False,ghost,sidearm,,0.5967,0.3822,yetujey,FUT Esports,astra,True,100,,0,0,0,0,False,ghost,sidearm,,0.8289,0.4233,KROSTALY,FUT Esports,kayo,False,,,0,0,1,0,False,unknown,unknown,,,,Chronicle,Team Vitality,chamber,False,,,0,0,0,0,False,unknown,unknown,,,,Derke,Team Vitality,neon,False,,,0,0,1,0,False,sheriff,sidearm,,,,Jamppi,Team Vitality,kayo,False,,,0,0,0,0,False,bandit,sidearm,,,,Sayonara,Team Vitality,sova,False,,25,0,0,0,0,False,unknown,unknown,,,,PROFEK,Team Vitality,astra,True,100,,0,0,0,0,False,ghost,sidearm,,0.8978,0.5544
1768.350,3436,POST_ROUND,11,6,7,,,0.000,s0pp,FUT Esports,chamber,False,,25,0,2,0,1,False,classic,sidearm,,,,xeus,FUT Esports,jett,False,,,0,0,0,4,False,ghost,sidearm,,0.5967,0.5611,sociablEE,FUT Esports,fade,True,100,,0,0,0,1,False,ghost,sidearm,,0.5967,0.3822,yetujey,FUT Esports,astra,True,100,,0,0,0,0,False,ghost,sidearm,,0.8289,0.4233,KROSTALY,FUT Esports,kayo,False,,,0,0,1,0,False,unknown,unknown,,,,Chronicle,Team Vitality,chamber,False,,,0,0,0,0,False,unknown,unknown,,,,Derke,Team Vitality,neon,False,,,0,0,1,0,False,sheriff,sidearm,,,,Jamppi,Team Vitality,kayo,False,,,0,0,0,0,False,bandit,sidearm,,,,Sayonara,Team Vitality,sova,False,,25,0,0,0,0,False,unknown,unknown,,,,PROFEK,Team Vitality,astra,True,100,,0,0,0,2,False,unknown,unknown,,0.8978,0.5544
1768.834,3437,POST_ROUND,11,6,7,,,0.484,s0pp,FUT Esports,chamber,False,,25,0,2,0,1,False,classic,sidearm,,,,xeus,FUT Esports,jett,False,,,0,0,0,4,False,ghost,sidearm,,0.5967,0.5611,sociablEE,FUT Esports,fade,True,100,,0,0,0,1,False,ghost,sidearm,,0.5967,0.3822,yetujey,FUT Esports,astra,True,100,,0,0,0,0,False,ghost,sidearm,,0.8289,0.4233,KROSTALY,FUT Esports,kayo,False,,,0,0,1,0,False,unknown,unknown,,,,Chronicle,Team Vitality,chamber,False,,,0,0,0,0,False,unknown,unknown,,,,Derke,Team Vitality,neon,False,,,0,0,1,0,False,sheriff,sidearm,,,,Jamppi,Team Vitality,kayo,False,,,0,0,0,0,False,bandit,sidearm,,,,Sayonara,Team Vitality,sova,False,,25,0,0,0,0,False,unknown,unknown,,,,PROFEK,Team Vitality,astra,False,,,0,0,0,2,False,unknown,unknown,,0.8978,0.5544
1769.318,3438,POST_ROUND,11,6,7,,,0.968,s0pp,FUT Esports,chamber,False,,25,0,2,0,1,False,classic,sidearm,,,,xeus,FUT Esports,jett,False,,,0,0,0,4,False,ghost,sidearm,,0.5967,0.5611,sociablEE,FUT Esports,fade,True,100,,0,0,0,1,False,ghost,sidearm,,0.5967,0.3822,yetujey,FUT Esports,astra,True,100,,0,0,0,0,False,ghost,sidearm,,0.8289,0.4233,KROSTALY,FUT Esports,kayo,False,,,0,0,1,0,False,unknown,unknown,,,,Chronicle,Team Vitality,chamber,False,,,0,0,0,0,False,unknown,unknown,,,,Derke,Team Vitality,neon,False,,,0,0,1,0,False,sheriff,sidearm,,,,Jamppi,Team Vitality,kayo,False,,,0,0,0,0,False,bandit,sidearm,,,,Sayonara,Team Vitality,sova,False,,25,0,0,0,0,False,unknown,unknown,,,,PROFEK,Team Vitality,astra,False,,,0,0,0,2,False,unknown,unknown,,0.8978,0.5544
1769.801,3439,POST_ROUND,11,6,7,,,1.451,s0pp,FUT Esports,chamber,False,,25,0,2,0,1,False,classic,sidearm,,,,xeus,FUT Esports,jett,False,,,0,0,0,4,False,ghost,sidearm,,0.5967,0.5611,sociablEE,FUT Esports,fade,True,100,,0,0,0,1,False,ghost,sidearm,,0.5967,0.3822,yetujey,FUT Esports,astra,True,100,,0,0,0,0,False,ghost,sidearm,,0.8289,0.4233,KROSTALY,FUT Esports,kayo,False,,,0,0,1,0,False,unknown,unknown,,,,Chronicle,Team Vitality,chamber,False,,,0,0,0,0,False,unknown,unknown,,,,Derke,Team Vitality,neon,False,,,0,0,1,0,False,sheriff,sidearm,,,,Jamppi,Team Vitality,kayo,False,,,0,0,0,0,False,bandit,sidearm,,,,Sayonara,Team Vitality,sova,False,,25,0,0,0,0,False,unknown,unknown,,,,PROFEK,Team Vitality,astra,False,,,0,0,0,2,False,unknown,unknown,,0.8978,0.5544
1770.285,3440,POST_ROUND,11,6,7,,,1.935,s0pp,FUT Esports,chamber,False,,25,0,2,0,1,False,classic,sidearm,,,,xeus,FUT Esports,jett,False,,,0,0,0,4,False,ghost,sidearm,,0.5967,0.5611,sociablEE,FUT Esports,fade,True,100,,0,0,0,1,False,ghost,sidearm,,0.5967,0.3822,yetujey,FUT Esports,astra,True,100,,0,0,0,0,False,ghost,sidearm,,0.8289,0.4233,KROSTALY,FUT Esports,kayo,False,,,0,0,1,0,False,unknown,unknown,,,,Chronicle,Team Vitality,chamber,False,,,0,0,0,0,False,unknown,unknown,,,,Derke,Team Vitality,neon,False,,,0,0,1,0,False,sheriff,sidearm,,,,Jamppi,Team Vitality,kayo,False,,,0,0,0,0,False,bandit,sidearm,,,,Sayonara,Team Vitality,sova,False,,25,0,0,0,0,False,unknown,unknown,,,,PROFEK,Team Vitality,astra,False,,,0,0,0,2,False,unknown,unknown,,0.8978,0.5544
1770.769,3441,POST_ROUND,11,6,7,,,2.419,s0pp,FUT Esports,chamber,False,,25,0,2,0,1,False,classic,sidearm,,,,xeus,FUT Esports,jett,False,,,0,0,0,4,False,ghost,sidearm,,0.5967,0.5611,sociablEE,FUT Esports,fade,True,100,,0,0,0,1,False,ghost,sidearm,,0.5967,0.3822,yetujey,FUT Esports,astra,True,100,,0,0,0,0,False,ghost,sidearm,,0.8289,0.4233,KROSTALY,FUT Esports,kayo,False,,,0,0,1,0,False,unknown,unknown,,,,Chronicle,Team Vitality,chamber,False,,,0,0,0,0,False,unknown,unknown,,,,Derke,Team Vitality,neon,False,,,0,0,1,0,False,sheriff,sidearm,,,,Jamppi,Team Vitality,kayo,False,,,0,0,0,0,False,bandit,sidearm,,,,Sayonara,Team Vitality,sova,False,,25,0,0,0,0,False,unknown,unknown,,,,PROFEK,Team Vitality,astra,False,,,0,0,0,2,False,unknown,unknown,,0.8978,0.5544
1771.253,3442,POST_ROUND,11,6,7,,,2.903,s0pp,FUT Esports,chamber,False,,25,0,2,0,1,False,classic,sidearm,,,,xeus,FUT Esports,jett,False,,,0,0,0,4,False,ghost,sidearm,,0.5967,0.5611,sociablEE,FUT Esports,fade,True,100,,0,0,0,1,False,ghost,sidearm,,0.5967,0.3822,yetujey,FUT Esports,astra,True,100,,0,0,0,0,False,ghost,sidearm,,0.8289,0.4233,KROSTALY,FUT Esports,kayo,False,,,0,0,1,0,False,unknown,unknown,,,,Chronicle,Team Vitality,chamber,False,,,0,0,0,0,False,unknown,unknown,,,,Derke,Team Vitality,neon,False,,,0,0,1,0,False,sheriff,sidearm,,,,Jamppi,Team Vitality,kayo,False,,,0,0,0,0,False,bandit,sidearm,,,,Sayonara,Team Vitality,sova,False,,25,0,0,0,0,False,unknown,unknown,,,,PROFEK,Team Vitality,astra,False,,,0,0,0,2,False,unknown,unknown,,0.8978,0.5544
1771.737,3443,POST_ROUND,11,6,7,,,3.387,s0pp,FUT Esports,chamber,False,,25,0,2,0,1,False,classic,sidearm,,,,xeus,FUT Esports,jett,False,,,0,0,0,4,False,ghost,sidearm,,0.5967,0.5611,sociablEE,FUT Esports,fade,True,100,,0,0,0,1,False,ghost,sidearm,,0.5967,0.3822,yetujey,FUT Esports,astra,True,100,,0,0,0,0,False,ghost,sidearm,,0.8289,0.4233,KROSTALY,FUT Esports,kayo,False,,,0,0,1,0,False,unknown,unknown,,,,Chronicle,Team Vitality,chamber,False,,,0,0,0,0,False,unknown,unknown,,,,Derke,Team Vitality,neon,False,,,0,0,1,0,False,sheriff,sidearm,,,,Jamppi,Team Vitality,kayo,False,,,0,0,0,0,False,bandit,sidearm,,,,Sayonara,Team Vitality,sova,False,,25,0,0,0,0,False,unknown,unknown,,,,PROFEK,Team Vitality,astra,False,,,0,0,0,2,False,unknown,unknown,,0.8978,0.5544
1772.220,3444,POST_ROUND,11,6,7,,,3.871,s0pp,FUT Esports,chamber,False,,25,0,2,0,1,False,classic,sidearm,,,,xeus,FUT Esports,jett,False,,,0,0,0,4,False,ghost,sidearm,,0.5967,0.5611,sociablEE,FUT Esports,fade,True,100,,0,0,0,1,False,ghost,sidearm,,0.5967,0.3822,yetujey,FUT Esports,astra,True,100,,0,0,0,0,False,ghost,sidearm,,0.8289,0.4233,KROSTALY,FUT Esports,kayo,False,,,0,0,1,0,False,unknown,unknown,,,,Chronicle,Team Vitality,chamber,False,,,0,0,0,0,False,unknown,unknown,,,,Derke,Team Vitality,neon,False,,,0,0,1,0,False,sheriff,sidearm,,,,Jamppi,Team Vitality,kayo,False,,,0,0,0,0,False,bandit,sidearm,,,,Sayonara,Team Vitality,sova,False,,25,0,0,0,0,False,unknown,unknown,,,,PROFEK,Team Vitality,astra,False,,,0,0,0,2,False,unknown,unknown,,0.8978,0.5544
1772.704,3445,POST_ROUND,11,6,7,,,4.354,s0pp,FUT Esports,chamber,False,,25,0,2,0,1,False,classic,sidearm,,,,xeus,FUT Esports,jett,False,,,0,0,0,4,False,ghost,sidearm,,0.5967,0.5611,sociablEE,FUT Esports,fade,True,100,,0,0,0,1,False,ghost,sidearm,,0.5967,0.3822,yetujey,FUT Esports,astra,True,100,,0,0,0,0,False,ghost,sidearm,,0.8289,0.4233,KROSTALY,FUT Esports,kayo,False,,,0,0,1,0,False,unknown,unknown,,,,Chronicle,Team Vitality,chamber,False,,,0,0,0,0,False,unknown,unknown,,,,Derke,Team Vitality,neon,False,,,0,0,1,0,False,sheriff,sidearm,,,,Jamppi,Team Vitality,kayo,False,,,0,0,0,0,False,bandit,sidearm,,,,Sayonara,Team Vitality,sova,False,,25,0,0,0,0,False,unknown,unknown,,,,PROFEK,Team Vitality,astra,False,,,0,0,0,2,False,unknown,unknown,,0.8978,0.5544
1773.188,3446,POST_ROUND,11,6,7,,,4.838,s0pp,FUT Esports,chamber,False,,25,0,2,0,1,False,classic,sidearm,,,,xeus,FUT Esports,jett,False,,,0,0,0,4,False,ghost,sidearm,,0.5967,0.5611,sociablEE,FUT Esports,fade,True,100,,0,0,0,1,False,ghost,sidearm,,0.5967,0.3822,yetujey,FUT Esports,astra,True,100,,0,0,0,0,False,ghost,sidearm,,0.8289,0.4233,KROSTALY,FUT Esports,kayo,False,,,0,0,1,0,False,unknown,unknown,,,,Chronicle,Team Vitality,chamber,False,,,0,0,0,0,False,unknown,unknown,,,,Derke,Team Vitality,neon,False,,,0,0,1,0,False,sheriff,sidearm,,,,Jamppi,Team Vitality,kayo,False,,,0,0,0,0,False,bandit,sidearm,,,,Sayonara,Team Vitality,sova,False,,25,0,0,0,0,False,unknown,unknown,,,,PROFEK,Team Vitality,astra,False,,,0,0,0,2,False,unknown,unknown,,0.8978,0.5544
1773.672,3447,POST_ROUND,11,6,7,,,5.322,s0pp,FUT Esports,chamber,False,,25,0,2,0,1,False,classic,sidearm,,,,xeus,FUT Esports,jett,False,,,0,0,0,4,False,ghost,sidearm,,0.5967,0.5611,sociablEE,FUT Esports,fade,True,100,,0,0,0,1,False,ghost,sidearm,,0.5967,0.3822,yetujey,FUT Esports,astra,True,100,,0,0,0,0,False,ghost,sidearm,,0.8289,0.4233,KROSTALY,FUT Esports,kayo,False,,,0,0,1,0,False,unknown,unknown,,,,Chronicle,Team Vitality,chamber,False,,,0,0,0,0,False,unknown,unknown,,,,Derke,Team Vitality,neon,False,,,0,0,1,0,False,sheriff,sidearm,,,,Jamppi,Team Vitality,kayo,False,,,0,0,0,0,False,bandit,sidearm,,,,Sayonara,Team Vitality,sova,False,,25,0,0,0,0,False,unknown,unknown,,,,PROFEK,Team Vitality,astra,False,,,0,0,0,2,False,unknown,unknown,,0.8978,0.5544
1774.156,3448,POST_ROUND,11,6,7,,,5.806,s0pp,FUT Esports,chamber,False,,25,0,2,0,1,False,classic,sidearm,,,,xeus,FUT Esports,jett,False,,,0,0,0,4,False,ghost,sidearm,,0.5967,0.5611,sociablEE,FUT Esports,fade,True,100,,0,0,0,1,False,ghost,sidearm,,0.5967,0.3822,yetujey,FUT Esports,astra,True,100,,0,0,0,0,False,ghost,sidearm,,0.8289,0.4233,KROSTALY,FUT Esports,kayo,False,,,0,0,1,0,False,unknown,unknown,,,,Chronicle,Team Vitality,chamber,False,,,0,0,0,0,False,unknown,unknown,,,,Derke,Team Vitality,neon,False,,,0,0,1,0,False,sheriff,sidearm,,,,Jamppi,Team Vitality,kayo,False,,,0,0,0,0,False,bandit,sidearm,,,,Sayonara,Team Vitality,sova,False,,25,0,0,0,0,False,unknown,unknown,,,,PROFEK,Team Vitality,astra,False,,,0,0,0,2,False,unknown,unknown,,0.8978,0.5544
1774.640,3449,POST_ROUND,11,6,7,,,6.290,s0pp,FUT Esports,chamber,False,,25,0,2,0,1,False,classic,sidearm,,,,xeus,FUT Esports,jett,False,,,0,0,0,4,False,ghost,sidearm,,0.5967,0.5611,sociablEE,FUT Esports,fade,True,100,,0,0,0,1,False,ghost,sidearm,,0.5967,0.3822,yetujey,FUT Esports,astra,True,100,,0,0,0,0,False,ghost,sidearm,,0.8289,0.4233,KROSTALY,FUT Esports,kayo,False,,,0,0,1,0,False,unknown,unknown,,,,Chronicle,Team Vitality,chamber,False,,,0,0,0,0,False,unknown,unknown,,,,Derke,Team Vitality,neon,False,,,0,0,1,0,False,sheriff,sidearm,,,,Jamppi,Team Vitality,kayo,False,,,0,0,0,0,False,bandit,sidearm,,,,Sayonara,Team Vitality,sova,False,,25,0,0,0,0,False,unknown,unknown,,,,PROFEK,Team Vitality,astra,False,,,0,0,0,2,False,unknown,unknown,,0.8978,0.5544
1800.282,3502,PREROUND,12,6,7,,,,s0pp,FUT Esports,chamber,True,,,,,,,,,,,,,xeus,FUT Esports,jett,True,,,,,,,,,,,,,sociablEE,FUT Esports,fade,True,,,,,,,,,,,,,yetujey,FUT Esports,astra,True,,,,,,,,,,,,,KROSTALY,FUT Esports,kayo,True,,,,,,,,,,,,,Chronicle,Team Vitality,chamber,True,,,,,,,,,,,,,Derke,Team Vitality,neon,True,,,,,,,,,,,,,Jamppi,Team Vitality,kayo,True,,,,,,,,,,,,,Sayonara,Team Vitality,sova,True,,,,,,,,,,,,,PROFEK,Team Vitality,astra,True,,,,,,,,,,,,
1800.766,3503,PREROUND,12,6,7,,,,s0pp,FUT Esports,chamber,True,,,,,,,,,,,,,xeus,FUT Esports,jett,True,,,,,,,,,,,,,sociablEE,FUT Esports,fade,True,,,,,,,,,,,,,yetujey,FUT Esports,astra,True,,,,,,,,,,,,,KROSTALY,FUT Esports,kayo,True,,,,,,,,,,,,,Chronicle,Team Vitality,chamber,True,,,,,,,,,,,,,Derke,Team Vitality,neon,True,,,,,,,,,,,,,Jamppi,Team Vitality,kayo,True,,,,,,,,,,,,,Sayonara,Team Vitality,sova,True,,,,,,,,,,,,,PROFEK,Team Vitality,astra,True,,,,,,,,,,,,
1801.249,3504,PREROUND,12,6,7,,,,s0pp,FUT Esports,chamber,True,,,,,,,,,,,,,xeus,FUT Esports,jett,True,,,,,,,,,,,,,sociablEE,FUT Esports,fade,True,,,,,,,,,,,,,yetujey,FUT Esports,astra,True,,,,,,,,,,,,,KROSTALY,FUT Esports,kayo,True,,,,,,,,,,,,,Chronicle,Team Vitality,chamber,True,,,,,,,,,,,,,Derke,Team Vitality,neon,True,,,,,,,,,,,,,Jamppi,Team Vitality,kayo,True,,,,,,,,,,,,,Sayonara,Team Vitality,sova,True,,,,,,,,,,,,,PROFEK,Team Vitality,astra,True,,,,,,,,,,,,
1801.733,3505,PREROUND,12,6,7,,,,s0pp,FUT Esports,chamber,True,,,,,,,,,,,,,xeus,FUT Esports,jett,True,,,,,,,,,,,,,sociablEE,FUT Esports,fade,True,,,,,,,,,,,,,yetujey,FUT Esports,astra,True,,,,,,,,,,,,,KROSTALY,FUT Esports,kayo,True,,,,,,,,,,,,,Chronicle,Team Vitality,chamber,True,,,,,,,,,,,,,Derke,Team Vitality,neon,True,,,,,,,,,,,,,Jamppi,Team Vitality,kayo,True,,,,,,,,,,,,,Sayonara,Team Vitality,sova,True,,,,,,,,,,,,,PROFEK,Team Vitality,astra,True,,,,,,,,,,,,
1802.217,3506,PREROUND,12,6,7,,,,s0pp,FUT Esports,chamber,True,,,,,,,,,,,,,xeus,FUT Esports,jett,True,,,,,,,,,,,,,sociablEE,FUT Esports,fade,True,,,,,,,,,,,,,yetujey,FUT Esports,astra,True,,,,,,,,,,,,,KROSTALY,FUT Esports,kayo,True,,,,,,,,,,,,,Chronicle,Team Vitality,chamber,True,,,,,,,,,,,,,Derke,Team Vitality,neon,True,,,,,,,,,,,,,Jamppi,Team Vitality,kayo,True,,,,,,,,,,,,,Sayonara,Team Vitality,sova,True,,,,,,,,,,,,,PROFEK,Team Vitality,astra,True,,,,,,,,,,,,
1802.701,3507,PREROUND,12,6,7,,,,s0pp,FUT Esports,chamber,True,,,,,,,,,,,,,xeus,FUT Esports,jett,True,,,,,,,,,,,,,sociablEE,FUT Esports,fade,True,,,,,,,,,,,,,yetujey,FUT Esports,astra,True,,,,,,,,,,,,,KROSTALY,FUT Esports,kayo,True,,,,,,,,,,,,,Chronicle,Team Vitality,chamber,True,,,,,,,,,,,,,Derke,Team Vitality,neon,True,,,,,,,,,,,,,Jamppi,Team Vitality,kayo,True,,,,,,,,,,,,,Sayonara,Team Vitality,sova,True,,,,,,,,,,,,,PROFEK,Team Vitality,astra,True,,,,,,,,,,,,
1803.185,3508,PREROUND,12,6,7,,,,s0pp,FUT Esports,chamber,True,,,,,,,,,,,,,xeus,FUT Esports,jett,True,,,,,,,,,,,,,sociablEE,FUT Esports,fade,True,,,,,,,,,,,,,yetujey,FUT Esports,astra,True,,,,,,,,,,,,,KROSTALY,FUT Esports,kayo,True,,,,,,,,,,,,,Chronicle,Team Vitality,chamber,True,,,,,,,,,,,,,Derke,Team Vitality,neon,True,,,,,,,,,,,,,Jamppi,Team Vitality,kayo,True,,,,,,,,,,,,,Sayonara,Team Vitality,sova,True,,,,,,,,,,,,,PROFEK,Team Vitality,astra,True,,,,,,,,,,,,
1803.669,3509,PREROUND,12,6,7,,,,s0pp,FUT Esports,chamber,True,,,,,,,,,,,,,xeus,FUT Esports,jett,True,,,,,,,,,,,,,sociablEE,FUT Esports,fade,True,,,,,,,,,,,,,yetujey,FUT Esports,astra,True,,,,,,,,,,,,,KROSTALY,FUT Esports,kayo,True,,,,,,,,,,,,,Chronicle,Team Vitality,chamber,True,,,,,,,,,,,,,Derke,Team Vitality,neon,True,,,,,,,,,,,,,Jamppi,Team Vitality,kayo,True,,,,,,,,,,,,,Sayonara,Team Vitality,sova,True,,,,,,,,,,,,,PROFEK,Team Vitality,astra,True,,,,,,,,,,,,
1804.152,3510,PREROUND,12,6,7,,,,s0pp,FUT Esports,chamber,True,,,,,,,,,,,,,xeus,FUT Esports,jett,True,,,,,,,,,,,,,sociablEE,FUT Esports,fade,True,,,,,,,,,,,,,yetujey,FUT Esports,astra,True,,,,,,,,,,,,,KROSTALY,FUT Esports,kayo,True,,,,,,,,,,,,,Chronicle,Team Vitality,chamber,True,,,,,,,,,,,,,Derke,Team Vitality,neon,True,,,,,,,,,,,,,Jamppi,Team Vitality,kayo,True,,,,,,,,,,,,,Sayonara,Team Vitality,sova,True,,,,,,,,,,,,,PROFEK,Team Vitality,astra,True,,,,,,,,,,,,
1804.636,3511,PREROUND,12,6,7,,,,s0pp,FUT Esports,chamber,True,,,,,,,,,,,,,xeus,FUT Esports,jett,True,,,,,,,,,,,,,sociablEE,FUT Esports,fade,True,,,,,,,,,,,,,yetujey,FUT Esports,astra,True,,,,,,,,,,,,,KROSTALY,FUT Esports,kayo,True,,,,,,,,,,,,,Chronicle,Team Vitality,chamber,True,,,,,,,,,,,,,Derke,Team Vitality,neon,True,,,,,,,,,,,,,Jamppi,Team Vitality,kayo,True,,,,,,,,,,,,,Sayonara,Team Vitality,sova,True,,,,,,,,,,,,,PROFEK,Team Vitality,astra,True,,,,,,,,,,,,
1805.120,3512,ACTIVE_ROUND,12,6,7,99.000,,,s0pp,FUT Esports,chamber,True,,,,,,,,,,,,,xeus,FUT Esports,jett,True,,,,,,,,,,,0.8411,0.4344,sociablEE,FUT Esports,fade,True,,,,,,,,,,,,,yetujey,FUT Esports,astra,True,,,,,,,,,,,,,KROSTALY,FUT Esports,kayo,True,,,,,,,,,,,0.1011,0.5078,Chronicle,Team Vitality,chamber,True,,,,,,,,,,,0.4544,0.2622,Derke,Team Vitality,neon,True,,,,,,,,,,,,,Jamppi,Team Vitality,kayo,True,,,,,,,,,,,,,Sayonara,Team Vitality,sova,True,,,,,,,,,,,,,PROFEK,Team Vitality,astra,True,,,,,,,,,,,0.4378,0.6878
1805.604,3513,ACTIVE_ROUND,12,6,7,99.000,,,s0pp,FUT Esports,chamber,True,100,50,,,,,,,,,,,xeus,FUT Esports,jett,True,100,50,,,,,,,,,0.1767,0.5389,sociablEE,FUT Esports,fade,True,100,50,,,,,,,,,,,yetujey,FUT Esports,astra,True,100,50,,,,,,,,,,,KROSTALY,FUT Esports,kayo,True,100,50,,,,,,,,,0.4567,0.4767,Chronicle,Team Vitality,chamber,True,100,,,,,,,,,,0.5856,0.7111,Derke,Team Vitality,neon,True,100,,,,,,,,,,,,Jamppi,Team Vitality,kayo,True,100,,,,,,,,,,,,Sayonara,Team Vitality,sova,True,100,,,,,,,,,,,,PROFEK,Team Vitality,astra,True,100,,,,,,,,,,0.4378,0.6878
1806.088,3514,ACTIVE_ROUND,12,6,7,98.000,,,s0pp,FUT Esports,chamber,True,100,50,,,,,,,,,,,xeus,FUT Esports,jett,True,100,50,,,,,,,,,0.5656,0.2544,sociablEE,FUT Esports,fade,True,100,50,,,,,,,,,0.1656,0.5267,yetujey,FUT Esports,astra,True,100,50,,,,,,,,,,,KROSTALY,FUT Esports,kayo,True,100,50,,,,,,,,,0.4656,0.4789,Chronicle,Team Vitality,chamber,True,100,,,,,,,,,,0.2500,0.7200,Derke,Team Vitality,neon,True,100,,,,,,,,,,,,Jamppi,Team Vitality,kayo,True,100,,,,,,,,,,,,Sayonara,Team Vitality,sova,True,100,,,,,,,,,,,,PROFEK,Team Vitality,astra,True,100,,,,,,,,,,0.4378,0.6878
1806.571,3515,ACTIVE_ROUND,12,6,7,98.000,,,s0pp,FUT Esports,chamber,True,100,50,,,,,,,,,,,xeus,FUT Esports,jett,True,100,50,,,,,,,,,0.5656,0.2544,sociablEE,FUT Esports,fade,True,100,50,,,,,,,,,0.1656,0.5267,yetujey,FUT Esports,astra,True,100,50,,,,,,,,,0.5667,0.2100,KROSTALY,FUT Esports,kayo,True,100,50,,,,,,,,,0.4767,0.4789,Chronicle,Team Vitality,chamber,True,100,,,,,,,,,,0.5789,0.7111,Derke,Team Vitality,neon,True,100,,,,,,,,,,,,Jamppi,Team Vitality,kayo,True,100,,,,,,,,,,,,Sayonara,Team Vitality,sova,True,100,,,,,,,,,,,,PROFEK,Team Vitality,astra,True,100,,,,,,,,,,0.4378,0.6878
1807.055,3516,ACTIVE_ROUND,12,6,7,97.000,,,s0pp,FUT Esports,chamber,True,100,50,0,3,1,2,False,marshal,sniper,,,,xeus,FUT Esports,jett,True,100,50,0,0,1,5,False,phantom,rifle,,0.1767,0.5922,sociablEE,FUT Esports,fade,True,100,50,1,1,1,1,False,bulldog,rifle,,0.1678,0.5600,yetujey,FUT Esports,astra,True,100,50,1,1,0,0,False,ghost,sidearm,,0.5844,0.1944,KROSTALY,FUT Esports,kayo,True,100,50,1,2,1,1,False,spectre,smg,,0.4811,0.4856,Chronicle,Team Vitality,chamber,True,100,,1,3,1,1,False,classic,sidearm,,0.5300,0.2111,Derke,Team Vitality,neon,True,100,,0,1,1,1,False,classic,sidearm,,,,Jamppi,Team Vitality,kayo,True,100,,0,0,1,2,False,classic,sidearm,,,,Sayonara,Team Vitality,sova,True,100,,1,2,1,2,False,classic,sidearm,,,,PROFEK,Team Vitality,astra,True,100,,1,1,0,2,False,classic,sidearm,,0.4378,0.6878
1807.539,3517,ACTIVE_ROUND,12,6,7,97.000,,,s0pp,FUT Esports,chamber,True,100,50,0,3,1,2,False,marshal,sniper,,,,xeus,FUT Esports,jett,True,100,50,0,0,1,5,False,phantom,rifle,,0.5722,0.2233,sociablEE,FUT Esports,fade,True,100,50,1,1,1,1,False,bulldog,rifle,,0.1700,0.5756,yetujey,FUT Esports,astra,True,100,50,1,1,0,0,False,ghost,sidearm,,0.6067,0.1900,KROSTALY,FUT Esports,kayo,True,100,50,1,2,1,1,False,spectre,smg,,0.4833,0.4967,Chronicle,Team Vitality,chamber,True,100,,1,3,1,1,False,classic,sidearm,,0.5522,0.2067,Derke,Team Vitality,neon,True,100,,0,1,1,1,False,classic,sidearm,,,,Jamppi,Team Vitality,kayo,True,100,,0,0,1,2,False,classic,sidearm,,,,Sayonara,Team Vitality,sova,True,100,,1,2,1,2,False,classic,sidearm,,,,PROFEK,Team Vitality,astra,True,100,,1,1,0,2,False,classic,sidearm,,0.4378,0.6878
1808.023,3518,ACTIVE_ROUND,12,6,7,96.000,,,s0pp,FUT Esports,chamber,True,100,50,0,3,1,2,False,marshal,sniper,,,,xeus,FUT Esports,jett,True,100,50,0,0,1,5,False,phantom,rifle,,0.1767,0.6278,sociablEE,FUT Esports,fade,True,100,50,1,1,1,1,False,bulldog,rifle,,0.1722,0.5889,yetujey,FUT Esports,astra,True,100,50,1,1,0,0,False,ghost,sidearm,,0.6289,0.1922,KROSTALY,FUT Esports,kayo,True,100,50,1,2,1,1,False,spectre,smg,,0.4856,0.5078,Chronicle,Team Vitality,chamber,True,100,,1,3,1,1,False,classic,sidearm,,0.2633,0.8267,Derke,Team Vitality,neon,True,100,,0,1,1,1,False,classic,sidearm,,,,Jamppi,Team Vitality,kayo,True,100,,0,0,1,2,False,classic,sidearm,,,,Sayonara,Team Vitality,sova,True,100,,1,2,1,2,False,classic,sidearm,,,,PROFEK,Team Vitality,astra,True,100,,1,1,0,2,False,classic,sidearm,,0.4378,0.6878
1808.507,3519,ACTIVE_ROUND,12,6,7,96.000,,,s0pp,FUT Esports,chamber,True,100,50,0,3,1,2,False,marshal,sniper,,,,xeus,FUT Esports,jett,True,100,50,0,0,1,5,False,phantom,rifle,,0.1767,0.6278,sociablEE,FUT Esports,fade,True,100,50,1,1,1,1,False,bulldog,rifle,,0.1722,0.5889,yetujey,FUT Esports,astra,True,100,50,1,1,0,0,False,ghost,sidearm,,0.4889,0.5189,KROSTALY,FUT Esports,kayo,True,100,50,1,2,1,1,False,spectre,smg,,0.8989,0.2989,Chronicle,Team Vitality,chamber,True,100,,1,3,1,1,False,classic,sidearm,,0.5744,0.7067,Derke,Team Vitality,neon,True,100,,0,1,1,1,False,classic,sidearm,,0.1733,0.6000,Jamppi,Team Vitality,kayo,True,100,,0,0,1,2,False,classic,sidearm,,,,Sayonara,Team Vitality,sova,True,100,,1,2,1,2,False,classic,sidearm,,,,PROFEK,Team Vitality,astra,True,100,,1,1,0,2,False,classic,sidearm,,0.4378,0.6878
1808.991,3520,ACTIVE_ROUND,12,6,7,95.000,,,s0pp,FUT Esports,chamber,True,100,50,0,3,1,2,False,marshal,sniper,,0.1000,0.5689,xeus,FUT Esports,jett,True,100,50,0,0,1,5,False,phantom,rifle,,0.2078,0.4656,sociablEE,FUT Esports,fade,True,100,50,1,1,1,1,False,bulldog,rifle,,0.1722,0.5889,yetujey,FUT Esports,astra,True,100,50,1,2,0,0,False,ghost,sidearm,,0.6778,0.1989,KROSTALY,FUT Esports,kayo,True,100,50,1,2,0,1,False,spectre,smg,,0.4944,0.5167,Chronicle,Team Vitality,chamber,True,100,,1,3,1,1,False,classic,sidearm,,0.6989,0.5178,Derke,Team Vitality,neon,True,100,,0,1,1,1,False,classic,sidearm,,0.1733,0.6000,Jamppi,Team Vitality,kayo,True,100,,0,0,1,2,False,classic,sidearm,,,,Sayonara,Team Vitality,sova,True,100,,1,2,0,2,False,classic,sidearm,,,,PROFEK,Team Vitality,astra,True,100,,1,1,0,2,False,classic,sidearm,,0.4378,0.6878
1809.474,3521,ACTIVE_ROUND,12,6,7,95.000,,,s0pp,FUT Esports,chamber,True,100,50,0,3,1,2,False,marshal,sniper,,0.1000,0.5689,xeus,FUT Esports,jett,True,100,50,0,0,1,5,False,phantom,rifle,,0.1633,0.5056,sociablEE,FUT Esports,fade,True,100,50,1,1,1,1,False,bulldog,rifle,,0.1722,0.5889,yetujey,FUT Esports,astra,True,100,50,1,2,0,0,False,ghost,sidearm,,0.7000,0.2011,KROSTALY,FUT Esports,kayo,True,100,50,1,2,0,1,False,spectre,smg,,0.4944,0.5100,Chronicle,Team Vitality,chamber,True,100,,1,3,1,1,False,classic,sidearm,,0.6456,0.2111,Derke,Team Vitality,neon,True,100,,0,1,1,1,False,classic,sidearm,,0.1733,0.6000,Jamppi,Team Vitality,kayo,True,100,,0,0,1,2,False,classic,sidearm,,,,Sayonara,Team Vitality,sova,True,100,,1,2,0,2,False,classic,sidearm,,,,PROFEK,Team Vitality,astra,True,100,,1,1,0,2,False,classic,sidearm,,0.8711,0.4767
1809.958,3522,ACTIVE_ROUND,12,6,7,94.000,,,s0pp,FUT Esports,chamber,True,100,50,0,3,1,2,False,marshal,sniper,,0.1000,0.5667,xeus,FUT Esports,jett,True,100,50,0,0,1,5,False,phantom,rifle,,0.1633,0.5056,sociablEE,FUT Esports,fade,True,100,50,1,1,1,1,False,bulldog,rifle,,0.1722,0.5889,yetujey,FUT Esports,astra,True,100,50,1,2,0,0,False,ghost,sidearm,,0.7222,0.2078,KROSTALY,FUT Esports,kayo,True,100,50,1,2,0,1,False,spectre,smg,,0.7233,0.2322,Chronicle,Team Vitality,chamber,True,100,,1,3,1,1,False,classic,sidearm,,0.3944,0.6756,Derke,Team Vitality,neon,True,100,,0,1,1,1,False,classic,sidearm,,0.1733,0.6000,Jamppi,Team Vitality,kayo,True,100,,0,0,1,2,False,classic,sidearm,,,,Sayonara,Team Vitality,sova,True,100,,1,2,0,2,False,classic,sidearm,,,,PROFEK,Team Vitality,astra,True,100,,1,1,0,2,False,classic,sidearm,,0.8711,0.4767
1810.442,3523,ACTIVE_ROUND,12,6,7,94.000,,,s0pp,FUT Esports,chamber,True,100,50,0,3,1,2,False,marshal,sniper,,0.1000,0.5667,xeus,FUT Esports,jett,True,100,50,0,0,1,5,False,phantom,rifle,,0.1633,0.5056,sociablEE,FUT Esports,fade,True,100,50,1,1,1,1,False,bulldog,rifle,,0.1722,0.5889,yetujey,FUT Esports,astra,True,100,50,1,2,0,0,False,ghost,sidearm,,0.7222,0.2078,KROSTALY,FUT Esports,kayo,True,100,50,1,2,0,1,False,spectre,smg,,0.4878,0.4900,Chronicle,Team Vitality,chamber,True,100,,1,3,1,1,False,classic,sidearm,,0.5744,0.7244,Derke,Team Vitality,neon,True,100,,0,1,1,1,False,classic,sidearm,,0.1733,0.6000,Jamppi,Team Vitality,kayo,True,100,,0,0,1,2,False,classic,sidearm,,,,Sayonara,Team Vitality,sova,True,100,,1,2,0,2,False,classic,sidearm,,,,PROFEK,Team Vitality,astra,True,100,,1,1,0,2,False,classic,sidearm,,0.8711,0.4767
1810.926,3524,ACTIVE_ROUND,12,6,7,93.000,,,s0pp,FUT Esports,chamber,True,100,50,0,3,1,2,False,marshal,sniper,,0.1000,0.5667,xeus,FUT Esports,jett,True,100,50,0,0,1,5,False,phantom,rifle,,0.1633,0.5056,sociablEE,FUT Esports,fade,True,100,50,1,1,1,1,False,bulldog,rifle,,0.1722,0.5889,yetujey,FUT Esports,astra,True,100,50,1,2,0,0,False,ghost,sidearm,,0.7511,0.2389,KROSTALY,FUT Esports,kayo,True,100,50,1,2,0,1,False,spectre,smg,,0.4878,0.4767,Chronicle,Team Vitality,chamber,True,100,,1,3,1,1,False,classic,sidearm,,0.2633,0.7622,Derke,Team Vitality,neon,True,100,,0,1,1,1,False,classic,sidearm,,0.1733,0.6000,Jamppi,Team Vitality,kayo,True,100,,0,0,1,2,False,classic,sidearm,,,,Sayonara,Team Vitality,sova,True,100,,1,2,0,2,False,classic,sidearm,,,,PROFEK,Team Vitality,astra,True,100,,0,1,0,2,False,classic,sidearm,,0.8711,0.4767
1811.410,3525,ACTIVE_ROUND,12,6,7,93.000,,,s0pp,FUT Esports,chamber,True,100,50,0,3,1,2,False,marshal,sniper,,0.1022,0.5711,xeus,FUT Esports,jett,True,100,50,0,0,1,5,False,phantom,rifle,,0.1633,0.5056,sociablEE,FUT Esports,fade,True,100,50,1,1,1,1,False,bulldog,rifle,,0.1722,0.5889,yetujey,FUT Esports,astra,True,100,50,1,2,0,0,False,ghost,sidearm,,0.7511,0.2389,KROSTALY,FUT Esports,kayo,True,100,50,1,2,0,1,False,spectre,smg,,0.4878,0.4656,Chronicle,Team Vitality,chamber,True,100,,1,3,1,1,False,classic,sidearm,,0.2633,0.7622,Derke,Team Vitality,neon,True,100,,0,1,1,1,False,classic,sidearm,,0.1733,0.6000,Jamppi,Team Vitality,kayo,True,100,,0,0,1,2,False,classic,sidearm,,0.7711,0.2822,Sayonara,Team Vitality,sova,True,100,,1,2,0,2,False,classic,sidearm,,,,PROFEK,Team Vitality,astra,True,100,,0,1,0,2,False,classic,sidearm,,0.3067,0.7900
1811.893,3526,ACTIVE_ROUND,12,6,7,92.000,,,s0pp,FUT Esports,chamber,True,100,50,0,3,1,2,False,marshal,sniper,,0.1111,0.5778,xeus,FUT Esports,jett,True,100,50,0,0,1,5,False,phantom,rifle,,0.8078,0.2944,sociablEE,FUT Esports,fade,True,100,50,1,1,1,1,False,bulldog,rifle,,0.1722,0.5889,yetujey,FUT Esports,astra,True,100,50,1,2,0,0,False,ghost,sidearm,,0.7511,0.2389,KROSTALY,FUT Esports,kayo,True,100,50,1,2,0,1,False,spectre,smg,,0.4900,0.4544,Chronicle,Team Vitality,chamber,True,100,,1,3,1,1,False,classic,sidearm,,0.5567,0.7244,Derke,Team Vitality,neon,True,100,,0,1,1,1,False,classic,sidearm,,0.1733,0.6000,Jamppi,Team Vitality,kayo,True,100,,0,0,1,2,False,classic,sidearm,,0.7711,0.2822,Sayonara,Team Vitality,sova,True,100,,1,2,0,2,False,classic,sidearm,,,,PROFEK,Team Vitality,astra,True,100,,0,1,0,2,False,classic,sidearm,,0.3067,0.7900
1812.377,3527,ACTIVE_ROUND,12,6,7,92.000,,,s0pp,FUT Esports,chamber,True,100,50,0,3,1,2,False,marshal,sniper,,0.1111,0.5889,xeus,FUT Esports,jett,True,100,50,0,0,1,5,False,phantom,rifle,,0.8078,0.2944,sociablEE,FUT Esports,fade,True,100,50,1,1,1,1,False,bulldog,rifle,,0.1722,0.5889,yetujey,FUT Esports,astra,True,100,50,1,2,0,0,False,ghost,sidearm,,0.7933,0.2944,KROSTALY,FUT Esports,kayo,True,100,50,1,2,0,1,False,spectre,smg,,0.1011,0.6144,Chronicle,Team Vitality,chamber,True,100,,1,3,1,1,False,classic,sidearm,,0.7722,0.3289,Derke,Team Vitality,neon,True,100,,0,1,1,1,False,classic,sidearm,,0.1733,0.6000,Jamppi,Team Vitality,kayo,True,100,,0,0,1,2,False,classic,sidearm,,0.7956,0.3200,Sayonara,Team Vitality,sova,True,100,,1,2,0,2,False,classic,sidearm,,,,PROFEK,Team Vitality,astra,True,100,,0,1,0,2,False,classic,sidearm,,0.3067,0.7900
1812.861,3528,ACTIVE_ROUND,12,6,7,91.000,,,s0pp,FUT Esports,chamber,True,100,50,0,3,1,2,False,marshal,sniper,,0.1111,0.5889,xeus,FUT Esports,jett,True,100,50,0,0,1,5,False,phantom,rifle,,0.8167,0.3411,sociablEE,FUT Esports,fade,True,100,50,1,1,1,1,False,bulldog,rifle,,0.1722,0.5889,yetujey,FUT Esports,astra,True,100,50,1,2,0,0,False,ghost,sidearm,,0.7933,0.2944,KROSTALY,FUT Esports,kayo,True,100,50,1,2,0,1,False,spectre,smg,,0.7856,0.3278,Chronicle,Team Vitality,chamber,True,100,,1,3,1,1,False,classic,sidearm,,0.3967,0.6889,Derke,Team Vitality,neon,True,100,,0,1,1,1,False,classic,sidearm,,0.1733,0.6000,Jamppi,Team Vitality,kayo,True,100,,0,0,1,2,False,classic,sidearm,,0.7956,0.3200,Sayonara,Team Vitality,sova,True,100,,1,2,0,3,False,classic,sidearm,,,,PROFEK,Team Vitality,astra,True,100,,0,1,0,2,False,classic,sidearm,,0.3067,0.7900
1813.345,3529,ACTIVE_ROUND,12,6,7,91.000,,,s0pp,FUT Esports,chamber,True,100,50,0,3,1,2,False,marshal,sniper,,0.1111,0.5889,xeus,FUT Esports,jett,True,100,50,0,0,1,5,False,phantom,rifle,,0.8856,0.4811,sociablEE,FUT Esports,fade,True,100,50,1,1,1,1,False,bulldog,rifle,,0.1722,0.5889,yetujey,FUT Esports,astra,True,100,50,1,2,0,0,False,ghost,sidearm,,0.7933,0.2944,KROSTALY,FUT Esports,kayo,True,100,50,1,2,0,1,False,spectre,smg,,0.1033,0.6167,Chronicle,Team Vitality,chamber,True,100,,1,3,1,1,False,classic,sidearm,,0.3967,0.6889,Derke,Team Vitality,neon,True,100,,0,1,1,1,False,classic,sidearm,,0.1733,0.6000,Jamppi,Team Vitality,kayo,True,100,,0,0,1,2,False,classic,sidearm,,0.7956,0.3200,Sayonara,Team Vitality,sova,True,100,,1,2,0,3,False,classic,sidearm,,,,PROFEK,Team Vitality,astra,True,100,,0,1,0,2,False,classic,sidearm,,0.3067,0.7900
1813.829,3530,ACTIVE_ROUND,12,6,7,90.000,,,s0pp,FUT Esports,chamber,True,100,50,0,3,1,2,False,marshal,sniper,,0.1111,0.5889,xeus,FUT Esports,jett,True,100,50,0,0,1,5,False,phantom,rifle,,0.8856,0.4811,sociablEE,FUT Esports,fade,True,100,50,1,1,1,1,False,bulldog,rifle,,0.1722,0.5889,yetujey,FUT Esports,astra,True,100,50,1,2,0,0,False,ghost,sidearm,,0.7933,0.2944,KROSTALY,FUT Esports,kayo,True,100,50,1,2,0,1,False,spectre,smg,,0.1011,0.6456,Chronicle,Team Vitality,chamber,True,100,,1,3,1,1,False,classic,sidearm,,0.7100,0.2467,Derke,Team Vitality,neon,True,100,,0,1,1,1,False,classic,sidearm,,0.1733,0.6000,Jamppi,Team Vitality,kayo,True,100,,0,0,1,2,False,classic,sidearm,,0.7956,0.3200,Sayonara,Team Vitality,sova,True,100,,1,2,0,3,False,classic,sidearm,,,,PROFEK,Team Vitality,astra,True,100,,0,1,0,2,False,classic,sidearm,,0.3067,0.7900
1814.312,3531,ACTIVE_ROUND,12,6,7,90.000,,,s0pp,FUT Esports,chamber,True,100,50,0,3,1,2,False,marshal,sniper,,0.1111,0.5889,xeus,FUT Esports,jett,True,100,50,0,0,1,5,False,phantom,rifle,,0.8856,0.4811,sociablEE,FUT Esports,fade,True,100,50,1,1,1,1,False,bulldog,rifle,,0.1722,0.5889,yetujey,FUT Esports,astra,True,100,50,1,2,0,0,False,ghost,sidearm,,0.7933,0.2944,KROSTALY,FUT Esports,kayo,True,100,50,1,2,0,1,False,spectre,smg,,0.7856,0.3278,Chronicle,Team Vitality,chamber,True,100,,1,3,1,1,False,classic,sidearm,,0.4589,0.4822,Derke,Team Vitality,neon,True,100,,0,1,1,1,False,classic,sidearm,,0.1733,0.6000,Jamppi,Team Vitality,kayo,True,100,,0,0,1,2,False,classic,sidearm,,0.7956,0.3200,Sayonara,Team Vitality,sova,True,100,,1,2,0,3,False,classic,sidearm,,,,PROFEK,Team Vitality,astra,True,100,,0,1,0,2,False,classic,sidearm,,0.3067,0.7900
1814.796,3532,ACTIVE_ROUND,12,6,7,89.000,,,s0pp,FUT Esports,chamber,True,100,50,0,3,1,2,False,marshal,sniper,,0.1111,0.5889,xeus,FUT Esports,jett,True,100,50,0,0,1,5,False,phantom,rifle,,0.8856,0.4811,sociablEE,FUT Esports,fade,True,100,50,1,1,1,1,False,bulldog,rifle,,0.1722,0.5889,yetujey,FUT Esports,astra,True,100,50,1,1,0,0,False,ghost,sidearm,,0.8178,0.3589,KROSTALY,FUT Esports,kayo,True,100,50,1,2,0,1,False,spectre,smg,,0.1011,0.6567,Chronicle,Team Vitality,chamber,True,100,,1,3,1,1,False,classic,sidearm,,0.8878,0.2711,Derke,Team Vitality,neon,True,100,,0,1,1,1,False,classic,sidearm,,0.1733,0.6000,Jamppi,Team Vitality,kayo,True,100,,0,0,1,2,False,classic,sidearm,,0.7956,0.3200,Sayonara,Team Vitality,sova,True,100,,1,2,0,3,False,classic,sidearm,,,,PROFEK,Team Vitality,astra,True,100,,0,1,0,2,False,classic,sidearm,,0.3067,0.7900
1815.280,3533,ACTIVE_ROUND,12,6,7,89.000,,,s0pp,FUT Esports,chamber,True,100,50,0,3,1,2,False,marshal,sniper,,0.1111,0.5889,xeus,FUT Esports,jett,True,100,50,0,0,1,5,False,phantom,rifle,,0.8856,0.4811,sociablEE,FUT Esports,fade,True,100,50,1,1,1,1,False,bulldog,rifle,,0.1722,0.5889,yetujey,FUT Esports,astra,True,100,50,1,1,0,0,False,ghost,sidearm,,0.8244,0.3633,KROSTALY,FUT Esports,kayo,True,100,50,1,2,0,1,False,spectre,smg,,0.1011,0.6478,Chronicle,Team Vitality,chamber,True,100,,1,3,1,1,False,classic,sidearm,,0.8500,0.2333,Derke,Team Vitality,neon,True,100,,0,1,1,1,False,classic,sidearm,,0.1733,0.6000,Jamppi,Team Vitality,kayo,True,100,,0,0,1,2,False,classic,sidearm,,0.7956,0.3200,Sayonara,Team Vitality,sova,True,100,,1,2,0,3,False,classic,sidearm,,,,PROFEK,Team Vitality,astra,True,100,,0,1,0,2,False,classic,sidearm,,0.3067,0.7900
1815.764,3534,ACTIVE_ROUND,12,6,7,88.000,,,s0pp,FUT Esports,chamber,True,100,50,0,3,1,2,False,marshal,sniper,,0.1111,0.5889,xeus,FUT Esports,jett,True,100,50,0,0,1,5,False,phantom,rifle,,0.8856,0.4811,sociablEE,FUT Esports,fade,True,100,50,1,1,1,1,False,bulldog,rifle,,0.1722,0.5889,yetujey,FUT Esports,astra,True,100,50,1,1,0,0,False,ghost,sidearm,,0.8244,0.3633,KROSTALY,FUT Esports,kayo,True,100,50,1,2,0,1,False,spectre,smg,,0.1011,0.6678,Chronicle,Team Vitality,chamber,True,100,,1,3,1,1,False,classic,sidearm,,0.4522,0.8778,Derke,Team Vitality,neon,True,100,,0,1,1,1,False,classic,sidearm,,0.1733,0.6000,Jamppi,Team Vitality,kayo,True,100,,0,0,1,2,False,classic,sidearm,,0.7956,0.3200,Sayonara,Team Vitality,sova,True,100,,1,2,0,3,False,classic,sidearm,,,,PROFEK,Team Vitality,astra,True,100,,0,1,0,2,False,classic,sidearm,,0.3067,0.7900
1816.248,3535,ACTIVE_ROUND,12,6,7,88.000,,,s0pp,FUT Esports,chamber,True,100,50,0,3,1,2,False,marshal,sniper,,0.1111,0.5889,xeus,FUT Esports,jett,True,100,50,0,0,1,5,False,phantom,rifle,,0.8722,0.3233,sociablEE,FUT Esports,fade,True,100,50,1,1,1,1,False,bulldog,rifle,,0.1722,0.5889,yetujey,FUT Esports,astra,True,100,50,1,1,0,0,False,ghost,sidearm,,0.8244,0.3633,KROSTALY,FUT Esports,kayo,True,100,50,1,2,0,1,False,spectre,smg,,0.0989,0.6744,Chronicle,Team Vitality,chamber,True,100,,1,3,1,1,False,classic,sidearm,,0.5344,0.5156,Derke,Team Vitality,neon,True,100,,0,1,1,1,False,classic,sidearm,,0.1733,0.6000,Jamppi,Team Vitality,kayo,True,100,,0,0,1,2,False,classic,sidearm,,0.7956,0.3200,Sayonara,Team Vitality,sova,True,100,,1,2,0,3,False,classic,sidearm,,,,PROFEK,Team Vitality,astra,True,100,,0,1,0,2,False,classic,sidearm,,0.3067,0.7900
1816.732,3536,ACTIVE_ROUND,12,6,7,87.000,,,s0pp,FUT Esports,chamber,True,100,50,0,3,1,2,False,marshal,sniper,,0.1111,0.5889,xeus,FUT Esports,jett,True,100,50,0,0,1,5,False,phantom,rifle,,0.8722,0.3233,sociablEE,FUT Esports,fade,True,100,50,1,1,1,1,False,bulldog,rifle,,0.1722,0.5889,yetujey,FUT Esports,astra,True,100,50,1,2,0,0,False,ghost,sidearm,,0.8333,0.3744,KROSTALY,FUT Esports,kayo,True,100,50,1,2,0,1,False,spectre,smg,,0.5056,0.8078,Chronicle,Team Vitality,chamber,True,100,,1,3,1,1,False,classic,sidearm,,0.2633,0.7622,Derke,Team Vitality,neon,True,100,,0,1,1,1,False,classic,sidearm,,0.1733,0.6000,Jamppi,Team Vitality,kayo,True,100,,0,0,1,2,False,classic,sidearm,,0.7956,0.3200,Sayonara,Team Vitality,sova,True,100,,1,2,0,3,False,classic,sidearm,,,,PROFEK,Team Vitality,astra,True,100,,1,0,0,2,False,classic,sidearm,,0.3067,0.7900
1817.215,3537,ACTIVE_ROUND,12,6,7,87.000,,,s0pp,FUT Esports,chamber,True,100,50,0,3,1,2,False,marshal,sniper,,0.1111,0.5889,xeus,FUT Esports,jett,True,100,50,0,0,1,5,False,phantom,rifle,,0.8722,0.3233,sociablEE,FUT Esports,fade,True,100,50,1,1,1,1,False,bulldog,rifle,,0.8500,0.3000,yetujey,FUT Esports,astra,True,100,50,1,2,0,0,False,ghost,sidearm,,0.8378,0.3878,KROSTALY,FUT Esports,kayo,True,100,50,1,2,0,1,False,spectre,smg,,0.1011,0.6833,Chronicle,Team Vitality,chamber,True,100,,1,3,1,1,False,classic,sidearm,,0.2633,0.7622,Derke,Team Vitality,neon,True,100,,0,1,1,1,False,classic,sidearm,,0.1733,0.6000,Jamppi,Team Vitality,kayo,True,100,,0,0,1,2,False,classic,sidearm,,0.7956,0.3200,Sayonara,Team Vitality,sova,True,100,,1,2,0,3,False,classic,sidearm,,,,PROFEK,Team Vitality,astra,True,100,,1,0,0,2,False,classic,sidearm,,0.3067,0.7900
1817.699,3538,ACTIVE_ROUND,12,6,7,86.000,,,s0pp,FUT Esports,chamber,True,100,50,0,3,1,2,False,marshal,sniper,,0.1111,0.5889,xeus,FUT Esports,jett,True,100,50,0,0,1,5,False,phantom,rifle,,0.8789,0.4011,sociablEE,FUT Esports,fade,True,100,50,1,1,1,1,False,bulldog,rifle,,0.8500,0.3000,yetujey,FUT Esports,astra,True,100,50,1,2,0,0,False,ghost,sidearm,,0.8467,0.3967,KROSTALY,FUT Esports,kayo,True,100,50,1,2,0,1,False,spectre,smg,,0.4633,0.4522,Chronicle,Team Vitality,chamber,True,100,,1,3,1,1,False,classic,sidearm,,0.2633,0.7622,Derke,Team Vitality,neon,True,100,,0,1,1,1,False,classic,sidearm,,0.1733,0.6000,Jamppi,Team Vitality,kayo,True,100,,0,0,1,2,False,classic,sidearm,,0.5822,0.6422,Sayonara,Team Vitality,sova,True,100,,1,2,0,3,False,classic,sidearm,,,,PROFEK,Team Vitality,astra,True,100,,1,0,0,2,False,classic,sidearm,,0.4800,0.6300
1818.183,3539,ACTIVE_ROUND,12,6,7,86.000,,,s0pp,FUT Esports,chamber,True,100,50,0,3,1,2,False,marshal,sniper,,0.1111,0.5889,xeus,FUT Esports,jett,True,100,50,0,0,1,5,False,phantom,rifle,,0.8456,0.3056,sociablEE,FUT Esports,fade,True,100,50,1,1,1,1,False,bulldog,rifle,,0.8500,0.3000,yetujey,FUT Esports,astra,True,100,50,1,2,0,0,False,ghost,sidearm,,0.8556,0.4078,KROSTALY,FUT Esports,kayo,True,100,50,1,2,0,1,False,spectre,smg,,0.4922,0.4167,Chronicle,Team Vitality,chamber,True,100,,1,3,1,1,False,classic,sidearm,,0.8878,0.3156,Derke,Team Vitality,neon,True,100,,0,1,1,1,False,classic,sidearm,,0.1733,0.6000,Jamppi,Team Vitality,kayo,True,100,,0,0,1,2,False,classic,sidearm,,0.5822,0.6422,Sayonara,Team Vitality,sova,True,100,,1,2,0,3,False,classic,sidearm,,,,PROFEK,Team Vitality,astra,True,100,,1,0,0,2,False,classic,sidearm,,0.4800,0.6300
1818.667,3540,ACTIVE_ROUND,12,6,7,85.000,,,s0pp,FUT Esports,chamber,True,100,50,0,3,1,2,False,marshal,sniper,,0.8644,0.4200,xeus,FUT Esports,jett,True,100,50,0,0,1,5,False,phantom,rifle,,0.8456,0.3056,sociablEE,FUT Esports,fade,True,100,50,1,1,1,1,False,bulldog,rifle,,0.8500,0.3000,yetujey,FUT Esports,astra,True,100,50,1,2,0,0,False,ghost,sidearm,,0.8556,0.4078,KROSTALY,FUT Esports,kayo,True,100,50,1,2,0,1,False,spectre,smg,,0.4900,0.4211,Chronicle,Team Vitality,chamber,True,100,,1,3,1,1,False,classic,sidearm,,0.4011,0.6889,Derke,Team Vitality,neon,True,100,,0,1,1,1,False,classic,sidearm,,0.1733,0.6000,Jamppi,Team Vitality,kayo,True,100,,0,0,1,2,False,classic,sidearm,,0.6267,0.6800,Sayonara,Team Vitality,sova,True,100,,1,2,0,3,False,classic,sidearm,,,,PROFEK,Team Vitality,astra,True,100,,0,0,0,2,False,classic,sidearm,,0.4800,0.6300
1819.151,3541,ACTIVE_ROUND,12,6,7,85.000,,,s0pp,FUT Esports,chamber,True,100,50,0,3,1,2,False,marshal,sniper,,0.8644,0.4200,xeus,FUT Esports,jett,True,100,50,0,0,1,5,False,phantom,rifle,,0.8456,0.3056,sociablEE,FUT Esports,fade,True,100,50,1,1,1,1,False,bulldog,rifle,,0.8500,0.3000,yetujey,FUT Esports,astra,True,100,50,1,2,0,0,False,ghost,sidearm,,0.8689,0.4278,KROSTALY,FUT Esports,kayo,True,100,50,1,2,0,1,False,spectre,smg,,0.6589,0.3367,Chronicle,Team Vitality,chamber,True,100,,1,3,1,1,False,classic,sidearm,,0.2633,0.8267,Derke,Team Vitality,neon,True,100,,0,1,1,1,False,classic,sidearm,,0.1733,0.6000,Jamppi,Team Vitality,kayo,True,100,,0,0,1,2,False,classic,sidearm,,0.6289,0.6667,Sayonara,Team Vitality,sova,True,100,,1,2,0,3,False,classic,sidearm,,,,PROFEK,Team Vitality,astra,True,100,,0,0,0,2,False,classic,sidearm,,0.4800,0.6300
1819.634,3542,ACTIVE_ROUND,12,6,7,85.000,,,s0pp,FUT Esports,chamber,True,100,50,0,3,1,2,False,marshal,sniper,,0.8644,0.4200,xeus,FUT Esports,jett,True,100,50,0,0,1,5,False,phantom,rifle,,0.8456,0.3056,sociablEE,FUT Esports,fade,True,100,50,1,1,1,1,False,bulldog,rifle,,0.8500,0.3000,yetujey,FUT Esports,astra,True,100,50,1,2,0,0,False,ghost,sidearm,,0.8689,0.4278,KROSTALY,FUT Esports,kayo,True,100,50,1,2,0,1,False,spectre,smg,,0.4878,0.4322,Chronicle,Team Vitality,chamber,True,100,,1,3,1,1,False,classic,sidearm,,0.2633,0.7622,Derke,Team Vitality,neon,True,100,,0,1,1,1,False,classic,sidearm,,0.1733,0.6000,Jamppi,Team Vitality,kayo,True,100,,0,0,1,2,False,classic,sidearm,,0.6333,0.6556,Sayonara,Team Vitality,sova,True,100,,1,2,0,3,False,classic,sidearm,,,,PROFEK,Team Vitality,astra,True,100,,0,0,0,2,False,classic,sidearm,,0.4800,0.6300
1820.118,3543,ACTIVE_ROUND,12,6,7,84.000,,,s0pp,FUT Esports,chamber,True,100,50,0,3,1,2,False,marshal,sniper,,0.8644,0.4200,xeus,FUT Esports,jett,True,100,50,0,0,1,5,False,phantom,rifle,,0.8456,0.3056,sociablEE,FUT Esports,fade,True,100,50,1,1,1,1,False,bulldog,rifle,,0.8500,0.3000,yetujey,FUT Esports,astra,True,100,50,1,2,0,0,False,ghost,sidearm,,0.8711,0.4278,KROSTALY,FUT Esports,kayo,True,100,50,1,2,0,1,False,spectre,smg,,0.9522,0.4989,Chronicle,Team Vitality,chamber,True,100,,1,3,1,1,False,classic,sidearm,,0.2633,0.7622,Derke,Team Vitality,neon,True,100,,0,1,1,1,False,classic,sidearm,,0.1733,0.6000,Jamppi,Team Vitality,kayo,True,100,,0,0,1,2,False,classic,sidearm,,0.6333,0.6556,Sayonara,Team Vitality,sova,True,100,,1,2,0,3,False,classic,sidearm,,,,PROFEK,Team Vitality,astra,True,100,,0,0,0,2,False,classic,sidearm,,0.4844,0.6256
1820.602,3544,ACTIVE_ROUND,12,6,7,84.000,,,s0pp,FUT Esports,chamber,True,100,50,0,3,1,2,False,marshal,sniper,,0.8644,0.4200,xeus,FUT Esports,jett,True,100,50,0,0,1,5,False,phantom,rifle,,0.8456,0.3056,sociablEE,FUT Esports,fade,True,100,50,1,1,1,1,False,bulldog,rifle,,0.8500,0.3000,yetujey,FUT Esports,astra,True,100,50,1,1,0,0,False,ghost,sidearm,,0.8733,0.4278,KROSTALY,FUT Esports,kayo,True,100,50,1,2,0,1,False,spectre,smg,,0.4878,0.4344,Chronicle,Team Vitality,chamber,True,100,,1,3,1,1,False,classic,sidearm,,0.2633,0.8178,Derke,Team Vitality,neon,True,100,,0,1,1,1,False,classic,sidearm,,0.1733,0.6000,Jamppi,Team Vitality,kayo,True,100,,0,0,1,2,False,bandit,sidearm,,0.6422,0.6378,Sayonara,Team Vitality,sova,True,100,,1,2,0,3,False,classic,sidearm,,,,PROFEK,Team Vitality,astra,True,100,,0,0,0,2,False,classic,sidearm,,0.4844,0.6256
1821.086,3545,ACTIVE_ROUND,12,6,7,83.000,,,s0pp,FUT Esports,chamber,True,100,50,0,3,1,2,False,marshal,sniper,,0.8644,0.4200,xeus,FUT Esports,jett,True,100,50,0,0,1,5,False,phantom,rifle,,0.8456,0.3056,sociablEE,FUT Esports,fade,True,100,50,1,1,1,1,False,bulldog,rifle,,0.8500,0.3000,yetujey,FUT Esports,astra,True,100,50,1,1,0,0,False,ghost,sidearm,,0.8733,0.4278,KROSTALY,FUT Esports,kayo,True,100,50,1,2,0,1,False,spectre,smg,,0.7878,0.4078,Chronicle,Team Vitality,chamber,True,100,,1,3,1,1,False,classic,sidearm,,0.4011,0.6889,Derke,Team Vitality,neon,True,100,,0,1,1,1,False,classic,sidearm,,0.1733,0.6000,Jamppi,Team Vitality,kayo,True,100,,0,0,1,2,False,bandit,sidearm,,0.6422,0.6378,Sayonara,Team Vitality,sova,True,100,,1,2,0,3,False,classic,sidearm,,,,PROFEK,Team Vitality,astra,True,100,,0,0,0,2,False,classic,sidearm,,0.4844,0.6256
1821.570,3546,ACTIVE_ROUND,12,6,7,83.000,,,s0pp,FUT Esports,chamber,True,100,50,0,3,1,2,False,marshal,sniper,,0.1289,0.6822,xeus,FUT Esports,jett,True,100,50,0,0,1,5,False,phantom,rifle,,0.8456,0.3056,sociablEE,FUT Esports,fade,True,100,50,1,1,1,1,False,bulldog,rifle,,0.8500,0.3000,yetujey,FUT Esports,astra,True,100,50,1,1,0,0,False,ghost,sidearm,,0.8733,0.4278,KROSTALY,FUT Esports,kayo,True,100,50,1,2,0,1,False,spectre,smg,,0.1011,0.6744,Chronicle,Team Vitality,chamber,True,100,,1,3,1,1,False,classic,sidearm,,0.3967,0.6844,Derke,Team Vitality,neon,True,100,,0,1,1,1,False,classic,sidearm,,0.1733,0.6000,Jamppi,Team Vitality,kayo,True,100,,0,0,1,2,False,bandit,sidearm,,0.6422,0.6378,Sayonara,Team Vitality,sova,True,100,,1,2,0,3,False,classic,sidearm,,,,PROFEK,Team Vitality,astra,True,100,,0,0,0,2,False,classic,sidearm,,0.4822,0.6300
1822.054,3547,ACTIVE_ROUND,12,6,7,82.000,,,s0pp,FUT Esports,chamber,True,100,50,0,3,1,2,False,marshal,sniper,,0.1400,0.6800,xeus,FUT Esports,jett,True,100,50,0,0,1,5,False,phantom,rifle,,0.8456,0.3056,sociablEE,FUT Esports,fade,True,100,50,1,1,1,1,False,bulldog,rifle,,0.8500,0.3000,yetujey,FUT Esports,astra,True,100,50,1,1,0,0,False,ghost,sidearm,,0.8733,0.4256,KROSTALY,FUT Esports,kayo,True,100,50,1,2,0,1,False,spectre,smg,,0.1011,0.6789,Chronicle,Team Vitality,chamber,True,100,,1,3,1,1,False,classic,sidearm,,0.2633,0.7622,Derke,Team Vitality,neon,True,100,,0,1,1,1,False,classic,sidearm,,0.1733,0.6000,Jamppi,Team Vitality,kayo,True,100,,0,0,1,2,False,bandit,sidearm,,0.6422,0.6378,Sayonara,Team Vitality,sova,True,100,,1,2,0,3,False,classic,sidearm,,,,PROFEK,Team Vitality,astra,True,100,,0,0,0,2,False,classic,sidearm,,0.4822,0.6300
1822.537,3548,ACTIVE_ROUND,12,6,7,82.000,,,s0pp,FUT Esports,chamber,True,100,50,0,3,0,2,False,marshal,sniper,,0.1511,0.6800,xeus,FUT Esports,jett,True,100,50,0,0,1,5,False,phantom,rifle,,0.9167,0.3122,sociablEE,FUT Esports,fade,True,100,50,1,1,1,1,False,bulldog,rifle,,0.8500,0.3000,yetujey,FUT Esports,astra,True,100,50,1,0,0,0,False,ghost,sidearm,,0.8733,0.4256,KROSTALY,FUT Esports,kayo,True,100,50,1,2,0,1,False,spectre,smg,,0.4878,0.4344,Chronicle,Team Vitality,chamber,True,100,,1,3,1,1,False,classic,sidearm,,0.2633,0.7622,Derke,Team Vitality,neon,True,100,,0,1,1,1,False,classic,sidearm,,0.5822,0.5489,Jamppi,Team Vitality,kayo,True,100,,0,0,1,2,False,bandit,sidearm,,0.6422,0.6378,Sayonara,Team Vitality,sova,True,100,,1,2,0,3,False,classic,sidearm,,,,PROFEK,Team Vitality,astra,True,100,,0,0,0,2,False,classic,sidearm,,0.4822,0.6300
1823.021,3549,ACTIVE_ROUND,12,6,7,81.000,,,s0pp,FUT Esports,chamber,True,100,50,0,3,0,2,False,marshal,sniper,,0.1600,0.6844,xeus,FUT Esports,jett,True,100,50,0,0,1,5,False,phantom,rifle,,0.2389,0.7122,sociablEE,FUT Esports,fade,True,100,50,1,1,1,1,False,bulldog,rifle,,0.8500,0.3000,yetujey,FUT Esports,astra,True,100,50,1,0,0,0,False,ghost,sidearm,,0.8711,0.4256,KROSTALY,FUT Esports,kayo,True,100,50,1,2,0,1,False,spectre,smg,,0.4878,0.4344,Chronicle,Team Vitality,chamber,True,100,,1,3,1,1,False,classic,sidearm,,0.2633,0.7622,Derke,Team Vitality,neon,True,100,,0,1,1,1,False,classic,sidearm,,0.5800,0.5444,Jamppi,Team Vitality,kayo,True,100,,0,0,1,2,False,bandit,sidearm,,0.6422,0.6378,Sayonara,Team Vitality,sova,True,100,,1,2,0,3,False,classic,sidearm,,,,PROFEK,Team Vitality,astra,True,100,,0,0,0,2,False,classic,sidearm,,0.4800,0.6300
1823.505,3550,ACTIVE_ROUND,12,6,7,81.000,,,s0pp,FUT Esports,chamber,True,100,50,0,3,0,2,False,marshal,sniper,,0.1711,0.6889,xeus,FUT Esports,jett,True,100,50,0,0,1,5,False,phantom,rifle,,0.9189,0.3056,sociablEE,FUT Esports,fade,True,100,50,1,1,1,1,False,bulldog,rifle,,0.8944,0.2889,yetujey,FUT Esports,astra,True,100,50,1,0,0,0,False,ghost,sidearm,,0.8711,0.4278,KROSTALY,FUT Esports,kayo,True,100,50,1,2,0,1,False,spectre,smg,,0.4900,0.4322,Chronicle,Team Vitality,chamber,True,100,,1,3,1,1,False,classic,sidearm,,0.2633,0.7622,Derke,Team Vitality,neon,True,100,,0,1,1,1,False,classic,sidearm,,0.5800,0.5444,Jamppi,Team Vitality,kayo,True,100,,0,0,1,2,False,bandit,sidearm,,0.6422,0.6378,Sayonara,Team Vitality,sova,True,100,,1,2,0,3,False,classic,sidearm,,,,PROFEK,Team Vitality,astra,True,100,,0,0,0,2,False,classic,sidearm,,0.4800,0.6300
1823.989,3551,ACTIVE_ROUND,12,6,7,80.000,,,s0pp,FUT Esports,chamber,True,100,50,0,3,0,2,False,marshal,sniper,,0.1711,0.6889,xeus,FUT Esports,jett,True,100,50,0,0,1,5,False,phantom,rifle,,0.9189,0.3056,sociablEE,FUT Esports,fade,True,100,50,1,1,1,1,False,bulldog,rifle,,0.8944,0.2889,yetujey,FUT Esports,astra,True,100,50,1,0,0,0,False,ghost,sidearm,,0.8756,0.4278,KROSTALY,FUT Esports,kayo,True,100,50,1,2,0,1,False,spectre,smg,,0.1278,0.6678,Chronicle,Team Vitality,chamber,True,100,,1,3,1,1,False,classic,sidearm,,0.4100,0.6467,Derke,Team Vitality,neon,True,100,,0,1,1,1,False,classic,sidearm,,0.5800,0.5444,Jamppi,Team Vitality,kayo,True,100,,0,0,1,2,False,bandit,sidearm,,0.6422,0.6378,Sayonara,Team Vitality,sova,True,100,,1,2,0,3,False,classic,sidearm,,,,PROFEK,Team Vitality,astra,True,100,,0,0,0,2,False,classic,sidearm,,0.4800,0.6300
1824.473,3552,ACTIVE_ROUND,12,6,7,80.000,,,s0pp,FUT Esports,chamber,True,100,50,0,3,0,2,False,marshal,sniper,,0.1711,0.6889,xeus,FUT Esports,jett,True,100,50,0,0,1,5,False,phantom,rifle,,0.9189,0.3056,sociablEE,FUT Esports,fade,True,100,50,1,1,0,1,False,bulldog,rifle,,0.8944,0.2889,yetujey,FUT Esports,astra,True,100,50,1,0,0,0,False,ghost,sidearm,,0.8756,0.4278,KROSTALY,FUT Esports,kayo,True,100,50,1,2,0,1,False,spectre,smg,,0.1278,0.6700,Chronicle,Team Vitality,chamber,True,100,,1,3,1,1,False,classic,sidearm,,0.2633,0.7622,Derke,Team Vitality,neon,True,100,,0,1,1,1,False,classic,sidearm,,0.5800,0.5444,Jamppi,Team Vitality,kayo,True,100,,0,0,1,2,False,classic,sidearm,,0.6422,0.6378,Sayonara,Team Vitality,sova,True,100,,1,2,0,3,False,classic,sidearm,,0.4422,0.6289,PROFEK,Team Vitality,astra,True,100,,0,0,0,2,False,classic,sidearm,,0.4800,0.6300
1824.956,3553,ACTIVE_ROUND,12,6,7,79.000,,,s0pp,FUT Esports,chamber,True,100,50,0,3,0,2,False,marshal,sniper,,0.1711,0.6889,xeus,FUT Esports,jett,True,100,50,0,0,1,5,False,phantom,rifle,,0.9189,0.3056,sociablEE,FUT Esports,fade,True,100,50,1,1,0,1,False,bulldog,rifle,,0.8944,0.2889,yetujey,FUT Esports,astra,True,100,50,1,0,0,0,False,ghost,sidearm,,0.8778,0.4278,KROSTALY,FUT Esports,kayo,True,100,50,1,2,0,1,False,spectre,smg,,0.1011,0.4167,Chronicle,Team Vitality,chamber,True,100,,1,3,1,1,False,classic,sidearm,,0.5300,0.5600,Derke,Team Vitality,neon,True,100,,0,1,1,1,False,classic,sidearm,,0.5800,0.5444,Jamppi,Team Vitality,kayo,True,100,,0,0,1,2,False,classic,sidearm,,0.6422,0.6378,Sayonara,Team Vitality,sova,True,100,,1,2,0,3,False,classic,sidearm,,0.4422,0.6289,PROFEK,Team Vitality,astra,True,100,,0,0,0,2,False,classic,sidearm,,0.4800,0.6300
1825.440,3554,ACTIVE_ROUND,12,6,7,79.000,,,s0pp,FUT Esports,chamber,True,100,50,0,3,0,2,False,marshal,sniper,,0.1711,0.6889,xeus,FUT Esports,jett,True,100,50,0,0,1,5,False,phantom,rifle,,0.9189,0.3056,sociablEE,FUT Esports,fade,True,100,50,1,1,0,1,False,bulldog,rifle,,0.4878,0.4422,yetujey,FUT Esports,astra,True,100,50,1,0,0,0,False,ghost,sidearm,,0.8778,0.4278,KROSTALY,FUT Esports,kayo,True,100,50,1,2,0,1,False,spectre,smg,,0.1456,0.6789,Chronicle,Team Vitality,chamber,True,100,,1,3,1,1,False,classic,sidearm,,0.2633,0.8267,Derke,Team Vitality,neon,True,100,,0,1,1,1,False,classic,sidearm,,0.5800,0.5444,Jamppi,Team Vitality,kayo,True,100,,0,0,1,2,False,classic,sidearm,,0.6422,0.6378,Sayonara,Team Vitality,sova,True,100,,1,2,0,3,False,classic,sidearm,,0.4422,0.6289,PROFEK,Team Vitality,astra,True,100,,0,0,0,2,False,classic,sidearm,,0.4800,0.6300
1825.924,3555,ACTIVE_ROUND,12,6,7,78.000,,,s0pp,FUT Esports,chamber,True,100,50,0,3,0,2,False,marshal,sniper,,0.1711,0.6889,xeus,FUT Esports,jett,True,100,50,0,0,1,5,False,phantom,rifle,,0.9189,0.3056,sociablEE,FUT Esports,fade,True,100,50,1,1,0,1,False,bulldog,rifle,,0.4878,0.4422,yetujey,FUT Esports,astra,True,100,50,1,0,0,0,False,ghost,sidearm,,0.8756,0.4256,KROSTALY,FUT Esports,kayo,True,100,50,1,2,0,1,False,spectre,smg,,0.1589,0.6744,Chronicle,Team Vitality,chamber,True,100,,1,3,1,1,False,classic,sidearm,,0.3967,0.6578,Derke,Team Vitality,neon,True,100,,0,1,1,1,False,classic,sidearm,,0.5800,0.5444,Jamppi,Team Vitality,kayo,True,100,,0,0,1,2,False,classic,sidearm,,0.6422,0.6378,Sayonara,Team Vitality,sova,True,100,,1,2,0,3,False,classic,sidearm,,0.4422,0.6289,PROFEK,Team Vitality,astra,True,100,,0,0,0,2,False,classic,sidearm,,0.4800,0.6300
1826.408,3556,ACTIVE_ROUND,12,6,7,78.000,,,s0pp,FUT Esports,chamber,True,100,50,0,3,0,2,False,marshal,sniper,,0.1711,0.6889,xeus,FUT Esports,jett,True,100,50,0,0,1,5,False,phantom,rifle,,0.9167,0.3056,sociablEE,FUT Esports,fade,True,100,50,1,1,0,1,False,bulldog,rifle,,0.8922,0.2889,yetujey,FUT Esports,astra,True,100,50,1,2,0,0,False,ghost,sidearm,,0.8778,0.4278,KROSTALY,FUT Esports,kayo,True,100,50,1,2,0,1,False,spectre,smg,,0.4900,0.4456,Chronicle,Team Vitality,chamber,True,100,,1,3,1,1,False,classic,sidearm,,0.3967,0.6578,Derke,Team Vitality,neon,True,100,,0,1,1,1,False,classic,sidearm,,0.5800,0.5444,Jamppi,Team Vitality,kayo,True,100,,0,0,1,2,False,classic,sidearm,,0.6422,0.6378,Sayonara,Team Vitality,sova,True,100,,1,2,0,3,False,classic,sidearm,,0.4422,0.6289,PROFEK,Team Vitality,astra,True,100,,1,0,0,2,False,classic,sidearm,,0.4800,0.6300
1826.892,3557,ACTIVE_ROUND,12,6,7,77.000,,,s0pp,FUT Esports,chamber,True,100,50,0,3,0,2,False,marshal,sniper,,0.1711,0.6889,xeus,FUT Esports,jett,True,100,50,0,0,1,5,False,phantom,rifle,,0.9167,0.3056,sociablEE,FUT Esports,fade,True,100,50,1,1,0,1,False,bulldog,rifle,,0.8922,0.2889,yetujey,FUT Esports,astra,True,100,50,1,2,0,0,False,ghost,sidearm,,0.8756,0.4256,KROSTALY,FUT Esports,kayo,True,100,50,1,2,0,1,False,spectre,smg,,0.8100,0.4078,Chronicle,Team Vitality,chamber,True,100,,1,3,1,1,False,classic,sidearm,,0.3967,0.6578,Derke,Team Vitality,neon,True,100,,0,1,1,1,False,classic,sidearm,,0.5800,0.5444,Jamppi,Team Vitality,kayo,True,100,,0,0,1,2,False,classic,sidearm,,0.6422,0.6378,Sayonara,Team Vitality,sova,True,100,,1,2,0,3,False,classic,sidearm,,0.4422,0.6289,PROFEK,Team Vitality,astra,True,100,,1,0,0,2,False,classic,sidearm,,0.4800,0.6300
1827.376,3558,ACTIVE_ROUND,12,6,7,77.000,,,s0pp,FUT Esports,chamber,True,100,50,0,3,0,2,False,marshal,sniper,,0.1711,0.6889,xeus,FUT Esports,jett,True,100,50,0,0,1,5,False,phantom,rifle,,0.9167,0.3056,sociablEE,FUT Esports,fade,True,100,50,1,1,0,1,False,bulldog,rifle,,0.8922,0.2889,yetujey,FUT Esports,astra,True,100,50,1,2,0,0,False,ghost,sidearm,,0.8800,0.4278,KROSTALY,FUT Esports,kayo,True,100,50,1,2,0,1,False,spectre,smg,,0.4633,0.4256,Chronicle,Team Vitality,chamber,True,100,,1,3,1,1,False,classic,sidearm,,0.2633,0.7622,Derke,Team Vitality,neon,True,100,,0,1,1,1,False,classic,sidearm,,0.5800,0.5444,Jamppi,Team Vitality,kayo,True,100,,0,0,1,2,False,classic,sidearm,,0.6422,0.5400,Sayonara,Team Vitality,sova,True,100,,1,2,0,3,False,classic,sidearm,,0.4422,0.6289,PROFEK,Team Vitality,astra,True,100,,1,0,0,2,False,classic,sidearm,,0.3067,0.7900
1827.859,3559,ACTIVE_ROUND,12,6,7,76.000,,,s0pp,FUT Esports,chamber,True,100,50,0,3,0,2,False,marshal,sniper,,0.1711,0.6889,xeus,FUT Esports,jett,True,100,50,0,0,1,5,False,phantom,rifle,,0.9189,0.3056,sociablEE,FUT Esports,fade,True,100,50,1,1,0,1,False,bulldog,rifle,,0.8922,0.2889,yetujey,FUT Esports,astra,True,100,50,1,2,0,0,False,ghost,sidearm,,0.8800,0.4278,KROSTALY,FUT Esports,kayo,True,100,50,1,2,0,1,False,spectre,smg,,0.4633,0.4167,Chronicle,Team Vitality,chamber,True,100,,1,3,1,1,False,classic,sidearm,,0.5833,0.5400,Derke,Team Vitality,neon,True,100,,0,1,1,1,False,classic,sidearm,,0.5800,0.5444,Jamppi,Team Vitality,kayo,True,100,,0,0,1,2,False,classic,sidearm,,0.6422,0.5400,Sayonara,Team Vitality,sova,True,100,,1,2,0,3,False,classic,sidearm,,0.4422,0.6289,PROFEK,Team Vitality,astra,True,100,,1,0,0,2,False,classic,sidearm,,0.3067,0.7900
1828.343,3560,ACTIVE_ROUND,12,6,7,76.000,,,s0pp,FUT Esports,chamber,True,100,50,0,3,0,2,False,marshal,sniper,,0.1711,0.6889,xeus,FUT Esports,jett,True,100,50,0,0,1,5,False,phantom,rifle,,0.9189,0.3056,sociablEE,FUT Esports,fade,True,100,50,1,1,0,1,False,bulldog,rifle,,0.8967,0.2911,yetujey,FUT Esports,astra,True,100,50,1,0,0,0,False,ghost,sidearm,,0.8800,0.4278,KROSTALY,FUT Esports,kayo,True,100,50,1,2,0,1,False,spectre,smg,,0.4700,0.4056,Chronicle,Team Vitality,chamber,True,100,,1,3,1,1,False,classic,sidearm,,0.3967,0.6533,Derke,Team Vitality,neon,True,100,,0,1,1,1,False,classic,sidearm,,0.5800,0.5444,Jamppi,Team Vitality,kayo,True,100,,0,0,1,2,False,classic,sidearm,,0.6422,0.5400,Sayonara,Team Vitality,sova,True,100,,1,2,0,3,False,classic,sidearm,,0.4422,0.6289,PROFEK,Team Vitality,astra,True,100,,1,0,0,2,False,classic,sidearm,,0.3067,0.7900
1828.827,3561,ACTIVE_ROUND,12,6,7,75.000,,,s0pp,FUT Esports,chamber,True,100,50,0,3,0,2,False,marshal,sniper,,0.1711,0.6889,xeus,FUT Esports,jett,True,100,50,0,0,1,5,False,phantom,rifle,,0.9189,0.3056,sociablEE,FUT Esports,fade,True,100,50,1,1,0,1,False,bulldog,rifle,,0.8967,0.2911,yetujey,FUT Esports,astra,True,100,50,1,0,0,0,False,ghost,sidearm,,0.8800,0.4278,KROSTALY,FUT Esports,kayo,True,100,50,1,2,0,1,False,spectre,smg,,0.1456,0.4611,Chronicle,Team Vitality,chamber,True,100,,1,3,1,1,False,classic,sidearm,,0.4056,0.6533,Derke,Team Vitality,neon,True,100,,0,1,1,1,False,classic,sidearm,,0.5800,0.5444,Jamppi,Team Vitality,kayo,True,100,,0,0,1,2,False,classic,sidearm,,0.6422,0.5400,Sayonara,Team Vitality,sova,True,100,,1,2,0,3,False,classic,sidearm,,0.4422,0.6289,PROFEK,Team Vitality,astra,True,100,,1,0,0,2,False,classic,sidearm,,0.3067,0.7900
1829.311,3562,ACTIVE_ROUND,12,6,7,75.000,,,s0pp,FUT Esports,chamber,True,100,50,0,3,0,2,False,marshal,sniper,,0.1711,0.6889,xeus,FUT Esports,jett,True,100,50,0,0,1,5,False,phantom,rifle,,0.9189,0.3056,sociablEE,FUT Esports,fade,True,100,50,1,1,0,1,False,bulldog,rifle,,0.8967,0.2911,yetujey,FUT Esports,astra,True,100,50,1,0,0,0,False,ghost,sidearm,,0.8800,0.4278,KROSTALY,FUT Esports,kayo,True,100,50,1,2,0,1,False,spectre,smg,,0.1456,0.4611,Chronicle,Team Vitality,chamber,True,100,,1,3,1,1,False,classic,sidearm,,0.4144,0.6578,Derke,Team Vitality,neon,True,100,,0,1,1,1,False,classic,sidearm,,0.5800,0.5444,Jamppi,Team Vitality,kayo,True,100,,0,0,1,2,False,classic,sidearm,,0.6422,0.5400,Sayonara,Team Vitality,sova,True,100,,1,2,0,3,False,classic,sidearm,,0.4422,0.6289,PROFEK,Team Vitality,astra,True,100,,1,0,0,2,False,classic,sidearm,,0.3067,0.7900
1829.795,3563,ACTIVE_ROUND,12,6,7,74.000,,,s0pp,FUT Esports,chamber,True,100,50,0,3,0,2,False,marshal,sniper,,0.1711,0.6889,xeus,FUT Esports,jett,True,100,50,0,0,1,5,False,phantom,rifle,,0.9189,0.3056,sociablEE,FUT Esports,fade,True,100,50,1,1,0,1,False,bulldog,rifle,,0.8967,0.2911,yetujey,FUT Esports,astra,True,100,50,1,0,0,0,False,ghost,sidearm,,0.8800,0.4278,KROSTALY,FUT Esports,kayo,True,100,50,1,2,0,1,False,spectre,smg,,0.1478,0.4522,Chronicle,Team Vitality,chamber,True,100,,1,3,1,1,False,classic,sidearm,,0.2633,0.8267,Derke,Team Vitality,neon,True,100,,0,1,1,1,False,classic,sidearm,,0.5800,0.5444,Jamppi,Team Vitality,kayo,True,100,,0,0,1,2,False,classic,sidearm,,0.6422,0.5400,Sayonara,Team Vitality,sova,True,100,,1,2,0,3,False,classic,sidearm,,0.4422,0.6289,PROFEK,Team Vitality,astra,True,100,,1,0,0,2,False,classic,sidearm,,0.3067,0.7900
1830.278,3564,ACTIVE_ROUND,12,6,7,74.000,,,s0pp,FUT Esports,chamber,True,100,50,0,3,0,2,False,marshal,sniper,,0.1711,0.6889,xeus,FUT Esports,jett,True,100,50,0,0,1,5,False,phantom,rifle,,0.9189,0.3056,sociablEE,FUT Esports,fade,True,100,50,1,1,0,1,False,bulldog,rifle,,0.8900,0.2889,yetujey,FUT Esports,astra,True,100,50,1,0,0,0,False,ghost,sidearm,,0.8800,0.4278,KROSTALY,FUT Esports,kayo,True,100,50,1,2,0,1,False,spectre,smg,,0.8433,0.4189,Chronicle,Team Vitality,chamber,True,100,,1,3,1,1,False,classic,sidearm,,0.5967,0.5644,Derke,Team Vitality,neon,True,100,,0,1,1,1,False,classic,sidearm,,0.5800,0.5444,Jamppi,Team Vitality,kayo,True,100,,0,0,1,2,False,bandit,sidearm,,0.6422,0.5400,Sayonara,Team Vitality,sova,True,100,1,1,2,0,3,False,classic,sidearm,,0.4422,0.6289,PROFEK,Team Vitality,astra,True,100,,1,0,0,2,False,classic,sidearm,,0.3067,0.7900
1830.762,3565,ACTIVE_ROUND,12,6,7,73.000,,,s0pp,FUT Esports,chamber,True,100,50,0,3,0,2,False,marshal,sniper,,0.1711,0.6889,xeus,FUT Esports,jett,True,100,50,0,0,1,5,False,phantom,rifle,,0.9189,0.3056,sociablEE,FUT Esports,fade,True,100,50,1,1,0,1,False,bulldog,rifle,,0.8900,0.2889,yetujey,FUT Esports,astra,True,100,50,1,0,0,0,False,ghost,sidearm,,0.8800,0.4278,KROSTALY,FUT Esports,kayo,True,100,50,1,2,0,1,False,spectre,smg,,0.8122,0.4033,Chronicle,Team Vitality,chamber,True,100,,1,3,1,1,False,classic,sidearm,,0.6967,0.3733,Derke,Team Vitality,neon,True,100,,0,1,1,1,False,classic,sidearm,,0.5800,0.5444,Jamppi,Team Vitality,kayo,True,100,,0,0,1,2,False,bandit,sidearm,,0.6422,0.5400,Sayonara,Team Vitality,sova,True,100,1,1,2,0,3,False,classic,sidearm,,0.4422,0.6289,PROFEK,Team Vitality,astra,True,100,,1,0,0,2,False,classic,sidearm,,0.3067,0.7900
1831.246,3566,ACTIVE_ROUND,12,6,7,73.000,,,s0pp,FUT Esports,chamber,True,100,50,0,3,0,2,False,marshal,sniper,,0.1711,0.6889,xeus,FUT Esports,jett,True,100,50,0,0,1,5,False,phantom,rifle,,0.9233,0.3122,sociablEE,FUT Esports,fade,True,100,50,1,1,0,1,False,bulldog,rifle,,0.9011,0.2956,yetujey,FUT Esports,astra,True,100,50,1,0,0,0,False,ghost,sidearm,,0.8800,0.4278,KROSTALY,FUT Esports,kayo,True,100,50,1,2,0,1,False,spectre,smg,,0.8433,0.4189,Chronicle,Team Vitality,chamber,True,100,,1,3,1,1,False,classic,sidearm,,0.6989,0.3822,Derke,Team Vitality,neon,True,100,,0,1,1,1,False,classic,sidearm,,0.5800,0.5444,Jamppi,Team Vitality,kayo,True,100,,0,0,1,2,False,bandit,sidearm,,0.6422,0.5400,Sayonara,Team Vitality,sova,True,100,1,1,2,0,3,False,classic,sidearm,,0.4422,0.6289,PROFEK,Team Vitality,astra,True,100,,1,0,0,2,False,classic,sidearm,,0.3067,0.7900
1831.730,3567,ACTIVE_ROUND,12,6,7,72.000,,,s0pp,FUT Esports,chamber,True,100,50,0,3,0,2,False,marshal,sniper,,0.1711,0.6889,xeus,FUT Esports,jett,True,100,50,0,0,1,5,False,phantom,rifle,,0.9233,0.3100,sociablEE,FUT Esports,fade,True,100,50,1,1,0,1,False,bulldog,rifle,,0.9011,0.2956,yetujey,FUT Esports,astra,True,100,50,1,0,0,0,False,ghost,sidearm,,0.8800,0.4278,KROSTALY,FUT Esports,kayo,True,100,50,1,2,0,1,False,spectre,smg,,0.8433,0.4189,Chronicle,Team Vitality,chamber,True,100,,1,3,1,1,False,classic,sidearm,,0.3967,0.6533,Derke,Team Vitality,neon,True,100,,0,1,1,1,False,classic,sidearm,,0.5800,0.5444,Jamppi,Team Vitality,kayo,True,100,,0,0,1,2,False,bandit,sidearm,,0.6422,0.5400,Sayonara,Team Vitality,sova,True,100,1,1,2,0,3,False,classic,sidearm,,0.4422,0.6289,PROFEK,Team Vitality,astra,True,100,,1,0,0,2,False,classic,sidearm,,0.3067,0.7900
1832.214,3568,ACTIVE_ROUND,12,6,7,72.000,,,s0pp,FUT Esports,chamber,True,100,50,0,3,0,2,False,marshal,sniper,,0.1711,0.6889,xeus,FUT Esports,jett,True,100,50,0,0,1,5,False,phantom,rifle,,0.9233,0.3100,sociablEE,FUT Esports,fade,True,100,50,1,1,0,1,False,bulldog,rifle,,0.9011,0.2956,yetujey,FUT Esports,astra,True,100,50,1,0,0,0,False,ghost,sidearm,,0.8800,0.4278,KROSTALY,FUT Esports,kayo,True,100,50,1,2,0,1,False,spectre,smg,,0.5122,0.3856,Chronicle,Team Vitality,chamber,True,100,,1,3,1,1,False,classic,sidearm,,0.3967,0.6444,Derke,Team Vitality,neon,True,100,,0,1,1,1,False,classic,sidearm,,0.5800,0.5444,Jamppi,Team Vitality,kayo,True,100,,0,0,1,2,False,bandit,sidearm,,0.6911,0.5378,Sayonara,Team Vitality,sova,True,100,1,1,2,0,3,False,classic,sidearm,,0.4422,0.6289,PROFEK,Team Vitality,astra,True,100,,1,0,0,2,False,classic,sidearm,,0.3067,0.7900
1832.698,3569,ACTIVE_ROUND,12,6,7,71.000,,,s0pp,FUT Esports,chamber,True,100,50,0,3,0,2,False,marshal,sniper,,0.1711,0.6889,xeus,FUT Esports,jett,True,100,50,0,0,1,5,False,phantom,rifle,,0.9233,0.3100,sociablEE,FUT Esports,fade,True,100,50,1,1,0,1,False,bulldog,rifle,,0.9011,0.2956,yetujey,FUT Esports,astra,True,100,50,1,0,0,0,False,ghost,sidearm,,0.8800,0.4278,KROSTALY,FUT Esports,kayo,True,100,50,1,2,0,1,False,spectre,smg,,0.8144,0.4056,Chronicle,Team Vitality,chamber,True,100,,1,3,1,1,False,classic,sidearm,,0.5300,0.5644,Derke,Team Vitality,neon,True,100,,0,1,1,1,False,classic,sidearm,,0.5800,0.5444,Jamppi,Team Vitality,kayo,True,100,,0,0,1,2,False,bandit,sidearm,,0.6933,0.5289,Sayonara,Team Vitality,sova,True,100,1,1,2,0,3,False,classic,sidearm,,0.4422,0.6289,PROFEK,Team Vitality,astra,True,100,,1,0,0,2,False,classic,sidearm,,0.3067,0.7900
1833.181,3570,ACTIVE_ROUND,12,6,7,71.000,,,s0pp,FUT Esports,chamber,True,100,50,0,3,0,2,False,marshal,sniper,,0.1711,0.6889,xeus,FUT Esports,jett,True,100,50,0,0,1,5,False,phantom,rifle,,0.9233,0.3100,sociablEE,FUT Esports,fade,True,100,50,1,1,0,1,False,bulldog,rifle,,0.9011,0.2956,yetujey,FUT Esports,astra,True,100,50,1,0,0,0,False,ghost,sidearm,,0.8800,0.4278,KROSTALY,FUT Esports,kayo,True,100,50,1,2,0,1,False,spectre,smg,,0.1456,0.4611,Chronicle,Team Vitality,chamber,True,100,,1,3,1,1,False,classic,sidearm,,0.6100,0.8222,Derke,Team Vitality,neon,True,100,,0,1,1,1,False,classic,sidearm,,0.5800,0.5444,Jamppi,Team Vitality,kayo,True,100,,0,0,1,2,False,bandit,sidearm,,0.6933,0.5289,Sayonara,Team Vitality,sova,True,100,1,1,2,0,3,False,classic,sidearm,,0.4422,0.6289,PROFEK,Team Vitality,astra,True,100,,1,0,0,2,False,classic,sidearm,,0.3067,0.7900
1833.665,3571,ACTIVE_ROUND,12,6,7,70.000,,,s0pp,FUT Esports,chamber,True,100,50,0,3,0,2,False,marshal,sniper,,0.1711,0.6889,xeus,FUT Esports,jett,True,100,50,0,0,1,5,False,phantom,rifle,,0.9233,0.3100,sociablEE,FUT Esports,fade,True,100,50,1,1,0,1,False,bulldog,rifle,,0.9011,0.2956,yetujey,FUT Esports,astra,True,100,50,1,0,0,0,False,ghost,sidearm,,0.8800,0.4278,KROSTALY,FUT Esports,kayo,True,100,50,1,2,0,1,False,spectre,smg,,0.1456,0.4611,Chronicle,Team Vitality,chamber,True,100,,1,3,1,1,False,classic,sidearm,,0.6989,0.3822,Derke,Team Vitality,neon,True,100,,0,1,1,1,False,classic,sidearm,,0.5800,0.5444,Jamppi,Team Vitality,kayo,True,100,,0,0,1,2,False,bandit,sidearm,,0.6933,0.5289,Sayonara,Team Vitality,sova,True,100,1,1,2,0,3,False,classic,sidearm,,0.4422,0.6289,PROFEK,Team Vitality,astra,True,100,,1,0,0,2,False,classic,sidearm,,0.3067,0.7900
1834.149,3572,ACTIVE_ROUND,12,6,7,70.000,,,s0pp,FUT Esports,chamber,True,100,50,0,3,0,2,False,marshal,sniper,,0.1711,0.6889,xeus,FUT Esports,jett,True,100,50,0,0,1,5,False,phantom,rifle,,0.9233,0.3100,sociablEE,FUT Esports,fade,True,100,50,1,1,0,1,False,bulldog,rifle,,0.9011,0.2956,yetujey,FUT Esports,astra,True,100,50,1,1,0,0,False,ghost,sidearm,,0.8800,0.4278,KROSTALY,FUT Esports,kayo,True,100,50,1,2,0,1,False,spectre,smg,,0.1456,0.4611,Chronicle,Team Vitality,chamber,True,100,,1,3,1,1,False,classic,sidearm,,0.7478,0.7422,Derke,Team Vitality,neon,True,100,,0,1,1,1,False,classic,sidearm,,0.5800,0.5444,Jamppi,Team Vitality,kayo,True,100,,0,0,1,2,False,classic,sidearm,,0.6933,0.5289,Sayonara,Team Vitality,sova,True,100,1,1,2,0,3,False,classic,sidearm,,0.4422,0.6289,PROFEK,Team Vitality,astra,True,100,,0,0,0,2,False,classic,sidearm,,0.3067,0.7900
1834.633,3573,ACTIVE_ROUND,12,6,7,70.000,,,s0pp,FUT Esports,chamber,True,100,50,0,3,0,2,False,marshal,sniper,,0.1711,0.6889,xeus,FUT Esports,jett,True,100,50,0,0,1,5,False,phantom,rifle,,0.9233,0.3144,sociablEE,FUT Esports,fade,True,100,50,1,1,0,1,False,bulldog,rifle,,0.9011,0.2956,yetujey,FUT Esports,astra,True,100,50,1,1,0,0,False,ghost,sidearm,,0.8800,0.4278,KROSTALY,FUT Esports,kayo,True,100,50,1,2,0,1,False,spectre,smg,,0.5878,0.4011,Chronicle,Team Vitality,chamber,True,100,,1,3,1,1,False,classic,sidearm,,0.6011,0.8489,Derke,Team Vitality,neon,True,100,,0,1,1,1,False,classic,sidearm,,0.5800,0.5444,Jamppi,Team Vitality,kayo,True,100,,0,0,1,2,False,classic,sidearm,,0.6933,0.5289,Sayonara,Team Vitality,sova,True,100,1,1,2,0,3,False,classic,sidearm,,0.4422,0.6289,PROFEK,Team Vitality,astra,True,100,,0,0,0,2,False,classic,sidearm,,0.3067,0.7900
1835.117,3574,ACTIVE_ROUND,12,6,7,69.000,,,s0pp,FUT Esports,chamber,True,100,50,0,3,0,2,False,marshal,sniper,,0.3222,0.7111,xeus,FUT Esports,jett,True,100,50,0,0,1,5,False,phantom,rifle,,0.9211,0.3189,sociablEE,FUT Esports,fade,True,100,50,1,1,0,1,False,bulldog,rifle,,0.9011,0.2956,yetujey,FUT Esports,astra,True,100,50,1,1,0,0,False,ghost,sidearm,,0.8800,0.4278,KROSTALY,FUT Esports,kayo,True,100,50,1,2,0,1,False,spectre,smg,,0.8433,0.4189,Chronicle,Team Vitality,chamber,True,100,,1,3,1,1,False,classic,sidearm,,0.6189,0.1489,Derke,Team Vitality,neon,True,100,,0,1,1,1,False,classic,sidearm,,0.5800,0.5444,Jamppi,Team Vitality,kayo,True,100,,0,0,1,2,False,classic,sidearm,,0.6933,0.5289,Sayonara,Team Vitality,sova,True,100,1,1,2,0,3,False,classic,sidearm,,0.4422,0.6289,PROFEK,Team Vitality,astra,True,100,,0,0,0,2,False,classic,sidearm,,0.4333,0.6567
1835.600,3575,ACTIVE_ROUND,12,6,7,69.000,,,s0pp,FUT Esports,chamber,True,100,50,0,3,0,2,False,marshal,sniper,,0.3222,0.7222,xeus,FUT Esports,jett,True,100,50,0,0,1,5,False,phantom,rifle,,0.3411,0.7522,sociablEE,FUT Esports,fade,True,100,50,1,1,0,1,False,bulldog,rifle,,0.9011,0.2956,yetujey,FUT Esports,astra,True,100,50,1,1,0,0,False,ghost,sidearm,,0.8800,0.4278,KROSTALY,FUT Esports,kayo,True,100,50,1,2,0,1,False,spectre,smg,,0.8433,0.4189,Chronicle,Team Vitality,chamber,True,100,,1,3,1,1,False,classic,sidearm,,0.3878,0.6444,Derke,Team Vitality,neon,True,100,,0,1,1,1,False,classic,sidearm,,0.7933,0.3400,Jamppi,Team Vitality,kayo,True,100,,0,0,1,2,False,classic,sidearm,,0.7089,0.4689,Sayonara,Team Vitality,sova,True,100,1,1,2,0,3,False,classic,sidearm,,0.4422,0.6289,PROFEK,Team Vitality,astra,True,100,,0,0,0,2,False,classic,sidearm,,0.4333,0.6567
1836.084,3576,ACTIVE_ROUND,12,6,7,68.000,,,s0pp,FUT Esports,chamber,True,100,50,0,3,0,2,False,marshal,sniper,,0.3222,0.7356,xeus,FUT Esports,jett,True,100,50,0,0,1,5,False,phantom,rifle,,0.3433,0.7633,sociablEE,FUT Esports,fade,True,100,50,1,1,0,1,False,bulldog,rifle,,0.9011,0.2956,yetujey,FUT Esports,astra,True,100,50,1,2,0,0,False,ghost,sidearm,,0.8800,0.4256,KROSTALY,FUT Esports,kayo,True,100,50,1,2,0,1,False,spectre,smg,,0.2767,0.7544,Chronicle,Team Vitality,chamber,True,100,,1,3,1,1,False,classic,sidearm,,0.1611,0.3422,Derke,Team Vitality,neon,True,100,,0,1,1,1,False,classic,sidearm,,0.7933,0.3400,Jamppi,Team Vitality,kayo,True,100,,0,0,1,2,False,bandit,sidearm,,0.7089,0.4689,Sayonara,Team Vitality,sova,True,100,1,1,2,0,3,False,classic,sidearm,,0.4422,0.6289,PROFEK,Team Vitality,astra,True,100,,0,0,0,2,False,classic,sidearm,,0.4333,0.6567
1836.568,3577,ACTIVE_ROUND,12,6,7,68.000,,,s0pp,FUT Esports,chamber,True,100,50,0,3,0,2,False,marshal,sniper,,0.3222,0.7356,xeus,FUT Esports,jett,True,100,50,0,0,1,5,False,phantom,rifle,,0.9233,0.3167,sociablEE,FUT Esports,fade,True,100,50,1,1,0,1,False,bulldog,rifle,,0.9011,0.2956,yetujey,FUT Esports,astra,True,100,50,1,2,0,0,False,ghost,sidearm,,0.8800,0.4256,KROSTALY,FUT Esports,kayo,True,100,50,1,2,0,1,False,spectre,smg,,0.8433,0.4189,Chronicle,Team Vitality,chamber,True,100,,1,3,1,1,False,classic,sidearm,,0.2633,0.7622,Derke,Team Vitality,neon,True,100,,0,1,1,1,False,classic,sidearm,,0.7933,0.3400,Jamppi,Team Vitality,kayo,True,100,,0,0,1,2,False,bandit,sidearm,,0.7089,0.4689,Sayonara,Team Vitality,sova,True,100,1,1,2,0,3,False,classic,sidearm,,0.7356,0.3622,PROFEK,Team Vitality,astra,True,100,,0,0,0,2,False,classic,sidearm,,0.3067,0.7922
1837.052,3578,ACTIVE_ROUND,12,6,7,67.000,,,s0pp,FUT Esports,chamber,True,100,50,0,3,0,2,False,marshal,sniper,,0.3222,0.7356,xeus,FUT Esports,jett,True,100,50,0,0,1,5,False,phantom,rifle,,0.9233,0.3167,sociablEE,FUT Esports,fade,True,100,50,1,1,0,1,False,bulldog,rifle,,0.9011,0.2956,yetujey,FUT Esports,astra,True,100,50,1,2,0,0,False,ghost,sidearm,,0.8800,0.4278,KROSTALY,FUT Esports,kayo,True,100,50,1,2,0,1,False,spectre,smg,,0.5300,0.3767,Chronicle,Team Vitality,chamber,True,100,,1,3,1,1,False,classic,sidearm,,0.5300,0.5378,Derke,Team Vitality,neon,True,100,,0,1,1,1,False,classic,sidearm,,0.7933,0.3400,Jamppi,Team Vitality,kayo,True,100,,0,0,1,2,False,bandit,sidearm,,0.7089,0.4689,Sayonara,Team Vitality,sova,True,100,1,1,2,0,3,False,classic,sidearm,,0.7356,0.3622,PROFEK,Team Vitality,astra,True,100,,0,0,0,2,False,classic,sidearm,,0.3067,0.7922
1837.536,3579,ACTIVE_ROUND,12,6,7,67.000,,,s0pp,FUT Esports,chamber,True,100,50,0,3,0,2,False,marshal,sniper,,0.3222,0.7356,xeus,FUT Esports,jett,True,100,50,0,0,1,5,False,phantom,rifle,,0.9233,0.3167,sociablEE,FUT Esports,fade,True,100,50,1,1,0,1,False,bulldog,rifle,,0.9011,0.2956,yetujey,FUT Esports,astra,True,100,50,1,2,0,0,False,ghost,sidearm,,0.8778,0.4256,KROSTALY,FUT Esports,kayo,True,100,50,1,2,0,1,False,spectre,smg,,0.1478,0.4567,Chronicle,Team Vitality,chamber,True,100,,1,3,1,1,False,classic,sidearm,,0.1567,0.3422,Derke,Team Vitality,neon,True,100,,0,1,1,1,False,classic,sidearm,,0.7933,0.3400,Jamppi,Team Vitality,kayo,True,100,,0,0,1,2,False,bandit,sidearm,,0.7089,0.4689,Sayonara,Team Vitality,sova,True,100,1,1,2,0,3,False,classic,sidearm,,0.7356,0.3622,PROFEK,Team Vitality,astra,True,100,,0,0,0,2,False,classic,sidearm,,0.3067,0.7922
1838.020,3580,ACTIVE_ROUND,12,6,7,66.000,,,s0pp,FUT Esports,chamber,True,100,50,0,3,0,2,False,marshal,sniper,,0.3222,0.7356,xeus,FUT Esports,jett,True,100,50,0,0,1,5,False,phantom,rifle,,0.9233,0.3167,sociablEE,FUT Esports,fade,True,100,50,1,1,0,1,False,bulldog,rifle,,0.9011,0.2956,yetujey,FUT Esports,astra,True,100,50,1,2,0,0,False,ghost,sidearm,,0.8756,0.4278,KROSTALY,FUT Esports,kayo,True,100,50,1,2,0,1,False,spectre,smg,,0.1478,0.4567,Chronicle,Team Vitality,chamber,True,100,,1,3,1,1,False,classic,sidearm,,0.9167,0.5889,Derke,Team Vitality,neon,True,100,,0,1,1,1,False,classic,sidearm,,0.7933,0.3400,Jamppi,Team Vitality,kayo,True,100,,0,0,1,2,False,bandit,sidearm,,0.7089,0.4689,Sayonara,Team Vitality,sova,True,100,1,1,2,0,3,False,classic,sidearm,,0.7356,0.3622,PROFEK,Team Vitality,astra,True,100,,0,0,0,2,False,classic,sidearm,,0.3067,0.7922
1838.503,3581,ACTIVE_ROUND,12,6,7,66.000,,,s0pp,FUT Esports,chamber,True,100,50,0,3,0,2,False,marshal,sniper,,0.3222,0.7356,xeus,FUT Esports,jett,True,100,50,0,0,1,5,False,phantom,rifle,,0.3544,0.7944,sociablEE,FUT Esports,fade,True,100,50,1,1,0,1,False,bulldog,rifle,,0.9011,0.2956,yetujey,FUT Esports,astra,True,100,50,1,2,0,0,False,ghost,sidearm,,0.8711,0.4611,KROSTALY,FUT Esports,kayo,True,100,50,1,2,0,1,False,spectre,smg,,0.3078,0.7811,Chronicle,Team Vitality,chamber,True,100,,1,3,1,1,False,classic,sidearm,,0.8989,0.6156,Derke,Team Vitality,neon,True,100,,0,1,1,1,False,classic,sidearm,,0.7933,0.3400,Jamppi,Team Vitality,kayo,True,100,,0,0,1,2,False,bandit,sidearm,,0.7089,0.4689,Sayonara,Team Vitality,sova,True,100,1,1,2,0,3,False,classic,sidearm,,0.7356,0.3622,PROFEK,Team Vitality,astra,True,100,,0,0,0,2,False,classic,sidearm,,0.3067,0.7922
1838.987,3582,ACTIVE_ROUND,12,6,7,65.000,,,s0pp,FUT Esports,chamber,True,100,50,0,3,0,2,False,marshal,sniper,,0.3378,0.7822,xeus,FUT Esports,jett,True,100,50,0,0,1,5,False,phantom,rifle,,0.3544,0.7944,sociablEE,FUT Esports,fade,True,100,50,1,1,0,1,False,bulldog,rifle,,0.9011,0.2956,yetujey,FUT Esports,astra,True,100,50,1,2,0,0,False,ghost,sidearm,,0.8733,0.4278,KROSTALY,FUT Esports,kayo,True,100,50,1,2,0,1,False,spectre,smg,,0.3122,0.7767,Chronicle,Team Vitality,chamber,True,100,,1,3,1,1,False,classic,sidearm,,0.5567,0.6000,Derke,Team Vitality,neon,True,100,,0,1,1,1,False,classic,sidearm,,0.7933,0.3400,Jamppi,Team Vitality,kayo,True,100,,0,0,1,2,False,bandit,sidearm,,0.7089,0.4689,Sayonara,Team Vitality,sova,True,100,1,1,2,0,3,False,classic,sidearm,,0.7356,0.3622,PROFEK,Team Vitality,astra,True,100,,0,0,0,2,False,classic,sidearm,,0.3067,0.7922
1839.471,3583,ACTIVE_ROUND,12,6,7,65.000,,,s0pp,FUT Esports,chamber,True,100,50,0,3,0,2,False,marshal,sniper,,0.3378,0.7822,xeus,FUT Esports,jett,True,100,50,0,0,1,5,False,phantom,rifle,,0.3544,0.7944,sociablEE,FUT Esports,fade,True,100,50,1,1,0,1,False,bulldog,rifle,,0.9011,0.2956,yetujey,FUT Esports,astra,True,100,50,1,2,0,0,False,ghost,sidearm,,0.8733,0.4278,KROSTALY,FUT Esports,kayo,True,100,50,1,2,0,1,False,spectre,smg,,0.8478,0.3233,Chronicle,Team Vitality,chamber,True,100,,1,3,1,1,False,classic,sidearm,,0.5789,0.4267,Derke,Team Vitality,neon,True,100,,0,1,1,1,False,classic,sidearm,,0.7933,0.3400,Jamppi,Team Vitality,kayo,True,100,,0,0,1,2,False,bandit,sidearm,,0.7089,0.4689,Sayonara,Team Vitality,sova,True,100,1,1,2,0,3,False,classic,sidearm,,0.7356,0.3622,PROFEK,Team Vitality,astra,True,100,,0,0,0,2,False,classic,sidearm,,0.3067,0.7900
1839.955,3584,ACTIVE_ROUND,12,6,7,64.000,,,s0pp,FUT Esports,chamber,True,100,50,0,3,0,2,False,marshal,sniper,,0.8733,0.4267,xeus,FUT Esports,jett,True,100,50,0,0,1,5,False,phantom,rifle,,0.3544,0.7944,sociablEE,FUT Esports,fade,True,100,50,1,1,0,1,False,bulldog,rifle,,0.9011,0.2956,yetujey,FUT Esports,astra,True,100,50,1,2,0,0,False,ghost,sidearm,,0.8733,0.4278,KROSTALY,FUT Esports,kayo,True,100,50,1,2,0,1,False,spectre,smg,,0.5789,0.3833,Chronicle,Team Vitality,chamber,True,100,,1,3,1,1,False,classic,sidearm,,0.6433,0.3711,Derke,Team Vitality,neon,True,100,,0,1,1,1,False,classic,sidearm,,0.7933,0.3400,Jamppi,Team Vitality,kayo,True,100,,0,0,1,2,False,bandit,sidearm,,0.7089,0.4689,Sayonara,Team Vitality,sova,True,100,1,1,2,0,3,False,classic,sidearm,,0.7356,0.3622,PROFEK,Team Vitality,astra,True,100,,0,0,0,2,False,classic,sidearm,,0.3067,0.7878
1840.439,3585,ACTIVE_ROUND,12,6,7,64.000,,,s0pp,FUT Esports,chamber,True,100,50,0,3,0,2,False,marshal,sniper,,0.8733,0.4267,xeus,FUT Esports,jett,True,100,50,0,0,1,5,False,phantom,rifle,,0.3544,0.7944,sociablEE,FUT Esports,fade,True,100,50,1,1,0,1,False,bulldog,rifle,,0.9011,0.2956,yetujey,FUT Esports,astra,True,100,50,1,2,0,0,False,ghost,sidearm,,0.8733,0.4278,KROSTALY,FUT Esports,kayo,True,100,50,1,2,0,1,False,spectre,smg,,0.5900,0.3856,Chronicle,Team Vitality,chamber,True,100,,1,3,1,1,False,classic,sidearm,,0.6811,0.3756,Derke,Team Vitality,neon,True,100,,0,1,1,1,False,classic,sidearm,,0.6400,0.6022,Jamppi,Team Vitality,kayo,True,100,,0,0,1,2,False,bandit,sidearm,,0.7089,0.4689,Sayonara,Team Vitality,sova,True,100,1,1,2,0,3,False,classic,sidearm,,0.6156,0.5689,PROFEK,Team Vitality,astra,True,100,,0,0,0,2,False,classic,sidearm,,0.3067,0.7900
1840.922,3586,ACTIVE_ROUND,12,6,7,63.000,,,s0pp,FUT Esports,chamber,True,100,50,0,3,0,2,False,marshal,sniper,,0.8733,0.4267,xeus,FUT Esports,jett,True,100,50,0,0,1,5,False,phantom,rifle,,0.3544,0.7944,sociablEE,FUT Esports,fade,True,100,50,1,1,0,1,False,bulldog,rifle,,0.9011,0.2956,yetujey,FUT Esports,astra,True,100,50,1,2,0,0,False,ghost,sidearm,,0.8733,0.4278,KROSTALY,FUT Esports,kayo,True,100,50,1,2,0,1,False,spectre,smg,,0.5944,0.3811,Chronicle,Team Vitality,chamber,True,100,,1,3,1,1,False,classic,sidearm,,0.6811,0.3667,Derke,Team Vitality,neon,True,100,,0,1,1,1,False,classic,sidearm,,0.6422,0.6111,Jamppi,Team Vitality,kayo,True,100,,0,0,1,2,False,bandit,sidearm,,0.7089,0.4689,Sayonara,Team Vitality,sova,True,100,1,1,2,0,3,False,classic,sidearm,,0.6178,0.5822,PROFEK,Team Vitality,astra,True,100,,0,0,0,2,False,classic,sidearm,,0.3067,0.7900
1841.406,3587,ACTIVE_ROUND,12,6,7,63.000,,,s0pp,FUT Esports,chamber,True,100,50,0,3,0,2,False,marshal,sniper,,0.3822,0.8200,xeus,FUT Esports,jett,True,100,50,0,0,1,5,False,phantom,rifle,,0.3544,0.7944,sociablEE,FUT Esports,fade,True,100,50,1,1,0,1,False,bulldog,rifle,,0.9011,0.2956,yetujey,FUT Esports,astra,True,100,50,1,2,0,0,False,ghost,sidearm,,0.8444,0.4256,KROSTALY,FUT Esports,kayo,True,100,50,1,2,0,1,False,spectre,smg,,0.7878,0.4078,Chronicle,Team Vitality,chamber,True,100,,1,3,1,1,False,classic,sidearm,,0.2633,0.7622,Derke,Team Vitality,neon,True,100,,0,1,1,1,False,classic,sidearm,,0.6422,0.6111,Jamppi,Team Vitality,kayo,True,100,,0,0,1,2,False,bandit,sidearm,,0.4044,0.7267,Sayonara,Team Vitality,sova,True,100,1,1,2,0,3,False,classic,sidearm,,0.6178,0.5822,PROFEK,Team Vitality,astra,True,100,,0,0,0,2,False,classic,sidearm,,0.3067,0.7900
1841.890,3588,ACTIVE_ROUND,12,6,7,62.000,,,s0pp,FUT Esports,chamber,True,100,50,0,3,0,2,False,marshal,sniper,,0.3822,0.8200,xeus,FUT Esports,jett,True,100,50,0,0,1,5,False,phantom,rifle,,0.3544,0.7944,sociablEE,FUT Esports,fade,True,100,50,1,1,0,1,False,bulldog,rifle,,0.9011,0.2956,yetujey,FUT Esports,astra,True,100,50,1,2,0,0,False,ghost,sidearm,,0.8400,0.4278,KROSTALY,FUT Esports,kayo,True,100,50,1,2,0,1,False,spectre,smg,,0.4011,0.7722,Chronicle,Team Vitality,chamber,True,100,,1,3,1,1,False,classic,sidearm,,0.2633,0.7622,Derke,Team Vitality,neon,True,100,,0,1,1,1,False,classic,sidearm,,0.6422,0.6111,Jamppi,Team Vitality,kayo,True,100,,0,0,1,2,False,classic,sidearm,,0.4044,0.7267,Sayonara,Team Vitality,sova,True,100,1,1,2,0,3,False,classic,sidearm,,0.6178,0.5822,PROFEK,Team Vitality,astra,True,100,,0,0,0,2,False,classic,sidearm,,0.3067,0.7922
1842.374,3589,ACTIVE_ROUND,12,6,7,62.000,,,s0pp,FUT Esports,chamber,True,100,50,0,3,0,2,False,marshal,sniper,,0.3822,0.8200,xeus,FUT Esports,jett,True,100,50,0,0,1,5,False,phantom,rifle,,0.3544,0.7944,sociablEE,FUT Esports,fade,True,100,50,1,1,0,1,False,bulldog,rifle,,0.9011,0.2956,yetujey,FUT Esports,astra,True,100,50,1,2,0,0,False,ghost,sidearm,,0.8400,0.4278,KROSTALY,FUT Esports,kayo,True,100,50,1,2,0,1,False,spectre,smg,,0.7300,0.1878,Chronicle,Team Vitality,chamber,True,100,,1,3,1,1,False,classic,sidearm,,0.2633,0.7622,Derke,Team Vitality,neon,True,100,,0,1,1,1,False,classic,sidearm,,0.6422,0.6111,Jamppi,Team Vitality,kayo,True,100,,0,0,1,2,False,classic,sidearm,,0.4044,0.7267,Sayonara,Team Vitality,sova,True,100,1,1,2,0,3,False,classic,sidearm,,0.6178,0.5822,PROFEK,Team Vitality,astra,True,100,,0,0,0,2,False,classic,sidearm,,0.3067,0.7922
1842.858,3590,ACTIVE_ROUND,12,6,7,61.000,,,s0pp,FUT Esports,chamber,True,100,50,0,3,0,2,False,marshal,sniper,,0.3822,0.8200,xeus,FUT Esports,jett,True,100,50,0,0,1,5,False,phantom,rifle,,0.3544,0.7944,sociablEE,FUT Esports,fade,True,100,50,1,1,0,1,False,bulldog,rifle,,0.9011,0.2956,yetujey,FUT Esports,astra,True,100,50,1,2,0,0,False,ghost,sidearm,,0.8444,0.4300,KROSTALY,FUT Esports,kayo,True,100,50,1,2,0,1,False,spectre,smg,,0.4011,0.7744,Chronicle,Team Vitality,chamber,True,100,,1,3,1,1,False,classic,sidearm,,0.3878,0.6689,Derke,Team Vitality,neon,True,100,,0,1,1,1,False,classic,sidearm,,0.6422,0.6111,Jamppi,Team Vitality,kayo,True,100,,0,0,1,2,False,classic,sidearm,,0.4044,0.7267,Sayonara,Team Vitality,sova,True,100,1,1,2,0,3,False,classic,sidearm,,0.6178,0.5822,PROFEK,Team Vitality,astra,True,100,,0,0,0,2,False,classic,sidearm,,0.3067,0.7922
1843.341,3591,ACTIVE_ROUND,12,6,7,61.000,,,s0pp,FUT Esports,chamber,True,100,50,0,3,0,2,False,marshal,sniper,,0.3822,0.8200,xeus,FUT Esports,jett,True,100,50,0,0,1,5,False,phantom,rifle,,0.3544,0.7944,sociablEE,FUT Esports,fade,True,100,50,1,1,0,1,False,bulldog,rifle,,0.9011,0.2956,yetujey,FUT Esports,astra,True,100,50,1,2,0,0,False,ghost,sidearm,,0.8444,0.4300,KROSTALY,FUT Esports,kayo,True,100,50,1,2,0,1,False,spectre,smg,,0.8544,0.3100,Chronicle,Team Vitality,chamber,True,100,,1,3,1,1,False,classic,sidearm,,0.3878,0.6733,Derke,Team Vitality,neon,False,,,0,1,1,1,False,classic,sidearm,,0.6422,0.6111,Jamppi,Team Vitality,kayo,True,100,,0,0,1,2,False,classic,sidearm,,0.8000,0.3911,Sayonara,Team Vitality,sova,True,100,1,1,2,0,3,False,classic,sidearm,,0.6178,0.5822,PROFEK,Team Vitality,astra,True,100,,0,0,0,2,False,classic,sidearm,,0.3067,0.7922
1843.825,3592,ACTIVE_ROUND,12,6,7,60.000,,,s0pp,FUT Esports,chamber,True,100,50,0,3,0,2,False,marshal,sniper,,0.3822,0.8200,xeus,FUT Esports,jett,True,100,50,0,0,1,5,False,phantom,rifle,,0.3544,0.7944,sociablEE,FUT Esports,fade,True,100,50,1,1,0,1,False,bulldog,rifle,,0.9011,0.2956,yetujey,FUT Esports,astra,True,100,50,1,2,0,1,False,ghost,sidearm,,0.8444,0.4300,KROSTALY,FUT Esports,kayo,True,100,50,1,2,0,1,False,spectre,smg,,0.8500,0.3167,Chronicle,Team Vitality,chamber,True,100,,1,3,1,1,False,classic,sidearm,,0.2633,0.7622,Derke,Team Vitality,neon,False,,,0,1,1,1,False,classic,sidearm,,,,Jamppi,Team Vitality,kayo,True,100,,0,0,1,2,False,classic,sidearm,,0.8000,0.3911,Sayonara,Team Vitality,sova,True,100,1,1,2,0,3,False,classic,sidearm,,0.6178,0.5822,PROFEK,Team Vitality,astra,True,100,,0,0,0,2,False,classic,sidearm,,0.3067,0.7922
1844.309,3593,ACTIVE_ROUND,12,6,7,60.000,,,s0pp,FUT Esports,chamber,True,100,50,0,3,0,2,False,marshal,sniper,,0.3822,0.8200,xeus,FUT Esports,jett,True,100,50,0,0,1,5,False,phantom,rifle,,0.3544,0.7944,sociablEE,FUT Esports,fade,True,100,50,1,1,0,1,False,bulldog,rifle,,0.9011,0.2956,yetujey,FUT Esports,astra,True,89,27,1,2,0,1,False,ghost,sidearm,,0.8444,0.4300,KROSTALY,FUT Esports,kayo,True,100,50,1,2,0,1,False,spectre,smg,,0.8522,0.3167,Chronicle,Team Vitality,chamber,True,70,,1,3,1,1,False,classic,sidearm,,0.5744,0.6622,Derke,Team Vitality,neon,False,,,0,1,1,1,False,classic,sidearm,,,,Jamppi,Team Vitality,kayo,True,100,,0,0,1,2,False,classic,sidearm,,0.8000,0.3911,Sayonara,Team Vitality,sova,True,100,1,1,2,0,3,False,classic,sidearm,,0.6178,0.5822,PROFEK,Team Vitality,astra,True,100,,0,0,0,2,False,classic,sidearm,,0.3067,0.7922
1844.793,3594,ACTIVE_ROUND,12,6,7,59.000,,,s0pp,FUT Esports,chamber,True,100,50,0,3,0,2,False,marshal,sniper,,0.3822,0.8200,xeus,FUT Esports,jett,True,100,50,0,0,1,5,False,phantom,rifle,,0.3544,0.7944,sociablEE,FUT Esports,fade,True,100,50,1,1,0,1,False,bulldog,rifle,,0.9011,0.2956,yetujey,FUT Esports,astra,True,89,27,1,2,0,1,False,ghost,sidearm,,0.8444,0.4300,KROSTALY,FUT Esports,kayo,True,100,50,1,2,0,1,False,spectre,smg,,0.9056,0.5989,Chronicle,Team Vitality,chamber,True,70,,1,3,1,1,False,classic,sidearm,,0.2633,0.8267,Derke,Team Vitality,neon,False,,,0,1,1,1,False,classic,sidearm,,,,Jamppi,Team Vitality,kayo,True,100,,0,0,1,2,False,classic,sidearm,,0.8000,0.3911,Sayonara,Team Vitality,sova,True,100,1,1,2,0,3,False,classic,sidearm,,0.6178,0.5822,PROFEK,Team Vitality,astra,True,100,,0,0,0,2,False,classic,sidearm,,0.3067,0.7922
1845.277,3595,ACTIVE_ROUND,12,6,7,59.000,,,s0pp,FUT Esports,chamber,True,100,50,0,3,0,2,False,marshal,sniper,,0.3867,0.8222,xeus,FUT Esports,jett,True,100,50,0,0,1,5,False,phantom,rifle,,0.3544,0.7944,sociablEE,FUT Esports,fade,True,100,50,1,1,0,1,False,bulldog,rifle,,0.9011,0.2956,yetujey,FUT Esports,astra,True,89,27,1,2,0,1,False,ghost,sidearm,,0.8444,0.4300,KROSTALY,FUT Esports,kayo,True,100,50,1,2,0,1,False,spectre,smg,,0.7856,0.3233,Chronicle,Team Vitality,chamber,True,55,,1,3,1,1,False,classic,sidearm,,0.5744,0.6622,Derke,Team Vitality,neon,False,,,0,1,1,1,False,classic,sidearm,,,,Jamppi,Team Vitality,kayo,True,100,,0,0,1,2,False,classic,sidearm,,0.8000,0.3911,Sayonara,Team Vitality,sova,True,100,1,1,2,0,3,False,classic,sidearm,,0.6178,0.5822,PROFEK,Team Vitality,astra,True,100,,0,0,0,2,False,classic,sidearm,,0.3067,0.7922
1845.761,3596,ACTIVE_ROUND,12,6,7,58.000,,,s0pp,FUT Esports,chamber,True,100,50,0,3,0,2,False,marshal,sniper,,0.3867,0.8222,xeus,FUT Esports,jett,True,100,50,0,0,1,5,False,phantom,rifle,,0.3544,0.7944,sociablEE,FUT Esports,fade,True,100,50,1,1,0,1,False,bulldog,rifle,,0.9011,0.2956,yetujey,FUT Esports,astra,True,89,27,1,2,0,1,False,ghost,sidearm,,0.8444,0.4300,KROSTALY,FUT Esports,kayo,True,100,50,1,2,0,1,False,spectre,smg,,0.7789,0.4722,Chronicle,Team Vitality,chamber,True,55,,1,0,1,1,False,classic,sidearm,,0.3878,0.6756,Derke,Team Vitality,neon,False,,,0,1,1,1,False,classic,sidearm,,,,Jamppi,Team Vitality,kayo,True,100,,0,0,1,2,False,bandit,sidearm,,0.8000,0.3911,Sayonara,Team Vitality,sova,True,100,1,1,2,0,3,False,classic,sidearm,,0.6178,0.5822,PROFEK,Team Vitality,astra,True,100,,0,0,0,2,False,classic,sidearm,,0.3067,0.7900
1846.244,3597,ACTIVE_ROUND,12,6,7,58.000,,,s0pp,FUT Esports,chamber,True,100,50,0,3,0,2,False,marshal,sniper,,0.3867,0.8222,xeus,FUT Esports,jett,True,100,50,0,0,1,5,False,phantom,rifle,,0.3544,0.7944,sociablEE,FUT Esports,fade,True,100,50,1,1,0,1,False,bulldog,rifle,,0.9011,0.2956,yetujey,FUT Esports,astra,True,89,27,1,2,0,1,False,ghost,sidearm,,0.8444,0.4300,KROSTALY,FUT Esports,kayo,True,100,50,1,2,0,1,False,spectre,smg,,0.6589,0.4100,Chronicle,Team Vitality,chamber,True,55,,1,0,1,1,False,classic,sidearm,,0.3878,0.6689,Derke,Team Vitality,neon,False,,,0,1,1,1,False,classic,sidearm,,,,Jamppi,Team Vitality,kayo,True,100,,0,0,1,2,False,bandit,sidearm,,0.8000,0.3911,Sayonara,Team Vitality,sova,True,100,1,1,2,0,3,False,classic,sidearm,,0.6178,0.5822,PROFEK,Team Vitality,astra,True,100,,0,0,0,2,False,classic,sidearm,,0.3067,0.7900
1846.728,3598,ACTIVE_ROUND,12,6,7,57.000,,,s0pp,FUT Esports,chamber,True,100,50,0,3,0,2,False,marshal,sniper,,0.3867,0.8222,xeus,FUT Esports,jett,True,100,50,0,0,1,5,False,phantom,rifle,,0.3544,0.7944,sociablEE,FUT Esports,fade,True,100,50,1,1,0,1,False,bulldog,rifle,,0.9011,0.2956,yetujey,FUT Esports,astra,True,89,27,1,2,0,1,False,ghost,sidearm,,0.8444,0.4300,KROSTALY,FUT Esports,kayo,True,100,50,1,2,0,1,False,spectre,smg,,0.6567,0.4100,Chronicle,Team Vitality,chamber,True,55,,1,0,1,1,False,classic,sidearm,,0.3878,0.6689,Derke,Team Vitality,neon,False,,,0,1,1,1,False,classic,sidearm,,,,Jamppi,Team Vitality,kayo,True,100,,0,0,1,2,False,bandit,sidearm,,0.8000,0.3911,Sayonara,Team Vitality,sova,True,100,1,1,2,0,3,False,classic,sidearm,,0.6178,0.5822,PROFEK,Team Vitality,astra,True,100,,0,0,0,2,False,classic,sidearm,,0.3067,0.7900
1847.212,3599,ACTIVE_ROUND,12,6,7,57.000,,,s0pp,FUT Esports,chamber,True,100,50,0,3,0,2,False,marshal,sniper,,0.3867,0.8222,xeus,FUT Esports,jett,True,100,50,0,0,1,5,False,phantom,rifle,,0.3544,0.7944,sociablEE,FUT Esports,fade,True,100,50,1,1,0,1,False,bulldog,rifle,,0.9011,0.2956,yetujey,FUT Esports,astra,True,89,27,1,2,0,1,False,ghost,sidearm,,0.8444,0.4300,KROSTALY,FUT Esports,kayo,True,100,50,1,2,0,1,False,spectre,smg,,0.5811,0.2922,Chronicle,Team Vitality,chamber,True,55,,1,0,1,1,False,classic,sidearm,,0.2633,0.7622,Derke,Team Vitality,neon,False,,,0,1,1,1,False,classic,sidearm,,,,Jamppi,Team Vitality,kayo,True,100,,0,0,1,2,False,bandit,sidearm,,0.7111,0.4489,Sayonara,Team Vitality,sova,True,100,1,1,2,0,3,False,classic,sidearm,,0.6178,0.5822,PROFEK,Team Vitality,astra,True,100,,0,0,0,2,False,classic,sidearm,,0.3067,0.7900
1847.696,3600,ACTIVE_ROUND,12,6,7,56.000,,,s0pp,FUT Esports,chamber,True,100,50,0,3,0,2,False,marshal,sniper,,0.3867,0.8222,xeus,FUT Esports,jett,True,100,50,0,0,1,5,False,phantom,rifle,,0.3544,0.7944,sociablEE,FUT Esports,fade,True,100,50,1,1,0,1,False,bulldog,rifle,,0.9011,0.2956,yetujey,FUT Esports,astra,True,89,27,1,2,0,1,False,ghost,sidearm,,0.8444,0.4300,KROSTALY,FUT Esports,kayo,True,100,50,1,2,0,1,False,spectre,smg,,0.8522,0.3167,Chronicle,Team Vitality,chamber,True,55,,1,0,1,1,False,classic,sidearm,,0.6878,0.3622,Derke,Team Vitality,neon,False,,,0,1,1,1,False,classic,sidearm,,,,Jamppi,Team Vitality,kayo,True,100,,0,0,1,2,False,bandit,sidearm,,0.7111,0.4489,Sayonara,Team Vitality,sova,True,100,1,1,2,0,3,False,classic,sidearm,,0.6178,0.5822,PROFEK,Team Vitality,astra,True,100,,0,0,0,2,False,classic,sidearm,,0.3067,0.7900
1848.180,3601,ACTIVE_ROUND,12,6,7,56.000,,,s0pp,FUT Esports,chamber,True,100,50,0,3,0,2,False,marshal,sniper,,0.3867,0.8222,xeus,FUT Esports,jett,True,100,50,0,0,1,5,False,phantom,rifle,,0.3544,0.7944,sociablEE,FUT Esports,fade,True,100,50,1,1,0,1,False,bulldog,rifle,,0.9011,0.2956,yetujey,FUT Esports,astra,True,80,9,1,2,0,1,False,ghost,sidearm,,0.8444,0.4300,KROSTALY,FUT Esports,kayo,True,100,50,1,2,0,1,False,spectre,smg,,0.1456,0.4611,Chronicle,Team Vitality,chamber,True,11,,1,0,1,1,False,classic,sidearm,,0.5722,0.6533,Derke,Team Vitality,neon,False,,,0,1,1,1,False,classic,sidearm,,,,Jamppi,Team Vitality,kayo,True,100,,0,0,1,2,False,bandit,sidearm,,0.7111,0.4489,Sayonara,Team Vitality,sova,True,100,1,1,2,0,3,False,classic,sidearm,,0.6178,0.5822,PROFEK,Team Vitality,astra,True,100,,0,0,0,2,False,classic,sidearm,,0.3067,0.7900
1848.663,3602,ACTIVE_ROUND,12,6,7,56.000,,,s0pp,FUT Esports,chamber,True,100,50,0,3,0,2,False,marshal,sniper,,0.3911,0.8133,xeus,FUT Esports,jett,True,100,50,0,0,1,5,False,phantom,rifle,,0.8100,0.4900,sociablEE,FUT Esports,fade,True,100,50,1,1,0,1,False,bulldog,rifle,,0.9011,0.2956,yetujey,FUT Esports,astra,True,80,9,1,2,0,1,False,ghost,sidearm,,0.8444,0.4300,KROSTALY,FUT Esports,kayo,True,100,50,1,2,0,1,False,spectre,smg,,0.4922,0.4722,Chronicle,Team Vitality,chamber,True,11,,1,0,1,1,False,classic,sidearm,,0.5700,0.6756,Derke,Team Vitality,neon,False,,,0,1,1,1,False,classic,sidearm,,,,Jamppi,Team Vitality,kayo,True,100,,0,0,1,2,False,bandit,sidearm,,0.7111,0.4489,Sayonara,Team Vitality,sova,True,100,1,1,2,0,3,False,classic,sidearm,,0.6178,0.5822,PROFEK,Team Vitality,astra,True,100,,0,0,0,2,False,classic,sidearm,,0.3067,0.7900
1849.147,3603,ACTIVE_ROUND,12,6,7,55.000,,,s0pp,FUT Esports,chamber,True,100,50,0,3,0,2,False,marshal,sniper,,0.3911,0.8133,xeus,FUT Esports,jett,True,100,50,0,0,1,5,False,phantom,rifle,,0.8100,0.4900,sociablEE,FUT Esports,fade,True,100,50,1,1,0,1,False,bulldog,rifle,,0.9011,0.2956,yetujey,FUT Esports,astra,True,80,9,1,2,0,1,False,ghost,sidearm,,0.8378,0.4389,KROSTALY,FUT Esports,kayo,True,100,50,1,2,0,1,False,spectre,smg,,0.4967,0.4833,Chronicle,Team Vitality,chamber,True,11,,1,0,1,1,False,classic,sidearm,,0.6433,0.3667,Derke,Team Vitality,neon,False,,,0,1,1,1,False,classic,sidearm,,,,Jamppi,Team Vitality,kayo,True,100,,0,0,1,2,False,bandit,sidearm,,0.7111,0.4489,Sayonara,Team Vitality,sova,True,100,1,1,2,0,3,False,classic,sidearm,,0.6178,0.5822,PROFEK,Team Vitality,astra,True,100,,0,0,0,2,False,classic,sidearm,,0.3067,0.7922
1849.631,3604,ACTIVE_ROUND,12,6,7,55.000,,,s0pp,FUT Esports,chamber,True,100,50,0,3,0,2,False,marshal,sniper,,0.4044,0.8067,xeus,FUT Esports,jett,True,100,50,0,0,1,5,False,phantom,rifle,,0.8100,0.4900,sociablEE,FUT Esports,fade,True,100,50,1,1,0,1,False,bulldog,rifle,,0.9011,0.2956,yetujey,FUT Esports,astra,True,80,9,1,2,0,1,False,ghost,sidearm,,0.8311,0.4344,KROSTALY,FUT Esports,kayo,True,100,50,1,2,0,1,False,spectre,smg,,0.5033,0.4944,Chronicle,Team Vitality,chamber,True,11,,1,0,1,1,False,classic,sidearm,,0.6589,0.4889,Derke,Team Vitality,neon,False,,,0,1,1,1,False,classic,sidearm,,,,Jamppi,Team Vitality,kayo,True,100,,0,0,1,2,False,classic,sidearm,,0.7111,0.4489,Sayonara,Team Vitality,sova,True,100,1,1,2,0,3,False,classic,sidearm,,0.6178,0.5822,PROFEK,Team Vitality,astra,True,100,,0,0,0,2,False,classic,sidearm,,0.3067,0.7922
1850.115,3605,ACTIVE_ROUND,12,6,7,54.000,,,s0pp,FUT Esports,chamber,True,100,50,0,3,0,2,False,marshal,sniper,,0.4044,0.8067,xeus,FUT Esports,jett,True,100,50,0,0,1,5,False,phantom,rifle,,0.8100,0.4900,sociablEE,FUT Esports,fade,True,100,50,1,1,0,1,False,bulldog,rifle,,0.9011,0.2956,yetujey,FUT Esports,astra,True,80,9,1,2,0,1,False,ghost,sidearm,,0.8311,0.4344,KROSTALY,FUT Esports,kayo,True,100,50,1,2,0,1,False,spectre,smg,,0.5100,0.5033,Chronicle,Team Vitality,chamber,True,11,,1,0,1,1,False,classic,sidearm,,0.2633,0.7622,Derke,Team Vitality,neon,False,,,0,1,1,1,False,classic,sidearm,,,,Jamppi,Team Vitality,kayo,True,100,,0,0,1,2,False,classic,sidearm,,0.6467,0.4511,Sayonara,Team Vitality,sova,True,100,1,1,2,0,3,False,classic,sidearm,,0.6178,0.5822,PROFEK,Team Vitality,astra,True,100,,0,0,0,2,False,classic,sidearm,,0.3067,0.7900
1850.599,3606,ACTIVE_ROUND,12,6,7,54.000,,,s0pp,FUT Esports,chamber,True,100,50,0,3,0,2,False,marshal,sniper,,0.4044,0.8067,xeus,FUT Esports,jett,True,100,50,0,0,1,5,False,phantom,rifle,,0.8100,0.4900,sociablEE,FUT Esports,fade,True,100,50,1,1,0,1,False,bulldog,rifle,,0.9011,0.2956,yetujey,FUT Esports,astra,True,67,9,1,2,0,1,False,ghost,sidearm,,0.8311,0.4344,KROSTALY,FUT Esports,kayo,True,100,50,1,2,0,1,False,spectre,smg,,0.5189,0.5122,Chronicle,Team Vitality,chamber,True,11,,1,0,1,1,False,classic,sidearm,,0.5789,0.4467,Derke,Team Vitality,neon,False,,,0,1,1,1,False,classic,sidearm,,,,Jamppi,Team Vitality,kayo,True,100,,0,0,1,2,False,classic,sidearm,,0.6467,0.4511,Sayonara,Team Vitality,sova,True,100,1,1,2,0,3,False,classic,sidearm,,0.6178,0.5822,PROFEK,Team Vitality,astra,True,100,,0,0,0,2,False,classic,sidearm,,0.3067,0.7900
1851.083,3607,ACTIVE_ROUND,12,6,7,53.000,,,s0pp,FUT Esports,chamber,True,100,50,0,3,0,2,False,marshal,sniper,,0.4044,0.8067,xeus,FUT Esports,jett,True,100,50,0,0,1,5,False,phantom,rifle,,0.8100,0.4900,sociablEE,FUT Esports,fade,True,100,50,1,1,0,1,False,bulldog,rifle,,0.9011,0.2956,yetujey,FUT Esports,astra,True,67,9,1,2,0,1,False,ghost,sidearm,,0.8311,0.4344,KROSTALY,FUT Esports,kayo,True,100,50,1,2,0,1,False,spectre,smg,,0.5256,0.5144,Chronicle,Team Vitality,chamber,True,11,,1,0,1,1,False,classic,sidearm,,0.5789,0.4267,Derke,Team Vitality,neon,False,,,0,1,1,1,False,classic,sidearm,,,,Jamppi,Team Vitality,kayo,True,100,,0,0,1,2,False,classic,sidearm,,0.6467,0.4511,Sayonara,Team Vitality,sova,True,100,1,1,2,0,3,False,classic,sidearm,,0.6178,0.5822,PROFEK,Team Vitality,astra,True,100,,0,0,0,2,False,classic,sidearm,,0.3067,0.7900
1851.566,3608,ACTIVE_ROUND,12,6,7,53.000,,,s0pp,FUT Esports,chamber,True,100,50,0,3,0,2,False,marshal,sniper,,0.4044,0.8067,xeus,FUT Esports,jett,True,100,50,0,0,1,5,False,phantom,rifle,,0.8100,0.4900,sociablEE,FUT Esports,fade,True,100,50,1,1,0,1,False,bulldog,rifle,,0.9011,0.2956,yetujey,FUT Esports,astra,True,67,9,1,1,0,1,False,ghost,sidearm,,0.8311,0.4344,KROSTALY,FUT Esports,kayo,True,100,50,1,2,0,1,False,spectre,smg,,0.7944,0.4011,Chronicle,Team Vitality,chamber,True,11,,1,0,1,1,False,classic,sidearm,,0.3967,0.6489,Derke,Team Vitality,neon,False,,,0,1,1,1,False,classic,sidearm,,,,Jamppi,Team Vitality,kayo,True,100,,0,0,1,2,False,bandit,sidearm,,0.6467,0.4511,Sayonara,Team Vitality,sova,True,100,1,1,2,0,3,False,classic,sidearm,,0.6178,0.5822,PROFEK,Team Vitality,astra,True,100,,0,0,0,2,False,classic,sidearm,,0.3067,0.7900
1852.050,3609,ACTIVE_ROUND,12,6,7,52.000,,,s0pp,FUT Esports,chamber,True,100,50,0,3,0,2,False,marshal,sniper,,0.4044,0.8067,xeus,FUT Esports,jett,True,100,50,0,0,1,5,False,phantom,rifle,,0.8100,0.4900,sociablEE,FUT Esports,fade,True,100,50,1,1,0,1,False,bulldog,rifle,,0.9011,0.2956,yetujey,FUT Esports,astra,True,67,9,1,1,0,1,False,ghost,sidearm,,0.8311,0.4344,KROSTALY,FUT Esports,kayo,True,100,50,1,2,0,1,False,spectre,smg,,0.4011,0.7722,Chronicle,Team Vitality,chamber,True,11,,1,0,1,1,False,classic,sidearm,,0.5722,0.6578,Derke,Team Vitality,neon,False,,,0,1,1,1,False,classic,sidearm,,,,Jamppi,Team Vitality,kayo,True,100,,0,0,1,2,False,bandit,sidearm,,0.6467,0.4511,Sayonara,Team Vitality,sova,True,100,1,1,2,0,3,False,classic,sidearm,,0.6178,0.5822,PROFEK,Team Vitality,astra,True,100,,0,0,0,2,False,classic,sidearm,,0.3067,0.7900
1852.534,3610,ACTIVE_ROUND,12,6,7,52.000,,,s0pp,FUT Esports,chamber,True,100,50,0,3,0,2,False,marshal,sniper,,0.4044,0.8067,xeus,FUT Esports,jett,True,100,50,0,0,1,5,False,phantom,rifle,,0.4300,0.8011,sociablEE,FUT Esports,fade,True,100,50,1,1,0,1,False,bulldog,rifle,,0.9011,0.2956,yetujey,FUT Esports,astra,True,67,9,1,1,0,1,False,ghost,sidearm,,0.8311,0.4344,KROSTALY,FUT Esports,kayo,True,100,50,1,2,0,1,False,spectre,smg,,0.7944,0.4011,Chronicle,Team Vitality,chamber,True,11,,1,0,1,1,False,classic,sidearm,,0.5700,0.6800,Derke,Team Vitality,neon,False,,,0,1,1,1,False,classic,sidearm,,,,Jamppi,Team Vitality,kayo,True,100,,0,0,1,2,False,bandit,sidearm,,0.6467,0.4511,Sayonara,Team Vitality,sova,True,100,1,1,2,0,3,False,classic,sidearm,,0.6178,0.5822,PROFEK,Team Vitality,astra,True,100,,0,0,0,2,False,classic,sidearm,,0.3067,0.7900
1853.018,3611,ACTIVE_ROUND,12,6,7,51.000,,,s0pp,FUT Esports,chamber,True,100,50,0,3,0,2,False,marshal,sniper,,0.4044,0.8067,xeus,FUT Esports,jett,True,100,50,0,0,1,5,False,phantom,rifle,,0.4300,0.7789,sociablEE,FUT Esports,fade,True,100,50,1,1,0,1,False,bulldog,rifle,,0.9011,0.2956,yetujey,FUT Esports,astra,True,67,9,1,1,0,1,False,ghost,sidearm,,0.8311,0.4344,KROSTALY,FUT Esports,kayo,True,100,50,1,2,0,1,False,spectre,smg,,0.4011,0.7744,Chronicle,Team Vitality,chamber,True,11,,1,0,1,1,False,classic,sidearm,,0.5700,0.6578,Derke,Team Vitality,neon,False,,,0,1,1,1,False,classic,sidearm,,,,Jamppi,Team Vitality,kayo,True,100,,0,0,1,2,False,bandit,sidearm,,0.6467,0.4511,Sayonara,Team Vitality,sova,True,100,1,1,2,0,3,False,classic,sidearm,,0.6178,0.5822,PROFEK,Team Vitality,astra,True,100,,0,0,0,2,False,classic,sidearm,,0.3067,0.7900
1853.502,3612,ACTIVE_ROUND,12,6,7,51.000,,,s0pp,FUT Esports,chamber,True,100,50,0,3,1,2,False,marshal,sniper,,0.4044,0.8067,xeus,FUT Esports,jett,True,100,50,0,0,1,5,False,phantom,rifle,,0.4300,0.7789,sociablEE,FUT Esports,fade,True,100,50,1,1,0,1,False,bulldog,rifle,,0.9011,0.2956,yetujey,FUT Esports,astra,True,67,9,1,2,0,1,False,ghost,sidearm,,0.8311,0.4344,KROSTALY,FUT Esports,kayo,True,100,50,1,2,0,1,False,spectre,smg,,0.4011,0.7744,Chronicle,Team Vitality,chamber,True,11,,1,0,1,1,False,classic,sidearm,,0.5744,0.6578,Derke,Team Vitality,neon,False,,,0,1,1,1,False,classic,sidearm,,,,Jamppi,Team Vitality,kayo,True,100,,0,0,1,2,False,classic,sidearm,,0.6467,0.4511,Sayonara,Team Vitality,sova,True,100,1,1,2,0,3,False,classic,sidearm,,0.6178,0.5822,PROFEK,Team Vitality,astra,True,100,,0,0,0,2,False,classic,sidearm,,0.3067,0.7900
1853.985,3613,ACTIVE_ROUND,12,6,7,50.000,,,s0pp,FUT Esports,chamber,True,100,50,0,3,1,2,False,marshal,sniper,,0.4044,0.8067,xeus,FUT Esports,jett,True,100,50,0,0,1,5,False,phantom,rifle,,0.4300,0.7789,sociablEE,FUT Esports,fade,True,100,50,1,1,0,1,False,bulldog,rifle,,0.9011,0.2956,yetujey,FUT Esports,astra,True,67,9,1,2,0,1,False,ghost,sidearm,,0.8311,0.4344,KROSTALY,FUT Esports,kayo,True,100,50,1,2,0,1,False,spectre,smg,,0.1478,0.4567,Chronicle,Team Vitality,chamber,True,11,,1,0,1,1,False,classic,sidearm,,0.2633,0.7622,Derke,Team Vitality,neon,False,,,0,1,1,1,False,classic,sidearm,,,,Jamppi,Team Vitality,kayo,True,100,,0,0,1,2,False,classic,sidearm,,0.6467,0.4511,Sayonara,Team Vitality,sova,True,100,1,1,2,0,3,False,classic,sidearm,,0.7356,0.3622,PROFEK,Team Vitality,astra,True,100,,0,0,0,2,False,classic,sidearm,,0.3067,0.7900
1854.469,3614,ACTIVE_ROUND,12,6,7,50.000,,,s0pp,FUT Esports,chamber,True,100,50,0,3,1,2,False,marshal,sniper,,0.4044,0.8067,xeus,FUT Esports,jett,True,100,50,0,0,1,5,False,phantom,rifle,,0.4300,0.7789,sociablEE,FUT Esports,fade,True,100,50,1,1,0,1,False,bulldog,rifle,,0.9011,0.2956,yetujey,FUT Esports,astra,True,67,9,1,2,0,1,False,ghost,sidearm,,0.8311,0.4344,KROSTALY,FUT Esports,kayo,True,100,50,1,2,0,1,False,spectre,smg,,0.5033,0.5100,Chronicle,Team Vitality,chamber,False,,,1,0,1,1,False,classic,sidearm,,0.5700,0.6711,Derke,Team Vitality,neon,False,,,0,1,1,1,False,classic,sidearm,,,,Jamppi,Team Vitality,kayo,True,100,,0,0,1,2,False,classic,sidearm,,0.6467,0.4511,Sayonara,Team Vitality,sova,True,100,1,1,2,0,3,False,classic,sidearm,,0.7356,0.3622,PROFEK,Team Vitality,astra,True,100,,0,0,0,2,False,classic,sidearm,,0.3067,0.7900
1854.953,3615,ACTIVE_ROUND,12,6,7,49.000,,,s0pp,FUT Esports,chamber,True,100,50,0,3,1,2,False,marshal,sniper,,0.4044,0.8067,xeus,FUT Esports,jett,True,100,50,0,0,1,5,False,phantom,rifle,,0.4300,0.7789,sociablEE,FUT Esports,fade,True,100,50,1,1,0,1,False,bulldog,rifle,,0.9011,0.2956,yetujey,FUT Esports,astra,True,67,9,1,2,0,1,False,ghost,sidearm,,0.8311,0.4344,KROSTALY,FUT Esports,kayo,True,100,50,1,2,0,1,False,spectre,smg,,0.5033,0.5100,Chronicle,Team Vitality,chamber,False,,,1,0,1,1,False,classic,sidearm,,,,Derke,Team Vitality,neon,False,,,0,1,1,1,False,classic,sidearm,,,,Jamppi,Team Vitality,kayo,True,100,,0,0,1,2,False,classic,sidearm,,0.5933,0.4511,Sayonara,Team Vitality,sova,True,100,1,1,2,0,3,False,classic,sidearm,,0.7333,0.3622,PROFEK,Team Vitality,astra,True,100,,0,0,0,2,False,classic,sidearm,,0.3044,0.7900
1855.437,3616,ACTIVE_ROUND,12,6,7,49.000,,,s0pp,FUT Esports,chamber,True,100,50,0,3,1,2,False,marshal,sniper,,0.4044,0.8067,xeus,FUT Esports,jett,True,100,50,0,0,1,5,False,phantom,rifle,,0.4300,0.7789,sociablEE,FUT Esports,fade,True,100,50,1,1,0,1,False,bulldog,rifle,,0.9011,0.2956,yetujey,FUT Esports,astra,True,67,9,1,2,0,2,False,ghost,sidearm,,0.8311,0.4344,KROSTALY,FUT Esports,kayo,True,100,50,1,2,0,1,False,spectre,smg,,0.8033,0.4678,Chronicle,Team Vitality,chamber,False,,,1,0,1,1,False,classic,sidearm,,,,Derke,Team Vitality,neon,False,,,0,1,1,1,False,classic,sidearm,,,,Jamppi,Team Vitality,kayo,True,100,,0,0,1,2,False,classic,sidearm,,0.5933,0.4511,Sayonara,Team Vitality,sova,True,100,1,1,2,0,3,False,classic,sidearm,,0.7333,0.3622,PROFEK,Team Vitality,astra,True,100,,0,0,0,2,False,classic,sidearm,,0.4289,0.6722
1855.921,3617,ACTIVE_ROUND,12,6,7,48.000,,,s0pp,FUT Esports,chamber,True,100,50,0,3,1,2,False,marshal,sniper,,0.4044,0.8067,xeus,FUT Esports,jett,True,100,50,0,0,1,5,False,phantom,rifle,,0.9078,0.3789,sociablEE,FUT Esports,fade,True,100,50,1,1,0,1,False,bulldog,rifle,,0.9011,0.2956,yetujey,FUT Esports,astra,True,67,9,1,2,0,2,False,ghost,sidearm,,0.8311,0.4344,KROSTALY,FUT Esports,kayo,True,100,50,1,2,0,1,False,spectre,smg,,0.8100,0.4567,Chronicle,Team Vitality,chamber,False,,,1,0,1,1,False,classic,sidearm,,,,Derke,Team Vitality,neon,False,,,0,1,1,1,False,classic,sidearm,,,,Jamppi,Team Vitality,kayo,True,100,,0,0,1,2,False,classic,sidearm,,0.6089,0.3800,Sayonara,Team Vitality,sova,True,100,1,1,2,0,3,False,classic,sidearm,,0.7333,0.3622,PROFEK,Team Vitality,astra,True,100,,0,0,0,2,False,classic,sidearm,,0.3044,0.7900
1856.405,3618,ACTIVE_ROUND,12,6,7,48.000,,,s0pp,FUT Esports,chamber,True,100,50,0,3,1,2,False,marshal,sniper,,0.4044,0.8067,xeus,FUT Esports,jett,True,100,50,0,0,1,5,False,phantom,rifle,,0.5589,0.5700,sociablEE,FUT Esports,fade,True,100,50,1,1,0,1,False,bulldog,rifle,,0.9011,0.2956,yetujey,FUT Esports,astra,True,67,9,1,2,0,2,False,ghost,sidearm,,0.8311,0.4344,KROSTALY,FUT Esports,kayo,True,100,50,1,2,0,1,False,spectre,smg,,0.8056,0.4589,Chronicle,Team Vitality,chamber,False,,,1,0,1,1,False,classic,sidearm,,,,Derke,Team Vitality,neon,False,,,0,1,1,1,False,classic,sidearm,,,,Jamppi,Team Vitality,kayo,True,100,,0,0,1,2,False,classic,sidearm,,0.5978,0.3778,Sayonara,Team Vitality,sova,True,100,1,1,2,0,3,False,classic,sidearm,,0.7333,0.3622,PROFEK,Team Vitality,astra,True,100,,0,0,0,2,False,classic,sidearm,,0.3044,0.7900
1856.888,3619,ACTIVE_ROUND,12,6,7,47.000,,,s0pp,FUT Esports,chamber,True,100,50,0,3,1,2,False,marshal,sniper,,0.4044,0.8067,xeus,FUT Esports,jett,True,100,50,0,0,1,5,False,phantom,rifle,,0.5589,0.5700,sociablEE,FUT Esports,fade,True,100,50,1,1,0,1,False,bulldog,rifle,,0.9011,0.2956,yetujey,FUT Esports,astra,True,67,9,1,2,0,2,False,ghost,sidearm,,0.8311,0.4344,KROSTALY,FUT Esports,kayo,True,100,50,1,2,0,1,False,spectre,smg,,0.8056,0.4611,Chronicle,Team Vitality,chamber,False,,,1,0,1,1,False,classic,sidearm,,,,Derke,Team Vitality,neon,False,,,0,1,1,1,False,classic,sidearm,,,,Jamppi,Team Vitality,kayo,True,100,,0,0,1,2,False,classic,sidearm,,0.5867,0.3822,Sayonara,Team Vitality,sova,True,100,1,1,2,0,3,False,classic,sidearm,,0.7333,0.3622,PROFEK,Team Vitality,astra,True,100,,0,0,0,2,False,classic,sidearm,,0.3044,0.7900
1857.372,3620,ACTIVE_ROUND,12,6,7,47.000,,,s0pp,FUT Esports,chamber,True,100,50,0,3,1,2,False,marshal,sniper,,0.4044,0.8067,xeus,FUT Esports,jett,True,100,50,0,0,1,5,False,phantom,rifle,,0.5589,0.5700,sociablEE,FUT Esports,fade,True,100,50,1,1,0,1,False,bulldog,rifle,,0.9011,0.2956,yetujey,FUT Esports,astra,True,67,9,1,1,0,2,False,ghost,sidearm,,0.8311,0.4344,KROSTALY,FUT Esports,kayo,True,100,50,1,2,0,1,False,spectre,smg,,0.1478,0.4567,Chronicle,Team Vitality,chamber,False,,,1,0,1,1,False,classic,sidearm,,,,Derke,Team Vitality,neon,False,,,0,1,1,1,False,classic,sidearm,,,,Jamppi,Team Vitality,kayo,True,100,,0,0,1,2,False,classic,sidearm,,0.5822,0.3844,Sayonara,Team Vitality,sova,True,100,1,1,2,0,3,False,classic,sidearm,,0.7333,0.3622,PROFEK,Team Vitality,astra,True,100,,0,0,0,2,False,classic,sidearm,,0.3044,0.7900
1857.856,3621,ACTIVE_ROUND,12,6,7,46.000,,,s0pp,FUT Esports,chamber,True,100,50,0,3,1,2,False,marshal,sniper,,0.4044,0.8067,xeus,FUT Esports,jett,True,100,50,0,0,1,5,False,phantom,rifle,,0.5456,0.5811,sociablEE,FUT Esports,fade,True,100,50,1,1,0,1,False,bulldog,rifle,,0.9011,0.2956,yetujey,FUT Esports,astra,True,67,9,1,1,0,2,False,ghost,sidearm,,0.8400,0.4411,KROSTALY,FUT Esports,kayo,True,100,50,1,2,0,1,False,spectre,smg,,0.5300,0.5522,Chronicle,Team Vitality,chamber,False,,,1,0,1,1,False,classic,sidearm,,,,Derke,Team Vitality,neon,False,,,0,1,1,1,False,classic,sidearm,,,,Jamppi,Team Vitality,kayo,True,100,,0,0,1,2,False,classic,sidearm,,0.5778,0.3867,Sayonara,Team Vitality,sova,True,100,1,1,2,0,3,False,classic,sidearm,,0.7333,0.3622,PROFEK,Team Vitality,astra,True,100,,0,0,0,2,False,classic,sidearm,,0.3044,0.7900
1858.340,3622,ACTIVE_ROUND,12,6,7,46.000,,,s0pp,FUT Esports,chamber,True,100,50,0,3,1,2,False,marshal,sniper,,0.4044,0.8067,xeus,FUT Esports,jett,True,100,50,0,0,1,5,False,phantom,rifle,,0.9078,0.3789,sociablEE,FUT Esports,fade,True,100,50,1,1,0,1,False,bulldog,rifle,,0.9011,0.2956,yetujey,FUT Esports,astra,True,67,9,1,1,0,2,False,ghost,sidearm,,0.8400,0.4411,KROSTALY,FUT Esports,kayo,True,100,50,1,2,0,1,False,spectre,smg,,0.5233,0.5611,Chronicle,Team Vitality,chamber,False,,,1,0,1,1,False,classic,sidearm,,,,Derke,Team Vitality,neon,False,,,0,1,1,1,False,classic,sidearm,,,,Jamppi,Team Vitality,kayo,True,100,,0,0,1,2,False,classic,sidearm,,0.5711,0.3978,Sayonara,Team Vitality,sova,True,100,1,1,2,0,3,False,classic,sidearm,,0.7978,0.3422,PROFEK,Team Vitality,astra,True,100,,0,0,0,2,False,classic,sidearm,,0.3044,0.7900
1858.824,3623,ACTIVE_ROUND,12,6,7,45.000,,,s0pp,FUT Esports,chamber,True,100,50,0,3,1,2,False,marshal,sniper,,0.4044,0.8067,xeus,FUT Esports,jett,True,100,50,0,0,1,5,False,phantom,rifle,,0.9078,0.3789,sociablEE,FUT Esports,fade,True,100,50,1,1,0,1,False,bulldog,rifle,,0.9011,0.2956,yetujey,FUT Esports,astra,True,67,9,1,1,0,2,False,ghost,sidearm,,0.8400,0.4411,KROSTALY,FUT Esports,kayo,True,100,50,1,2,0,1,False,spectre,smg,,0.5167,0.5700,Chronicle,Team Vitality,chamber,False,,,1,0,1,1,False,classic,sidearm,,,,Derke,Team Vitality,neon,False,,,0,1,1,1,False,classic,sidearm,,,,Jamppi,Team Vitality,kayo,True,100,,0,0,1,2,False,classic,sidearm,,0.5600,0.4000,Sayonara,Team Vitality,sova,True,100,1,1,2,0,3,False,classic,sidearm,,0.7978,0.3422,PROFEK,Team Vitality,astra,True,100,,0,0,0,2,False,classic,sidearm,,0.3044,0.7900
1859.307,3624,ACTIVE_ROUND,12,6,7,45.000,,,s0pp,FUT Esports,chamber,True,100,50,0,3,1,2,False,marshal,sniper,,0.4044,0.8067,xeus,FUT Esports,jett,True,100,50,0,0,1,5,False,phantom,rifle,,0.9078,0.3789,sociablEE,FUT Esports,fade,True,22,50,1,1,0,1,False,bulldog,rifle,,0.9011,0.2956,yetujey,FUT Esports,astra,True,67,9,1,2,0,2,False,ghost,sidearm,,0.8133,0.4656,KROSTALY,FUT Esports,kayo,True,100,50,1,2,0,1,False,spectre,smg,,0.5167,0.5678,Chronicle,Team Vitality,chamber,False,,,1,0,1,1,False,classic,sidearm,,,,Derke,Team Vitality,neon,False,,,0,1,1,1,False,classic,sidearm,,,,Jamppi,Team Vitality,kayo,True,100,,0,0,1,2,False,bandit,sidearm,,0.5489,0.4044,Sayonara,Team Vitality,sova,True,100,1,1,2,0,3,False,classic,sidearm,,0.7978,0.3422,PROFEK,Team Vitality,astra,True,100,,0,0,0,2,False,classic,sidearm,,0.3044,0.7900
1859.791,3625,ACTIVE_ROUND,12,6,7,44.000,,,s0pp,FUT Esports,chamber,True,100,50,0,3,1,2,False,marshal,sniper,,0.4044,0.8067,xeus,FUT Esports,jett,True,100,50,0,0,1,5,False,phantom,rifle,,0.8389,0.4478,sociablEE,FUT Esports,fade,True,22,50,1,1,0,1,False,bulldog,rifle,,0.9011,0.2956,yetujey,FUT Esports,astra,True,67,9,1,2,0,2,False,ghost,sidearm,,0.8156,0.4789,KROSTALY,FUT Esports,kayo,True,100,50,1,2,0,1,False,spectre,smg,,0.5167,0.5678,Chronicle,Team Vitality,chamber,False,,,1,0,1,1,False,classic,sidearm,,,,Derke,Team Vitality,neon,False,,,0,1,1,1,False,classic,sidearm,,,,Jamppi,Team Vitality,kayo,False,,,0,0,1,2,False,bandit,sidearm,,0.5378,0.4089,Sayonara,Team Vitality,sova,True,100,1,1,2,0,3,False,classic,sidearm,,0.7978,0.3422,PROFEK,Team Vitality,astra,True,100,,0,0,0,2,False,classic,sidearm,,0.3044,0.7900
1860.275,3626,ACTIVE_ROUND,12,6,7,44.000,,,s0pp,FUT Esports,chamber,True,100,50,0,3,1,2,False,marshal,sniper,,0.4044,0.8067,xeus,FUT Esports,jett,True,100,50,0,0,1,5,False,phantom,rifle,,0.9078,0.3789,sociablEE,FUT Esports,fade,True,22,50,1,1,0,1,False,bulldog,rifle,,0.9011,0.2956,yetujey,FUT Esports,astra,True,67,9,1,2,0,2,False,ghost,sidearm,,0.8156,0.4900,KROSTALY,FUT Esports,kayo,True,100,50,1,2,0,1,False,spectre,smg,,0.7811,0.4833,Chronicle,Team Vitality,chamber,False,,,1,0,1,1,False,classic,sidearm,,,,Derke,Team Vitality,neon,False,,,0,1,1,1,False,classic,sidearm,,,,Jamppi,Team Vitality,kayo,False,,,0,0,1,2,False,bandit,sidearm,,,,Sayonara,Team Vitality,sova,True,100,1,1,2,0,3,False,classic,sidearm,,0.7978,0.3422,PROFEK,Team Vitality,astra,True,100,,0,0,0,2,False,classic,sidearm,,0.3044,0.7900
1860.759,3627,ACTIVE_ROUND,12,6,7,43.000,,,s0pp,FUT Esports,chamber,True,100,50,0,3,1,2,False,marshal,sniper,,0.4044,0.8067,xeus,FUT Esports,jett,True,100,50,0,0,1,5,False,phantom,rifle,,0.9078,0.3789,sociablEE,FUT Esports,fade,True,22,50,1,1,0,1,False,bulldog,rifle,,0.9011,0.2956,yetujey,FUT Esports,astra,True,67,9,1,2,0,2,False,ghost,sidearm,,0.8222,0.4989,KROSTALY,FUT Esports,kayo,True,100,50,1,2,0,1,False,spectre,smg,,0.7811,0.4833,Chronicle,Team Vitality,chamber,False,,,1,0,1,1,False,classic,sidearm,,,,Derke,Team Vitality,neon,False,,,0,1,1,1,False,classic,sidearm,,,,Jamppi,Team Vitality,kayo,False,,,0,0,1,2,False,bandit,sidearm,,,,Sayonara,Team Vitality,sova,True,100,1,1,2,0,3,False,classic,sidearm,,0.7978,0.3422,PROFEK,Team Vitality,astra,True,100,,0,0,0,2,False,classic,sidearm,,0.3044,0.7900
1861.243,3628,ACTIVE_ROUND,12,6,7,43.000,,,s0pp,FUT Esports,chamber,True,100,50,0,3,1,2,False,marshal,sniper,,0.4044,0.8067,xeus,FUT Esports,jett,True,100,50,0,0,1,5,False,phantom,rifle,,0.9078,0.3789,sociablEE,FUT Esports,fade,True,22,50,1,1,0,2,False,bulldog,rifle,,0.9011,0.2956,yetujey,FUT Esports,astra,True,67,9,1,2,0,2,False,ghost,sidearm,,0.8311,0.5078,KROSTALY,FUT Esports,kayo,True,100,50,1,2,0,1,False,spectre,smg,,0.7811,0.4833,Chronicle,Team Vitality,chamber,False,,,1,0,1,1,False,classic,sidearm,,,,Derke,Team Vitality,neon,False,,,0,1,1,1,False,classic,sidearm,,,,Jamppi,Team Vitality,kayo,False,,,0,0,1,2,False,bandit,sidearm,,,,Sayonara,Team Vitality,sova,True,100,1,1,2,0,3,False,classic,sidearm,,0.7978,0.3422,PROFEK,Team Vitality,astra,True,100,,0,0,0,2,False,classic,sidearm,,0.3044,0.7900
1861.727,3629,ACTIVE_ROUND,12,6,7,42.000,,,s0pp,FUT Esports,chamber,True,100,50,0,3,1,2,False,marshal,sniper,,0.4044,0.8067,xeus,FUT Esports,jett,True,100,50,0,0,1,5,False,phantom,rifle,,0.9078,0.3789,sociablEE,FUT Esports,fade,True,22,50,1,1,0,2,False,bulldog,rifle,,0.9011,0.2956,yetujey,FUT Esports,astra,True,67,9,1,2,0,2,False,ghost,sidearm,,0.8422,0.5144,KROSTALY,FUT Esports,kayo,True,100,50,1,2,0,1,False,spectre,smg,,0.7811,0.4833,Chronicle,Team Vitality,chamber,False,,,1,0,1,1,False,classic,sidearm,,,,Derke,Team Vitality,neon,False,,,0,1,1,1,False,classic,sidearm,,,,Jamppi,Team Vitality,kayo,False,,,0,0,1,2,False,bandit,sidearm,,,,Sayonara,Team Vitality,sova,True,100,1,1,2,0,3,False,classic,sidearm,,0.3133,0.8022,PROFEK,Team Vitality,astra,True,100,,0,0,0,2,False,classic,sidearm,,0.3422,0.7967
1862.210,3630,ACTIVE_ROUND,12,6,7,42.000,,,s0pp,FUT Esports,chamber,True,100,50,0,3,1,2,False,marshal,sniper,,0.4044,0.8067,xeus,FUT Esports,jett,True,100,50,0,0,1,5,False,phantom,rifle,,0.9078,0.3789,sociablEE,FUT Esports,fade,True,22,50,1,1,0,2,False,bulldog,rifle,,0.9011,0.2956,yetujey,FUT Esports,astra,True,67,9,1,2,0,2,False,ghost,sidearm,,0.8511,0.5189,KROSTALY,FUT Esports,kayo,True,100,50,1,2,0,1,False,spectre,smg,,0.7811,0.4833,Chronicle,Team Vitality,chamber,False,,,1,0,1,1,False,classic,sidearm,,,,Derke,Team Vitality,neon,False,,,0,1,1,1,False,classic,sidearm,,,,Jamppi,Team Vitality,kayo,False,,,0,0,1,2,False,bandit,sidearm,,,,Sayonara,Team Vitality,sova,True,100,1,1,2,0,3,False,classic,sidearm,,0.6111,0.5844,PROFEK,Team Vitality,astra,True,100,,0,0,0,2,False,classic,sidearm,,0.3244,0.7878
1862.694,3631,ACTIVE_ROUND,12,6,7,41.000,,,s0pp,FUT Esports,chamber,True,100,50,0,3,1,2,False,marshal,sniper,,0.4044,0.8067,xeus,FUT Esports,jett,True,100,50,0,0,1,5,False,phantom,rifle,,0.9078,0.3789,sociablEE,FUT Esports,fade,True,22,50,1,1,0,2,False,bulldog,rifle,,0.9011,0.2956,yetujey,FUT Esports,astra,True,67,9,1,2,0,2,False,ghost,sidearm,,0.8622,0.5233,KROSTALY,FUT Esports,kayo,True,100,50,1,2,0,1,False,spectre,smg,,0.1500,0.4544,Chronicle,Team Vitality,chamber,False,,,1,0,1,1,False,classic,sidearm,,,,Derke,Team Vitality,neon,False,,,0,1,1,1,False,classic,sidearm,,,,Jamppi,Team Vitality,kayo,False,,,0,0,1,2,False,bandit,sidearm,,,,Sayonara,Team Vitality,sova,True,100,1,1,2,0,3,False,classic,sidearm,,0.5844,0.5622,PROFEK,Team Vitality,astra,True,100,,0,0,0,2,False,classic,sidearm,,0.3111,0.7722
1863.178,3632,ACTIVE_ROUND,12,6,7,41.000,,,s0pp,FUT Esports,chamber,True,100,50,0,3,1,2,False,marshal,sniper,,0.4044,0.8067,xeus,FUT Esports,jett,True,100,50,0,0,1,5,False,phantom,rifle,,0.9078,0.3789,sociablEE,FUT Esports,fade,True,22,50,0,1,0,2,False,bulldog,rifle,,0.9011,0.2956,yetujey,FUT Esports,astra,True,67,9,1,0,0,2,False,ghost,sidearm,,0.8756,0.5278,KROSTALY,FUT Esports,kayo,True,100,50,1,2,0,1,False,spectre,smg,,0.1500,0.4544,Chronicle,Team Vitality,chamber,False,,,1,0,1,1,False,classic,sidearm,,,,Derke,Team Vitality,neon,False,,,0,1,1,1,False,classic,sidearm,,,,Jamppi,Team Vitality,kayo,False,,,0,0,1,2,False,bandit,sidearm,,,,Sayonara,Team Vitality,sova,True,100,1,1,2,0,3,False,classic,sidearm,,0.7356,0.3533,PROFEK,Team Vitality,astra,True,100,,0,0,0,2,False,classic,sidearm,,0.3111,0.7722
1863.662,3633,ACTIVE_ROUND,12,6,7,40.000,,,s0pp,FUT Esports,chamber,True,100,50,0,3,1,2,False,marshal,sniper,,0.4044,0.8067,xeus,FUT Esports,jett,True,100,50,0,0,1,5,False,phantom,rifle,,0.9211,0.3300,sociablEE,FUT Esports,fade,True,22,50,0,1,0,2,False,bulldog,rifle,,0.9011,0.2956,yetujey,FUT Esports,astra,True,67,9,1,0,0,2,False,ghost,sidearm,,0.8867,0.5300,KROSTALY,FUT Esports,kayo,True,100,50,1,2,0,1,False,spectre,smg,,0.1500,0.4544,Chronicle,Team Vitality,chamber,False,,,1,0,1,1,False,classic,sidearm,,,,Derke,Team Vitality,neon,False,,,0,1,1,1,False,classic,sidearm,,,,Jamppi,Team Vitality,kayo,False,,,0,0,1,2,False,bandit,sidearm,,,,Sayonara,Team Vitality,sova,True,100,1,1,2,0,3,False,classic,sidearm,,0.5956,0.5289,PROFEK,Team Vitality,astra,True,100,,0,0,0,2,False,classic,sidearm,,0.3111,0.7722
1864.146,3634,ACTIVE_ROUND,12,6,7,40.000,,,s0pp,FUT Esports,chamber,True,100,50,0,3,1,2,False,marshal,sniper,,0.4044,0.8067,xeus,FUT Esports,jett,True,100,50,0,0,1,5,False,phantom,rifle,,0.9056,0.3211,sociablEE,FUT Esports,fade,True,22,50,0,1,0,2,False,bulldog,rifle,,0.9011,0.2956,yetujey,FUT Esports,astra,True,67,9,1,0,0,2,False,ghost,sidearm,,0.8867,0.5300,KROSTALY,FUT Esports,kayo,True,100,50,1,2,0,1,False,spectre,smg,,0.8678,0.5456,Chronicle,Team Vitality,chamber,False,,,1,0,1,1,False,classic,sidearm,,,,Derke,Team Vitality,neon,False,,,0,1,1,1,False,classic,sidearm,,,,Jamppi,Team Vitality,kayo,False,,,0,0,1,2,False,bandit,sidearm,,,,Sayonara,Team Vitality,sova,True,100,1,1,2,0,3,False,classic,sidearm,,0.4844,0.4467,PROFEK,Team Vitality,astra,True,100,,0,0,0,2,False,classic,sidearm,,0.2800,0.7211
1864.629,3635,ACTIVE_ROUND,12,6,7,40.000,,,s0pp,FUT Esports,chamber,True,100,50,0,3,1,2,False,marshal,sniper,,0.4044,0.8067,xeus,FUT Esports,jett,True,100,50,0,0,1,5,False,phantom,rifle,,0.9167,0.3189,sociablEE,FUT Esports,fade,True,22,50,0,1,0,2,False,bulldog,rifle,,0.8900,0.3022,yetujey,FUT Esports,astra,True,67,9,1,0,0,2,False,ghost,sidearm,,0.9000,0.5478,KROSTALY,FUT Esports,kayo,True,100,50,1,2,0,1,False,spectre,smg,,0.8656,0.5478,Chronicle,Team Vitality,chamber,False,,,1,0,1,1,False,classic,sidearm,,,,Derke,Team Vitality,neon,False,,,0,1,1,1,False,classic,sidearm,,,,Jamppi,Team Vitality,kayo,False,,,0,0,1,2,False,bandit,sidearm,,,,Sayonara,Team Vitality,sova,True,100,1,1,2,0,3,False,classic,sidearm,,0.9089,0.3778,PROFEK,Team Vitality,astra,True,100,,0,0,0,2,False,classic,sidearm,,0.8867,0.2767
1865.113,3636,ACTIVE_ROUND,12,6,7,39.000,,,s0pp,FUT Esports,chamber,True,100,50,0,3,1,2,False,marshal,sniper,,0.8978,0.5578,xeus,FUT Esports,jett,True,100,50,0,0,1,5,False,phantom,rifle,,0.9322,0.5567,sociablEE,FUT Esports,fade,True,22,50,0,1,0,2,False,bulldog,rifle,,0.8789,0.3089,yetujey,FUT Esports,astra,True,67,9,1,1,0,2,False,ghost,sidearm,,0.9000,0.5478,KROSTALY,FUT Esports,kayo,True,100,50,1,2,0,1,False,spectre,smg,,0.8656,0.5478,Chronicle,Team Vitality,chamber,False,,,1,0,1,1,False,classic,sidearm,,,,Derke,Team Vitality,neon,False,,,0,1,1,1,False,classic,sidearm,,,,Jamppi,Team Vitality,kayo,False,,,0,0,1,2,False,bandit,sidearm,,,,Sayonara,Team Vitality,sova,True,100,1,1,2,0,3,False,classic,sidearm,,0.2133,0.7133,PROFEK,Team Vitality,astra,True,100,,0,0,0,2,False,classic,sidearm,,0.3044,0.7900
1865.597,3637,ACTIVE_ROUND,12,6,7,39.000,,,s0pp,FUT Esports,chamber,True,100,50,0,3,1,2,False,marshal,sniper,,0.8889,0.5644,xeus,FUT Esports,jett,True,100,50,0,0,1,5,False,phantom,rifle,,0.9189,0.5678,sociablEE,FUT Esports,fade,True,22,50,0,1,0,2,False,bulldog,rifle,,0.8700,0.3089,yetujey,FUT Esports,astra,True,67,9,1,1,0,2,False,ghost,sidearm,,0.9000,0.5478,KROSTALY,FUT Esports,kayo,True,100,50,1,2,0,1,False,spectre,smg,,0.8656,0.5478,Chronicle,Team Vitality,chamber,False,,,1,0,1,1,False,classic,sidearm,,,,Derke,Team Vitality,neon,False,,,0,1,1,1,False,classic,sidearm,,,,Jamppi,Team Vitality,kayo,False,,,0,0,1,2,False,bandit,sidearm,,,,Sayonara,Team Vitality,sova,True,100,1,1,2,0,3,False,classic,sidearm,,0.1800,0.6822,PROFEK,Team Vitality,astra,True,100,,0,0,0,2,False,classic,sidearm,,0.3044,0.7900
1866.081,3638,ACTIVE_ROUND,12,6,7,38.000,,,s0pp,FUT Esports,chamber,True,100,50,0,3,1,2,False,marshal,sniper,,0.8889,0.5644,xeus,FUT Esports,jett,True,100,50,0,0,1,5,False,phantom,rifle,,0.9233,0.2744,sociablEE,FUT Esports,fade,True,22,50,0,1,0,2,False,bulldog,rifle,,0.8611,0.3044,yetujey,FUT Esports,astra,True,67,9,1,1,0,2,False,ghost,sidearm,,0.9000,0.5478,KROSTALY,FUT Esports,kayo,True,100,50,1,2,0,1,False,spectre,smg,,0.8411,0.2567,Chronicle,Team Vitality,chamber,False,,,1,0,1,1,False,classic,sidearm,,,,Derke,Team Vitality,neon,False,,,0,1,1,1,False,classic,sidearm,,,,Jamppi,Team Vitality,kayo,False,,,0,0,1,2,False,bandit,sidearm,,,,Sayonara,Team Vitality,sova,True,100,1,1,2,0,3,False,classic,sidearm,,0.1800,0.6556,PROFEK,Team Vitality,astra,True,100,,0,0,0,2,False,classic,sidearm,,0.2044,0.6967
1866.565,3639,ACTIVE_ROUND,12,6,7,38.000,,,s0pp,FUT Esports,chamber,True,100,50,0,3,1,2,False,marshal,sniper,,0.8889,0.5644,xeus,FUT Esports,jett,True,100,50,0,0,1,5,False,phantom,rifle,,0.8744,0.3167,sociablEE,FUT Esports,fade,True,22,50,0,1,0,2,False,bulldog,rifle,,0.8611,0.3044,yetujey,FUT Esports,astra,True,67,9,1,1,0,2,False,ghost,sidearm,,0.9000,0.5478,KROSTALY,FUT Esports,kayo,True,100,50,1,2,0,1,False,spectre,smg,,0.8500,0.2167,Chronicle,Team Vitality,chamber,False,,,1,0,1,1,False,classic,sidearm,,,,Derke,Team Vitality,neon,False,,,0,1,1,1,False,classic,sidearm,,,,Jamppi,Team Vitality,kayo,False,,,0,0,1,2,False,bandit,sidearm,,,,Sayonara,Team Vitality,sova,True,100,1,1,2,0,3,False,classic,sidearm,,0.1778,0.6489,PROFEK,Team Vitality,astra,True,100,,0,0,0,2,False,classic,sidearm,,0.3044,0.7900
1867.049,3640,ACTIVE_ROUND,12,6,7,37.000,,,s0pp,FUT Esports,chamber,True,100,50,0,3,1,2,False,marshal,sniper,,0.8889,0.5644,xeus,FUT Esports,jett,True,100,50,0,0,1,5,False,phantom,rifle,,0.7522,0.1922,sociablEE,FUT Esports,fade,True,22,50,0,1,0,2,False,bulldog,rifle,,0.8389,0.2933,yetujey,FUT Esports,astra,True,67,9,1,0,0,2,False,ghost,sidearm,,0.9000,0.5478,KROSTALY,FUT Esports,kayo,True,100,50,1,2,0,1,False,spectre,smg,,0.5433,0.1033,Chronicle,Team Vitality,chamber,False,,,1,0,1,1,False,classic,sidearm,,,,Derke,Team Vitality,neon,False,,,0,1,1,1,False,classic,sidearm,,,,Jamppi,Team Vitality,kayo,False,,,0,0,1,2,False,bandit,sidearm,,,,Sayonara,Team Vitality,sova,True,100,1,1,2,0,3,False,classic,sidearm,,0.1778,0.6489,PROFEK,Team Vitality,astra,True,100,,0,0,0,2,False,classic,sidearm,,0.1644,0.6989
1867.532,3641,ACTIVE_ROUND,12,6,7,37.000,,,s0pp,FUT Esports,chamber,True,100,50,0,3,1,2,False,marshal,sniper,,0.8889,0.5644,xeus,FUT Esports,jett,True,100,50,0,0,1,5,False,phantom,rifle,,0.8589,0.2967,sociablEE,FUT Esports,fade,True,22,50,0,1,0,2,False,bulldog,rifle,,0.8389,0.2933,yetujey,FUT Esports,astra,True,67,9,1,0,0,2,False,ghost,sidearm,,0.9000,0.5478,KROSTALY,FUT Esports,kayo,True,100,50,1,2,0,1,False,spectre,smg,,0.5433,0.1033,Chronicle,Team Vitality,chamber,False,,,1,0,1,1,False,classic,sidearm,,,,Derke,Team Vitality,neon,False,,,0,1,1,1,False,classic,sidearm,,,,Jamppi,Team Vitality,kayo,False,,,0,0,1,2,False,bandit,sidearm,,,,Sayonara,Team Vitality,sova,True,100,1,1,2,0,3,False,classic,sidearm,,0.1778,0.6489,PROFEK,Team Vitality,astra,True,100,,0,0,0,2,False,classic,sidearm,,0.1578,0.6989
1868.016,3642,ACTIVE_ROUND,12,6,7,36.000,,,s0pp,FUT Esports,chamber,True,100,50,0,3,1,2,False,marshal,sniper,,0.8889,0.5644,xeus,FUT Esports,jett,True,100,50,0,0,1,5,False,phantom,rifle,,0.8456,0.2989,sociablEE,FUT Esports,fade,True,22,50,0,1,0,2,False,bulldog,rifle,,0.8389,0.2933,yetujey,FUT Esports,astra,True,67,9,1,0,0,2,False,ghost,sidearm,,0.9000,0.5478,KROSTALY,FUT Esports,kayo,True,100,50,1,2,0,1,False,spectre,smg,,0.4811,0.5789,Chronicle,Team Vitality,chamber,False,,,1,0,1,1,False,classic,sidearm,,,,Derke,Team Vitality,neon,False,,,0,1,1,1,False,classic,sidearm,,,,Jamppi,Team Vitality,kayo,False,,,0,0,1,2,False,bandit,sidearm,,,,Sayonara,Team Vitality,sova,True,100,1,1,2,0,3,False,classic,sidearm,,0.1778,0.6489,PROFEK,Team Vitality,astra,True,100,,0,0,0,2,False,classic,sidearm,,0.1578,0.6989
1868.500,3643,ACTIVE_ROUND,12,6,7,36.000,,,s0pp,FUT Esports,chamber,True,100,50,0,3,1,2,False,marshal,sniper,,0.8889,0.5644,xeus,FUT Esports,jett,True,100,50,0,0,1,5,False,phantom,rifle,,0.8344,0.2944,sociablEE,FUT Esports,fade,True,22,50,0,1,0,2,False,bulldog,rifle,,0.8389,0.2933,yetujey,FUT Esports,astra,True,67,9,1,0,0,2,False,ghost,sidearm,,0.9000,0.5478,KROSTALY,FUT Esports,kayo,True,100,50,1,2,0,1,False,spectre,smg,,0.4811,0.5789,Chronicle,Team Vitality,chamber,False,,,1,0,1,1,False,classic,sidearm,,,,Derke,Team Vitality,neon,False,,,0,1,1,1,False,classic,sidearm,,,,Jamppi,Team Vitality,kayo,False,,,0,0,1,2,False,bandit,sidearm,,,,Sayonara,Team Vitality,sova,True,100,1,1,2,0,3,False,classic,sidearm,,0.1778,0.6489,PROFEK,Team Vitality,astra,True,100,,0,0,0,2,False,classic,sidearm,,0.1578,0.6989
1868.984,3644,ACTIVE_ROUND,12,6,7,35.000,,,s0pp,FUT Esports,chamber,True,100,50,0,3,1,2,False,marshal,sniper,,0.8889,0.5644,xeus,FUT Esports,jett,True,100,50,0,0,1,5,False,phantom,rifle,,0.8456,0.5789,sociablEE,FUT Esports,fade,True,22,50,0,1,0,2,False,bulldog,rifle,,0.8389,0.2933,yetujey,FUT Esports,astra,True,67,9,1,0,0,2,False,ghost,sidearm,,0.9000,0.5478,KROSTALY,FUT Esports,kayo,True,100,50,1,2,1,1,False,spectre,smg,,0.7656,0.2811,Chronicle,Team Vitality,chamber,False,,,1,0,1,1,False,classic,sidearm,,,,Derke,Team Vitality,neon,False,,,0,1,1,1,False,classic,sidearm,,,,Jamppi,Team Vitality,kayo,False,,,0,0,1,2,False,bandit,sidearm,,,,Sayonara,Team Vitality,sova,True,100,1,1,2,1,3,False,classic,sidearm,,0.1778,0.6489,PROFEK,Team Vitality,astra,True,100,,0,0,0,2,False,classic,sidearm,,0.3044,0.7878
1869.468,3645,ACTIVE_ROUND,12,6,7,35.000,,,s0pp,FUT Esports,chamber,True,100,50,0,3,1,2,False,marshal,sniper,,0.8889,0.5644,xeus,FUT Esports,jett,True,100,50,0,0,1,5,False,phantom,rifle,,0.7878,0.6278,sociablEE,FUT Esports,fade,True,22,50,0,1,0,2,False,bulldog,rifle,,0.8389,0.2933,yetujey,FUT Esports,astra,True,67,9,1,0,0,2,False,ghost,sidearm,,0.9000,0.5478,KROSTALY,FUT Esports,kayo,True,100,50,1,2,1,1,False,spectre,smg,,0.7633,0.2833,Chronicle,Team Vitality,chamber,False,,,1,0,1,1,False,classic,sidearm,,,,Derke,Team Vitality,neon,False,,,0,1,1,1,False,classic,sidearm,,,,Jamppi,Team Vitality,kayo,False,,,0,0,1,2,False,bandit,sidearm,,,,Sayonara,Team Vitality,sova,True,100,1,1,2,1,3,False,classic,sidearm,,0.1778,0.6489,PROFEK,Team Vitality,astra,True,100,,0,0,0,2,False,classic,sidearm,,0.3044,0.7878
1869.951,3646,ACTIVE_ROUND,12,6,7,34.000,,,s0pp,FUT Esports,chamber,True,100,50,0,3,1,2,False,marshal,sniper,,0.7956,0.6044,xeus,FUT Esports,jett,True,100,50,0,0,1,5,False,phantom,rifle,,0.7878,0.6278,sociablEE,FUT Esports,fade,True,22,50,0,1,0,2,False,bulldog,rifle,,0.8389,0.2933,yetujey,FUT Esports,astra,True,67,9,1,0,0,2,False,ghost,sidearm,,0.9000,0.5478,KROSTALY,FUT Esports,kayo,True,100,50,1,2,1,1,False,spectre,smg,,0.7633,0.2833,Chronicle,Team Vitality,chamber,False,,,1,0,1,1,False,classic,sidearm,,,,Derke,Team Vitality,neon,False,,,0,1,1,1,False,classic,sidearm,,,,Jamppi,Team Vitality,kayo,False,,,0,0,1,2,False,bandit,sidearm,,,,Sayonara,Team Vitality,sova,True,100,1,1,2,1,3,False,classic,sidearm,,0.1778,0.6489,PROFEK,Team Vitality,astra,True,100,,0,0,0,2,False,classic,sidearm,,0.1600,0.6744
1870.435,3647,ACTIVE_ROUND,12,6,7,34.000,,,s0pp,FUT Esports,chamber,True,100,50,0,3,1,2,False,marshal,sniper,,0.7956,0.6044,xeus,FUT Esports,jett,True,100,50,0,0,1,5,False,phantom,rifle,,0.7878,0.6278,sociablEE,FUT Esports,fade,True,22,50,0,1,0,2,False,bulldog,rifle,,0.8389,0.2933,yetujey,FUT Esports,astra,True,67,9,1,0,0,2,False,ghost,sidearm,,0.7889,0.6167,KROSTALY,FUT Esports,kayo,True,100,50,1,2,1,1,False,spectre,smg,,0.7656,0.2811,Chronicle,Team Vitality,chamber,False,,,1,0,1,1,False,classic,sidearm,,,,Derke,Team Vitality,neon,False,,,0,1,1,1,False,classic,sidearm,,,,Jamppi,Team Vitality,kayo,False,,,0,0,1,2,False,bandit,sidearm,,,,Sayonara,Team Vitality,sova,True,100,1,1,2,1,3,False,classic,sidearm,,0.1778,0.6489,PROFEK,Team Vitality,astra,True,100,,0,0,0,2,False,classic,sidearm,,0.1622,0.6544
1870.919,3648,ACTIVE_ROUND,12,6,7,33.000,,,s0pp,FUT Esports,chamber,True,100,50,0,3,1,2,False,marshal,sniper,,0.7844,0.6244,xeus,FUT Esports,jett,True,100,50,0,0,1,5,False,phantom,rifle,,0.7878,0.6278,sociablEE,FUT Esports,fade,True,22,50,0,1,0,2,False,bulldog,rifle,,0.8389,0.2933,yetujey,FUT Esports,astra,True,67,9,1,0,0,3,False,ghost,sidearm,,0.7889,0.6167,KROSTALY,FUT Esports,kayo,True,100,50,1,2,1,1,False,spectre,smg,,0.7233,0.2322,Chronicle,Team Vitality,chamber,False,,,1,0,1,1,False,classic,sidearm,,,,Derke,Team Vitality,neon,False,,,0,1,1,1,False,classic,sidearm,,,,Jamppi,Team Vitality,kayo,False,,,0,0,1,2,False,bandit,sidearm,,,,Sayonara,Team Vitality,sova,True,100,1,1,2,1,3,False,classic,sidearm,,0.1778,0.6489,PROFEK,Team Vitality,astra,True,100,,0,0,0,2,False,classic,sidearm,,0.1578,0.6367
1871.403,3649,ACTIVE_ROUND,12,6,7,33.000,,,s0pp,FUT Esports,chamber,True,100,50,0,3,1,2,False,marshal,sniper,,0.7844,0.6244,xeus,FUT Esports,jett,True,100,50,0,0,1,5,False,phantom,rifle,,0.7878,0.6278,sociablEE,FUT Esports,fade,True,22,50,0,1,0,2,False,bulldog,rifle,,0.8389,0.2933,yetujey,FUT Esports,astra,True,67,9,1,0,0,3,False,ghost,sidearm,,0.7889,0.6167,KROSTALY,FUT Esports,kayo,True,100,50,1,2,1,1,False,spectre,smg,,0.7233,0.2322,Chronicle,Team Vitality,chamber,False,,,1,0,1,1,False,classic,sidearm,,,,Derke,Team Vitality,neon,False,,,0,1,1,1,False,classic,sidearm,,,,Jamppi,Team Vitality,kayo,False,,,0,0,1,2,False,bandit,sidearm,,,,Sayonara,Team Vitality,sova,True,100,1,1,2,1,3,False,classic,sidearm,,0.1778,0.6489,PROFEK,Team Vitality,astra,True,100,,0,0,0,2,False,classic,sidearm,,0.1511,0.6189
1871.887,3650,ACTIVE_ROUND,12,6,7,32.000,,,s0pp,FUT Esports,chamber,True,100,50,0,3,1,2,False,marshal,sniper,,0.7733,0.6467,xeus,FUT Esports,jett,True,100,50,0,0,1,5,False,phantom,rifle,,0.8167,0.1700,sociablEE,FUT Esports,fade,True,22,50,0,1,0,2,False,bulldog,rifle,,0.8389,0.2933,yetujey,FUT Esports,astra,True,67,9,1,0,0,3,False,ghost,sidearm,,0.7889,0.6167,KROSTALY,FUT Esports,kayo,True,100,50,1,2,1,1,False,spectre,smg,,0.7233,0.2322,Chronicle,Team Vitality,chamber,False,,,1,0,1,1,False,classic,sidearm,,,,Derke,Team Vitality,neon,False,,,0,1,1,1,False,classic,sidearm,,,,Jamppi,Team Vitality,kayo,False,,,0,0,1,2,False,bandit,sidearm,,,,Sayonara,Team Vitality,sova,True,100,1,1,2,1,3,False,classic,sidearm,,0.1778,0.6489,PROFEK,Team Vitality,astra,True,100,,0,0,0,2,False,classic,sidearm,,0.1511,0.6011
1872.370,3651,ACTIVE_ROUND,12,6,7,32.000,,,s0pp,FUT Esports,chamber,True,100,50,0,3,1,2,False,marshal,sniper,,0.7733,0.6467,xeus,FUT Esports,jett,True,100,50,0,0,1,5,False,phantom,rifle,,0.7389,0.6389,sociablEE,FUT Esports,fade,True,22,50,0,1,0,2,False,bulldog,rifle,,0.8389,0.2933,yetujey,FUT Esports,astra,True,67,9,1,0,0,3,False,ghost,sidearm,,0.7889,0.6167,KROSTALY,FUT Esports,kayo,True,100,50,1,2,1,1,False,spectre,smg,,0.7233,0.2322,Chronicle,Team Vitality,chamber,False,,,1,0,1,1,False,classic,sidearm,,,,Derke,Team Vitality,neon,False,,,0,1,1,1,False,classic,sidearm,,,,Jamppi,Team Vitality,kayo,False,,,0,0,1,2,False,bandit,sidearm,,,,Sayonara,Team Vitality,sova,True,100,1,1,2,1,3,False,classic,sidearm,,0.1778,0.6489,PROFEK,Team Vitality,astra,True,100,,0,0,0,2,False,classic,sidearm,,0.3044,0.7900
1872.854,3652,ACTIVE_ROUND,12,6,7,31.000,,,s0pp,FUT Esports,chamber,True,100,50,0,3,1,2,False,marshal,sniper,,0.7622,0.6667,xeus,FUT Esports,jett,True,100,50,0,0,1,5,False,phantom,rifle,,0.7811,0.6878,sociablEE,FUT Esports,fade,True,22,50,0,1,0,2,False,bulldog,rifle,,0.8389,0.2933,yetujey,FUT Esports,astra,True,67,9,1,2,0,3,False,ghost,sidearm,,0.7889,0.6167,KROSTALY,FUT Esports,kayo,True,100,50,1,2,1,1,False,spectre,smg,,0.7256,0.2300,Chronicle,Team Vitality,chamber,False,,,1,0,1,1,False,classic,sidearm,,,,Derke,Team Vitality,neon,False,,,0,1,1,1,False,classic,sidearm,,,,Jamppi,Team Vitality,kayo,False,,,0,0,1,2,False,bandit,sidearm,,,,Sayonara,Team Vitality,sova,True,100,1,1,2,1,3,False,classic,sidearm,,0.7400,0.6622,PROFEK,Team Vitality,astra,True,100,,0,0,0,2,False,classic,sidearm,,0.3044,0.7900
1873.338,3653,ACTIVE_ROUND,12,6,7,31.000,,,s0pp,FUT Esports,chamber,True,100,50,0,3,1,2,False,marshal,sniper,,0.7622,0.6667,xeus,FUT Esports,jett,True,100,50,0,0,1,5,False,phantom,rifle,,0.7767,0.7056,sociablEE,FUT Esports,fade,True,22,50,0,1,0,2,False,bulldog,rifle,,0.7544,0.6778,yetujey,FUT Esports,astra,True,67,9,1,2,0,3,False,ghost,sidearm,,0.6844,0.2011,KROSTALY,FUT Esports,kayo,True,100,50,1,2,1,1,False,spectre,smg,,0.7233,0.2322,Chronicle,Team Vitality,chamber,False,,,1,0,1,1,False,classic,sidearm,,,,Derke,Team Vitality,neon,False,,,0,1,1,1,False,classic,sidearm,,,,Jamppi,Team Vitality,kayo,False,,,0,0,1,2,False,bandit,sidearm,,,,Sayonara,Team Vitality,sova,True,100,1,1,2,1,3,False,classic,sidearm,,0.7400,0.6622,PROFEK,Team Vitality,astra,True,100,,0,0,0,2,False,classic,sidearm,,0.3044,0.7900
1873.822,3654,ACTIVE_ROUND,12,6,7,30.000,,,s0pp,FUT Esports,chamber,True,100,50,0,3,1,2,False,marshal,sniper,,0.7622,0.6667,xeus,FUT Esports,jett,True,100,50,0,0,1,5,False,phantom,rifle,,0.7767,0.7011,sociablEE,FUT Esports,fade,True,22,50,0,1,0,2,False,bulldog,rifle,,0.7544,0.6778,yetujey,FUT Esports,astra,True,67,9,1,2,0,3,False,ghost,sidearm,,0.6778,0.2011,KROSTALY,FUT Esports,kayo,True,100,50,1,2,1,1,False,spectre,smg,,0.4833,0.5789,Chronicle,Team Vitality,chamber,False,,,1,0,1,1,False,classic,sidearm,,,,Derke,Team Vitality,neon,False,,,0,1,1,1,False,classic,sidearm,,,,Jamppi,Team Vitality,kayo,False,,,0,0,1,2,False,bandit,sidearm,,,,Sayonara,Team Vitality,sova,True,100,1,1,2,1,3,False,classic,sidearm,,0.7400,0.6622,PROFEK,Team Vitality,astra,True,100,,0,0,0,2,False,classic,sidearm,,0.7489,0.6856
1874.306,3655,ACTIVE_ROUND,12,6,7,30.000,,,s0pp,FUT Esports,chamber,True,100,50,0,3,1,2,False,marshal,sniper,,0.7622,0.6667,xeus,FUT Esports,jett,True,100,50,0,0,1,5,False,phantom,rifle,,0.7056,0.2033,sociablEE,FUT Esports,fade,True,22,50,0,1,0,2,False,bulldog,rifle,,0.7544,0.6778,yetujey,FUT Esports,astra,True,67,9,1,2,0,3,False,ghost,sidearm,,0.6778,0.2011,KROSTALY,FUT Esports,kayo,True,100,50,1,2,1,1,False,spectre,smg,,0.7500,0.6967,Chronicle,Team Vitality,chamber,False,,,1,0,1,1,False,classic,sidearm,,,,Derke,Team Vitality,neon,False,,,0,1,1,1,False,classic,sidearm,,,,Jamppi,Team Vitality,kayo,False,,,0,0,1,2,False,bandit,sidearm,,,,Sayonara,Team Vitality,sova,True,100,1,1,2,1,3,False,classic,sidearm,,0.7400,0.6622,PROFEK,Team Vitality,astra,True,100,,0,0,0,2,False,classic,sidearm,,0.3044,0.7900
1874.790,3656,ACTIVE_ROUND,12,6,7,29.000,,,s0pp,FUT Esports,chamber,True,100,50,0,3,1,2,False,marshal,sniper,,0.7622,0.6667,xeus,FUT Esports,jett,True,100,50,0,0,1,5,False,phantom,rifle,,0.7056,0.2033,sociablEE,FUT Esports,fade,True,22,50,0,1,0,2,False,bulldog,rifle,,0.7544,0.6778,yetujey,FUT Esports,astra,True,67,9,1,0,0,3,False,ghost,sidearm,,0.6778,0.2011,KROSTALY,FUT Esports,kayo,True,100,50,1,2,0,1,False,spectre,smg,,0.7078,0.6967,Chronicle,Team Vitality,chamber,False,,,1,0,1,1,False,classic,sidearm,,,,Derke,Team Vitality,neon,False,,,0,1,1,1,False,classic,sidearm,,,,Jamppi,Team Vitality,kayo,False,,,0,0,1,2,False,bandit,sidearm,,,,Sayonara,Team Vitality,sova,True,100,1,1,2,1,3,False,classic,sidearm,,0.5978,0.7133,PROFEK,Team Vitality,astra,True,100,,0,0,0,2,False,classic,sidearm,,0.3044,0.7900
1875.273,3657,ACTIVE_ROUND,12,6,7,29.000,,,s0pp,FUT Esports,chamber,True,100,50,0,3,1,2,False,marshal,sniper,,0.7622,0.6667,xeus,FUT Esports,jett,True,100,50,0,0,1,5,False,phantom,rifle,,0.7633,0.7344,sociablEE,FUT Esports,fade,True,22,50,0,1,0,2,False,bulldog,rifle,,0.7544,0.6778,yetujey,FUT Esports,astra,True,67,9,1,0,0,3,False,ghost,sidearm,,0.6778,0.2011,KROSTALY,FUT Esports,kayo,True,100,50,1,2,0,1,False,spectre,smg,,0.7122,0.7389,Chronicle,Team Vitality,chamber,False,,,1,0,1,1,False,classic,sidearm,,,,Derke,Team Vitality,neon,False,,,0,1,1,1,False,classic,sidearm,,,,Jamppi,Team Vitality,kayo,False,,,0,0,1,2,False,bandit,sidearm,,,,Sayonara,Team Vitality,sova,True,100,1,1,2,1,3,False,classic,sidearm,,0.5978,0.7133,PROFEK,Team Vitality,astra,True,100,,0,0,0,2,False,classic,sidearm,,0.3044,0.7900
1875.757,3658,ACTIVE_ROUND,12,6,7,28.000,,,s0pp,FUT Esports,chamber,True,100,50,0,3,1,2,False,marshal,sniper,,0.7622,0.6667,xeus,FUT Esports,jett,True,100,50,0,0,1,5,False,phantom,rifle,,0.7633,0.7344,sociablEE,FUT Esports,fade,True,22,50,0,1,0,2,False,bulldog,rifle,,0.7544,0.6778,yetujey,FUT Esports,astra,True,67,9,1,0,0,3,False,ghost,sidearm,,0.6778,0.2011,KROSTALY,FUT Esports,kayo,True,100,50,1,2,0,1,False,spectre,smg,,0.4811,0.5567,Chronicle,Team Vitality,chamber,False,,,1,0,1,1,False,classic,sidearm,,,,Derke,Team Vitality,neon,False,,,0,1,1,1,False,classic,sidearm,,,,Jamppi,Team Vitality,kayo,False,,,0,0,1,2,False,bandit,sidearm,,,,Sayonara,Team Vitality,sova,True,100,1,1,2,1,3,False,classic,sidearm,,0.5978,0.7133,PROFEK,Team Vitality,astra,True,100,,0,0,0,2,False,classic,sidearm,,0.3044,0.7900
1876.241,3659,ACTIVE_ROUND,12,6,7,28.000,,,s0pp,FUT Esports,chamber,True,100,50,0,3,1,2,False,marshal,sniper,,0.7622,0.6667,xeus,FUT Esports,jett,True,100,50,0,0,1,5,False,phantom,rifle,,0.6256,0.2056,sociablEE,FUT Esports,fade,True,22,50,0,1,0,2,False,bulldog,rifle,,0.7544,0.6778,yetujey,FUT Esports,astra,True,67,9,1,0,0,3,False,ghost,sidearm,,0.6778,0.2011,KROSTALY,FUT Esports,kayo,True,100,50,1,2,0,1,False,spectre,smg,,0.7322,0.7389,Chronicle,Team Vitality,chamber,False,,,1,0,1,1,False,classic,sidearm,,,,Derke,Team Vitality,neon,False,,,0,1,1,1,False,classic,sidearm,,,,Jamppi,Team Vitality,kayo,False,,,0,0,1,2,False,bandit,sidearm,,,,Sayonara,Team Vitality,sova,True,100,1,1,2,1,3,False,classic,sidearm,,0.5978,0.7133,PROFEK,Team Vitality,astra,True,100,,0,0,0,2,False,classic,sidearm,,0.3044,0.7900
1876.725,3660,ACTIVE_ROUND,12,6,7,27.000,,,s0pp,FUT Esports,chamber,True,100,50,0,3,1,2,False,marshal,sniper,,0.7622,0.6667,xeus,FUT Esports,jett,True,100,50,0,0,1,5,False,phantom,rifle,,0.5722,0.2233,sociablEE,FUT Esports,fade,True,22,50,0,1,0,2,False,bulldog,rifle,,0.7544,0.6778,yetujey,FUT Esports,astra,True,67,9,1,1,0,3,False,ghost,sidearm,,0.6778,0.2011,KROSTALY,FUT Esports,kayo,True,100,50,1,2,0,1,False,spectre,smg,,0.4833,0.5567,Chronicle,Team Vitality,chamber,False,,,1,0,1,1,False,classic,sidearm,,,,Derke,Team Vitality,neon,False,,,0,1,1,1,False,classic,sidearm,,,,Jamppi,Team Vitality,kayo,False,,,0,0,1,2,False,bandit,sidearm,,,,Sayonara,Team Vitality,sova,True,100,1,1,2,1,3,False,classic,sidearm,,0.5022,0.5578,PROFEK,Team Vitality,astra,True,100,,0,0,0,2,False,classic,sidearm,,0.3044,0.7900
1877.209,3661,ACTIVE_ROUND,12,6,7,27.000,,,s0pp,FUT Esports,chamber,True,100,50,0,3,1,2,False,marshal,sniper,,0.7622,0.6667,xeus,FUT Esports,jett,True,100,50,0,0,1,5,False,phantom,rifle,,0.5722,0.2233,sociablEE,FUT Esports,fade,True,22,50,0,1,0,2,False,bulldog,rifle,,0.7544,0.6778,yetujey,FUT Esports,astra,True,67,9,1,1,0,3,False,ghost,sidearm,,0.6778,0.2011,KROSTALY,FUT Esports,kayo,True,100,50,1,2,0,1,False,spectre,smg,,0.5344,0.1856,Chronicle,Team Vitality,chamber,False,,,1,0,1,1,False,classic,sidearm,,,,Derke,Team Vitality,neon,False,,,0,1,1,1,False,classic,sidearm,,,,Jamppi,Team Vitality,kayo,False,,,0,0,1,2,False,bandit,sidearm,,,,Sayonara,Team Vitality,sova,True,100,1,1,2,1,3,False,classic,sidearm,,0.5022,0.5578,PROFEK,Team Vitality,astra,True,100,,0,0,0,2,False,classic,sidearm,,0.3044,0.7900
1877.692,3662,ACTIVE_ROUND,12,6,7,26.000,,,s0pp,FUT Esports,chamber,True,100,50,0,3,1,2,False,marshal,sniper,,0.7622,0.6667,xeus,FUT Esports,jett,True,100,50,0,0,1,5,False,phantom,rifle,,0.5722,0.2322,sociablEE,FUT Esports,fade,True,22,50,0,1,0,2,False,bulldog,rifle,,0.7544,0.6778,yetujey,FUT Esports,astra,True,67,9,1,1,0,3,False,ghost,sidearm,,0.7067,0.7722,KROSTALY,FUT Esports,kayo,True,100,50,1,2,0,1,False,spectre,smg,,0.7100,0.7478,Chronicle,Team Vitality,chamber,False,,,1,0,1,1,False,classic,sidearm,,,,Derke,Team Vitality,neon,False,,,0,1,1,1,False,classic,sidearm,,,,Jamppi,Team Vitality,kayo,False,,,0,0,1,2,False,bandit,sidearm,,,,Sayonara,Team Vitality,sova,True,100,1,1,2,1,3,False,classic,sidearm,,0.6844,0.7600,PROFEK,Team Vitality,astra,True,100,,0,0,0,2,False,classic,sidearm,,0.3044,0.7900
1878.176,3663,ACTIVE_ROUND,12,6,7,26.000,,,s0pp,FUT Esports,chamber,True,100,50,0,3,1,2,False,marshal,sniper,,0.7622,0.6667,xeus,FUT Esports,jett,True,100,50,0,0,1,5,False,phantom,rifle,,0.5722,0.2322,sociablEE,FUT Esports,fade,True,22,50,0,1,0,2,False,bulldog,rifle,,0.7544,0.6778,yetujey,FUT Esports,astra,True,67,9,1,1,0,3,False,ghost,sidearm,,0.7067,0.7722,KROSTALY,FUT Esports,kayo,True,100,50,1,2,0,1,False,spectre,smg,,0.5700,0.7322,Chronicle,Team Vitality,chamber,False,,,1,0,1,1,False,classic,sidearm,,,,Derke,Team Vitality,neon,False,,,0,1,1,1,False,classic,sidearm,,,,Jamppi,Team Vitality,kayo,False,,,0,0,1,2,False,bandit,sidearm,,,,Sayonara,Team Vitality,sova,True,100,1,1,2,1,3,False,classic,sidearm,,0.7178,0.7600,PROFEK,Team Vitality,astra,True,100,,0,0,0,2,False,classic,sidearm,,0.3044,0.7900
1878.660,3664,ACTIVE_ROUND,12,6,7,26.000,,,s0pp,FUT Esports,chamber,True,100,50,0,3,0,2,False,marshal,sniper,,0.7622,0.6667,xeus,FUT Esports,jett,True,100,50,0,0,1,5,False,phantom,rifle,,0.5411,0.2500,sociablEE,FUT Esports,fade,True,22,50,0,1,0,2,False,bulldog,rifle,,0.7544,0.6778,yetujey,FUT Esports,astra,True,67,9,1,0,0,3,False,ghost,sidearm,,0.7067,0.7722,KROSTALY,FUT Esports,kayo,True,100,50,1,2,0,1,False,spectre,smg,,0.7100,0.7478,Chronicle,Team Vitality,chamber,False,,,1,0,1,1,False,classic,sidearm,,,,Derke,Team Vitality,neon,False,,,0,1,1,1,False,classic,sidearm,,,,Jamppi,Team Vitality,kayo,False,,,0,0,1,2,False,bandit,sidearm,,,,Sayonara,Team Vitality,sova,True,100,1,1,2,1,3,False,classic,sidearm,,0.7178,0.7600,PROFEK,Team Vitality,astra,True,100,,0,0,0,2,False,classic,sidearm,,0.3044,0.7900
1879.144,3665,ACTIVE_ROUND,12,6,7,25.000,,,s0pp,FUT Esports,chamber,True,100,50,0,3,0,2,False,marshal,sniper,,0.7622,0.6667,xeus,FUT Esports,jett,True,100,50,0,0,1,5,False,phantom,rifle,,0.5411,0.2500,sociablEE,FUT Esports,fade,True,22,50,0,1,0,2,False,bulldog,rifle,,0.7544,0.6778,yetujey,FUT Esports,astra,True,67,9,1,0,0,3,False,ghost,sidearm,,0.7067,0.7722,KROSTALY,FUT Esports,kayo,True,100,50,1,2,0,1,False,spectre,smg,,0.1633,0.3611,Chronicle,Team Vitality,chamber,False,,,1,0,1,1,False,classic,sidearm,,,,Derke,Team Vitality,neon,False,,,0,1,1,1,False,classic,sidearm,,,,Jamppi,Team Vitality,kayo,False,,,0,0,1,2,False,bandit,sidearm,,,,Sayonara,Team Vitality,sova,True,100,1,1,2,1,3,False,classic,sidearm,,0.6644,0.7400,PROFEK,Team Vitality,astra,True,100,,0,0,0,2,False,classic,sidearm,,0.3044,0.7900
1879.628,3666,ACTIVE_ROUND,12,6,7,25.000,,,s0pp,FUT Esports,chamber,True,100,50,0,3,0,2,False,marshal,sniper,,0.7622,0.6667,xeus,FUT Esports,jett,True,100,50,0,0,1,5,False,phantom,rifle,,0.5411,0.2500,sociablEE,FUT Esports,fade,True,22,50,0,1,0,2,False,bulldog,rifle,,0.7544,0.6778,yetujey,FUT Esports,astra,True,67,9,1,0,0,3,False,ghost,sidearm,,0.6778,0.7389,KROSTALY,FUT Esports,kayo,True,100,50,1,2,0,1,False,spectre,smg,,0.4589,0.2522,Chronicle,Team Vitality,chamber,False,,,1,0,1,1,False,classic,sidearm,,,,Derke,Team Vitality,neon,False,,,0,1,1,1,False,classic,sidearm,,,,Jamppi,Team Vitality,kayo,False,,,0,0,1,2,False,bandit,sidearm,,,,Sayonara,Team Vitality,sova,True,100,1,1,2,1,3,False,classic,sidearm,,0.1178,0.7222,PROFEK,Team Vitality,astra,True,100,,0,0,0,2,False,classic,sidearm,,0.3044,0.7900
1880.112,3667,ACTIVE_ROUND,12,6,7,24.000,,,s0pp,FUT Esports,chamber,True,100,50,0,3,0,2,False,marshal,sniper,,0.7622,0.6667,xeus,FUT Esports,jett,True,100,50,0,0,1,5,False,phantom,rifle,,0.5411,0.2500,sociablEE,FUT Esports,fade,True,22,50,0,1,0,2,False,bulldog,rifle,,0.7544,0.6778,yetujey,FUT Esports,astra,True,67,9,1,0,0,3,False,ghost,sidearm,,0.6667,0.7367,KROSTALY,FUT Esports,kayo,True,100,50,1,2,0,1,False,spectre,smg,,0.4811,0.5789,Chronicle,Team Vitality,chamber,False,,,1,0,1,1,False,classic,sidearm,,,,Derke,Team Vitality,neon,False,,,0,1,1,1,False,classic,sidearm,,,,Jamppi,Team Vitality,kayo,False,,,0,0,1,2,False,bandit,sidearm,,,,Sayonara,Team Vitality,sova,True,100,1,1,2,1,3,False,classic,sidearm,,0.1178,0.7222,PROFEK,Team Vitality,astra,True,100,,0,0,0,2,False,classic,sidearm,,0.3044,0.7900
1880.595,3668,ACTIVE_ROUND,12,6,7,24.000,,,s0pp,FUT Esports,chamber,True,100,50,0,3,0,2,False,marshal,sniper,,0.7622,0.6667,xeus,FUT Esports,jett,True,100,50,0,0,1,5,False,phantom,rifle,,0.6233,0.7100,sociablEE,FUT Esports,fade,True,22,50,0,1,0,2,False,bulldog,rifle,,0.7544,0.6778,yetujey,FUT Esports,astra,True,67,9,1,0,0,3,False,ghost,sidearm,,0.6533,0.7344,KROSTALY,FUT Esports,kayo,True,100,50,1,2,0,1,False,spectre,smg,,0.4811,0.5789,Chronicle,Team Vitality,chamber,False,,,1,0,1,1,False,classic,sidearm,,,,Derke,Team Vitality,neon,False,,,0,1,1,1,False,classic,sidearm,,,,Jamppi,Team Vitality,kayo,False,,,0,0,1,2,False,bandit,sidearm,,,,Sayonara,Team Vitality,sova,True,100,1,1,2,1,3,False,classic,sidearm,,0.1178,0.7222,PROFEK,Team Vitality,astra,True,100,,0,0,0,2,False,classic,sidearm,,0.3044,0.7900
1881.079,3669,ACTIVE_ROUND,12,6,7,23.000,,,s0pp,FUT Esports,chamber,True,100,50,0,3,0,2,False,marshal,sniper,,0.7622,0.6667,xeus,FUT Esports,jett,True,100,50,0,0,1,5,False,phantom,rifle,,0.2144,0.4144,sociablEE,FUT Esports,fade,True,22,50,0,1,0,2,False,bulldog,rifle,,0.7544,0.6778,yetujey,FUT Esports,astra,True,67,9,1,0,0,3,False,ghost,sidearm,,0.6422,0.7344,KROSTALY,FUT Esports,kayo,True,100,50,1,2,0,1,False,spectre,smg,,0.4811,0.5789,Chronicle,Team Vitality,chamber,False,,,1,0,1,1,False,classic,sidearm,,,,Derke,Team Vitality,neon,False,,,0,1,1,1,False,classic,sidearm,,,,Jamppi,Team Vitality,kayo,False,,,0,0,1,2,False,bandit,sidearm,,,,Sayonara,Team Vitality,sova,True,100,1,1,2,1,3,False,classic,sidearm,,0.2533,0.4133,PROFEK,Team Vitality,astra,True,100,,0,0,0,2,False,classic,sidearm,,0.3044,0.7900
1881.563,3670,ACTIVE_ROUND,12,6,7,23.000,,,s0pp,FUT Esports,chamber,True,100,50,0,3,0,2,False,marshal,sniper,,0.7622,0.6667,xeus,FUT Esports,jett,True,100,50,0,0,1,5,False,phantom,rifle,,0.8056,0.1589,sociablEE,FUT Esports,fade,True,22,50,0,1,0,2,False,bulldog,rifle,,0.7544,0.6778,yetujey,FUT Esports,astra,True,67,9,1,0,0,3,False,ghost,sidearm,,0.6333,0.7256,KROSTALY,FUT Esports,kayo,True,100,50,1,2,0,1,False,spectre,smg,,0.4811,0.5789,Chronicle,Team Vitality,chamber,False,,,1,0,1,1,False,classic,sidearm,,,,Derke,Team Vitality,neon,False,,,0,1,1,1,False,classic,sidearm,,,,Jamppi,Team Vitality,kayo,False,,,0,0,1,2,False,bandit,sidearm,,,,Sayonara,Team Vitality,sova,True,100,1,1,2,1,3,False,classic,sidearm,,0.2533,0.4133,PROFEK,Team Vitality,astra,True,100,,0,0,0,2,False,classic,sidearm,,0.1178,0.5744
1882.047,3671,ACTIVE_ROUND,12,6,7,22.000,,,s0pp,FUT Esports,chamber,True,100,50,0,3,0,2,False,marshal,sniper,,0.7622,0.6667,xeus,FUT Esports,jett,True,100,50,0,0,1,5,False,phantom,rifle,,0.4544,0.2544,sociablEE,FUT Esports,fade,True,22,50,0,1,0,2,False,bulldog,rifle,,0.7544,0.6778,yetujey,FUT Esports,astra,True,67,9,1,0,0,3,False,ghost,sidearm,,0.6244,0.7189,KROSTALY,FUT Esports,kayo,True,100,50,1,2,0,1,False,spectre,smg,,0.4811,0.5633,Chronicle,Team Vitality,chamber,False,,,1,0,1,1,False,classic,sidearm,,,,Derke,Team Vitality,neon,False,,,0,1,1,1,False,classic,sidearm,,,,Jamppi,Team Vitality,kayo,False,,,0,0,1,2,False,bandit,sidearm,,,,Sayonara,Team Vitality,sova,True,100,1,1,2,1,3,False,classic,sidearm,,0.6378,0.1222,PROFEK,Team Vitality,astra,True,100,,0,0,0,2,False,classic,sidearm,,0.1178,0.5744
1882.531,3672,ACTIVE_ROUND,12,6,7,22.000,,,s0pp,FUT Esports,chamber,True,100,50,0,3,0,2,False,marshal,sniper,,0.7622,0.6667,xeus,FUT Esports,jett,True,100,50,0,0,1,5,False,phantom,rifle,,0.4433,0.2611,sociablEE,FUT Esports,fade,True,22,50,0,1,0,2,False,bulldog,rifle,,0.7544,0.6778,yetujey,FUT Esports,astra,True,67,9,1,0,0,3,False,ghost,sidearm,,0.6156,0.7100,KROSTALY,FUT Esports,kayo,True,100,50,1,2,0,1,False,spectre,smg,,0.4811,0.5789,Chronicle,Team Vitality,chamber,False,,,1,0,1,1,False,classic,sidearm,,,,Derke,Team Vitality,neon,False,,,0,1,1,1,False,classic,sidearm,,,,Jamppi,Team Vitality,kayo,False,,,0,0,1,2,False,bandit,sidearm,,,,Sayonara,Team Vitality,sova,True,100,1,1,2,1,3,False,classic,sidearm,,0.6378,0.1222,PROFEK,Team Vitality,astra,True,100,,0,0,0,2,False,classic,sidearm,,0.3044,0.7900
1883.014,3673,ACTIVE_ROUND,12,6,7,21.000,,,s0pp,FUT Esports,chamber,True,100,50,0,3,0,2,False,marshal,sniper,,0.7622,0.6667,xeus,FUT Esports,jett,True,100,50,0,0,1,5,False,phantom,rifle,,0.4322,0.2611,sociablEE,FUT Esports,fade,True,22,50,0,1,0,2,False,bulldog,rifle,,0.7544,0.6778,yetujey,FUT Esports,astra,True,67,9,1,0,0,3,False,ghost,sidearm,,0.6089,0.7011,KROSTALY,FUT Esports,kayo,True,100,50,1,2,0,1,False,spectre,smg,,0.5744,0.7056,Chronicle,Team Vitality,chamber,False,,,1,0,1,1,False,classic,sidearm,,,,Derke,Team Vitality,neon,False,,,0,1,1,1,False,classic,sidearm,,,,Jamppi,Team Vitality,kayo,False,,,0,0,1,2,False,bandit,sidearm,,,,Sayonara,Team Vitality,sova,True,100,1,1,2,1,3,False,classic,sidearm,,0.7533,0.1889,PROFEK,Team Vitality,astra,True,100,,0,0,0,2,False,classic,sidearm,,0.3044,0.7900
1883.498,3674,ACTIVE_ROUND,12,6,7,21.000,,,s0pp,FUT Esports,chamber,True,100,50,0,3,0,2,False,marshal,sniper,,0.7622,0.6667,xeus,FUT Esports,jett,True,100,50,0,0,1,5,False,phantom,rifle,,0.6256,0.7078,sociablEE,FUT Esports,fade,True,22,50,0,1,0,2,False,bulldog,rifle,,0.7544,0.6778,yetujey,FUT Esports,astra,True,67,9,1,0,0,3,False,ghost,sidearm,,0.6089,0.7011,KROSTALY,FUT Esports,kayo,True,100,50,1,2,0,1,False,spectre,smg,,0.5700,0.7056,Chronicle,Team Vitality,chamber,False,,,1,0,1,1,False,classic,sidearm,,,,Derke,Team Vitality,neon,False,,,0,1,1,1,False,classic,sidearm,,,,Jamppi,Team Vitality,kayo,False,,,0,0,1,2,False,bandit,sidearm,,,,Sayonara,Team Vitality,sova,True,100,1,1,2,1,3,False,classic,sidearm,,0.1889,0.3400,PROFEK,Team Vitality,astra,True,100,,0,0,0,2,False,classic,sidearm,,0.3044,0.7900
1884.466,3676,ACTIVE_ROUND,12,6,7,,0.000,,s0pp,FUT Esports,chamber,True,100,50,0,3,0,3,False,marshal,sniper,,0.7622,0.6667,xeus,FUT Esports,jett,True,100,50,0,0,1,5,False,phantom,rifle,,0.6256,0.7078,sociablEE,FUT Esports,fade,True,22,50,0,1,1,2,False,ghost,sidearm,,0.7544,0.6778,yetujey,FUT Esports,astra,True,67,9,1,0,0,3,False,bulldog,rifle,,0.5844,0.6767,KROSTALY,FUT Esports,kayo,True,100,50,1,2,0,2,False,spectre,smg,,0.4811,0.5633,Chronicle,Team Vitality,chamber,False,,,1,0,1,1,False,classic,sidearm,,,,Derke,Team Vitality,neon,False,,,0,1,1,1,False,classic,sidearm,,,,Jamppi,Team Vitality,kayo,False,,,0,0,1,2,False,bandit,sidearm,,,,Sayonara,Team Vitality,sova,False,,1,1,2,1,4,False,unknown,unknown,,0.7822,0.6556,PROFEK,Team Vitality,astra,True,100,,0,0,0,2,False,classic,sidearm,,0.3044,0.7900
1884.950,3677,ACTIVE_ROUND,12,6,7,,0.484,,s0pp,FUT Esports,chamber,True,100,50,0,3,0,3,False,marshal,sniper,,0.7622,0.6667,xeus,FUT Esports,jett,True,100,50,0,0,1,5,False,phantom,rifle,,0.6100,0.6633,sociablEE,FUT Esports,fade,True,22,50,0,1,1,2,False,ghost,sidearm,,0.7544,0.6778,yetujey,FUT Esports,astra,True,67,9,1,0,0,3,False,bulldog,rifle,,0.5733,0.6678,KROSTALY,FUT Esports,kayo,True,100,50,1,2,0,2,False,spectre,smg,,0.4789,0.5789,Chronicle,Team Vitality,chamber,False,,,1,0,1,1,False,classic,sidearm,,,,Derke,Team Vitality,neon,False,,,0,1,1,1,False,classic,sidearm,,,,Jamppi,Team Vitality,kayo,False,,,0,0,1,2,False,bandit,sidearm,,,,Sayonara,Team Vitality,sova,False,,1,1,2,1,4,False,unknown,unknown,,,,PROFEK,Team Vitality,astra,True,100,,0,0,0,2,False,classic,sidearm,,0.1422,0.6500
1885.434,3678,ACTIVE_ROUND,12,6,7,,0.968,,s0pp,FUT Esports,chamber,True,100,50,0,3,0,3,False,marshal,sniper,,0.7622,0.6667,xeus,FUT Esports,jett,True,100,50,0,0,1,5,False,phantom,rifle,,0.5744,0.6300,sociablEE,FUT Esports,fade,True,22,50,0,1,1,2,False,ghost,sidearm,,0.7544,0.6778,yetujey,FUT Esports,astra,True,67,9,1,0,0,3,False,bulldog,rifle,,0.5733,0.6678,KROSTALY,FUT Esports,kayo,True,100,50,1,2,0,2,False,spectre,smg,,0.4811,0.5567,Chronicle,Team Vitality,chamber,False,,,1,0,1,1,False,classic,sidearm,,,,Derke,Team Vitality,neon,False,,,0,1,1,1,False,classic,sidearm,,,,Jamppi,Team Vitality,kayo,False,,,0,0,1,2,False,bandit,sidearm,,,,Sayonara,Team Vitality,sova,False,,1,1,2,1,4,False,unknown,unknown,,,,PROFEK,Team Vitality,astra,True,100,,0,0,0,2,False,classic,sidearm,,0.1444,0.6678
1885.917,3679,ACTIVE_ROUND,12,6,7,,1.451,,s0pp,FUT Esports,chamber,True,100,50,0,3,0,3,False,marshal,sniper,,0.7622,0.6667,xeus,FUT Esports,jett,True,100,50,0,0,1,5,False,phantom,rifle,,0.5744,0.6300,sociablEE,FUT Esports,fade,True,22,50,0,1,1,2,False,ghost,sidearm,,0.7544,0.6778,yetujey,FUT Esports,astra,True,67,9,1,0,0,3,False,bulldog,rifle,,0.5533,0.6500,KROSTALY,FUT Esports,kayo,True,100,50,1,2,0,2,False,spectre,smg,,0.4811,0.5633,Chronicle,Team Vitality,chamber,False,,,1,0,1,1,False,classic,sidearm,,,,Derke,Team Vitality,neon,False,,,0,1,1,1,False,classic,sidearm,,,,Jamppi,Team Vitality,kayo,False,,,0,0,1,2,False,bandit,sidearm,,,,Sayonara,Team Vitality,sova,False,,1,1,2,1,4,False,unknown,unknown,,,,PROFEK,Team Vitality,astra,True,100,,0,0,0,2,False,classic,sidearm,,0.1533,0.6789
1886.401,3680,ACTIVE_ROUND,12,6,7,,1.935,,s0pp,FUT Esports,chamber,True,100,50,0,3,0,3,False,marshal,sniper,,0.7622,0.6667,xeus,FUT Esports,jett,True,100,50,0,0,1,5,False,phantom,rifle,,0.5233,0.5611,sociablEE,FUT Esports,fade,True,22,50,0,1,1,2,False,ghost,sidearm,,0.7544,0.6778,yetujey,FUT Esports,astra,True,67,9,1,0,0,3,False,bulldog,rifle,,0.5533,0.6500,KROSTALY,FUT Esports,kayo,True,100,50,1,2,0,2,False,spectre,smg,,0.4811,0.5633,Chronicle,Team Vitality,chamber,False,,,1,0,1,1,False,classic,sidearm,,,,Derke,Team Vitality,neon,False,,,0,1,1,1,False,classic,sidearm,,,,Jamppi,Team Vitality,kayo,False,,,0,0,1,2,False,bandit,sidearm,,,,Sayonara,Team Vitality,sova,False,,1,1,2,1,4,False,unknown,unknown,,,,PROFEK,Team Vitality,astra,True,100,,0,0,0,2,False,classic,sidearm,,0.1689,0.6878
1886.885,3681,ACTIVE_ROUND,12,6,7,,2.419,,s0pp,FUT Esports,chamber,True,100,50,0,3,0,3,False,marshal,sniper,,0.7622,0.6667,xeus,FUT Esports,jett,True,100,50,0,0,1,5,False,phantom,rifle,,0.5233,0.5611,sociablEE,FUT Esports,fade,True,22,50,0,1,1,2,False,ghost,sidearm,,0.7544,0.6778,yetujey,FUT Esports,astra,True,67,9,1,0,0,3,False,bulldog,rifle,,0.5333,0.6278,KROSTALY,FUT Esports,kayo,True,100,50,1,2,0,2,False,spectre,smg,,0.4811,0.5633,Chronicle,Team Vitality,chamber,False,,,1,0,1,1,False,classic,sidearm,,,,Derke,Team Vitality,neon,False,,,0,1,1,1,False,classic,sidearm,,,,Jamppi,Team Vitality,kayo,False,,,0,0,1,2,False,bandit,sidearm,,,,Sayonara,Team Vitality,sova,False,,1,1,2,1,4,False,unknown,unknown,,,,PROFEK,Team Vitality,astra,True,100,,0,0,0,2,False,classic,sidearm,,0.3044,0.7922
1887.369,3682,ACTIVE_ROUND,12,6,7,,2.903,,s0pp,FUT Esports,chamber,True,100,50,0,3,0,3,False,marshal,sniper,,0.7622,0.6667,xeus,FUT Esports,jett,True,100,50,0,0,1,5,False,phantom,rifle,,0.5233,0.5611,sociablEE,FUT Esports,fade,True,22,50,0,1,1,2,False,ghost,sidearm,,0.7544,0.6778,yetujey,FUT Esports,astra,True,67,9,1,0,0,3,False,bulldog,rifle,,0.5267,0.6167,KROSTALY,FUT Esports,kayo,True,100,50,1,2,0,2,False,spectre,smg,,0.4811,0.5567,Chronicle,Team Vitality,chamber,False,,,1,0,1,1,False,classic,sidearm,,,,Derke,Team Vitality,neon,False,,,0,1,1,1,False,classic,sidearm,,,,Jamppi,Team Vitality,kayo,False,,,0,0,1,2,False,bandit,sidearm,,,,Sayonara,Team Vitality,sova,False,,1,1,2,1,4,False,unknown,unknown,,,,PROFEK,Team Vitality,astra,True,100,,0,0,0,2,False,classic,sidearm,,0.3044,0.7900
1887.853,3683,ACTIVE_ROUND,12,6,7,,3.387,,s0pp,FUT Esports,chamber,True,100,50,0,3,0,3,False,marshal,sniper,,0.7622,0.6667,xeus,FUT Esports,jett,True,100,50,0,0,1,5,False,phantom,rifle,,0.5233,0.5611,sociablEE,FUT Esports,fade,True,22,50,0,1,1,2,False,ghost,sidearm,,0.7544,0.6778,yetujey,FUT Esports,astra,True,67,9,1,0,0,3,False,bulldog,rifle,,0.5200,0.6056,KROSTALY,FUT Esports,kayo,True,100,50,1,2,0,2,False,spectre,smg,,0.4811,0.5567,Chronicle,Team Vitality,chamber,False,,,1,0,1,1,False,classic,sidearm,,,,Derke,Team Vitality,neon,False,,,0,1,1,1,False,classic,sidearm,,,,Jamppi,Team Vitality,kayo,False,,,0,0,1,2,False,bandit,sidearm,,,,Sayonara,Team Vitality,sova,False,,1,1,2,1,4,False,unknown,unknown,,,,PROFEK,Team Vitality,astra,True,100,,0,0,0,2,False,classic,sidearm,,0.2022,0.6967
1888.336,3684,ACTIVE_ROUND,12,6,7,,3.871,,s0pp,FUT Esports,chamber,True,100,50,0,3,0,3,False,marshal,sniper,,0.7622,0.6667,xeus,FUT Esports,jett,True,100,50,0,0,1,5,False,phantom,rifle,,0.5233,0.5633,sociablEE,FUT Esports,fade,True,22,50,0,1,1,2,False,ghost,sidearm,,0.7544,0.6778,yetujey,FUT Esports,astra,True,67,9,1,0,0,3,False,bulldog,rifle,,0.5133,0.5922,KROSTALY,FUT Esports,kayo,True,100,50,1,2,0,2,False,spectre,smg,,0.4789,0.5878,Chronicle,Team Vitality,chamber,False,,,1,0,1,1,False,classic,sidearm,,,,Derke,Team Vitality,neon,False,,,0,1,1,1,False,classic,sidearm,,,,Jamppi,Team Vitality,kayo,False,,,0,0,1,2,False,bandit,sidearm,,,,Sayonara,Team Vitality,sova,False,,1,1,2,1,4,False,unknown,unknown,,,,PROFEK,Team Vitality,astra,True,100,,0,0,0,2,False,classic,sidearm,,0.3044,0.7900
1888.820,3685,ACTIVE_ROUND,12,6,7,,4.354,,s0pp,FUT Esports,chamber,True,100,50,0,3,0,3,False,marshal,sniper,,0.7622,0.6667,xeus,FUT Esports,jett,True,100,50,0,0,1,5,False,phantom,rifle,,0.5233,0.5633,sociablEE,FUT Esports,fade,True,22,50,0,1,1,2,False,ghost,sidearm,,0.7544,0.6778,yetujey,FUT Esports,astra,True,67,9,1,0,0,3,False,bulldog,rifle,,0.5067,0.5789,KROSTALY,FUT Esports,kayo,True,100,50,1,2,0,2,False,spectre,smg,,0.4789,0.5589,Chronicle,Team Vitality,chamber,False,,,1,0,1,1,False,classic,sidearm,,,,Derke,Team Vitality,neon,False,,,0,1,1,1,False,classic,sidearm,,,,Jamppi,Team Vitality,kayo,False,,,0,0,1,2,False,bandit,sidearm,,,,Sayonara,Team Vitality,sova,False,,1,1,2,1,4,False,unknown,unknown,,,,PROFEK,Team Vitality,astra,True,100,,0,0,0,2,False,classic,sidearm,,0.3044,0.7900
1889.304,3686,ACTIVE_ROUND,12,6,7,,4.838,,s0pp,FUT Esports,chamber,True,100,50,0,3,0,3,False,marshal,sniper,,0.7622,0.6667,xeus,FUT Esports,jett,True,100,50,0,0,1,5,False,phantom,rifle,,0.5233,0.5633,sociablEE,FUT Esports,fade,True,22,50,0,1,1,2,False,ghost,sidearm,,0.7544,0.6778,yetujey,FUT Esports,astra,True,67,9,1,0,0,3,False,bulldog,rifle,,0.5044,0.5678,KROSTALY,FUT Esports,kayo,True,100,50,1,2,0,2,False,spectre,smg,,0.4789,0.5767,Chronicle,Team Vitality,chamber,False,,,1,0,1,1,False,classic,sidearm,,,,Derke,Team Vitality,neon,False,,,0,1,1,1,False,classic,sidearm,,,,Jamppi,Team Vitality,kayo,False,,,0,0,1,2,False,bandit,sidearm,,,,Sayonara,Team Vitality,sova,False,,1,1,2,1,4,False,unknown,unknown,,,,PROFEK,Team Vitality,astra,True,100,,0,0,0,2,False,classic,sidearm,,0.3044,0.7900
1889.788,3687,ACTIVE_ROUND,12,6,7,,5.322,,s0pp,FUT Esports,chamber,True,100,50,0,3,0,3,False,marshal,sniper,,0.7622,0.6667,xeus,FUT Esports,jett,True,100,50,0,0,1,5,False,phantom,rifle,,0.5233,0.5633,sociablEE,FUT Esports,fade,True,22,50,0,1,1,2,False,ghost,sidearm,,0.7544,0.6778,yetujey,FUT Esports,astra,True,67,9,1,0,0,3,False,bulldog,rifle,,0.5133,0.5544,KROSTALY,FUT Esports,kayo,True,100,50,1,2,0,2,False,spectre,smg,,0.4789,0.5767,Chronicle,Team Vitality,chamber,False,,,1,0,1,1,False,classic,sidearm,,,,Derke,Team Vitality,neon,False,,,0,1,1,1,False,classic,sidearm,,,,Jamppi,Team Vitality,kayo,False,,,0,0,1,2,False,bandit,sidearm,,,,Sayonara,Team Vitality,sova,False,,1,1,2,1,4,False,unknown,unknown,,,,PROFEK,Team Vitality,astra,True,100,,0,0,0,2,False,classic,sidearm,,0.3044,0.7900
1890.272,3688,ACTIVE_ROUND,12,6,7,,5.806,,s0pp,FUT Esports,chamber,True,100,50,0,3,0,3,False,marshal,sniper,,0.7622,0.6667,xeus,FUT Esports,jett,True,100,50,0,0,1,5,False,phantom,rifle,,0.5233,0.5633,sociablEE,FUT Esports,fade,True,22,50,0,1,0,2,False,ghost,sidearm,,0.7544,0.6778,yetujey,FUT Esports,astra,True,67,9,1,2,0,3,False,bulldog,rifle,,0.5267,0.5567,KROSTALY,FUT Esports,kayo,True,100,50,1,2,0,2,False,spectre,smg,,0.4789,0.5767,Chronicle,Team Vitality,chamber,False,,,1,0,1,1,False,classic,sidearm,,,,Derke,Team Vitality,neon,False,,,0,1,1,1,False,classic,sidearm,,,,Jamppi,Team Vitality,kayo,False,,,0,0,1,2,False,bandit,sidearm,,,,Sayonara,Team Vitality,sova,False,,1,1,2,1,4,False,unknown,unknown,,,,PROFEK,Team Vitality,astra,True,100,,0,0,0,2,False,bandit,sidearm,,0.3044,0.7922
1890.756,3689,ACTIVE_ROUND,12,6,7,,6.290,,s0pp,FUT Esports,chamber,True,100,50,0,3,0,3,False,marshal,sniper,,0.7622,0.6667,xeus,FUT Esports,jett,True,100,50,0,0,1,5,False,phantom,rifle,,0.5233,0.5633,sociablEE,FUT Esports,fade,True,22,50,0,1,0,2,False,ghost,sidearm,,0.7544,0.6778,yetujey,FUT Esports,astra,True,67,9,1,2,0,3,False,bulldog,rifle,,0.5378,0.5522,KROSTALY,FUT Esports,kayo,True,100,50,1,2,0,2,False,spectre,smg,,0.4900,0.5122,Chronicle,Team Vitality,chamber,False,,,1,0,1,1,False,classic,sidearm,,,,Derke,Team Vitality,neon,False,,,0,1,1,1,False,classic,sidearm,,,,Jamppi,Team Vitality,kayo,False,,,0,0,1,2,False,bandit,sidearm,,,,Sayonara,Team Vitality,sova,False,,1,1,2,1,4,False,unknown,unknown,,,,PROFEK,Team Vitality,astra,True,100,,0,0,0,2,False,bandit,sidearm,,0.3044,0.7922
1891.239,3690,ACTIVE_ROUND,12,6,7,,6.773,,s0pp,FUT Esports,chamber,True,100,50,0,3,0,3,False,marshal,sniper,,0.7622,0.6667,xeus,FUT Esports,jett,True,100,50,0,0,1,5,False,phantom,rifle,,0.5233,0.5633,sociablEE,FUT Esports,fade,True,22,50,0,1,0,2,False,ghost,sidearm,,0.7544,0.6778,yetujey,FUT Esports,astra,True,67,9,1,2,0,3,False,bulldog,rifle,,0.5378,0.5522,KROSTALY,FUT Esports,kayo,True,100,50,1,2,0,2,False,spectre,smg,,0.4900,0.5122,Chronicle,Team Vitality,chamber,False,,,1,0,1,1,False,classic,sidearm,,,,Derke,Team Vitality,neon,False,,,0,1,1,1,False,classic,sidearm,,,,Jamppi,Team Vitality,kayo,False,,,0,0,1,2,False,bandit,sidearm,,,,Sayonara,Team Vitality,sova,False,,1,1,2,1,4,False,unknown,unknown,,,,PROFEK,Team Vitality,astra,True,100,,0,0,0,2,False,bandit,sidearm,,0.3044,0.7922
1891.723,3691,ACTIVE_ROUND,12,6,7,,7.257,,s0pp,FUT Esports,chamber,True,100,50,0,3,0,3,False,marshal,sniper,,0.7622,0.6667,xeus,FUT Esports,jett,True,100,50,0,0,1,5,False,phantom,rifle,,0.5233,0.5633,sociablEE,FUT Esports,fade,True,22,50,0,1,0,2,False,ghost,sidearm,,0.7544,0.6778,yetujey,FUT Esports,astra,True,67,9,1,2,0,3,False,bulldog,rifle,,0.5378,0.5522,KROSTALY,FUT Esports,kayo,True,100,50,1,2,0,2,False,spectre,smg,,0.4900,0.5122,Chronicle,Team Vitality,chamber,False,,,1,0,1,1,False,classic,sidearm,,,,Derke,Team Vitality,neon,False,,,0,1,1,1,False,classic,sidearm,,,,Jamppi,Team Vitality,kayo,False,,,0,0,1,2,False,bandit,sidearm,,,,Sayonara,Team Vitality,sova,False,,1,1,2,1,4,False,unknown,unknown,,,,PROFEK,Team Vitality,astra,True,100,,0,0,0,2,False,bandit,sidearm,,0.2800,0.7211
1892.207,3692,ACTIVE_ROUND,12,6,7,,7.741,,s0pp,FUT Esports,chamber,True,100,50,0,3,0,3,False,marshal,sniper,,0.7622,0.6667,xeus,FUT Esports,jett,True,100,50,0,0,1,5,False,phantom,rifle,,0.5233,0.5633,sociablEE,FUT Esports,fade,True,22,50,0,1,0,2,False,ghost,sidearm,,0.7544,0.6778,yetujey,FUT Esports,astra,True,67,9,1,2,0,3,False,bulldog,rifle,,0.5378,0.5522,KROSTALY,FUT Esports,kayo,True,100,50,1,2,0,2,False,spectre,smg,,0.4989,0.5033,Chronicle,Team Vitality,chamber,False,,,1,0,1,1,False,classic,sidearm,,,,Derke,Team Vitality,neon,False,,,0,1,1,1,False,classic,sidearm,,,,Jamppi,Team Vitality,kayo,False,,,0,0,1,2,False,bandit,sidearm,,,,Sayonara,Team Vitality,sova,False,,1,1,2,1,4,False,unknown,unknown,,,,PROFEK,Team Vitality,astra,True,100,,0,0,0,2,False,classic,sidearm,,0.3044,0.7922
1892.691,3693,ACTIVE_ROUND,12,6,7,,8.225,,s0pp,FUT Esports,chamber,True,100,50,0,3,0,3,False,marshal,sniper,,0.7622,0.6667,xeus,FUT Esports,jett,True,100,50,0,0,1,5,False,phantom,rifle,,0.5233,0.5633,sociablEE,FUT Esports,fade,True,22,50,0,1,0,2,False,ghost,sidearm,,0.7544,0.6778,yetujey,FUT Esports,astra,True,67,9,1,2,0,3,False,bulldog,rifle,,0.5400,0.5211,KROSTALY,FUT Esports,kayo,True,100,50,1,2,0,2,False,spectre,smg,,0.4811,0.5100,Chronicle,Team Vitality,chamber,False,,,1,0,1,1,False,classic,sidearm,,,,Derke,Team Vitality,neon,False,,,0,1,1,1,False,classic,sidearm,,,,Jamppi,Team Vitality,kayo,False,,,0,0,1,2,False,bandit,sidearm,,,,Sayonara,Team Vitality,sova,False,,1,1,2,1,4,False,unknown,unknown,,,,PROFEK,Team Vitality,astra,True,100,,0,0,0,2,False,classic,sidearm,,0.3044,0.7922
1893.175,3694,ACTIVE_ROUND,12,6,7,,8.709,,s0pp,FUT Esports,chamber,True,100,50,0,3,0,3,False,marshal,sniper,,0.7622,0.6667,xeus,FUT Esports,jett,True,100,50,0,0,1,5,False,phantom,rifle,,0.5233,0.5633,sociablEE,FUT Esports,fade,True,22,50,0,1,0,2,False,ghost,sidearm,,0.7544,0.6778,yetujey,FUT Esports,astra,True,67,9,1,2,0,3,False,bulldog,rifle,,0.5400,0.5211,KROSTALY,FUT Esports,kayo,True,100,50,1,2,0,2,False,spectre,smg,,0.4989,0.5122,Chronicle,Team Vitality,chamber,False,,,1,0,1,1,False,classic,sidearm,,,,Derke,Team Vitality,neon,False,,,0,1,1,1,False,classic,sidearm,,,,Jamppi,Team Vitality,kayo,False,,,0,0,1,2,False,bandit,sidearm,,,,Sayonara,Team Vitality,sova,False,,1,1,2,1,4,False,unknown,unknown,,,,PROFEK,Team Vitality,astra,True,100,,0,0,0,2,False,classic,sidearm,,0.3044,0.7922
1893.658,3695,ACTIVE_ROUND,12,6,7,,9.193,,s0pp,FUT Esports,chamber,True,100,50,0,3,0,3,False,marshal,sniper,,0.7622,0.6667,xeus,FUT Esports,jett,True,100,50,0,0,1,5,False,phantom,rifle,,0.5233,0.5633,sociablEE,FUT Esports,fade,True,22,50,0,1,0,2,False,ghost,sidearm,,0.7544,0.6778,yetujey,FUT Esports,astra,True,67,9,1,2,0,3,False,bulldog,rifle,,0.5400,0.5211,KROSTALY,FUT Esports,kayo,True,100,50,1,2,0,2,False,spectre,smg,,0.4989,0.5122,Chronicle,Team Vitality,chamber,False,,,1,0,1,1,False,classic,sidearm,,,,Derke,Team Vitality,neon,False,,,0,1,1,1,False,classic,sidearm,,,,Jamppi,Team Vitality,kayo,False,,,0,0,1,2,False,bandit,sidearm,,,,Sayonara,Team Vitality,sova,False,,1,1,2,1,4,False,unknown,unknown,,,,PROFEK,Team Vitality,astra,True,100,,0,0,0,2,False,classic,sidearm,,0.3089,0.7967
1894.142,3696,ACTIVE_ROUND,12,6,7,,9.676,,s0pp,FUT Esports,chamber,True,100,50,0,3,0,3,False,marshal,sniper,,0.7622,0.6667,xeus,FUT Esports,jett,True,100,50,0,0,1,5,False,phantom,rifle,,0.5233,0.5633,sociablEE,FUT Esports,fade,True,22,50,0,1,0,2,False,ghost,sidearm,,0.7544,0.6778,yetujey,FUT Esports,astra,True,67,9,1,1,0,3,False,bulldog,rifle,,0.5111,0.5056,KROSTALY,FUT Esports,kayo,True,100,50,1,2,0,2,False,spectre,smg,,0.4989,0.5122,Chronicle,Team Vitality,chamber,False,,,1,0,1,1,False,classic,sidearm,,,,Derke,Team Vitality,neon,False,,,0,1,1,1,False,classic,sidearm,,,,Jamppi,Team Vitality,kayo,False,,,0,0,1,2,False,bandit,sidearm,,,,Sayonara,Team Vitality,sova,False,,1,1,2,1,4,False,unknown,unknown,,,,PROFEK,Team Vitality,astra,True,100,,0,0,0,2,False,classic,sidearm,,0.5689,0.5589
1894.626,3697,ACTIVE_ROUND,12,6,7,,10.160,,s0pp,FUT Esports,chamber,True,100,50,0,3,0,3,False,marshal,sniper,,0.7622,0.6667,xeus,FUT Esports,jett,True,100,50,0,0,1,5,False,phantom,rifle,,0.5233,0.5633,sociablEE,FUT Esports,fade,True,22,50,0,1,0,2,False,ghost,sidearm,,0.7544,0.6778,yetujey,FUT Esports,astra,True,67,9,1,1,0,3,False,bulldog,rifle,,0.4978,0.5011,KROSTALY,FUT Esports,kayo,True,100,50,1,2,0,2,False,spectre,smg,,0.4989,0.5122,Chronicle,Team Vitality,chamber,False,,,1,0,1,1,False,classic,sidearm,,,,Derke,Team Vitality,neon,False,,,0,1,1,1,False,classic,sidearm,,,,Jamppi,Team Vitality,kayo,False,,,0,0,1,2,False,bandit,sidearm,,,,Sayonara,Team Vitality,sova,False,,1,1,2,1,4,False,unknown,unknown,,,,PROFEK,Team Vitality,astra,True,100,,0,0,0,2,False,classic,sidearm,,0.3022,0.7833
1895.110,3698,ACTIVE_ROUND,12,6,7,,10.644,,s0pp,FUT Esports,chamber,True,100,50,0,3,0,3,False,marshal,sniper,,0.7622,0.6667,xeus,FUT Esports,jett,True,100,50,0,0,1,5,False,phantom,rifle,,0.5233,0.5633,sociablEE,FUT Esports,fade,True,22,50,0,1,0,2,False,ghost,sidearm,,0.7544,0.6778,yetujey,FUT Esports,astra,True,67,9,1,1,0,3,False,bulldog,rifle,,0.4889,0.4989,KROSTALY,FUT Esports,kayo,True,100,50,1,2,0,2,False,spectre,smg,,0.4989,0.5122,Chronicle,Team Vitality,chamber,False,,,1,0,1,1,False,classic,sidearm,,,,Derke,Team Vitality,neon,False,,,0,1,1,1,False,classic,sidearm,,,,Jamppi,Team Vitality,kayo,False,,,0,0,1,2,False,bandit,sidearm,,,,Sayonara,Team Vitality,sova,False,,1,1,2,1,4,False,unknown,unknown,,,,PROFEK,Team Vitality,astra,True,100,,0,0,0,2,False,classic,sidearm,,0.3067,0.7922
1895.594,3699,ACTIVE_ROUND,12,6,7,,11.128,,s0pp,FUT Esports,chamber,True,100,50,0,3,0,3,False,marshal,sniper,,0.7622,0.6667,xeus,FUT Esports,jett,True,100,50,0,0,1,5,False,phantom,rifle,,0.5233,0.5633,sociablEE,FUT Esports,fade,True,22,50,0,1,0,2,False,ghost,sidearm,,0.7544,0.6778,yetujey,FUT Esports,astra,True,67,9,1,1,0,3,False,bulldog,rifle,,0.4889,0.4989,KROSTALY,FUT Esports,kayo,True,100,50,1,2,0,2,False,spectre,smg,,0.4189,0.4878,Chronicle,Team Vitality,chamber,False,,,1,0,1,1,False,classic,sidearm,,,,Derke,Team Vitality,neon,False,,,0,1,1,1,False,classic,sidearm,,,,Jamppi,Team Vitality,kayo,False,,,0,0,1,2,False,bandit,sidearm,,,,Sayonara,Team Vitality,sova,False,,1,1,2,1,4,False,unknown,unknown,,,,PROFEK,Team Vitality,astra,True,100,,0,0,0,2,False,classic,sidearm,,0.3156,0.8011
1896.078,3700,ACTIVE_ROUND,12,6,7,,11.612,,s0pp,FUT Esports,chamber,True,100,50,0,3,0,3,False,marshal,sniper,,0.7622,0.6667,xeus,FUT Esports,jett,True,100,50,0,0,1,5,False,phantom,rifle,,0.4833,0.5033,sociablEE,FUT Esports,fade,True,22,50,0,1,0,2,False,ghost,sidearm,,0.7544,0.6778,yetujey,FUT Esports,astra,True,67,9,1,1,0,3,False,bulldog,rifle,,0.4889,0.4989,KROSTALY,FUT Esports,kayo,True,100,50,1,2,0,2,False,spectre,smg,,0.4167,0.4811,Chronicle,Team Vitality,chamber,False,,,1,0,1,1,False,classic,sidearm,,,,Derke,Team Vitality,neon,False,,,0,1,1,1,False,classic,sidearm,,,,Jamppi,Team Vitality,kayo,False,,,0,0,1,2,False,bandit,sidearm,,,,Sayonara,Team Vitality,sova,False,,1,1,2,1,4,False,unknown,unknown,,,,PROFEK,Team Vitality,astra,True,100,,0,0,0,2,False,classic,sidearm,,0.3222,0.8078
1896.561,3701,ACTIVE_ROUND,12,6,7,,12.095,,s0pp,FUT Esports,chamber,True,100,50,0,3,0,3,False,marshal,sniper,,0.7622,0.6667,xeus,FUT Esports,jett,True,100,50,0,0,1,5,False,phantom,rifle,,0.4833,0.5033,sociablEE,FUT Esports,fade,True,22,50,0,1,0,2,False,ghost,sidearm,,0.7544,0.6778,yetujey,FUT Esports,astra,True,67,9,1,1,0,3,False,bulldog,rifle,,0.4889,0.4989,KROSTALY,FUT Esports,kayo,True,100,50,1,2,0,2,False,spectre,smg,,0.4167,0.4811,Chronicle,Team Vitality,chamber,False,,,1,0,1,1,False,classic,sidearm,,,,Derke,Team Vitality,neon,False,,,0,1,1,1,False,classic,sidearm,,,,Jamppi,Team Vitality,kayo,False,,,0,0,1,2,False,bandit,sidearm,,,,Sayonara,Team Vitality,sova,False,,1,1,2,1,4,False,unknown,unknown,,,,PROFEK,Team Vitality,astra,True,100,,0,0,0,2,False,classic,sidearm,,0.3333,0.8144
1897.045,3702,ACTIVE_ROUND,12,6,7,,12.579,,s0pp,FUT Esports,chamber,True,100,50,0,3,0,3,False,marshal,sniper,,0.7622,0.6667,xeus,FUT Esports,jett,True,100,50,0,0,1,5,False,phantom,rifle,,0.4633,0.4944,sociablEE,FUT Esports,fade,True,22,50,0,1,0,2,False,ghost,sidearm,,0.7544,0.6778,yetujey,FUT Esports,astra,True,67,9,1,1,0,3,False,bulldog,rifle,,0.4889,0.4989,KROSTALY,FUT Esports,kayo,True,100,50,1,2,0,2,False,spectre,smg,,0.4033,0.4833,Chronicle,Team Vitality,chamber,False,,,1,0,1,1,False,classic,sidearm,,,,Derke,Team Vitality,neon,False,,,0,1,1,1,False,classic,sidearm,,,,Jamppi,Team Vitality,kayo,False,,,0,0,1,2,False,bandit,sidearm,,,,Sayonara,Team Vitality,sova,False,,1,1,2,1,4,False,unknown,unknown,,,,PROFEK,Team Vitality,astra,True,100,,0,0,0,2,False,classic,sidearm,,0.3422,0.8189
1897.529,3703,ACTIVE_ROUND,12,6,7,,13.063,,s0pp,FUT Esports,chamber,True,100,50,0,3,0,3,False,marshal,sniper,,0.7622,0.6667,xeus,FUT Esports,jett,True,100,50,0,0,1,5,False,phantom,rifle,,0.4633,0.4944,sociablEE,FUT Esports,fade,True,22,50,0,1,0,2,False,ghost,sidearm,,0.7544,0.6778,yetujey,FUT Esports,astra,True,67,9,1,1,0,3,False,bulldog,rifle,,0.4889,0.4989,KROSTALY,FUT Esports,kayo,True,100,50,1,2,0,2,False,spectre,smg,,0.4011,0.4878,Chronicle,Team Vitality,chamber,False,,,1,0,1,1,False,classic,sidearm,,,,Derke,Team Vitality,neon,False,,,0,1,1,1,False,classic,sidearm,,,,Jamppi,Team Vitality,kayo,False,,,0,0,1,2,False,bandit,sidearm,,,,Sayonara,Team Vitality,sova,False,,1,1,2,1,4,False,unknown,unknown,,,,PROFEK,Team Vitality,astra,True,100,,0,0,0,2,False,classic,sidearm,,0.3044,0.7900
1898.013,3704,ACTIVE_ROUND,12,6,7,,13.547,,s0pp,FUT Esports,chamber,True,100,50,0,3,0,3,False,marshal,sniper,,0.7622,0.6667,xeus,FUT Esports,jett,True,100,50,0,0,1,5,False,phantom,rifle,,0.4633,0.4944,sociablEE,FUT Esports,fade,True,22,50,0,1,0,2,False,ghost,sidearm,,0.7544,0.6778,yetujey,FUT Esports,astra,True,67,9,1,2,0,3,False,bulldog,rifle,,0.4889,0.4989,KROSTALY,FUT Esports,kayo,True,100,50,1,2,0,2,False,spectre,smg,,0.4011,0.4878,Chronicle,Team Vitality,chamber,False,,,1,0,1,1,False,classic,sidearm,,,,Derke,Team Vitality,neon,False,,,0,1,1,1,False,classic,sidearm,,,,Jamppi,Team Vitality,kayo,False,,,0,0,1,2,False,bandit,sidearm,,,,Sayonara,Team Vitality,sova,False,,1,1,2,1,4,False,unknown,unknown,,,,PROFEK,Team Vitality,astra,True,100,,0,0,0,2,False,classic,sidearm,,0.3044,0.7922
1898.497,3705,ACTIVE_ROUND,12,6,7,,14.031,,s0pp,FUT Esports,chamber,True,100,50,0,3,0,3,False,marshal,sniper,,0.7622,0.6667,xeus,FUT Esports,jett,True,100,50,0,0,1,5,False,phantom,rifle,,0.4633,0.4944,sociablEE,FUT Esports,fade,True,22,50,0,1,0,2,False,ghost,sidearm,,0.7544,0.6778,yetujey,FUT Esports,astra,True,67,9,1,2,0,3,False,bulldog,rifle,,0.4889,0.4989,KROSTALY,FUT Esports,kayo,True,100,50,1,2,0,2,False,spectre,smg,,0.4011,0.4878,Chronicle,Team Vitality,chamber,False,,,1,0,1,1,False,classic,sidearm,,,,Derke,Team Vitality,neon,False,,,0,1,1,1,False,classic,sidearm,,,,Jamppi,Team Vitality,kayo,False,,,0,0,1,2,False,bandit,sidearm,,,,Sayonara,Team Vitality,sova,False,,1,1,2,1,4,False,unknown,unknown,,,,PROFEK,Team Vitality,astra,True,100,,0,0,0,2,False,classic,sidearm,,0.3044,0.7922
1898.980,3706,ACTIVE_ROUND,12,6,7,,14.514,,s0pp,FUT Esports,chamber,True,100,50,0,3,0,3,False,marshal,sniper,,0.7622,0.6667,xeus,FUT Esports,jett,True,100,50,0,0,1,5,False,phantom,rifle,,0.7700,0.1589,sociablEE,FUT Esports,fade,True,22,50,0,1,0,2,False,ghost,sidearm,,0.7544,0.6778,yetujey,FUT Esports,astra,True,67,9,1,2,0,3,False,bulldog,rifle,,0.4889,0.4989,KROSTALY,FUT Esports,kayo,True,100,50,1,2,0,2,False,spectre,smg,,0.5433,0.1033,Chronicle,Team Vitality,chamber,False,,,1,0,1,1,False,classic,sidearm,,,,Derke,Team Vitality,neon,False,,,0,1,1,1,False,classic,sidearm,,,,Jamppi,Team Vitality,kayo,False,,,0,0,1,2,False,bandit,sidearm,,,,Sayonara,Team Vitality,sova,False,,1,1,2,1,4,False,unknown,unknown,,,,PROFEK,Team Vitality,astra,True,100,,0,0,0,2,False,classic,sidearm,,0.3044,0.7922
1899.464,3707,POST_ROUND,12,7,7,,,0.000,s0pp,FUT Esports,chamber,True,100,50,0,3,0,3,False,marshal,sniper,,0.7622,0.6667,xeus,FUT Esports,jett,True,100,50,0,0,1,5,False,phantom,rifle,,0.7700,0.1589,sociablEE,FUT Esports,fade,True,22,50,0,1,0,2,False,ghost,sidearm,,0.7544,0.6778,yetujey,FUT Esports,astra,False,,9,1,2,0,3,False,bulldog,rifle,,0.4889,0.4989,KROSTALY,FUT Esports,kayo,True,100,50,1,2,0,2,False,spectre,smg,,0.5433,0.1033,Chronicle,Team Vitality,chamber,False,,,1,0,1,1,False,classic,sidearm,,,,Derke,Team Vitality,neon,False,,,0,1,1,1,False,classic,sidearm,,,,Jamppi,Team Vitality,kayo,False,,,0,0,1,2,False,bandit,sidearm,,,,Sayonara,Team Vitality,sova,False,,1,1,2,1,4,False,unknown,unknown,,,,PROFEK,Team Vitality,astra,True,100,,0,0,0,2,False,classic,sidearm,,0.3044,0.7922
1899.948,3708,POST_ROUND,12,7,7,,,0.484,s0pp,FUT Esports,chamber,True,100,50,0,3,0,3,False,marshal,sniper,,0.7622,0.6667,xeus,FUT Esports,jett,True,100,50,0,0,1,5,False,phantom,rifle,,0.7700,0.1589,sociablEE,FUT Esports,fade,True,22,50,0,1,0,2,False,ghost,sidearm,,0.7544,0.6778,yetujey,FUT Esports,astra,False,,9,1,2,0,3,False,bulldog,rifle,,0.4889,0.4989,KROSTALY,FUT Esports,kayo,True,100,50,1,2,0,2,False,spectre,smg,,0.5433,0.1033,Chronicle,Team Vitality,chamber,False,,,1,0,1,1,False,classic,sidearm,,,,Derke,Team Vitality,neon,False,,,0,1,1,1,False,classic,sidearm,,,,Jamppi,Team Vitality,kayo,False,,,0,0,1,2,False,bandit,sidearm,,,,Sayonara,Team Vitality,sova,False,,1,1,2,1,4,False,unknown,unknown,,,,PROFEK,Team Vitality,astra,False,,,0,0,0,2,False,unknown,unknown,,0.3044,0.7922
1900.432,3709,POST_ROUND,12,7,7,,,0.968,s0pp,FUT Esports,chamber,True,100,50,0,3,0,3,False,marshal,sniper,,0.7622,0.6667,xeus,FUT Esports,jett,True,100,50,0,0,1,5,False,phantom,rifle,,0.7700,0.1589,sociablEE,FUT Esports,fade,True,22,50,0,1,0,2,False,ghost,sidearm,,0.7544,0.6778,yetujey,FUT Esports,astra,False,,9,1,2,0,3,False,bulldog,rifle,,0.4889,0.4989,KROSTALY,FUT Esports,kayo,True,100,50,1,2,0,2,False,spectre,smg,,0.5433,0.1033,Chronicle,Team Vitality,chamber,False,,,1,0,1,1,False,classic,sidearm,,,,Derke,Team Vitality,neon,False,,,0,1,1,1,False,classic,sidearm,,,,Jamppi,Team Vitality,kayo,False,,,0,0,1,2,False,bandit,sidearm,,,,Sayonara,Team Vitality,sova,False,,1,1,2,1,4,False,unknown,unknown,,,,PROFEK,Team Vitality,astra,False,,,0,0,0,2,False,unknown,unknown,,0.3044,0.7922
1900.916,3710,POST_ROUND,12,7,7,,,1.451,s0pp,FUT Esports,chamber,True,100,50,0,3,0,3,False,marshal,sniper,,0.7622,0.6667,xeus,FUT Esports,jett,True,100,50,0,0,1,5,False,phantom,rifle,,0.7700,0.1589,sociablEE,FUT Esports,fade,True,22,50,0,1,0,2,False,ghost,sidearm,,0.7544,0.6778,yetujey,FUT Esports,astra,False,,9,1,2,0,3,False,bulldog,rifle,,0.4889,0.4989,KROSTALY,FUT Esports,kayo,True,100,50,1,2,0,2,False,spectre,smg,,0.5433,0.1033,Chronicle,Team Vitality,chamber,False,,,1,0,1,1,False,classic,sidearm,,,,Derke,Team Vitality,neon,False,,,0,1,1,1,False,classic,sidearm,,,,Jamppi,Team Vitality,kayo,False,,,0,0,1,2,False,bandit,sidearm,,,,Sayonara,Team Vitality,sova,False,,1,1,2,1,4,False,unknown,unknown,,,,PROFEK,Team Vitality,astra,False,,,0,0,0,2,False,unknown,unknown,,0.3044,0.7922
1901.399,3711,POST_ROUND,12,7,7,,,1.935,s0pp,FUT Esports,chamber,True,100,50,0,3,0,3,False,marshal,sniper,,0.7622,0.6667,xeus,FUT Esports,jett,True,100,50,0,0,1,5,False,phantom,rifle,,0.7700,0.1589,sociablEE,FUT Esports,fade,True,22,50,0,1,0,2,False,ghost,sidearm,,0.7544,0.6778,yetujey,FUT Esports,astra,False,,9,1,2,0,3,False,bulldog,rifle,,0.4889,0.4989,KROSTALY,FUT Esports,kayo,True,100,50,1,2,0,2,False,spectre,smg,,0.5433,0.1033,Chronicle,Team Vitality,chamber,False,,,1,0,1,1,False,classic,sidearm,,,,Derke,Team Vitality,neon,False,,,0,1,1,1,False,classic,sidearm,,,,Jamppi,Team Vitality,kayo,False,,,0,0,1,2,False,bandit,sidearm,,,,Sayonara,Team Vitality,sova,False,,1,1,2,1,4,False,unknown,unknown,,,,PROFEK,Team Vitality,astra,False,,,0,0,0,2,False,unknown,unknown,,0.3044,0.7922
1901.883,3712,POST_ROUND,12,7,7,,,2.419,s0pp,FUT Esports,chamber,True,100,50,0,3,0,3,False,marshal,sniper,,0.7622,0.6667,xeus,FUT Esports,jett,True,100,50,0,0,1,5,False,phantom,rifle,,0.7700,0.1589,sociablEE,FUT Esports,fade,True,22,50,0,1,0,2,False,ghost,sidearm,,0.7544,0.6778,yetujey,FUT Esports,astra,False,,9,1,2,0,3,False,bulldog,rifle,,0.4889,0.4989,KROSTALY,FUT Esports,kayo,True,100,50,1,2,0,3,False,spectre,smg,,0.5433,0.1033,Chronicle,Team Vitality,chamber,False,,,1,0,1,1,False,classic,sidearm,,,,Derke,Team Vitality,neon,False,,,0,1,1,1,False,classic,sidearm,,,,Jamppi,Team Vitality,kayo,False,,,0,0,1,2,False,bandit,sidearm,,,,Sayonara,Team Vitality,sova,False,,1,1,2,1,4,False,unknown,unknown,,,,PROFEK,Team Vitality,astra,False,,,0,0,0,2,False,unknown,unknown,,0.3044,0.7922
1902.367,3713,POST_ROUND,12,7,7,,,2.903,s0pp,FUT Esports,chamber,True,100,50,0,3,0,3,False,marshal,sniper,,0.7622,0.6667,xeus,FUT Esports,jett,True,100,50,0,0,1,5,False,phantom,rifle,,0.7700,0.1589,sociablEE,FUT Esports,fade,True,22,50,0,1,0,2,False,ghost,sidearm,,0.7544,0.6778,yetujey,FUT Esports,astra,False,,9,1,2,0,3,False,bulldog,rifle,,0.4889,0.4989,KROSTALY,FUT Esports,kayo,True,100,50,1,2,0,3,False,spectre,smg,,0.5433,0.1033,Chronicle,Team Vitality,chamber,False,,,1,0,1,1,False,classic,sidearm,,,,Derke,Team Vitality,neon,False,,,0,1,1,1,False,classic,sidearm,,,,Jamppi,Team Vitality,kayo,False,,,0,0,1,2,False,bandit,sidearm,,,,Sayonara,Team Vitality,sova,False,,1,1,2,1,4,False,unknown,unknown,,,,PROFEK,Team Vitality,astra,False,,,0,0,0,2,False,unknown,unknown,,0.3044,0.7922
1902.851,3714,POST_ROUND,12,7,7,,,3.387,s0pp,FUT Esports,chamber,True,100,50,0,3,0,3,False,marshal,sniper,,0.7622,0.6667,xeus,FUT Esports,jett,True,100,50,0,0,1,5,False,phantom,rifle,,0.7700,0.1589,sociablEE,FUT Esports,fade,True,22,50,0,1,0,2,False,ghost,sidearm,,0.7544,0.6778,yetujey,FUT Esports,astra,False,,9,1,2,0,3,False,bulldog,rifle,,0.4889,0.4989,KROSTALY,FUT Esports,kayo,True,100,50,1,2,0,3,False,spectre,smg,,0.5433,0.1033,Chronicle,Team Vitality,chamber,False,,,1,0,1,1,False,classic,sidearm,,,,Derke,Team Vitality,neon,False,,,0,1,1,1,False,classic,sidearm,,,,Jamppi,Team Vitality,kayo,False,,,0,0,1,2,False,bandit,sidearm,,,,Sayonara,Team Vitality,sova,False,,1,1,2,1,4,False,unknown,unknown,,,,PROFEK,Team Vitality,astra,False,,,0,0,0,2,False,unknown,unknown,,0.3044,0.7922
1903.335,3715,POST_ROUND,12,7,7,,,3.871,s0pp,FUT Esports,chamber,True,100,50,0,3,0,3,False,marshal,sniper,,0.7622,0.6667,xeus,FUT Esports,jett,True,100,50,0,0,1,5,False,phantom,rifle,,0.7700,0.1589,sociablEE,FUT Esports,fade,True,22,50,0,1,0,2,False,ghost,sidearm,,0.7544,0.6778,yetujey,FUT Esports,astra,False,,9,1,2,0,3,False,bulldog,rifle,,0.4889,0.4989,KROSTALY,FUT Esports,kayo,True,100,50,1,2,0,3,False,spectre,smg,,0.5433,0.1033,Chronicle,Team Vitality,chamber,False,,,1,0,1,1,False,classic,sidearm,,,,Derke,Team Vitality,neon,False,,,0,1,1,1,False,classic,sidearm,,,,Jamppi,Team Vitality,kayo,False,,,0,0,1,2,False,bandit,sidearm,,,,Sayonara,Team Vitality,sova,False,,1,1,2,1,4,False,unknown,unknown,,,,PROFEK,Team Vitality,astra,False,,,0,0,0,2,False,unknown,unknown,,0.3044,0.7922
1931.396,3773,PREROUND,13,7,7,,,,s0pp,FUT Esports,chamber,True,,,0,3,1,3,False,,,,,,xeus,FUT Esports,jett,True,,,2,1,1,5,False,,,,,,sociablEE,FUT Esports,fade,True,,,2,1,1,2,False,,,,,,yetujey,FUT Esports,astra,True,,,1,3,1,3,False,,,,,,KROSTALY,FUT Esports,kayo,True,,,1,2,1,3,False,,,,,,Chronicle,Team Vitality,chamber,True,,,0,0,1,2,False,,,,,,Derke,Team Vitality,neon,True,,,0,1,1,2,False,,,,,,Jamppi,Team Vitality,kayo,True,,,0,1,1,3,False,,,,,,Sayonara,Team Vitality,sova,True,,,1,2,1,4,False,,,,,,PROFEK,Team Vitality,astra,True,,,1,2,1,3,False,,,,,
1931.880,3774,PREROUND,13,7,7,,,,s0pp,FUT Esports,chamber,True,,,0,3,1,3,False,,,,,,xeus,FUT Esports,jett,True,,,2,1,1,5,False,,,,,,sociablEE,FUT Esports,fade,True,,,2,1,1,2,False,,,,,,yetujey,FUT Esports,astra,True,,,1,3,1,3,False,,,,,,KROSTALY,FUT Esports,kayo,True,,,1,2,1,3,False,,,,,,Chronicle,Team Vitality,chamber,True,,,0,0,1,2,False,,,,,,Derke,Team Vitality,neon,True,,,0,1,1,2,False,,,,,,Jamppi,Team Vitality,kayo,True,,,0,1,1,3,False,,,,,,Sayonara,Team Vitality,sova,True,,,1,2,1,4,False,,,,,,PROFEK,Team Vitality,astra,True,,,1,2,1,3,False,,,,,
1932.364,3775,PREROUND,13,7,7,,,,s0pp,FUT Esports,chamber,True,,,0,3,1,3,False,,,,,,xeus,FUT Esports,jett,True,,,2,1,1,5,False,,,,,,sociablEE,FUT Esports,fade,True,,,2,1,1,2,False,,,,,,yetujey,FUT Esports,astra,True,,,1,3,1,3,False,,,,,,KROSTALY,FUT Esports,kayo,True,,,1,2,1,3,False,,,,,,Chronicle,Team Vitality,chamber,True,,,0,0,1,2,False,,,,,,Derke,Team Vitality,neon,True,,,0,1,1,2,False,,,,,,Jamppi,Team Vitality,kayo,True,,,0,1,1,3,False,,,,,,Sayonara,Team Vitality,sova,True,,,1,2,1,4,False,,,,,,PROFEK,Team Vitality,astra,True,,,1,2,1,3,False,,,,,
1932.848,3776,PREROUND,13,7,7,,,,s0pp,FUT Esports,chamber,True,,,0,3,1,3,False,,,,,,xeus,FUT Esports,jett,True,,,2,1,1,5,False,,,,,,sociablEE,FUT Esports,fade,True,,,2,1,1,2,False,,,,,,yetujey,FUT Esports,astra,True,,,1,3,1,3,False,,,,,,KROSTALY,FUT Esports,kayo,True,,,1,2,1,3,False,,,,,,Chronicle,Team Vitality,chamber,True,,,0,0,1,2,False,,,,,,Derke,Team Vitality,neon,True,,,0,1,1,2,False,,,,,,Jamppi,Team Vitality,kayo,True,,,0,1,1,3,False,,,,,,Sayonara,Team Vitality,sova,True,,,1,2,1,4,False,,,,,,PROFEK,Team Vitality,astra,True,,,1,2,1,3,False,,,,,
1933.331,3777,PREROUND,13,7,7,,,,s0pp,FUT Esports,chamber,True,,,0,3,1,3,False,,,,,,xeus,FUT Esports,jett,True,,,2,1,1,5,False,,,,,,sociablEE,FUT Esports,fade,True,,,2,1,1,2,False,,,,,,yetujey,FUT Esports,astra,True,,,1,3,1,3,False,,,,,,KROSTALY,FUT Esports,kayo,True,,,1,2,1,3,False,,,,,,Chronicle,Team Vitality,chamber,True,,,0,0,1,2,False,,,,,,Derke,Team Vitality,neon,True,,,0,1,1,2,False,,,,,,Jamppi,Team Vitality,kayo,True,,,0,1,1,3,False,,,,,,Sayonara,Team Vitality,sova,True,,,1,2,1,4,False,,,,,,PROFEK,Team Vitality,astra,True,,,1,2,1,3,False,,,,,
1933.815,3778,PREROUND,13,7,7,,,,s0pp,FUT Esports,chamber,True,,,0,3,1,3,False,,,,,,xeus,FUT Esports,jett,True,,,2,1,1,5,False,,,,,,sociablEE,FUT Esports,fade,True,,,2,1,1,2,False,,,,,,yetujey,FUT Esports,astra,True,,,1,3,1,3,False,,,,,,KROSTALY,FUT Esports,kayo,True,,,1,2,1,3,False,,,,,,Chronicle,Team Vitality,chamber,True,,,0,0,1,2,False,,,,,,Derke,Team Vitality,neon,True,,,0,1,1,2,False,,,,,,Jamppi,Team Vitality,kayo,True,,,0,1,1,3,False,,,,,,Sayonara,Team Vitality,sova,True,,,1,2,1,4,False,,,,,,PROFEK,Team Vitality,astra,True,,,1,2,1,3,False,,,,,
1934.299,3779,PREROUND,13,7,7,,,,s0pp,FUT Esports,chamber,True,,,0,3,1,3,False,,,,,,xeus,FUT Esports,jett,True,,,2,1,1,5,False,,,,,,sociablEE,FUT Esports,fade,True,,,2,1,1,2,False,,,,,,yetujey,FUT Esports,astra,True,,,1,3,1,3,False,,,,,,KROSTALY,FUT Esports,kayo,True,,,1,2,1,3,False,,,,,,Chronicle,Team Vitality,chamber,True,,,0,0,1,2,False,,,,,,Derke,Team Vitality,neon,True,,,0,1,1,2,False,,,,,,Jamppi,Team Vitality,kayo,True,,,0,1,1,3,False,,,,,,Sayonara,Team Vitality,sova,True,,,1,2,1,4,False,,,,,,PROFEK,Team Vitality,astra,True,,,1,2,1,3,False,,,,,
1934.783,3780,PREROUND,13,7,7,,,,s0pp,FUT Esports,chamber,True,,,0,3,1,3,False,,,,,,xeus,FUT Esports,jett,True,,,2,1,1,5,False,,,,,,sociablEE,FUT Esports,fade,True,,,2,1,1,2,False,,,,,,yetujey,FUT Esports,astra,True,,,1,3,1,3,False,,,,,,KROSTALY,FUT Esports,kayo,True,,,1,2,1,3,False,,,,,,Chronicle,Team Vitality,chamber,True,,,0,0,1,2,False,,,,,,Derke,Team Vitality,neon,True,,,0,1,1,2,False,,,,,,Jamppi,Team Vitality,kayo,True,,,0,1,1,3,False,,,,,,Sayonara,Team Vitality,sova,True,,,1,2,1,4,False,,,,,,PROFEK,Team Vitality,astra,True,,,1,2,1,3,False,,,,,
1935.267,3781,PREROUND,13,7,7,,,,s0pp,FUT Esports,chamber,True,,,0,3,1,3,False,,,,,,xeus,FUT Esports,jett,True,,,2,1,1,5,False,,,,,,sociablEE,FUT Esports,fade,True,,,2,1,1,2,False,,,,,,yetujey,FUT Esports,astra,True,,,1,3,1,3,False,,,,,,KROSTALY,FUT Esports,kayo,True,,,1,2,1,3,False,,,,,,Chronicle,Team Vitality,chamber,True,,,0,0,1,2,False,,,,,,Derke,Team Vitality,neon,True,,,0,1,1,2,False,,,,,,Jamppi,Team Vitality,kayo,True,,,0,1,1,3,False,,,,,,Sayonara,Team Vitality,sova,True,,,1,2,1,4,False,,,,,,PROFEK,Team Vitality,astra,True,,,2,2,1,3,False,,,,,
1935.750,3782,PREROUND,13,7,7,,,,s0pp,FUT Esports,chamber,True,,,0,3,1,3,False,,,,,,xeus,FUT Esports,jett,True,,,2,1,1,5,False,,,,,,sociablEE,FUT Esports,fade,True,,,2,1,1,2,False,,,,,,yetujey,FUT Esports,astra,True,,,1,3,1,3,False,,,,,,KROSTALY,FUT Esports,kayo,True,,,1,2,1,3,False,,,,,,Chronicle,Team Vitality,chamber,True,,,0,0,1,2,False,,,,,,Derke,Team Vitality,neon,True,,,0,1,1,2,False,,,,,,Jamppi,Team Vitality,kayo,True,,,0,1,1,3,False,,,,,,Sayonara,Team Vitality,sova,True,,,1,2,1,4,False,,,,,,PROFEK,Team Vitality,astra,True,,,2,2,1,3,False,,,,,
1936.234,3783,PREROUND,13,7,7,,,,s0pp,FUT Esports,chamber,True,,,0,3,1,3,False,,,,,,xeus,FUT Esports,jett,True,,,2,1,1,5,False,,,,,,sociablEE,FUT Esports,fade,True,,,2,1,1,2,False,,,,,,yetujey,FUT Esports,astra,True,,,1,3,1,3,False,,,,,,KROSTALY,FUT Esports,kayo,True,,,1,2,1,3,False,,,,,,Chronicle,Team Vitality,chamber,True,,,0,0,1,2,False,,,,,,Derke,Team Vitality,neon,True,,,0,1,1,2,False,,,,,,Jamppi,Team Vitality,kayo,True,,,0,1,1,3,False,,,,,,Sayonara,Team Vitality,sova,True,,,1,2,1,4,False,,,,,,PROFEK,Team Vitality,astra,True,,,2,2,1,3,False,,,,,
1936.718,3784,ACTIVE_ROUND,13,7,7,99.000,,,s0pp,FUT Esports,chamber,True,100,50,0,3,1,3,False,vandal,rifle,,,,xeus,FUT Esports,jett,True,100,50,2,1,1,5,False,phantom,rifle,,0.6633,0.7167,sociablEE,FUT Esports,fade,True,100,25,2,1,1,2,False,bulldog,rifle,,0.7800,0.6333,yetujey,FUT Esports,astra,True,100,50,1,0,0,3,False,stinger,smg,,,,KROSTALY,FUT Esports,kayo,True,100,50,1,2,1,3,False,spectre,smg,,,,Chronicle,Team Vitality,chamber,True,100,50,0,0,1,2,False,vandal,rifle,,,,Derke,Team Vitality,neon,True,100,50,0,1,1,2,False,classic,sidearm,,,,Jamppi,Team Vitality,kayo,True,100,25,0,1,1,3,False,vandal,rifle,,0.8344,0.3256,Sayonara,Team Vitality,sova,True,100,50,1,2,1,4,False,phantom,rifle,,0.2478,0.3689,PROFEK,Team Vitality,astra,True,100,50,0,0,0,3,False,vandal,rifle,,,
1937.202,3785,ACTIVE_ROUND,13,7,7,98.000,,,s0pp,FUT Esports,chamber,True,100,50,0,3,1,3,False,vandal,rifle,,,,xeus,FUT Esports,jett,True,100,50,2,1,1,5,False,phantom,rifle,,0.7300,0.5967,sociablEE,FUT Esports,fade,True,100,25,2,1,1,2,False,bulldog,rifle,,0.7867,0.6289,yetujey,FUT Esports,astra,True,100,50,1,0,0,3,False,stinger,smg,,,,KROSTALY,FUT Esports,kayo,True,100,50,1,2,1,3,False,spectre,smg,,,,Chronicle,Team Vitality,chamber,True,100,50,0,0,1,2,False,vandal,rifle,,,,Derke,Team Vitality,neon,True,100,50,0,1,1,2,False,classic,sidearm,,,,Jamppi,Team Vitality,kayo,True,100,25,0,1,1,3,False,vandal,rifle,,0.8256,0.3144,Sayonara,Team Vitality,sova,True,100,50,1,2,1,4,False,phantom,rifle,,0.8567,0.3022,PROFEK,Team Vitality,astra,True,100,50,0,0,0,3,False,vandal,rifle,,,
1937.686,3786,ACTIVE_ROUND,13,7,7,98.000,,,s0pp,FUT Esports,chamber,True,100,50,0,3,1,3,False,vandal,rifle,,,,xeus,FUT Esports,jett,True,100,50,2,1,1,5,False,phantom,rifle,,0.3789,0.2700,sociablEE,FUT Esports,fade,True,100,25,2,1,1,2,False,bulldog,rifle,,0.7911,0.6222,yetujey,FUT Esports,astra,True,100,50,1,0,0,3,False,stinger,smg,,,,KROSTALY,FUT Esports,kayo,True,100,50,1,2,1,3,False,spectre,smg,,,,Chronicle,Team Vitality,chamber,True,100,50,0,0,1,2,False,vandal,rifle,,,,Derke,Team Vitality,neon,True,100,50,0,1,1,2,False,classic,sidearm,,,,Jamppi,Team Vitality,kayo,True,100,25,0,1,1,3,False,vandal,rifle,,0.8211,0.3144,Sayonara,Team Vitality,sova,True,100,50,1,2,1,4,False,phantom,rifle,,0.2389,0.3711,PROFEK,Team Vitality,astra,True,100,50,0,0,0,3,False,vandal,rifle,,,
1938.170,3787,ACTIVE_ROUND,13,7,7,97.000,,,s0pp,FUT Esports,chamber,True,100,50,0,3,1,3,False,vandal,rifle,,,,xeus,FUT Esports,jett,True,100,50,2,1,1,5,False,phantom,rifle,,0.6256,0.6989,sociablEE,FUT Esports,fade,True,100,25,2,1,1,2,False,bulldog,rifle,,0.7911,0.6289,yetujey,FUT Esports,astra,True,100,50,1,0,0,3,False,stinger,smg,,,,KROSTALY,FUT Esports,kayo,True,100,50,1,2,1,3,False,spectre,smg,,,,Chronicle,Team Vitality,chamber,True,100,50,0,0,1,2,False,vandal,rifle,,,,Derke,Team Vitality,neon,True,100,50,0,1,1,2,False,classic,sidearm,,,,Jamppi,Team Vitality,kayo,True,100,25,0,1,1,3,False,vandal,rifle,,0.8233,0.3122,Sayonara,Team Vitality,sova,True,100,50,1,2,1,4,False,phantom,rifle,,0.2389,0.3689,PROFEK,Team Vitality,astra,True,100,50,0,0,0,3,False,vandal,rifle,,,
1938.653,3788,ACTIVE_ROUND,13,7,7,97.000,,,s0pp,FUT Esports,chamber,True,100,50,0,3,1,3,False,vandal,rifle,,,,xeus,FUT Esports,jett,True,100,50,2,1,1,5,False,phantom,rifle,,0.6233,0.6900,sociablEE,FUT Esports,fade,True,100,25,2,0,1,2,False,bulldog,rifle,,0.7889,0.6222,yetujey,FUT Esports,astra,True,100,50,0,1,0,3,False,stinger,smg,,,,KROSTALY,FUT Esports,kayo,True,100,50,1,2,0,3,False,spectre,smg,,,,Chronicle,Team Vitality,chamber,True,100,50,0,0,1,2,False,vandal,rifle,,,,Derke,Team Vitality,neon,True,100,50,0,1,1,2,False,phantom,rifle,,,,Jamppi,Team Vitality,kayo,True,100,25,0,1,0,3,False,vandal,rifle,,0.8367,0.2989,Sayonara,Team Vitality,sova,True,100,50,1,2,1,4,False,phantom,rifle,,0.2411,0.3689,PROFEK,Team Vitality,astra,True,100,50,1,1,0,3,False,vandal,rifle,,,
1939.137,3789,ACTIVE_ROUND,13,7,7,96.000,,,s0pp,FUT Esports,chamber,True,100,50,0,3,1,3,False,vandal,rifle,,,,xeus,FUT Esports,jett,True,100,50,2,1,1,5,False,phantom,rifle,,0.8056,0.5922,sociablEE,FUT Esports,fade,True,100,25,2,0,1,2,False,bulldog,rifle,,0.7911,0.6267,yetujey,FUT Esports,astra,True,100,50,0,1,0,3,False,stinger,smg,,,,KROSTALY,FUT Esports,kayo,True,100,50,1,2,0,3,False,spectre,smg,,,,Chronicle,Team Vitality,chamber,True,100,50,0,0,1,2,False,vandal,rifle,,,,Derke,Team Vitality,neon,True,100,50,0,1,1,2,False,phantom,rifle,,,,Jamppi,Team Vitality,kayo,True,100,25,0,1,0,3,False,vandal,rifle,,0.8589,0.2944,Sayonara,Team Vitality,sova,True,100,50,1,2,1,4,False,phantom,rifle,,0.8900,0.2844,PROFEK,Team Vitality,astra,True,100,50,1,1,0,3,False,vandal,rifle,,,
1939.621,3790,ACTIVE_ROUND,13,7,7,96.000,,,s0pp,FUT Esports,chamber,True,100,50,0,3,1,3,False,vandal,rifle,,0.8100,0.3333,xeus,FUT Esports,jett,True,100,50,2,1,1,5,False,phantom,rifle,,0.1811,0.6611,sociablEE,FUT Esports,fade,True,100,25,2,0,1,2,False,bulldog,rifle,,0.7956,0.6133,yetujey,FUT Esports,astra,True,100,50,0,1,0,3,False,stinger,smg,,,,KROSTALY,FUT Esports,kayo,True,100,50,1,2,0,3,False,spectre,smg,,,,Chronicle,Team Vitality,chamber,True,100,50,0,0,1,2,False,vandal,rifle,,,,Derke,Team Vitality,neon,True,100,50,0,1,1,2,False,phantom,rifle,,,,Jamppi,Team Vitality,kayo,True,100,25,0,1,0,3,False,vandal,rifle,,0.8767,0.2922,Sayonara,Team Vitality,sova,True,100,50,1,2,1,4,False,phantom,rifle,,0.8322,0.3800,PROFEK,Team Vitality,astra,True,100,50,1,1,0,3,False,vandal,rifle,,,
1940.105,3791,ACTIVE_ROUND,13,7,7,95.000,,,s0pp,FUT Esports,chamber,True,100,50,0,3,1,3,False,vandal,rifle,,0.6944,0.6689,xeus,FUT Esports,jett,True,100,50,2,1,1,5,False,phantom,rifle,,0.1811,0.6589,sociablEE,FUT Esports,fade,True,100,25,2,0,1,2,False,bulldog,rifle,,0.8133,0.6000,yetujey,FUT Esports,astra,True,100,50,0,1,0,3,False,stinger,smg,,,,KROSTALY,FUT Esports,kayo,True,100,50,1,2,0,3,False,spectre,smg,,,,Chronicle,Team Vitality,chamber,True,100,50,0,0,1,2,False,vandal,rifle,,,,Derke,Team Vitality,neon,True,100,50,0,1,1,2,False,phantom,rifle,,,,Jamppi,Team Vitality,kayo,True,100,25,0,1,0,3,False,vandal,rifle,,0.8878,0.2922,Sayonara,Team Vitality,sova,True,100,50,1,2,1,4,False,phantom,rifle,,0.1656,0.5556,PROFEK,Team Vitality,astra,True,100,50,1,1,0,3,False,vandal,rifle,,,
1940.589,3792,ACTIVE_ROUND,13,7,7,95.000,,,s0pp,FUT Esports,chamber,True,100,50,0,3,1,3,False,vandal,rifle,,0.6144,0.6667,xeus,FUT Esports,jett,True,100,50,2,1,1,5,False,phantom,rifle,,0.6367,0.6500,sociablEE,FUT Esports,fade,True,100,25,2,0,1,2,False,bulldog,rifle,,0.8311,0.5911,yetujey,FUT Esports,astra,True,100,50,1,1,0,3,False,stinger,smg,,,,KROSTALY,FUT Esports,kayo,True,100,50,1,2,0,3,False,spectre,smg,,,,Chronicle,Team Vitality,chamber,True,100,50,0,0,1,2,False,vandal,rifle,,,,Derke,Team Vitality,neon,True,100,50,0,1,1,2,False,phantom,rifle,,,,Jamppi,Team Vitality,kayo,True,100,25,0,1,0,3,False,vandal,rifle,,0.8900,0.3011,Sayonara,Team Vitality,sova,True,100,50,1,2,1,4,False,phantom,rifle,,0.8433,0.4089,PROFEK,Team Vitality,astra,True,100,50,2,1,0,3,False,vandal,rifle,,,
1941.072,3793,ACTIVE_ROUND,13,7,7,95.000,,,s0pp,FUT Esports,chamber,True,100,50,0,3,1,3,False,vandal,rifle,,0.6100,0.6556,xeus,FUT Esports,jett,True,100,50,2,1,1,5,False,phantom,rifle,,0.6389,0.6389,sociablEE,FUT Esports,fade,True,100,25,2,0,1,2,False,bulldog,rifle,,0.8511,0.5822,yetujey,FUT Esports,astra,True,100,50,1,1,0,3,False,stinger,smg,,,,KROSTALY,FUT Esports,kayo,True,100,50,1,2,0,3,False,spectre,smg,,,,Chronicle,Team Vitality,chamber,True,100,50,0,0,1,2,False,vandal,rifle,,,,Derke,Team Vitality,neon,True,100,50,0,1,1,2,False,phantom,rifle,,,,Jamppi,Team Vitality,kayo,True,100,25,0,1,0,3,False,vandal,rifle,,0.8900,0.3122,Sayonara,Team Vitality,sova,True,100,50,1,2,1,4,False,phantom,rifle,,0.9189,0.2956,PROFEK,Team Vitality,astra,True,100,50,2,1,0,3,False,vandal,rifle,,,
1941.556,3794,ACTIVE_ROUND,13,7,7,94.000,,,s0pp,FUT Esports,chamber,True,100,50,0,3,1,3,False,vandal,rifle,,0.6944,0.6711,xeus,FUT Esports,jett,True,100,50,2,1,1,5,False,phantom,rifle,,0.1500,0.6678,sociablEE,FUT Esports,fade,True,100,25,2,0,1,2,False,bulldog,rifle,,0.8711,0.5778,yetujey,FUT Esports,astra,True,100,50,1,1,0,3,False,stinger,smg,,,,KROSTALY,FUT Esports,kayo,True,100,50,1,2,0,3,False,spectre,smg,,,,Chronicle,Team Vitality,chamber,True,100,50,0,0,1,2,False,vandal,rifle,,,,Derke,Team Vitality,neon,True,100,50,0,1,1,2,False,phantom,rifle,,,,Jamppi,Team Vitality,kayo,True,100,25,0,1,0,3,False,vandal,rifle,,0.8900,0.3211,Sayonara,Team Vitality,sova,True,100,50,1,2,1,4,False,phantom,rifle,,0.9233,0.3111,PROFEK,Team Vitality,astra,True,100,50,2,1,0,3,False,vandal,rifle,,,
1942.040,3795,ACTIVE_ROUND,13,7,7,94.000,,,s0pp,FUT Esports,chamber,True,100,50,0,3,1,3,False,vandal,rifle,,0.6944,0.6711,xeus,FUT Esports,jett,True,100,50,2,1,1,5,False,phantom,rifle,,0.6389,0.6167,sociablEE,FUT Esports,fade,True,100,25,2,0,1,2,False,bulldog,rifle,,0.8889,0.5667,yetujey,FUT Esports,astra,True,100,50,1,1,0,3,False,stinger,smg,,,,KROSTALY,FUT Esports,kayo,True,100,50,1,2,0,3,False,spectre,smg,,,,Chronicle,Team Vitality,chamber,True,100,50,0,0,1,2,False,vandal,rifle,,,,Derke,Team Vitality,neon,True,100,50,0,1,1,2,False,phantom,rifle,,,,Jamppi,Team Vitality,kayo,True,100,25,0,1,0,3,False,vandal,rifle,,0.8767,0.3300,Sayonara,Team Vitality,sova,True,100,50,1,2,1,4,False,phantom,rifle,,0.5411,0.4867,PROFEK,Team Vitality,astra,True,100,50,2,1,0,3,False,vandal,rifle,,,
1942.524,3796,ACTIVE_ROUND,13,7,7,93.000,,,s0pp,FUT Esports,chamber,True,100,50,0,3,1,3,False,vandal,rifle,,0.6944,0.6711,xeus,FUT Esports,jett,True,100,50,2,1,1,5,False,phantom,rifle,,0.6344,0.6078,sociablEE,FUT Esports,fade,True,100,25,1,0,1,2,False,bulldog,rifle,,0.8844,0.5600,yetujey,FUT Esports,astra,True,100,50,1,1,0,3,False,stinger,smg,,,,KROSTALY,FUT Esports,kayo,True,100,50,1,2,0,3,False,spectre,smg,,,,Chronicle,Team Vitality,chamber,True,100,50,0,0,1,2,False,vandal,rifle,,,,Derke,Team Vitality,neon,True,100,50,0,1,1,2,False,phantom,rifle,,,,Jamppi,Team Vitality,kayo,True,100,25,0,1,0,3,False,vandal,rifle,,0.8589,0.3322,Sayonara,Team Vitality,sova,True,100,50,1,2,1,4,False,phantom,rifle,,0.5389,0.4867,PROFEK,Team Vitality,astra,True,100,50,2,1,0,3,False,vandal,rifle,,,
1943.008,3797,ACTIVE_ROUND,13,7,7,93.000,,,s0pp,FUT Esports,chamber,True,100,50,0,3,1,3,False,vandal,rifle,,0.5922,0.6156,xeus,FUT Esports,jett,True,100,50,2,1,1,5,False,phantom,rifle,,0.6322,0.6056,sociablEE,FUT Esports,fade,True,100,25,1,0,1,2,False,bulldog,rifle,,0.8778,0.5622,yetujey,FUT Esports,astra,True,100,50,1,1,0,3,False,stinger,smg,,,,KROSTALY,FUT Esports,kayo,True,100,50,1,2,0,3,False,spectre,smg,,,,Chronicle,Team Vitality,chamber,True,100,50,0,0,1,2,False,vandal,rifle,,,,Derke,Team Vitality,neon,True,100,50,0,1,1,2,False,phantom,rifle,,,,Jamppi,Team Vitality,kayo,True,100,25,0,1,0,3,False,vandal,rifle,,0.8500,0.3300,Sayonara,Team Vitality,sova,True,100,50,1,2,1,4,False,phantom,rifle,,0.8833,0.3200,PROFEK,Team Vitality,astra,True,100,50,2,1,0,3,False,vandal,rifle,,,
1943.492,3798,ACTIVE_ROUND,13,7,7,92.000,,,s0pp,FUT Esports,chamber,True,100,50,0,3,1,3,False,vandal,rifle,,0.5878,0.6067,xeus,FUT Esports,jett,True,100,50,2,1,1,5,False,phantom,rifle,,0.6233,0.6033,sociablEE,FUT Esports,fade,True,100,25,1,0,1,2,False,bulldog,rifle,,0.8778,0.5622,yetujey,FUT Esports,astra,True,100,50,1,1,0,3,False,stinger,smg,,,,KROSTALY,FUT Esports,kayo,True,100,50,1,2,0,3,False,spectre,smg,,,,Chronicle,Team Vitality,chamber,True,100,50,0,0,1,2,False,vandal,rifle,,,,Derke,Team Vitality,neon,True,100,50,0,1,1,2,False,phantom,rifle,,,,Jamppi,Team Vitality,kayo,True,100,25,0,1,0,3,False,vandal,rifle,,0.8389,0.3256,Sayonara,Team Vitality,sova,True,100,50,1,2,1,4,False,phantom,rifle,,0.8722,0.3200,PROFEK,Team Vitality,astra,True,100,50,2,1,0,3,False,vandal,rifle,,,
1943.975,3799,ACTIVE_ROUND,13,7,7,92.000,,,s0pp,FUT Esports,chamber,True,100,50,0,3,1,3,False,vandal,rifle,,0.5900,0.5956,xeus,FUT Esports,jett,True,100,50,2,1,1,5,False,phantom,rifle,,0.6167,0.6033,sociablEE,FUT Esports,fade,True,100,25,1,0,1,2,False,bulldog,rifle,,0.8778,0.5622,yetujey,FUT Esports,astra,True,100,50,1,1,0,3,False,stinger,smg,,,,KROSTALY,FUT Esports,kayo,True,100,50,1,2,0,3,False,spectre,smg,,,,Chronicle,Team Vitality,chamber,True,100,50,0,0,1,2,False,vandal,rifle,,,,Derke,Team Vitality,neon,True,100,50,0,1,1,2,False,phantom,rifle,,,,Jamppi,Team Vitality,kayo,True,100,25,0,1,0,3,False,vandal,rifle,,0.8300,0.3278,Sayonara,Team Vitality,sova,True,100,50,1,2,1,4,False,phantom,rifle,,0.2878,0.3600,PROFEK,Team Vitality,astra,True,100,50,2,1,0,3,False,vandal,rifle,,,
1944.459,3800,ACTIVE_ROUND,13,7,7,91.000,,,s0pp,FUT Esports,chamber,True,100,50,0,3,1,3,False,vandal,rifle,,0.5878,0.5889,xeus,FUT Esports,jett,True,100,50,2,1,1,5,False,phantom,rifle,,0.6100,0.6033,sociablEE,FUT Esports,fade,True,100,25,1,0,1,2,False,bulldog,rifle,,0.8489,0.5822,yetujey,FUT Esports,astra,True,100,50,1,1,0,3,False,stinger,smg,,0.6289,0.6478,KROSTALY,FUT Esports,kayo,True,100,50,1,2,0,3,False,spectre,smg,,,,Chronicle,Team Vitality,chamber,True,100,50,0,0,1,2,False,vandal,rifle,,,,Derke,Team Vitality,neon,True,100,50,0,1,1,2,False,phantom,rifle,,0.4911,0.4711,Jamppi,Team Vitality,kayo,True,100,25,0,1,0,3,False,vandal,rifle,,0.8256,0.3256,Sayonara,Team Vitality,sova,True,100,50,1,2,1,4,False,phantom,rifle,,0.8567,0.3111,PROFEK,Team Vitality,astra,True,100,50,1,1,0,3,False,vandal,rifle,,0.7889,0.4256
1944.943,3801,ACTIVE_ROUND,13,7,7,91.000,,,s0pp,FUT Esports,chamber,True,100,50,0,3,1,3,False,vandal,rifle,,0.5833,0.5822,xeus,FUT Esports,jett,True,100,50,2,1,1,5,False,phantom,rifle,,0.6056,0.5989,sociablEE,FUT Esports,fade,True,100,25,1,0,1,2,False,bulldog,rifle,,0.8356,0.5844,yetujey,FUT Esports,astra,True,100,50,1,1,0,3,False,stinger,smg,,0.6311,0.6367,KROSTALY,FUT Esports,kayo,True,100,50,1,2,0,3,False,spectre,smg,,,,Chronicle,Team Vitality,chamber,True,100,50,0,0,1,2,False,vandal,rifle,,0.2778,0.3622,Derke,Team Vitality,neon,True,100,50,0,1,1,2,False,phantom,rifle,,0.4911,0.4711,Jamppi,Team Vitality,kayo,True,100,25,0,1,0,3,False,vandal,rifle,,0.8211,0.3256,Sayonara,Team Vitality,sova,True,100,50,1,2,1,4,False,phantom,rifle,,0.8522,0.3067,PROFEK,Team Vitality,astra,True,100,50,1,1,0,3,False,vandal,rifle,,0.7889,0.4256
1945.427,3802,ACTIVE_ROUND,13,7,7,90.000,,,s0pp,FUT Esports,chamber,True,100,50,0,3,1,3,False,vandal,rifle,,0.6944,0.6711,xeus,FUT Esports,jett,True,100,50,2,1,1,5,False,phantom,rifle,,0.5989,0.5967,sociablEE,FUT Esports,fade,True,100,25,1,0,1,2,False,bulldog,rifle,,0.8244,0.5933,yetujey,FUT Esports,astra,True,100,50,1,1,0,3,False,stinger,smg,,0.6333,0.6233,KROSTALY,FUT Esports,kayo,True,100,50,1,2,0,3,False,spectre,smg,,0.6289,0.6667,Chronicle,Team Vitality,chamber,True,100,50,0,0,1,2,False,vandal,rifle,,0.2778,0.3622,Derke,Team Vitality,neon,True,100,50,0,1,1,2,False,phantom,rifle,,0.4911,0.4711,Jamppi,Team Vitality,kayo,True,100,25,0,1,0,3,False,vandal,rifle,,0.8211,0.3233,Sayonara,Team Vitality,sova,True,100,50,1,2,1,4,False,phantom,rifle,,0.8522,0.3067,PROFEK,Team Vitality,astra,True,100,50,1,1,0,3,False,vandal,rifle,,0.7889,0.4256
1945.911,3803,ACTIVE_ROUND,13,7,7,90.000,,,s0pp,FUT Esports,chamber,True,100,50,0,3,1,3,False,vandal,rifle,,0.6944,0.6711,xeus,FUT Esports,jett,True,100,50,2,1,1,5,False,phantom,rifle,,0.5944,0.5944,sociablEE,FUT Esports,fade,True,100,25,1,0,1,2,False,bulldog,rifle,,0.8133,0.6022,yetujey,FUT Esports,astra,True,100,50,1,1,0,3,False,stinger,smg,,0.6333,0.6122,KROSTALY,FUT Esports,kayo,True,100,50,1,2,0,3,False,spectre,smg,,0.6289,0.6556,Chronicle,Team Vitality,chamber,True,100,50,0,0,1,2,False,vandal,rifle,,0.2778,0.3622,Derke,Team Vitality,neon,True,100,50,0,1,1,2,False,phantom,rifle,,0.4911,0.4711,Jamppi,Team Vitality,kayo,True,100,25,0,1,0,3,False,vandal,rifle,,0.8211,0.3256,Sayonara,Team Vitality,sova,True,100,50,1,2,1,4,False,phantom,rifle,,0.8522,0.3067,PROFEK,Team Vitality,astra,True,100,50,1,1,0,3,False,vandal,rifle,,0.7889,0.4256
1946.394,3804,ACTIVE_ROUND,13,7,7,89.000,,,s0pp,FUT Esports,chamber,True,100,50,0,3,1,3,False,vandal,rifle,,0.6944,0.6711,xeus,FUT Esports,jett,True,100,50,2,1,1,5,False,phantom,rifle,,0.5944,0.5922,sociablEE,FUT Esports,fade,True,100,25,1,0,1,2,False,bulldog,rifle,,0.8000,0.6089,yetujey,FUT Esports,astra,True,100,50,1,1,0,3,False,stinger,smg,,0.6333,0.6122,KROSTALY,FUT Esports,kayo,True,100,50,1,2,0,3,False,spectre,smg,,0.6289,0.6556,Chronicle,Team Vitality,chamber,True,100,50,0,0,1,2,False,vandal,rifle,,0.2778,0.3622,Derke,Team Vitality,neon,True,100,50,0,1,1,2,False,phantom,rifle,,0.4911,0.4711,Jamppi,Team Vitality,kayo,True,100,25,0,1,0,3,False,vandal,rifle,,0.8256,0.3278,Sayonara,Team Vitality,sova,True,100,50,1,2,1,4,False,phantom,rifle,,0.8567,0.3111,PROFEK,Team Vitality,astra,True,100,50,1,1,0,3,False,vandal,rifle,,0.2756,0.3211
1946.878,3805,ACTIVE_ROUND,13,7,7,89.000,,,s0pp,FUT Esports,chamber,True,100,50,0,3,1,3,False,vandal,rifle,,0.6944,0.6711,xeus,FUT Esports,jett,True,100,50,2,1,1,5,False,phantom,rifle,,0.7278,0.5922,sociablEE,FUT Esports,fade,True,100,25,1,0,1,2,False,bulldog,rifle,,0.7911,0.6178,yetujey,FUT Esports,astra,True,100,50,1,1,0,3,False,stinger,smg,,0.6333,0.6122,KROSTALY,FUT Esports,kayo,True,100,50,1,2,0,3,False,spectre,smg,,0.6289,0.6556,Chronicle,Team Vitality,chamber,True,100,50,0,0,1,2,False,vandal,rifle,,0.2644,0.3133,Derke,Team Vitality,neon,True,100,50,0,1,1,2,False,phantom,rifle,,0.4911,0.4711,Jamppi,Team Vitality,kayo,True,100,25,0,1,0,3,False,vandal,rifle,,0.8344,0.3256,Sayonara,Team Vitality,sova,True,100,50,1,2,1,4,False,phantom,rifle,,0.8656,0.3067,PROFEK,Team Vitality,astra,True,100,50,1,1,0,3,False,vandal,rifle,,0.2756,0.3211
1947.362,3806,ACTIVE_ROUND,13,7,7,88.000,,,s0pp,FUT Esports,chamber,True,100,50,0,3,1,3,False,vandal,rifle,,0.6944,0.6711,xeus,FUT Esports,jett,True,100,50,2,1,1,5,False,phantom,rifle,,0.5922,0.5833,sociablEE,FUT Esports,fade,True,100,25,1,0,1,2,False,bulldog,rifle,,0.7844,0.6311,yetujey,FUT Esports,astra,True,100,50,1,1,0,3,False,stinger,smg,,0.6333,0.6122,KROSTALY,FUT Esports,kayo,True,100,50,1,2,0,3,False,spectre,smg,,0.6267,0.6200,Chronicle,Team Vitality,chamber,True,100,50,0,0,1,2,False,vandal,rifle,,0.2644,0.3133,Derke,Team Vitality,neon,True,100,50,0,1,1,2,False,phantom,rifle,,0.4911,0.4711,Jamppi,Team Vitality,kayo,True,100,25,0,1,0,3,False,vandal,rifle,,0.8411,0.3233,Sayonara,Team Vitality,sova,True,100,50,1,2,1,4,False,phantom,rifle,,0.8767,0.3200,PROFEK,Team Vitality,astra,True,100,50,1,1,0,3,False,vandal,rifle,,0.2756,0.3211
1947.846,3807,ACTIVE_ROUND,13,7,7,88.000,,,s0pp,FUT Esports,chamber,True,100,50,0,3,1,3,False,vandal,rifle,,0.6944,0.6711,xeus,FUT Esports,jett,True,100,50,2,1,1,5,False,phantom,rifle,,0.5900,0.5767,sociablEE,FUT Esports,fade,True,100,25,1,0,1,2,False,bulldog,rifle,,0.7800,0.6444,yetujey,FUT Esports,astra,True,100,50,1,1,0,3,False,stinger,smg,,0.6333,0.6122,KROSTALY,FUT Esports,kayo,True,100,50,1,2,0,3,False,spectre,smg,,0.6267,0.6200,Chronicle,Team Vitality,chamber,True,100,50,0,0,1,2,False,vandal,rifle,,0.2644,0.3133,Derke,Team Vitality,neon,True,100,50,0,1,1,2,False,phantom,rifle,,0.4911,0.4711,Jamppi,Team Vitality,kayo,True,100,25,0,1,0,3,False,vandal,rifle,,0.8411,0.3233,Sayonara,Team Vitality,sova,True,100,50,1,2,1,4,False,phantom,rifle,,0.8300,0.4111,PROFEK,Team Vitality,astra,True,100,50,1,1,0,3,False,vandal,rifle,,0.2356,0.3144
1948.330,3808,ACTIVE_ROUND,13,7,7,87.000,,,s0pp,FUT Esports,chamber,True,100,50,0,3,1,3,False,vandal,rifle,,0.6944,0.6711,xeus,FUT Esports,jett,True,100,50,2,1,1,5,False,phantom,rifle,,0.1211,0.3611,sociablEE,FUT Esports,fade,True,100,25,1,0,1,2,False,bulldog,rifle,,0.7756,0.6578,yetujey,FUT Esports,astra,True,100,50,1,1,0,3,False,stinger,smg,,0.6333,0.6122,KROSTALY,FUT Esports,kayo,True,100,50,1,2,0,3,False,spectre,smg,,0.6267,0.6200,Chronicle,Team Vitality,chamber,True,100,50,0,0,1,2,False,vandal,rifle,,0.2644,0.3133,Derke,Team Vitality,neon,True,100,50,0,1,1,2,False,phantom,rifle,,0.4911,0.4711,Jamppi,Team Vitality,kayo,True,100,25,0,1,0,3,False,vandal,rifle,,0.8500,0.3233,Sayonara,Team Vitality,sova,True,100,50,1,2,1,4,False,phantom,rifle,,0.8478,0.4178,PROFEK,Team Vitality,astra,True,100,50,1,1,0,3,False,vandal,rifle,,0.2422,0.3167
1948.814,3809,ACTIVE_ROUND,13,7,7,87.000,,,s0pp,FUT Esports,chamber,True,100,50,0,3,1,3,False,vandal,rifle,,0.6944,0.6711,xeus,FUT Esports,jett,True,100,50,2,1,1,5,False,phantom,rifle,,0.5989,0.5544,sociablEE,FUT Esports,fade,True,100,25,1,0,1,2,False,bulldog,rifle,,0.7689,0.6644,yetujey,FUT Esports,astra,True,100,50,1,1,0,3,False,stinger,smg,,0.6333,0.6122,KROSTALY,FUT Esports,kayo,True,100,50,1,2,0,3,False,spectre,smg,,0.6267,0.6200,Chronicle,Team Vitality,chamber,True,100,50,0,0,1,2,False,vandal,rifle,,0.2644,0.3133,Derke,Team Vitality,neon,True,100,50,0,1,1,2,False,phantom,rifle,,0.4911,0.4711,Jamppi,Team Vitality,kayo,True,100,25,0,1,0,3,False,vandal,rifle,,0.8544,0.3233,Sayonara,Team Vitality,sova,True,100,50,1,2,1,4,False,phantom,rifle,,0.8389,0.3000,PROFEK,Team Vitality,astra,True,100,50,1,1,0,3,False,vandal,rifle,,0.2422,0.3167
1949.297,3810,ACTIVE_ROUND,13,7,7,86.000,,,s0pp,FUT Esports,chamber,True,100,50,0,3,1,3,False,vandal,rifle,,0.6944,0.6711,xeus,FUT Esports,jett,True,100,50,2,1,1,5,False,phantom,rifle,,0.9233,0.3078,sociablEE,FUT Esports,fade,True,100,25,1,0,1,2,False,bulldog,rifle,,0.7711,0.6556,yetujey,FUT Esports,astra,True,100,50,1,1,0,3,False,stinger,smg,,0.6333,0.6122,KROSTALY,FUT Esports,kayo,True,100,50,1,2,0,3,False,spectre,smg,,0.6267,0.6200,Chronicle,Team Vitality,chamber,True,100,50,0,0,1,2,False,vandal,rifle,,0.2644,0.3133,Derke,Team Vitality,neon,True,100,50,0,1,1,2,False,phantom,rifle,,0.4911,0.4711,Jamppi,Team Vitality,kayo,True,100,25,0,1,0,3,False,vandal,rifle,,0.8656,0.3256,Sayonara,Team Vitality,sova,True,100,50,1,2,1,4,False,phantom,rifle,,0.8611,0.2933,PROFEK,Team Vitality,astra,True,100,50,1,1,0,3,False,vandal,rifle,,0.2689,0.3167
1949.781,3811,ACTIVE_ROUND,13,7,7,86.000,,,s0pp,FUT Esports,chamber,True,100,50,0,3,1,3,False,vandal,rifle,,0.6944,0.6711,xeus,FUT Esports,jett,True,100,50,2,1,1,5,False,phantom,rifle,,0.7278,0.5922,sociablEE,FUT Esports,fade,True,100,25,1,0,1,2,False,bulldog,rifle,,0.7822,0.6489,yetujey,FUT Esports,astra,True,100,50,1,1,0,3,False,stinger,smg,,0.6333,0.6122,KROSTALY,FUT Esports,kayo,True,100,50,1,2,0,3,False,spectre,smg,,0.6267,0.6200,Chronicle,Team Vitality,chamber,True,100,50,0,0,1,2,False,vandal,rifle,,0.8311,0.4467,Derke,Team Vitality,neon,True,100,50,0,1,1,2,False,phantom,rifle,,0.4911,0.4711,Jamppi,Team Vitality,kayo,True,100,25,0,1,0,3,False,vandal,rifle,,0.8767,0.3233,Sayonara,Team Vitality,sova,True,100,50,1,2,1,4,False,phantom,rifle,,0.8722,0.2933,PROFEK,Team Vitality,astra,True,100,50,1,1,0,3,False,vandal,rifle,,0.2689,0.3167
1950.265,3812,ACTIVE_ROUND,13,7,7,85.000,,,s0pp,FUT Esports,chamber,True,100,50,0,3,1,3,False,vandal,rifle,,0.6944,0.6711,xeus,FUT Esports,jett,True,100,50,2,1,1,5,False,phantom,rifle,,0.6389,0.8367,sociablEE,FUT Esports,fade,True,100,25,1,0,1,2,False,bulldog,rifle,,0.7822,0.6489,yetujey,FUT Esports,astra,True,100,50,1,1,0,3,False,stinger,smg,,0.6333,0.6122,KROSTALY,FUT Esports,kayo,True,100,50,1,2,0,3,False,spectre,smg,,0.6267,0.6200,Chronicle,Team Vitality,chamber,True,100,50,0,0,1,2,False,vandal,rifle,,0.8311,0.4467,Derke,Team Vitality,neon,True,100,50,0,1,1,2,False,phantom,rifle,,0.4911,0.4711,Jamppi,Team Vitality,kayo,True,100,25,0,1,0,3,False,vandal,rifle,,0.8811,0.3300,Sayonara,Team Vitality,sova,True,100,50,1,2,1,4,False,phantom,rifle,,0.9122,0.3156,PROFEK,Team Vitality,astra,True,100,50,1,1,0,3,False,vandal,rifle,,0.2689,0.3256
1950.749,3813,ACTIVE_ROUND,13,7,7,85.000,,,s0pp,FUT Esports,chamber,True,100,50,0,3,1,3,False,vandal,rifle,,0.6944,0.6711,xeus,FUT Esports,jett,True,100,50,2,1,1,5,False,phantom,rifle,,0.7522,0.1900,sociablEE,FUT Esports,fade,True,100,25,1,0,1,2,False,bulldog,rifle,,0.7889,0.6289,yetujey,FUT Esports,astra,True,100,50,1,1,0,3,False,stinger,smg,,0.6333,0.6122,KROSTALY,FUT Esports,kayo,True,100,50,1,2,0,3,False,spectre,smg,,0.6267,0.6200,Chronicle,Team Vitality,chamber,True,100,50,0,0,1,2,False,vandal,rifle,,0.8311,0.4467,Derke,Team Vitality,neon,True,100,50,0,1,1,2,False,phantom,rifle,,0.4911,0.4711,Jamppi,Team Vitality,kayo,True,100,25,0,1,0,3,False,vandal,rifle,,0.8811,0.3367,Sayonara,Team Vitality,sova,True,100,50,1,2,1,4,False,phantom,rifle,,0.8789,0.3089,PROFEK,Team Vitality,astra,True,100,50,1,1,0,3,False,vandal,rifle,,0.2600,0.3233
1951.233,3814,ACTIVE_ROUND,13,7,7,84.000,,,s0pp,FUT Esports,chamber,True,100,50,0,3,1,3,False,vandal,rifle,,0.6944,0.6711,xeus,FUT Esports,jett,True,100,50,2,1,1,5,False,phantom,rifle,,0.6389,0.9233,sociablEE,FUT Esports,fade,True,100,25,1,0,1,2,False,bulldog,rifle,,0.7867,0.6378,yetujey,FUT Esports,astra,True,100,50,1,1,0,3,False,stinger,smg,,0.6333,0.6122,KROSTALY,FUT Esports,kayo,True,100,50,1,2,0,3,False,spectre,smg,,0.6267,0.6200,Chronicle,Team Vitality,chamber,True,100,50,0,0,1,2,False,vandal,rifle,,0.8311,0.4467,Derke,Team Vitality,neon,True,100,50,0,1,1,2,False,phantom,rifle,,0.4889,0.4644,Jamppi,Team Vitality,kayo,True,100,25,0,1,0,3,False,vandal,rifle,,0.8811,0.3500,Sayonara,Team Vitality,sova,True,100,50,1,2,1,4,False,phantom,rifle,,0.9167,0.3289,PROFEK,Team Vitality,astra,True,100,50,1,1,0,3,False,vandal,rifle,,0.2489,0.3167
1951.716,3815,ACTIVE_ROUND,13,7,7,84.000,,,s0pp,FUT Esports,chamber,True,100,50,0,3,1,3,False,vandal,rifle,,0.6944,0.6711,xeus,FUT Esports,jett,True,100,50,2,1,1,5,False,phantom,rifle,,0.6367,0.9233,sociablEE,FUT Esports,fade,True,100,25,1,0,1,2,False,bulldog,rifle,,0.7889,0.6400,yetujey,FUT Esports,astra,True,100,50,1,1,0,3,False,stinger,smg,,0.6333,0.6122,KROSTALY,FUT Esports,kayo,True,100,50,1,2,0,3,False,spectre,smg,,0.6267,0.6200,Chronicle,Team Vitality,chamber,True,100,50,0,0,1,2,False,vandal,rifle,,0.8311,0.4467,Derke,Team Vitality,neon,True,100,50,0,1,1,2,False,phantom,rifle,,0.4889,0.4644,Jamppi,Team Vitality,kayo,True,100,25,0,1,0,3,False,vandal,rifle,,0.8278,0.3256,Sayonara,Team Vitality,sova,True,100,50,1,2,1,4,False,phantom,rifle,,0.9078,0.3222,PROFEK,Team Vitality,astra,True,100,50,1,1,0,3,False,vandal,rifle,,0.2489,0.3167
1952.200,3816,ACTIVE_ROUND,13,7,7,83.000,,,s0pp,FUT Esports,chamber,True,100,50,0,3,1,3,False,vandal,rifle,,0.6944,0.6711,xeus,FUT Esports,jett,True,100,50,2,1,1,5,False,phantom,rifle,,0.6389,0.9256,sociablEE,FUT Esports,fade,True,100,25,1,0,1,2,False,bulldog,rifle,,0.7889,0.6356,yetujey,FUT Esports,astra,True,100,50,1,0,0,3,False,stinger,smg,,0.6333,0.6122,KROSTALY,FUT Esports,kayo,True,100,50,1,2,0,3,False,spectre,smg,,0.6267,0.6200,Chronicle,Team Vitality,chamber,True,100,50,0,0,1,2,False,vandal,rifle,,0.8356,0.4667,Derke,Team Vitality,neon,True,100,50,0,1,1,2,False,phantom,rifle,,0.4889,0.4644,Jamppi,Team Vitality,kayo,True,100,25,0,1,0,3,False,vandal,rifle,,0.8789,0.3722,Sayonara,Team Vitality,sova,True,100,50,1,2,1,4,False,phantom,rifle,,0.2567,0.3022,PROFEK,Team Vitality,astra,True,100,50,1,1,0,3,False,vandal,rifle,,0.2489,0.3167
1952.684,3817,ACTIVE_ROUND,13,7,7,83.000,,,s0pp,FUT Esports,chamber,True,100,50,0,3,1,3,False,vandal,rifle,,0.5789,0.4467,xeus,FUT Esports,jett,True,100,50,2,1,1,5,False,phantom,rifle,,0.9300,0.3433,sociablEE,FUT Esports,fade,True,100,25,1,0,1,2,False,bulldog,rifle,,0.7889,0.6267,yetujey,FUT Esports,astra,True,100,50,1,0,0,3,False,stinger,smg,,0.6333,0.6122,KROSTALY,FUT Esports,kayo,True,100,50,1,2,0,3,False,spectre,smg,,0.6267,0.6200,Chronicle,Team Vitality,chamber,True,100,50,0,0,1,2,False,vandal,rifle,,0.8356,0.4667,Derke,Team Vitality,neon,True,100,50,0,1,1,2,False,phantom,rifle,,0.4889,0.4644,Jamppi,Team Vitality,kayo,True,100,25,0,1,0,3,False,vandal,rifle,,0.8789,0.3833,Sayonara,Team Vitality,sova,True,100,50,1,2,1,4,False,phantom,rifle,,0.8811,0.4756,PROFEK,Team Vitality,astra,True,100,50,1,1,0,3,False,vandal,rifle,,0.2489,0.3167
1953.168,3818,ACTIVE_ROUND,13,7,7,82.000,,,s0pp,FUT Esports,chamber,True,100,50,0,3,1,3,False,vandal,rifle,,0.4522,0.9267,xeus,FUT Esports,jett,True,100,50,2,1,1,5,False,phantom,rifle,,0.5967,0.0944,sociablEE,FUT Esports,fade,True,100,25,1,0,1,2,False,bulldog,rifle,,0.7911,0.6311,yetujey,FUT Esports,astra,True,100,50,1,0,0,3,False,stinger,smg,,0.6333,0.6122,KROSTALY,FUT Esports,kayo,True,100,50,1,2,0,3,False,spectre,smg,,0.6267,0.6200,Chronicle,Team Vitality,chamber,True,100,50,0,0,1,2,False,vandal,rifle,,0.8356,0.4667,Derke,Team Vitality,neon,True,100,50,0,1,1,2,False,phantom,rifle,,0.4889,0.4644,Jamppi,Team Vitality,kayo,True,100,25,0,1,0,3,False,vandal,rifle,,0.8744,0.3922,Sayonara,Team Vitality,sova,True,100,50,1,2,1,4,False,phantom,rifle,,0.8900,0.4756,PROFEK,Team Vitality,astra,True,100,50,1,1,0,3,False,vandal,rifle,,0.2489,0.3167
1953.652,3819,ACTIVE_ROUND,13,7,7,82.000,,,s0pp,FUT Esports,chamber,True,100,50,0,3,1,3,False,vandal,rifle,,0.6944,0.6711,xeus,FUT Esports,jett,True,100,50,2,1,1,5,False,phantom,rifle,,0.7278,0.5878,sociablEE,FUT Esports,fade,True,100,25,1,0,1,2,False,bulldog,rifle,,0.7911,0.6311,yetujey,FUT Esports,astra,True,100,50,1,0,0,3,False,stinger,smg,,0.6333,0.6122,KROSTALY,FUT Esports,kayo,True,100,50,1,2,0,3,False,spectre,smg,,0.6267,0.6200,Chronicle,Team Vitality,chamber,True,100,50,0,0,1,2,False,vandal,rifle,,0.8356,0.4667,Derke,Team Vitality,neon,True,100,50,0,1,1,2,False,phantom,rifle,,0.4889,0.4644,Jamppi,Team Vitality,kayo,True,100,25,0,1,0,3,False,vandal,rifle,,0.8700,0.4033,Sayonara,Team Vitality,sova,True,100,50,1,2,1,4,False,phantom,rifle,,0.8967,0.4756,PROFEK,Team Vitality,astra,True,100,50,1,1,0,3,False,vandal,rifle,,0.2489,0.3167
1954.136,3820,ACTIVE_ROUND,13,7,7,81.000,,,s0pp,FUT Esports,chamber,True,100,50,0,3,1,3,False,vandal,rifle,,0.6944,0.6711,xeus,FUT Esports,jett,True,100,50,2,1,1,5,False,phantom,rifle,,0.7300,0.5878,sociablEE,FUT Esports,fade,True,100,25,1,0,1,2,False,bulldog,rifle,,0.7911,0.6311,yetujey,FUT Esports,astra,True,100,50,1,0,0,3,False,stinger,smg,,0.6333,0.6122,KROSTALY,FUT Esports,kayo,True,100,50,1,2,0,3,False,spectre,smg,,0.6267,0.6200,Chronicle,Team Vitality,chamber,True,100,50,0,0,1,2,False,vandal,rifle,,0.8356,0.4667,Derke,Team Vitality,neon,True,100,50,0,1,1,2,False,phantom,rifle,,0.4889,0.4644,Jamppi,Team Vitality,kayo,True,100,25,0,1,0,3,False,vandal,rifle,,0.8678,0.4122,Sayonara,Team Vitality,sova,True,100,50,1,2,1,4,False,phantom,rifle,,0.6900,0.3333,PROFEK,Team Vitality,astra,True,100,50,0,1,0,3,False,vandal,rifle,,0.2311,0.3167
1954.619,3821,ACTIVE_ROUND,13,7,7,81.000,,,s0pp,FUT Esports,chamber,True,100,50,0,3,1,3,False,vandal,rifle,,0.6967,0.5289,xeus,FUT Esports,jett,True,100,50,2,1,1,5,False,phantom,rifle,,0.5967,0.5344,sociablEE,FUT Esports,fade,True,100,25,1,0,1,2,False,bulldog,rifle,,0.7822,0.6556,yetujey,FUT Esports,astra,True,100,50,1,0,0,3,False,stinger,smg,,0.6333,0.6122,KROSTALY,FUT Esports,kayo,True,100,50,1,2,0,3,False,spectre,smg,,0.6267,0.6200,Chronicle,Team Vitality,chamber,True,100,50,0,0,1,2,False,vandal,rifle,,0.8356,0.4667,Derke,Team Vitality,neon,True,100,50,0,1,1,2,False,phantom,rifle,,0.4889,0.4644,Jamppi,Team Vitality,kayo,True,100,25,0,1,0,3,False,vandal,rifle,,0.8700,0.4211,Sayonara,Team Vitality,sova,True,100,50,1,2,1,4,False,phantom,rifle,,0.2722,0.3089,PROFEK,Team Vitality,astra,True,100,50,0,1,0,3,False,vandal,rifle,,0.2400,0.3167
1955.103,3822,ACTIVE_ROUND,13,7,7,80.000,,,s0pp,FUT Esports,chamber,True,100,50,0,3,1,3,False,vandal,rifle,,0.7056,0.5200,xeus,FUT Esports,jett,True,100,50,2,1,1,5,False,phantom,rifle,,0.7389,0.6589,sociablEE,FUT Esports,fade,True,100,25,1,0,1,2,False,bulldog,rifle,,0.7778,0.6689,yetujey,FUT Esports,astra,True,100,50,1,0,0,3,False,stinger,smg,,0.6333,0.6122,KROSTALY,FUT Esports,kayo,True,100,50,1,2,0,3,False,spectre,smg,,0.6267,0.6200,Chronicle,Team Vitality,chamber,True,100,50,0,0,1,2,False,vandal,rifle,,0.8356,0.4667,Derke,Team Vitality,neon,True,100,50,0,1,1,2,False,phantom,rifle,,0.4889,0.4644,Jamppi,Team Vitality,kayo,True,100,25,0,1,0,3,False,vandal,rifle,,0.8656,0.4233,Sayonara,Team Vitality,sova,True,100,50,1,2,1,4,False,phantom,rifle,,0.8989,0.4689,PROFEK,Team Vitality,astra,True,100,50,0,1,0,3,False,vandal,rifle,,0.2556,0.3167
1955.587,3823,ACTIVE_ROUND,13,7,7,80.000,,,s0pp,FUT Esports,chamber,True,100,50,0,3,1,3,False,vandal,rifle,,0.7056,0.5200,xeus,FUT Esports,jett,True,100,50,2,1,1,5,False,phantom,rifle,,0.7056,0.5211,sociablEE,FUT Esports,fade,True,100,25,1,0,1,2,False,bulldog,rifle,,0.7733,0.6822,yetujey,FUT Esports,astra,True,100,50,1,0,0,3,False,stinger,smg,,0.6333,0.6122,KROSTALY,FUT Esports,kayo,True,100,50,1,2,0,3,False,spectre,smg,,0.6267,0.6200,Chronicle,Team Vitality,chamber,True,100,50,0,0,1,2,False,vandal,rifle,,0.8356,0.4667,Derke,Team Vitality,neon,True,100,50,0,1,1,2,False,phantom,rifle,,0.4889,0.4644,Jamppi,Team Vitality,kayo,True,100,25,0,1,0,3,False,vandal,rifle,,0.8633,0.4233,Sayonara,Team Vitality,sova,True,100,50,1,2,1,4,False,phantom,rifle,,0.8744,0.2489,PROFEK,Team Vitality,astra,True,100,50,0,1,0,3,False,vandal,rifle,,0.2689,0.3167
1956.071,3824,ACTIVE_ROUND,13,7,7,80.000,,,s0pp,FUT Esports,chamber,True,100,50,0,3,1,3,False,vandal,rifle,,0.7033,0.7333,xeus,FUT Esports,jett,True,100,50,2,1,1,5,False,phantom,rifle,,0.7144,0.5122,sociablEE,FUT Esports,fade,True,100,25,1,0,1,2,False,bulldog,rifle,,0.7667,0.7022,yetujey,FUT Esports,astra,True,100,50,1,0,0,3,False,stinger,smg,,0.6333,0.6122,KROSTALY,FUT Esports,kayo,True,100,50,1,2,0,3,False,spectre,smg,,0.6267,0.6200,Chronicle,Team Vitality,chamber,True,100,50,0,0,1,2,False,vandal,rifle,,0.8356,0.4667,Derke,Team Vitality,neon,True,100,50,0,1,1,2,False,phantom,rifle,,0.4889,0.4644,Jamppi,Team Vitality,kayo,True,100,25,0,1,0,3,False,vandal,rifle,,0.8656,0.4233,Sayonara,Team Vitality,sova,True,100,50,1,2,1,4,False,phantom,rifle,,0.8744,0.3889,PROFEK,Team Vitality,astra,True,100,50,1,1,0,3,False,vandal,rifle,,0.2800,0.3233
1956.555,3825,ACTIVE_ROUND,13,7,7,79.000,,,s0pp,FUT Esports,chamber,True,100,50,0,3,1,3,False,vandal,rifle,,0.7033,0.7333,xeus,FUT Esports,jett,True,100,50,2,1,1,5,False,phantom,rifle,,0.7278,0.6633,sociablEE,FUT Esports,fade,True,100,25,1,0,1,2,False,bulldog,rifle,,0.7556,0.7222,yetujey,FUT Esports,astra,True,100,50,1,0,0,3,False,stinger,smg,,0.6333,0.6122,KROSTALY,FUT Esports,kayo,True,100,50,1,2,0,3,False,spectre,smg,,0.7111,0.5244,Chronicle,Team Vitality,chamber,True,100,50,0,0,1,2,False,vandal,rifle,,0.8356,0.4667,Derke,Team Vitality,neon,True,100,50,0,1,1,2,False,phantom,rifle,,0.4889,0.4644,Jamppi,Team Vitality,kayo,True,100,25,0,1,0,3,False,vandal,rifle,,0.8544,0.4233,Sayonara,Team Vitality,sova,True,100,50,1,2,1,4,False,phantom,rifle,,0.9100,0.4689,PROFEK,Team Vitality,astra,True,100,50,1,1,0,3,False,vandal,rifle,,0.2800,0.3233
1957.038,3826,ACTIVE_ROUND,13,7,7,79.000,,,s0pp,FUT Esports,chamber,True,100,50,0,3,1,3,False,vandal,rifle,,0.6944,0.6689,xeus,FUT Esports,jett,True,100,50,2,1,1,5,False,phantom,rifle,,0.7189,0.7744,sociablEE,FUT Esports,fade,True,100,25,1,0,1,2,False,bulldog,rifle,,0.7422,0.7400,yetujey,FUT Esports,astra,True,100,50,1,0,0,3,False,stinger,smg,,0.6333,0.6122,KROSTALY,FUT Esports,kayo,True,100,50,1,2,0,3,False,spectre,smg,,0.7111,0.5244,Chronicle,Team Vitality,chamber,True,100,50,0,0,1,2,False,vandal,rifle,,0.8356,0.4667,Derke,Team Vitality,neon,True,100,50,0,1,1,2,False,phantom,rifle,,0.4889,0.4644,Jamppi,Team Vitality,kayo,True,100,25,0,1,0,3,False,vandal,rifle,,0.8478,0.4256,Sayonara,Team Vitality,sova,True,100,50,1,2,1,4,False,phantom,rifle,,0.8811,0.4133,PROFEK,Team Vitality,astra,True,100,50,1,1,0,3,False,vandal,rifle,,0.2800,0.3233
1957.522,3827,ACTIVE_ROUND,13,7,7,78.000,,,s0pp,FUT Esports,chamber,True,100,50,0,3,1,3,False,vandal,rifle,,0.6944,0.6689,xeus,FUT Esports,jett,True,100,50,2,1,1,5,False,phantom,rifle,,0.2633,0.3722,sociablEE,FUT Esports,fade,True,100,25,1,0,1,2,False,bulldog,rifle,,0.7422,0.7400,yetujey,FUT Esports,astra,True,100,50,1,0,0,3,False,stinger,smg,,0.6333,0.6122,KROSTALY,FUT Esports,kayo,True,100,50,1,2,0,3,False,spectre,smg,,0.7111,0.5244,Chronicle,Team Vitality,chamber,True,100,50,0,0,1,2,False,vandal,rifle,,0.8356,0.4667,Derke,Team Vitality,neon,True,100,50,0,1,1,2,False,phantom,rifle,,0.4889,0.4644,Jamppi,Team Vitality,kayo,True,100,25,0,1,0,3,False,vandal,rifle,,0.7944,0.4011,Sayonara,Team Vitality,sova,True,100,50,1,2,1,4,False,phantom,rifle,,0.8589,0.4000,PROFEK,Team Vitality,astra,True,100,50,1,1,0,3,False,vandal,rifle,,0.2800,0.3233
1958.006,3828,ACTIVE_ROUND,13,7,7,78.000,,,s0pp,FUT Esports,chamber,True,100,50,0,3,1,3,False,vandal,rifle,,0.6944,0.6689,xeus,FUT Esports,jett,True,100,50,2,1,1,5,False,phantom,rifle,,0.9233,0.3056,sociablEE,FUT Esports,fade,True,100,25,1,0,1,2,False,bulldog,rifle,,0.7422,0.7400,yetujey,FUT Esports,astra,True,100,50,1,0,0,3,False,stinger,smg,,0.6333,0.6122,KROSTALY,FUT Esports,kayo,True,100,50,1,2,0,3,False,spectre,smg,,0.7111,0.5244,Chronicle,Team Vitality,chamber,True,100,50,0,0,1,2,False,vandal,rifle,,0.8356,0.4667,Derke,Team Vitality,neon,True,100,50,0,1,1,2,False,phantom,rifle,,0.4889,0.4644,Jamppi,Team Vitality,kayo,True,100,25,0,1,0,3,False,vandal,rifle,,0.8722,0.4589,Sayonara,Team Vitality,sova,True,100,50,1,2,1,4,False,phantom,rifle,,0.8589,0.3978,PROFEK,Team Vitality,astra,True,100,50,1,1,0,3,False,vandal,rifle,,0.2822,0.3678
1958.490,3829,ACTIVE_ROUND,13,7,7,77.000,,,s0pp,FUT Esports,chamber,True,100,50,0,3,1,3,False,vandal,rifle,,0.6944,0.6689,xeus,FUT Esports,jett,True,100,50,2,1,1,5,False,phantom,rifle,,0.9211,0.3144,sociablEE,FUT Esports,fade,True,100,25,1,0,1,2,False,bulldog,rifle,,0.7422,0.7400,yetujey,FUT Esports,astra,True,100,50,1,0,0,3,False,stinger,smg,,0.6333,0.6122,KROSTALY,FUT Esports,kayo,True,100,50,1,2,0,3,False,spectre,smg,,0.7111,0.5244,Chronicle,Team Vitality,chamber,True,100,50,0,0,1,2,False,vandal,rifle,,0.8356,0.4667,Derke,Team Vitality,neon,True,100,50,0,1,1,2,False,phantom,rifle,,0.4889,0.4644,Jamppi,Team Vitality,kayo,True,100,25,0,1,0,3,False,vandal,rifle,,0.8500,0.4300,Sayonara,Team Vitality,sova,True,100,50,1,2,1,4,False,phantom,rifle,,0.9300,0.4689,PROFEK,Team Vitality,astra,True,100,50,1,1,0,3,False,vandal,rifle,,0.2756,0.3678
1958.974,3830,ACTIVE_ROUND,13,7,7,77.000,,,s0pp,FUT Esports,chamber,True,100,50,0,3,1,3,False,vandal,rifle,,0.6944,0.6689,xeus,FUT Esports,jett,True,100,50,2,1,1,5,False,phantom,rifle,,0.1211,0.3611,sociablEE,FUT Esports,fade,True,100,25,1,0,1,2,False,bulldog,rifle,,0.6822,0.7778,yetujey,FUT Esports,astra,True,100,50,1,0,0,3,False,stinger,smg,,0.6333,0.6122,KROSTALY,FUT Esports,kayo,True,100,50,1,2,0,3,False,spectre,smg,,0.7111,0.5244,Chronicle,Team Vitality,chamber,True,100,50,0,0,1,2,False,vandal,rifle,,0.8356,0.4667,Derke,Team Vitality,neon,True,100,50,0,1,1,2,False,phantom,rifle,,0.4889,0.4644,Jamppi,Team Vitality,kayo,True,100,25,0,1,0,3,False,vandal,rifle,,0.8500,0.4278,Sayonara,Team Vitality,sova,True,100,50,1,2,1,4,False,phantom,rifle,,0.8611,0.3933,PROFEK,Team Vitality,astra,True,100,50,1,1,0,3,False,vandal,rifle,,0.2844,0.3611
1959.457,3831,ACTIVE_ROUND,13,7,7,76.000,,,s0pp,FUT Esports,chamber,True,100,50,0,3,1,3,False,vandal,rifle,,0.6944,0.6689,xeus,FUT Esports,jett,True,100,50,2,1,1,5,False,phantom,rifle,,0.9278,0.3456,sociablEE,FUT Esports,fade,True,100,25,1,0,1,2,False,bulldog,rifle,,0.6667,0.7911,yetujey,FUT Esports,astra,True,100,50,1,0,0,3,False,stinger,smg,,0.6333,0.6122,KROSTALY,FUT Esports,kayo,True,100,50,1,2,0,3,False,spectre,smg,,0.7111,0.5244,Chronicle,Team Vitality,chamber,True,100,50,0,0,1,2,False,vandal,rifle,,0.8356,0.4667,Derke,Team Vitality,neon,True,100,50,0,1,1,2,False,phantom,rifle,,0.4889,0.4644,Jamppi,Team Vitality,kayo,True,100,25,0,1,0,3,False,vandal,rifle,,0.8500,0.4278,Sayonara,Team Vitality,sova,True,100,50,1,2,1,4,False,phantom,rifle,,0.8589,0.3933,PROFEK,Team Vitality,astra,True,100,50,1,1,0,3,False,vandal,rifle,,0.2844,0.3611
1959.941,3832,ACTIVE_ROUND,13,7,7,76.000,,,s0pp,FUT Esports,chamber,True,100,50,0,3,1,3,False,vandal,rifle,,0.6944,0.6689,xeus,FUT Esports,jett,True,100,50,2,1,1,5,False,phantom,rifle,,0.4144,0.2567,sociablEE,FUT Esports,fade,True,100,25,1,0,1,2,False,bulldog,rifle,,0.6511,0.8022,yetujey,FUT Esports,astra,True,100,50,1,0,0,3,False,stinger,smg,,0.6333,0.6122,KROSTALY,FUT Esports,kayo,True,100,50,1,2,0,3,False,spectre,smg,,0.7111,0.5244,Chronicle,Team Vitality,chamber,True,100,50,0,0,1,2,False,vandal,rifle,,0.8356,0.4667,Derke,Team Vitality,neon,True,100,50,0,1,1,2,False,phantom,rifle,,0.4889,0.4644,Jamppi,Team Vitality,kayo,True,100,25,0,1,0,3,False,vandal,rifle,,0.2811,0.3389,Sayonara,Team Vitality,sova,True,100,50,1,2,1,4,False,phantom,rifle,,0.8544,0.3933,PROFEK,Team Vitality,astra,True,100,50,2,1,0,3,False,vandal,rifle,,0.2844,0.3611
1960.425,3833,ACTIVE_ROUND,13,7,7,75.000,,,s0pp,FUT Esports,chamber,True,100,50,0,3,1,3,False,vandal,rifle,,0.6944,0.6689,xeus,FUT Esports,jett,True,100,50,2,1,1,5,False,phantom,rifle,,0.6411,0.6056,sociablEE,FUT Esports,fade,True,100,25,1,0,1,2,False,bulldog,rifle,,0.6378,0.8178,yetujey,FUT Esports,astra,True,100,50,1,0,0,3,False,stinger,smg,,0.6333,0.6122,KROSTALY,FUT Esports,kayo,True,100,50,1,2,0,3,False,spectre,smg,,0.7111,0.5244,Chronicle,Team Vitality,chamber,True,100,50,0,0,1,2,False,vandal,rifle,,0.8356,0.4667,Derke,Team Vitality,neon,True,100,50,0,1,1,2,False,phantom,rifle,,0.4889,0.4644,Jamppi,Team Vitality,kayo,True,100,25,0,1,0,3,False,vandal,rifle,,0.2811,0.3389,Sayonara,Team Vitality,sova,True,100,50,1,2,1,4,False,phantom,rifle,,0.9300,0.4689,PROFEK,Team Vitality,astra,True,100,50,2,1,0,3,False,vandal,rifle,,0.2844,0.3611
1960.909,3834,ACTIVE_ROUND,13,7,7,75.000,,,s0pp,FUT Esports,chamber,True,100,50,0,3,1,3,False,vandal,rifle,,0.6944,0.6689,xeus,FUT Esports,jett,True,100,50,2,1,1,5,False,phantom,rifle,,0.7278,0.5944,sociablEE,FUT Esports,fade,True,100,25,1,0,1,2,False,bulldog,rifle,,0.6289,0.8333,yetujey,FUT Esports,astra,True,100,50,1,0,0,3,False,stinger,smg,,0.6333,0.6122,KROSTALY,FUT Esports,kayo,True,100,50,1,2,0,3,False,spectre,smg,,0.7111,0.5244,Chronicle,Team Vitality,chamber,True,100,50,0,0,1,2,False,vandal,rifle,,0.8356,0.4667,Derke,Team Vitality,neon,True,100,50,0,1,1,2,False,phantom,rifle,,0.4889,0.4644,Jamppi,Team Vitality,kayo,True,100,25,0,1,0,3,False,vandal,rifle,,0.8433,0.4278,Sayonara,Team Vitality,sova,True,100,50,1,2,1,4,False,phantom,rifle,,0.9322,0.4689,PROFEK,Team Vitality,astra,True,100,50,2,1,0,3,False,vandal,rifle,,0.2844,0.3611
1961.393,3835,ACTIVE_ROUND,13,7,7,74.000,,,s0pp,FUT Esports,chamber,True,100,50,0,3,1,3,False,vandal,rifle,,0.6944,0.6711,xeus,FUT Esports,jett,True,100,50,2,1,1,5,False,phantom,rifle,,0.7278,0.5944,sociablEE,FUT Esports,fade,True,100,25,1,0,1,2,False,bulldog,rifle,,0.6222,0.8489,yetujey,FUT Esports,astra,True,100,50,1,0,0,3,False,stinger,smg,,0.6333,0.6122,KROSTALY,FUT Esports,kayo,True,100,50,1,2,0,3,False,spectre,smg,,0.7111,0.5244,Chronicle,Team Vitality,chamber,True,100,50,0,0,1,2,False,vandal,rifle,,0.8356,0.4667,Derke,Team Vitality,neon,True,100,50,0,1,1,2,False,phantom,rifle,,0.4889,0.4644,Jamppi,Team Vitality,kayo,True,100,25,0,1,0,3,False,vandal,rifle,,0.8433,0.4278,Sayonara,Team Vitality,sova,True,100,50,1,2,1,4,False,phantom,rifle,,0.8456,0.3889,PROFEK,Team Vitality,astra,True,100,50,2,1,0,3,False,vandal,rifle,,0.2844,0.3611
1961.877,3836,ACTIVE_ROUND,13,7,7,74.000,,,s0pp,FUT Esports,chamber,True,100,50,0,3,1,3,False,vandal,rifle,,0.6944,0.6711,xeus,FUT Esports,jett,True,100,50,2,1,1,5,False,phantom,rifle,,0.6411,0.5233,sociablEE,FUT Esports,fade,True,100,25,1,0,1,2,False,bulldog,rifle,,0.6133,0.8622,yetujey,FUT Esports,astra,True,100,50,1,0,0,3,False,stinger,smg,,0.6778,0.5278,KROSTALY,FUT Esports,kayo,True,100,50,1,2,0,3,False,spectre,smg,,0.7111,0.5244,Chronicle,Team Vitality,chamber,True,100,50,0,0,1,2,False,vandal,rifle,,0.8356,0.4667,Derke,Team Vitality,neon,True,100,50,0,1,1,2,False,phantom,rifle,,0.4889,0.4644,Jamppi,Team Vitality,kayo,True,100,25,0,1,0,3,False,vandal,rifle,,0.2833,0.3389,Sayonara,Team Vitality,sova,True,100,50,1,2,1,4,False,phantom,rifle,,0.8478,0.3933,PROFEK,Team Vitality,astra,True,100,50,1,1,0,3,False,vandal,rifle,,0.2844,0.3611
1962.360,3837,ACTIVE_ROUND,13,7,7,73.000,,,s0pp,FUT Esports,chamber,True,100,50,0,3,1,3,False,vandal,rifle,,0.6944,0.6711,xeus,FUT Esports,jett,True,100,50,2,1,1,5,False,phantom,rifle,,0.5722,0.8456,sociablEE,FUT Esports,fade,True,100,25,1,0,1,2,False,bulldog,rifle,,0.6044,0.8733,yetujey,FUT Esports,astra,True,100,50,1,0,0,3,False,stinger,smg,,0.6689,0.5233,KROSTALY,FUT Esports,kayo,True,100,50,1,2,0,3,False,spectre,smg,,0.7111,0.5244,Chronicle,Team Vitality,chamber,True,100,50,0,0,1,2,False,vandal,rifle,,0.8356,0.4667,Derke,Team Vitality,neon,True,100,50,0,1,1,2,False,phantom,rifle,,0.4889,0.4644,Jamppi,Team Vitality,kayo,True,100,25,0,1,0,3,False,vandal,rifle,,0.8478,0.4322,Sayonara,Team Vitality,sova,True,100,50,1,2,1,4,False,phantom,rifle,,0.2611,0.4289,PROFEK,Team Vitality,astra,True,100,50,1,1,0,3,False,vandal,rifle,,0.2844,0.3611
1962.844,3838,ACTIVE_ROUND,13,7,7,73.000,,,s0pp,FUT Esports,chamber,True,100,50,0,3,1,3,False,vandal,rifle,,0.7078,0.4000,xeus,FUT Esports,jett,True,100,50,2,1,1,5,False,phantom,rifle,,0.5700,0.8500,sociablEE,FUT Esports,fade,True,100,25,1,0,1,2,False,bulldog,rifle,,0.5867,0.8822,yetujey,FUT Esports,astra,True,100,50,1,0,0,3,False,stinger,smg,,0.6689,0.5233,KROSTALY,FUT Esports,kayo,True,100,50,1,2,0,3,False,spectre,smg,,0.7111,0.5244,Chronicle,Team Vitality,chamber,True,100,50,0,0,1,2,False,vandal,rifle,,0.8356,0.4667,Derke,Team Vitality,neon,True,100,50,0,1,1,2,False,phantom,rifle,,0.4889,0.4644,Jamppi,Team Vitality,kayo,True,100,25,0,1,0,3,False,vandal,rifle,,0.8433,0.4344,Sayonara,Team Vitality,sova,True,100,50,1,2,1,4,False,phantom,rifle,,0.8456,0.4022,PROFEK,Team Vitality,astra,True,100,50,1,1,0,3,False,vandal,rifle,,0.2844,0.3611
1963.328,3839,ACTIVE_ROUND,13,7,7,72.000,,,s0pp,FUT Esports,chamber,True,100,50,0,3,1,3,False,vandal,rifle,,0.7056,0.3933,xeus,FUT Esports,jett,True,100,50,2,1,1,5,False,phantom,rifle,,0.5389,0.8589,sociablEE,FUT Esports,fade,True,100,25,1,0,1,2,False,bulldog,rifle,,0.5689,0.8889,yetujey,FUT Esports,astra,True,100,50,1,0,0,3,False,stinger,smg,,0.6689,0.5233,KROSTALY,FUT Esports,kayo,True,100,50,1,2,0,3,False,spectre,smg,,0.7111,0.5244,Chronicle,Team Vitality,chamber,True,100,50,0,0,1,2,False,vandal,rifle,,0.8356,0.4667,Derke,Team Vitality,neon,True,100,50,0,1,1,2,False,phantom,rifle,,0.4889,0.4644,Jamppi,Team Vitality,kayo,True,100,25,0,1,0,3,False,vandal,rifle,,0.8433,0.4344,Sayonara,Team Vitality,sova,True,100,50,1,2,1,4,False,phantom,rifle,,0.2611,0.4289,PROFEK,Team Vitality,astra,True,100,50,1,1,0,3,False,vandal,rifle,,0.3000,0.3411
1963.812,3840,ACTIVE_ROUND,13,7,7,72.000,,,s0pp,FUT Esports,chamber,True,100,50,0,3,1,3,False,vandal,rifle,,0.7056,0.3867,xeus,FUT Esports,jett,True,100,50,2,1,1,5,False,phantom,rifle,,0.2811,0.3722,sociablEE,FUT Esports,fade,True,100,25,1,0,1,2,False,bulldog,rifle,,0.5467,0.8933,yetujey,FUT Esports,astra,True,100,50,1,0,0,3,False,stinger,smg,,0.6689,0.5233,KROSTALY,FUT Esports,kayo,True,100,50,1,2,0,3,False,spectre,smg,,0.7111,0.5244,Chronicle,Team Vitality,chamber,True,100,50,0,0,1,2,False,vandal,rifle,,0.8356,0.4667,Derke,Team Vitality,neon,True,100,50,0,1,1,2,False,phantom,rifle,,0.4889,0.4644,Jamppi,Team Vitality,kayo,True,100,25,0,1,0,3,False,vandal,rifle,,0.8433,0.4344,Sayonara,Team Vitality,sova,True,100,50,0,2,1,4,False,phantom,rifle,,0.2656,0.4356,PROFEK,Team Vitality,astra,True,100,50,0,0,0,3,False,vandal,rifle,,0.3022,0.3456
1964.296,3841,ACTIVE_ROUND,13,7,7,71.000,,,s0pp,FUT Esports,chamber,True,100,50,0,3,1,3,False,vandal,rifle,,0.7056,0.3756,xeus,FUT Esports,jett,True,100,50,2,1,1,5,False,phantom,rifle,,0.7167,0.4433,sociablEE,FUT Esports,fade,True,100,25,1,0,1,2,False,bulldog,rifle,,0.5333,0.8889,yetujey,FUT Esports,astra,True,100,50,1,0,0,3,False,stinger,smg,,0.6689,0.5233,KROSTALY,FUT Esports,kayo,True,100,50,1,2,0,3,False,spectre,smg,,0.7111,0.5244,Chronicle,Team Vitality,chamber,True,100,50,0,0,1,2,False,vandal,rifle,,0.8356,0.4667,Derke,Team Vitality,neon,True,100,50,0,1,1,2,False,phantom,rifle,,0.4889,0.4644,Jamppi,Team Vitality,kayo,True,100,25,0,1,0,3,False,vandal,rifle,,0.6722,0.4922,Sayonara,Team Vitality,sova,True,100,50,0,2,1,4,False,phantom,rifle,,0.2633,0.4356,PROFEK,Team Vitality,astra,True,100,50,0,0,0,3,False,vandal,rifle,,0.3044,0.3611
1964.779,3842,ACTIVE_ROUND,13,7,7,71.000,,,s0pp,FUT Esports,chamber,True,100,50,0,3,1,3,False,vandal,rifle,,0.7078,0.3667,xeus,FUT Esports,jett,True,100,50,2,1,1,5,False,phantom,rifle,,0.7167,0.4322,sociablEE,FUT Esports,fade,True,100,25,1,0,1,2,False,bulldog,rifle,,0.5200,0.8844,yetujey,FUT Esports,astra,True,100,50,1,0,0,3,False,stinger,smg,,0.6689,0.5233,KROSTALY,FUT Esports,kayo,True,100,50,1,2,0,3,False,spectre,smg,,0.7111,0.5244,Chronicle,Team Vitality,chamber,True,100,50,0,0,1,2,False,vandal,rifle,,0.8356,0.4667,Derke,Team Vitality,neon,True,100,50,0,1,1,2,False,phantom,rifle,,0.4889,0.4644,Jamppi,Team Vitality,kayo,True,100,25,0,1,0,3,False,vandal,rifle,,0.2589,0.3656,Sayonara,Team Vitality,sova,True,100,50,0,2,1,4,False,phantom,rifle,,0.5411,0.4867,PROFEK,Team Vitality,astra,True,100,50,0,0,0,3,False,vandal,rifle,,0.3044,0.3611
1965.263,3843,ACTIVE_ROUND,13,7,7,70.000,,,s0pp,FUT Esports,chamber,True,100,50,0,3,1,3,False,vandal,rifle,,0.7100,0.3556,xeus,FUT Esports,jett,True,100,50,2,1,1,5,False,phantom,rifle,,0.7122,0.4256,sociablEE,FUT Esports,fade,True,100,25,1,0,1,2,False,bulldog,rifle,,0.5067,0.8800,yetujey,FUT Esports,astra,True,100,50,1,0,0,3,False,stinger,smg,,0.6689,0.5233,KROSTALY,FUT Esports,kayo,True,100,50,1,2,0,3,False,spectre,smg,,0.7111,0.5244,Chronicle,Team Vitality,chamber,True,100,50,0,0,1,2,False,vandal,rifle,,0.8356,0.4667,Derke,Team Vitality,neon,True,100,50,0,1,1,2,False,phantom,rifle,,0.4889,0.4644,Jamppi,Team Vitality,kayo,True,100,25,0,1,0,3,False,vandal,rifle,,0.6722,0.4922,Sayonara,Team Vitality,sova,True,100,50,0,2,1,4,False,phantom,rifle,,0.2589,0.4289,PROFEK,Team Vitality,astra,True,100,50,0,0,0,3,False,vandal,rifle,,0.3444,0.3722
1965.747,3844,ACTIVE_ROUND,13,7,7,70.000,,,s0pp,FUT Esports,chamber,True,100,50,0,3,1,3,False,vandal,rifle,,0.7100,0.3556,xeus,FUT Esports,jett,True,100,50,2,1,1,5,False,phantom,rifle,,0.7011,0.4189,sociablEE,FUT Esports,fade,True,100,25,1,0,1,2,False,bulldog,rifle,,0.4956,0.8711,yetujey,FUT Esports,astra,True,100,50,1,0,0,3,False,stinger,smg,,0.6689,0.5233,KROSTALY,FUT Esports,kayo,True,100,50,1,2,0,3,False,spectre,smg,,0.7111,0.5244,Chronicle,Team Vitality,chamber,True,100,50,0,0,1,2,False,vandal,rifle,,0.8356,0.4667,Derke,Team Vitality,neon,True,100,50,0,1,1,2,False,phantom,rifle,,0.4889,0.4644,Jamppi,Team Vitality,kayo,True,100,25,0,1,0,3,False,vandal,rifle,,0.1944,0.4544,Sayonara,Team Vitality,sova,True,100,50,0,2,1,4,False,phantom,rifle,,0.2589,0.4289,PROFEK,Team Vitality,astra,True,100,50,1,0,0,3,False,vandal,rifle,,0.3667,0.3767
1966.231,3845,ACTIVE_ROUND,13,7,7,69.000,,,s0pp,FUT Esports,chamber,True,87,24,0,3,1,3,False,vandal,rifle,,0.4522,0.9089,xeus,FUT Esports,jett,True,100,50,2,1,1,5,False,phantom,rifle,,0.6922,0.4189,sociablEE,FUT Esports,fade,True,100,25,1,0,1,2,False,bulldog,rifle,,0.4867,0.8622,yetujey,FUT Esports,astra,True,100,50,1,0,0,3,False,stinger,smg,,0.6689,0.5233,KROSTALY,FUT Esports,kayo,True,100,50,1,2,0,3,False,spectre,smg,,0.7111,0.5244,Chronicle,Team Vitality,chamber,True,100,50,0,0,1,2,False,vandal,rifle,,0.8356,0.4667,Derke,Team Vitality,neon,True,100,50,0,1,1,2,False,phantom,rifle,,0.4889,0.4644,Jamppi,Team Vitality,kayo,False,,25,0,1,0,3,False,vandal,rifle,,0.6722,0.4922,Sayonara,Team Vitality,sova,True,100,50,0,2,1,4,False,phantom,rifle,,0.2589,0.4289,PROFEK,Team Vitality,astra,True,100,50,1,0,0,3,False,vandal,rifle,,0.3711,0.3789
1966.715,3846,ACTIVE_ROUND,13,7,7,69.000,,,s0pp,FUT Esports,chamber,True,87,24,0,3,1,3,False,vandal,rifle,,0.4522,0.9089,xeus,FUT Esports,jett,True,100,50,2,1,1,5,False,phantom,rifle,,0.6922,0.4144,sociablEE,FUT Esports,fade,True,100,25,1,0,1,2,False,bulldog,rifle,,0.4867,0.8622,yetujey,FUT Esports,astra,True,100,50,1,0,0,3,False,stinger,smg,,0.6689,0.5233,KROSTALY,FUT Esports,kayo,True,100,50,1,2,0,3,False,spectre,smg,,0.7111,0.4511,Chronicle,Team Vitality,chamber,True,100,50,0,0,1,2,False,vandal,rifle,,0.8356,0.4667,Derke,Team Vitality,neon,True,100,50,0,1,1,2,False,phantom,rifle,,0.4889,0.4644,Jamppi,Team Vitality,kayo,False,,25,0,1,0,3,False,vandal,rifle,,,,Sayonara,Team Vitality,sova,True,100,50,0,2,1,4,False,phantom,rifle,,0.2589,0.4289,PROFEK,Team Vitality,astra,True,100,50,1,0,0,3,False,vandal,rifle,,0.3711,0.3789
1967.199,3847,ACTIVE_ROUND,13,7,7,68.000,,,s0pp,FUT Esports,chamber,True,87,24,0,3,1,3,False,vandal,rifle,,0.4522,0.9089,xeus,FUT Esports,jett,True,100,50,2,1,1,5,False,phantom,rifle,,0.6878,0.4100,sociablEE,FUT Esports,fade,True,100,25,1,0,1,2,False,bulldog,rifle,,0.4867,0.8622,yetujey,FUT Esports,astra,True,100,50,1,0,0,3,False,stinger,smg,,0.6667,0.5278,KROSTALY,FUT Esports,kayo,True,100,50,1,2,0,3,False,spectre,smg,,0.7022,0.4422,Chronicle,Team Vitality,chamber,True,100,50,0,0,1,2,False,vandal,rifle,,0.8356,0.4667,Derke,Team Vitality,neon,True,100,50,0,1,1,2,False,phantom,rifle,,0.4889,0.4644,Jamppi,Team Vitality,kayo,False,,25,0,1,0,3,False,vandal,rifle,,,,Sayonara,Team Vitality,sova,True,100,50,0,2,1,4,False,phantom,rifle,,0.2589,0.4289,PROFEK,Team Vitality,astra,True,100,50,1,0,0,3,False,vandal,rifle,,0.3778,0.3700
1967.682,3848,ACTIVE_ROUND,13,7,7,68.000,,,s0pp,FUT Esports,chamber,True,87,24,0,3,1,4,False,vandal,rifle,,0.4522,0.9089,xeus,FUT Esports,jett,True,100,50,2,1,1,5,False,phantom,rifle,,0.6856,0.4056,sociablEE,FUT Esports,fade,True,100,25,1,0,1,2,False,bulldog,rifle,,0.4867,0.8622,yetujey,FUT Esports,astra,True,100,50,1,2,1,3,False,stinger,smg,,0.6667,0.5367,KROSTALY,FUT Esports,kayo,True,100,50,1,2,0,3,False,spectre,smg,,0.7022,0.4422,Chronicle,Team Vitality,chamber,True,100,50,0,0,1,2,False,vandal,rifle,,0.8356,0.4667,Derke,Team Vitality,neon,True,100,50,0,1,1,2,False,phantom,rifle,,0.5200,0.5022,Jamppi,Team Vitality,kayo,False,,25,0,1,0,3,False,vandal,rifle,,,,Sayonara,Team Vitality,sova,True,100,50,0,2,1,4,False,phantom,rifle,,0.2589,0.4289,PROFEK,Team Vitality,astra,True,100,50,0,0,0,3,False,vandal,rifle,,0.3822,0.3500
1968.166,3849,ACTIVE_ROUND,13,7,7,67.000,,,s0pp,FUT Esports,chamber,True,87,24,0,3,1,4,False,vandal,rifle,,0.4522,0.9089,xeus,FUT Esports,jett,True,100,50,2,1,1,5,False,phantom,rifle,,0.6389,0.9189,sociablEE,FUT Esports,fade,True,100,25,1,0,1,2,False,bulldog,rifle,,0.4867,0.8622,yetujey,FUT Esports,astra,True,100,50,1,2,1,3,False,stinger,smg,,0.6667,0.5367,KROSTALY,FUT Esports,kayo,True,100,50,1,2,0,3,False,spectre,smg,,0.7022,0.4422,Chronicle,Team Vitality,chamber,True,100,50,0,0,1,2,False,vandal,rifle,,0.8356,0.4667,Derke,Team Vitality,neon,True,100,50,0,1,1,2,False,phantom,rifle,,0.5244,0.5067,Jamppi,Team Vitality,kayo,False,,25,0,1,0,3,False,vandal,rifle,,,,Sayonara,Team Vitality,sova,True,100,50,0,2,1,4,False,phantom,rifle,,0.2589,0.4289,PROFEK,Team Vitality,astra,True,100,50,0,0,0,3,False,vandal,rifle,,0.3822,0.3233
1968.650,3850,ACTIVE_ROUND,13,7,7,67.000,,,s0pp,FUT Esports,chamber,True,87,24,0,3,1,4,False,vandal,rifle,,0.4522,0.9089,xeus,FUT Esports,jett,True,100,50,2,1,1,5,False,phantom,rifle,,0.4256,0.4900,sociablEE,FUT Esports,fade,True,100,25,1,0,1,2,False,bulldog,rifle,,0.4489,0.8267,yetujey,FUT Esports,astra,True,100,50,1,2,1,3,False,stinger,smg,,0.6667,0.5367,KROSTALY,FUT Esports,kayo,True,100,50,1,2,0,3,False,spectre,smg,,0.7022,0.4422,Chronicle,Team Vitality,chamber,True,100,50,0,0,1,2,False,vandal,rifle,,0.8356,0.4667,Derke,Team Vitality,neon,True,100,50,0,1,1,2,False,phantom,rifle,,0.5333,0.5067,Jamppi,Team Vitality,kayo,False,,25,0,1,0,3,False,vandal,rifle,,,,Sayonara,Team Vitality,sova,True,100,50,0,2,1,4,False,phantom,rifle,,0.4233,0.2844,PROFEK,Team Vitality,astra,True,100,50,0,0,0,3,False,vandal,rifle,,0.3867,0.3033
1969.134,3851,ACTIVE_ROUND,13,7,7,66.000,,,s0pp,FUT Esports,chamber,True,87,24,0,3,1,4,False,vandal,rifle,,0.4522,0.9089,xeus,FUT Esports,jett,True,100,50,2,1,1,5,False,phantom,rifle,,0.5944,0.0944,sociablEE,FUT Esports,fade,True,100,25,1,0,1,2,False,bulldog,rifle,,0.4400,0.8289,yetujey,FUT Esports,astra,True,100,50,1,2,1,3,False,stinger,smg,,0.6667,0.5367,KROSTALY,FUT Esports,kayo,True,100,50,1,2,0,3,False,spectre,smg,,0.7022,0.4422,Chronicle,Team Vitality,chamber,True,100,50,0,0,1,2,False,vandal,rifle,,0.8356,0.4667,Derke,Team Vitality,neon,True,100,50,0,1,1,2,False,phantom,rifle,,0.5378,0.5156,Jamppi,Team Vitality,kayo,False,,25,0,1,0,3,False,vandal,rifle,,,,Sayonara,Team Vitality,sova,True,100,50,0,2,1,4,False,phantom,rifle,,0.4389,0.2733,PROFEK,Team Vitality,astra,True,100,50,0,0,0,3,False,vandal,rifle,,0.4000,0.2878
1969.618,3852,ACTIVE_ROUND,13,7,7,66.000,,,s0pp,FUT Esports,chamber,True,87,24,0,3,1,4,False,vandal,rifle,,0.4522,0.9089,xeus,FUT Esports,jett,True,100,50,2,1,1,5,False,phantom,rifle,,0.1211,0.3611,sociablEE,FUT Esports,fade,True,100,25,1,0,1,2,False,bulldog,rifle,,0.4311,0.8289,yetujey,FUT Esports,astra,True,100,50,1,2,0,3,False,stinger,smg,,0.6667,0.5367,KROSTALY,FUT Esports,kayo,True,100,50,1,2,0,3,False,spectre,smg,,0.7022,0.4422,Chronicle,Team Vitality,chamber,True,100,50,0,0,1,2,False,vandal,rifle,,0.8356,0.4667,Derke,Team Vitality,neon,True,100,50,0,1,1,2,False,phantom,rifle,,0.5422,0.5222,Jamppi,Team Vitality,kayo,False,,25,0,1,0,3,False,vandal,rifle,,,,Sayonara,Team Vitality,sova,True,100,50,0,2,1,4,False,phantom,rifle,,0.2922,0.4178,PROFEK,Team Vitality,astra,True,100,50,0,0,0,3,False,vandal,rifle,,0.4156,0.2811
1970.101,3853,ACTIVE_ROUND,13,7,7,65.000,,,s0pp,FUT Esports,chamber,True,87,24,0,3,1,4,False,vandal,rifle,,0.4522,0.9089,xeus,FUT Esports,jett,True,100,50,2,1,1,5,False,phantom,rifle,,0.6367,0.9233,sociablEE,FUT Esports,fade,True,100,25,1,0,1,2,False,bulldog,rifle,,0.4200,0.8267,yetujey,FUT Esports,astra,True,100,50,1,2,0,3,False,stinger,smg,,0.6667,0.5367,KROSTALY,FUT Esports,kayo,True,100,50,1,2,0,3,False,spectre,smg,,0.7022,0.4422,Chronicle,Team Vitality,chamber,True,100,50,0,0,1,2,False,vandal,rifle,,0.8356,0.4667,Derke,Team Vitality,neon,True,100,50,0,1,1,2,False,phantom,rifle,,0.5422,0.5222,Jamppi,Team Vitality,kayo,False,,25,0,1,0,3,False,vandal,rifle,,,,Sayonara,Team Vitality,sova,True,100,50,0,2,1,4,False,phantom,rifle,,0.3100,0.4000,PROFEK,Team Vitality,astra,True,100,50,0,0,0,3,False,vandal,rifle,,0.4333,0.2678
1970.585,3854,ACTIVE_ROUND,13,7,7,65.000,,,s0pp,FUT Esports,chamber,True,87,24,0,3,1,4,False,vandal,rifle,,0.4522,0.9089,xeus,FUT Esports,jett,True,100,50,2,1,1,5,False,phantom,rifle,,0.6367,0.9233,sociablEE,FUT Esports,fade,True,100,25,1,0,1,2,False,bulldog,rifle,,0.4111,0.8267,yetujey,FUT Esports,astra,True,100,50,1,2,0,3,False,stinger,smg,,0.6667,0.5367,KROSTALY,FUT Esports,kayo,True,100,50,1,2,0,3,False,spectre,smg,,0.7022,0.4422,Chronicle,Team Vitality,chamber,True,100,50,0,0,1,2,False,vandal,rifle,,0.8356,0.4667,Derke,Team Vitality,neon,True,100,50,0,1,1,2,False,phantom,rifle,,0.5422,0.5222,Jamppi,Team Vitality,kayo,False,,25,0,1,0,3,False,vandal,rifle,,,,Sayonara,Team Vitality,sova,True,100,50,0,2,1,4,False,phantom,rifle,,0.3189,0.3756,PROFEK,Team Vitality,astra,True,100,50,0,0,0,3,False,vandal,rifle,,0.4556,0.2567
1971.069,3855,ACTIVE_ROUND,13,7,7,65.000,,,s0pp,FUT Esports,chamber,True,87,24,0,3,1,4,False,vandal,rifle,,0.4522,0.9089,xeus,FUT Esports,jett,True,100,50,2,1,1,5,False,phantom,rifle,,0.7544,0.1944,sociablEE,FUT Esports,fade,True,100,25,1,0,1,2,False,bulldog,rifle,,0.4022,0.8267,yetujey,FUT Esports,astra,True,100,50,1,2,0,3,False,stinger,smg,,0.6667,0.5367,KROSTALY,FUT Esports,kayo,True,100,50,1,2,0,3,False,spectre,smg,,0.7022,0.4422,Chronicle,Team Vitality,chamber,True,100,50,0,0,1,2,False,vandal,rifle,,0.8356,0.4667,Derke,Team Vitality,neon,True,100,50,0,1,1,2,False,phantom,rifle,,0.5422,0.5489,Jamppi,Team Vitality,kayo,False,,25,0,1,0,3,False,vandal,rifle,,,,Sayonara,Team Vitality,sova,True,100,50,0,2,1,4,False,phantom,rifle,,0.3344,0.3600,PROFEK,Team Vitality,astra,True,100,50,0,0,0,3,False,vandal,rifle,,0.4733,0.2500
1971.553,3856,ACTIVE_ROUND,13,7,7,64.000,,,s0pp,FUT Esports,chamber,True,87,24,0,3,1,4,False,vandal,rifle,,0.4522,0.9089,xeus,FUT Esports,jett,True,100,50,2,1,1,5,False,phantom,rifle,,0.6367,0.9233,sociablEE,FUT Esports,fade,True,100,25,1,0,1,2,False,bulldog,rifle,,0.3911,0.8267,yetujey,FUT Esports,astra,True,100,50,1,2,0,3,False,stinger,smg,,0.6667,0.5367,KROSTALY,FUT Esports,kayo,True,100,50,1,2,0,3,False,spectre,smg,,0.7022,0.4422,Chronicle,Team Vitality,chamber,True,100,50,0,0,1,2,False,vandal,rifle,,0.8356,0.4667,Derke,Team Vitality,neon,True,100,50,0,1,1,2,False,phantom,rifle,,0.5356,0.5533,Jamppi,Team Vitality,kayo,False,,25,0,1,0,3,False,vandal,rifle,,,,Sayonara,Team Vitality,sova,True,100,50,0,2,1,4,False,phantom,rifle,,0.5211,0.2400,PROFEK,Team Vitality,astra,True,100,50,0,0,0,3,False,vandal,rifle,,0.4778,0.2500
1972.037,3857,ACTIVE_ROUND,13,7,7,64.000,,,s0pp,FUT Esports,chamber,True,87,24,0,3,1,4,False,vandal,rifle,,0.6944,0.6711,xeus,FUT Esports,jett,True,100,50,2,1,1,5,False,phantom,rifle,,0.3611,0.7878,sociablEE,FUT Esports,fade,True,100,25,1,0,1,2,False,bulldog,rifle,,0.3800,0.8267,yetujey,FUT Esports,astra,True,100,50,1,2,0,3,False,stinger,smg,,0.6667,0.5367,KROSTALY,FUT Esports,kayo,True,100,50,1,2,0,3,False,spectre,smg,,0.7022,0.4422,Chronicle,Team Vitality,chamber,True,100,50,0,0,1,2,False,vandal,rifle,,0.8356,0.4667,Derke,Team Vitality,neon,True,100,50,0,1,1,2,False,phantom,rifle,,0.5289,0.5600,Jamppi,Team Vitality,kayo,False,,25,0,1,0,3,False,vandal,rifle,,,,Sayonara,Team Vitality,sova,True,100,50,0,2,1,4,False,phantom,rifle,,0.5433,0.2333,PROFEK,Team Vitality,astra,True,100,50,0,0,0,3,False,vandal,rifle,,0.4778,0.2500
1972.521,3858,ACTIVE_ROUND,13,7,7,63.000,,,s0pp,FUT Esports,chamber,True,87,24,0,3,1,4,False,vandal,rifle,,0.6944,0.6711,xeus,FUT Esports,jett,True,100,50,2,1,1,5,False,phantom,rifle,,0.5456,0.2433,sociablEE,FUT Esports,fade,True,100,25,1,0,1,2,False,bulldog,rifle,,0.3689,0.8267,yetujey,FUT Esports,astra,True,100,50,1,2,0,3,False,stinger,smg,,0.6667,0.5367,KROSTALY,FUT Esports,kayo,True,100,50,1,2,0,3,False,spectre,smg,,0.7022,0.4422,Chronicle,Team Vitality,chamber,True,100,50,0,0,1,2,False,vandal,rifle,,0.8356,0.4667,Derke,Team Vitality,neon,True,100,50,0,1,1,2,False,phantom,rifle,,0.5289,0.5600,Jamppi,Team Vitality,kayo,False,,25,0,1,0,3,False,vandal,rifle,,,,Sayonara,Team Vitality,sova,True,100,50,0,2,1,4,False,phantom,rifle,,0.3878,0.3222,PROFEK,Team Vitality,astra,True,100,50,0,0,0,3,False,vandal,rifle,,0.3622,0.3589
1973.004,3859,ACTIVE_ROUND,13,7,7,63.000,,,s0pp,FUT Esports,chamber,True,87,24,0,3,1,4,False,vandal,rifle,,0.5789,0.4467,xeus,FUT Esports,jett,True,100,50,2,1,1,5,False,phantom,rifle,,0.7278,0.5944,sociablEE,FUT Esports,fade,True,100,25,1,0,1,2,False,bulldog,rifle,,0.3578,0.8267,yetujey,FUT Esports,astra,True,100,50,1,2,0,3,False,stinger,smg,,0.6667,0.5367,KROSTALY,FUT Esports,kayo,True,100,50,1,2,0,3,False,spectre,smg,,0.7022,0.4422,Chronicle,Team Vitality,chamber,True,100,50,0,0,1,2,False,vandal,rifle,,0.8356,0.4667,Derke,Team Vitality,neon,True,100,50,0,1,1,2,False,phantom,rifle,,0.5289,0.5600,Jamppi,Team Vitality,kayo,False,,25,0,1,0,3,False,vandal,rifle,,,,Sayonara,Team Vitality,sova,True,100,50,0,2,1,4,False,phantom,rifle,,0.5722,0.1978,PROFEK,Team Vitality,astra,True,100,50,0,0,0,3,False,vandal,rifle,,0.5400,0.2322
1973.488,3860,ACTIVE_ROUND,13,7,7,62.000,,,s0pp,FUT Esports,chamber,True,87,24,0,3,1,4,False,vandal,rifle,,0.6944,0.6711,xeus,FUT Esports,jett,True,100,50,2,1,1,5,False,phantom,rifle,,0.5767,0.2211,sociablEE,FUT Esports,fade,True,100,25,1,0,1,2,False,bulldog,rifle,,0.3467,0.8244,yetujey,FUT Esports,astra,True,100,50,1,2,0,3,False,stinger,smg,,0.6667,0.5367,KROSTALY,FUT Esports,kayo,True,100,50,1,2,0,3,False,spectre,smg,,0.7022,0.4422,Chronicle,Team Vitality,chamber,True,100,50,0,0,1,2,False,vandal,rifle,,0.8356,0.4667,Derke,Team Vitality,neon,True,100,50,0,1,1,2,False,phantom,rifle,,0.5067,0.5778,Jamppi,Team Vitality,kayo,False,,25,0,1,0,3,False,vandal,rifle,,,,Sayonara,Team Vitality,sova,True,100,50,0,2,1,4,False,phantom,rifle,,0.4167,0.2844,PROFEK,Team Vitality,astra,True,100,50,0,0,0,3,False,vandal,rifle,,0.5400,0.2322
1973.972,3861,ACTIVE_ROUND,13,7,7,62.000,,,s0pp,FUT Esports,chamber,True,87,24,0,3,1,4,False,vandal,rifle,,0.5789,0.4267,xeus,FUT Esports,jett,True,100,50,2,1,1,5,False,phantom,rifle,,0.7278,0.5922,sociablEE,FUT Esports,fade,True,100,25,1,0,1,2,False,bulldog,rifle,,0.3356,0.8200,yetujey,FUT Esports,astra,True,100,50,1,2,0,3,False,stinger,smg,,0.5844,0.5856,KROSTALY,FUT Esports,kayo,True,100,50,1,2,0,3,False,spectre,smg,,0.7022,0.4422,Chronicle,Team Vitality,chamber,True,100,50,0,0,1,2,False,vandal,rifle,,0.8356,0.4667,Derke,Team Vitality,neon,True,100,50,0,1,1,2,False,phantom,rifle,,0.5156,0.5844,Jamppi,Team Vitality,kayo,False,,25,0,1,0,3,False,vandal,rifle,,,,Sayonara,Team Vitality,sova,True,100,50,0,2,1,4,False,phantom,rifle,,0.4367,0.2756,PROFEK,Team Vitality,astra,True,100,50,0,0,0,3,False,vandal,rifle,,0.5400,0.2322
1974.456,3862,ACTIVE_ROUND,13,7,7,61.000,,,s0pp,FUT Esports,chamber,True,87,24,0,3,1,4,False,vandal,rifle,,0.5789,0.4267,xeus,FUT Esports,jett,True,100,50,2,1,1,5,False,phantom,rifle,,0.5589,0.6056,sociablEE,FUT Esports,fade,True,100,25,1,0,1,2,False,bulldog,rifle,,0.3289,0.8111,yetujey,FUT Esports,astra,True,100,50,1,2,0,3,False,stinger,smg,,0.5844,0.5856,KROSTALY,FUT Esports,kayo,True,100,50,1,2,0,3,False,spectre,smg,,0.7022,0.4422,Chronicle,Team Vitality,chamber,True,100,50,0,0,1,2,False,vandal,rifle,,0.8356,0.4667,Derke,Team Vitality,neon,True,100,50,0,1,1,2,False,phantom,rifle,,0.5156,0.5844,Jamppi,Team Vitality,kayo,False,,25,0,1,0,3,False,vandal,rifle,,,,Sayonara,Team Vitality,sova,True,100,50,0,2,1,4,False,phantom,rifle,,0.4544,0.2622,PROFEK,Team Vitality,astra,True,100,50,0,0,0,3,False,vandal,rifle,,0.5578,0.1789
1974.940,3863,ACTIVE_ROUND,13,7,7,61.000,,,s0pp,FUT Esports,chamber,True,87,24,0,3,1,4,False,vandal,rifle,,0.5789,0.4267,xeus,FUT Esports,jett,True,100,50,2,1,1,5,False,phantom,rifle,,0.6767,0.4411,sociablEE,FUT Esports,fade,True,100,25,1,0,1,2,False,bulldog,rifle,,0.3311,0.8022,yetujey,FUT Esports,astra,True,100,50,1,2,0,3,False,stinger,smg,,0.5844,0.5856,KROSTALY,FUT Esports,kayo,True,100,50,1,2,0,3,False,spectre,smg,,0.7022,0.4422,Chronicle,Team Vitality,chamber,True,100,50,0,0,1,2,False,vandal,rifle,,0.8356,0.4667,Derke,Team Vitality,neon,True,100,50,0,1,1,2,False,phantom,rifle,,0.5156,0.5844,Jamppi,Team Vitality,kayo,False,,25,0,1,0,3,False,vandal,rifle,,,,Sayonara,Team Vitality,sova,True,100,50,0,2,1,4,False,phantom,rifle,,0.4722,0.2489,PROFEK,Team Vitality,astra,True,100,50,0,0,0,3,False,vandal,rifle,,0.5689,0.1656
1975.423,3864,ACTIVE_ROUND,13,7,7,60.000,,,s0pp,FUT Esports,chamber,True,87,24,0,3,1,4,False,vandal,rifle,,0.5789,0.4267,xeus,FUT Esports,jett,True,100,50,2,1,1,5,False,phantom,rifle,,0.6389,0.9233,sociablEE,FUT Esports,fade,True,100,25,1,0,1,2,False,bulldog,rifle,,0.3400,0.7933,yetujey,FUT Esports,astra,True,100,50,1,2,0,3,False,stinger,smg,,0.5844,0.5856,KROSTALY,FUT Esports,kayo,True,100,50,1,2,0,3,False,spectre,smg,,0.7022,0.4422,Chronicle,Team Vitality,chamber,True,100,50,0,0,1,2,False,vandal,rifle,,0.8356,0.4667,Derke,Team Vitality,neon,True,100,50,0,1,1,2,False,phantom,rifle,,0.5422,0.5978,Jamppi,Team Vitality,kayo,False,,25,0,1,0,3,False,vandal,rifle,,,,Sayonara,Team Vitality,sova,True,100,50,0,2,1,4,False,phantom,rifle,,0.4967,0.2467,PROFEK,Team Vitality,astra,True,100,50,1,0,0,3,False,vandal,rifle,,0.5689,0.1656
1975.907,3865,ACTIVE_ROUND,13,7,7,60.000,,,s0pp,FUT Esports,chamber,True,87,24,0,3,1,4,False,vandal,rifle,,0.5789,0.4267,xeus,FUT Esports,jett,True,100,50,2,1,1,5,False,phantom,rifle,,0.5433,0.4900,sociablEE,FUT Esports,fade,True,100,25,1,0,1,2,False,bulldog,rifle,,0.3444,0.7844,yetujey,FUT Esports,astra,True,100,50,1,2,0,3,False,stinger,smg,,0.5844,0.5856,KROSTALY,FUT Esports,kayo,True,100,50,1,2,0,3,False,spectre,smg,,0.7022,0.4422,Chronicle,Team Vitality,chamber,True,100,50,0,0,1,2,False,vandal,rifle,,0.8356,0.4667,Derke,Team Vitality,neon,False,,50,0,1,1,2,False,phantom,rifle,,0.5422,0.5978,Jamppi,Team Vitality,kayo,False,,25,0,1,0,3,False,vandal,rifle,,,,Sayonara,Team Vitality,sova,True,100,50,0,2,1,4,False,phantom,rifle,,0.6322,0.1378,PROFEK,Team Vitality,astra,True,100,50,1,0,0,3,False,vandal,rifle,,0.6022,0.1522
1976.391,3866,ACTIVE_ROUND,13,7,7,59.000,,,s0pp,FUT Esports,chamber,True,87,24,0,3,1,4,False,vandal,rifle,,0.5789,0.4267,xeus,FUT Esports,jett,True,100,50,2,1,1,5,False,phantom,rifle,,0.6722,0.4411,sociablEE,FUT Esports,fade,True,100,25,1,0,1,2,False,bulldog,rifle,,0.3378,0.7778,yetujey,FUT Esports,astra,True,100,50,1,2,0,3,False,stinger,smg,,0.5844,0.5856,KROSTALY,FUT Esports,kayo,True,100,50,1,2,0,3,False,spectre,smg,,0.7022,0.4422,Chronicle,Team Vitality,chamber,True,100,50,0,0,1,2,False,vandal,rifle,,0.8356,0.4667,Derke,Team Vitality,neon,False,,50,0,1,1,2,False,phantom,rifle,,,,Jamppi,Team Vitality,kayo,False,,25,0,1,0,3,False,vandal,rifle,,,,Sayonara,Team Vitality,sova,True,100,50,0,2,1,4,False,phantom,rifle,,0.5433,0.2378,PROFEK,Team Vitality,astra,True,100,50,1,0,0,3,False,vandal,rifle,,0.6200,0.1500
1976.875,3867,ACTIVE_ROUND,13,7,7,59.000,,,s0pp,FUT Esports,chamber,True,87,24,0,3,1,4,False,vandal,rifle,,0.5789,0.4267,xeus,FUT Esports,jett,True,100,50,2,1,1,5,False,phantom,rifle,,0.6722,0.4411,sociablEE,FUT Esports,fade,True,100,25,1,0,1,2,False,bulldog,rifle,,0.3267,0.7778,yetujey,FUT Esports,astra,True,100,50,1,2,0,3,False,stinger,smg,,0.5844,0.5856,KROSTALY,FUT Esports,kayo,True,100,50,1,2,0,3,False,spectre,smg,,0.7022,0.4422,Chronicle,Team Vitality,chamber,True,100,50,0,0,1,2,False,vandal,rifle,,0.8356,0.4667,Derke,Team Vitality,neon,False,,50,0,1,1,2,False,phantom,rifle,,,,Jamppi,Team Vitality,kayo,False,,25,0,1,0,3,False,vandal,rifle,,,,Sayonara,Team Vitality,sova,True,100,50,0,2,1,4,False,phantom,rifle,,0.9078,0.4689,PROFEK,Team Vitality,astra,True,100,50,1,0,0,3,False,vandal,rifle,,0.6333,0.1500
1977.359,3868,ACTIVE_ROUND,13,7,7,58.000,,,s0pp,FUT Esports,chamber,True,87,24,0,3,1,4,False,vandal,rifle,,0.5789,0.4267,xeus,FUT Esports,jett,True,100,50,2,1,1,5,False,phantom,rifle,,0.5522,0.2389,sociablEE,FUT Esports,fade,True,100,25,1,0,1,2,False,bulldog,rifle,,0.3156,0.7756,yetujey,FUT Esports,astra,True,100,50,1,2,0,4,False,stinger,smg,,0.5844,0.5856,KROSTALY,FUT Esports,kayo,True,100,50,1,2,0,3,False,spectre,smg,,0.7022,0.4422,Chronicle,Team Vitality,chamber,True,100,50,0,0,1,2,False,vandal,rifle,,0.8356,0.4667,Derke,Team Vitality,neon,False,,50,0,1,1,2,False,phantom,rifle,,,,Jamppi,Team Vitality,kayo,False,,25,0,1,0,3,False,vandal,rifle,,,,Sayonara,Team Vitality,sova,True,100,50,0,2,1,4,False,phantom,rifle,,0.9078,0.4689,PROFEK,Team Vitality,astra,True,100,50,0,0,0,3,False,vandal,rifle,,0.6444,0.1522
1977.843,3869,ACTIVE_ROUND,13,7,7,58.000,,,s0pp,FUT Esports,chamber,True,87,24,0,3,1,4,False,vandal,rifle,,0.5789,0.4267,xeus,FUT Esports,jett,True,100,50,2,1,1,5,False,phantom,rifle,,0.7278,0.5944,sociablEE,FUT Esports,fade,True,100,25,1,0,1,2,False,bulldog,rifle,,0.3067,0.7711,yetujey,FUT Esports,astra,True,100,50,1,2,0,4,False,stinger,smg,,0.5844,0.5856,KROSTALY,FUT Esports,kayo,True,100,50,1,2,0,3,False,spectre,smg,,0.6022,0.3844,Chronicle,Team Vitality,chamber,True,100,50,0,0,1,2,False,vandal,rifle,,0.8356,0.4667,Derke,Team Vitality,neon,False,,50,0,1,1,2,False,phantom,rifle,,,,Jamppi,Team Vitality,kayo,False,,25,0,1,0,3,False,vandal,rifle,,,,Sayonara,Team Vitality,sova,True,100,50,0,2,1,4,False,phantom,rifle,,0.5722,0.2044,PROFEK,Team Vitality,astra,True,100,50,0,0,0,3,False,vandal,rifle,,0.6444,0.1522
1978.326,3870,ACTIVE_ROUND,13,7,7,57.000,,,s0pp,FUT Esports,chamber,True,87,24,0,3,1,4,False,vandal,rifle,,0.5789,0.4267,xeus,FUT Esports,jett,True,100,50,2,1,1,5,False,phantom,rifle,,0.5367,0.3744,sociablEE,FUT Esports,fade,True,100,25,1,0,1,2,False,bulldog,rifle,,0.2978,0.7644,yetujey,FUT Esports,astra,True,100,50,1,2,0,4,False,stinger,smg,,0.5844,0.5856,KROSTALY,FUT Esports,kayo,True,100,50,1,2,0,3,False,spectre,smg,,0.5911,0.3844,Chronicle,Team Vitality,chamber,True,100,50,0,0,1,2,False,vandal,rifle,,0.8356,0.4667,Derke,Team Vitality,neon,False,,50,0,1,1,2,False,phantom,rifle,,,,Jamppi,Team Vitality,kayo,False,,25,0,1,0,3,False,vandal,rifle,,,,Sayonara,Team Vitality,sova,True,100,50,0,2,1,4,False,phantom,rifle,,0.5722,0.1889,PROFEK,Team Vitality,astra,True,100,50,0,0,0,3,False,vandal,rifle,,0.6444,0.1522
1978.810,3871,ACTIVE_ROUND,13,7,7,57.000,,,s0pp,FUT Esports,chamber,True,87,24,0,3,1,4,False,vandal,rifle,,0.5789,0.4267,xeus,FUT Esports,jett,True,100,50,2,1,1,5,False,phantom,rifle,,0.7278,0.5922,sociablEE,FUT Esports,fade,True,100,25,1,0,1,2,False,bulldog,rifle,,0.2956,0.7533,yetujey,FUT Esports,astra,True,100,50,1,2,0,4,False,stinger,smg,,0.5844,0.5856,KROSTALY,FUT Esports,kayo,True,100,50,1,2,0,3,False,spectre,smg,,0.5911,0.3844,Chronicle,Team Vitality,chamber,True,100,50,0,0,1,2,False,vandal,rifle,,0.8356,0.4667,Derke,Team Vitality,neon,False,,50,0,1,1,2,False,phantom,rifle,,,,Jamppi,Team Vitality,kayo,False,,25,0,1,0,3,False,vandal,rifle,,,,Sayonara,Team Vitality,sova,True,100,50,0,2,1,4,False,phantom,rifle,,0.9100,0.4689,PROFEK,Team Vitality,astra,True,100,50,0,0,0,3,False,vandal,rifle,,0.6444,0.1522
1979.294,3872,ACTIVE_ROUND,13,7,7,56.000,,,s0pp,FUT Esports,chamber,True,87,24,0,3,1,4,False,vandal,rifle,,0.5789,0.4267,xeus,FUT Esports,jett,True,100,50,2,1,1,5,False,phantom,rifle,,0.5167,0.3811,sociablEE,FUT Esports,fade,True,100,25,1,0,1,2,False,bulldog,rifle,,0.2911,0.7422,yetujey,FUT Esports,astra,True,100,50,1,2,0,4,False,phantom,rifle,,0.5844,0.5856,KROSTALY,FUT Esports,kayo,True,100,50,1,2,0,3,False,spectre,smg,,0.5911,0.3844,Chronicle,Team Vitality,chamber,True,100,50,0,0,1,2,False,vandal,rifle,,0.8689,0.4911,Derke,Team Vitality,neon,False,,50,0,1,1,2,False,phantom,rifle,,,,Jamppi,Team Vitality,kayo,False,,25,0,1,0,3,False,vandal,rifle,,,,Sayonara,Team Vitality,sova,True,100,50,0,2,1,4,False,phantom,rifle,,0.5878,0.1933,PROFEK,Team Vitality,astra,True,100,50,0,0,0,3,False,vandal,rifle,,0.6444,0.1522
1979.778,3873,ACTIVE_ROUND,13,7,7,56.000,,,s0pp,FUT Esports,chamber,True,87,24,0,3,1,4,False,vandal,rifle,,0.6944,0.6711,xeus,FUT Esports,jett,True,100,50,2,1,1,5,False,phantom,rifle,,0.5389,0.3744,sociablEE,FUT Esports,fade,True,100,25,1,0,1,2,False,bulldog,rifle,,0.2889,0.7356,yetujey,FUT Esports,astra,True,100,50,1,2,0,4,False,phantom,rifle,,0.5844,0.5856,KROSTALY,FUT Esports,kayo,True,100,50,1,2,0,3,False,spectre,smg,,0.5911,0.3844,Chronicle,Team Vitality,chamber,True,100,50,0,0,1,2,False,vandal,rifle,,0.8644,0.4956,Derke,Team Vitality,neon,False,,50,0,1,1,2,False,phantom,rifle,,,,Jamppi,Team Vitality,kayo,False,,25,0,1,0,3,False,vandal,rifle,,,,Sayonara,Team Vitality,sova,True,100,50,0,2,1,4,False,phantom,rifle,,0.8944,0.4822,PROFEK,Team Vitality,astra,True,100,50,0,0,0,3,False,vandal,rifle,,0.6444,0.1522
1980.262,3874,ACTIVE_ROUND,13,7,7,55.000,,,s0pp,FUT Esports,chamber,True,87,24,0,3,1,4,False,vandal,rifle,,0.6944,0.6711,xeus,FUT Esports,jett,True,100,50,2,1,1,5,False,phantom,rifle,,0.5322,0.3767,sociablEE,FUT Esports,fade,True,100,25,1,0,1,2,False,bulldog,rifle,,0.2889,0.7356,yetujey,FUT Esports,astra,True,100,50,1,2,0,4,False,phantom,rifle,,0.5844,0.5856,KROSTALY,FUT Esports,kayo,True,100,50,1,2,0,3,False,spectre,smg,,0.5911,0.3844,Chronicle,Team Vitality,chamber,True,100,50,0,0,1,2,False,vandal,rifle,,0.8578,0.4933,Derke,Team Vitality,neon,False,,50,0,1,1,2,False,phantom,rifle,,,,Jamppi,Team Vitality,kayo,False,,25,0,1,0,3,False,vandal,rifle,,,,Sayonara,Team Vitality,sova,True,100,50,0,2,1,4,False,phantom,rifle,,0.7589,0.1556,PROFEK,Team Vitality,astra,True,100,50,0,0,0,3,False,vandal,rifle,,0.6444,0.1522
1980.745,3875,ACTIVE_ROUND,13,7,7,55.000,,,s0pp,FUT Esports,chamber,True,87,24,0,3,1,4,False,vandal,rifle,,0.6944,0.6711,xeus,FUT Esports,jett,True,100,50,2,1,1,5,False,phantom,rifle,,0.5233,0.3789,sociablEE,FUT Esports,fade,True,100,25,1,0,1,2,False,bulldog,rifle,,0.2889,0.7311,yetujey,FUT Esports,astra,True,100,50,1,2,0,4,False,phantom,rifle,,0.5844,0.5856,KROSTALY,FUT Esports,kayo,True,100,50,1,2,0,3,False,spectre,smg,,0.5911,0.3844,Chronicle,Team Vitality,chamber,True,100,50,0,0,1,2,False,vandal,rifle,,0.8578,0.4933,Derke,Team Vitality,neon,False,,50,0,1,1,2,False,phantom,rifle,,,,Jamppi,Team Vitality,kayo,False,,25,0,1,0,3,False,vandal,rifle,,,,Sayonara,Team Vitality,sova,True,100,50,0,2,1,4,False,phantom,rifle,,0.8878,0.4756,PROFEK,Team Vitality,astra,True,100,50,0,0,0,3,False,vandal,rifle,,0.6444,0.1522
1981.229,3876,ACTIVE_ROUND,13,7,7,54.000,,,s0pp,FUT Esports,chamber,True,87,24,0,3,1,4,False,vandal,rifle,,0.6944,0.6711,xeus,FUT Esports,jett,True,100,50,2,1,1,5,False,phantom,rifle,,0.9300,0.3478,sociablEE,FUT Esports,fade,True,100,25,1,0,1,2,False,bulldog,rifle,,0.2889,0.7222,yetujey,FUT Esports,astra,True,100,50,1,2,0,4,False,phantom,rifle,,0.5844,0.5856,KROSTALY,FUT Esports,kayo,True,100,50,1,2,0,3,False,spectre,smg,,0.5911,0.3844,Chronicle,Team Vitality,chamber,True,100,50,0,0,1,2,False,vandal,rifle,,0.8578,0.4933,Derke,Team Vitality,neon,False,,50,0,1,1,2,False,phantom,rifle,,,,Jamppi,Team Vitality,kayo,False,,25,0,1,0,3,False,vandal,rifle,,,,Sayonara,Team Vitality,sova,True,100,50,0,2,1,4,False,phantom,rifle,,0.8856,0.4756,PROFEK,Team Vitality,astra,True,100,50,0,0,0,3,False,vandal,rifle,,0.6444,0.1522
1981.713,3877,ACTIVE_ROUND,13,7,7,54.000,,,s0pp,FUT Esports,chamber,True,87,24,0,3,1,4,False,vandal,rifle,,0.7967,0.4667,xeus,FUT Esports,jett,True,100,50,2,1,1,5,False,phantom,rifle,,0.4278,0.2522,sociablEE,FUT Esports,fade,True,100,25,1,0,1,2,False,bulldog,rifle,,0.2889,0.7222,yetujey,FUT Esports,astra,True,100,50,1,2,0,4,False,phantom,rifle,,0.5844,0.5856,KROSTALY,FUT Esports,kayo,True,100,50,1,2,0,3,False,spectre,smg,,0.5911,0.3844,Chronicle,Team Vitality,chamber,True,100,50,0,0,1,2,False,vandal,rifle,,0.8578,0.4933,Derke,Team Vitality,neon,False,,50,0,1,1,2,False,phantom,rifle,,,,Jamppi,Team Vitality,kayo,False,,25,0,1,0,3,False,vandal,rifle,,,,Sayonara,Team Vitality,sova,True,100,50,0,2,1,4,False,phantom,rifle,,0.8567,0.4267,PROFEK,Team Vitality,astra,True,100,50,0,0,0,3,False,vandal,rifle,,0.6444,0.1522
1982.197,3878,ACTIVE_ROUND,13,7,7,53.000,,,s0pp,FUT Esports,chamber,True,87,24,0,3,1,4,False,vandal,rifle,,0.7967,0.4667,xeus,FUT Esports,jett,True,100,50,2,1,1,5,False,phantom,rifle,,0.7856,0.1567,sociablEE,FUT Esports,fade,True,100,25,1,0,1,2,False,bulldog,rifle,,0.2778,0.7044,yetujey,FUT Esports,astra,True,100,50,1,2,0,4,False,phantom,rifle,,0.5844,0.5856,KROSTALY,FUT Esports,kayo,True,100,50,1,2,0,3,False,spectre,smg,,0.5911,0.3844,Chronicle,Team Vitality,chamber,True,100,50,0,0,1,2,False,vandal,rifle,,0.8578,0.4933,Derke,Team Vitality,neon,False,,50,0,1,1,2,False,phantom,rifle,,,,Jamppi,Team Vitality,kayo,False,,25,0,1,0,3,False,vandal,rifle,,,,Sayonara,Team Vitality,sova,True,100,50,0,2,1,4,False,phantom,rifle,,0.4789,0.2444,PROFEK,Team Vitality,astra,True,100,50,0,0,0,3,False,vandal,rifle,,0.6444,0.1522
1982.681,3879,ACTIVE_ROUND,13,7,7,53.000,,,s0pp,FUT Esports,chamber,True,87,24,0,3,1,4,False,vandal,rifle,,0.7967,0.4533,xeus,FUT Esports,jett,True,100,50,2,1,1,5,False,phantom,rifle,,0.5878,0.0967,sociablEE,FUT Esports,fade,True,100,25,1,0,1,2,False,bulldog,rifle,,0.2778,0.7044,yetujey,FUT Esports,astra,True,100,50,1,2,0,4,False,phantom,rifle,,0.5844,0.5856,KROSTALY,FUT Esports,kayo,True,100,50,1,2,0,3,False,spectre,smg,,0.5911,0.3844,Chronicle,Team Vitality,chamber,True,100,50,0,0,1,2,False,vandal,rifle,,0.8578,0.4933,Derke,Team Vitality,neon,False,,50,0,1,1,2,False,phantom,rifle,,,,Jamppi,Team Vitality,kayo,False,,25,0,1,0,3,False,vandal,rifle,,,,Sayonara,Team Vitality,sova,True,100,50,0,2,1,4,False,phantom,rifle,,0.4678,0.2422,PROFEK,Team Vitality,astra,True,100,50,0,0,0,3,False,vandal,rifle,,0.6444,0.1522
1983.165,3880,ACTIVE_ROUND,13,7,7,52.000,,,s0pp,FUT Esports,chamber,True,87,24,0,3,0,4,False,vandal,rifle,,0.7478,0.3778,xeus,FUT Esports,jett,True,100,50,2,1,1,5,False,phantom,rifle,,0.4011,0.2611,sociablEE,FUT Esports,fade,True,100,25,1,0,1,2,False,bulldog,rifle,,0.2778,0.7044,yetujey,FUT Esports,astra,True,100,50,1,2,0,4,False,phantom,rifle,,0.5844,0.5856,KROSTALY,FUT Esports,kayo,True,100,50,1,2,0,3,False,spectre,smg,,0.5911,0.3844,Chronicle,Team Vitality,chamber,True,100,50,0,0,1,2,False,vandal,rifle,,0.8578,0.4933,Derke,Team Vitality,neon,False,,50,0,1,1,2,False,phantom,rifle,,,,Jamppi,Team Vitality,kayo,False,,25,0,1,0,3,False,vandal,rifle,,,,Sayonara,Team Vitality,sova,True,100,50,0,2,1,4,False,phantom,rifle,,0.4567,0.2422,PROFEK,Team Vitality,astra,True,100,50,0,0,0,3,False,vandal,rifle,,0.6444,0.1522
1983.648,3881,ACTIVE_ROUND,13,7,7,52.000,,,s0pp,FUT Esports,chamber,True,87,24,0,3,0,4,False,vandal,rifle,,0.7478,0.3778,xeus,FUT Esports,jett,True,100,50,2,1,1,5,False,phantom,rifle,,0.6367,0.8589,sociablEE,FUT Esports,fade,True,100,25,1,0,1,2,False,bulldog,rifle,,0.2778,0.7044,yetujey,FUT Esports,astra,True,100,50,1,2,0,4,False,phantom,rifle,,0.5844,0.5856,KROSTALY,FUT Esports,kayo,True,100,50,1,2,0,3,False,spectre,smg,,0.4956,0.4378,Chronicle,Team Vitality,chamber,True,100,50,0,0,1,2,False,vandal,rifle,,0.8533,0.4267,Derke,Team Vitality,neon,False,,50,0,1,1,2,False,phantom,rifle,,,,Jamppi,Team Vitality,kayo,False,,25,0,1,0,3,False,vandal,rifle,,,,Sayonara,Team Vitality,sova,True,100,50,0,2,1,4,False,phantom,rifle,,0.4456,0.2422,PROFEK,Team Vitality,astra,True,100,50,0,0,0,3,False,vandal,rifle,,0.6444,0.1522
1984.132,3882,ACTIVE_ROUND,13,7,7,51.000,,,s0pp,FUT Esports,chamber,True,87,24,0,3,0,4,False,vandal,rifle,,0.7478,0.3778,xeus,FUT Esports,jett,True,100,50,2,1,1,5,False,phantom,rifle,,0.9278,0.6211,sociablEE,FUT Esports,fade,True,100,25,1,0,1,2,False,bulldog,rifle,,0.2778,0.7044,yetujey,FUT Esports,astra,True,100,50,1,2,0,4,False,phantom,rifle,,0.5844,0.5856,KROSTALY,FUT Esports,kayo,True,100,50,1,2,0,3,False,spectre,smg,,0.4956,0.4378,Chronicle,Team Vitality,chamber,True,100,50,0,0,1,2,False,vandal,rifle,,0.8578,0.4200,Derke,Team Vitality,neon,False,,50,0,1,1,2,False,phantom,rifle,,,,Jamppi,Team Vitality,kayo,False,,25,0,1,0,3,False,vandal,rifle,,,,Sayonara,Team Vitality,sova,True,100,50,0,2,1,4,False,phantom,rifle,,0.8500,0.3844,PROFEK,Team Vitality,astra,True,100,50,0,0,0,3,False,vandal,rifle,,0.6444,0.1522
1984.616,3883,ACTIVE_ROUND,13,7,7,51.000,,,s0pp,FUT Esports,chamber,True,87,24,0,3,0,4,False,vandal,rifle,,0.7478,0.3778,xeus,FUT Esports,jett,True,100,50,2,1,1,5,False,phantom,rifle,,0.9767,0.5211,sociablEE,FUT Esports,fade,True,100,25,1,0,1,2,False,bulldog,rifle,,0.2778,0.7044,yetujey,FUT Esports,astra,True,100,50,1,2,0,4,False,phantom,rifle,,0.5844,0.5856,KROSTALY,FUT Esports,kayo,True,100,50,1,2,0,3,False,spectre,smg,,0.4956,0.4378,Chronicle,Team Vitality,chamber,True,100,50,0,0,1,2,False,vandal,rifle,,0.8578,0.4200,Derke,Team Vitality,neon,False,,50,0,1,1,2,False,phantom,rifle,,,,Jamppi,Team Vitality,kayo,False,,25,0,1,0,3,False,vandal,rifle,,,,Sayonara,Team Vitality,sova,True,100,50,0,2,1,4,False,phantom,rifle,,0.8744,0.3956,PROFEK,Team Vitality,astra,True,100,50,0,0,0,3,False,vandal,rifle,,0.6444,0.1522
1985.100,3884,ACTIVE_ROUND,13,7,7,50.000,,,s0pp,FUT Esports,chamber,True,87,24,0,3,0,4,False,vandal,rifle,,0.7478,0.3778,xeus,FUT Esports,jett,True,100,50,2,1,1,5,False,phantom,rifle,,0.8611,0.4278,sociablEE,FUT Esports,fade,True,100,25,1,0,1,2,False,bulldog,rifle,,0.2578,0.7067,yetujey,FUT Esports,astra,True,100,50,1,1,0,4,False,phantom,rifle,,0.5844,0.5856,KROSTALY,FUT Esports,kayo,True,100,50,1,2,0,3,False,spectre,smg,,0.4956,0.4378,Chronicle,Team Vitality,chamber,True,100,50,0,0,1,2,False,vandal,rifle,,0.8578,0.4200,Derke,Team Vitality,neon,False,,50,0,1,1,2,False,phantom,rifle,,,,Jamppi,Team Vitality,kayo,False,,25,0,1,0,3,False,vandal,rifle,,,,Sayonara,Team Vitality,sova,True,100,50,0,2,1,4,False,phantom,rifle,,0.8878,0.3956,PROFEK,Team Vitality,astra,True,100,50,0,0,0,3,False,vandal,rifle,,0.6444,0.1522
1985.584,3885,ACTIVE_ROUND,13,7,7,50.000,,,s0pp,FUT Esports,chamber,True,87,24,0,3,0,4,False,vandal,rifle,,0.7478,0.3778,xeus,FUT Esports,jett,True,100,50,2,1,1,5,False,phantom,rifle,,0.9233,0.3144,sociablEE,FUT Esports,fade,True,100,25,1,0,1,2,False,bulldog,rifle,,0.2733,0.7200,yetujey,FUT Esports,astra,True,100,50,1,1,0,4,False,phantom,rifle,,0.5844,0.5856,KROSTALY,FUT Esports,kayo,True,100,50,1,2,0,3,False,spectre,smg,,0.4956,0.4378,Chronicle,Team Vitality,chamber,True,100,50,0,0,1,2,False,vandal,rifle,,0.8822,0.4244,Derke,Team Vitality,neon,False,,50,0,1,1,2,False,phantom,rifle,,,,Jamppi,Team Vitality,kayo,False,,25,0,1,0,3,False,vandal,rifle,,,,Sayonara,Team Vitality,sova,True,100,50,0,2,1,4,False,phantom,rifle,,0.8922,0.3933,PROFEK,Team Vitality,astra,True,100,50,0,0,0,3,False,vandal,rifle,,0.6444,0.1522
1986.067,3886,ACTIVE_ROUND,13,7,7,50.000,,,s0pp,FUT Esports,chamber,True,87,24,0,3,0,4,False,vandal,rifle,,0.7478,0.3778,xeus,FUT Esports,jett,True,100,50,2,1,1,5,False,phantom,rifle,,0.4411,0.2478,sociablEE,FUT Esports,fade,True,100,25,1,0,1,2,False,bulldog,rifle,,0.2911,0.7311,yetujey,FUT Esports,astra,True,100,50,1,1,0,4,False,phantom,rifle,,0.5844,0.5856,KROSTALY,FUT Esports,kayo,True,100,50,1,2,0,3,False,spectre,smg,,0.4956,0.4378,Chronicle,Team Vitality,chamber,True,100,50,0,0,1,2,False,vandal,rifle,,0.8844,0.4178,Derke,Team Vitality,neon,False,,50,0,1,1,2,False,phantom,rifle,,,,Jamppi,Team Vitality,kayo,False,,25,0,1,0,3,False,vandal,rifle,,,,Sayonara,Team Vitality,sova,True,100,50,0,2,1,4,False,phantom,rifle,,0.8878,0.3867,PROFEK,Team Vitality,astra,True,100,50,0,0,0,3,False,vandal,rifle,,0.6444,0.1522
1986.551,3887,ACTIVE_ROUND,13,7,7,49.000,,,s0pp,FUT Esports,chamber,True,87,24,0,3,0,4,False,vandal,rifle,,0.7478,0.3778,xeus,FUT Esports,jett,True,100,50,2,1,1,5,False,phantom,rifle,,0.4278,0.4900,sociablEE,FUT Esports,fade,True,100,25,1,0,1,2,False,bulldog,rifle,,0.2889,0.7533,yetujey,FUT Esports,astra,True,100,50,1,1,0,4,False,phantom,rifle,,0.5844,0.5856,KROSTALY,FUT Esports,kayo,True,100,50,1,2,0,3,False,spectre,smg,,0.4956,0.4378,Chronicle,Team Vitality,chamber,True,100,50,0,0,1,2,False,vandal,rifle,,0.8867,0.4111,Derke,Team Vitality,neon,False,,50,0,1,1,2,False,phantom,rifle,,,,Jamppi,Team Vitality,kayo,False,,25,0,1,0,3,False,vandal,rifle,,,,Sayonara,Team Vitality,sova,True,100,50,0,2,1,4,False,phantom,rifle,,0.6144,0.5156,PROFEK,Team Vitality,astra,True,100,50,0,0,0,3,False,vandal,rifle,,0.6444,0.1522
1987.035,3888,ACTIVE_ROUND,13,7,7,49.000,,,s0pp,FUT Esports,chamber,True,87,24,0,3,0,4,False,vandal,rifle,,0.8367,0.4222,xeus,FUT Esports,jett,True,100,50,2,1,1,5,False,phantom,rifle,,0.1211,0.3611,sociablEE,FUT Esports,fade,True,100,25,1,0,0,2,False,bulldog,rifle,,0.2889,0.7533,yetujey,FUT Esports,astra,True,100,50,1,1,0,4,False,phantom,rifle,,0.5844,0.5856,KROSTALY,FUT Esports,kayo,True,100,50,1,2,0,3,False,spectre,smg,,0.4956,0.4378,Chronicle,Team Vitality,chamber,True,100,50,0,0,1,2,False,vandal,rifle,,0.8889,0.4044,Derke,Team Vitality,neon,False,,50,0,1,1,2,False,phantom,rifle,,,,Jamppi,Team Vitality,kayo,False,,25,0,1,0,3,False,vandal,rifle,,,,Sayonara,Team Vitality,sova,True,100,50,0,2,1,4,False,phantom,rifle,,0.4033,0.2600,PROFEK,Team Vitality,astra,True,100,50,0,0,0,3,False,vandal,rifle,,0.6444,0.1522
1987.519,3889,ACTIVE_ROUND,13,7,7,48.000,,,s0pp,FUT Esports,chamber,True,87,24,0,3,0,4,False,vandal,rifle,,0.8367,0.4222,xeus,FUT Esports,jett,True,100,50,2,1,1,5,False,phantom,rifle,,0.1189,0.3611,sociablEE,FUT Esports,fade,True,100,25,1,0,0,2,False,bulldog,rifle,,0.2867,0.7267,yetujey,FUT Esports,astra,True,100,50,1,1,0,4,False,phantom,rifle,,0.5844,0.5856,KROSTALY,FUT Esports,kayo,True,100,50,1,2,0,3,False,spectre,smg,,0.4956,0.4378,Chronicle,Team Vitality,chamber,True,100,50,0,0,1,2,False,vandal,rifle,,0.8911,0.3978,Derke,Team Vitality,neon,False,,50,0,1,1,2,False,phantom,rifle,,,,Jamppi,Team Vitality,kayo,False,,25,0,1,0,3,False,vandal,rifle,,,,Sayonara,Team Vitality,sova,True,100,50,0,2,1,4,False,phantom,rifle,,0.3922,0.2600,PROFEK,Team Vitality,astra,True,100,50,0,0,0,3,False,vandal,rifle,,0.6444,0.1522
1988.003,3890,ACTIVE_ROUND,13,7,7,48.000,,,s0pp,FUT Esports,chamber,True,87,24,0,3,0,4,False,vandal,rifle,,0.8367,0.4222,xeus,FUT Esports,jett,True,100,50,2,1,1,5,False,phantom,rifle,,0.4411,0.2478,sociablEE,FUT Esports,fade,True,100,25,1,0,0,2,False,bulldog,rifle,,0.2667,0.7156,yetujey,FUT Esports,astra,True,100,50,1,1,0,4,False,phantom,rifle,,0.5844,0.5856,KROSTALY,FUT Esports,kayo,True,100,50,1,2,0,3,False,spectre,smg,,0.4956,0.4378,Chronicle,Team Vitality,chamber,True,100,50,0,0,1,2,False,vandal,rifle,,0.9000,0.3933,Derke,Team Vitality,neon,False,,50,0,1,1,2,False,phantom,rifle,,,,Jamppi,Team Vitality,kayo,False,,25,0,1,0,3,False,vandal,rifle,,,,Sayonara,Team Vitality,sova,True,100,50,0,2,1,4,False,phantom,rifle,,0.3811,0.2622,PROFEK,Team Vitality,astra,True,100,50,0,0,0,3,False,vandal,rifle,,0.6444,0.1522
1988.486,3891,ACTIVE_ROUND,13,7,7,47.000,,,s0pp,FUT Esports,chamber,True,87,24,0,3,0,4,False,vandal,rifle,,0.8367,0.4222,xeus,FUT Esports,jett,True,100,50,2,1,1,5,False,phantom,rifle,,0.1211,0.3611,sociablEE,FUT Esports,fade,True,100,25,1,0,0,2,False,bulldog,rifle,,0.2467,0.7089,yetujey,FUT Esports,astra,True,100,50,1,1,0,4,False,phantom,rifle,,0.5844,0.5856,KROSTALY,FUT Esports,kayo,True,100,50,1,2,0,3,False,spectre,smg,,0.4956,0.4378,Chronicle,Team Vitality,chamber,True,100,50,0,0,1,2,False,vandal,rifle,,0.9044,0.3911,Derke,Team Vitality,neon,False,,50,0,1,1,2,False,phantom,rifle,,,,Jamppi,Team Vitality,kayo,False,,25,0,1,0,3,False,vandal,rifle,,,,Sayonara,Team Vitality,sova,True,100,50,0,2,1,4,False,phantom,rifle,,0.3744,0.2667,PROFEK,Team Vitality,astra,True,100,50,0,0,0,3,False,vandal,rifle,,0.6444,0.1522
1988.970,3892,ACTIVE_ROUND,13,7,7,47.000,,,s0pp,FUT Esports,chamber,True,87,24,0,3,0,4,False,vandal,rifle,,0.8367,0.4222,xeus,FUT Esports,jett,True,100,50,2,1,1,5,False,phantom,rifle,,0.1811,0.6900,sociablEE,FUT Esports,fade,True,100,25,1,0,0,2,False,bulldog,rifle,,0.2467,0.7089,yetujey,FUT Esports,astra,True,100,50,1,0,0,4,False,phantom,rifle,,0.4711,0.4944,KROSTALY,FUT Esports,kayo,True,100,50,1,2,0,3,False,spectre,smg,,0.4956,0.4378,Chronicle,Team Vitality,chamber,True,100,50,0,0,1,2,False,vandal,rifle,,0.9044,0.3911,Derke,Team Vitality,neon,False,,50,0,1,1,2,False,phantom,rifle,,,,Jamppi,Team Vitality,kayo,False,,25,0,1,0,3,False,vandal,rifle,,,,Sayonara,Team Vitality,sova,True,100,50,0,2,1,4,False,phantom,rifle,,0.3656,0.2689,PROFEK,Team Vitality,astra,True,100,50,0,0,0,3,False,vandal,rifle,,0.6444,0.1522
1989.454,3893,ACTIVE_ROUND,13,7,7,46.000,,,s0pp,FUT Esports,chamber,True,87,24,0,3,0,4,False,vandal,rifle,,0.3256,0.5244,xeus,FUT Esports,jett,True,100,50,2,1,1,5,False,phantom,rifle,,0.1811,0.6589,sociablEE,FUT Esports,fade,True,100,25,1,0,0,2,False,bulldog,rifle,,0.2467,0.7089,yetujey,FUT Esports,astra,True,100,50,1,0,0,4,False,phantom,rifle,,0.4711,0.4944,KROSTALY,FUT Esports,kayo,True,100,50,1,2,0,3,False,spectre,smg,,0.4956,0.4378,Chronicle,Team Vitality,chamber,True,100,50,0,0,1,2,False,vandal,rifle,,0.9044,0.3911,Derke,Team Vitality,neon,False,,50,0,1,1,2,False,phantom,rifle,,,,Jamppi,Team Vitality,kayo,False,,25,0,1,0,3,False,vandal,rifle,,,,Sayonara,Team Vitality,sova,True,100,50,0,2,1,4,False,phantom,rifle,,0.8678,0.2178,PROFEK,Team Vitality,astra,True,100,50,0,0,0,3,False,vandal,rifle,,0.6444,0.1522
1989.938,3894,ACTIVE_ROUND,13,7,7,46.000,,,s0pp,FUT Esports,chamber,True,87,24,0,3,0,4,False,vandal,rifle,,0.7167,0.2222,xeus,FUT Esports,jett,True,100,50,2,1,1,5,False,phantom,rifle,,0.7922,0.6922,sociablEE,FUT Esports,fade,True,100,25,1,0,0,2,False,bulldog,rifle,,0.2467,0.7089,yetujey,FUT Esports,astra,True,100,50,1,0,0,4,False,phantom,rifle,,0.4711,0.4944,KROSTALY,FUT Esports,kayo,True,100,50,1,2,0,3,False,spectre,smg,,0.4956,0.4378,Chronicle,Team Vitality,chamber,True,100,50,0,0,1,2,False,vandal,rifle,,0.9044,0.3911,Derke,Team Vitality,neon,False,,50,0,1,1,2,False,phantom,rifle,,,,Jamppi,Team Vitality,kayo,False,,25,0,1,0,3,False,vandal,rifle,,,,Sayonara,Team Vitality,sova,True,100,50,0,2,1,4,False,phantom,rifle,,0.8767,0.2267,PROFEK,Team Vitality,astra,True,100,50,0,0,0,3,False,vandal,rifle,,0.6444,0.1522
1990.422,3895,ACTIVE_ROUND,13,7,7,45.000,,,s0pp,FUT Esports,chamber,True,87,24,0,3,0,4,False,vandal,rifle,,0.7522,0.7422,xeus,FUT Esports,jett,True,100,50,2,1,1,5,False,phantom,rifle,,0.7922,0.6922,sociablEE,FUT Esports,fade,True,100,25,1,0,0,2,False,bulldog,rifle,,0.2467,0.7089,yetujey,FUT Esports,astra,True,100,50,1,0,0,4,False,phantom,rifle,,0.4711,0.4944,KROSTALY,FUT Esports,kayo,True,100,50,1,2,0,3,False,spectre,smg,,0.4956,0.4378,Chronicle,Team Vitality,chamber,True,100,50,0,0,1,2,False,vandal,rifle,,0.9044,0.3911,Derke,Team Vitality,neon,False,,50,0,1,1,2,False,phantom,rifle,,,,Jamppi,Team Vitality,kayo,False,,25,0,1,0,3,False,vandal,rifle,,,,Sayonara,Team Vitality,sova,True,100,50,0,2,1,4,False,phantom,rifle,,0.8789,0.2333,PROFEK,Team Vitality,astra,True,100,50,0,0,0,3,False,vandal,rifle,,0.6444,0.1522
1990.906,3896,ACTIVE_ROUND,13,7,7,45.000,,,s0pp,FUT Esports,chamber,True,87,24,0,3,0,4,False,vandal,rifle,,0.2900,0.5244,xeus,FUT Esports,jett,True,100,50,2,1,1,5,False,phantom,rifle,,0.7544,0.1900,sociablEE,FUT Esports,fade,True,100,25,0,0,0,2,False,bulldog,rifle,,0.2467,0.7089,yetujey,FUT Esports,astra,True,100,50,1,0,0,4,False,phantom,rifle,,0.4711,0.4944,KROSTALY,FUT Esports,kayo,True,100,50,1,2,0,3,False,spectre,smg,,0.4956,0.4378,Chronicle,Team Vitality,chamber,True,100,50,0,0,1,2,False,vandal,rifle,,0.9044,0.3911,Derke,Team Vitality,neon,False,,50,0,1,1,2,False,phantom,rifle,,,,Jamppi,Team Vitality,kayo,False,,25,0,1,0,3,False,vandal,rifle,,,,Sayonara,Team Vitality,sova,True,100,50,0,2,1,4,False,phantom,rifle,,0.8833,0.2356,PROFEK,Team Vitality,astra,True,100,50,0,0,0,3,False,vandal,rifle,,0.8911,0.2633
1991.389,3897,ACTIVE_ROUND,13,7,7,44.000,,,s0pp,FUT Esports,chamber,True,87,24,0,3,0,4,False,vandal,rifle,,0.2856,0.5289,xeus,FUT Esports,jett,True,100,50,2,1,1,5,False,phantom,rifle,,0.7544,0.1900,sociablEE,FUT Esports,fade,True,100,25,0,0,0,2,False,bulldog,rifle,,0.2467,0.7089,yetujey,FUT Esports,astra,True,100,50,1,0,0,4,False,phantom,rifle,,0.4711,0.4944,KROSTALY,FUT Esports,kayo,True,100,50,1,2,0,3,False,spectre,smg,,0.4956,0.4378,Chronicle,Team Vitality,chamber,True,100,50,0,0,1,2,False,vandal,rifle,,0.9044,0.3911,Derke,Team Vitality,neon,False,,50,0,1,1,2,False,phantom,rifle,,,,Jamppi,Team Vitality,kayo,False,,25,0,1,0,3,False,vandal,rifle,,,,Sayonara,Team Vitality,sova,True,100,50,0,2,1,4,False,phantom,rifle,,0.8744,0.2267,PROFEK,Team Vitality,astra,True,100,50,0,0,0,3,False,vandal,rifle,,0.8867,0.2567
1991.873,3898,ACTIVE_ROUND,13,7,7,44.000,,,s0pp,FUT Esports,chamber,True,87,24,0,3,0,4,False,vandal,rifle,,0.2856,0.5289,xeus,FUT Esports,jett,True,100,50,2,1,1,5,False,phantom,rifle,,0.7544,0.1900,sociablEE,FUT Esports,fade,True,100,25,0,0,0,2,False,bulldog,rifle,,0.2467,0.7089,yetujey,FUT Esports,astra,True,100,50,1,0,0,4,False,phantom,rifle,,0.4711,0.4944,KROSTALY,FUT Esports,kayo,True,100,50,1,2,0,3,False,spectre,smg,,0.4956,0.4378,Chronicle,Team Vitality,chamber,True,100,50,0,0,1,2,False,vandal,rifle,,0.9044,0.3911,Derke,Team Vitality,neon,False,,50,0,1,1,2,False,phantom,rifle,,,,Jamppi,Team Vitality,kayo,False,,25,0,1,0,3,False,vandal,rifle,,,,Sayonara,Team Vitality,sova,True,100,50,0,2,1,4,False,phantom,rifle,,0.8611,0.2133,PROFEK,Team Vitality,astra,True,100,50,0,0,0,3,False,vandal,rifle,,0.8800,0.2456
1992.357,3899,ACTIVE_ROUND,13,7,7,43.000,,,s0pp,FUT Esports,chamber,True,87,24,0,3,0,4,False,vandal,rifle,,0.2856,0.5289,xeus,FUT Esports,jett,True,100,50,2,1,1,5,False,phantom,rifle,,0.7544,0.1900,sociablEE,FUT Esports,fade,True,100,25,0,0,0,2,False,bulldog,rifle,,0.2467,0.7089,yetujey,FUT Esports,astra,True,100,50,1,0,0,4,False,phantom,rifle,,0.4711,0.4944,KROSTALY,FUT Esports,kayo,True,100,50,1,2,0,3,False,spectre,smg,,0.4956,0.4378,Chronicle,Team Vitality,chamber,True,100,50,0,0,1,2,False,vandal,rifle,,0.9044,0.3911,Derke,Team Vitality,neon,False,,50,0,1,1,2,False,phantom,rifle,,,,Jamppi,Team Vitality,kayo,False,,25,0,1,0,3,False,vandal,rifle,,,,Sayonara,Team Vitality,sova,True,100,50,0,2,1,4,False,phantom,rifle,,0.8522,0.2044,PROFEK,Team Vitality,astra,True,100,50,0,0,0,3,False,vandal,rifle,,0.8733,0.2367
1992.841,3900,ACTIVE_ROUND,13,7,7,43.000,,,s0pp,FUT Esports,chamber,True,87,24,0,3,0,4,False,vandal,rifle,,0.2856,0.5289,xeus,FUT Esports,jett,True,100,50,2,1,1,5,False,phantom,rifle,,0.5278,0.5611,sociablEE,FUT Esports,fade,True,100,25,0,0,0,2,False,bulldog,rifle,,0.2467,0.7089,yetujey,FUT Esports,astra,True,100,50,1,1,0,4,False,phantom,rifle,,0.4711,0.4944,KROSTALY,FUT Esports,kayo,True,100,50,1,2,0,3,False,spectre,smg,,0.4956,0.4378,Chronicle,Team Vitality,chamber,True,100,50,0,0,1,2,False,vandal,rifle,,0.9044,0.3911,Derke,Team Vitality,neon,False,,50,0,1,1,2,False,phantom,rifle,,,,Jamppi,Team Vitality,kayo,False,,25,0,1,0,3,False,vandal,rifle,,,,Sayonara,Team Vitality,sova,True,100,50,0,2,1,4,False,phantom,rifle,,0.8456,0.1978,PROFEK,Team Vitality,astra,True,100,50,1,0,0,3,False,vandal,rifle,,0.8689,0.2278
1993.325,3901,ACTIVE_ROUND,13,7,7,42.000,,,s0pp,FUT Esports,chamber,True,87,24,0,3,0,4,False,vandal,rifle,,0.2856,0.5289,xeus,FUT Esports,jett,True,100,50,2,1,1,5,False,phantom,rifle,,0.1811,0.6544,sociablEE,FUT Esports,fade,True,100,25,0,0,0,2,False,bulldog,rifle,,0.2467,0.7089,yetujey,FUT Esports,astra,True,100,50,1,1,0,4,False,phantom,rifle,,0.4711,0.4944,KROSTALY,FUT Esports,kayo,True,100,50,1,2,0,3,False,spectre,smg,,0.4956,0.4378,Chronicle,Team Vitality,chamber,True,100,50,0,0,1,2,False,vandal,rifle,,0.9044,0.3911,Derke,Team Vitality,neon,False,,50,0,1,1,2,False,phantom,rifle,,,,Jamppi,Team Vitality,kayo,False,,25,0,1,0,3,False,vandal,rifle,,,,Sayonara,Team Vitality,sova,True,100,50,0,2,1,4,False,phantom,rifle,,0.8389,0.1911,PROFEK,Team Vitality,astra,True,100,50,1,0,0,3,False,vandal,rifle,,0.8689,0.2278
1993.808,3902,ACTIVE_ROUND,13,7,7,42.000,,,s0pp,FUT Esports,chamber,True,87,24,0,3,0,4,False,vandal,rifle,,0.2856,0.5289,xeus,FUT Esports,jett,True,100,50,2,1,1,5,False,phantom,rifle,,0.1811,0.6544,sociablEE,FUT Esports,fade,True,100,25,0,0,0,2,False,bulldog,rifle,,0.2467,0.7089,yetujey,FUT Esports,astra,True,100,50,1,1,0,4,False,phantom,rifle,,0.4711,0.4944,KROSTALY,FUT Esports,kayo,True,100,50,1,2,0,3,False,spectre,smg,,0.4956,0.4378,Chronicle,Team Vitality,chamber,True,100,50,0,0,1,2,False,vandal,rifle,,0.9044,0.3911,Derke,Team Vitality,neon,False,,50,0,1,1,2,False,phantom,rifle,,,,Jamppi,Team Vitality,kayo,False,,25,0,1,0,3,False,vandal,rifle,,,,Sayonara,Team Vitality,sova,True,100,50,0,2,1,4,False,phantom,rifle,,0.8300,0.1822,PROFEK,Team Vitality,astra,True,100,50,1,0,0,3,False,vandal,rifle,,0.8689,0.2278
1994.292,3903,ACTIVE_ROUND,13,7,7,41.000,,,s0pp,FUT Esports,chamber,True,87,24,0,3,0,4,False,vandal,rifle,,0.3211,0.5156,xeus,FUT Esports,jett,True,100,50,2,1,1,5,False,phantom,rifle,,0.1811,0.6544,sociablEE,FUT Esports,fade,True,100,25,0,0,0,2,False,bulldog,rifle,,0.2467,0.7089,yetujey,FUT Esports,astra,True,100,50,1,1,0,4,False,phantom,rifle,,0.4711,0.4944,KROSTALY,FUT Esports,kayo,True,100,50,1,2,0,3,False,spectre,smg,,0.4956,0.4378,Chronicle,Team Vitality,chamber,True,100,50,0,0,1,2,False,vandal,rifle,,0.9044,0.3911,Derke,Team Vitality,neon,False,,50,0,1,1,2,False,phantom,rifle,,,,Jamppi,Team Vitality,kayo,False,,25,0,1,0,3,False,vandal,rifle,,,,Sayonara,Team Vitality,sova,True,100,50,0,2,1,4,False,phantom,rifle,,0.8256,0.1733,PROFEK,Team Vitality,astra,True,100,50,1,0,0,3,False,vandal,rifle,,0.8689,0.2278
1994.776,3904,ACTIVE_ROUND,13,7,7,41.000,,,s0pp,FUT Esports,chamber,True,87,24,0,3,0,4,False,vandal,rifle,,0.3211,0.5156,xeus,FUT Esports,jett,True,100,50,1,1,0,5,False,phantom,rifle,,0.1811,0.6544,sociablEE,FUT Esports,fade,True,100,25,0,0,0,2,False,bulldog,rifle,,0.2467,0.7089,yetujey,FUT Esports,astra,True,100,50,0,0,0,4,False,phantom,rifle,,0.4711,0.4944,KROSTALY,FUT Esports,kayo,True,100,50,1,1,0,3,False,spectre,smg,,0.4956,0.4378,Chronicle,Team Vitality,chamber,True,100,50,0,0,1,2,False,vandal,rifle,,0.9044,0.3911,Derke,Team Vitality,neon,False,,50,0,1,1,2,False,phantom,rifle,,,,Jamppi,Team Vitality,kayo,False,,25,0,1,0,3,False,vandal,rifle,,,,Sayonara,Team Vitality,sova,True,100,50,0,2,1,4,False,phantom,rifle,,0.3478,0.2844,PROFEK,Team Vitality,astra,True,100,50,1,1,0,3,False,vandal,rifle,,0.8689,0.2278
1995.260,3905,ACTIVE_ROUND,13,7,7,40.000,,,s0pp,FUT Esports,chamber,True,87,24,0,3,0,4,False,vandal,rifle,,0.3211,0.5156,xeus,FUT Esports,jett,True,100,50,1,1,0,5,False,phantom,rifle,,0.4411,0.2478,sociablEE,FUT Esports,fade,True,100,25,0,0,0,2,False,bulldog,rifle,,0.2467,0.7089,yetujey,FUT Esports,astra,True,100,50,0,0,0,4,False,phantom,rifle,,0.4711,0.4944,KROSTALY,FUT Esports,kayo,True,100,50,1,1,0,3,False,spectre,smg,,0.4956,0.4378,Chronicle,Team Vitality,chamber,True,100,50,0,0,1,2,False,vandal,rifle,,0.9044,0.3733,Derke,Team Vitality,neon,False,,50,0,1,1,2,False,phantom,rifle,,,,Jamppi,Team Vitality,kayo,False,,25,0,1,0,3,False,vandal,rifle,,,,Sayonara,Team Vitality,sova,True,100,50,0,2,1,4,False,phantom,rifle,,0.8389,0.1822,PROFEK,Team Vitality,astra,True,100,50,1,1,0,3,False,vandal,rifle,,0.8689,0.2278
1995.744,3906,ACTIVE_ROUND,13,7,7,40.000,,,s0pp,FUT Esports,chamber,True,87,24,0,3,0,4,False,vandal,rifle,,0.3211,0.5156,xeus,FUT Esports,jett,True,100,50,1,1,0,5,False,phantom,rifle,,0.2922,0.4944,sociablEE,FUT Esports,fade,True,100,25,0,0,0,2,False,bulldog,rifle,,0.2467,0.7089,yetujey,FUT Esports,astra,True,100,50,0,0,0,4,False,phantom,rifle,,0.4711,0.4944,KROSTALY,FUT Esports,kayo,True,100,50,1,1,0,3,False,spectre,smg,,0.4956,0.4378,Chronicle,Team Vitality,chamber,True,100,50,0,0,1,2,False,vandal,rifle,,0.8933,0.3689,Derke,Team Vitality,neon,False,,50,0,1,1,2,False,phantom,rifle,,,,Jamppi,Team Vitality,kayo,False,,25,0,1,0,3,False,vandal,rifle,,,,Sayonara,Team Vitality,sova,True,100,50,0,2,1,4,False,phantom,rifle,,0.9100,0.3267,PROFEK,Team Vitality,astra,True,100,50,1,1,0,3,False,vandal,rifle,,0.8689,0.2278
1996.228,3907,ACTIVE_ROUND,13,7,7,39.000,,,s0pp,FUT Esports,chamber,True,87,24,0,3,0,4,False,vandal,rifle,,0.3211,0.5156,xeus,FUT Esports,jett,True,100,50,1,1,0,5,False,phantom,rifle,,0.4033,0.5189,sociablEE,FUT Esports,fade,True,100,25,0,0,0,2,False,bulldog,rifle,,0.1689,0.6933,yetujey,FUT Esports,astra,True,100,50,0,0,0,4,False,phantom,rifle,,0.4711,0.4944,KROSTALY,FUT Esports,kayo,True,100,50,1,1,0,3,False,spectre,smg,,0.4956,0.4378,Chronicle,Team Vitality,chamber,True,100,50,0,0,1,2,False,vandal,rifle,,0.8867,0.3622,Derke,Team Vitality,neon,False,,50,0,1,1,2,False,phantom,rifle,,,,Jamppi,Team Vitality,kayo,False,,25,0,1,0,3,False,vandal,rifle,,,,Sayonara,Team Vitality,sova,True,100,50,0,2,1,4,False,phantom,rifle,,0.8900,0.3267,PROFEK,Team Vitality,astra,True,100,50,1,1,0,3,False,vandal,rifle,,0.8689,0.2278
1996.711,3908,ACTIVE_ROUND,13,7,7,39.000,,,s0pp,FUT Esports,chamber,True,87,24,0,3,0,4,False,vandal,rifle,,0.3211,0.5156,xeus,FUT Esports,jett,True,100,50,1,1,0,5,False,phantom,rifle,,0.7922,0.6522,sociablEE,FUT Esports,fade,True,100,25,0,0,0,2,False,bulldog,rifle,,0.1578,0.6889,yetujey,FUT Esports,astra,True,100,50,0,0,0,4,False,phantom,rifle,,0.4711,0.4944,KROSTALY,FUT Esports,kayo,True,100,50,1,1,0,3,False,spectre,smg,,0.4956,0.4378,Chronicle,Team Vitality,chamber,True,100,50,0,0,1,2,False,vandal,rifle,,0.8822,0.3511,Derke,Team Vitality,neon,False,,50,0,1,1,2,False,phantom,rifle,,,,Jamppi,Team Vitality,kayo,False,,25,0,1,0,3,False,vandal,rifle,,,,Sayonara,Team Vitality,sova,True,100,50,0,2,1,4,False,phantom,rifle,,0.8678,0.5089,PROFEK,Team Vitality,astra,True,100,50,1,1,0,3,False,vandal,rifle,,0.8689,0.2278
1997.195,3909,ACTIVE_ROUND,13,7,7,38.000,,,s0pp,FUT Esports,chamber,True,87,24,0,3,0,4,False,vandal,rifle,,0.4522,0.9178,xeus,FUT Esports,jett,True,100,50,1,1,0,5,False,phantom,rifle,,0.2100,0.7544,sociablEE,FUT Esports,fade,True,100,25,0,0,0,2,False,bulldog,rifle,,0.1489,0.6822,yetujey,FUT Esports,astra,True,100,50,0,0,0,4,False,phantom,rifle,,0.4711,0.4944,KROSTALY,FUT Esports,kayo,True,100,50,1,1,0,3,False,spectre,smg,,0.4956,0.4378,Chronicle,Team Vitality,chamber,True,100,50,0,0,1,2,False,vandal,rifle,,0.8822,0.3400,Derke,Team Vitality,neon,False,,50,0,1,1,2,False,phantom,rifle,,,,Jamppi,Team Vitality,kayo,False,,25,0,1,0,3,False,vandal,rifle,,,,Sayonara,Team Vitality,sova,True,100,50,0,2,1,4,False,phantom,rifle,,0.9100,0.3200,PROFEK,Team Vitality,astra,True,100,50,1,1,0,3,False,vandal,rifle,,0.8689,0.2278
1997.679,3910,ACTIVE_ROUND,13,7,7,38.000,,,s0pp,FUT Esports,chamber,True,87,24,0,3,0,4,False,vandal,rifle,,0.4522,0.9178,xeus,FUT Esports,jett,True,100,50,1,1,0,5,False,phantom,rifle,,0.3278,0.5122,sociablEE,FUT Esports,fade,True,100,25,0,0,0,2,False,bulldog,rifle,,0.1467,0.6733,yetujey,FUT Esports,astra,True,100,50,0,0,0,4,False,phantom,rifle,,0.4711,0.4944,KROSTALY,FUT Esports,kayo,True,100,50,1,1,0,3,False,spectre,smg,,0.4956,0.4378,Chronicle,Team Vitality,chamber,True,100,50,0,0,1,2,False,vandal,rifle,,0.8800,0.3244,Derke,Team Vitality,neon,False,,50,0,1,1,2,False,phantom,rifle,,,,Jamppi,Team Vitality,kayo,False,,25,0,1,0,3,False,vandal,rifle,,,,Sayonara,Team Vitality,sova,True,100,50,0,2,1,4,False,phantom,rifle,,0.3256,0.3867,PROFEK,Team Vitality,astra,True,100,50,1,1,0,3,False,vandal,rifle,,0.8689,0.2278
1998.163,3911,ACTIVE_ROUND,13,7,7,37.000,,,s0pp,FUT Esports,chamber,True,87,24,0,3,0,4,False,vandal,rifle,,0.4522,0.9178,xeus,FUT Esports,jett,True,100,50,1,1,0,5,False,phantom,rifle,,0.7567,0.1589,sociablEE,FUT Esports,fade,True,100,25,0,0,0,2,False,bulldog,rifle,,0.1533,0.6644,yetujey,FUT Esports,astra,True,100,50,0,0,0,4,False,phantom,rifle,,0.4711,0.4944,KROSTALY,FUT Esports,kayo,True,100,50,1,1,0,3,False,spectre,smg,,0.4956,0.4378,Chronicle,Team Vitality,chamber,True,100,50,0,0,1,2,False,vandal,rifle,,0.8711,0.3067,Derke,Team Vitality,neon,False,,50,0,1,1,2,False,phantom,rifle,,,,Jamppi,Team Vitality,kayo,False,,25,0,1,0,3,False,vandal,rifle,,,,Sayonara,Team Vitality,sova,True,100,50,0,2,1,4,False,phantom,rifle,,0.3300,0.3956,PROFEK,Team Vitality,astra,True,100,50,1,1,0,3,False,vandal,rifle,,0.8689,0.2278
1998.647,3912,ACTIVE_ROUND,13,7,7,37.000,,,s0pp,FUT Esports,chamber,True,87,24,0,3,0,4,False,vandal,rifle,,0.4922,0.7978,xeus,FUT Esports,jett,True,100,50,1,1,0,5,False,phantom,rifle,,0.4278,0.2522,sociablEE,FUT Esports,fade,True,100,25,0,0,0,2,False,bulldog,rifle,,0.1578,0.6533,yetujey,FUT Esports,astra,True,100,50,1,0,0,4,False,phantom,rifle,,0.4711,0.4944,KROSTALY,FUT Esports,kayo,True,100,50,1,1,1,3,False,spectre,smg,,0.4956,0.4378,Chronicle,Team Vitality,chamber,True,100,50,0,0,1,2,False,vandal,rifle,,0.8556,0.2933,Derke,Team Vitality,neon,False,,50,0,1,1,2,False,phantom,rifle,,,,Jamppi,Team Vitality,kayo,False,,25,0,1,0,3,False,vandal,rifle,,,,Sayonara,Team Vitality,sova,True,100,50,0,2,1,4,False,phantom,rifle,,0.3322,0.4067,PROFEK,Team Vitality,astra,True,100,50,2,1,0,3,False,vandal,rifle,,0.8689,0.2278
1999.130,3913,ACTIVE_ROUND,13,7,7,36.000,,,s0pp,FUT Esports,chamber,True,87,24,0,3,0,4,False,vandal,rifle,,0.1433,0.4622,xeus,FUT Esports,jett,True,100,50,1,1,0,5,False,phantom,rifle,,0.4278,0.2522,sociablEE,FUT Esports,fade,True,100,25,0,0,0,2,False,bulldog,rifle,,0.1578,0.6422,yetujey,FUT Esports,astra,True,100,50,1,0,0,4,False,phantom,rifle,,0.4711,0.4944,KROSTALY,FUT Esports,kayo,True,100,50,1,1,1,3,False,spectre,smg,,0.4956,0.4378,Chronicle,Team Vitality,chamber,True,100,50,0,0,1,2,False,vandal,rifle,,0.8378,0.2822,Derke,Team Vitality,neon,False,,50,0,1,1,2,False,phantom,rifle,,,,Jamppi,Team Vitality,kayo,False,,25,0,1,0,3,False,vandal,rifle,,,,Sayonara,Team Vitality,sova,True,100,50,0,2,1,4,False,phantom,rifle,,0.3233,0.4089,PROFEK,Team Vitality,astra,True,100,50,2,1,0,3,False,vandal,rifle,,0.8689,0.2278
1999.614,3914,ACTIVE_ROUND,13,7,7,36.000,,,s0pp,FUT Esports,chamber,True,87,24,0,3,0,4,False,vandal,rifle,,0.4522,0.9267,xeus,FUT Esports,jett,True,100,50,1,1,0,5,False,phantom,rifle,,0.2500,0.4544,sociablEE,FUT Esports,fade,True,100,25,0,0,0,2,False,bulldog,rifle,,0.1556,0.6311,yetujey,FUT Esports,astra,True,100,50,1,0,0,4,False,phantom,rifle,,0.4711,0.4944,KROSTALY,FUT Esports,kayo,True,100,50,1,1,1,3,False,spectre,smg,,0.4956,0.4378,Chronicle,Team Vitality,chamber,True,100,50,0,0,1,2,False,vandal,rifle,,0.8378,0.2822,Derke,Team Vitality,neon,False,,50,0,1,1,2,False,phantom,rifle,,,,Jamppi,Team Vitality,kayo,False,,25,0,1,0,3,False,vandal,rifle,,,,Sayonara,Team Vitality,sova,True,100,50,0,2,1,4,False,phantom,rifle,,0.8256,0.2778,PROFEK,Team Vitality,astra,True,100,50,2,1,0,3,False,vandal,rifle,,0.8689,0.2278
2000.098,3915,ACTIVE_ROUND,13,7,7,35.000,,,s0pp,FUT Esports,chamber,True,87,24,0,3,0,4,False,vandal,rifle,,0.4522,0.9267,xeus,FUT Esports,jett,True,100,50,1,1,0,5,False,phantom,rifle,,0.2367,0.4478,sociablEE,FUT Esports,fade,True,100,25,0,0,0,2,False,bulldog,rifle,,0.1489,0.6244,yetujey,FUT Esports,astra,True,100,50,1,0,0,4,False,phantom,rifle,,0.4711,0.4944,KROSTALY,FUT Esports,kayo,True,100,50,1,1,1,3,False,spectre,smg,,0.2867,0.4733,Chronicle,Team Vitality,chamber,True,100,50,0,0,1,2,False,vandal,rifle,,0.8378,0.2822,Derke,Team Vitality,neon,False,,50,0,1,1,2,False,phantom,rifle,,,,Jamppi,Team Vitality,kayo,False,,25,0,1,0,3,False,vandal,rifle,,,,Sayonara,Team Vitality,sova,True,100,50,0,2,1,4,False,phantom,rifle,,0.7256,0.1511,PROFEK,Team Vitality,astra,True,100,50,2,1,0,3,False,vandal,rifle,,0.8689,0.2278
2000.582,3916,ACTIVE_ROUND,13,7,7,35.000,,,s0pp,FUT Esports,chamber,True,87,24,0,3,0,4,False,vandal,rifle,,0.4522,0.9267,xeus,FUT Esports,jett,True,100,50,1,1,0,5,False,phantom,rifle,,0.2300,0.4478,sociablEE,FUT Esports,fade,True,100,25,0,0,0,2,False,bulldog,rifle,,0.1489,0.6133,yetujey,FUT Esports,astra,True,100,50,0,0,0,4,False,phantom,rifle,,0.4711,0.4944,KROSTALY,FUT Esports,kayo,True,100,50,1,1,0,3,False,spectre,smg,,0.2867,0.4733,Chronicle,Team Vitality,chamber,True,100,50,0,0,0,2,False,vandal,rifle,,0.8378,0.2822,Derke,Team Vitality,neon,False,,50,0,1,1,2,False,phantom,rifle,,,,Jamppi,Team Vitality,kayo,False,,25,0,1,0,3,False,vandal,rifle,,,,Sayonara,Team Vitality,sova,True,100,50,0,2,1,4,False,phantom,rifle,,0.7056,0.1511,PROFEK,Team Vitality,astra,True,100,50,1,1,0,3,False,vandal,rifle,,0.8689,0.2278
2001.066,3917,ACTIVE_ROUND,13,7,7,35.000,,,s0pp,FUT Esports,chamber,True,87,24,0,3,0,4,False,vandal,rifle,,0.2300,0.4489,xeus,FUT Esports,jett,True,100,50,1,1,0,5,False,phantom,rifle,,0.3767,0.5300,sociablEE,FUT Esports,fade,True,100,25,0,0,0,2,False,bulldog,rifle,,0.1467,0.6044,yetujey,FUT Esports,astra,True,100,50,0,0,0,4,False,phantom,rifle,,0.4711,0.4944,KROSTALY,FUT Esports,kayo,True,100,50,1,1,0,3,False,spectre,smg,,0.2867,0.4733,Chronicle,Team Vitality,chamber,True,100,50,0,0,0,2,False,vandal,rifle,,0.8378,0.2822,Derke,Team Vitality,neon,False,,50,0,1,1,2,False,phantom,rifle,,,,Jamppi,Team Vitality,kayo,False,,25,0,1,0,3,False,vandal,rifle,,,,Sayonara,Team Vitality,sova,True,100,50,0,2,1,4,False,phantom,rifle,,0.2989,0.4044,PROFEK,Team Vitality,astra,True,100,50,1,1,0,3,False,vandal,rifle,,0.8689,0.2278
2001.550,3918,ACTIVE_ROUND,13,7,7,34.000,,,s0pp,FUT Esports,chamber,True,87,24,0,3,0,4,False,vandal,rifle,,0.2300,0.4489,xeus,FUT Esports,jett,True,100,50,1,1,0,5,False,phantom,rifle,,0.2522,0.4122,sociablEE,FUT Esports,fade,True,100,25,0,0,0,2,False,bulldog,rifle,,0.1422,0.6000,yetujey,FUT Esports,astra,True,100,50,0,0,0,4,False,phantom,rifle,,0.4711,0.4944,KROSTALY,FUT Esports,kayo,True,100,50,1,1,0,3,False,spectre,smg,,0.2822,0.4467,Chronicle,Team Vitality,chamber,True,100,50,0,0,0,2,False,vandal,rifle,,0.8378,0.2822,Derke,Team Vitality,neon,False,,50,0,1,1,2,False,phantom,rifle,,,,Jamppi,Team Vitality,kayo,False,,25,0,1,0,3,False,vandal,rifle,,,,Sayonara,Team Vitality,sova,True,100,50,0,2,1,4,False,phantom,rifle,,0.3078,0.4089,PROFEK,Team Vitality,astra,True,100,50,1,1,0,3,False,vandal,rifle,,0.8689,0.2278
2002.033,3919,ACTIVE_ROUND,13,7,7,34.000,,,s0pp,FUT Esports,chamber,True,87,24,0,3,0,4,False,vandal,rifle,,0.2011,0.4556,xeus,FUT Esports,jett,True,100,50,1,1,0,5,False,phantom,rifle,,0.3678,0.5233,sociablEE,FUT Esports,fade,True,100,25,0,0,0,2,False,bulldog,rifle,,0.1400,0.6000,yetujey,FUT Esports,astra,True,100,50,0,0,0,4,False,phantom,rifle,,0.4711,0.4944,KROSTALY,FUT Esports,kayo,True,100,50,1,1,0,3,False,spectre,smg,,0.2644,0.4333,Chronicle,Team Vitality,chamber,True,100,50,0,0,0,2,False,vandal,rifle,,0.8378,0.2822,Derke,Team Vitality,neon,False,,50,0,1,1,2,False,phantom,rifle,,,,Jamppi,Team Vitality,kayo,False,,25,0,1,0,3,False,vandal,rifle,,,,Sayonara,Team Vitality,sova,True,100,50,0,2,1,4,False,phantom,rifle,,0.3078,0.4089,PROFEK,Team Vitality,astra,True,100,50,1,1,0,3,False,vandal,rifle,,0.8689,0.2278
2002.517,3920,ACTIVE_ROUND,13,7,7,33.000,,,s0pp,FUT Esports,chamber,True,87,24,0,3,0,4,False,vandal,rifle,,0.1833,0.4489,xeus,FUT Esports,jett,True,100,50,1,1,0,5,False,phantom,rifle,,0.1478,0.4367,sociablEE,FUT Esports,fade,True,100,25,0,0,0,2,False,bulldog,rifle,,0.1289,0.5933,yetujey,FUT Esports,astra,True,100,50,0,0,0,4,False,phantom,rifle,,0.4711,0.4944,KROSTALY,FUT Esports,kayo,True,100,50,0,1,0,3,False,spectre,smg,,0.2467,0.4222,Chronicle,Team Vitality,chamber,True,100,50,0,0,0,2,False,vandal,rifle,,0.8378,0.2822,Derke,Team Vitality,neon,False,,50,0,1,1,2,False,phantom,rifle,,,,Jamppi,Team Vitality,kayo,False,,25,0,1,0,3,False,vandal,rifle,,,,Sayonara,Team Vitality,sova,True,100,50,0,2,1,4,False,phantom,rifle,,0.6300,0.1178,PROFEK,Team Vitality,astra,True,100,50,1,1,0,3,False,vandal,rifle,,0.6289,0.1500
2003.001,3921,ACTIVE_ROUND,13,7,7,33.000,,,s0pp,FUT Esports,chamber,True,87,24,0,3,0,4,False,vandal,rifle,,0.1656,0.4489,xeus,FUT Esports,jett,True,100,50,1,1,0,5,False,phantom,rifle,,0.1322,0.4367,sociablEE,FUT Esports,fade,True,100,25,0,0,0,2,False,bulldog,rifle,,0.1222,0.5844,yetujey,FUT Esports,astra,True,100,50,0,0,0,4,False,phantom,rifle,,0.4711,0.4944,KROSTALY,FUT Esports,kayo,True,100,50,0,1,0,3,False,spectre,smg,,0.2467,0.4222,Chronicle,Team Vitality,chamber,True,100,50,0,0,0,2,False,vandal,rifle,,0.8378,0.2822,Derke,Team Vitality,neon,False,,50,0,1,1,2,False,phantom,rifle,,,,Jamppi,Team Vitality,kayo,False,,25,0,1,0,3,False,vandal,rifle,,,,Sayonara,Team Vitality,sova,True,100,50,0,2,1,4,False,phantom,rifle,,0.8544,0.2733,PROFEK,Team Vitality,astra,True,100,50,1,1,0,3,False,vandal,rifle,,0.6156,0.1611
2003.485,3922,ACTIVE_ROUND,13,7,7,32.000,,,s0pp,FUT Esports,chamber,True,87,24,0,3,0,4,False,vandal,rifle,,0.1656,0.4489,xeus,FUT Esports,jett,True,100,50,1,1,0,5,False,phantom,rifle,,0.1700,0.4811,sociablEE,FUT Esports,fade,True,100,25,0,0,0,2,False,bulldog,rifle,,0.1178,0.5800,yetujey,FUT Esports,astra,True,100,50,0,0,0,4,False,phantom,rifle,,0.4711,0.4944,KROSTALY,FUT Esports,kayo,True,100,50,0,1,0,3,False,spectre,smg,,0.2111,0.3956,Chronicle,Team Vitality,chamber,True,100,50,0,0,0,2,False,vandal,rifle,,0.8378,0.2822,Derke,Team Vitality,neon,False,,50,0,1,1,2,False,phantom,rifle,,,,Jamppi,Team Vitality,kayo,False,,25,0,1,0,3,False,vandal,rifle,,,,Sayonara,Team Vitality,sova,True,100,50,0,2,1,4,False,phantom,rifle,,0.8678,0.2800,PROFEK,Team Vitality,astra,True,100,50,1,1,0,3,False,vandal,rifle,,0.6133,0.1611
2003.969,3923,ACTIVE_ROUND,13,7,7,32.000,,,s0pp,FUT Esports,chamber,True,87,24,0,3,0,4,False,vandal,rifle,,0.1633,0.4511,xeus,FUT Esports,jett,True,100,50,1,1,0,5,False,phantom,rifle,,0.1744,0.5033,sociablEE,FUT Esports,fade,True,100,25,0,0,0,2,False,bulldog,rifle,,0.1178,0.5911,yetujey,FUT Esports,astra,True,100,50,0,0,0,4,False,phantom,rifle,,0.4711,0.4944,KROSTALY,FUT Esports,kayo,True,100,50,0,1,0,3,False,spectre,smg,,0.2111,0.3822,Chronicle,Team Vitality,chamber,True,100,50,0,0,0,2,False,vandal,rifle,,0.8378,0.2822,Derke,Team Vitality,neon,False,,50,0,1,1,2,False,phantom,rifle,,,,Jamppi,Team Vitality,kayo,False,,25,0,1,0,3,False,vandal,rifle,,,,Sayonara,Team Vitality,sova,True,100,50,0,2,1,4,False,phantom,rifle,,0.3122,0.4089,PROFEK,Team Vitality,astra,True,100,50,1,1,0,3,False,vandal,rifle,,0.6133,0.1611
2004.452,3924,ACTIVE_ROUND,13,7,7,31.000,,,s0pp,FUT Esports,chamber,True,87,24,0,3,0,4,False,vandal,rifle,,0.1811,0.4556,xeus,FUT Esports,jett,True,100,50,1,0,0,5,False,phantom,rifle,,0.1700,0.5189,sociablEE,FUT Esports,fade,True,100,25,0,0,0,2,False,bulldog,rifle,,0.1178,0.6067,yetujey,FUT Esports,astra,True,100,50,0,0,0,4,False,phantom,rifle,,0.4711,0.4944,KROSTALY,FUT Esports,kayo,True,100,50,0,1,0,3,False,spectre,smg,,0.2111,0.3822,Chronicle,Team Vitality,chamber,True,100,50,0,0,0,2,False,vandal,rifle,,0.8400,0.2822,Derke,Team Vitality,neon,False,,50,0,1,1,2,False,phantom,rifle,,,,Jamppi,Team Vitality,kayo,False,,25,0,1,0,3,False,vandal,rifle,,,,Sayonara,Team Vitality,sova,True,100,50,0,2,1,4,False,phantom,rifle,,0.3144,0.4067,PROFEK,Team Vitality,astra,True,100,50,1,1,0,3,False,vandal,rifle,,0.6133,0.1633
2004.936,3925,ACTIVE_ROUND,13,7,7,31.000,,,s0pp,FUT Esports,chamber,True,87,24,0,3,0,4,False,vandal,rifle,,0.1989,0.4600,xeus,FUT Esports,jett,True,100,50,1,0,0,5,False,phantom,rifle,,0.1656,0.5056,sociablEE,FUT Esports,fade,True,100,25,0,0,0,2,False,bulldog,rifle,,0.1156,0.6244,yetujey,FUT Esports,astra,True,100,50,0,0,0,4,False,phantom,rifle,,0.4711,0.4944,KROSTALY,FUT Esports,kayo,True,100,50,0,1,0,3,False,spectre,smg,,0.2111,0.3822,Chronicle,Team Vitality,chamber,True,100,50,0,0,0,2,False,vandal,rifle,,0.8422,0.2844,Derke,Team Vitality,neon,False,,50,0,1,1,2,False,phantom,rifle,,,,Jamppi,Team Vitality,kayo,False,,25,0,1,0,3,False,vandal,rifle,,,,Sayonara,Team Vitality,sova,True,100,50,0,2,1,4,False,phantom,rifle,,0.3367,0.4267,PROFEK,Team Vitality,astra,True,100,50,1,1,0,3,False,vandal,rifle,,0.6044,0.1767
2005.420,3926,ACTIVE_ROUND,13,7,7,30.000,,,s0pp,FUT Esports,chamber,True,87,24,0,3,0,4,False,vandal,rifle,,0.2078,0.4667,xeus,FUT Esports,jett,True,100,50,1,0,0,5,False,phantom,rifle,,0.1656,0.4967,sociablEE,FUT Esports,fade,True,100,25,0,0,0,2,False,bulldog,rifle,,0.1156,0.6444,yetujey,FUT Esports,astra,True,100,50,0,0,0,4,False,phantom,rifle,,0.4711,0.4944,KROSTALY,FUT Esports,kayo,True,100,50,0,1,0,3,False,spectre,smg,,0.2111,0.3822,Chronicle,Team Vitality,chamber,True,100,50,0,0,0,2,False,vandal,rifle,,0.8422,0.2844,Derke,Team Vitality,neon,False,,50,0,1,1,2,False,phantom,rifle,,,,Jamppi,Team Vitality,kayo,False,,25,0,1,0,3,False,vandal,rifle,,,,Sayonara,Team Vitality,sova,True,100,50,0,2,1,4,False,phantom,rifle,,0.5811,0.1622,PROFEK,Team Vitality,astra,True,100,50,1,1,0,3,False,vandal,rifle,,0.5911,0.1900
2005.904,3927,ACTIVE_ROUND,13,7,7,30.000,,,s0pp,FUT Esports,chamber,True,87,24,0,3,0,4,False,vandal,rifle,,0.2078,0.4667,xeus,FUT Esports,jett,True,100,50,1,0,0,5,False,phantom,rifle,,0.1744,0.4789,sociablEE,FUT Esports,fade,True,100,25,0,0,0,2,False,bulldog,rifle,,0.1156,0.6600,yetujey,FUT Esports,astra,True,100,50,0,0,0,4,False,phantom,rifle,,0.4711,0.4944,KROSTALY,FUT Esports,kayo,True,100,50,0,1,0,3,False,spectre,smg,,0.2111,0.3822,Chronicle,Team Vitality,chamber,True,100,50,0,0,0,2,False,vandal,rifle,,0.8422,0.2844,Derke,Team Vitality,neon,False,,50,0,1,1,2,False,phantom,rifle,,,,Jamppi,Team Vitality,kayo,False,,25,0,1,0,3,False,vandal,rifle,,,,Sayonara,Team Vitality,sova,True,100,50,0,2,1,4,False,phantom,rifle,,0.5678,0.1756,PROFEK,Team Vitality,astra,True,100,50,1,1,0,3,False,vandal,rifle,,0.5911,0.1900
2006.388,3928,ACTIVE_ROUND,13,7,7,29.000,,,s0pp,FUT Esports,chamber,True,87,24,0,3,0,4,False,vandal,rifle,,0.0967,0.5778,xeus,FUT Esports,jett,True,100,50,1,0,0,5,False,phantom,rifle,,0.1878,0.4722,sociablEE,FUT Esports,fade,True,100,25,0,0,0,2,False,bulldog,rifle,,0.1156,0.6756,yetujey,FUT Esports,astra,True,100,50,0,0,0,4,False,phantom,rifle,,0.4711,0.4944,KROSTALY,FUT Esports,kayo,True,100,50,0,1,0,3,False,spectre,smg,,0.2111,0.3822,Chronicle,Team Vitality,chamber,True,100,50,0,0,0,2,False,vandal,rifle,,0.8444,0.2867,Derke,Team Vitality,neon,False,,50,0,1,1,2,False,phantom,rifle,,,,Jamppi,Team Vitality,kayo,False,,25,0,1,0,3,False,vandal,rifle,,,,Sayonara,Team Vitality,sova,True,100,50,0,2,1,4,False,phantom,rifle,,0.8811,0.2800,PROFEK,Team Vitality,astra,True,100,50,2,1,0,3,False,vandal,rifle,,0.5667,0.2167
2006.872,3929,ACTIVE_ROUND,13,7,7,29.000,,,s0pp,FUT Esports,chamber,True,87,24,0,3,0,4,False,vandal,rifle,,0.1856,0.4556,xeus,FUT Esports,jett,True,100,50,1,0,0,5,False,phantom,rifle,,0.5300,0.2433,sociablEE,FUT Esports,fade,True,100,25,0,0,0,2,False,bulldog,rifle,,0.1156,0.6867,yetujey,FUT Esports,astra,True,100,50,0,0,0,4,False,phantom,rifle,,0.4711,0.4944,KROSTALY,FUT Esports,kayo,True,100,50,0,1,0,3,False,spectre,smg,,0.2111,0.3822,Chronicle,Team Vitality,chamber,True,100,50,0,0,0,2,False,vandal,rifle,,0.8422,0.2844,Derke,Team Vitality,neon,False,,50,0,1,1,2,False,phantom,rifle,,,,Jamppi,Team Vitality,kayo,False,,25,0,1,0,3,False,vandal,rifle,,,,Sayonara,Team Vitality,sova,True,100,50,0,2,1,4,False,phantom,rifle,,0.3344,0.4089,PROFEK,Team Vitality,astra,True,100,50,2,1,0,3,False,vandal,rifle,,0.5667,0.2167
2007.355,3930,ACTIVE_ROUND,13,7,7,28.000,,,s0pp,FUT Esports,chamber,True,87,24,0,3,0,4,False,vandal,rifle,,0.1789,0.4378,xeus,FUT Esports,jett,True,100,50,1,0,0,5,False,phantom,rifle,,0.2122,0.4678,sociablEE,FUT Esports,fade,True,100,25,0,0,0,2,False,bulldog,rifle,,0.1156,0.6978,yetujey,FUT Esports,astra,True,100,50,0,0,0,4,False,phantom,rifle,,0.2422,0.4456,KROSTALY,FUT Esports,kayo,True,100,50,0,1,0,3,False,spectre,smg,,0.2111,0.3822,Chronicle,Team Vitality,chamber,True,100,50,0,0,0,2,False,vandal,rifle,,0.8444,0.2867,Derke,Team Vitality,neon,False,,50,0,1,1,2,False,phantom,rifle,,,,Jamppi,Team Vitality,kayo,False,,25,0,1,0,3,False,vandal,rifle,,,,Sayonara,Team Vitality,sova,True,100,50,0,2,1,4,False,phantom,rifle,,0.1656,0.5511,PROFEK,Team Vitality,astra,True,100,50,2,1,0,3,False,vandal,rifle,,0.5667,0.2167
2008.807,3933,ACTIVE_ROUND,13,7,7,,0.000,,s0pp,FUT Esports,chamber,True,87,24,0,3,0,4,False,vandal,rifle,,0.0833,0.7622,xeus,FUT Esports,jett,True,100,50,1,0,0,5,False,phantom,rifle,,0.2167,0.4722,sociablEE,FUT Esports,fade,True,100,25,0,0,0,2,False,bulldog,rifle,,0.1089,0.7178,yetujey,FUT Esports,astra,True,100,50,0,0,0,4,False,phantom,rifle,,0.2422,0.4456,KROSTALY,FUT Esports,kayo,True,100,50,0,1,0,3,False,spectre,smg,,0.2067,0.3889,Chronicle,Team Vitality,chamber,True,100,50,0,0,0,2,False,vandal,rifle,,0.8444,0.2867,Derke,Team Vitality,neon,False,,50,0,1,1,2,False,phantom,rifle,,,,Jamppi,Team Vitality,kayo,False,,25,0,1,0,3,False,vandal,rifle,,,,Sayonara,Team Vitality,sova,True,100,50,0,2,1,4,False,phantom,rifle,,0.8656,0.2800,PROFEK,Team Vitality,astra,True,100,50,2,1,0,3,False,vandal,rifle,,0.4600,0.2611
2009.291,3934,ACTIVE_ROUND,13,7,7,,0.484,,s0pp,FUT Esports,chamber,True,87,24,0,3,0,4,False,vandal,rifle,,0.0833,0.7400,xeus,FUT Esports,jett,True,100,50,1,0,0,5,False,phantom,rifle,,0.2122,0.4722,sociablEE,FUT Esports,fade,True,100,25,0,0,0,2,False,bulldog,rifle,,0.1089,0.7244,yetujey,FUT Esports,astra,True,100,50,0,0,0,4,False,phantom,rifle,,0.2422,0.4456,KROSTALY,FUT Esports,kayo,True,100,50,0,1,0,3,False,spectre,smg,,0.1956,0.3844,Chronicle,Team Vitality,chamber,True,100,50,0,0,0,2,False,vandal,rifle,,0.8444,0.2867,Derke,Team Vitality,neon,False,,50,0,1,1,2,False,phantom,rifle,,,,Jamppi,Team Vitality,kayo,False,,25,0,1,0,3,False,vandal,rifle,,,,Sayonara,Team Vitality,sova,True,100,50,0,2,1,4,False,phantom,rifle,,0.4656,0.2489,PROFEK,Team Vitality,astra,True,100,50,2,1,0,3,False,vandal,rifle,,0.4378,0.2633
2009.774,3935,ACTIVE_ROUND,13,7,7,,0.968,,s0pp,FUT Esports,chamber,True,87,24,0,3,0,4,False,vandal,rifle,,0.1744,0.4511,xeus,FUT Esports,jett,True,100,50,1,0,0,5,False,phantom,rifle,,0.2122,0.4722,sociablEE,FUT Esports,fade,True,100,25,0,0,0,2,False,bulldog,rifle,,0.1178,0.7267,yetujey,FUT Esports,astra,True,100,50,0,0,0,4,False,phantom,rifle,,0.2422,0.4456,KROSTALY,FUT Esports,kayo,True,100,50,0,1,0,3,False,spectre,smg,,0.1867,0.3689,Chronicle,Team Vitality,chamber,True,100,50,0,0,0,2,False,vandal,rifle,,0.8444,0.2867,Derke,Team Vitality,neon,False,,50,0,1,1,2,False,phantom,rifle,,,,Jamppi,Team Vitality,kayo,False,,25,0,1,0,3,False,vandal,rifle,,,,Sayonara,Team Vitality,sova,True,100,50,0,2,1,4,False,phantom,rifle,,0.4522,0.2667,PROFEK,Team Vitality,astra,True,100,50,2,1,0,3,False,vandal,rifle,,0.4222,0.2767
2010.258,3936,ACTIVE_ROUND,13,7,7,,1.451,,s0pp,FUT Esports,chamber,True,87,24,0,3,0,4,False,vandal,rifle,,0.1744,0.4511,xeus,FUT Esports,jett,True,100,50,1,0,0,5,False,phantom,rifle,,0.2122,0.4722,sociablEE,FUT Esports,fade,True,100,25,0,0,0,2,False,bulldog,rifle,,0.1244,0.7267,yetujey,FUT Esports,astra,True,100,50,0,0,0,4,False,phantom,rifle,,0.2422,0.4456,KROSTALY,FUT Esports,kayo,True,100,50,0,1,0,4,False,spectre,smg,,0.1867,0.3556,Chronicle,Team Vitality,chamber,True,100,50,0,0,0,2,False,vandal,rifle,,0.8444,0.2867,Derke,Team Vitality,neon,False,,50,0,1,1,2,False,phantom,rifle,,,,Jamppi,Team Vitality,kayo,False,,25,0,1,0,3,False,vandal,rifle,,,,Sayonara,Team Vitality,sova,True,100,50,0,2,1,4,False,phantom,rifle,,0.3344,0.4089,PROFEK,Team Vitality,astra,True,100,50,2,1,0,3,False,vandal,rifle,,0.4200,0.2833
2010.742,3937,ACTIVE_ROUND,13,7,7,,1.935,,s0pp,FUT Esports,chamber,True,87,24,0,3,0,4,False,vandal,rifle,,0.1744,0.4511,xeus,FUT Esports,jett,True,100,50,1,0,0,5,False,phantom,rifle,,0.1211,0.3611,sociablEE,FUT Esports,fade,True,100,25,0,0,0,2,False,bulldog,rifle,,0.1289,0.7222,yetujey,FUT Esports,astra,True,100,50,0,0,0,4,False,phantom,rifle,,0.2422,0.4456,KROSTALY,FUT Esports,kayo,True,100,50,0,1,0,4,False,spectre,smg,,0.1889,0.3422,Chronicle,Team Vitality,chamber,True,100,50,0,0,0,2,False,vandal,rifle,,0.8444,0.2867,Derke,Team Vitality,neon,False,,50,0,1,1,2,False,phantom,rifle,,,,Jamppi,Team Vitality,kayo,False,,25,0,1,0,3,False,vandal,rifle,,,,Sayonara,Team Vitality,sova,True,100,50,0,2,1,4,False,phantom,rifle,,0.4478,0.2667,PROFEK,Team Vitality,astra,True,100,50,2,1,0,3,False,vandal,rifle,,0.4200,0.2833
2011.226,3938,ACTIVE_ROUND,13,7,7,,2.419,,s0pp,FUT Esports,chamber,True,87,24,0,3,0,4,False,vandal,rifle,,0.1744,0.4511,xeus,FUT Esports,jett,True,100,50,1,0,0,5,False,phantom,rifle,,0.7544,0.1967,sociablEE,FUT Esports,fade,True,100,25,0,0,0,2,False,bulldog,rifle,,0.1333,0.7200,yetujey,FUT Esports,astra,True,100,50,0,0,0,4,False,phantom,rifle,,0.2422,0.4456,KROSTALY,FUT Esports,kayo,True,100,50,0,1,0,4,False,spectre,smg,,0.1889,0.3289,Chronicle,Team Vitality,chamber,True,100,50,0,0,0,2,False,vandal,rifle,,0.8444,0.2867,Derke,Team Vitality,neon,False,,50,0,1,1,2,False,phantom,rifle,,,,Jamppi,Team Vitality,kayo,False,,25,0,1,0,3,False,vandal,rifle,,,,Sayonara,Team Vitality,sova,True,100,50,0,2,1,4,False,phantom,rifle,,0.3344,0.4111,PROFEK,Team Vitality,astra,True,100,50,2,1,0,3,False,vandal,rifle,,0.4178,0.2878
2011.710,3939,ACTIVE_ROUND,13,7,7,,2.903,,s0pp,FUT Esports,chamber,True,87,24,0,3,0,4,False,vandal,rifle,,0.1744,0.4511,xeus,FUT Esports,jett,True,100,50,1,0,0,5,False,phantom,rifle,,0.9100,0.3789,sociablEE,FUT Esports,fade,True,100,25,0,0,0,2,False,bulldog,rifle,,0.1356,0.7178,yetujey,FUT Esports,astra,True,100,50,0,0,0,4,False,phantom,rifle,,0.2422,0.4456,KROSTALY,FUT Esports,kayo,True,100,50,0,1,0,4,False,spectre,smg,,0.1889,0.3311,Chronicle,Team Vitality,chamber,True,100,50,0,0,0,2,False,vandal,rifle,,0.8444,0.2867,Derke,Team Vitality,neon,False,,50,0,1,1,2,False,phantom,rifle,,,,Jamppi,Team Vitality,kayo,False,,25,0,1,0,3,False,vandal,rifle,,,,Sayonara,Team Vitality,sova,True,100,50,0,2,1,4,False,phantom,rifle,,0.4300,0.2667,PROFEK,Team Vitality,astra,True,100,50,2,1,0,3,False,vandal,rifle,,0.4022,0.2833
2012.194,3940,ACTIVE_ROUND,13,7,7,,3.387,,s0pp,FUT Esports,chamber,True,87,24,0,3,1,4,False,vandal,rifle,,0.1700,0.5333,xeus,FUT Esports,jett,True,100,50,1,0,0,5,False,phantom,rifle,,0.2211,0.4722,sociablEE,FUT Esports,fade,True,100,25,0,0,0,2,False,bulldog,rifle,,0.1356,0.7178,yetujey,FUT Esports,astra,True,100,50,1,0,0,4,False,phantom,rifle,,0.2422,0.4456,KROSTALY,FUT Esports,kayo,True,100,50,0,1,0,4,False,spectre,smg,,0.1911,0.3378,Chronicle,Team Vitality,chamber,True,100,50,0,0,0,2,False,vandal,rifle,,0.8444,0.2867,Derke,Team Vitality,neon,False,,50,0,1,1,2,False,phantom,rifle,,,,Jamppi,Team Vitality,kayo,False,,25,0,1,0,3,False,vandal,rifle,,,,Sayonara,Team Vitality,sova,True,100,50,0,2,1,4,False,phantom,rifle,,0.4322,0.2844,PROFEK,Team Vitality,astra,True,100,50,0,0,0,3,False,vandal,rifle,,0.4000,0.2944
2012.677,3941,ACTIVE_ROUND,13,7,7,,3.871,,s0pp,FUT Esports,chamber,True,87,24,0,3,1,4,False,vandal,rifle,,0.1656,0.5400,xeus,FUT Esports,jett,True,100,50,1,0,0,5,False,phantom,rifle,,0.1589,0.5056,sociablEE,FUT Esports,fade,True,100,25,0,0,0,2,False,bulldog,rifle,,0.1356,0.7178,yetujey,FUT Esports,astra,True,100,50,1,0,0,4,False,phantom,rifle,,0.2422,0.4456,KROSTALY,FUT Esports,kayo,True,100,50,0,1,0,4,False,spectre,smg,,0.1844,0.3467,Chronicle,Team Vitality,chamber,True,100,50,0,0,0,2,False,vandal,rifle,,0.7222,0.2000,Derke,Team Vitality,neon,False,,50,0,1,1,2,False,phantom,rifle,,,,Jamppi,Team Vitality,kayo,False,,25,0,1,0,3,False,vandal,rifle,,,,Sayonara,Team Vitality,sova,True,100,50,0,2,1,4,False,phantom,rifle,,0.7500,0.1711,PROFEK,Team Vitality,astra,True,100,50,0,0,0,3,False,vandal,rifle,,0.4000,0.2944
2013.161,3942,ACTIVE_ROUND,13,7,7,,4.354,,s0pp,FUT Esports,chamber,True,87,24,0,3,1,4,False,vandal,rifle,,0.1633,0.5244,xeus,FUT Esports,jett,True,100,50,1,0,0,5,False,phantom,rifle,,0.4522,0.6700,sociablEE,FUT Esports,fade,True,100,25,0,0,0,2,False,bulldog,rifle,,0.1356,0.7178,yetujey,FUT Esports,astra,True,100,50,1,0,0,4,False,phantom,rifle,,0.2422,0.4456,KROSTALY,FUT Esports,kayo,True,100,50,0,1,0,4,False,spectre,smg,,0.1867,0.3444,Chronicle,Team Vitality,chamber,True,100,50,0,0,0,2,False,vandal,rifle,,0.7133,0.1867,Derke,Team Vitality,neon,False,,50,0,1,1,2,False,phantom,rifle,,,,Jamppi,Team Vitality,kayo,False,,25,0,1,0,3,False,vandal,rifle,,,,Sayonara,Team Vitality,sova,True,100,50,0,2,1,4,False,phantom,rifle,,0.3900,0.3000,PROFEK,Team Vitality,astra,True,100,50,0,0,0,3,False,vandal,rifle,,0.4000,0.2944
2013.645,3943,ACTIVE_ROUND,13,7,7,,4.838,,s0pp,FUT Esports,chamber,True,87,24,0,3,1,4,False,vandal,rifle,,0.1633,0.5244,xeus,FUT Esports,jett,True,100,50,1,0,0,5,False,phantom,rifle,,0.6389,0.8322,sociablEE,FUT Esports,fade,True,100,25,0,0,0,2,False,bulldog,rifle,,0.1333,0.7222,yetujey,FUT Esports,astra,True,100,50,1,0,0,4,False,phantom,rifle,,0.2422,0.4456,KROSTALY,FUT Esports,kayo,True,100,50,0,1,0,4,False,spectre,smg,,0.1867,0.3467,Chronicle,Team Vitality,chamber,True,100,50,0,0,0,2,False,vandal,rifle,,0.6956,0.1911,Derke,Team Vitality,neon,False,,50,0,1,1,2,False,phantom,rifle,,,,Jamppi,Team Vitality,kayo,False,,25,0,1,0,3,False,vandal,rifle,,,,Sayonara,Team Vitality,sova,True,100,50,0,2,1,4,False,phantom,rifle,,0.6900,0.3333,PROFEK,Team Vitality,astra,True,100,50,0,0,0,3,False,vandal,rifle,,0.8711,0.4589
2014.129,3944,ACTIVE_ROUND,13,7,7,,5.322,,s0pp,FUT Esports,chamber,True,87,24,0,3,1,4,False,vandal,rifle,,0.4522,0.9311,xeus,FUT Esports,jett,True,100,50,1,0,0,5,False,phantom,rifle,,0.7367,0.5833,sociablEE,FUT Esports,fade,True,100,25,0,0,0,2,False,bulldog,rifle,,0.1333,0.7356,yetujey,FUT Esports,astra,True,100,50,0,0,0,4,False,phantom,rifle,,0.2422,0.4456,KROSTALY,FUT Esports,kayo,True,100,50,0,1,0,4,False,spectre,smg,,0.1867,0.3467,Chronicle,Team Vitality,chamber,True,100,50,0,0,0,2,False,vandal,rifle,,0.6778,0.1889,Derke,Team Vitality,neon,False,,50,0,1,1,2,False,phantom,rifle,,,,Jamppi,Team Vitality,kayo,False,,25,0,1,0,3,False,vandal,rifle,,,,Sayonara,Team Vitality,sova,True,100,50,0,2,1,4,False,phantom,rifle,,0.6900,0.3333,PROFEK,Team Vitality,astra,True,100,50,1,0,0,3,False,vandal,rifle,,0.8711,0.4589
2014.613,3945,ACTIVE_ROUND,13,7,7,,5.806,,s0pp,FUT Esports,chamber,True,87,24,0,3,1,4,False,vandal,rifle,,0.4522,0.9311,xeus,FUT Esports,jett,True,100,50,1,0,0,5,False,phantom,rifle,,0.6433,0.6056,sociablEE,FUT Esports,fade,True,100,25,0,0,0,2,False,bulldog,rifle,,0.1378,0.7444,yetujey,FUT Esports,astra,True,100,50,0,0,0,4,False,phantom,rifle,,0.2422,0.4456,KROSTALY,FUT Esports,kayo,True,100,50,0,1,0,4,False,spectre,smg,,0.1822,0.3356,Chronicle,Team Vitality,chamber,True,100,50,0,0,0,2,False,vandal,rifle,,0.6600,0.1822,Derke,Team Vitality,neon,False,,50,0,1,1,2,False,phantom,rifle,,,,Jamppi,Team Vitality,kayo,False,,25,0,1,0,3,False,vandal,rifle,,,,Sayonara,Team Vitality,sova,True,100,50,0,2,1,4,False,phantom,rifle,,0.6900,0.3333,PROFEK,Team Vitality,astra,True,100,50,1,0,0,3,False,vandal,rifle,,0.8711,0.4589
2015.096,3946,ACTIVE_ROUND,13,7,7,,6.290,,s0pp,FUT Esports,chamber,True,87,24,0,3,1,4,False,vandal,rifle,,0.4522,0.9311,xeus,FUT Esports,jett,True,100,50,1,0,0,5,False,phantom,rifle,,0.2189,0.4722,sociablEE,FUT Esports,fade,True,100,25,0,0,0,2,False,bulldog,rifle,,0.1467,0.7511,yetujey,FUT Esports,astra,True,100,50,0,0,0,4,False,phantom,rifle,,0.2422,0.4456,KROSTALY,FUT Esports,kayo,True,100,50,0,1,0,4,False,spectre,smg,,0.1800,0.3267,Chronicle,Team Vitality,chamber,True,100,50,0,0,0,2,False,vandal,rifle,,0.6511,0.1756,Derke,Team Vitality,neon,False,,50,0,1,1,2,False,phantom,rifle,,,,Jamppi,Team Vitality,kayo,False,,25,0,1,0,3,False,vandal,rifle,,,,Sayonara,Team Vitality,sova,True,100,50,0,2,1,4,False,phantom,rifle,,0.6833,0.1578,PROFEK,Team Vitality,astra,True,100,50,1,0,0,3,False,vandal,rifle,,0.8711,0.4589
2015.580,3947,ACTIVE_ROUND,13,7,7,,6.773,,s0pp,FUT Esports,chamber,True,87,24,0,3,1,4,False,vandal,rifle,,0.4522,0.9311,xeus,FUT Esports,jett,True,100,50,1,0,0,5,False,phantom,rifle,,0.2500,0.3722,sociablEE,FUT Esports,fade,True,100,25,0,0,0,2,False,bulldog,rifle,,0.1578,0.7556,yetujey,FUT Esports,astra,True,100,50,0,0,0,4,False,phantom,rifle,,0.2422,0.4456,KROSTALY,FUT Esports,kayo,True,100,50,0,1,0,4,False,spectre,smg,,0.1822,0.3289,Chronicle,Team Vitality,chamber,True,100,50,0,0,0,2,False,vandal,rifle,,0.6356,0.1689,Derke,Team Vitality,neon,False,,50,0,1,1,2,False,phantom,rifle,,,,Jamppi,Team Vitality,kayo,False,,25,0,1,0,3,False,vandal,rifle,,,,Sayonara,Team Vitality,sova,True,100,50,0,2,1,4,False,phantom,rifle,,0.3878,0.3111,PROFEK,Team Vitality,astra,True,100,50,1,0,0,3,False,vandal,rifle,,0.8711,0.4589
2016.064,3948,ACTIVE_ROUND,13,7,7,,7.257,,s0pp,FUT Esports,chamber,True,87,24,0,3,1,4,False,vandal,rifle,,0.4522,0.9311,xeus,FUT Esports,jett,True,100,50,1,0,0,5,False,phantom,rifle,,0.1544,0.7233,sociablEE,FUT Esports,fade,True,100,25,0,0,0,2,False,bulldog,rifle,,0.1689,0.7578,yetujey,FUT Esports,astra,True,100,50,0,0,0,4,False,phantom,rifle,,0.2422,0.4456,KROSTALY,FUT Esports,kayo,True,100,50,0,1,0,4,False,spectre,smg,,0.1867,0.3333,Chronicle,Team Vitality,chamber,True,100,50,0,0,0,2,False,vandal,rifle,,0.6244,0.1711,Derke,Team Vitality,neon,False,,50,0,1,1,2,False,phantom,rifle,,,,Jamppi,Team Vitality,kayo,False,,25,0,1,0,3,False,vandal,rifle,,,,Sayonara,Team Vitality,sova,True,100,50,0,2,1,4,False,phantom,rifle,,0.6344,0.1422,PROFEK,Team Vitality,astra,True,100,50,1,0,0,3,False,vandal,rifle,,0.8711,0.4589
2016.548,3949,ACTIVE_ROUND,13,7,7,,7.741,,s0pp,FUT Esports,chamber,True,87,24,0,3,1,4,False,vandal,rifle,,0.4522,0.9311,xeus,FUT Esports,jett,True,100,50,1,0,0,5,False,phantom,rifle,,0.1544,0.7233,sociablEE,FUT Esports,fade,True,100,25,0,0,0,2,False,bulldog,rifle,,0.1800,0.7600,yetujey,FUT Esports,astra,True,100,50,0,0,0,4,False,phantom,rifle,,0.2422,0.4456,KROSTALY,FUT Esports,kayo,True,100,50,0,1,0,4,False,spectre,smg,,0.1889,0.3422,Chronicle,Team Vitality,chamber,True,100,50,0,0,0,2,False,vandal,rifle,,0.6089,0.1756,Derke,Team Vitality,neon,False,,50,0,1,1,2,False,phantom,rifle,,,,Jamppi,Team Vitality,kayo,False,,25,0,1,0,3,False,vandal,rifle,,,,Sayonara,Team Vitality,sova,True,100,50,0,2,1,4,False,phantom,rifle,,0.3344,0.3978,PROFEK,Team Vitality,astra,True,100,50,1,0,0,3,False,vandal,rifle,,0.8711,0.4589
2017.032,3950,ACTIVE_ROUND,13,7,7,,8.225,,s0pp,FUT Esports,chamber,True,87,24,0,3,1,4,False,vandal,rifle,,0.4522,0.9311,xeus,FUT Esports,jett,True,100,50,1,0,0,5,False,phantom,rifle,,0.1611,0.7367,sociablEE,FUT Esports,fade,True,100,25,0,0,0,2,False,bulldog,rifle,,0.1911,0.7578,yetujey,FUT Esports,astra,True,100,50,0,0,0,4,False,phantom,rifle,,0.2422,0.4456,KROSTALY,FUT Esports,kayo,True,100,50,0,1,0,4,False,spectre,smg,,0.1867,0.3467,Chronicle,Team Vitality,chamber,True,100,50,0,0,0,2,False,vandal,rifle,,0.5933,0.1822,Derke,Team Vitality,neon,False,,50,0,1,1,2,False,phantom,rifle,,,,Jamppi,Team Vitality,kayo,False,,25,0,1,0,3,False,vandal,rifle,,,,Sayonara,Team Vitality,sova,True,100,50,0,2,1,4,False,phantom,rifle,,0.3278,0.4044,PROFEK,Team Vitality,astra,True,100,50,1,0,0,3,False,vandal,rifle,,0.8711,0.4589
2017.515,3951,ACTIVE_ROUND,13,7,7,,8.709,,s0pp,FUT Esports,chamber,True,87,24,0,3,1,4,False,vandal,rifle,,0.4522,0.9311,xeus,FUT Esports,jett,True,100,50,1,0,0,5,False,phantom,rifle,,0.2078,0.7633,sociablEE,FUT Esports,fade,True,100,25,0,0,0,2,False,bulldog,rifle,,0.1911,0.7578,yetujey,FUT Esports,astra,True,100,50,0,0,0,4,False,phantom,rifle,,0.2422,0.4456,KROSTALY,FUT Esports,kayo,True,100,50,0,1,0,4,False,spectre,smg,,0.1889,0.3467,Chronicle,Team Vitality,chamber,True,100,50,0,0,0,2,False,vandal,rifle,,0.5733,0.1933,Derke,Team Vitality,neon,False,,50,0,1,1,2,False,phantom,rifle,,,,Jamppi,Team Vitality,kayo,False,,25,0,1,0,3,False,vandal,rifle,,,,Sayonara,Team Vitality,sova,True,100,50,0,2,1,4,False,phantom,rifle,,0.3278,0.4044,PROFEK,Team Vitality,astra,True,100,50,1,0,0,3,False,vandal,rifle,,0.8711,0.4589
2017.999,3952,ACTIVE_ROUND,13,7,7,,9.193,,s0pp,FUT Esports,chamber,True,87,24,0,3,1,4,False,vandal,rifle,,0.4522,0.9311,xeus,FUT Esports,jett,True,100,50,1,0,0,5,False,phantom,rifle,,0.2167,0.7633,sociablEE,FUT Esports,fade,True,100,25,0,0,0,2,False,bulldog,rifle,,0.1911,0.7578,yetujey,FUT Esports,astra,True,100,50,0,0,0,4,False,phantom,rifle,,0.2422,0.4456,KROSTALY,FUT Esports,kayo,True,100,50,0,1,0,4,False,spectre,smg,,0.1911,0.3467,Chronicle,Team Vitality,chamber,True,100,50,0,0,0,2,False,vandal,rifle,,0.5600,0.2111,Derke,Team Vitality,neon,False,,50,0,1,1,2,False,phantom,rifle,,,,Jamppi,Team Vitality,kayo,False,,25,0,1,0,3,False,vandal,rifle,,,,Sayonara,Team Vitality,sova,True,100,50,0,2,1,4,False,phantom,rifle,,0.3878,0.3533,PROFEK,Team Vitality,astra,True,100,50,1,0,0,3,False,vandal,rifle,,0.8711,0.4589
2018.483,3953,ACTIVE_ROUND,13,7,7,,9.676,,s0pp,FUT Esports,chamber,True,87,24,0,3,1,4,False,vandal,rifle,,0.1722,0.4844,xeus,FUT Esports,jett,True,100,50,1,0,0,5,False,phantom,rifle,,0.2211,0.4722,sociablEE,FUT Esports,fade,True,100,25,0,0,0,2,False,bulldog,rifle,,0.1911,0.7578,yetujey,FUT Esports,astra,True,100,50,0,0,0,4,False,phantom,rifle,,0.2422,0.4456,KROSTALY,FUT Esports,kayo,True,100,50,0,1,0,4,False,spectre,smg,,0.1911,0.3444,Chronicle,Team Vitality,chamber,True,100,50,0,0,0,2,False,vandal,rifle,,0.5467,0.2311,Derke,Team Vitality,neon,False,,50,0,1,1,2,False,phantom,rifle,,,,Jamppi,Team Vitality,kayo,False,,25,0,1,0,3,False,vandal,rifle,,,,Sayonara,Team Vitality,sova,True,100,50,0,2,1,4,False,phantom,rifle,,0.4922,0.3822,PROFEK,Team Vitality,astra,True,100,50,1,0,0,3,False,vandal,rifle,,0.8711,0.4589
2018.967,3954,ACTIVE_ROUND,13,7,7,,10.160,,s0pp,FUT Esports,chamber,True,87,24,0,3,1,4,False,vandal,rifle,,0.1722,0.4844,xeus,FUT Esports,jett,True,100,50,1,0,0,5,False,phantom,rifle,,0.9100,0.4233,sociablEE,FUT Esports,fade,True,100,25,0,0,0,2,False,bulldog,rifle,,0.1911,0.7578,yetujey,FUT Esports,astra,True,100,50,0,0,0,4,False,phantom,rifle,,0.2422,0.4456,KROSTALY,FUT Esports,kayo,True,100,50,0,1,0,4,False,spectre,smg,,0.1933,0.3467,Chronicle,Team Vitality,chamber,True,100,50,0,0,0,2,False,vandal,rifle,,0.5467,0.2311,Derke,Team Vitality,neon,False,,50,0,1,1,2,False,phantom,rifle,,,,Jamppi,Team Vitality,kayo,False,,25,0,1,0,3,False,vandal,rifle,,,,Sayonara,Team Vitality,sova,True,100,50,0,2,1,4,False,phantom,rifle,,0.5589,0.2289,PROFEK,Team Vitality,astra,True,100,50,1,0,0,3,False,vandal,rifle,,0.3711,0.3789
2019.451,3955,ACTIVE_ROUND,13,7,7,,10.644,,s0pp,FUT Esports,chamber,True,87,24,0,3,1,4,False,vandal,rifle,,0.1633,0.4733,xeus,FUT Esports,jett,True,100,50,1,0,0,5,False,phantom,rifle,,0.7922,0.6944,sociablEE,FUT Esports,fade,True,100,25,0,0,0,2,False,bulldog,rifle,,0.1911,0.7578,yetujey,FUT Esports,astra,True,100,50,0,0,0,4,False,phantom,rifle,,0.2422,0.4456,KROSTALY,FUT Esports,kayo,True,100,50,0,1,0,4,False,spectre,smg,,0.1933,0.3489,Chronicle,Team Vitality,chamber,True,100,50,0,0,0,2,False,vandal,rifle,,0.5467,0.2311,Derke,Team Vitality,neon,False,,50,0,1,1,2,False,phantom,rifle,,,,Jamppi,Team Vitality,kayo,False,,25,0,1,0,3,False,vandal,rifle,,,,Sayonara,Team Vitality,sova,True,100,50,0,2,1,4,False,phantom,rifle,,0.5478,0.2222,PROFEK,Team Vitality,astra,True,100,50,1,0,0,3,False,vandal,rifle,,0.3711,0.3789
2019.935,3956,ACTIVE_ROUND,13,7,7,,11.128,,s0pp,FUT Esports,chamber,True,87,24,0,3,1,4,False,vandal,rifle,,0.1611,0.4622,xeus,FUT Esports,jett,True,100,50,1,0,0,5,False,phantom,rifle,,0.5433,0.4900,sociablEE,FUT Esports,fade,True,100,25,0,0,0,2,False,bulldog,rifle,,0.1911,0.7578,yetujey,FUT Esports,astra,True,100,50,0,0,0,4,False,phantom,rifle,,0.2422,0.4456,KROSTALY,FUT Esports,kayo,True,100,50,0,1,0,4,False,spectre,smg,,0.1933,0.3511,Chronicle,Team Vitality,chamber,True,100,50,0,0,0,2,False,vandal,rifle,,0.4978,0.2511,Derke,Team Vitality,neon,False,,50,0,1,1,2,False,phantom,rifle,,,,Jamppi,Team Vitality,kayo,False,,25,0,1,0,3,False,vandal,rifle,,,,Sayonara,Team Vitality,sova,True,100,50,0,2,1,4,False,phantom,rifle,,0.6011,0.5178,PROFEK,Team Vitality,astra,True,100,50,0,0,0,3,False,vandal,rifle,,0.3711,0.3789
2020.418,3957,ACTIVE_ROUND,13,7,7,,11.612,,s0pp,FUT Esports,chamber,True,87,24,0,3,1,4,False,vandal,rifle,,0.1589,0.4533,xeus,FUT Esports,jett,True,100,50,1,0,0,5,False,phantom,rifle,,0.2189,0.4722,sociablEE,FUT Esports,fade,True,100,25,0,0,0,2,False,bulldog,rifle,,0.1911,0.7578,yetujey,FUT Esports,astra,True,100,50,0,0,0,4,False,phantom,rifle,,0.2422,0.4456,KROSTALY,FUT Esports,kayo,True,100,50,0,1,0,4,False,spectre,smg,,0.1933,0.3511,Chronicle,Team Vitality,chamber,True,100,50,0,0,0,2,False,vandal,rifle,,0.4889,0.2644,Derke,Team Vitality,neon,False,,50,0,1,1,2,False,phantom,rifle,,,,Jamppi,Team Vitality,kayo,False,,25,0,1,0,3,False,vandal,rifle,,,,Sayonara,Team Vitality,sova,True,100,50,0,2,1,4,False,phantom,rifle,,0.6900,0.3400,PROFEK,Team Vitality,astra,True,100,50,0,0,0,3,False,vandal,rifle,,0.3711,0.3789
2020.902,3958,ACTIVE_ROUND,13,7,7,,12.095,,s0pp,FUT Esports,chamber,True,87,24,0,3,1,4,False,vandal,rifle,,0.1589,0.4400,xeus,FUT Esports,jett,True,100,50,1,0,0,5,False,phantom,rifle,,0.1256,0.4344,sociablEE,FUT Esports,fade,True,100,25,0,0,0,2,False,bulldog,rifle,,0.1911,0.7578,yetujey,FUT Esports,astra,True,100,50,0,0,0,4,False,phantom,rifle,,0.2422,0.4456,KROSTALY,FUT Esports,kayo,True,100,50,0,1,0,4,False,spectre,smg,,0.1933,0.3511,Chronicle,Team Vitality,chamber,True,100,50,0,0,0,2,False,vandal,rifle,,0.4711,0.2711,Derke,Team Vitality,neon,False,,50,0,1,1,2,False,phantom,rifle,,,,Jamppi,Team Vitality,kayo,False,,25,0,1,0,3,False,vandal,rifle,,,,Sayonara,Team Vitality,sova,True,100,50,0,2,1,4,False,phantom,rifle,,0.3544,0.7156,PROFEK,Team Vitality,astra,True,100,50,0,0,0,3,False,vandal,rifle,,0.3711,0.3789
2021.386,3959,ACTIVE_ROUND,13,7,7,,12.579,,s0pp,FUT Esports,chamber,True,87,24,0,3,1,4,False,vandal,rifle,,0.1589,0.4378,xeus,FUT Esports,jett,True,100,50,1,0,0,5,False,phantom,rifle,,0.2189,0.4722,sociablEE,FUT Esports,fade,True,100,25,0,0,0,2,False,bulldog,rifle,,0.1911,0.7578,yetujey,FUT Esports,astra,True,100,50,0,0,0,4,False,phantom,rifle,,0.2422,0.4456,KROSTALY,FUT Esports,kayo,True,100,50,0,1,0,4,False,spectre,smg,,0.1933,0.3511,Chronicle,Team Vitality,chamber,True,100,50,0,0,0,2,False,vandal,rifle,,0.4533,0.2778,Derke,Team Vitality,neon,False,,50,0,1,1,2,False,phantom,rifle,,,,Jamppi,Team Vitality,kayo,False,,25,0,1,0,3,False,vandal,rifle,,,,Sayonara,Team Vitality,sova,True,100,50,0,2,1,4,False,phantom,rifle,,0.4878,0.2489,PROFEK,Team Vitality,astra,True,100,50,0,0,0,3,False,vandal,rifle,,0.3711,0.3789
2021.870,3960,ACTIVE_ROUND,13,7,7,,13.063,,s0pp,FUT Esports,chamber,True,87,24,0,3,1,4,False,vandal,rifle,,0.1589,0.4378,xeus,FUT Esports,jett,True,100,50,1,0,0,5,False,phantom,rifle,,0.7522,0.1922,sociablEE,FUT Esports,fade,True,100,25,0,0,0,2,False,bulldog,rifle,,0.1911,0.7578,yetujey,FUT Esports,astra,True,100,50,0,0,0,4,False,phantom,rifle,,0.2422,0.4456,KROSTALY,FUT Esports,kayo,True,100,50,0,1,0,4,False,spectre,smg,,0.1933,0.3511,Chronicle,Team Vitality,chamber,True,100,50,0,0,0,2,False,vandal,rifle,,0.4356,0.2756,Derke,Team Vitality,neon,False,,50,0,1,1,2,False,phantom,rifle,,,,Jamppi,Team Vitality,kayo,False,,25,0,1,0,3,False,vandal,rifle,,,,Sayonara,Team Vitality,sova,True,100,50,0,2,1,4,False,phantom,rifle,,0.3522,0.7156,PROFEK,Team Vitality,astra,True,100,50,1,0,0,3,False,vandal,rifle,,0.3711,0.3789
2022.354,3961,ACTIVE_ROUND,13,7,7,,13.547,,s0pp,FUT Esports,chamber,True,87,24,0,3,1,4,False,vandal,rifle,,0.1589,0.4378,xeus,FUT Esports,jett,True,100,50,1,0,0,5,False,phantom,rifle,,0.5433,0.4878,sociablEE,FUT Esports,fade,True,100,25,0,0,0,2,False,bulldog,rifle,,0.8622,0.5333,yetujey,FUT Esports,astra,True,100,50,0,0,0,4,False,phantom,rifle,,0.2422,0.4456,KROSTALY,FUT Esports,kayo,True,100,50,0,1,0,4,False,spectre,smg,,0.1933,0.3511,Chronicle,Team Vitality,chamber,True,100,50,0,0,0,2,False,vandal,rifle,,0.4178,0.2733,Derke,Team Vitality,neon,False,,50,0,1,1,2,False,phantom,rifle,,,,Jamppi,Team Vitality,kayo,False,,25,0,1,0,3,False,vandal,rifle,,,,Sayonara,Team Vitality,sova,True,100,50,0,2,1,4,False,phantom,rifle,,0.3367,0.3533,PROFEK,Team Vitality,astra,True,100,50,1,0,0,3,False,vandal,rifle,,0.3711,0.3789
2022.837,3962,ACTIVE_ROUND,13,7,7,,14.031,,s0pp,FUT Esports,chamber,True,87,24,0,3,1,4,False,vandal,rifle,,0.1589,0.4378,xeus,FUT Esports,jett,True,100,50,1,0,0,5,False,phantom,rifle,,0.7522,0.1922,sociablEE,FUT Esports,fade,True,100,25,0,0,0,2,False,bulldog,rifle,,0.8622,0.5333,yetujey,FUT Esports,astra,True,100,50,0,0,0,4,False,phantom,rifle,,0.2422,0.4456,KROSTALY,FUT Esports,kayo,True,100,50,0,1,0,4,False,spectre,smg,,0.1933,0.3511,Chronicle,Team Vitality,chamber,True,100,50,0,0,0,2,False,vandal,rifle,,0.4044,0.2844,Derke,Team Vitality,neon,False,,50,0,1,1,2,False,phantom,rifle,,,,Jamppi,Team Vitality,kayo,False,,25,0,1,0,3,False,vandal,rifle,,,,Sayonara,Team Vitality,sova,True,100,50,0,2,1,4,False,phantom,rifle,,0.4211,0.2578,PROFEK,Team Vitality,astra,True,100,50,1,0,0,3,False,vandal,rifle,,0.3511,0.3722
2023.321,3963,ACTIVE_ROUND,13,7,7,,14.514,,s0pp,FUT Esports,chamber,True,87,24,0,3,1,4,False,vandal,rifle,,0.1589,0.4378,xeus,FUT Esports,jett,True,100,50,1,0,0,5,False,phantom,rifle,,0.9144,0.4211,sociablEE,FUT Esports,fade,True,100,25,0,0,0,2,False,bulldog,rifle,,0.8622,0.5333,yetujey,FUT Esports,astra,True,100,50,0,0,0,4,False,phantom,rifle,,0.2422,0.4456,KROSTALY,FUT Esports,kayo,True,100,50,0,1,0,4,False,spectre,smg,,0.1911,0.3556,Chronicle,Team Vitality,chamber,True,100,50,0,0,0,2,False,vandal,rifle,,0.4044,0.2844,Derke,Team Vitality,neon,False,,50,0,1,1,2,False,phantom,rifle,,,,Jamppi,Team Vitality,kayo,False,,25,0,1,0,3,False,vandal,rifle,,,,Sayonara,Team Vitality,sova,True,100,50,0,2,1,4,False,phantom,rifle,,0.8967,0.5244,PROFEK,Team Vitality,astra,True,100,50,1,0,0,3,False,vandal,rifle,,0.3511,0.3722
2023.805,3964,ACTIVE_ROUND,13,7,7,,14.998,,s0pp,FUT Esports,chamber,True,87,24,0,3,1,4,False,vandal,rifle,,0.1589,0.4378,xeus,FUT Esports,jett,True,100,50,1,0,0,5,False,phantom,rifle,,0.7522,0.1922,sociablEE,FUT Esports,fade,True,100,25,0,0,0,2,False,bulldog,rifle,,0.8622,0.5333,yetujey,FUT Esports,astra,True,100,50,0,0,0,4,False,phantom,rifle,,0.2422,0.4456,KROSTALY,FUT Esports,kayo,True,100,50,0,1,0,4,False,spectre,smg,,0.1911,0.3556,Chronicle,Team Vitality,chamber,True,100,50,0,0,0,2,False,vandal,rifle,,0.4044,0.2844,Derke,Team Vitality,neon,False,,50,0,1,1,2,False,phantom,rifle,,,,Jamppi,Team Vitality,kayo,False,,25,0,1,0,3,False,vandal,rifle,,,,Sayonara,Team Vitality,sova,True,100,50,0,2,1,4,False,phantom,rifle,,0.3989,0.2933,PROFEK,Team Vitality,astra,True,100,50,1,0,0,3,False,vandal,rifle,,0.3356,0.3611
2024.289,3965,ACTIVE_ROUND,13,7,7,,15.482,,s0pp,FUT Esports,chamber,True,87,24,0,3,1,4,False,vandal,rifle,,0.1611,0.4333,xeus,FUT Esports,jett,True,100,50,1,0,0,5,False,phantom,rifle,,0.6389,0.9233,sociablEE,FUT Esports,fade,True,100,25,0,0,0,2,False,bulldog,rifle,,0.8622,0.5333,yetujey,FUT Esports,astra,True,100,50,0,0,0,4,False,phantom,rifle,,0.2422,0.4456,KROSTALY,FUT Esports,kayo,True,100,50,0,1,0,4,False,spectre,smg,,0.1911,0.3556,Chronicle,Team Vitality,chamber,True,100,50,0,0,0,2,False,vandal,rifle,,0.4044,0.2844,Derke,Team Vitality,neon,False,,50,0,1,1,2,False,phantom,rifle,,,,Jamppi,Team Vitality,kayo,False,,25,0,1,0,3,False,vandal,rifle,,,,Sayonara,Team Vitality,sova,True,100,50,0,2,1,4,False,phantom,rifle,,0.3922,0.3044,PROFEK,Team Vitality,astra,True,100,50,1,0,0,3,False,vandal,rifle,,0.3356,0.3611
2024.773,3966,ACTIVE_ROUND,13,7,7,,15.966,,s0pp,FUT Esports,chamber,True,87,24,0,3,1,4,False,vandal,rifle,,0.1567,0.4178,xeus,FUT Esports,jett,True,100,50,1,0,0,5,False,phantom,rifle,,0.2211,0.4433,sociablEE,FUT Esports,fade,True,100,25,0,0,0,2,False,bulldog,rifle,,0.8622,0.5333,yetujey,FUT Esports,astra,True,100,50,0,0,0,4,False,phantom,rifle,,0.2422,0.4456,KROSTALY,FUT Esports,kayo,True,100,50,0,1,0,4,False,spectre,smg,,0.1933,0.3533,Chronicle,Team Vitality,chamber,True,100,50,0,0,0,2,False,vandal,rifle,,0.4044,0.2844,Derke,Team Vitality,neon,False,,50,0,1,1,2,False,phantom,rifle,,,,Jamppi,Team Vitality,kayo,False,,25,0,1,0,3,False,vandal,rifle,,,,Sayonara,Team Vitality,sova,True,100,50,0,2,1,4,False,phantom,rifle,,0.3900,0.3111,PROFEK,Team Vitality,astra,True,100,50,1,0,0,3,False,vandal,rifle,,0.3333,0.3633
2025.257,3967,ACTIVE_ROUND,13,7,7,,16.450,,s0pp,FUT Esports,chamber,True,87,24,0,3,1,4,False,vandal,rifle,,0.1567,0.4178,xeus,FUT Esports,jett,True,100,50,1,0,0,5,False,phantom,rifle,,0.2167,0.4367,sociablEE,FUT Esports,fade,True,100,25,0,0,0,2,False,bulldog,rifle,,0.8622,0.5333,yetujey,FUT Esports,astra,True,100,50,0,0,0,4,False,phantom,rifle,,0.2422,0.4456,KROSTALY,FUT Esports,kayo,True,100,50,0,1,0,4,False,spectre,smg,,0.1822,0.3600,Chronicle,Team Vitality,chamber,True,100,50,0,0,0,2,False,vandal,rifle,,0.4044,0.2844,Derke,Team Vitality,neon,False,,50,0,1,1,2,False,phantom,rifle,,,,Jamppi,Team Vitality,kayo,False,,25,0,1,0,3,False,vandal,rifle,,,,Sayonara,Team Vitality,sova,False,,50,0,2,1,4,False,phantom,rifle,,0.3878,0.3178,PROFEK,Team Vitality,astra,True,100,50,1,0,0,3,False,vandal,rifle,,0.3444,0.3722
2025.740,3968,ACTIVE_ROUND,13,7,7,,16.934,,s0pp,FUT Esports,chamber,True,87,24,0,3,1,4,False,vandal,rifle,,0.1567,0.4178,xeus,FUT Esports,jett,True,100,50,1,0,0,5,False,phantom,rifle,,0.2122,0.4278,sociablEE,FUT Esports,fade,True,100,25,0,0,0,2,False,bulldog,rifle,,0.2267,0.7222,yetujey,FUT Esports,astra,True,100,50,0,0,0,4,False,phantom,rifle,,0.2422,0.4456,KROSTALY,FUT Esports,kayo,True,100,50,0,0,0,4,False,spectre,smg,,0.1867,0.3600,Chronicle,Team Vitality,chamber,True,100,50,0,0,0,2,False,vandal,rifle,,0.4044,0.2844,Derke,Team Vitality,neon,False,,50,0,1,1,2,False,phantom,rifle,,,,Jamppi,Team Vitality,kayo,False,,25,0,1,0,3,False,vandal,rifle,,,,Sayonara,Team Vitality,sova,False,,50,0,2,1,4,False,phantom,rifle,,,,PROFEK,Team Vitality,astra,True,100,50,1,0,0,3,False,vandal,rifle,,0.3511,0.3700
2026.224,3969,ACTIVE_ROUND,13,7,7,,17.417,,s0pp,FUT Esports,chamber,True,87,24,0,3,1,4,False,vandal,rifle,,0.1567,0.4178,xeus,FUT Esports,jett,True,100,50,1,0,0,5,False,phantom,rifle,,0.2078,0.4189,sociablEE,FUT Esports,fade,True,100,25,0,0,0,2,False,bulldog,rifle,,0.2111,0.7044,yetujey,FUT Esports,astra,True,100,50,0,0,0,4,False,phantom,rifle,,0.2422,0.4456,KROSTALY,FUT Esports,kayo,True,100,50,0,0,0,4,False,spectre,smg,,0.1867,0.3600,Chronicle,Team Vitality,chamber,True,100,50,0,0,0,2,False,vandal,rifle,,0.4044,0.2844,Derke,Team Vitality,neon,False,,50,0,1,1,2,False,phantom,rifle,,,,Jamppi,Team Vitality,kayo,False,,25,0,1,0,3,False,vandal,rifle,,,,Sayonara,Team Vitality,sova,False,,50,0,2,1,4,False,phantom,rifle,,,,PROFEK,Team Vitality,astra,True,100,50,1,0,0,3,False,vandal,rifle,,0.3667,0.3633
2026.708,3970,ACTIVE_ROUND,13,7,7,,17.901,,s0pp,FUT Esports,chamber,True,87,24,0,3,1,4,False,vandal,rifle,,0.1567,0.4178,xeus,FUT Esports,jett,True,100,50,1,0,0,5,False,phantom,rifle,,0.1811,0.6567,sociablEE,FUT Esports,fade,True,100,25,0,0,0,2,False,bulldog,rifle,,0.2111,0.7044,yetujey,FUT Esports,astra,True,100,50,0,0,0,4,False,phantom,rifle,,0.2422,0.4456,KROSTALY,FUT Esports,kayo,True,100,50,0,0,0,4,False,spectre,smg,,0.1911,0.3578,Chronicle,Team Vitality,chamber,True,100,50,0,0,0,2,False,vandal,rifle,,0.3667,0.3622,Derke,Team Vitality,neon,False,,50,0,1,1,2,False,phantom,rifle,,,,Jamppi,Team Vitality,kayo,False,,25,0,1,0,3,False,vandal,rifle,,,,Sayonara,Team Vitality,sova,False,,50,0,2,1,4,False,phantom,rifle,,,,PROFEK,Team Vitality,astra,True,100,50,1,0,0,3,False,vandal,rifle,,0.1400,0.3278
2027.192,3971,ACTIVE_ROUND,13,7,7,,18.385,,s0pp,FUT Esports,chamber,True,87,24,0,3,1,4,False,vandal,rifle,,0.1700,0.5178,xeus,FUT Esports,jett,False,,50,1,0,0,5,False,phantom,rifle,,0.1811,0.6278,sociablEE,FUT Esports,fade,True,100,25,0,0,0,2,False,bulldog,rifle,,0.2111,0.7044,yetujey,FUT Esports,astra,True,100,50,0,0,0,4,False,phantom,rifle,,0.2422,0.4456,KROSTALY,FUT Esports,kayo,True,100,50,0,0,0,4,False,spectre,smg,,0.1911,0.3533,Chronicle,Team Vitality,chamber,True,100,50,0,0,0,2,False,vandal,rifle,,0.3667,0.3622,Derke,Team Vitality,neon,False,,50,0,1,1,2,False,phantom,rifle,,,,Jamppi,Team Vitality,kayo,False,,25,0,1,0,3,False,vandal,rifle,,,,Sayonara,Team Vitality,sova,False,,50,0,2,1,4,False,phantom,rifle,,,,PROFEK,Team Vitality,astra,True,100,50,1,0,0,3,False,vandal,rifle,,0.3711,0.3500
2027.676,3972,ACTIVE_ROUND,13,7,7,,18.869,,s0pp,FUT Esports,chamber,True,87,24,0,3,0,4,False,vandal,rifle,,0.1567,0.5311,xeus,FUT Esports,jett,False,,50,1,0,0,5,False,phantom,rifle,,,,sociablEE,FUT Esports,fade,True,100,25,0,0,0,2,False,bulldog,rifle,,0.1733,0.6511,yetujey,FUT Esports,astra,True,100,50,0,0,0,4,False,phantom,rifle,,0.2956,0.3789,KROSTALY,FUT Esports,kayo,True,100,50,0,0,0,4,False,spectre,smg,,0.1867,0.3444,Chronicle,Team Vitality,chamber,True,100,50,0,0,0,3,False,vandal,rifle,,0.3667,0.3622,Derke,Team Vitality,neon,False,,50,0,1,1,2,False,phantom,rifle,,,,Jamppi,Team Vitality,kayo,False,,25,0,1,0,3,False,vandal,rifle,,,,Sayonara,Team Vitality,sova,False,,50,0,2,1,4,False,phantom,rifle,,,,PROFEK,Team Vitality,astra,True,100,50,1,0,0,3,False,vandal,rifle,,0.3711,0.3300
2028.159,3973,ACTIVE_ROUND,13,7,7,,19.353,,s0pp,FUT Esports,chamber,True,87,24,0,3,0,4,False,vandal,rifle,,0.1522,0.5378,xeus,FUT Esports,jett,False,,50,1,0,0,5,False,phantom,rifle,,,,sociablEE,FUT Esports,fade,True,100,25,0,0,0,2,False,bulldog,rifle,,0.1644,0.6289,yetujey,FUT Esports,astra,True,100,50,0,0,0,4,False,phantom,rifle,,0.2956,0.3789,KROSTALY,FUT Esports,kayo,True,100,50,0,0,0,4,False,spectre,smg,,0.1889,0.3422,Chronicle,Team Vitality,chamber,True,100,50,0,0,0,3,False,vandal,rifle,,0.3667,0.3622,Derke,Team Vitality,neon,False,,50,0,1,1,2,False,phantom,rifle,,,,Jamppi,Team Vitality,kayo,False,,25,0,1,0,3,False,vandal,rifle,,,,Sayonara,Team Vitality,sova,False,,50,0,2,1,4,False,phantom,rifle,,,,PROFEK,Team Vitality,astra,True,100,50,1,0,0,3,False,vandal,rifle,,0.3778,0.3122
2028.643,3974,ACTIVE_ROUND,13,7,7,,19.836,,s0pp,FUT Esports,chamber,True,87,24,0,3,0,4,False,vandal,rifle,,0.1567,0.5400,xeus,FUT Esports,jett,False,,50,1,0,0,5,False,phantom,rifle,,,,sociablEE,FUT Esports,fade,True,100,25,0,0,0,2,False,bulldog,rifle,,0.1711,0.6067,yetujey,FUT Esports,astra,True,100,50,0,0,0,4,False,phantom,rifle,,0.2956,0.3789,KROSTALY,FUT Esports,kayo,True,100,50,0,0,0,4,False,spectre,smg,,0.1933,0.3422,Chronicle,Team Vitality,chamber,True,100,50,0,0,0,3,False,vandal,rifle,,0.3667,0.3622,Derke,Team Vitality,neon,False,,50,0,1,1,2,False,phantom,rifle,,,,Jamppi,Team Vitality,kayo,False,,25,0,1,0,3,False,vandal,rifle,,,,Sayonara,Team Vitality,sova,False,,50,0,2,1,4,False,phantom,rifle,,,,PROFEK,Team Vitality,astra,True,100,50,1,0,0,3,False,vandal,rifle,,0.3778,0.3122
2029.127,3975,ACTIVE_ROUND,13,7,7,,20.320,,s0pp,FUT Esports,chamber,True,87,24,0,3,0,4,False,vandal,rifle,,0.1678,0.5378,xeus,FUT Esports,jett,False,,50,1,0,0,5,False,phantom,rifle,,,,sociablEE,FUT Esports,fade,True,100,25,0,0,0,2,False,bulldog,rifle,,0.1711,0.6067,yetujey,FUT Esports,astra,True,100,50,0,0,0,4,False,phantom,rifle,,0.2956,0.3789,KROSTALY,FUT Esports,kayo,True,100,50,0,0,0,4,False,spectre,smg,,0.1933,0.3400,Chronicle,Team Vitality,chamber,True,100,50,0,0,0,3,False,vandal,rifle,,0.3978,0.2800,Derke,Team Vitality,neon,False,,50,0,1,1,2,False,phantom,rifle,,,,Jamppi,Team Vitality,kayo,False,,25,0,1,0,3,False,vandal,rifle,,,,Sayonara,Team Vitality,sova,False,,50,0,2,1,4,False,phantom,rifle,,,,PROFEK,Team Vitality,astra,True,100,50,1,0,0,3,False,vandal,rifle,,0.3778,0.3122
2029.611,3976,ACTIVE_ROUND,13,7,7,,20.804,,s0pp,FUT Esports,chamber,True,87,24,0,3,0,4,False,vandal,rifle,,0.3389,0.3089,xeus,FUT Esports,jett,False,,50,1,0,0,5,False,phantom,rifle,,,,sociablEE,FUT Esports,fade,True,100,25,0,0,0,2,False,bulldog,rifle,,0.1711,0.6067,yetujey,FUT Esports,astra,True,100,50,0,0,0,4,False,phantom,rifle,,0.2956,0.3789,KROSTALY,FUT Esports,kayo,True,100,50,0,0,0,4,False,spectre,smg,,0.1933,0.3400,Chronicle,Team Vitality,chamber,True,100,50,0,0,1,3,False,vandal,rifle,,0.3978,0.2800,Derke,Team Vitality,neon,False,,50,0,1,1,2,False,phantom,rifle,,,,Jamppi,Team Vitality,kayo,False,,25,0,1,0,3,False,vandal,rifle,,,,Sayonara,Team Vitality,sova,False,,50,0,2,1,4,False,phantom,rifle,,,,PROFEK,Team Vitality,astra,True,100,50,0,0,0,3,False,vandal,rifle,,0.4178,0.2678
2030.095,3977,ACTIVE_ROUND,13,7,7,,21.288,,s0pp,FUT Esports,chamber,True,87,24,0,3,0,4,False,vandal,rifle,,0.1122,0.5422,xeus,FUT Esports,jett,False,,50,1,0,0,5,False,phantom,rifle,,,,sociablEE,FUT Esports,fade,True,100,25,0,0,0,2,False,bulldog,rifle,,0.1711,0.6067,yetujey,FUT Esports,astra,True,100,50,0,0,0,4,False,phantom,rifle,,0.2956,0.3789,KROSTALY,FUT Esports,kayo,True,100,50,0,0,0,4,False,spectre,smg,,0.1933,0.3400,Chronicle,Team Vitality,chamber,True,100,50,0,0,1,3,False,vandal,rifle,,0.3911,0.3067,Derke,Team Vitality,neon,False,,50,0,1,1,2,False,phantom,rifle,,,,Jamppi,Team Vitality,kayo,False,,25,0,1,0,3,False,vandal,rifle,,,,Sayonara,Team Vitality,sova,False,,50,0,2,1,4,False,phantom,rifle,,,,PROFEK,Team Vitality,astra,True,100,50,0,0,0,3,False,vandal,rifle,,0.4422,0.2633
2030.579,3978,ACTIVE_ROUND,13,7,7,,21.772,,s0pp,FUT Esports,chamber,True,87,24,0,3,0,4,False,vandal,rifle,,0.1256,0.4222,xeus,FUT Esports,jett,False,,50,1,0,0,5,False,phantom,rifle,,,,sociablEE,FUT Esports,fade,True,100,25,0,0,0,2,False,bulldog,rifle,,0.1711,0.6067,yetujey,FUT Esports,astra,True,100,50,0,0,0,4,False,phantom,rifle,,0.2956,0.3789,KROSTALY,FUT Esports,kayo,True,100,50,0,0,0,4,False,spectre,smg,,0.1933,0.3400,Chronicle,Team Vitality,chamber,True,100,50,0,0,1,3,False,vandal,rifle,,0.3911,0.3067,Derke,Team Vitality,neon,False,,50,0,1,1,2,False,phantom,rifle,,,,Jamppi,Team Vitality,kayo,False,,25,0,1,0,3,False,vandal,rifle,,,,Sayonara,Team Vitality,sova,False,,50,0,2,1,4,False,phantom,rifle,,,,PROFEK,Team Vitality,astra,True,100,50,0,0,0,3,False,vandal,rifle,,0.4644,0.2589
2031.062,3979,ACTIVE_ROUND,13,7,7,,22.256,,s0pp,FUT Esports,chamber,True,87,24,0,3,0,4,False,vandal,rifle,,0.1256,0.4222,xeus,FUT Esports,jett,False,,50,1,0,0,5,False,phantom,rifle,,,,sociablEE,FUT Esports,fade,True,100,25,0,0,0,2,False,bulldog,rifle,,0.1711,0.6067,yetujey,FUT Esports,astra,True,100,50,0,0,0,4,False,phantom,rifle,,0.2956,0.3789,KROSTALY,FUT Esports,kayo,True,100,50,0,0,0,4,False,spectre,smg,,0.1933,0.3400,Chronicle,Team Vitality,chamber,True,100,50,0,0,1,3,False,vandal,rifle,,0.3911,0.3067,Derke,Team Vitality,neon,False,,50,0,1,1,2,False,phantom,rifle,,,,Jamppi,Team Vitality,kayo,False,,25,0,1,0,3,False,vandal,rifle,,,,Sayonara,Team Vitality,sova,False,,50,0,2,1,4,False,phantom,rifle,,,,PROFEK,Team Vitality,astra,True,100,50,0,0,0,3,False,vandal,rifle,,0.4867,0.2500
2031.546,3980,ACTIVE_ROUND,13,7,7,,22.739,,s0pp,FUT Esports,chamber,True,87,24,0,3,0,4,False,vandal,rifle,,0.1122,0.5333,xeus,FUT Esports,jett,False,,50,1,0,0,5,False,phantom,rifle,,,,sociablEE,FUT Esports,fade,True,100,25,0,0,0,2,False,bulldog,rifle,,0.1711,0.6067,yetujey,FUT Esports,astra,True,100,50,0,0,0,4,False,phantom,rifle,,0.2956,0.3789,KROSTALY,FUT Esports,kayo,True,100,50,0,0,0,4,False,spectre,smg,,0.1933,0.3400,Chronicle,Team Vitality,chamber,True,100,50,0,0,1,3,False,vandal,rifle,,0.3911,0.3067,Derke,Team Vitality,neon,False,,50,0,1,1,2,False,phantom,rifle,,,,Jamppi,Team Vitality,kayo,False,,25,0,1,0,3,False,vandal,rifle,,,,Sayonara,Team Vitality,sova,False,,50,0,2,1,4,False,phantom,rifle,,,,PROFEK,Team Vitality,astra,True,100,50,0,0,0,3,False,vandal,rifle,,0.5022,0.2433
2032.030,3981,ACTIVE_ROUND,13,7,7,,23.223,,s0pp,FUT Esports,chamber,True,87,24,0,3,0,4,False,vandal,rifle,,0.1833,0.4489,xeus,FUT Esports,jett,False,,50,1,0,0,5,False,phantom,rifle,,,,sociablEE,FUT Esports,fade,True,100,25,0,0,0,2,False,bulldog,rifle,,0.1711,0.6067,yetujey,FUT Esports,astra,True,100,50,0,0,0,4,False,phantom,rifle,,0.2956,0.3789,KROSTALY,FUT Esports,kayo,True,100,50,0,0,0,4,False,spectre,smg,,0.1933,0.3356,Chronicle,Team Vitality,chamber,True,100,50,0,0,1,3,False,vandal,rifle,,0.3911,0.3067,Derke,Team Vitality,neon,False,,50,0,1,1,2,False,phantom,rifle,,,,Jamppi,Team Vitality,kayo,False,,25,0,1,0,3,False,vandal,rifle,,,,Sayonara,Team Vitality,sova,False,,50,0,2,1,4,False,phantom,rifle,,,,PROFEK,Team Vitality,astra,True,100,50,0,0,0,3,False,vandal,rifle,,0.5156,0.2544
2032.514,3982,ACTIVE_ROUND,13,7,7,,23.707,,s0pp,FUT Esports,chamber,True,87,24,0,3,0,4,False,vandal,rifle,,0.1344,0.3467,xeus,FUT Esports,jett,False,,50,1,0,0,5,False,phantom,rifle,,,,sociablEE,FUT Esports,fade,True,100,25,0,0,0,2,False,bulldog,rifle,,0.1711,0.6067,yetujey,FUT Esports,astra,True,100,50,0,0,0,4,False,phantom,rifle,,0.2956,0.3789,KROSTALY,FUT Esports,kayo,True,100,50,0,0,0,4,False,spectre,smg,,0.1933,0.3289,Chronicle,Team Vitality,chamber,True,100,50,0,0,1,3,False,vandal,rifle,,0.3911,0.3067,Derke,Team Vitality,neon,False,,50,0,1,1,2,False,phantom,rifle,,,,Jamppi,Team Vitality,kayo,False,,25,0,1,0,3,False,vandal,rifle,,,,Sayonara,Team Vitality,sova,False,,50,0,2,1,4,False,phantom,rifle,,,,PROFEK,Team Vitality,astra,True,100,50,0,0,0,3,False,vandal,rifle,,0.5289,0.2456
2032.998,3983,ACTIVE_ROUND,13,7,7,,24.191,,s0pp,FUT Esports,chamber,True,87,24,0,3,0,4,False,vandal,rifle,,0.1344,0.3467,xeus,FUT Esports,jett,False,,50,1,0,0,5,False,phantom,rifle,,,,sociablEE,FUT Esports,fade,True,100,25,0,0,0,2,False,bulldog,rifle,,0.1711,0.6067,yetujey,FUT Esports,astra,True,100,50,0,0,0,4,False,phantom,rifle,,0.2956,0.3767,KROSTALY,FUT Esports,kayo,True,100,50,0,0,0,4,False,spectre,smg,,0.1933,0.3400,Chronicle,Team Vitality,chamber,True,100,50,0,0,1,3,False,vandal,rifle,,0.3911,0.3067,Derke,Team Vitality,neon,False,,50,0,1,1,2,False,phantom,rifle,,,,Jamppi,Team Vitality,kayo,False,,25,0,1,0,3,False,vandal,rifle,,,,Sayonara,Team Vitality,sova,False,,50,0,2,1,4,False,phantom,rifle,,,,PROFEK,Team Vitality,astra,True,100,50,0,0,0,3,False,vandal,rifle,,0.5422,0.2322
2033.481,3984,ACTIVE_ROUND,13,7,7,,24.675,,s0pp,FUT Esports,chamber,True,87,24,0,3,0,4,False,vandal,rifle,,0.1211,0.6356,xeus,FUT Esports,jett,False,,50,1,0,0,5,False,phantom,rifle,,,,sociablEE,FUT Esports,fade,True,100,25,0,0,0,2,False,bulldog,rifle,,0.1711,0.6067,yetujey,FUT Esports,astra,True,100,50,0,0,0,4,False,phantom,rifle,,0.3067,0.3811,KROSTALY,FUT Esports,kayo,True,100,50,0,0,0,4,False,spectre,smg,,0.1933,0.3511,Chronicle,Team Vitality,chamber,True,100,50,0,0,1,3,False,vandal,rifle,,0.3911,0.3067,Derke,Team Vitality,neon,False,,50,0,1,1,2,False,phantom,rifle,,,,Jamppi,Team Vitality,kayo,False,,25,0,1,0,3,False,vandal,rifle,,,,Sayonara,Team Vitality,sova,False,,50,0,2,1,4,False,phantom,rifle,,,,PROFEK,Team Vitality,astra,True,100,50,0,0,0,3,False,vandal,rifle,,0.5444,0.2211
2033.965,3985,ACTIVE_ROUND,13,7,7,,25.158,,s0pp,FUT Esports,chamber,True,87,24,0,3,0,4,False,vandal,rifle,,0.1078,0.4756,xeus,FUT Esports,jett,False,,50,1,0,0,5,False,phantom,rifle,,,,sociablEE,FUT Esports,fade,True,100,25,0,0,0,2,False,bulldog,rifle,,0.1733,0.4667,yetujey,FUT Esports,astra,True,100,50,0,0,0,4,False,phantom,rifle,,0.3133,0.3811,KROSTALY,FUT Esports,kayo,True,100,50,0,0,0,4,False,spectre,smg,,0.1933,0.3556,Chronicle,Team Vitality,chamber,True,100,50,0,0,1,3,False,vandal,rifle,,0.3911,0.3067,Derke,Team Vitality,neon,False,,50,0,1,1,2,False,phantom,rifle,,,,Jamppi,Team Vitality,kayo,False,,25,0,1,0,3,False,vandal,rifle,,,,Sayonara,Team Vitality,sova,False,,50,0,2,1,4,False,phantom,rifle,,,,PROFEK,Team Vitality,astra,True,100,50,0,0,0,3,False,vandal,rifle,,0.5444,0.2211
2034.449,3986,ACTIVE_ROUND,13,7,7,,25.642,,s0pp,FUT Esports,chamber,True,87,24,0,3,0,4,False,vandal,rifle,,0.3478,0.2956,xeus,FUT Esports,jett,False,,50,1,0,0,5,False,phantom,rifle,,,,sociablEE,FUT Esports,fade,True,100,25,0,0,0,2,False,bulldog,rifle,,0.1778,0.4444,yetujey,FUT Esports,astra,True,100,50,0,0,0,4,False,phantom,rifle,,0.3133,0.3811,KROSTALY,FUT Esports,kayo,True,100,50,0,0,0,4,False,spectre,smg,,0.1933,0.3667,Chronicle,Team Vitality,chamber,True,100,50,0,0,1,3,False,vandal,rifle,,0.3911,0.3067,Derke,Team Vitality,neon,False,,50,0,1,1,2,False,phantom,rifle,,,,Jamppi,Team Vitality,kayo,False,,25,0,1,0,3,False,vandal,rifle,,,,Sayonara,Team Vitality,sova,False,,50,0,2,1,4,False,phantom,rifle,,,,PROFEK,Team Vitality,astra,True,100,50,0,0,0,3,False,vandal,rifle,,0.5444,0.1989
2034.933,3987,ACTIVE_ROUND,13,7,7,,26.126,,s0pp,FUT Esports,chamber,True,87,24,0,3,0,4,False,vandal,rifle,,0.7522,0.2778,xeus,FUT Esports,jett,False,,50,1,0,0,5,False,phantom,rifle,,,,sociablEE,FUT Esports,fade,True,100,25,0,0,0,2,False,bulldog,rifle,,0.1956,0.4333,yetujey,FUT Esports,astra,True,100,50,0,0,0,4,False,phantom,rifle,,0.3133,0.3811,KROSTALY,FUT Esports,kayo,True,100,50,0,0,0,4,False,spectre,smg,,0.1933,0.3689,Chronicle,Team Vitality,chamber,True,100,50,0,0,1,3,False,vandal,rifle,,0.4089,0.2822,Derke,Team Vitality,neon,False,,50,0,1,1,2,False,phantom,rifle,,,,Jamppi,Team Vitality,kayo,False,,25,0,1,0,3,False,vandal,rifle,,,,Sayonara,Team Vitality,sova,False,,50,0,2,1,4,False,phantom,rifle,,,,PROFEK,Team Vitality,astra,True,100,50,0,0,0,3,False,vandal,rifle,,0.5444,0.1878
2035.417,3988,ACTIVE_ROUND,13,7,7,,26.610,,s0pp,FUT Esports,chamber,True,87,24,0,3,0,4,False,vandal,rifle,,0.8767,0.2600,xeus,FUT Esports,jett,False,,50,1,0,0,5,False,phantom,rifle,,,,sociablEE,FUT Esports,fade,True,100,25,0,0,0,2,False,phantom,rifle,,0.2200,0.4267,yetujey,FUT Esports,astra,True,100,50,0,0,0,4,False,phantom,rifle,,0.3133,0.3811,KROSTALY,FUT Esports,kayo,True,100,50,0,0,0,4,False,spectre,smg,,0.1889,0.3844,Chronicle,Team Vitality,chamber,True,100,50,0,0,1,3,False,vandal,rifle,,0.4089,0.2711,Derke,Team Vitality,neon,False,,50,0,1,1,2,False,phantom,rifle,,,,Jamppi,Team Vitality,kayo,False,,25,0,1,0,3,False,vandal,rifle,,,,Sayonara,Team Vitality,sova,False,,50,0,2,1,4,False,phantom,rifle,,,,PROFEK,Team Vitality,astra,True,100,50,1,0,0,3,False,vandal,rifle,,0.5444,0.1767
2035.901,3989,ACTIVE_ROUND,13,7,7,,27.094,,s0pp,FUT Esports,chamber,True,87,24,0,3,0,4,False,vandal,rifle,,0.2300,0.7089,xeus,FUT Esports,jett,False,,50,1,0,0,5,False,phantom,rifle,,,,sociablEE,FUT Esports,fade,True,100,25,0,0,0,2,False,phantom,rifle,,0.2400,0.4178,yetujey,FUT Esports,astra,True,100,50,0,0,0,4,False,phantom,rifle,,0.3133,0.3811,KROSTALY,FUT Esports,kayo,True,100,50,0,0,0,4,False,spectre,smg,,0.1911,0.4067,Chronicle,Team Vitality,chamber,True,100,50,0,0,1,3,False,vandal,rifle,,0.4044,0.2644,Derke,Team Vitality,neon,False,,50,0,1,1,2,False,phantom,rifle,,,,Jamppi,Team Vitality,kayo,False,,25,0,1,0,3,False,vandal,rifle,,,,Sayonara,Team Vitality,sova,False,,50,0,2,1,4,False,phantom,rifle,,,,PROFEK,Team Vitality,astra,True,100,50,1,0,0,3,False,vandal,rifle,,0.5267,0.1989
2036.384,3990,ACTIVE_ROUND,13,7,7,,27.578,,s0pp,FUT Esports,chamber,True,87,24,0,3,0,4,False,vandal,rifle,,0.3522,0.2844,xeus,FUT Esports,jett,False,,50,1,0,0,5,False,phantom,rifle,,,,sociablEE,FUT Esports,fade,True,100,25,0,0,0,2,False,phantom,rifle,,0.2578,0.4022,yetujey,FUT Esports,astra,True,87,24,0,0,0,4,False,phantom,rifle,,0.3133,0.3811,KROSTALY,FUT Esports,kayo,True,100,50,0,0,0,4,False,spectre,smg,,0.2000,0.4089,Chronicle,Team Vitality,chamber,True,100,50,0,0,1,3,False,vandal,rifle,,0.4044,0.2644,Derke,Team Vitality,neon,False,,50,0,1,1,2,False,phantom,rifle,,,,Jamppi,Team Vitality,kayo,False,,25,0,1,0,3,False,vandal,rifle,,,,Sayonara,Team Vitality,sova,False,,50,0,2,1,4,False,phantom,rifle,,,,PROFEK,Team Vitality,astra,True,100,50,1,0,0,3,False,vandal,rifle,,0.5267,0.1900
2036.868,3991,ACTIVE_ROUND,13,7,7,,28.061,,s0pp,FUT Esports,chamber,True,87,24,0,3,0,4,False,vandal,rifle,,0.8722,0.3911,xeus,FUT Esports,jett,False,,50,1,0,0,5,False,phantom,rifle,,,,sociablEE,FUT Esports,fade,True,100,25,0,0,0,2,False,phantom,rifle,,0.2756,0.3889,yetujey,FUT Esports,astra,True,87,24,0,0,0,4,False,phantom,rifle,,0.3133,0.3811,KROSTALY,FUT Esports,kayo,True,100,50,0,0,0,4,False,spectre,smg,,0.1911,0.4200,Chronicle,Team Vitality,chamber,False,,50,0,0,1,3,False,vandal,rifle,,0.4044,0.2644,Derke,Team Vitality,neon,False,,50,0,1,1,2,False,phantom,rifle,,,,Jamppi,Team Vitality,kayo,False,,25,0,1,0,3,False,vandal,rifle,,,,Sayonara,Team Vitality,sova,False,,50,0,2,1,4,False,phantom,rifle,,,,PROFEK,Team Vitality,astra,True,100,50,1,0,0,3,False,vandal,rifle,,0.5267,0.1900
2037.352,3992,ACTIVE_ROUND,13,7,7,,28.545,,s0pp,FUT Esports,chamber,True,87,24,0,3,0,4,False,vandal,rifle,,0.8722,0.3911,xeus,FUT Esports,jett,False,,50,1,0,0,5,False,phantom,rifle,,,,sociablEE,FUT Esports,fade,True,100,25,0,0,0,2,False,phantom,rifle,,0.3000,0.3844,yetujey,FUT Esports,astra,True,30,24,0,0,0,5,False,phantom,rifle,,0.3578,0.3722,KROSTALY,FUT Esports,kayo,True,100,50,0,0,0,4,False,bulldog,rifle,,0.2044,0.4133,Chronicle,Team Vitality,chamber,False,,50,0,0,1,3,False,vandal,rifle,,,,Derke,Team Vitality,neon,False,,50,0,1,1,2,False,phantom,rifle,,,,Jamppi,Team Vitality,kayo,False,,25,0,1,0,3,False,vandal,rifle,,,,Sayonara,Team Vitality,sova,False,,50,0,2,1,4,False,phantom,rifle,,,,PROFEK,Team Vitality,astra,True,100,50,0,0,0,3,False,vandal,rifle,,0.8711,0.4567
2037.836,3993,ACTIVE_ROUND,13,7,7,,29.029,,s0pp,FUT Esports,chamber,True,87,24,0,3,0,4,False,vandal,rifle,,0.3078,0.7533,xeus,FUT Esports,jett,False,,50,1,0,0,5,False,phantom,rifle,,,,sociablEE,FUT Esports,fade,True,100,25,0,0,0,2,False,phantom,rifle,,0.3222,0.3756,yetujey,FUT Esports,astra,True,30,24,0,0,0,5,False,phantom,rifle,,0.3578,0.3722,KROSTALY,FUT Esports,kayo,True,100,50,0,0,0,4,False,bulldog,rifle,,0.2267,0.4022,Chronicle,Team Vitality,chamber,False,,50,0,0,1,3,False,vandal,rifle,,,,Derke,Team Vitality,neon,False,,50,0,1,1,2,False,phantom,rifle,,,,Jamppi,Team Vitality,kayo,False,,25,0,1,0,3,False,vandal,rifle,,,,Sayonara,Team Vitality,sova,False,,50,0,2,1,4,False,phantom,rifle,,,,PROFEK,Team Vitality,astra,True,100,50,0,0,0,3,False,vandal,rifle,,0.7867,0.4278
2038.320,3994,ACTIVE_ROUND,13,7,7,,29.513,,s0pp,FUT Esports,chamber,True,87,24,0,3,0,4,False,vandal,rifle,,0.3233,0.7711,xeus,FUT Esports,jett,False,,50,1,0,0,5,False,phantom,rifle,,,,sociablEE,FUT Esports,fade,True,100,25,0,0,0,2,False,phantom,rifle,,0.3378,0.3667,yetujey,FUT Esports,astra,True,30,24,0,0,0,5,False,phantom,rifle,,0.3644,0.3389,KROSTALY,FUT Esports,kayo,True,100,50,0,0,0,4,False,bulldog,rifle,,0.2467,0.3956,Chronicle,Team Vitality,chamber,False,,50,0,0,1,3,False,vandal,rifle,,,,Derke,Team Vitality,neon,False,,50,0,1,1,2,False,phantom,rifle,,,,Jamppi,Team Vitality,kayo,False,,25,0,1,0,3,False,vandal,rifle,,,,Sayonara,Team Vitality,sova,False,,50,0,2,1,4,False,phantom,rifle,,,,PROFEK,Team Vitality,astra,True,100,50,0,0,0,3,False,vandal,rifle,,0.5644,0.1167
2038.803,3995,ACTIVE_ROUND,13,7,7,,29.997,,s0pp,FUT Esports,chamber,True,87,24,0,3,0,4,False,vandal,rifle,,0.3433,0.7822,xeus,FUT Esports,jett,False,,50,1,0,0,5,False,phantom,rifle,,,,sociablEE,FUT Esports,fade,True,100,25,0,0,0,2,False,phantom,rifle,,0.3556,0.3600,yetujey,FUT Esports,astra,True,30,24,0,0,0,5,False,phantom,rifle,,0.3667,0.3211,KROSTALY,FUT Esports,kayo,True,100,50,0,0,0,4,False,bulldog,rifle,,0.2689,0.3867,Chronicle,Team Vitality,chamber,False,,50,0,0,1,3,False,vandal,rifle,,,,Derke,Team Vitality,neon,False,,50,0,1,1,2,False,phantom,rifle,,,,Jamppi,Team Vitality,kayo,False,,25,0,1,0,3,False,vandal,rifle,,,,Sayonara,Team Vitality,sova,False,,50,0,2,1,4,False,phantom,rifle,,,,PROFEK,Team Vitality,astra,True,100,50,0,0,0,3,False,vandal,rifle,,0.5711,0.1078
2039.287,3996,ACTIVE_ROUND,13,7,7,,30.480,,s0pp,FUT Esports,chamber,True,87,24,0,3,0,4,False,vandal,rifle,,0.3433,0.7822,xeus,FUT Esports,jett,False,,50,1,0,0,5,False,phantom,rifle,,,,sociablEE,FUT Esports,fade,True,100,25,0,0,0,2,False,phantom,rifle,,0.3689,0.3511,yetujey,FUT Esports,astra,True,30,24,0,0,0,5,False,phantom,rifle,,0.3889,0.7900,KROSTALY,FUT Esports,kayo,True,100,50,0,0,0,4,False,bulldog,rifle,,0.2911,0.3800,Chronicle,Team Vitality,chamber,False,,50,0,0,1,3,False,vandal,rifle,,,,Derke,Team Vitality,neon,False,,50,0,1,1,2,False,phantom,rifle,,,,Jamppi,Team Vitality,kayo,False,,25,0,1,0,3,False,vandal,rifle,,,,Sayonara,Team Vitality,sova,False,,50,0,2,1,4,False,phantom,rifle,,,,PROFEK,Team Vitality,astra,True,100,50,1,0,0,3,False,vandal,rifle,,0.8689,0.4567
2039.771,3997,ACTIVE_ROUND,13,7,7,,30.964,,s0pp,FUT Esports,chamber,True,87,24,0,3,0,4,False,vandal,rifle,,0.3433,0.7822,xeus,FUT Esports,jett,False,,50,1,0,0,5,False,phantom,rifle,,,,sociablEE,FUT Esports,fade,True,100,25,0,0,0,2,False,phantom,rifle,,0.3711,0.3333,yetujey,FUT Esports,astra,True,30,24,0,0,0,5,False,phantom,rifle,,0.3622,0.2944,KROSTALY,FUT Esports,kayo,True,100,50,0,0,0,4,False,bulldog,rifle,,0.3133,0.3756,Chronicle,Team Vitality,chamber,False,,50,0,0,1,3,False,vandal,rifle,,,,Derke,Team Vitality,neon,False,,50,0,1,1,2,False,phantom,rifle,,,,Jamppi,Team Vitality,kayo,False,,25,0,1,0,3,False,vandal,rifle,,,,Sayonara,Team Vitality,sova,False,,50,0,2,1,4,False,phantom,rifle,,,,PROFEK,Team Vitality,astra,True,100,50,1,0,0,3,False,vandal,rifle,,0.3111,0.5256
2040.255,3998,ACTIVE_ROUND,13,7,7,,31.448,,s0pp,FUT Esports,chamber,True,87,24,0,3,0,4,False,vandal,rifle,,0.4078,0.8067,xeus,FUT Esports,jett,False,,50,1,0,0,5,False,phantom,rifle,,,,sociablEE,FUT Esports,fade,True,100,25,0,0,0,2,False,phantom,rifle,,0.3689,0.3133,yetujey,FUT Esports,astra,True,30,24,0,0,0,5,False,phantom,rifle,,0.3622,0.2944,KROSTALY,FUT Esports,kayo,True,100,50,0,0,0,4,False,bulldog,rifle,,0.3356,0.3689,Chronicle,Team Vitality,chamber,False,,50,0,0,1,3,False,vandal,rifle,,,,Derke,Team Vitality,neon,False,,50,0,1,1,2,False,phantom,rifle,,,,Jamppi,Team Vitality,kayo,False,,25,0,1,0,3,False,vandal,rifle,,,,Sayonara,Team Vitality,sova,False,,50,0,2,1,4,False,phantom,rifle,,,,PROFEK,Team Vitality,astra,True,100,50,1,0,0,3,False,vandal,rifle,,0.3067,0.5256
2040.739,3999,ACTIVE_ROUND,13,7,7,,31.932,,s0pp,FUT Esports,chamber,True,87,24,0,3,0,4,False,vandal,rifle,,0.4300,0.8111,xeus,FUT Esports,jett,False,,50,1,0,0,5,False,phantom,rifle,,,,sociablEE,FUT Esports,fade,True,100,25,0,0,0,2,False,phantom,rifle,,0.3667,0.2978,yetujey,FUT Esports,astra,True,30,24,0,0,0,5,False,phantom,rifle,,0.3622,0.2944,KROSTALY,FUT Esports,kayo,True,100,50,0,0,0,4,False,bulldog,rifle,,0.3533,0.3622,Chronicle,Team Vitality,chamber,False,,50,0,0,1,3,False,vandal,rifle,,,,Derke,Team Vitality,neon,False,,50,0,1,1,2,False,phantom,rifle,,,,Jamppi,Team Vitality,kayo,False,,25,0,1,0,3,False,vandal,rifle,,,,Sayonara,Team Vitality,sova,False,,50,0,2,1,4,False,phantom,rifle,,,,PROFEK,Team Vitality,astra,True,100,50,1,0,0,3,False,vandal,rifle,,0.3067,0.5256
2041.223,4000,ACTIVE_ROUND,13,7,7,,32.416,,s0pp,FUT Esports,chamber,True,87,24,0,3,0,4,False,vandal,rifle,,0.4522,0.8200,xeus,FUT Esports,jett,False,,50,1,0,0,5,False,phantom,rifle,,,,sociablEE,FUT Esports,fade,True,100,25,0,0,0,2,False,classic,sidearm,,0.3800,0.2933,yetujey,FUT Esports,astra,True,30,24,0,0,0,5,False,phantom,rifle,,0.3622,0.2944,KROSTALY,FUT Esports,kayo,True,100,50,0,0,0,4,False,bulldog,rifle,,0.3400,0.3378,Chronicle,Team Vitality,chamber,False,,50,0,0,1,3,False,vandal,rifle,,,,Derke,Team Vitality,neon,False,,50,0,1,1,2,False,phantom,rifle,,,,Jamppi,Team Vitality,kayo,False,,25,0,1,0,3,False,vandal,rifle,,,,Sayonara,Team Vitality,sova,False,,50,0,2,1,4,False,phantom,rifle,,,,PROFEK,Team Vitality,astra,True,100,50,1,0,0,3,False,vandal,rifle,,0.3067,0.5256
2041.706,4001,ACTIVE_ROUND,13,7,7,,32.900,,s0pp,FUT Esports,chamber,True,87,24,0,3,0,4,False,vandal,rifle,,0.4522,0.8200,xeus,FUT Esports,jett,False,,50,1,0,0,5,False,phantom,rifle,,,,sociablEE,FUT Esports,fade,True,100,25,0,0,0,2,False,classic,sidearm,,0.3978,0.2956,yetujey,FUT Esports,astra,True,30,24,0,0,0,5,False,phantom,rifle,,0.4956,0.8233,KROSTALY,FUT Esports,kayo,True,100,50,0,0,0,4,False,bulldog,rifle,,0.3733,0.3378,Chronicle,Team Vitality,chamber,False,,50,0,0,1,3,False,vandal,rifle,,,,Derke,Team Vitality,neon,False,,50,0,1,1,2,False,phantom,rifle,,,,Jamppi,Team Vitality,kayo,False,,25,0,1,0,3,False,vandal,rifle,,,,Sayonara,Team Vitality,sova,False,,50,0,2,1,4,False,phantom,rifle,,,,PROFEK,Team Vitality,astra,True,100,50,1,0,0,3,False,vandal,rifle,,0.3000,0.2922
2042.190,4002,ACTIVE_ROUND,13,7,7,,33.383,,s0pp,FUT Esports,chamber,True,87,24,0,3,0,4,False,vandal,rifle,,0.4522,0.8200,xeus,FUT Esports,jett,False,,50,1,0,0,5,False,phantom,rifle,,,,sociablEE,FUT Esports,fade,True,100,25,0,0,0,2,False,classic,sidearm,,0.4044,0.2778,yetujey,FUT Esports,astra,True,30,24,0,0,0,5,False,phantom,rifle,,0.4956,0.8233,KROSTALY,FUT Esports,kayo,True,100,50,0,0,0,4,False,bulldog,rifle,,0.3689,0.3178,Chronicle,Team Vitality,chamber,False,,50,0,0,1,3,False,vandal,rifle,,,,Derke,Team Vitality,neon,False,,50,0,1,1,2,False,phantom,rifle,,,,Jamppi,Team Vitality,kayo,False,,25,0,1,0,3,False,vandal,rifle,,,,Sayonara,Team Vitality,sova,False,,50,0,2,1,4,False,phantom,rifle,,,,PROFEK,Team Vitality,astra,True,100,50,1,0,0,3,False,vandal,rifle,,0.3000,0.2922
2042.674,4003,ACTIVE_ROUND,13,7,7,,33.867,,s0pp,FUT Esports,chamber,True,87,24,0,3,0,4,False,vandal,rifle,,0.5189,0.8333,xeus,FUT Esports,jett,False,,50,1,0,0,5,False,phantom,rifle,,,,sociablEE,FUT Esports,fade,True,100,25,0,0,0,2,False,classic,sidearm,,0.4156,0.2778,yetujey,FUT Esports,astra,True,30,24,0,0,0,5,False,phantom,rifle,,0.4956,0.8233,KROSTALY,FUT Esports,kayo,True,100,50,0,0,0,4,False,bulldog,rifle,,0.3689,0.3000,Chronicle,Team Vitality,chamber,False,,50,0,0,1,3,False,vandal,rifle,,,,Derke,Team Vitality,neon,False,,50,0,1,1,2,False,phantom,rifle,,,,Jamppi,Team Vitality,kayo,False,,25,0,1,0,3,False,vandal,rifle,,,,Sayonara,Team Vitality,sova,False,,50,0,2,1,4,False,phantom,rifle,,,,PROFEK,Team Vitality,astra,True,100,50,1,0,0,3,False,vandal,rifle,,0.3000,0.2922
2043.158,4004,ACTIVE_ROUND,13,7,7,,34.351,,s0pp,FUT Esports,chamber,True,87,24,0,3,0,4,False,vandal,rifle,,0.5411,0.8289,xeus,FUT Esports,jett,False,,50,1,0,0,5,False,phantom,rifle,,,,sociablEE,FUT Esports,fade,True,100,25,0,0,0,2,False,phantom,rifle,,0.4311,0.2889,yetujey,FUT Esports,astra,True,30,24,0,0,0,5,False,phantom,rifle,,0.4956,0.8233,KROSTALY,FUT Esports,kayo,True,100,50,0,0,0,4,False,bulldog,rifle,,0.3800,0.2844,Chronicle,Team Vitality,chamber,False,,50,0,0,1,3,False,vandal,rifle,,,,Derke,Team Vitality,neon,False,,50,0,1,1,2,False,phantom,rifle,,,,Jamppi,Team Vitality,kayo,False,,25,0,1,0,3,False,vandal,rifle,,,,Sayonara,Team Vitality,sova,False,,50,0,2,1,4,False,phantom,rifle,,,,PROFEK,Team Vitality,astra,True,100,50,1,0,0,3,False,vandal,rifle,,0.3000,0.2922
2043.642,4005,ACTIVE_ROUND,13,7,7,,34.835,,s0pp,FUT Esports,chamber,True,87,24,0,3,0,4,False,vandal,rifle,,0.5633,0.8244,xeus,FUT Esports,jett,False,,50,1,0,0,5,False,phantom,rifle,,,,sociablEE,FUT Esports,fade,True,100,25,0,0,0,2,False,phantom,rifle,,0.4467,0.2978,yetujey,FUT Esports,astra,True,30,24,0,0,0,5,False,phantom,rifle,,0.4956,0.8233,KROSTALY,FUT Esports,kayo,True,100,50,0,0,0,4,False,bulldog,rifle,,0.3911,0.2711,Chronicle,Team Vitality,chamber,False,,50,0,0,1,3,False,vandal,rifle,,,,Derke,Team Vitality,neon,False,,50,0,1,1,2,False,phantom,rifle,,,,Jamppi,Team Vitality,kayo,False,,25,0,1,0,3,False,vandal,rifle,,,,Sayonara,Team Vitality,sova,False,,50,0,2,1,4,False,phantom,rifle,,,,PROFEK,Team Vitality,astra,True,100,50,1,0,0,3,False,vandal,rifle,,0.3000,0.2922
2044.125,4006,ACTIVE_ROUND,13,7,7,,35.319,,s0pp,FUT Esports,chamber,True,87,24,0,3,0,4,False,vandal,rifle,,0.5878,0.8178,xeus,FUT Esports,jett,False,,50,1,0,0,5,False,phantom,rifle,,,,sociablEE,FUT Esports,fade,True,100,25,0,0,0,2,False,phantom,rifle,,0.4644,0.3044,yetujey,FUT Esports,astra,True,30,24,0,0,0,5,False,phantom,rifle,,0.4956,0.8233,KROSTALY,FUT Esports,kayo,True,100,50,0,0,0,4,False,bulldog,rifle,,0.4044,0.2600,Chronicle,Team Vitality,chamber,False,,50,0,0,1,3,False,vandal,rifle,,,,Derke,Team Vitality,neon,False,,50,0,1,1,2,False,phantom,rifle,,,,Jamppi,Team Vitality,kayo,False,,25,0,1,0,3,False,vandal,rifle,,,,Sayonara,Team Vitality,sova,False,,50,0,2,1,4,False,phantom,rifle,,,,PROFEK,Team Vitality,astra,True,100,50,1,0,0,3,False,vandal,rifle,,0.3000,0.2922
2044.609,4007,ACTIVE_ROUND,13,7,7,,35.802,,s0pp,FUT Esports,chamber,True,87,24,0,3,0,4,False,vandal,rifle,,0.6078,0.8067,xeus,FUT Esports,jett,False,,50,1,0,0,5,False,phantom,rifle,,,,sociablEE,FUT Esports,fade,True,100,25,0,0,0,2,False,phantom,rifle,,0.4822,0.3089,yetujey,FUT Esports,astra,True,30,24,0,0,0,5,False,phantom,rifle,,0.4956,0.8233,KROSTALY,FUT Esports,kayo,True,100,50,0,0,0,4,False,bulldog,rifle,,0.4200,0.2667,Chronicle,Team Vitality,chamber,False,,50,0,0,1,3,False,vandal,rifle,,,,Derke,Team Vitality,neon,False,,50,0,1,1,2,False,phantom,rifle,,,,Jamppi,Team Vitality,kayo,False,,25,0,1,0,3,False,vandal,rifle,,,,Sayonara,Team Vitality,sova,False,,50,0,2,1,4,False,phantom,rifle,,,,PROFEK,Team Vitality,astra,True,100,50,1,0,0,3,False,vandal,rifle,,0.3000,0.2922
2045.093,4008,ACTIVE_ROUND,13,7,7,,36.286,,s0pp,FUT Esports,chamber,True,87,24,0,3,0,4,False,vandal,rifle,,0.6300,0.8022,xeus,FUT Esports,jett,False,,50,1,0,0,5,False,phantom,rifle,,,,sociablEE,FUT Esports,fade,True,100,25,0,0,0,2,False,phantom,rifle,,0.4978,0.3022,yetujey,FUT Esports,astra,True,30,24,0,0,0,5,False,phantom,rifle,,0.4956,0.8233,KROSTALY,FUT Esports,kayo,True,100,50,0,0,0,4,False,bulldog,rifle,,0.4333,0.2800,Chronicle,Team Vitality,chamber,False,,50,0,0,1,3,False,vandal,rifle,,,,Derke,Team Vitality,neon,False,,50,0,1,1,2,False,phantom,rifle,,,,Jamppi,Team Vitality,kayo,False,,25,0,1,0,3,False,vandal,rifle,,,,Sayonara,Team Vitality,sova,False,,50,0,2,1,4,False,phantom,rifle,,,,PROFEK,Team Vitality,astra,True,100,50,1,0,0,3,False,vandal,rifle,,0.3000,0.2922
2045.577,4009,ACTIVE_ROUND,13,7,7,,36.770,,s0pp,FUT Esports,chamber,True,87,24,0,3,0,4,False,vandal,rifle,,0.6522,0.7978,xeus,FUT Esports,jett,False,,50,1,0,0,5,False,phantom,rifle,,,,sociablEE,FUT Esports,fade,True,100,25,0,0,0,2,False,phantom,rifle,,0.4978,0.3022,yetujey,FUT Esports,astra,True,30,24,0,0,0,5,False,phantom,rifle,,0.4956,0.8233,KROSTALY,FUT Esports,kayo,True,100,50,0,0,0,4,False,bulldog,rifle,,0.4422,0.2911,Chronicle,Team Vitality,chamber,False,,50,0,0,1,3,False,vandal,rifle,,,,Derke,Team Vitality,neon,False,,50,0,1,1,2,False,phantom,rifle,,,,Jamppi,Team Vitality,kayo,False,,25,0,1,0,3,False,vandal,rifle,,,,Sayonara,Team Vitality,sova,False,,50,0,2,1,4,False,phantom,rifle,,,,PROFEK,Team Vitality,astra,True,100,50,1,0,0,3,False,vandal,rifle,,0.3000,0.2922
2046.061,4010,ACTIVE_ROUND,13,7,7,,37.254,,s0pp,FUT Esports,chamber,True,87,24,0,3,0,4,False,vandal,rifle,,0.6744,0.7867,xeus,FUT Esports,jett,False,,50,1,0,0,5,False,phantom,rifle,,,,sociablEE,FUT Esports,fade,True,100,25,0,0,0,2,False,phantom,rifle,,0.5200,0.2711,yetujey,FUT Esports,astra,True,30,24,0,0,0,5,False,phantom,rifle,,0.4956,0.8233,KROSTALY,FUT Esports,kayo,True,100,50,0,0,0,4,False,bulldog,rifle,,0.4422,0.2911,Chronicle,Team Vitality,chamber,False,,50,0,0,1,3,False,vandal,rifle,,,,Derke,Team Vitality,neon,False,,50,0,1,1,2,False,phantom,rifle,,,,Jamppi,Team Vitality,kayo,False,,25,0,1,0,3,False,vandal,rifle,,,,Sayonara,Team Vitality,sova,False,,50,0,2,1,4,False,phantom,rifle,,,,PROFEK,Team Vitality,astra,True,100,50,1,0,0,3,False,vandal,rifle,,0.3000,0.2922
2046.544,4011,ACTIVE_ROUND,13,7,7,,37.738,,s0pp,FUT Esports,chamber,True,87,24,0,3,0,4,False,vandal,rifle,,0.6967,0.7800,xeus,FUT Esports,jett,False,,50,1,0,0,5,False,phantom,rifle,,,,sociablEE,FUT Esports,fade,True,100,25,0,0,0,2,False,phantom,rifle,,0.5378,0.2711,yetujey,FUT Esports,astra,True,30,24,0,0,0,5,False,phantom,rifle,,0.4956,0.8233,KROSTALY,FUT Esports,kayo,True,100,50,0,0,0,4,False,bulldog,rifle,,0.4511,0.2889,Chronicle,Team Vitality,chamber,False,,50,0,0,1,3,False,vandal,rifle,,,,Derke,Team Vitality,neon,False,,50,0,1,1,2,False,phantom,rifle,,,,Jamppi,Team Vitality,kayo,False,,25,0,1,0,3,False,vandal,rifle,,,,Sayonara,Team Vitality,sova,False,,50,0,2,1,4,False,phantom,rifle,,,,PROFEK,Team Vitality,astra,True,100,50,1,0,0,3,False,vandal,rifle,,0.3000,0.2922
2047.028,4012,ACTIVE_ROUND,13,7,7,,38.222,,s0pp,FUT Esports,chamber,True,87,24,0,3,0,4,False,vandal,rifle,,0.7167,0.7667,xeus,FUT Esports,jett,False,,50,1,0,0,5,False,phantom,rifle,,,,sociablEE,FUT Esports,fade,True,100,25,0,0,1,2,False,phantom,rifle,,0.5467,0.2689,yetujey,FUT Esports,astra,False,,24,0,0,1,5,False,unknown,unknown,,0.4956,0.8233,KROSTALY,FUT Esports,kayo,True,100,50,0,0,0,4,False,vandal,rifle,,0.4644,0.2778,Chronicle,Team Vitality,chamber,False,,50,0,0,1,3,False,vandal,rifle,,,,Derke,Team Vitality,neon,False,,50,0,1,1,2,False,phantom,rifle,,,,Jamppi,Team Vitality,kayo,False,,25,0,1,0,3,False,vandal,rifle,,,,Sayonara,Team Vitality,sova,False,,50,0,2,1,4,False,phantom,rifle,,,,PROFEK,Team Vitality,astra,True,100,50,1,0,0,3,False,vandal,rifle,,0.3000,0.2922
2047.512,4013,POST_ROUND,13,8,7,,,0.000,s0pp,FUT Esports,chamber,True,87,24,0,3,0,4,False,vandal,rifle,,0.7167,0.7667,xeus,FUT Esports,jett,False,,50,1,0,0,5,False,phantom,rifle,,,,sociablEE,FUT Esports,fade,True,100,25,0,0,1,2,False,phantom,rifle,,0.5467,0.2689,yetujey,FUT Esports,astra,False,,24,0,0,1,5,False,unknown,unknown,,0.4956,0.8233,KROSTALY,FUT Esports,kayo,True,100,50,0,0,0,4,False,vandal,rifle,,0.4644,0.2778,Chronicle,Team Vitality,chamber,False,,50,0,0,1,3,False,vandal,rifle,,,,Derke,Team Vitality,neon,False,,50,0,1,1,2,False,phantom,rifle,,,,Jamppi,Team Vitality,kayo,False,,25,0,1,0,3,False,vandal,rifle,,,,Sayonara,Team Vitality,sova,False,,50,0,2,1,4,False,phantom,rifle,,,,PROFEK,Team Vitality,astra,True,100,50,1,0,0,3,False,vandal,rifle,,0.3000,0.2922
2047.996,4014,POST_ROUND,13,8,7,,,0.484,s0pp,FUT Esports,chamber,True,87,24,0,3,0,4,False,vandal,rifle,,0.7167,0.7667,xeus,FUT Esports,jett,False,,50,1,0,0,5,False,phantom,rifle,,,,sociablEE,FUT Esports,fade,True,100,25,0,0,1,2,False,phantom,rifle,,0.5467,0.2689,yetujey,FUT Esports,astra,False,,24,0,0,1,5,False,unknown,unknown,,0.4956,0.8233,KROSTALY,FUT Esports,kayo,True,100,50,0,0,0,4,False,vandal,rifle,,0.4644,0.2778,Chronicle,Team Vitality,chamber,False,,50,0,0,1,3,False,vandal,rifle,,,,Derke,Team Vitality,neon,False,,50,0,1,1,2,False,phantom,rifle,,,,Jamppi,Team Vitality,kayo,False,,25,0,1,0,3,False,vandal,rifle,,,,Sayonara,Team Vitality,sova,False,,50,0,2,1,4,False,phantom,rifle,,,,PROFEK,Team Vitality,astra,False,,50,1,0,0,3,False,vandal,rifle,,0.3000,0.2922
2048.480,4015,POST_ROUND,13,8,7,,,0.968,s0pp,FUT Esports,chamber,True,87,24,0,3,0,4,False,vandal,rifle,,0.7167,0.7667,xeus,FUT Esports,jett,False,,50,1,0,0,5,False,phantom,rifle,,,,sociablEE,FUT Esports,fade,True,100,25,0,0,1,2,False,phantom,rifle,,0.5467,0.2689,yetujey,FUT Esports,astra,False,,24,0,0,1,5,False,unknown,unknown,,0.4956,0.8233,KROSTALY,FUT Esports,kayo,True,100,50,0,0,0,4,False,vandal,rifle,,0.4644,0.2778,Chronicle,Team Vitality,chamber,False,,50,0,0,1,3,False,vandal,rifle,,,,Derke,Team Vitality,neon,False,,50,0,1,1,2,False,phantom,rifle,,,,Jamppi,Team Vitality,kayo,False,,25,0,1,0,3,False,vandal,rifle,,,,Sayonara,Team Vitality,sova,False,,50,0,2,1,4,False,phantom,rifle,,,,PROFEK,Team Vitality,astra,False,,50,1,0,0,3,False,vandal,rifle,,0.3000,0.2922
2048.964,4016,POST_ROUND,13,8,7,,,1.451,s0pp,FUT Esports,chamber,True,87,24,0,3,0,4,False,vandal,rifle,,0.7167,0.7667,xeus,FUT Esports,jett,False,,50,1,0,0,5,False,phantom,rifle,,,,sociablEE,FUT Esports,fade,True,100,25,0,0,1,3,False,phantom,rifle,,0.5467,0.2689,yetujey,FUT Esports,astra,False,,24,0,0,1,5,False,unknown,unknown,,0.4956,0.8233,KROSTALY,FUT Esports,kayo,True,100,50,0,0,0,4,False,vandal,rifle,,0.4644,0.2778,Chronicle,Team Vitality,chamber,False,,50,0,0,1,3,False,vandal,rifle,,,,Derke,Team Vitality,neon,False,,50,0,1,1,2,False,phantom,rifle,,,,Jamppi,Team Vitality,kayo,False,,25,0,1,0,3,False,vandal,rifle,,,,Sayonara,Team Vitality,sova,False,,50,0,2,1,4,False,phantom,rifle,,,,PROFEK,Team Vitality,astra,False,,50,1,0,0,3,False,vandal,rifle,,0.3000,0.2922
2049.447,4017,POST_ROUND,13,8,7,,,1.935,s0pp,FUT Esports,chamber,True,87,24,0,3,0,4,False,vandal,rifle,,0.7167,0.7667,xeus,FUT Esports,jett,False,,50,1,0,0,5,False,phantom,rifle,,,,sociablEE,FUT Esports,fade,True,100,25,0,0,1,3,False,phantom,rifle,,0.5467,0.2689,yetujey,FUT Esports,astra,False,,24,0,0,1,5,False,unknown,unknown,,0.4956,0.8233,KROSTALY,FUT Esports,kayo,True,100,50,0,0,0,4,False,vandal,rifle,,0.4644,0.2778,Chronicle,Team Vitality,chamber,False,,50,0,0,1,3,False,vandal,rifle,,,,Derke,Team Vitality,neon,False,,50,0,1,1,2,False,phantom,rifle,,,,Jamppi,Team Vitality,kayo,False,,25,0,1,0,3,False,vandal,rifle,,,,Sayonara,Team Vitality,sova,False,,50,0,2,1,4,False,phantom,rifle,,,,PROFEK,Team Vitality,astra,False,,50,1,0,0,3,False,vandal,rifle,,0.3000,0.2922
2049.931,4018,POST_ROUND,13,8,7,,,2.419,s0pp,FUT Esports,chamber,True,87,24,0,3,0,4,False,vandal,rifle,,0.7167,0.7667,xeus,FUT Esports,jett,False,,50,1,0,0,5,False,phantom,rifle,,,,sociablEE,FUT Esports,fade,True,100,25,0,0,1,3,False,phantom,rifle,,0.5467,0.2689,yetujey,FUT Esports,astra,False,,24,0,0,1,5,False,unknown,unknown,,0.4956,0.8233,KROSTALY,FUT Esports,kayo,True,100,50,0,0,0,4,False,vandal,rifle,,0.4644,0.2778,Chronicle,Team Vitality,chamber,False,,50,0,0,1,3,False,vandal,rifle,,,,Derke,Team Vitality,neon,False,,50,0,1,1,2,False,phantom,rifle,,,,Jamppi,Team Vitality,kayo,False,,25,0,1,0,3,False,vandal,rifle,,,,Sayonara,Team Vitality,sova,False,,50,0,2,1,4,False,phantom,rifle,,,,PROFEK,Team Vitality,astra,False,,50,1,0,0,3,False,vandal,rifle,,0.3000,0.2922
2078.960,4078,PREROUND,14,8,7,,,,s0pp,FUT Esports,chamber,True,,,1,8,1,4,False,,,,,,xeus,FUT Esports,jett,True,,,2,1,1,7,False,,,,,,sociablEE,FUT Esports,fade,True,,,2,1,1,3,False,,,,,,yetujey,FUT Esports,astra,True,,,1,3,1,6,False,,,,,,KROSTALY,FUT Esports,kayo,True,,,1,2,1,4,False,,,,,,Chronicle,Team Vitality,chamber,True,,,0,4,1,4,False,,,,,,Derke,Team Vitality,neon,True,,,1,1,1,3,False,,,,,,Jamppi,Team Vitality,kayo,True,,,1,2,1,4,False,,,,,,Sayonara,Team Vitality,sova,True,,,1,2,1,5,False,,,,,,PROFEK,Team Vitality,astra,True,,,2,2,1,5,False,,,,,
2079.444,4079,PREROUND,14,8,7,,,,s0pp,FUT Esports,chamber,True,,,1,8,1,4,False,,,,,,xeus,FUT Esports,jett,True,,,2,1,1,7,False,,,,,,sociablEE,FUT Esports,fade,True,,,2,1,1,3,False,,,,,,yetujey,FUT Esports,astra,True,,,1,3,1,6,False,,,,,,KROSTALY,FUT Esports,kayo,True,,,1,2,1,4,False,,,,,,Chronicle,Team Vitality,chamber,True,,,0,4,1,4,False,,,,,,Derke,Team Vitality,neon,True,,,1,1,1,3,False,,,,,,Jamppi,Team Vitality,kayo,True,,,1,2,1,4,False,,,,,,Sayonara,Team Vitality,sova,True,,,1,2,1,5,False,,,,,,PROFEK,Team Vitality,astra,True,,,2,2,1,5,False,,,,,
2079.928,4080,PREROUND,14,8,7,,,,s0pp,FUT Esports,chamber,True,,,1,8,1,4,False,,,,,,xeus,FUT Esports,jett,True,,,2,1,1,7,False,,,,,,sociablEE,FUT Esports,fade,True,,,2,1,1,3,False,,,,,,yetujey,FUT Esports,astra,True,,,1,3,1,6,False,,,,,,KROSTALY,FUT Esports,kayo,True,,,1,2,1,4,False,,,,,,Chronicle,Team Vitality,chamber,True,,,0,4,1,4,False,,,,,,Derke,Team Vitality,neon,True,,,1,1,1,3,False,,,,,,Jamppi,Team Vitality,kayo,True,,,1,2,1,4,False,,,,,,Sayonara,Team Vitality,sova,True,,,1,2,1,5,False,,,,,,PROFEK,Team Vitality,astra,True,,,2,2,1,5,False,,,,,
2080.412,4081,PREROUND,14,8,7,,,,s0pp,FUT Esports,chamber,True,,,1,8,1,4,False,,,,,,xeus,FUT Esports,jett,True,,,2,1,1,7,False,,,,,,sociablEE,FUT Esports,fade,True,,,2,1,1,3,False,,,,,,yetujey,FUT Esports,astra,True,,,1,3,1,6,False,,,,,,KROSTALY,FUT Esports,kayo,True,,,1,2,1,4,False,,,,,,Chronicle,Team Vitality,chamber,True,,,0,4,1,4,False,,,,,,Derke,Team Vitality,neon,True,,,1,1,1,3,False,,,,,,Jamppi,Team Vitality,kayo,True,,,1,2,1,4,False,,,,,,Sayonara,Team Vitality,sova,True,,,1,2,1,5,False,,,,,,PROFEK,Team Vitality,astra,True,,,2,2,1,5,False,,,,,
2080.895,4082,PREROUND,14,8,7,,,,s0pp,FUT Esports,chamber,True,,,1,8,1,4,False,,,,,,xeus,FUT Esports,jett,True,,,2,1,1,7,False,,,,,,sociablEE,FUT Esports,fade,True,,,2,1,1,3,False,,,,,,yetujey,FUT Esports,astra,True,,,1,3,1,6,False,,,,,,KROSTALY,FUT Esports,kayo,True,,,1,2,1,4,False,,,,,,Chronicle,Team Vitality,chamber,True,,,0,4,1,4,False,,,,,,Derke,Team Vitality,neon,True,,,1,1,1,3,False,,,,,,Jamppi,Team Vitality,kayo,True,,,1,2,1,4,False,,,,,,Sayonara,Team Vitality,sova,True,,,1,2,1,5,False,,,,,,PROFEK,Team Vitality,astra,True,,,2,2,1,5,False,,,,,
2081.379,4083,PREROUND,14,8,7,,,,s0pp,FUT Esports,chamber,True,,,1,8,1,4,False,,,,,,xeus,FUT Esports,jett,True,,,2,1,1,7,False,,,,,,sociablEE,FUT Esports,fade,True,,,2,1,1,3,False,,,,,,yetujey,FUT Esports,astra,True,,,1,3,1,6,False,,,,,,KROSTALY,FUT Esports,kayo,True,,,1,2,1,4,False,,,,,,Chronicle,Team Vitality,chamber,True,,,0,4,1,4,False,,,,,,Derke,Team Vitality,neon,True,,,1,1,1,3,False,,,,,,Jamppi,Team Vitality,kayo,True,,,1,2,1,4,False,,,,,,Sayonara,Team Vitality,sova,True,,,1,2,1,5,False,,,,,,PROFEK,Team Vitality,astra,True,,,2,2,1,5,False,,,,,
2081.863,4084,PREROUND,14,8,7,,,,s0pp,FUT Esports,chamber,True,,,1,8,1,4,False,,,,,,xeus,FUT Esports,jett,True,,,2,1,1,7,False,,,,,,sociablEE,FUT Esports,fade,True,,,2,1,1,3,False,,,,,,yetujey,FUT Esports,astra,True,,,1,3,1,6,False,,,,,,KROSTALY,FUT Esports,kayo,True,,,1,2,1,4,False,,,,,,Chronicle,Team Vitality,chamber,True,,,0,4,1,4,False,,,,,,Derke,Team Vitality,neon,True,,,1,1,1,3,False,,,,,,Jamppi,Team Vitality,kayo,True,,,1,2,1,4,False,,,,,,Sayonara,Team Vitality,sova,True,,,1,2,1,5,False,,,,,,PROFEK,Team Vitality,astra,True,,,2,2,1,5,False,,,,,
2082.347,4085,PREROUND,14,8,7,,,,s0pp,FUT Esports,chamber,True,,,1,8,1,4,False,,,,,,xeus,FUT Esports,jett,True,,,2,1,1,7,False,,,,,,sociablEE,FUT Esports,fade,True,,,2,1,1,3,False,,,,,,yetujey,FUT Esports,astra,True,,,1,3,1,6,False,,,,,,KROSTALY,FUT Esports,kayo,True,,,1,2,1,4,False,,,,,,Chronicle,Team Vitality,chamber,True,,,0,4,1,4,False,,,,,,Derke,Team Vitality,neon,True,,,1,1,1,3,False,,,,,,Jamppi,Team Vitality,kayo,True,,,1,2,1,4,False,,,,,,Sayonara,Team Vitality,sova,True,,,1,2,1,5,False,,,,,,PROFEK,Team Vitality,astra,True,,,2,2,1,5,False,,,,,
2082.831,4086,PREROUND,14,8,7,,,,s0pp,FUT Esports,chamber,True,,,1,8,1,4,False,,,,,,xeus,FUT Esports,jett,True,,,2,1,1,7,False,,,,,,sociablEE,FUT Esports,fade,True,,,2,1,1,3,False,,,,,,yetujey,FUT Esports,astra,True,,,1,3,1,6,False,,,,,,KROSTALY,FUT Esports,kayo,True,,,1,2,1,4,False,,,,,,Chronicle,Team Vitality,chamber,True,,,0,4,1,4,False,,,,,,Derke,Team Vitality,neon,True,,,1,1,1,3,False,,,,,,Jamppi,Team Vitality,kayo,True,,,1,2,1,4,False,,,,,,Sayonara,Team Vitality,sova,True,,,1,2,1,5,False,,,,,,PROFEK,Team Vitality,astra,True,,,2,2,1,5,False,,,,,
2083.315,4087,PREROUND,14,8,7,,,,s0pp,FUT Esports,chamber,True,,,1,8,1,4,False,,,,,,xeus,FUT Esports,jett,True,,,2,1,1,7,False,,,,,,sociablEE,FUT Esports,fade,True,,,2,1,1,3,False,,,,,,yetujey,FUT Esports,astra,True,,,1,3,1,6,False,,,,,,KROSTALY,FUT Esports,kayo,True,,,1,2,1,4,False,,,,,,Chronicle,Team Vitality,chamber,True,,,0,4,1,4,False,,,,,,Derke,Team Vitality,neon,True,,,1,1,1,3,False,,,,,,Jamppi,Team Vitality,kayo,True,,,1,2,1,4,False,,,,,,Sayonara,Team Vitality,sova,True,,,1,2,1,5,False,,,,,,PROFEK,Team Vitality,astra,True,,,2,2,1,5,False,,,,,
2083.798,4088,PREROUND,14,8,7,,,,s0pp,FUT Esports,chamber,True,,,1,8,1,4,False,,,,,,xeus,FUT Esports,jett,True,,,2,1,1,7,False,,,,,,sociablEE,FUT Esports,fade,True,,,2,1,1,3,False,,,,,,yetujey,FUT Esports,astra,True,,,1,3,1,6,False,,,,,,KROSTALY,FUT Esports,kayo,True,,,1,2,1,4,False,,,,,,Chronicle,Team Vitality,chamber,True,,,0,4,1,4,False,,,,,,Derke,Team Vitality,neon,True,,,1,1,1,3,False,,,,,,Jamppi,Team Vitality,kayo,True,,,1,2,1,4,False,,,,,,Sayonara,Team Vitality,sova,True,,,1,2,1,5,False,,,,,,PROFEK,Team Vitality,astra,True,,,2,2,1,5,False,,,,,
2084.282,4089,PREROUND,14,8,7,,,,s0pp,FUT Esports,chamber,True,,,1,8,1,4,False,,,,,,xeus,FUT Esports,jett,True,,,2,1,1,7,False,,,,,,sociablEE,FUT Esports,fade,True,,,2,1,1,3,False,,,,,,yetujey,FUT Esports,astra,True,,,1,3,1,6,False,,,,,,KROSTALY,FUT Esports,kayo,True,,,1,2,1,4,False,,,,,,Chronicle,Team Vitality,chamber,True,,,0,4,1,4,False,,,,,,Derke,Team Vitality,neon,True,,,1,1,1,3,False,,,,,,Jamppi,Team Vitality,kayo,True,,,1,2,1,4,False,,,,,,Sayonara,Team Vitality,sova,True,,,1,2,1,5,False,,,,,,PROFEK,Team Vitality,astra,True,,,2,2,1,5,False,,,,,
2084.766,4090,ACTIVE_ROUND,14,8,7,99.000,,,s0pp,FUT Esports,chamber,True,100,50,1,8,1,4,False,,,,,,xeus,FUT Esports,jett,True,100,50,2,1,1,7,False,,,,0.1633,0.6589,sociablEE,FUT Esports,fade,True,100,50,2,1,1,3,False,,,,0.7911,0.6200,yetujey,FUT Esports,astra,True,100,50,1,3,1,6,False,,,,0.4356,0.7767,KROSTALY,FUT Esports,kayo,True,100,50,1,2,1,4,False,,,,,,Chronicle,Team Vitality,chamber,True,100,25,0,4,1,4,False,,,,,,Derke,Team Vitality,neon,True,100,,1,1,1,3,False,,,,0.7067,0.5000,Jamppi,Team Vitality,kayo,True,100,,1,2,1,4,False,,,,0.4633,0.4522,Sayonara,Team Vitality,sova,True,100,,1,2,1,5,False,,,,0.7233,0.4644,PROFEK,Team Vitality,astra,True,100,25,2,2,1,5,False,,,,0.1800,0.3478
2085.250,4091,ACTIVE_ROUND,14,8,7,98.000,,,s0pp,FUT Esports,chamber,True,100,50,1,8,1,4,False,,,,0.3389,0.7867,xeus,FUT Esports,jett,True,100,50,2,1,1,7,False,,,,0.1811,0.6589,sociablEE,FUT Esports,fade,True,100,50,2,1,1,3,False,,,,0.8000,0.6156,yetujey,FUT Esports,astra,True,100,50,1,3,1,6,False,,,,0.4356,0.7767,KROSTALY,FUT Esports,kayo,True,100,50,1,2,1,4,False,,,,,,Chronicle,Team Vitality,chamber,True,100,25,0,4,1,4,False,,,,,,Derke,Team Vitality,neon,True,100,,1,1,1,3,False,,,,0.7000,0.5089,Jamppi,Team Vitality,kayo,True,100,,1,2,1,4,False,,,,0.4656,0.4833,Sayonara,Team Vitality,sova,True,100,,1,2,1,5,False,,,,0.8433,0.4578,PROFEK,Team Vitality,astra,True,100,25,2,2,1,5,False,,,,0.1778,0.3678
2085.734,4092,ACTIVE_ROUND,14,8,7,98.000,,,s0pp,FUT Esports,chamber,True,100,50,1,8,1,4,False,outlaw,sniper,,0.3278,0.7778,xeus,FUT Esports,jett,True,100,50,2,1,1,7,False,vandal,rifle,,0.1811,0.6589,sociablEE,FUT Esports,fade,True,100,50,2,1,1,3,False,phantom,rifle,,0.8000,0.6156,yetujey,FUT Esports,astra,True,100,50,1,1,0,6,False,phantom,rifle,,0.4356,0.7767,KROSTALY,FUT Esports,kayo,True,100,50,1,2,1,4,False,vandal,rifle,,,,Chronicle,Team Vitality,chamber,True,100,25,0,4,1,4,False,classic,sidearm,,,,Derke,Team Vitality,neon,True,100,,1,1,1,3,False,sheriff,sidearm,,0.6911,0.5156,Jamppi,Team Vitality,kayo,True,100,,1,1,1,4,False,bandit,sidearm,,0.4767,0.4900,Sayonara,Team Vitality,sova,True,100,,1,2,1,5,False,bandit,sidearm,,0.8811,0.4756,PROFEK,Team Vitality,astra,True,100,25,0,1,0,5,False,sheriff,sidearm,,0.1800,0.3856
2086.217,4093,ACTIVE_ROUND,14,8,7,97.000,,,s0pp,FUT Esports,chamber,True,100,50,1,8,1,4,False,outlaw,sniper,,0.3167,0.7689,xeus,FUT Esports,jett,True,100,50,2,1,1,7,False,vandal,rifle,,0.1811,0.6589,sociablEE,FUT Esports,fade,True,100,50,2,1,1,3,False,phantom,rifle,,0.8000,0.6156,yetujey,FUT Esports,astra,True,100,50,1,1,0,6,False,phantom,rifle,,0.4356,0.7767,KROSTALY,FUT Esports,kayo,True,100,50,1,2,1,4,False,vandal,rifle,,,,Chronicle,Team Vitality,chamber,True,100,25,0,4,1,4,False,classic,sidearm,,,,Derke,Team Vitality,neon,True,100,,1,1,1,3,False,sheriff,sidearm,,0.6911,0.5156,Jamppi,Team Vitality,kayo,True,100,,1,1,1,4,False,bandit,sidearm,,0.4878,0.4989,Sayonara,Team Vitality,sova,True,100,,1,2,1,5,False,bandit,sidearm,,0.8833,0.4756,PROFEK,Team Vitality,astra,True,100,25,0,1,0,5,False,sheriff,sidearm,,0.1822,0.4033
2086.701,4094,ACTIVE_ROUND,14,8,7,97.000,,,s0pp,FUT Esports,chamber,True,100,50,1,8,1,4,False,outlaw,sniper,,0.3167,0.7689,xeus,FUT Esports,jett,True,100,50,2,1,1,7,False,vandal,rifle,,0.1811,0.6589,sociablEE,FUT Esports,fade,True,100,50,2,1,1,3,False,phantom,rifle,,0.8000,0.6156,yetujey,FUT Esports,astra,True,100,50,1,1,0,6,False,phantom,rifle,,0.4356,0.7767,KROSTALY,FUT Esports,kayo,True,100,50,1,2,1,4,False,vandal,rifle,,,,Chronicle,Team Vitality,chamber,True,100,25,0,4,1,4,False,classic,sidearm,,,,Derke,Team Vitality,neon,True,100,,1,1,1,3,False,sheriff,sidearm,,0.6911,0.5156,Jamppi,Team Vitality,kayo,True,100,,1,1,1,4,False,bandit,sidearm,,0.4989,0.5033,Sayonara,Team Vitality,sova,True,100,,1,2,1,5,False,bandit,sidearm,,0.5322,0.4933,PROFEK,Team Vitality,astra,True,100,25,0,1,0,5,False,sheriff,sidearm,,0.1800,0.4056
2087.185,4095,ACTIVE_ROUND,14,8,7,96.000,,,s0pp,FUT Esports,chamber,True,100,50,1,8,1,4,False,outlaw,sniper,,0.3167,0.7689,xeus,FUT Esports,jett,True,100,50,2,1,1,7,False,vandal,rifle,,0.1811,0.6589,sociablEE,FUT Esports,fade,True,100,50,2,1,1,3,False,phantom,rifle,,0.8000,0.6156,yetujey,FUT Esports,astra,True,100,50,1,1,0,6,False,phantom,rifle,,0.4356,0.7767,KROSTALY,FUT Esports,kayo,True,100,50,1,2,1,4,False,vandal,rifle,,,,Chronicle,Team Vitality,chamber,True,100,25,0,4,1,4,False,classic,sidearm,,,,Derke,Team Vitality,neon,True,100,,1,1,1,3,False,sheriff,sidearm,,0.6911,0.5156,Jamppi,Team Vitality,kayo,True,100,,1,1,1,4,False,bandit,sidearm,,0.5100,0.5078,Sayonara,Team Vitality,sova,True,100,,1,2,1,5,False,bandit,sidearm,,0.8367,0.4244,PROFEK,Team Vitality,astra,True,100,25,0,1,0,5,False,sheriff,sidearm,,0.1933,0.4211
2087.669,4096,ACTIVE_ROUND,14,8,7,96.000,,,s0pp,FUT Esports,chamber,True,100,50,1,8,1,4,False,outlaw,sniper,,0.3167,0.7689,xeus,FUT Esports,jett,True,100,50,2,1,1,7,False,vandal,rifle,,0.2678,0.7211,sociablEE,FUT Esports,fade,True,100,50,2,1,1,3,False,phantom,rifle,,0.8000,0.6156,yetujey,FUT Esports,astra,True,100,50,1,0,0,6,False,phantom,rifle,,0.4356,0.7767,KROSTALY,FUT Esports,kayo,True,100,50,1,2,1,4,False,vandal,rifle,,,,Chronicle,Team Vitality,chamber,True,100,25,0,4,1,4,False,classic,sidearm,,,,Derke,Team Vitality,neon,True,100,,1,1,1,3,False,sheriff,sidearm,,0.6911,0.5156,Jamppi,Team Vitality,kayo,True,100,,1,1,1,4,False,bandit,sidearm,,0.5189,0.5122,Sayonara,Team Vitality,sova,True,100,,1,2,0,5,False,bandit,sidearm,,0.8589,0.3933,PROFEK,Team Vitality,astra,True,100,25,1,1,0,5,False,sheriff,sidearm,,0.2000,0.4344
2088.153,4097,ACTIVE_ROUND,14,8,7,95.000,,,s0pp,FUT Esports,chamber,True,100,50,1,8,1,4,False,outlaw,sniper,,0.3167,0.7689,xeus,FUT Esports,jett,True,100,50,2,1,1,7,False,vandal,rifle,,0.1811,0.6589,sociablEE,FUT Esports,fade,True,100,50,2,1,1,3,False,phantom,rifle,,0.8000,0.6156,yetujey,FUT Esports,astra,True,100,50,1,0,0,6,False,phantom,rifle,,0.4356,0.7767,KROSTALY,FUT Esports,kayo,True,100,50,1,2,1,4,False,vandal,rifle,,,,Chronicle,Team Vitality,chamber,True,100,25,0,4,1,4,False,classic,sidearm,,,,Derke,Team Vitality,neon,True,100,,1,1,1,3,False,sheriff,sidearm,,0.6422,0.5311,Jamppi,Team Vitality,kayo,True,100,,1,1,1,4,False,bandit,sidearm,,0.5211,0.5122,Sayonara,Team Vitality,sova,True,100,,1,2,0,5,False,bandit,sidearm,,0.6144,0.5178,PROFEK,Team Vitality,astra,True,100,25,1,1,0,5,False,sheriff,sidearm,,0.2000,0.4344
2088.637,4098,ACTIVE_ROUND,14,8,7,95.000,,,s0pp,FUT Esports,chamber,True,100,50,1,8,1,4,False,outlaw,sniper,,0.3167,0.7689,xeus,FUT Esports,jett,True,100,50,2,1,1,7,False,vandal,rifle,,0.3611,0.7856,sociablEE,FUT Esports,fade,True,100,50,2,1,1,3,False,phantom,rifle,,0.8000,0.6156,yetujey,FUT Esports,astra,True,100,50,1,0,0,6,False,phantom,rifle,,0.4356,0.7767,KROSTALY,FUT Esports,kayo,True,100,50,1,2,1,4,False,vandal,rifle,,,,Chronicle,Team Vitality,chamber,True,100,25,0,4,1,4,False,classic,sidearm,,,,Derke,Team Vitality,neon,True,100,,1,1,1,3,False,sheriff,sidearm,,0.6422,0.5311,Jamppi,Team Vitality,kayo,True,100,,1,1,1,4,False,bandit,sidearm,,0.5256,0.5144,Sayonara,Team Vitality,sova,True,100,,1,2,0,5,False,bandit,sidearm,,0.2567,0.4311,PROFEK,Team Vitality,astra,True,100,25,1,1,0,5,False,sheriff,sidearm,,0.2200,0.4433
2089.120,4099,ACTIVE_ROUND,14,8,7,94.000,,,s0pp,FUT Esports,chamber,True,100,50,1,8,1,4,False,outlaw,sniper,,0.3167,0.7689,xeus,FUT Esports,jett,True,100,50,2,1,1,7,False,vandal,rifle,,0.3611,0.7811,sociablEE,FUT Esports,fade,True,100,50,2,1,1,3,False,phantom,rifle,,0.8000,0.6156,yetujey,FUT Esports,astra,True,100,50,1,0,0,6,False,phantom,rifle,,0.4356,0.7767,KROSTALY,FUT Esports,kayo,True,100,50,1,2,1,4,False,vandal,rifle,,,,Chronicle,Team Vitality,chamber,True,100,25,0,4,1,4,False,classic,sidearm,,,,Derke,Team Vitality,neon,True,100,,1,1,1,3,False,sheriff,sidearm,,0.6422,0.5311,Jamppi,Team Vitality,kayo,True,100,,1,1,1,4,False,bandit,sidearm,,0.5322,0.5233,Sayonara,Team Vitality,sova,True,100,,1,2,0,5,False,bandit,sidearm,,0.8389,0.3333,PROFEK,Team Vitality,astra,True,100,25,1,1,0,5,False,sheriff,sidearm,,0.2311,0.4367
2089.604,4100,ACTIVE_ROUND,14,8,7,94.000,,,s0pp,FUT Esports,chamber,True,100,50,1,8,1,4,False,outlaw,sniper,,0.3167,0.7689,xeus,FUT Esports,jett,True,100,50,2,1,1,7,False,vandal,rifle,,0.1811,0.6589,sociablEE,FUT Esports,fade,True,100,50,2,1,1,3,False,phantom,rifle,,0.8000,0.6156,yetujey,FUT Esports,astra,True,100,50,1,0,0,6,False,phantom,rifle,,0.4356,0.7767,KROSTALY,FUT Esports,kayo,True,100,50,1,2,1,4,False,vandal,rifle,,,,Chronicle,Team Vitality,chamber,True,100,25,0,4,1,4,False,classic,sidearm,,,,Derke,Team Vitality,neon,True,100,,1,1,1,3,False,sheriff,sidearm,,0.6422,0.5311,Jamppi,Team Vitality,kayo,True,100,,1,1,1,4,False,bandit,sidearm,,0.5344,0.5233,Sayonara,Team Vitality,sova,True,100,,1,2,0,5,False,classic,sidearm,,0.8300,0.3022,PROFEK,Team Vitality,astra,True,100,25,2,2,0,5,False,sheriff,sidearm,,0.2422,0.4300
2090.088,4101,ACTIVE_ROUND,14,8,7,94.000,,,s0pp,FUT Esports,chamber,True,100,50,1,8,1,4,False,outlaw,sniper,,0.3167,0.7689,xeus,FUT Esports,jett,True,100,50,2,1,1,7,False,vandal,rifle,,0.3611,0.7744,sociablEE,FUT Esports,fade,True,100,50,2,1,1,3,False,phantom,rifle,,0.7689,0.6711,yetujey,FUT Esports,astra,True,100,50,1,0,0,6,False,phantom,rifle,,0.4356,0.7767,KROSTALY,FUT Esports,kayo,True,100,50,1,2,1,4,False,vandal,rifle,,,,Chronicle,Team Vitality,chamber,True,100,25,0,4,1,4,False,classic,sidearm,,,,Derke,Team Vitality,neon,True,100,,1,1,1,3,False,sheriff,sidearm,,0.6422,0.5311,Jamppi,Team Vitality,kayo,True,100,,1,1,1,4,False,bandit,sidearm,,0.7856,0.3278,Sayonara,Team Vitality,sova,True,100,,1,2,0,5,False,classic,sidearm,,0.2811,0.4156,PROFEK,Team Vitality,astra,True,100,25,2,2,0,5,False,sheriff,sidearm,,0.2444,0.4278
2090.572,4102,ACTIVE_ROUND,14,8,7,93.000,,,s0pp,FUT Esports,chamber,True,100,50,1,8,1,4,False,outlaw,sniper,,0.3167,0.7689,xeus,FUT Esports,jett,True,100,50,2,1,1,7,False,vandal,rifle,,0.3611,0.7700,sociablEE,FUT Esports,fade,True,100,50,2,1,1,3,False,phantom,rifle,,0.7667,0.6822,yetujey,FUT Esports,astra,True,100,50,1,0,0,6,False,phantom,rifle,,0.4356,0.7767,KROSTALY,FUT Esports,kayo,True,100,50,1,2,1,4,False,vandal,rifle,,,,Chronicle,Team Vitality,chamber,True,100,25,0,4,1,4,False,classic,sidearm,,,,Derke,Team Vitality,neon,True,100,,1,1,1,3,False,sheriff,sidearm,,0.6422,0.5311,Jamppi,Team Vitality,kayo,True,100,,1,1,1,4,False,bandit,sidearm,,0.5767,0.5411,Sayonara,Team Vitality,sova,True,100,,1,2,0,5,False,classic,sidearm,,0.8211,0.3733,PROFEK,Team Vitality,astra,True,100,25,2,2,0,5,False,sheriff,sidearm,,0.2444,0.4278
2091.056,4103,ACTIVE_ROUND,14,8,7,93.000,,,s0pp,FUT Esports,chamber,True,100,50,1,8,1,4,False,outlaw,sniper,,0.3167,0.7689,xeus,FUT Esports,jett,True,100,50,2,1,1,7,False,vandal,rifle,,0.1811,0.6589,sociablEE,FUT Esports,fade,True,100,50,2,1,1,3,False,phantom,rifle,,0.7600,0.6933,yetujey,FUT Esports,astra,True,100,50,1,0,0,6,False,phantom,rifle,,0.4356,0.7767,KROSTALY,FUT Esports,kayo,True,100,50,1,2,1,4,False,vandal,rifle,,,,Chronicle,Team Vitality,chamber,True,100,25,0,4,1,4,False,classic,sidearm,,,,Derke,Team Vitality,neon,True,100,,1,1,1,3,False,sheriff,sidearm,,0.6422,0.5267,Jamppi,Team Vitality,kayo,True,100,,1,1,1,4,False,bandit,sidearm,,0.5767,0.5411,Sayonara,Team Vitality,sova,True,100,,1,2,0,5,False,classic,sidearm,,0.2811,0.4133,PROFEK,Team Vitality,astra,True,100,25,2,2,0,5,False,sheriff,sidearm,,0.2444,0.4278
2091.539,4104,ACTIVE_ROUND,14,8,7,92.000,,,s0pp,FUT Esports,chamber,True,100,50,1,8,1,4,False,outlaw,sniper,,0.3167,0.7689,xeus,FUT Esports,jett,True,100,50,2,1,1,7,False,vandal,rifle,,0.3611,0.7611,sociablEE,FUT Esports,fade,True,100,50,2,1,1,3,False,phantom,rifle,,0.7556,0.7067,yetujey,FUT Esports,astra,True,100,50,1,1,0,6,False,phantom,rifle,,0.4356,0.7767,KROSTALY,FUT Esports,kayo,True,100,50,1,2,1,4,False,vandal,rifle,,,,Chronicle,Team Vitality,chamber,True,100,25,0,4,1,4,False,classic,sidearm,,,,Derke,Team Vitality,neon,True,100,,1,1,1,3,False,sheriff,sidearm,,0.6422,0.5267,Jamppi,Team Vitality,kayo,True,100,,1,1,1,4,False,classic,sidearm,,0.5189,0.5056,Sayonara,Team Vitality,sova,True,100,,1,2,0,5,False,classic,sidearm,,0.2811,0.4133,PROFEK,Team Vitality,astra,True,100,25,2,1,0,5,False,sheriff,sidearm,,0.2444,0.4278
2092.023,4105,ACTIVE_ROUND,14,8,7,92.000,,,s0pp,FUT Esports,chamber,True,100,50,1,8,1,4,False,outlaw,sniper,,0.3167,0.7689,xeus,FUT Esports,jett,True,100,50,2,1,1,7,False,vandal,rifle,,0.1811,0.6589,sociablEE,FUT Esports,fade,True,100,50,2,1,1,3,False,phantom,rifle,,0.7533,0.7178,yetujey,FUT Esports,astra,True,100,50,1,1,0,6,False,phantom,rifle,,0.4356,0.7767,KROSTALY,FUT Esports,kayo,True,100,50,1,2,1,4,False,vandal,rifle,,,,Chronicle,Team Vitality,chamber,True,100,25,0,4,1,4,False,classic,sidearm,,,,Derke,Team Vitality,neon,True,100,,1,1,1,3,False,sheriff,sidearm,,0.6422,0.5267,Jamppi,Team Vitality,kayo,True,100,,1,1,1,4,False,classic,sidearm,,0.5033,0.4900,Sayonara,Team Vitality,sova,True,100,,1,2,0,5,False,classic,sidearm,,0.6011,0.5178,PROFEK,Team Vitality,astra,True,100,25,2,1,0,5,False,sheriff,sidearm,,0.2444,0.4278
2092.507,4106,ACTIVE_ROUND,14,8,7,91.000,,,s0pp,FUT Esports,chamber,True,100,50,1,8,1,4,False,outlaw,sniper,,0.3167,0.7689,xeus,FUT Esports,jett,True,100,50,2,1,1,7,False,vandal,rifle,,0.1811,0.6567,sociablEE,FUT Esports,fade,True,100,50,2,1,1,3,False,phantom,rifle,,0.7511,0.7311,yetujey,FUT Esports,astra,True,100,50,1,1,0,6,False,phantom,rifle,,0.3311,0.7767,KROSTALY,FUT Esports,kayo,True,100,50,1,2,1,4,False,vandal,rifle,,,,Chronicle,Team Vitality,chamber,True,100,25,0,4,1,4,False,classic,sidearm,,,,Derke,Team Vitality,neon,True,100,,1,1,1,3,False,sheriff,sidearm,,0.6422,0.5267,Jamppi,Team Vitality,kayo,True,100,,1,1,1,4,False,classic,sidearm,,0.1967,0.3833,Sayonara,Team Vitality,sova,True,100,,1,2,0,5,False,classic,sidearm,,0.7544,0.2311,PROFEK,Team Vitality,astra,True,100,25,2,1,0,5,False,sheriff,sidearm,,0.2422,0.4122
2092.991,4107,ACTIVE_ROUND,14,8,7,91.000,,,s0pp,FUT Esports,chamber,True,100,50,1,8,1,4,False,outlaw,sniper,,0.3167,0.7689,xeus,FUT Esports,jett,True,100,50,2,1,1,7,False,vandal,rifle,,0.1811,0.6567,sociablEE,FUT Esports,fade,True,100,50,2,1,1,3,False,phantom,rifle,,0.7489,0.7444,yetujey,FUT Esports,astra,True,100,50,1,1,0,6,False,phantom,rifle,,0.3222,0.7678,KROSTALY,FUT Esports,kayo,True,100,50,1,2,1,4,False,vandal,rifle,,0.2267,0.7244,Chronicle,Team Vitality,chamber,True,100,25,0,4,1,4,False,classic,sidearm,,,,Derke,Team Vitality,neon,True,100,,1,1,1,3,False,sheriff,sidearm,,0.6400,0.5311,Jamppi,Team Vitality,kayo,True,100,,1,1,1,4,False,classic,sidearm,,0.1967,0.3833,Sayonara,Team Vitality,sova,True,100,,1,2,0,5,False,classic,sidearm,,0.5144,0.4111,PROFEK,Team Vitality,astra,True,100,25,2,1,0,5,False,sheriff,sidearm,,0.2578,0.3944
2093.475,4108,ACTIVE_ROUND,14,8,7,90.000,,,s0pp,FUT Esports,chamber,True,100,50,1,8,1,4,False,outlaw,sniper,,0.3167,0.7689,xeus,FUT Esports,jett,True,100,50,2,1,1,7,False,vandal,rifle,,0.1811,0.6544,sociablEE,FUT Esports,fade,True,100,50,2,1,1,3,False,phantom,rifle,,0.7422,0.7533,yetujey,FUT Esports,astra,True,100,50,1,0,0,6,False,phantom,rifle,,0.3156,0.7589,KROSTALY,FUT Esports,kayo,True,100,50,1,2,1,4,False,vandal,rifle,,0.2267,0.7244,Chronicle,Team Vitality,chamber,True,100,25,0,4,1,4,False,classic,sidearm,,,,Derke,Team Vitality,neon,True,100,,1,1,1,3,False,sheriff,sidearm,,0.6356,0.5400,Jamppi,Team Vitality,kayo,True,100,,1,1,1,4,False,classic,sidearm,,0.7233,0.2322,Sayonara,Team Vitality,sova,True,100,,1,2,0,5,False,classic,sidearm,,0.3189,0.3778,PROFEK,Team Vitality,astra,True,100,25,1,1,0,5,False,sheriff,sidearm,,0.2800,0.3900
2093.959,4109,ACTIVE_ROUND,14,8,7,90.000,,,s0pp,FUT Esports,chamber,True,100,50,1,8,1,4,False,outlaw,sniper,,0.3167,0.7689,xeus,FUT Esports,jett,True,100,50,2,1,1,7,False,vandal,rifle,,0.1611,0.6611,sociablEE,FUT Esports,fade,True,100,50,2,1,1,3,False,phantom,rifle,,0.7356,0.7622,yetujey,FUT Esports,astra,True,100,50,1,0,0,6,False,phantom,rifle,,0.3111,0.7500,KROSTALY,FUT Esports,kayo,True,100,50,1,2,1,4,False,vandal,rifle,,0.2178,0.7356,Chronicle,Team Vitality,chamber,True,100,25,0,4,1,4,False,classic,sidearm,,,,Derke,Team Vitality,neon,True,100,,1,1,1,3,False,sheriff,sidearm,,0.6356,0.5400,Jamppi,Team Vitality,kayo,True,100,,1,1,1,4,False,classic,sidearm,,0.5078,0.4056,Sayonara,Team Vitality,sova,True,100,,1,2,0,5,False,classic,sidearm,,0.5411,0.3756,PROFEK,Team Vitality,astra,True,100,25,1,1,0,5,False,sheriff,sidearm,,0.3067,0.3878
2094.442,4110,ACTIVE_ROUND,14,8,7,89.000,,,s0pp,FUT Esports,chamber,True,100,50,1,8,1,4,False,outlaw,sniper,,0.2633,0.7800,xeus,FUT Esports,jett,True,100,50,2,1,1,7,False,vandal,rifle,,0.1811,0.6922,sociablEE,FUT Esports,fade,True,100,50,2,1,1,3,False,phantom,rifle,,0.7289,0.7711,yetujey,FUT Esports,astra,True,100,50,1,0,0,6,False,phantom,rifle,,0.3044,0.7411,KROSTALY,FUT Esports,kayo,True,100,50,1,2,1,4,False,vandal,rifle,,0.2178,0.7356,Chronicle,Team Vitality,chamber,True,100,25,0,4,1,4,False,classic,sidearm,,,,Derke,Team Vitality,neon,True,100,,1,1,1,3,False,sheriff,sidearm,,0.6356,0.5400,Jamppi,Team Vitality,kayo,True,100,,1,1,1,4,False,classic,sidearm,,0.5278,0.3900,Sayonara,Team Vitality,sova,True,100,,1,2,0,5,False,classic,sidearm,,0.5678,0.3689,PROFEK,Team Vitality,astra,True,100,25,1,1,0,5,False,sheriff,sidearm,,0.3267,0.3811
2094.926,4111,ACTIVE_ROUND,14,8,7,89.000,,,s0pp,FUT Esports,chamber,True,100,50,1,8,1,4,False,outlaw,sniper,,0.4322,0.7689,xeus,FUT Esports,jett,True,100,50,2,1,1,7,False,vandal,rifle,,0.4700,0.7478,sociablEE,FUT Esports,fade,True,100,50,2,1,1,3,False,phantom,rifle,,0.7200,0.7778,yetujey,FUT Esports,astra,True,100,50,1,0,0,6,False,phantom,rifle,,0.3044,0.7411,KROSTALY,FUT Esports,kayo,True,100,50,1,2,1,4,False,vandal,rifle,,0.2178,0.7356,Chronicle,Team Vitality,chamber,True,100,25,0,4,1,4,False,classic,sidearm,,,,Derke,Team Vitality,neon,True,100,,1,1,1,3,False,sheriff,sidearm,,0.6356,0.5400,Jamppi,Team Vitality,kayo,True,100,,1,1,1,4,False,classic,sidearm,,0.5456,0.3767,Sayonara,Team Vitality,sova,True,100,,1,2,0,5,False,classic,sidearm,,0.3856,0.3511,PROFEK,Team Vitality,astra,True,100,25,1,1,0,5,False,sheriff,sidearm,,0.3467,0.3722
2095.410,4112,ACTIVE_ROUND,14,8,7,88.000,,,s0pp,FUT Esports,chamber,True,100,50,1,8,1,4,False,outlaw,sniper,,0.1589,0.7444,xeus,FUT Esports,jett,True,100,50,2,1,1,7,False,vandal,rifle,,0.3900,0.3633,sociablEE,FUT Esports,fade,True,100,50,2,1,1,3,False,phantom,rifle,,0.7133,0.7822,yetujey,FUT Esports,astra,True,100,50,1,1,0,6,False,phantom,rifle,,0.3044,0.7411,KROSTALY,FUT Esports,kayo,True,100,50,1,2,1,4,False,vandal,rifle,,0.2178,0.7356,Chronicle,Team Vitality,chamber,True,100,25,0,4,1,4,False,classic,sidearm,,,,Derke,Team Vitality,neon,True,100,,1,1,1,3,False,sheriff,sidearm,,0.6356,0.5400,Jamppi,Team Vitality,kayo,True,100,,1,1,1,4,False,classic,sidearm,,0.7233,0.2322,Sayonara,Team Vitality,sova,True,100,,1,2,0,5,False,classic,sidearm,,0.5989,0.3333,PROFEK,Team Vitality,astra,True,100,25,1,1,0,5,False,sheriff,sidearm,,0.3644,0.3589
2095.894,4113,ACTIVE_ROUND,14,8,7,88.000,,,s0pp,FUT Esports,chamber,True,100,50,1,8,1,4,False,outlaw,sniper,,0.1522,0.7289,xeus,FUT Esports,jett,True,100,50,2,1,1,7,False,vandal,rifle,,0.6722,0.7700,sociablEE,FUT Esports,fade,True,100,50,2,1,1,3,False,phantom,rifle,,0.7044,0.7867,yetujey,FUT Esports,astra,True,100,50,1,1,0,6,False,phantom,rifle,,0.3044,0.7411,KROSTALY,FUT Esports,kayo,True,100,50,1,2,1,4,False,vandal,rifle,,0.2178,0.7356,Chronicle,Team Vitality,chamber,True,100,25,0,4,1,4,False,classic,sidearm,,,,Derke,Team Vitality,neon,True,100,,1,1,1,3,False,sheriff,sidearm,,0.6356,0.5400,Jamppi,Team Vitality,kayo,True,100,,1,1,1,4,False,classic,sidearm,,0.9500,0.5322,Sayonara,Team Vitality,sova,True,100,,1,2,0,5,False,classic,sidearm,,0.6322,0.5156,PROFEK,Team Vitality,astra,True,100,25,1,1,0,5,False,sheriff,sidearm,,0.3733,0.3367
2096.378,4114,ACTIVE_ROUND,14,8,7,87.000,,,s0pp,FUT Esports,chamber,True,100,50,1,8,1,4,False,outlaw,sniper,,0.6278,0.8022,xeus,FUT Esports,jett,True,100,50,2,1,1,7,False,vandal,rifle,,0.6833,0.7478,sociablEE,FUT Esports,fade,True,100,50,2,1,1,3,False,phantom,rifle,,0.6956,0.7911,yetujey,FUT Esports,astra,True,100,50,1,1,0,6,False,phantom,rifle,,0.3044,0.7411,KROSTALY,FUT Esports,kayo,True,100,50,1,2,1,4,False,vandal,rifle,,0.2178,0.7356,Chronicle,Team Vitality,chamber,True,100,25,0,4,1,4,False,classic,sidearm,,,,Derke,Team Vitality,neon,True,100,,1,1,1,3,False,sheriff,sidearm,,0.6356,0.5400,Jamppi,Team Vitality,kayo,True,100,,1,1,1,4,False,classic,sidearm,,0.9500,0.5322,Sayonara,Team Vitality,sova,True,100,,1,2,0,5,False,classic,sidearm,,0.6322,0.5156,PROFEK,Team Vitality,astra,True,100,25,1,1,0,5,False,sheriff,sidearm,,0.3822,0.3144
2096.861,4115,ACTIVE_ROUND,14,8,7,87.000,,,s0pp,FUT Esports,chamber,True,100,50,1,8,1,4,False,outlaw,sniper,,0.6278,0.8022,xeus,FUT Esports,jett,True,100,50,2,1,1,7,False,vandal,rifle,,0.7900,0.6944,sociablEE,FUT Esports,fade,True,100,50,2,1,1,3,False,phantom,rifle,,0.6844,0.7933,yetujey,FUT Esports,astra,True,100,50,1,1,0,6,False,phantom,rifle,,0.2533,0.7144,KROSTALY,FUT Esports,kayo,True,100,50,1,2,1,4,False,vandal,rifle,,0.2178,0.7356,Chronicle,Team Vitality,chamber,True,100,25,0,4,1,4,False,classic,sidearm,,,,Derke,Team Vitality,neon,True,100,,1,1,1,3,False,sheriff,sidearm,,0.6356,0.5400,Jamppi,Team Vitality,kayo,True,100,,1,1,1,4,False,classic,sidearm,,0.9500,0.5322,Sayonara,Team Vitality,sova,True,100,,1,2,0,5,False,classic,sidearm,,0.4322,0.2844,PROFEK,Team Vitality,astra,True,100,25,1,1,0,5,False,sheriff,sidearm,,0.3956,0.2944
2097.345,4116,ACTIVE_ROUND,14,8,7,86.000,,,s0pp,FUT Esports,chamber,True,100,50,1,8,1,4,False,outlaw,sniper,,0.6278,0.8022,xeus,FUT Esports,jett,True,100,50,2,1,1,7,False,vandal,rifle,,0.7167,0.7744,sociablEE,FUT Esports,fade,True,100,50,2,1,1,3,False,phantom,rifle,,0.6733,0.7933,yetujey,FUT Esports,astra,True,100,50,1,1,0,6,False,phantom,rifle,,0.2533,0.7144,KROSTALY,FUT Esports,kayo,True,100,50,1,2,1,4,False,vandal,rifle,,0.2178,0.7356,Chronicle,Team Vitality,chamber,True,100,25,0,4,1,4,False,classic,sidearm,,,,Derke,Team Vitality,neon,True,100,,1,1,1,3,False,sheriff,sidearm,,0.6356,0.5400,Jamppi,Team Vitality,kayo,True,100,,1,1,1,4,False,classic,sidearm,,0.7256,0.2233,Sayonara,Team Vitality,sova,True,100,,1,2,0,5,False,classic,sidearm,,0.4522,0.2733,PROFEK,Team Vitality,astra,True,100,25,1,1,0,5,False,sheriff,sidearm,,0.4133,0.2811
2097.829,4117,ACTIVE_ROUND,14,8,7,86.000,,,s0pp,FUT Esports,chamber,True,100,50,1,8,1,4,False,outlaw,sniper,,0.6278,0.8022,xeus,FUT Esports,jett,True,100,50,2,1,1,7,False,vandal,rifle,,0.6500,0.7633,sociablEE,FUT Esports,fade,True,100,50,2,1,1,3,False,phantom,rifle,,0.6622,0.7978,yetujey,FUT Esports,astra,True,100,50,1,1,0,6,False,phantom,rifle,,0.2533,0.7144,KROSTALY,FUT Esports,kayo,True,100,50,1,2,1,4,False,vandal,rifle,,0.1778,0.7400,Chronicle,Team Vitality,chamber,True,100,25,0,4,1,4,False,classic,sidearm,,,,Derke,Team Vitality,neon,True,100,,1,1,1,3,False,sheriff,sidearm,,0.6356,0.5400,Jamppi,Team Vitality,kayo,True,100,,1,1,1,4,False,classic,sidearm,,0.7256,0.2233,Sayonara,Team Vitality,sova,True,100,,1,2,0,5,False,classic,sidearm,,0.4722,0.2622,PROFEK,Team Vitality,astra,True,100,25,1,1,0,5,False,sheriff,sidearm,,0.4333,0.2700
2098.313,4118,ACTIVE_ROUND,14,8,7,85.000,,,s0pp,FUT Esports,chamber,True,100,50,1,8,1,4,False,outlaw,sniper,,0.6278,0.8022,xeus,FUT Esports,jett,True,100,50,2,1,1,7,False,vandal,rifle,,0.4744,0.2767,sociablEE,FUT Esports,fade,True,100,50,2,1,1,3,False,phantom,rifle,,0.6511,0.8022,yetujey,FUT Esports,astra,True,100,50,1,1,0,6,False,phantom,rifle,,0.2533,0.7144,KROSTALY,FUT Esports,kayo,True,100,50,1,2,1,4,False,vandal,rifle,,0.1756,0.7333,Chronicle,Team Vitality,chamber,True,100,25,0,4,1,4,False,classic,sidearm,,,,Derke,Team Vitality,neon,True,100,,1,1,1,3,False,sheriff,sidearm,,0.6356,0.6111,Jamppi,Team Vitality,kayo,True,100,,1,1,1,4,False,classic,sidearm,,0.7256,0.2233,Sayonara,Team Vitality,sova,True,100,,1,2,0,5,False,classic,sidearm,,0.4878,0.2467,PROFEK,Team Vitality,astra,True,100,25,1,1,0,5,False,sheriff,sidearm,,0.4533,0.2589
2098.797,4119,ACTIVE_ROUND,14,8,7,85.000,,,s0pp,FUT Esports,chamber,True,100,50,1,8,1,4,False,outlaw,sniper,,0.7100,0.2444,xeus,FUT Esports,jett,True,100,50,2,1,1,7,False,vandal,rifle,,0.1300,0.6522,sociablEE,FUT Esports,fade,True,100,50,2,1,1,3,False,phantom,rifle,,0.6444,0.8111,yetujey,FUT Esports,astra,True,100,50,1,1,0,6,False,phantom,rifle,,0.2533,0.7144,KROSTALY,FUT Esports,kayo,True,100,50,1,2,1,4,False,vandal,rifle,,0.1756,0.7333,Chronicle,Team Vitality,chamber,True,100,25,0,4,1,4,False,classic,sidearm,,,,Derke,Team Vitality,neon,True,100,,1,1,1,3,False,sheriff,sidearm,,0.6378,0.6222,Jamppi,Team Vitality,kayo,True,100,,1,1,1,4,False,classic,sidearm,,0.7256,0.2233,Sayonara,Team Vitality,sova,True,100,,1,2,0,5,False,classic,sidearm,,0.5144,0.2467,PROFEK,Team Vitality,astra,True,100,25,1,1,0,5,False,sheriff,sidearm,,0.4756,0.2500
2099.281,4120,ACTIVE_ROUND,14,8,7,84.000,,,s0pp,FUT Esports,chamber,True,100,50,1,8,1,4,False,outlaw,sniper,,0.7100,0.2444,xeus,FUT Esports,jett,True,100,50,2,1,1,7,False,vandal,rifle,,0.1322,0.6411,sociablEE,FUT Esports,fade,True,100,50,2,1,1,3,False,phantom,rifle,,0.6444,0.8111,yetujey,FUT Esports,astra,True,100,50,1,1,0,6,False,phantom,rifle,,0.2533,0.7144,KROSTALY,FUT Esports,kayo,True,100,50,1,2,1,4,False,vandal,rifle,,0.1756,0.7333,Chronicle,Team Vitality,chamber,True,100,25,0,4,1,4,False,classic,sidearm,,,,Derke,Team Vitality,neon,True,100,,1,1,1,3,False,sheriff,sidearm,,0.6378,0.6222,Jamppi,Team Vitality,kayo,True,100,,1,1,1,4,False,bandit,sidearm,,0.5700,0.7322,Sayonara,Team Vitality,sova,True,100,,1,2,0,5,False,bandit,sidearm,,0.1656,0.5578,PROFEK,Team Vitality,astra,True,100,25,1,1,0,5,False,sheriff,sidearm,,0.4756,0.2500
2099.764,4121,ACTIVE_ROUND,14,8,7,84.000,,,s0pp,FUT Esports,chamber,True,100,50,1,8,1,4,False,outlaw,sniper,,0.7100,0.2444,xeus,FUT Esports,jett,True,100,50,2,1,1,7,False,vandal,rifle,,0.1256,0.6411,sociablEE,FUT Esports,fade,True,100,50,2,1,1,3,False,phantom,rifle,,0.6444,0.8111,yetujey,FUT Esports,astra,True,100,50,1,1,0,6,False,phantom,rifle,,0.2533,0.7144,KROSTALY,FUT Esports,kayo,True,100,50,1,2,1,4,False,vandal,rifle,,0.1689,0.7044,Chronicle,Team Vitality,chamber,True,100,25,0,4,1,4,False,classic,sidearm,,,,Derke,Team Vitality,neon,True,100,,1,1,1,3,False,sheriff,sidearm,,0.6378,0.6222,Jamppi,Team Vitality,kayo,True,100,,1,1,1,4,False,bandit,sidearm,,0.5700,0.7322,Sayonara,Team Vitality,sova,True,100,,1,2,0,5,False,bandit,sidearm,,0.1656,0.5578,PROFEK,Team Vitality,astra,True,100,25,1,1,0,5,False,sheriff,sidearm,,0.4756,0.2500
2100.248,4122,ACTIVE_ROUND,14,8,7,83.000,,,s0pp,FUT Esports,chamber,True,100,50,1,8,1,4,False,outlaw,sniper,,0.7100,0.2444,xeus,FUT Esports,jett,True,100,50,2,1,1,7,False,vandal,rifle,,0.1233,0.6367,sociablEE,FUT Esports,fade,True,100,50,2,1,1,3,False,phantom,rifle,,0.6444,0.8111,yetujey,FUT Esports,astra,True,100,50,1,1,0,6,False,phantom,rifle,,0.2533,0.7144,KROSTALY,FUT Esports,kayo,True,100,50,1,2,1,4,False,vandal,rifle,,0.1600,0.6956,Chronicle,Team Vitality,chamber,True,100,25,0,4,1,4,False,classic,sidearm,,,,Derke,Team Vitality,neon,True,100,,1,1,1,3,False,sheriff,sidearm,,0.6378,0.6222,Jamppi,Team Vitality,kayo,True,100,,1,1,1,4,False,bandit,sidearm,,0.6411,0.1922,Sayonara,Team Vitality,sova,True,100,,1,2,0,5,False,bandit,sidearm,,0.6744,0.1578,PROFEK,Team Vitality,astra,True,100,25,1,1,0,5,False,sheriff,sidearm,,0.4756,0.2500
2100.732,4123,ACTIVE_ROUND,14,8,7,83.000,,,s0pp,FUT Esports,chamber,True,100,50,1,8,1,4,False,outlaw,sniper,,0.1456,0.7222,xeus,FUT Esports,jett,True,100,50,2,1,1,7,False,vandal,rifle,,0.1211,0.6322,sociablEE,FUT Esports,fade,True,100,50,2,1,1,3,False,phantom,rifle,,0.6444,0.8111,yetujey,FUT Esports,astra,True,100,50,1,1,0,6,False,phantom,rifle,,0.2533,0.7144,KROSTALY,FUT Esports,kayo,True,100,50,1,2,1,4,False,vandal,rifle,,0.1556,0.6822,Chronicle,Team Vitality,chamber,True,100,25,0,4,1,4,False,classic,sidearm,,,,Derke,Team Vitality,neon,True,100,,1,1,1,3,False,sheriff,sidearm,,0.6378,0.6222,Jamppi,Team Vitality,kayo,True,100,,1,1,1,4,False,bandit,sidearm,,0.6589,0.1767,Sayonara,Team Vitality,sova,True,100,,1,2,0,5,False,bandit,sidearm,,0.6989,0.1533,PROFEK,Team Vitality,astra,True,100,25,1,1,0,5,False,sheriff,sidearm,,0.4756,0.2500
2101.216,4124,ACTIVE_ROUND,14,8,7,82.000,,,s0pp,FUT Esports,chamber,True,100,50,1,8,1,4,False,outlaw,sniper,,0.1478,0.7222,xeus,FUT Esports,jett,True,100,50,2,1,1,7,False,vandal,rifle,,0.1144,0.6300,sociablEE,FUT Esports,fade,True,100,50,2,1,1,3,False,phantom,rifle,,0.6444,0.8111,yetujey,FUT Esports,astra,True,100,50,1,1,0,6,False,phantom,rifle,,0.2533,0.7144,KROSTALY,FUT Esports,kayo,True,100,50,1,2,1,4,False,vandal,rifle,,0.1511,0.6733,Chronicle,Team Vitality,chamber,True,100,25,0,4,1,4,False,classic,sidearm,,,,Derke,Team Vitality,neon,True,100,,1,1,1,3,False,sheriff,sidearm,,0.6378,0.6222,Jamppi,Team Vitality,kayo,True,100,,1,1,1,4,False,bandit,sidearm,,0.6811,0.1678,Sayonara,Team Vitality,sova,True,100,,1,2,0,5,False,classic,sidearm,,0.6011,0.5178,PROFEK,Team Vitality,astra,True,100,25,0,1,0,5,False,sheriff,sidearm,,0.4756,0.2500
2101.700,4125,ACTIVE_ROUND,14,8,7,82.000,,,s0pp,FUT Esports,chamber,True,100,50,1,8,1,4,False,outlaw,sniper,,0.1478,0.7222,xeus,FUT Esports,jett,True,100,50,2,1,1,7,False,vandal,rifle,,0.1211,0.6300,sociablEE,FUT Esports,fade,True,100,50,2,1,1,3,False,phantom,rifle,,0.6444,0.8111,yetujey,FUT Esports,astra,True,100,50,1,1,0,6,False,phantom,rifle,,0.2533,0.7144,KROSTALY,FUT Esports,kayo,True,100,50,1,2,1,4,False,vandal,rifle,,0.1489,0.6622,Chronicle,Team Vitality,chamber,True,100,25,0,4,1,4,False,classic,sidearm,,,,Derke,Team Vitality,neon,True,100,,1,1,1,3,False,sheriff,sidearm,,0.6378,0.6222,Jamppi,Team Vitality,kayo,True,100,,1,1,1,4,False,bandit,sidearm,,0.7033,0.1656,Sayonara,Team Vitality,sova,True,100,,1,2,0,5,False,classic,sidearm,,0.6011,0.5178,PROFEK,Team Vitality,astra,True,100,25,0,1,0,5,False,sheriff,sidearm,,0.5956,0.1922
2102.183,4126,ACTIVE_ROUND,14,8,7,81.000,,,s0pp,FUT Esports,chamber,True,100,50,1,8,1,4,False,outlaw,sniper,,0.1478,0.7222,xeus,FUT Esports,jett,True,100,50,2,1,1,7,False,vandal,rifle,,0.1322,0.6278,sociablEE,FUT Esports,fade,True,100,50,2,1,1,3,False,phantom,rifle,,0.6444,0.8111,yetujey,FUT Esports,astra,True,100,50,1,1,0,6,False,phantom,rifle,,0.2533,0.7144,KROSTALY,FUT Esports,kayo,True,100,50,1,2,1,4,False,vandal,rifle,,0.1489,0.6511,Chronicle,Team Vitality,chamber,True,100,25,0,4,1,4,False,classic,sidearm,,,,Derke,Team Vitality,neon,True,100,,1,1,1,3,False,sheriff,sidearm,,0.6378,0.6222,Jamppi,Team Vitality,kayo,True,100,,1,1,1,4,False,bandit,sidearm,,0.7256,0.1633,Sayonara,Team Vitality,sova,True,100,,1,2,0,5,False,classic,sidearm,,0.6544,0.1756,PROFEK,Team Vitality,astra,True,100,25,0,1,0,5,False,sheriff,sidearm,,0.6178,0.1833
2102.667,4127,ACTIVE_ROUND,14,8,7,81.000,,,s0pp,FUT Esports,chamber,True,100,50,1,8,1,4,False,outlaw,sniper,,0.1478,0.7222,xeus,FUT Esports,jett,True,100,50,2,1,1,7,False,vandal,rifle,,0.1211,0.3611,sociablEE,FUT Esports,fade,True,100,50,2,1,1,3,False,phantom,rifle,,0.6444,0.8111,yetujey,FUT Esports,astra,True,100,50,1,1,0,6,False,phantom,rifle,,0.2533,0.7144,KROSTALY,FUT Esports,kayo,True,100,50,1,2,1,4,False,vandal,rifle,,0.1489,0.6511,Chronicle,Team Vitality,chamber,True,100,25,0,4,1,4,False,classic,sidearm,,,,Derke,Team Vitality,neon,True,100,,1,1,1,3,False,sheriff,sidearm,,0.6378,0.6222,Jamppi,Team Vitality,kayo,True,100,,1,1,1,4,False,bandit,sidearm,,0.7500,0.1633,Sayonara,Team Vitality,sova,True,100,,1,2,0,5,False,classic,sidearm,,0.6322,0.5156,PROFEK,Team Vitality,astra,True,100,25,0,1,0,5,False,sheriff,sidearm,,0.6400,0.1722
2103.151,4128,ACTIVE_ROUND,14,8,7,80.000,,,s0pp,FUT Esports,chamber,True,100,50,1,8,1,4,False,outlaw,sniper,,0.1478,0.7222,xeus,FUT Esports,jett,True,100,50,2,1,1,7,False,vandal,rifle,,0.4967,0.9256,sociablEE,FUT Esports,fade,True,100,50,2,1,1,3,False,phantom,rifle,,0.6444,0.8111,yetujey,FUT Esports,astra,True,100,50,1,1,0,6,False,phantom,rifle,,0.2533,0.7144,KROSTALY,FUT Esports,kayo,True,100,50,1,2,1,4,False,vandal,rifle,,0.1489,0.6511,Chronicle,Team Vitality,chamber,True,100,25,0,4,1,4,False,classic,sidearm,,,,Derke,Team Vitality,neon,True,100,,1,1,1,3,False,sheriff,sidearm,,0.6378,0.6222,Jamppi,Team Vitality,kayo,True,100,,1,1,1,4,False,bandit,sidearm,,0.5989,0.5967,Sayonara,Team Vitality,sova,True,100,,1,2,0,5,False,bandit,sidearm,,0.6989,0.1578,PROFEK,Team Vitality,astra,True,100,25,0,1,0,5,False,sheriff,sidearm,,0.6600,0.1633
2103.635,4129,ACTIVE_ROUND,14,8,7,80.000,,,s0pp,FUT Esports,chamber,True,100,50,1,8,1,4,False,outlaw,sniper,,0.1478,0.7222,xeus,FUT Esports,jett,True,100,50,2,1,1,7,False,vandal,rifle,,0.6633,0.1589,sociablEE,FUT Esports,fade,True,100,50,2,1,1,3,False,phantom,rifle,,0.6444,0.8111,yetujey,FUT Esports,astra,True,100,50,1,1,0,6,False,phantom,rifle,,0.2533,0.7144,KROSTALY,FUT Esports,kayo,True,100,50,1,2,1,4,False,vandal,rifle,,0.1533,0.6244,Chronicle,Team Vitality,chamber,True,100,25,0,4,1,4,False,classic,sidearm,,,,Derke,Team Vitality,neon,True,100,,1,1,1,3,False,sheriff,sidearm,,0.6378,0.6222,Jamppi,Team Vitality,kayo,True,100,,1,1,1,4,False,bandit,sidearm,,0.7967,0.1722,Sayonara,Team Vitality,sova,True,100,,1,2,0,5,False,bandit,sidearm,,0.7211,0.1533,PROFEK,Team Vitality,astra,True,100,25,0,1,0,5,False,sheriff,sidearm,,0.6867,0.1633
2104.119,4130,ACTIVE_ROUND,14,8,7,79.000,,,s0pp,FUT Esports,chamber,True,100,50,1,8,1,4,False,outlaw,sniper,,0.1478,0.7222,xeus,FUT Esports,jett,True,100,50,2,1,1,7,False,vandal,rifle,,0.1811,0.5478,sociablEE,FUT Esports,fade,True,100,50,2,1,1,3,False,phantom,rifle,,0.6444,0.8111,yetujey,FUT Esports,astra,True,100,50,1,1,0,6,False,phantom,rifle,,0.2533,0.7144,KROSTALY,FUT Esports,kayo,True,100,50,1,2,1,4,False,vandal,rifle,,0.1533,0.6244,Chronicle,Team Vitality,chamber,True,100,25,0,4,1,4,False,classic,sidearm,,,,Derke,Team Vitality,neon,True,100,,1,1,1,3,False,sheriff,sidearm,,0.6378,0.6222,Jamppi,Team Vitality,kayo,True,100,,1,1,1,4,False,bandit,sidearm,,0.8167,0.1811,Sayonara,Team Vitality,sova,True,100,,1,2,0,5,False,bandit,sidearm,,0.6011,0.5178,PROFEK,Team Vitality,astra,True,100,25,0,1,0,5,False,sheriff,sidearm,,0.6867,0.1633
2104.602,4131,ACTIVE_ROUND,14,8,7,79.000,,,s0pp,FUT Esports,chamber,True,100,50,1,8,1,4,False,outlaw,sniper,,0.1478,0.7222,xeus,FUT Esports,jett,True,100,50,2,1,1,7,False,vandal,rifle,,0.1811,0.5389,sociablEE,FUT Esports,fade,True,100,50,2,1,1,3,False,phantom,rifle,,0.6444,0.8111,yetujey,FUT Esports,astra,True,100,50,1,1,0,6,False,phantom,rifle,,0.2533,0.7144,KROSTALY,FUT Esports,kayo,True,100,50,1,2,1,4,False,vandal,rifle,,0.1533,0.6133,Chronicle,Team Vitality,chamber,True,100,25,0,4,1,4,False,classic,sidearm,,,,Derke,Team Vitality,neon,True,100,,1,1,1,3,False,sheriff,sidearm,,0.6378,0.6222,Jamppi,Team Vitality,kayo,True,100,,1,1,1,4,False,bandit,sidearm,,0.8367,0.1944,Sayonara,Team Vitality,sova,True,100,,1,2,0,5,False,bandit,sidearm,,0.7678,0.1556,PROFEK,Team Vitality,astra,True,100,25,0,1,0,5,False,sheriff,sidearm,,0.6867,0.1633
2105.086,4132,ACTIVE_ROUND,14,8,7,79.000,,,s0pp,FUT Esports,chamber,True,100,50,1,8,1,4,False,outlaw,sniper,,0.1478,0.7222,xeus,FUT Esports,jett,True,100,50,2,1,1,7,False,vandal,rifle,,0.1811,0.5389,sociablEE,FUT Esports,fade,True,100,50,2,1,1,3,False,phantom,rifle,,0.6444,0.8111,yetujey,FUT Esports,astra,True,100,50,1,1,0,6,False,phantom,rifle,,0.2533,0.7144,KROSTALY,FUT Esports,kayo,True,100,50,1,2,1,4,False,vandal,rifle,,0.1444,0.6133,Chronicle,Team Vitality,chamber,True,100,25,0,4,1,4,False,classic,sidearm,,,,Derke,Team Vitality,neon,True,100,,1,1,1,3,False,sheriff,sidearm,,0.6378,0.6222,Jamppi,Team Vitality,kayo,True,100,,1,1,1,4,False,classic,sidearm,,0.8522,0.2056,Sayonara,Team Vitality,sova,True,100,,1,2,0,5,False,classic,sidearm,,0.6322,0.5156,PROFEK,Team Vitality,astra,True,100,25,1,1,0,5,False,sheriff,sidearm,,0.6867,0.1633
2105.570,4133,ACTIVE_ROUND,14,8,7,78.000,,,s0pp,FUT Esports,chamber,True,100,50,1,8,1,4,False,outlaw,sniper,,0.1478,0.7222,xeus,FUT Esports,jett,True,100,50,2,1,1,7,False,vandal,rifle,,0.6389,0.8700,sociablEE,FUT Esports,fade,True,100,50,2,1,1,3,False,phantom,rifle,,0.6444,0.8111,yetujey,FUT Esports,astra,True,100,50,1,1,0,6,False,phantom,rifle,,0.2533,0.7144,KROSTALY,FUT Esports,kayo,True,100,50,1,2,1,4,False,vandal,rifle,,0.1378,0.6022,Chronicle,Team Vitality,chamber,True,100,25,0,4,1,4,False,classic,sidearm,,,,Derke,Team Vitality,neon,True,100,,1,1,1,3,False,sheriff,sidearm,,0.6178,0.5778,Jamppi,Team Vitality,kayo,True,100,,1,1,1,4,False,classic,sidearm,,0.8611,0.2144,Sayonara,Team Vitality,sova,True,100,,1,2,0,5,False,classic,sidearm,,0.6322,0.5156,PROFEK,Team Vitality,astra,True,100,25,1,1,0,5,False,sheriff,sidearm,,0.7756,0.1589
2106.054,4134,ACTIVE_ROUND,14,8,7,78.000,,,s0pp,FUT Esports,chamber,True,100,50,1,8,1,4,False,outlaw,sniper,,0.5656,0.5822,xeus,FUT Esports,jett,True,100,50,2,1,1,7,False,vandal,rifle,,0.1344,0.5767,sociablEE,FUT Esports,fade,True,100,50,2,1,1,3,False,phantom,rifle,,0.6444,0.8111,yetujey,FUT Esports,astra,True,100,50,1,1,0,6,False,phantom,rifle,,0.2533,0.7144,KROSTALY,FUT Esports,kayo,True,100,50,1,2,1,4,False,vandal,rifle,,0.1378,0.6022,Chronicle,Team Vitality,chamber,True,100,25,0,4,1,4,False,classic,sidearm,,,,Derke,Team Vitality,neon,True,100,,1,1,1,3,False,sheriff,sidearm,,0.6178,0.5778,Jamppi,Team Vitality,kayo,True,100,,1,1,1,4,False,classic,sidearm,,0.8700,0.2233,Sayonara,Team Vitality,sova,True,100,,1,2,0,5,False,classic,sidearm,,0.6322,0.5156,PROFEK,Team Vitality,astra,True,100,25,1,1,0,5,False,sheriff,sidearm,,0.7911,0.1611
2106.538,4135,ACTIVE_ROUND,14,8,7,77.000,,,s0pp,FUT Esports,chamber,True,100,50,1,8,1,4,False,outlaw,sniper,,0.5656,0.5822,xeus,FUT Esports,jett,True,100,50,2,1,1,7,False,vandal,rifle,,0.1367,0.5678,sociablEE,FUT Esports,fade,True,100,50,2,1,1,3,False,phantom,rifle,,0.6333,0.8200,yetujey,FUT Esports,astra,True,100,50,1,1,0,6,False,phantom,rifle,,0.2533,0.7144,KROSTALY,FUT Esports,kayo,True,100,50,1,2,1,4,False,vandal,rifle,,0.1378,0.6022,Chronicle,Team Vitality,chamber,True,100,25,0,4,1,4,False,classic,sidearm,,,,Derke,Team Vitality,neon,True,100,,1,1,1,3,False,sheriff,sidearm,,0.6178,0.5778,Jamppi,Team Vitality,kayo,True,100,,1,1,1,4,False,classic,sidearm,,0.8700,0.2367,Sayonara,Team Vitality,sova,True,100,,1,2,0,5,False,classic,sidearm,,0.6633,0.5356,PROFEK,Team Vitality,astra,True,100,25,1,1,0,5,False,sheriff,sidearm,,0.7911,0.1611
2107.022,4136,ACTIVE_ROUND,14,8,7,77.000,,,s0pp,FUT Esports,chamber,True,100,50,1,8,1,4,False,outlaw,sniper,,0.0678,0.5822,xeus,FUT Esports,jett,True,100,50,2,1,1,7,False,vandal,rifle,,0.1433,0.5589,sociablEE,FUT Esports,fade,True,100,50,2,1,1,3,False,phantom,rifle,,0.6400,0.8156,yetujey,FUT Esports,astra,True,100,50,1,0,0,6,False,phantom,rifle,,0.2533,0.7144,KROSTALY,FUT Esports,kayo,True,100,50,1,2,1,4,False,vandal,rifle,,0.1378,0.6022,Chronicle,Team Vitality,chamber,True,100,25,0,4,1,4,False,classic,sidearm,,,,Derke,Team Vitality,neon,True,100,,1,1,1,3,False,sheriff,sidearm,,0.6244,0.5467,Jamppi,Team Vitality,kayo,True,100,,1,1,1,4,False,classic,sidearm,,0.8678,0.2456,Sayonara,Team Vitality,sova,True,100,,1,2,0,5,False,classic,sidearm,,0.6656,0.5244,PROFEK,Team Vitality,astra,True,100,25,1,1,0,5,False,sheriff,sidearm,,0.7911,0.1611
2107.505,4137,ACTIVE_ROUND,14,8,7,76.000,,,s0pp,FUT Esports,chamber,True,100,50,1,8,1,4,False,outlaw,sniper,,0.0678,0.5822,xeus,FUT Esports,jett,True,100,50,2,1,1,7,False,vandal,rifle,,0.1522,0.5544,sociablEE,FUT Esports,fade,True,100,50,2,1,1,3,False,phantom,rifle,,0.6467,0.8067,yetujey,FUT Esports,astra,True,100,50,1,0,0,6,False,phantom,rifle,,0.2533,0.7144,KROSTALY,FUT Esports,kayo,True,100,50,1,2,1,4,False,vandal,rifle,,0.1378,0.6022,Chronicle,Team Vitality,chamber,True,100,25,0,4,1,4,False,classic,sidearm,,,,Derke,Team Vitality,neon,True,100,,1,1,1,3,False,sheriff,sidearm,,0.6378,0.5400,Jamppi,Team Vitality,kayo,True,100,,1,1,1,4,False,classic,sidearm,,0.8678,0.2456,Sayonara,Team Vitality,sova,True,100,,1,2,0,5,False,classic,sidearm,,0.6811,0.5178,PROFEK,Team Vitality,astra,True,100,25,1,1,0,5,False,sheriff,sidearm,,0.7911,0.1611
2107.989,4138,ACTIVE_ROUND,14,8,7,76.000,,,s0pp,FUT Esports,chamber,True,100,50,1,8,1,4,False,outlaw,sniper,,0.0678,0.5822,xeus,FUT Esports,jett,True,100,50,2,1,1,7,False,vandal,rifle,,0.2856,0.7100,sociablEE,FUT Esports,fade,True,100,50,2,1,1,3,False,phantom,rifle,,0.6556,0.8044,yetujey,FUT Esports,astra,True,100,50,1,0,0,6,False,phantom,rifle,,0.2533,0.7144,KROSTALY,FUT Esports,kayo,True,100,50,1,2,1,4,False,vandal,rifle,,0.1378,0.6022,Chronicle,Team Vitality,chamber,True,100,25,0,4,1,4,False,classic,sidearm,,0.8244,0.2000,Derke,Team Vitality,neon,True,100,,1,1,1,3,False,sheriff,sidearm,,0.6511,0.5333,Jamppi,Team Vitality,kayo,True,100,,1,1,1,4,False,classic,sidearm,,0.8656,0.2456,Sayonara,Team Vitality,sova,True,100,,1,2,0,5,False,classic,sidearm,,0.6056,0.5178,PROFEK,Team Vitality,astra,True,100,25,1,1,0,5,False,sheriff,sidearm,,0.7911,0.1611
2108.473,4139,ACTIVE_ROUND,14,8,7,75.000,,,s0pp,FUT Esports,chamber,True,100,50,1,8,1,4,False,outlaw,sniper,,0.0678,0.5822,xeus,FUT Esports,jett,True,100,50,2,1,1,7,False,vandal,rifle,,0.1567,0.5367,sociablEE,FUT Esports,fade,True,100,50,2,1,1,3,False,phantom,rifle,,0.6644,0.8044,yetujey,FUT Esports,astra,True,100,50,1,0,0,6,False,phantom,rifle,,0.2533,0.7144,KROSTALY,FUT Esports,kayo,True,100,50,1,2,1,4,False,vandal,rifle,,0.1378,0.6022,Chronicle,Team Vitality,chamber,True,100,25,0,4,1,4,False,classic,sidearm,,0.8244,0.2000,Derke,Team Vitality,neon,True,100,,1,1,1,3,False,sheriff,sidearm,,0.6644,0.5289,Jamppi,Team Vitality,kayo,True,100,,1,1,1,4,False,classic,sidearm,,0.8656,0.2478,Sayonara,Team Vitality,sova,True,100,,1,2,0,5,False,classic,sidearm,,0.6033,0.5178,PROFEK,Team Vitality,astra,True,100,25,1,1,0,5,False,sheriff,sidearm,,0.7911,0.1611
2108.957,4140,ACTIVE_ROUND,14,8,7,75.000,,,s0pp,FUT Esports,chamber,True,100,50,0,8,1,4,False,outlaw,sniper,,0.1456,0.6400,xeus,FUT Esports,jett,True,100,50,2,1,1,7,False,vandal,rifle,,0.1567,0.5278,sociablEE,FUT Esports,fade,True,100,50,2,1,1,3,False,phantom,rifle,,0.6756,0.8022,yetujey,FUT Esports,astra,True,100,50,1,0,0,6,False,phantom,rifle,,0.2533,0.7144,KROSTALY,FUT Esports,kayo,True,100,50,1,2,1,4,False,vandal,rifle,,0.1667,0.5578,Chronicle,Team Vitality,chamber,True,100,25,0,4,1,4,False,classic,sidearm,,0.8244,0.2000,Derke,Team Vitality,neon,True,100,,1,1,1,3,False,sheriff,sidearm,,0.6644,0.5289,Jamppi,Team Vitality,kayo,True,100,,1,1,1,4,False,classic,sidearm,,0.8656,0.2500,Sayonara,Team Vitality,sova,True,100,,1,2,0,5,False,classic,sidearm,,0.3544,0.7111,PROFEK,Team Vitality,astra,True,100,25,0,1,0,5,False,sheriff,sidearm,,0.8400,0.2211
2109.441,4141,ACTIVE_ROUND,14,8,7,74.000,,,s0pp,FUT Esports,chamber,True,100,50,0,8,1,4,False,outlaw,sniper,,0.1389,0.6289,xeus,FUT Esports,jett,True,100,50,2,1,1,7,False,vandal,rifle,,0.1611,0.5256,sociablEE,FUT Esports,fade,True,100,50,2,1,1,3,False,phantom,rifle,,0.6822,0.8022,yetujey,FUT Esports,astra,True,100,50,1,0,0,6,False,phantom,rifle,,0.2533,0.7144,KROSTALY,FUT Esports,kayo,True,100,50,1,2,1,4,False,vandal,rifle,,0.1756,0.5578,Chronicle,Team Vitality,chamber,True,100,25,0,4,1,4,False,classic,sidearm,,0.8244,0.2000,Derke,Team Vitality,neon,True,100,,1,1,1,3,False,sheriff,sidearm,,0.6844,0.5089,Jamppi,Team Vitality,kayo,True,100,,1,1,1,4,False,classic,sidearm,,0.8678,0.2500,Sayonara,Team Vitality,sova,True,100,,1,2,0,5,False,classic,sidearm,,0.7078,0.4667,PROFEK,Team Vitality,astra,True,100,25,0,1,0,5,False,sheriff,sidearm,,0.8400,0.2211
2109.924,4142,ACTIVE_ROUND,14,8,7,74.000,,,s0pp,FUT Esports,chamber,True,100,50,0,8,1,4,False,outlaw,sniper,,0.1322,0.6200,xeus,FUT Esports,jett,True,100,50,2,1,1,7,False,vandal,rifle,,0.1633,0.5278,sociablEE,FUT Esports,fade,True,100,50,2,1,1,3,False,phantom,rifle,,0.6778,0.7933,yetujey,FUT Esports,astra,True,100,50,1,0,0,6,False,phantom,rifle,,0.2533,0.7144,KROSTALY,FUT Esports,kayo,True,100,50,1,2,1,4,False,vandal,rifle,,0.1756,0.5578,Chronicle,Team Vitality,chamber,True,100,25,0,4,1,4,False,classic,sidearm,,0.8244,0.2000,Derke,Team Vitality,neon,True,100,,1,1,1,3,False,sheriff,sidearm,,0.6844,0.5089,Jamppi,Team Vitality,kayo,True,100,,1,1,1,4,False,classic,sidearm,,0.8656,0.2500,Sayonara,Team Vitality,sova,True,100,,1,2,0,5,False,classic,sidearm,,0.7078,0.4533,PROFEK,Team Vitality,astra,True,100,25,0,1,0,5,False,sheriff,sidearm,,0.8400,0.2211
2110.408,4143,ACTIVE_ROUND,14,8,7,73.000,,,s0pp,FUT Esports,chamber,True,100,50,0,8,1,4,False,outlaw,sniper,,0.1256,0.6111,xeus,FUT Esports,jett,True,100,50,2,1,1,7,False,vandal,rifle,,0.1611,0.5344,sociablEE,FUT Esports,fade,True,100,50,2,1,1,3,False,phantom,rifle,,0.6778,0.7822,yetujey,FUT Esports,astra,True,100,50,1,0,0,6,False,phantom,rifle,,0.2533,0.7144,KROSTALY,FUT Esports,kayo,True,100,50,1,2,1,4,False,vandal,rifle,,0.1756,0.5578,Chronicle,Team Vitality,chamber,True,100,25,0,4,1,4,False,classic,sidearm,,0.8244,0.2000,Derke,Team Vitality,neon,True,100,,1,1,1,3,False,sheriff,sidearm,,0.6844,0.5089,Jamppi,Team Vitality,kayo,True,100,,1,1,1,4,False,classic,sidearm,,0.8633,0.2389,Sayonara,Team Vitality,sova,True,100,,1,2,0,5,False,classic,sidearm,,0.7100,0.4400,PROFEK,Team Vitality,astra,True,100,25,0,1,0,5,False,sheriff,sidearm,,0.8400,0.2211
2110.892,4144,ACTIVE_ROUND,14,8,7,73.000,,,s0pp,FUT Esports,chamber,True,100,50,0,8,1,4,False,outlaw,sniper,,0.1300,0.6111,xeus,FUT Esports,jett,True,100,50,2,1,1,7,False,vandal,rifle,,0.1522,0.5300,sociablEE,FUT Esports,fade,True,100,50,2,1,1,3,False,phantom,rifle,,0.6800,0.7711,yetujey,FUT Esports,astra,True,100,50,1,0,0,6,False,phantom,rifle,,0.2533,0.7144,KROSTALY,FUT Esports,kayo,True,100,50,1,2,1,4,False,vandal,rifle,,0.1756,0.5578,Chronicle,Team Vitality,chamber,True,100,25,0,4,1,4,False,classic,sidearm,,0.8244,0.2000,Derke,Team Vitality,neon,True,100,,1,1,1,3,False,sheriff,sidearm,,0.6844,0.5089,Jamppi,Team Vitality,kayo,True,100,,1,1,1,4,False,classic,sidearm,,0.8656,0.2256,Sayonara,Team Vitality,sova,True,100,,1,2,0,5,False,classic,sidearm,,0.7144,0.4267,PROFEK,Team Vitality,astra,True,100,25,0,1,0,5,False,sheriff,sidearm,,0.8400,0.2211
2111.376,4145,ACTIVE_ROUND,14,8,7,72.000,,,s0pp,FUT Esports,chamber,True,100,50,0,8,1,4,False,outlaw,sniper,,0.1322,0.6022,xeus,FUT Esports,jett,True,100,50,2,1,1,7,False,vandal,rifle,,0.1500,0.5300,sociablEE,FUT Esports,fade,True,100,50,2,1,1,3,False,phantom,rifle,,0.6800,0.7711,yetujey,FUT Esports,astra,True,100,50,1,0,0,6,False,phantom,rifle,,0.2533,0.7144,KROSTALY,FUT Esports,kayo,True,100,50,1,2,1,4,False,vandal,rifle,,0.1756,0.5578,Chronicle,Team Vitality,chamber,True,100,25,0,4,1,4,False,classic,sidearm,,0.8244,0.2000,Derke,Team Vitality,neon,True,100,,1,1,1,3,False,sheriff,sidearm,,0.6933,0.4533,Jamppi,Team Vitality,kayo,True,100,,1,1,1,4,False,classic,sidearm,,0.8633,0.2144,Sayonara,Team Vitality,sova,True,100,,1,2,0,5,False,classic,sidearm,,0.6033,0.5178,PROFEK,Team Vitality,astra,True,100,25,0,1,0,5,False,sheriff,sidearm,,0.8400,0.2211
2111.860,4146,ACTIVE_ROUND,14,8,7,72.000,,,s0pp,FUT Esports,chamber,True,100,50,0,8,1,4,False,outlaw,sniper,,0.1300,0.6022,xeus,FUT Esports,jett,True,100,50,2,1,1,7,False,vandal,rifle,,0.1478,0.5278,sociablEE,FUT Esports,fade,True,100,50,2,1,1,3,False,phantom,rifle,,0.6800,0.7711,yetujey,FUT Esports,astra,True,100,50,1,0,0,6,False,phantom,rifle,,0.2533,0.7144,KROSTALY,FUT Esports,kayo,True,100,50,1,2,1,4,False,vandal,rifle,,0.1756,0.5578,Chronicle,Team Vitality,chamber,True,100,25,0,4,1,4,False,classic,sidearm,,0.8244,0.2000,Derke,Team Vitality,neon,True,100,,1,1,1,3,False,sheriff,sidearm,,0.6933,0.4400,Jamppi,Team Vitality,kayo,True,100,,1,1,1,4,False,classic,sidearm,,0.7256,0.2322,Sayonara,Team Vitality,sova,True,100,,1,2,0,5,False,classic,sidearm,,0.6367,0.5156,PROFEK,Team Vitality,astra,True,100,25,0,1,0,5,False,sheriff,sidearm,,0.8400,0.2211
2112.344,4147,ACTIVE_ROUND,14,8,7,71.000,,,s0pp,FUT Esports,chamber,True,100,50,0,8,1,4,False,outlaw,sniper,,0.1300,0.6000,xeus,FUT Esports,jett,True,100,50,2,1,1,7,False,vandal,rifle,,0.1411,0.5233,sociablEE,FUT Esports,fade,True,100,50,2,1,1,3,False,phantom,rifle,,0.6800,0.7711,yetujey,FUT Esports,astra,True,100,50,1,0,0,6,False,phantom,rifle,,0.2533,0.7144,KROSTALY,FUT Esports,kayo,True,100,50,1,2,1,4,False,vandal,rifle,,0.1756,0.5578,Chronicle,Team Vitality,chamber,True,100,25,0,4,1,4,False,classic,sidearm,,0.8244,0.2000,Derke,Team Vitality,neon,True,100,,1,1,1,3,False,sheriff,sidearm,,0.6956,0.4267,Jamppi,Team Vitality,kayo,True,100,,1,1,1,4,False,classic,sidearm,,0.8633,0.2122,Sayonara,Team Vitality,sova,True,100,,1,2,0,5,False,classic,sidearm,,0.6056,0.5178,PROFEK,Team Vitality,astra,True,100,25,0,1,0,5,False,sheriff,sidearm,,0.8400,0.2211
2112.827,4148,ACTIVE_ROUND,14,8,7,71.000,,,s0pp,FUT Esports,chamber,True,100,50,0,8,1,4,False,outlaw,sniper,,0.1278,0.6000,xeus,FUT Esports,jett,True,100,50,2,1,1,7,False,vandal,rifle,,0.1478,0.5322,sociablEE,FUT Esports,fade,True,100,50,2,1,1,3,False,phantom,rifle,,0.6800,0.7711,yetujey,FUT Esports,astra,True,100,50,1,2,0,6,False,phantom,rifle,,0.2533,0.7144,KROSTALY,FUT Esports,kayo,True,100,50,1,2,1,4,False,vandal,rifle,,0.1756,0.5578,Chronicle,Team Vitality,chamber,True,100,25,0,4,1,4,False,classic,sidearm,,0.8244,0.2000,Derke,Team Vitality,neon,True,100,,1,1,1,3,False,sheriff,sidearm,,0.6978,0.4133,Jamppi,Team Vitality,kayo,True,100,,1,1,1,4,False,classic,sidearm,,0.7256,0.2322,Sayonara,Team Vitality,sova,True,100,,1,2,0,5,False,classic,sidearm,,0.8433,0.1956,PROFEK,Team Vitality,astra,True,100,25,1,1,0,5,False,sheriff,sidearm,,0.8400,0.2211
2113.311,4149,ACTIVE_ROUND,14,8,7,70.000,,,s0pp,FUT Esports,chamber,True,100,50,0,8,1,4,False,outlaw,sniper,,0.1300,0.6000,xeus,FUT Esports,jett,True,100,50,2,1,1,7,False,vandal,rifle,,0.1567,0.5367,sociablEE,FUT Esports,fade,True,100,50,2,1,1,3,False,phantom,rifle,,0.6800,0.7711,yetujey,FUT Esports,astra,True,100,50,1,2,0,6,False,phantom,rifle,,0.2533,0.7144,KROSTALY,FUT Esports,kayo,True,100,50,1,2,1,4,False,vandal,rifle,,0.1756,0.5578,Chronicle,Team Vitality,chamber,True,100,25,0,4,1,4,False,classic,sidearm,,0.8244,0.2000,Derke,Team Vitality,neon,True,100,,1,1,1,3,False,sheriff,sidearm,,0.7044,0.4000,Jamppi,Team Vitality,kayo,True,100,,1,1,1,4,False,classic,sidearm,,0.7256,0.2322,Sayonara,Team Vitality,sova,True,100,,1,2,0,5,False,classic,sidearm,,0.7189,0.3622,PROFEK,Team Vitality,astra,True,100,25,1,1,0,5,False,sheriff,sidearm,,0.8400,0.2211
2113.795,4150,ACTIVE_ROUND,14,8,7,70.000,,,s0pp,FUT Esports,chamber,True,100,50,0,8,1,4,False,outlaw,sniper,,0.1300,0.6022,xeus,FUT Esports,jett,True,100,50,2,1,1,7,False,vandal,rifle,,0.1656,0.5367,sociablEE,FUT Esports,fade,True,100,50,2,1,1,3,False,phantom,rifle,,0.6778,0.7511,yetujey,FUT Esports,astra,True,100,50,1,2,0,6,False,phantom,rifle,,0.2533,0.7144,KROSTALY,FUT Esports,kayo,True,100,50,1,2,1,4,False,vandal,rifle,,0.1756,0.5578,Chronicle,Team Vitality,chamber,True,100,25,0,4,1,4,False,classic,sidearm,,0.8244,0.2000,Derke,Team Vitality,neon,True,100,,1,1,1,3,False,sheriff,sidearm,,0.7111,0.3911,Jamppi,Team Vitality,kayo,True,100,,1,1,1,4,False,classic,sidearm,,0.7256,0.2322,Sayonara,Team Vitality,sova,True,100,,1,2,0,5,False,classic,sidearm,,0.7322,0.3556,PROFEK,Team Vitality,astra,True,100,25,1,1,0,5,False,sheriff,sidearm,,0.8400,0.2211
2114.279,4151,ACTIVE_ROUND,14,8,7,69.000,,,s0pp,FUT Esports,chamber,True,100,50,0,8,1,4,False,outlaw,sniper,,0.1300,0.6022,xeus,FUT Esports,jett,True,100,50,2,1,1,7,False,vandal,rifle,,0.9144,0.3856,sociablEE,FUT Esports,fade,True,100,50,2,1,1,3,False,phantom,rifle,,0.6778,0.7511,yetujey,FUT Esports,astra,True,100,50,1,2,0,6,False,phantom,rifle,,0.2533,0.7144,KROSTALY,FUT Esports,kayo,True,100,50,1,2,1,4,False,vandal,rifle,,0.1756,0.5578,Chronicle,Team Vitality,chamber,True,100,25,0,4,1,4,False,classic,sidearm,,0.8244,0.2000,Derke,Team Vitality,neon,True,100,,1,1,1,3,False,sheriff,sidearm,,0.7178,0.3822,Jamppi,Team Vitality,kayo,True,100,,1,1,1,4,False,classic,sidearm,,0.7256,0.2322,Sayonara,Team Vitality,sova,True,100,,1,2,0,5,False,classic,sidearm,,0.6033,0.5178,PROFEK,Team Vitality,astra,True,100,25,1,1,0,5,False,sheriff,sidearm,,0.8222,0.2100
2114.763,4152,ACTIVE_ROUND,14,8,7,69.000,,,s0pp,FUT Esports,chamber,True,100,50,0,8,1,4,False,outlaw,sniper,,0.1300,0.6022,xeus,FUT Esports,jett,True,100,50,2,1,1,7,False,vandal,rifle,,0.1811,0.3056,sociablEE,FUT Esports,fade,True,100,50,1,1,1,3,False,phantom,rifle,,0.6778,0.7511,yetujey,FUT Esports,astra,True,100,50,1,2,0,6,False,phantom,rifle,,0.2533,0.7144,KROSTALY,FUT Esports,kayo,True,100,50,1,2,1,4,False,vandal,rifle,,0.1756,0.5578,Chronicle,Team Vitality,chamber,True,100,25,0,4,1,4,False,classic,sidearm,,0.8244,0.2000,Derke,Team Vitality,neon,True,100,,1,1,1,3,False,sheriff,sidearm,,0.7267,0.3756,Jamppi,Team Vitality,kayo,True,100,,1,1,1,4,False,bandit,sidearm,,0.5700,0.7322,Sayonara,Team Vitality,sova,True,100,,1,2,0,5,False,bandit,sidearm,,0.6122,0.5178,PROFEK,Team Vitality,astra,True,100,25,2,1,0,5,False,sheriff,sidearm,,0.8222,0.2100
2115.246,4153,ACTIVE_ROUND,14,8,7,68.000,,,s0pp,FUT Esports,chamber,True,100,50,0,8,1,4,False,outlaw,sniper,,0.1300,0.6022,xeus,FUT Esports,jett,True,100,50,2,1,1,7,False,vandal,rifle,,0.1789,0.3056,sociablEE,FUT Esports,fade,True,100,50,1,1,1,3,False,phantom,rifle,,0.6778,0.7489,yetujey,FUT Esports,astra,True,100,50,1,2,0,6,False,phantom,rifle,,0.2533,0.7144,KROSTALY,FUT Esports,kayo,True,100,50,1,2,1,4,False,vandal,rifle,,0.1756,0.5578,Chronicle,Team Vitality,chamber,True,100,25,0,4,1,4,False,classic,sidearm,,0.8244,0.2000,Derke,Team Vitality,neon,True,100,,1,1,1,3,False,sheriff,sidearm,,0.7356,0.3689,Jamppi,Team Vitality,kayo,True,100,,1,1,1,4,False,bandit,sidearm,,0.5700,0.7322,Sayonara,Team Vitality,sova,True,100,,1,2,0,5,False,bandit,sidearm,,0.6233,0.5178,PROFEK,Team Vitality,astra,True,100,25,2,1,0,5,False,sheriff,sidearm,,0.8222,0.2100
2115.730,4154,ACTIVE_ROUND,14,8,7,68.000,,,s0pp,FUT Esports,chamber,True,100,50,0,8,1,4,False,outlaw,sniper,,0.1300,0.6022,xeus,FUT Esports,jett,True,100,50,2,1,1,7,False,vandal,rifle,,0.6433,0.6144,sociablEE,FUT Esports,fade,True,100,50,1,1,1,3,False,phantom,rifle,,0.6778,0.7489,yetujey,FUT Esports,astra,True,100,50,1,2,0,6,False,phantom,rifle,,0.2533,0.7144,KROSTALY,FUT Esports,kayo,True,100,50,1,2,1,4,False,vandal,rifle,,0.1756,0.5578,Chronicle,Team Vitality,chamber,True,100,25,0,4,1,4,False,classic,sidearm,,0.8244,0.2000,Derke,Team Vitality,neon,True,100,,1,1,1,3,False,sheriff,sidearm,,0.7378,0.3711,Jamppi,Team Vitality,kayo,True,100,,1,1,1,4,False,bandit,sidearm,,0.5700,0.7322,Sayonara,Team Vitality,sova,True,100,,1,2,0,5,False,bandit,sidearm,,0.6344,0.5178,PROFEK,Team Vitality,astra,True,100,25,2,1,0,5,False,sheriff,sidearm,,0.8222,0.2100
2116.214,4155,ACTIVE_ROUND,14,8,7,67.000,,,s0pp,FUT Esports,chamber,True,100,50,0,8,1,4,False,outlaw,sniper,,0.1300,0.6022,xeus,FUT Esports,jett,True,100,50,2,1,1,7,False,vandal,rifle,,0.2278,0.3056,sociablEE,FUT Esports,fade,True,100,50,1,1,1,3,False,phantom,rifle,,0.6778,0.7533,yetujey,FUT Esports,astra,True,100,50,1,2,0,6,False,phantom,rifle,,0.2533,0.7144,KROSTALY,FUT Esports,kayo,True,100,50,1,2,1,4,False,vandal,rifle,,0.1756,0.5578,Chronicle,Team Vitality,chamber,True,100,25,0,4,1,4,False,classic,sidearm,,0.8244,0.2000,Derke,Team Vitality,neon,True,100,,1,1,1,3,False,sheriff,sidearm,,0.7289,0.3800,Jamppi,Team Vitality,kayo,True,100,,1,1,1,4,False,bandit,sidearm,,0.5700,0.7322,Sayonara,Team Vitality,sova,True,100,,1,2,0,5,False,bandit,sidearm,,0.6278,0.5178,PROFEK,Team Vitality,astra,True,100,25,2,1,0,5,False,sheriff,sidearm,,0.8222,0.2100
2116.698,4156,ACTIVE_ROUND,14,8,7,67.000,,,s0pp,FUT Esports,chamber,True,100,50,0,8,1,4,False,outlaw,sniper,,0.1322,0.6022,xeus,FUT Esports,jett,True,100,50,2,1,1,7,False,vandal,rifle,,0.2278,0.3056,sociablEE,FUT Esports,fade,True,100,50,1,1,1,3,False,phantom,rifle,,0.6778,0.7556,yetujey,FUT Esports,astra,True,100,50,1,2,0,6,False,phantom,rifle,,0.2533,0.7144,KROSTALY,FUT Esports,kayo,True,100,50,1,2,1,4,False,vandal,rifle,,0.1756,0.5578,Chronicle,Team Vitality,chamber,True,100,25,0,4,1,4,False,classic,sidearm,,0.8244,0.2000,Derke,Team Vitality,neon,True,100,,1,1,1,3,False,sheriff,sidearm,,0.7178,0.3889,Jamppi,Team Vitality,kayo,True,100,,1,1,1,4,False,classic,sidearm,,0.5700,0.7056,Sayonara,Team Vitality,sova,True,100,,1,2,0,5,False,bandit,sidearm,,0.6278,0.5178,PROFEK,Team Vitality,astra,True,100,25,2,1,0,5,False,sheriff,sidearm,,0.8222,0.2100
2117.182,4157,ACTIVE_ROUND,14,8,7,66.000,,,s0pp,FUT Esports,chamber,True,100,50,0,8,1,4,False,outlaw,sniper,,0.1322,0.6022,xeus,FUT Esports,jett,True,100,50,2,1,1,7,False,vandal,rifle,,0.6389,0.8656,sociablEE,FUT Esports,fade,True,100,50,1,1,1,3,False,phantom,rifle,,0.6778,0.7556,yetujey,FUT Esports,astra,True,100,50,1,2,0,6,False,phantom,rifle,,0.2533,0.7144,KROSTALY,FUT Esports,kayo,True,100,50,1,2,1,4,False,vandal,rifle,,0.1756,0.5578,Chronicle,Team Vitality,chamber,True,100,25,0,4,1,4,False,classic,sidearm,,0.8244,0.2000,Derke,Team Vitality,neon,True,100,,1,1,1,3,False,sheriff,sidearm,,0.7133,0.4022,Jamppi,Team Vitality,kayo,True,100,,1,1,1,4,False,classic,sidearm,,0.5744,0.5167,Sayonara,Team Vitality,sova,True,100,,1,2,0,5,False,bandit,sidearm,,0.7256,0.3667,PROFEK,Team Vitality,astra,True,100,25,2,1,0,5,False,sheriff,sidearm,,0.8222,0.2100
2117.666,4158,ACTIVE_ROUND,14,8,7,66.000,,,s0pp,FUT Esports,chamber,True,100,50,0,8,1,4,False,outlaw,sniper,,0.1322,0.6022,xeus,FUT Esports,jett,True,100,50,2,1,1,7,False,vandal,rifle,,0.1811,0.6678,sociablEE,FUT Esports,fade,True,100,50,1,1,1,3,False,phantom,rifle,,0.6778,0.7556,yetujey,FUT Esports,astra,True,100,50,1,2,0,6,False,phantom,rifle,,0.2533,0.7144,KROSTALY,FUT Esports,kayo,True,100,50,1,2,1,4,False,vandal,rifle,,0.1756,0.5578,Chronicle,Team Vitality,chamber,True,100,25,0,4,1,4,False,classic,sidearm,,0.8244,0.2000,Derke,Team Vitality,neon,True,100,,1,1,1,3,False,sheriff,sidearm,,0.7089,0.4156,Jamppi,Team Vitality,kayo,True,100,,1,1,1,4,False,classic,sidearm,,0.7233,0.2300,Sayonara,Team Vitality,sova,True,100,,1,2,0,5,False,bandit,sidearm,,0.7544,0.2267,PROFEK,Team Vitality,astra,True,100,25,2,1,0,5,False,sheriff,sidearm,,0.8222,0.2100
2118.149,4159,ACTIVE_ROUND,14,8,7,65.000,,,s0pp,FUT Esports,chamber,True,100,50,0,8,1,4,False,outlaw,sniper,,0.1322,0.6022,xeus,FUT Esports,jett,True,100,50,2,1,1,7,False,vandal,rifle,,0.1811,0.6633,sociablEE,FUT Esports,fade,True,100,50,1,1,1,3,False,phantom,rifle,,0.6778,0.7556,yetujey,FUT Esports,astra,True,100,50,1,2,0,6,False,phantom,rifle,,0.2533,0.7144,KROSTALY,FUT Esports,kayo,True,100,50,1,2,1,4,False,vandal,rifle,,0.1756,0.5578,Chronicle,Team Vitality,chamber,True,100,25,0,4,1,4,False,classic,sidearm,,0.8244,0.2000,Derke,Team Vitality,neon,True,100,,1,1,1,3,False,sheriff,sidearm,,0.7067,0.4289,Jamppi,Team Vitality,kayo,True,100,,1,1,1,4,False,classic,sidearm,,0.7344,0.1522,Sayonara,Team Vitality,sova,True,100,,1,2,0,5,False,bandit,sidearm,,0.6011,0.5178,PROFEK,Team Vitality,astra,True,100,25,2,1,0,5,False,sheriff,sidearm,,0.8222,0.2100
2118.633,4160,ACTIVE_ROUND,14,8,7,65.000,,,s0pp,FUT Esports,chamber,True,100,50,0,8,1,4,False,outlaw,sniper,,0.1322,0.6022,xeus,FUT Esports,jett,True,100,50,2,1,1,7,False,vandal,rifle,,0.1811,0.6633,sociablEE,FUT Esports,fade,True,100,50,1,1,1,3,False,phantom,rifle,,0.6778,0.7556,yetujey,FUT Esports,astra,True,100,50,1,0,0,6,False,phantom,rifle,,0.2533,0.7144,KROSTALY,FUT Esports,kayo,True,100,50,1,2,1,4,False,vandal,rifle,,0.1756,0.5578,Chronicle,Team Vitality,chamber,True,100,25,0,4,1,4,False,classic,sidearm,,0.8244,0.2000,Derke,Team Vitality,neon,True,100,,1,1,1,3,False,sheriff,sidearm,,0.7044,0.4422,Jamppi,Team Vitality,kayo,True,100,,1,1,1,4,False,bandit,sidearm,,0.7211,0.1589,Sayonara,Team Vitality,sova,True,100,,1,2,0,5,False,classic,sidearm,,0.6011,0.5178,PROFEK,Team Vitality,astra,True,100,25,1,1,0,5,False,sheriff,sidearm,,0.8222,0.2100
2119.117,4161,ACTIVE_ROUND,14,8,7,64.000,,,s0pp,FUT Esports,chamber,True,100,50,0,8,1,4,False,outlaw,sniper,,0.1322,0.6022,xeus,FUT Esports,jett,True,100,50,2,1,1,7,False,vandal,rifle,,0.1811,0.6633,sociablEE,FUT Esports,fade,True,100,50,1,1,1,3,False,phantom,rifle,,0.6778,0.7556,yetujey,FUT Esports,astra,True,100,50,1,0,0,6,False,phantom,rifle,,0.2533,0.7144,KROSTALY,FUT Esports,kayo,True,100,50,1,2,1,4,False,vandal,rifle,,0.1756,0.5578,Chronicle,Team Vitality,chamber,True,100,25,0,4,1,4,False,classic,sidearm,,0.8244,0.2000,Derke,Team Vitality,neon,True,100,,1,1,1,3,False,sheriff,sidearm,,0.7044,0.4333,Jamppi,Team Vitality,kayo,True,100,,1,1,1,4,False,bandit,sidearm,,0.7122,0.1522,Sayonara,Team Vitality,sova,True,100,,1,2,0,5,False,classic,sidearm,,0.6011,0.5178,PROFEK,Team Vitality,astra,True,100,25,1,1,0,5,False,sheriff,sidearm,,0.8222,0.2100
2119.601,4162,ACTIVE_ROUND,14,8,7,64.000,,,s0pp,FUT Esports,chamber,True,100,50,0,8,1,4,False,outlaw,sniper,,0.1322,0.6022,xeus,FUT Esports,jett,True,100,50,2,1,1,7,False,vandal,rifle,,0.7278,0.7211,sociablEE,FUT Esports,fade,True,100,50,1,1,1,3,False,phantom,rifle,,0.7133,0.7622,yetujey,FUT Esports,astra,True,100,50,1,0,0,6,False,phantom,rifle,,0.2533,0.7144,KROSTALY,FUT Esports,kayo,True,100,50,1,2,1,4,False,vandal,rifle,,0.1756,0.5578,Chronicle,Team Vitality,chamber,True,100,25,0,4,1,4,False,classic,sidearm,,0.8244,0.2000,Derke,Team Vitality,neon,True,100,,1,1,1,3,False,sheriff,sidearm,,0.7022,0.4467,Jamppi,Team Vitality,kayo,True,100,,1,1,1,4,False,bandit,sidearm,,0.7256,0.2322,Sayonara,Team Vitality,sova,True,100,,1,2,0,5,False,classic,sidearm,,0.7144,0.4133,PROFEK,Team Vitality,astra,True,100,25,1,1,0,5,False,sheriff,sidearm,,0.8222,0.2100
2120.085,4163,ACTIVE_ROUND,14,8,7,63.000,,,s0pp,FUT Esports,chamber,True,100,50,0,8,1,4,False,outlaw,sniper,,0.1322,0.6022,xeus,FUT Esports,jett,True,100,50,2,1,1,7,False,vandal,rifle,,0.3344,0.7122,sociablEE,FUT Esports,fade,True,100,50,1,1,1,3,False,phantom,rifle,,0.7222,0.7556,yetujey,FUT Esports,astra,True,100,50,1,0,0,6,False,phantom,rifle,,0.2533,0.7144,KROSTALY,FUT Esports,kayo,True,100,50,1,2,1,4,False,vandal,rifle,,0.1756,0.5578,Chronicle,Team Vitality,chamber,True,100,25,0,4,1,4,False,classic,sidearm,,0.8244,0.2000,Derke,Team Vitality,neon,True,100,,1,1,1,3,False,sheriff,sidearm,,0.7000,0.4622,Jamppi,Team Vitality,kayo,True,100,,1,1,1,4,False,bandit,sidearm,,0.7256,0.2322,Sayonara,Team Vitality,sova,True,100,,1,2,0,5,False,classic,sidearm,,0.7122,0.4267,PROFEK,Team Vitality,astra,True,100,25,1,1,0,5,False,sheriff,sidearm,,0.7422,0.1656
2120.568,4164,ACTIVE_ROUND,14,8,7,63.000,,,s0pp,FUT Esports,chamber,True,100,50,0,8,1,4,False,outlaw,sniper,,0.1322,0.6022,xeus,FUT Esports,jett,True,100,50,2,1,1,7,False,vandal,rifle,,0.3344,0.7122,sociablEE,FUT Esports,fade,True,100,50,1,1,1,3,False,phantom,rifle,,0.7311,0.7489,yetujey,FUT Esports,astra,True,100,50,1,1,0,6,False,phantom,rifle,,0.2533,0.7144,KROSTALY,FUT Esports,kayo,True,100,50,1,2,1,4,False,vandal,rifle,,0.1756,0.5578,Chronicle,Team Vitality,chamber,True,100,25,0,4,1,4,False,classic,sidearm,,0.8244,0.2000,Derke,Team Vitality,neon,True,100,,1,1,1,3,False,sheriff,sidearm,,0.6956,0.4733,Jamppi,Team Vitality,kayo,True,100,,1,1,1,4,False,bandit,sidearm,,0.6700,0.4922,Sayonara,Team Vitality,sova,True,100,,1,2,0,5,False,bandit,sidearm,,0.7078,0.4378,PROFEK,Team Vitality,astra,True,100,25,2,1,0,5,False,sheriff,sidearm,,0.7422,0.1656
2121.052,4165,ACTIVE_ROUND,14,8,7,63.000,,,s0pp,FUT Esports,chamber,True,100,50,0,8,1,4,False,outlaw,sniper,,0.1322,0.6022,xeus,FUT Esports,jett,True,100,50,2,1,1,7,False,vandal,rifle,,0.7344,0.7033,sociablEE,FUT Esports,fade,True,100,50,1,1,1,3,False,phantom,rifle,,0.7400,0.7422,yetujey,FUT Esports,astra,True,100,50,1,1,0,6,False,phantom,rifle,,0.2533,0.7144,KROSTALY,FUT Esports,kayo,True,100,50,1,2,1,4,False,vandal,rifle,,0.1756,0.5578,Chronicle,Team Vitality,chamber,True,100,25,0,4,1,4,False,classic,sidearm,,0.8244,0.2000,Derke,Team Vitality,neon,True,100,,1,1,1,3,False,sheriff,sidearm,,0.6956,0.4733,Jamppi,Team Vitality,kayo,True,100,,1,1,1,4,False,bandit,sidearm,,0.5811,0.2922,Sayonara,Team Vitality,sova,True,100,,1,2,0,5,False,bandit,sidearm,,0.6011,0.5178,PROFEK,Team Vitality,astra,True,100,25,2,1,0,5,False,sheriff,sidearm,,0.7422,0.1656
2121.536,4166,ACTIVE_ROUND,14,8,7,62.000,,,s0pp,FUT Esports,chamber,True,100,50,0,8,1,4,False,outlaw,sniper,,0.1322,0.6022,xeus,FUT Esports,jett,True,100,50,2,1,1,7,False,vandal,rifle,,0.6767,0.5211,sociablEE,FUT Esports,fade,True,100,50,1,1,1,3,False,phantom,rifle,,0.7467,0.7333,yetujey,FUT Esports,astra,True,100,50,1,1,0,6,False,phantom,rifle,,0.2533,0.7144,KROSTALY,FUT Esports,kayo,True,100,50,1,2,1,4,False,vandal,rifle,,0.1756,0.5578,Chronicle,Team Vitality,chamber,True,100,25,0,4,1,4,False,classic,sidearm,,0.8244,0.2000,Derke,Team Vitality,neon,True,100,,1,1,1,3,False,sheriff,sidearm,,0.6956,0.4733,Jamppi,Team Vitality,kayo,True,100,,1,1,1,4,False,bandit,sidearm,,0.6567,0.4100,Sayonara,Team Vitality,sova,True,100,,1,2,0,5,False,bandit,sidearm,,0.6011,0.5178,PROFEK,Team Vitality,astra,True,100,25,2,1,0,5,False,sheriff,sidearm,,0.7422,0.1656
2122.020,4167,ACTIVE_ROUND,14,8,7,62.000,,,s0pp,FUT Esports,chamber,True,100,50,0,8,1,4,False,outlaw,sniper,,0.1322,0.6022,xeus,FUT Esports,jett,True,100,50,2,1,1,7,False,vandal,rifle,,0.7300,0.6922,sociablEE,FUT Esports,fade,True,100,50,1,1,1,3,False,phantom,rifle,,0.7489,0.7222,yetujey,FUT Esports,astra,True,100,50,1,1,0,6,False,phantom,rifle,,0.2533,0.7144,KROSTALY,FUT Esports,kayo,True,100,50,1,2,1,4,False,vandal,rifle,,0.1756,0.5578,Chronicle,Team Vitality,chamber,True,100,25,0,4,1,4,False,classic,sidearm,,0.8244,0.2000,Derke,Team Vitality,neon,True,100,,1,1,1,3,False,sheriff,sidearm,,0.6911,0.5067,Jamppi,Team Vitality,kayo,True,100,,1,1,1,4,False,bandit,sidearm,,0.9144,0.5922,Sayonara,Team Vitality,sova,True,100,,1,2,0,5,False,bandit,sidearm,,0.6011,0.5178,PROFEK,Team Vitality,astra,True,100,25,2,1,0,5,False,sheriff,sidearm,,0.7422,0.1656
2122.504,4168,ACTIVE_ROUND,14,8,7,61.000,,,s0pp,FUT Esports,chamber,True,100,50,0,8,1,4,False,outlaw,sniper,,0.1322,0.6022,xeus,FUT Esports,jett,True,100,50,2,1,1,7,False,vandal,rifle,,0.3344,0.7122,sociablEE,FUT Esports,fade,True,100,50,1,1,1,3,False,phantom,rifle,,0.7489,0.7111,yetujey,FUT Esports,astra,True,100,50,1,2,0,6,False,phantom,rifle,,0.2533,0.7144,KROSTALY,FUT Esports,kayo,True,100,50,1,2,1,4,False,vandal,rifle,,0.1756,0.5578,Chronicle,Team Vitality,chamber,True,100,25,0,4,1,4,False,classic,sidearm,,0.8244,0.2000,Derke,Team Vitality,neon,True,100,,1,1,1,3,False,sheriff,sidearm,,0.6867,0.5156,Jamppi,Team Vitality,kayo,True,100,,1,1,1,4,False,bandit,sidearm,,0.5811,0.2922,Sayonara,Team Vitality,sova,True,100,,1,2,0,5,False,classic,sidearm,,0.6011,0.5178,PROFEK,Team Vitality,astra,True,100,25,1,1,0,5,False,sheriff,sidearm,,0.6733,0.1700
2122.988,4169,ACTIVE_ROUND,14,8,7,61.000,,,s0pp,FUT Esports,chamber,True,100,50,0,8,1,4,False,outlaw,sniper,,0.1344,0.6022,xeus,FUT Esports,jett,True,100,50,2,1,1,7,False,vandal,rifle,,0.2144,0.7122,sociablEE,FUT Esports,fade,True,100,50,1,1,1,3,False,phantom,rifle,,0.7511,0.7000,yetujey,FUT Esports,astra,True,100,50,1,2,0,6,False,phantom,rifle,,0.2533,0.7144,KROSTALY,FUT Esports,kayo,True,100,50,1,2,1,4,False,vandal,rifle,,0.1756,0.5578,Chronicle,Team Vitality,chamber,True,100,25,0,4,1,4,False,classic,sidearm,,0.6622,0.1778,Derke,Team Vitality,neon,True,100,,1,1,1,3,False,sheriff,sidearm,,0.6756,0.5200,Jamppi,Team Vitality,kayo,True,100,,1,1,1,4,False,bandit,sidearm,,0.7256,0.2322,Sayonara,Team Vitality,sova,True,100,,1,2,0,5,False,classic,sidearm,,0.6011,0.5178,PROFEK,Team Vitality,astra,True,100,25,1,1,0,5,False,sheriff,sidearm,,0.6733,0.1700
2123.471,4170,ACTIVE_ROUND,14,8,7,60.000,,,s0pp,FUT Esports,chamber,True,100,50,0,8,1,4,False,outlaw,sniper,,0.1344,0.6022,xeus,FUT Esports,jett,True,100,50,2,1,1,7,False,vandal,rifle,,0.7300,0.6589,sociablEE,FUT Esports,fade,True,100,50,1,1,1,3,False,phantom,rifle,,0.7511,0.6889,yetujey,FUT Esports,astra,True,100,50,1,2,0,6,False,phantom,rifle,,0.2533,0.7144,KROSTALY,FUT Esports,kayo,True,100,50,1,2,1,4,False,vandal,rifle,,0.1756,0.5578,Chronicle,Team Vitality,chamber,True,100,25,0,4,1,4,False,classic,sidearm,,0.6622,0.1778,Derke,Team Vitality,neon,True,100,,1,1,1,3,False,sheriff,sidearm,,0.6644,0.5244,Jamppi,Team Vitality,kayo,True,100,,1,1,1,4,False,bandit,sidearm,,0.9078,0.5967,Sayonara,Team Vitality,sova,True,100,,1,2,0,5,False,classic,sidearm,,0.6011,0.5178,PROFEK,Team Vitality,astra,True,100,25,1,1,0,5,False,sheriff,sidearm,,0.6733,0.1700
2123.955,4171,ACTIVE_ROUND,14,8,7,60.000,,,s0pp,FUT Esports,chamber,True,100,50,0,8,1,4,False,outlaw,sniper,,0.1344,0.6022,xeus,FUT Esports,jett,True,100,50,2,1,1,7,False,vandal,rifle,,0.7344,0.6500,sociablEE,FUT Esports,fade,True,100,50,1,1,1,3,False,phantom,rifle,,0.7467,0.6800,yetujey,FUT Esports,astra,True,100,50,1,2,0,6,False,phantom,rifle,,0.2533,0.7144,KROSTALY,FUT Esports,kayo,True,100,50,1,2,1,4,False,vandal,rifle,,0.1756,0.5578,Chronicle,Team Vitality,chamber,True,100,25,0,4,1,4,False,classic,sidearm,,0.6333,0.1822,Derke,Team Vitality,neon,True,100,,1,1,1,3,False,sheriff,sidearm,,0.6644,0.5244,Jamppi,Team Vitality,kayo,True,100,,1,1,1,4,False,bandit,sidearm,,0.9100,0.5967,Sayonara,Team Vitality,sova,True,100,,1,2,0,5,False,classic,sidearm,,0.6011,0.5178,PROFEK,Team Vitality,astra,True,100,25,1,1,0,5,False,sheriff,sidearm,,0.6733,0.1700
2124.439,4172,ACTIVE_ROUND,14,8,7,59.000,,,s0pp,FUT Esports,chamber,True,100,50,0,8,1,4,False,outlaw,sniper,,0.1344,0.6022,xeus,FUT Esports,jett,True,100,50,2,1,1,7,False,vandal,rifle,,0.7300,0.6367,sociablEE,FUT Esports,fade,True,100,50,1,1,1,3,False,phantom,rifle,,0.7400,0.6711,yetujey,FUT Esports,astra,True,100,50,1,2,0,6,False,phantom,rifle,,0.2533,0.7144,KROSTALY,FUT Esports,kayo,True,100,50,1,2,1,4,False,vandal,rifle,,0.1756,0.5578,Chronicle,Team Vitality,chamber,True,100,25,0,4,1,4,False,classic,sidearm,,0.6222,0.1889,Derke,Team Vitality,neon,True,100,,1,1,1,3,False,sheriff,sidearm,,0.6644,0.5244,Jamppi,Team Vitality,kayo,True,100,,1,1,1,4,False,bandit,sidearm,,0.5811,0.2922,Sayonara,Team Vitality,sova,True,100,,1,2,0,5,False,bandit,sidearm,,0.6011,0.5178,PROFEK,Team Vitality,astra,True,100,25,1,1,0,5,False,sheriff,sidearm,,0.6733,0.1700
2124.923,4173,ACTIVE_ROUND,14,8,7,59.000,,,s0pp,FUT Esports,chamber,True,100,50,0,8,1,4,False,outlaw,sniper,,0.1344,0.6022,xeus,FUT Esports,jett,True,100,50,2,1,1,7,False,vandal,rifle,,0.7300,0.6344,sociablEE,FUT Esports,fade,True,100,50,1,1,1,3,False,phantom,rifle,,0.7356,0.6667,yetujey,FUT Esports,astra,True,100,50,1,2,0,6,False,phantom,rifle,,0.2533,0.7144,KROSTALY,FUT Esports,kayo,True,100,50,1,2,1,4,False,vandal,rifle,,0.1756,0.5578,Chronicle,Team Vitality,chamber,True,100,25,0,4,1,4,False,classic,sidearm,,0.6222,0.1889,Derke,Team Vitality,neon,True,100,,1,1,1,3,False,sheriff,sidearm,,0.6578,0.5267,Jamppi,Team Vitality,kayo,True,100,,1,1,1,4,False,bandit,sidearm,,0.5811,0.2922,Sayonara,Team Vitality,sova,True,100,,1,2,0,5,False,bandit,sidearm,,0.6011,0.5178,PROFEK,Team Vitality,astra,True,100,25,1,1,0,5,False,sheriff,sidearm,,0.6111,0.1944
2125.407,4174,ACTIVE_ROUND,14,8,7,58.000,,,s0pp,FUT Esports,chamber,True,100,50,0,8,1,4,False,outlaw,sniper,,0.5522,0.2089,xeus,FUT Esports,jett,True,100,50,2,1,1,7,False,vandal,rifle,,0.7300,0.6344,sociablEE,FUT Esports,fade,True,100,50,1,1,1,3,False,phantom,rifle,,0.7311,0.6600,yetujey,FUT Esports,astra,True,100,50,1,2,0,6,False,phantom,rifle,,0.2533,0.7144,KROSTALY,FUT Esports,kayo,True,100,50,1,2,1,4,False,vandal,rifle,,0.1756,0.5578,Chronicle,Team Vitality,chamber,True,100,25,0,4,1,4,False,classic,sidearm,,0.6222,0.1889,Derke,Team Vitality,neon,True,100,,1,1,1,3,False,sheriff,sidearm,,0.6533,0.5267,Jamppi,Team Vitality,kayo,True,100,,1,1,1,4,False,bandit,sidearm,,0.7233,0.2322,Sayonara,Team Vitality,sova,True,100,,1,2,0,5,False,bandit,sidearm,,0.6011,0.5178,PROFEK,Team Vitality,astra,True,100,25,1,1,0,5,False,sheriff,sidearm,,0.6089,0.1967
2125.890,4175,ACTIVE_ROUND,14,8,7,58.000,,,s0pp,FUT Esports,chamber,True,100,50,0,8,1,4,False,outlaw,sniper,,0.5522,0.2089,xeus,FUT Esports,jett,True,100,50,2,1,1,7,False,vandal,rifle,,0.1811,0.6633,sociablEE,FUT Esports,fade,True,100,50,1,1,1,3,False,phantom,rifle,,0.7267,0.6511,yetujey,FUT Esports,astra,True,100,50,1,2,0,6,False,phantom,rifle,,0.2533,0.7144,KROSTALY,FUT Esports,kayo,True,100,50,1,2,1,4,False,vandal,rifle,,0.1756,0.5578,Chronicle,Team Vitality,chamber,True,100,25,0,4,1,4,False,classic,sidearm,,0.6222,0.1889,Derke,Team Vitality,neon,True,100,,1,1,1,3,False,sheriff,sidearm,,0.6600,0.5333,Jamppi,Team Vitality,kayo,True,100,,1,1,1,4,False,bandit,sidearm,,0.7233,0.2322,Sayonara,Team Vitality,sova,True,100,,1,2,0,5,False,bandit,sidearm,,0.6011,0.5178,PROFEK,Team Vitality,astra,True,100,25,1,1,0,5,False,sheriff,sidearm,,0.6089,0.1967
2126.374,4176,ACTIVE_ROUND,14,8,7,57.000,,,s0pp,FUT Esports,chamber,True,100,50,0,8,1,4,False,outlaw,sniper,,0.1322,0.6022,xeus,FUT Esports,jett,True,100,50,2,1,1,7,False,vandal,rifle,,0.1811,0.6678,sociablEE,FUT Esports,fade,True,100,50,1,1,1,3,False,phantom,rifle,,0.7222,0.6400,yetujey,FUT Esports,astra,True,100,50,1,3,1,6,False,phantom,rifle,,0.2533,0.7144,KROSTALY,FUT Esports,kayo,True,100,50,1,2,1,4,False,vandal,rifle,,0.1756,0.5578,Chronicle,Team Vitality,chamber,True,100,25,0,4,1,4,False,classic,sidearm,,0.6222,0.1889,Derke,Team Vitality,neon,True,100,,1,1,1,3,False,sheriff,sidearm,,0.6578,0.5311,Jamppi,Team Vitality,kayo,True,100,,1,1,1,4,False,bandit,sidearm,,0.9078,0.5989,Sayonara,Team Vitality,sova,True,100,,1,2,0,5,False,bandit,sidearm,,0.6011,0.5178,PROFEK,Team Vitality,astra,True,100,25,1,1,0,5,False,sheriff,sidearm,,0.6089,0.1967
2126.858,4177,ACTIVE_ROUND,14,8,7,57.000,,,s0pp,FUT Esports,chamber,True,100,50,0,8,1,4,False,outlaw,sniper,,0.1322,0.6022,xeus,FUT Esports,jett,True,100,50,2,1,1,7,False,vandal,rifle,,0.2144,0.7122,sociablEE,FUT Esports,fade,True,100,50,1,1,1,3,False,phantom,rifle,,0.7200,0.6356,yetujey,FUT Esports,astra,True,100,50,1,3,1,6,False,phantom,rifle,,0.2533,0.7144,KROSTALY,FUT Esports,kayo,True,100,50,1,2,1,4,False,vandal,rifle,,0.1756,0.5578,Chronicle,Team Vitality,chamber,True,100,25,0,4,1,4,False,classic,sidearm,,0.6222,0.1889,Derke,Team Vitality,neon,True,100,,1,1,1,3,False,sheriff,sidearm,,0.6578,0.5311,Jamppi,Team Vitality,kayo,True,100,,1,1,1,4,False,bandit,sidearm,,0.5544,0.1811,Sayonara,Team Vitality,sova,True,100,,1,2,0,5,False,bandit,sidearm,,0.6567,0.5244,PROFEK,Team Vitality,astra,True,100,25,1,1,0,5,False,sheriff,sidearm,,0.6111,0.1967
2127.342,4178,ACTIVE_ROUND,14,8,7,56.000,,,s0pp,FUT Esports,chamber,True,100,50,0,8,1,4,False,outlaw,sniper,,0.1322,0.6022,xeus,FUT Esports,jett,True,100,50,2,1,1,7,False,vandal,rifle,,0.1811,0.6678,sociablEE,FUT Esports,fade,True,100,50,1,1,1,3,False,phantom,rifle,,0.7356,0.6289,yetujey,FUT Esports,astra,True,100,50,1,3,1,6,False,phantom,rifle,,0.2533,0.7144,KROSTALY,FUT Esports,kayo,True,100,50,1,2,1,4,False,vandal,rifle,,0.1756,0.5578,Chronicle,Team Vitality,chamber,True,100,25,0,4,1,4,False,classic,sidearm,,0.6222,0.1889,Derke,Team Vitality,neon,True,100,,1,1,1,3,False,sheriff,sidearm,,0.6578,0.5311,Jamppi,Team Vitality,kayo,True,100,,1,1,1,4,False,bandit,sidearm,,0.9078,0.5989,Sayonara,Team Vitality,sova,True,100,,1,2,0,5,False,bandit,sidearm,,0.6011,0.5178,PROFEK,Team Vitality,astra,True,100,25,1,1,0,5,False,sheriff,sidearm,,0.6200,0.1900
2127.826,4179,ACTIVE_ROUND,14,8,7,56.000,,,s0pp,FUT Esports,chamber,True,100,50,0,8,1,4,False,outlaw,sniper,,0.1322,0.6022,xeus,FUT Esports,jett,True,100,50,2,1,1,7,False,vandal,rifle,,0.1811,0.6678,sociablEE,FUT Esports,fade,True,100,50,1,1,1,3,False,phantom,rifle,,0.7378,0.6400,yetujey,FUT Esports,astra,True,100,50,1,3,1,6,False,phantom,rifle,,0.2533,0.7144,KROSTALY,FUT Esports,kayo,True,100,50,1,2,1,4,False,vandal,rifle,,0.1756,0.5578,Chronicle,Team Vitality,chamber,True,100,25,0,4,1,4,False,classic,sidearm,,0.6222,0.1889,Derke,Team Vitality,neon,True,100,,1,1,1,3,False,sheriff,sidearm,,0.6622,0.5289,Jamppi,Team Vitality,kayo,True,100,,1,1,1,4,False,bandit,sidearm,,0.5833,0.2900,Sayonara,Team Vitality,sova,True,100,,1,2,0,5,False,bandit,sidearm,,0.6011,0.5178,PROFEK,Team Vitality,astra,True,100,25,1,1,0,5,False,sheriff,sidearm,,0.6311,0.1856
2128.310,4180,ACTIVE_ROUND,14,8,7,55.000,,,s0pp,FUT Esports,chamber,True,100,50,0,8,1,4,False,outlaw,sniper,,0.1322,0.6022,xeus,FUT Esports,jett,True,100,50,2,1,1,7,False,vandal,rifle,,0.7300,0.6211,sociablEE,FUT Esports,fade,True,100,50,1,1,0,3,False,phantom,rifle,,0.7400,0.6511,yetujey,FUT Esports,astra,True,100,50,1,3,0,6,False,phantom,rifle,,0.2533,0.7144,KROSTALY,FUT Esports,kayo,True,100,50,1,2,1,4,False,vandal,rifle,,0.1756,0.5578,Chronicle,Team Vitality,chamber,True,100,25,0,4,1,4,False,classic,sidearm,,0.6222,0.1889,Derke,Team Vitality,neon,True,100,,1,1,1,3,False,sheriff,sidearm,,0.6622,0.5289,Jamppi,Team Vitality,kayo,True,100,,1,1,1,4,False,bandit,sidearm,,0.6589,0.3367,Sayonara,Team Vitality,sova,True,100,,1,2,0,5,False,bandit,sidearm,,0.6011,0.5178,PROFEK,Team Vitality,astra,True,100,25,1,0,0,5,False,sheriff,sidearm,,0.6311,0.1856
2128.793,4181,ACTIVE_ROUND,14,8,7,55.000,,,s0pp,FUT Esports,chamber,True,100,50,0,8,1,4,False,outlaw,sniper,,0.1322,0.6022,xeus,FUT Esports,jett,True,100,50,2,1,1,7,False,vandal,rifle,,0.7389,0.6278,sociablEE,FUT Esports,fade,True,100,50,1,1,0,3,False,phantom,rifle,,0.7444,0.6600,yetujey,FUT Esports,astra,True,100,50,1,3,0,6,False,phantom,rifle,,0.2533,0.7144,KROSTALY,FUT Esports,kayo,True,100,50,1,2,1,4,False,vandal,rifle,,0.1756,0.5578,Chronicle,Team Vitality,chamber,True,100,25,0,4,1,4,False,classic,sidearm,,0.6222,0.1889,Derke,Team Vitality,neon,True,100,,1,1,1,3,False,sheriff,sidearm,,0.6822,0.5178,Jamppi,Team Vitality,kayo,True,100,,1,1,1,4,False,bandit,sidearm,,0.7256,0.2322,Sayonara,Team Vitality,sova,True,100,,1,2,0,5,False,bandit,sidearm,,0.6011,0.5178,PROFEK,Team Vitality,astra,True,100,25,1,0,0,5,False,sheriff,sidearm,,0.6311,0.1856
2129.277,4182,ACTIVE_ROUND,14,8,7,54.000,,,s0pp,FUT Esports,chamber,True,100,50,0,8,1,4,False,outlaw,sniper,,0.1322,0.6022,xeus,FUT Esports,jett,True,100,50,2,1,1,7,False,vandal,rifle,,0.7411,0.6211,sociablEE,FUT Esports,fade,True,100,50,1,1,0,3,False,phantom,rifle,,0.7511,0.6533,yetujey,FUT Esports,astra,True,100,50,1,3,0,6,False,phantom,rifle,,0.2533,0.7144,KROSTALY,FUT Esports,kayo,True,100,50,1,2,1,4,False,vandal,rifle,,0.1756,0.5578,Chronicle,Team Vitality,chamber,True,100,25,0,4,1,4,False,classic,sidearm,,0.6222,0.1889,Derke,Team Vitality,neon,True,100,,1,1,1,3,False,sheriff,sidearm,,0.6822,0.5178,Jamppi,Team Vitality,kayo,True,100,,1,1,1,4,False,bandit,sidearm,,0.7256,0.2322,Sayonara,Team Vitality,sova,True,100,,1,2,0,5,False,bandit,sidearm,,0.6011,0.5178,PROFEK,Team Vitality,astra,True,100,25,1,0,0,5,False,sheriff,sidearm,,0.6511,0.1633
2129.761,4183,ACTIVE_ROUND,14,8,7,54.000,,,s0pp,FUT Esports,chamber,True,100,50,0,8,1,4,False,outlaw,sniper,,0.1322,0.6022,xeus,FUT Esports,jett,True,100,50,2,1,1,7,False,vandal,rifle,,0.7389,0.6144,sociablEE,FUT Esports,fade,True,100,50,1,1,0,3,False,phantom,rifle,,0.7511,0.6444,yetujey,FUT Esports,astra,True,100,50,1,3,0,6,False,phantom,rifle,,0.2533,0.7144,KROSTALY,FUT Esports,kayo,True,100,50,1,2,1,4,False,vandal,rifle,,0.1756,0.5578,Chronicle,Team Vitality,chamber,True,100,25,0,4,1,4,False,classic,sidearm,,0.6222,0.1889,Derke,Team Vitality,neon,True,100,,1,1,1,3,False,sheriff,sidearm,,0.6822,0.5178,Jamppi,Team Vitality,kayo,True,100,,1,1,1,4,False,bandit,sidearm,,0.8678,0.2211,Sayonara,Team Vitality,sova,True,100,,1,2,0,5,False,bandit,sidearm,,0.6011,0.5178,PROFEK,Team Vitality,astra,True,100,25,1,0,0,5,False,sheriff,sidearm,,0.6511,0.1633
2130.245,4184,ACTIVE_ROUND,14,8,7,53.000,,,s0pp,FUT Esports,chamber,True,100,50,0,8,1,4,False,outlaw,sniper,,0.1322,0.6022,xeus,FUT Esports,jett,True,100,50,2,1,1,7,False,vandal,rifle,,0.1589,0.5478,sociablEE,FUT Esports,fade,True,100,50,1,1,0,3,False,phantom,rifle,,0.7533,0.6356,yetujey,FUT Esports,astra,True,100,50,1,3,1,6,False,phantom,rifle,,0.2533,0.7144,KROSTALY,FUT Esports,kayo,True,100,50,1,2,1,4,False,vandal,rifle,,0.1756,0.5578,Chronicle,Team Vitality,chamber,True,100,25,0,4,1,4,False,classic,sidearm,,0.6222,0.1889,Derke,Team Vitality,neon,True,100,,1,1,1,3,False,sheriff,sidearm,,0.6822,0.5178,Jamppi,Team Vitality,kayo,True,100,,1,1,1,4,False,bandit,sidearm,,0.6056,0.1500,Sayonara,Team Vitality,sova,True,100,,1,2,0,5,False,classic,sidearm,,0.8478,0.2000,PROFEK,Team Vitality,astra,True,100,25,0,0,0,5,False,sheriff,sidearm,,0.6578,0.1700
2130.729,4185,ACTIVE_ROUND,14,8,7,53.000,,,s0pp,FUT Esports,chamber,True,100,50,0,8,1,4,False,outlaw,sniper,,0.1322,0.6022,xeus,FUT Esports,jett,True,100,50,2,1,1,7,False,vandal,rifle,,0.1811,0.6656,sociablEE,FUT Esports,fade,True,100,50,1,1,0,3,False,phantom,rifle,,0.7622,0.6267,yetujey,FUT Esports,astra,True,100,50,1,3,1,6,False,phantom,rifle,,0.2533,0.7144,KROSTALY,FUT Esports,kayo,True,100,50,1,2,1,4,False,vandal,rifle,,0.1756,0.5578,Chronicle,Team Vitality,chamber,True,100,25,0,4,1,4,False,classic,sidearm,,0.6222,0.1889,Derke,Team Vitality,neon,True,100,,1,1,1,3,False,sheriff,sidearm,,0.6822,0.5178,Jamppi,Team Vitality,kayo,True,100,,1,1,1,4,False,bandit,sidearm,,0.5767,0.5144,Sayonara,Team Vitality,sova,True,100,,1,2,0,5,False,classic,sidearm,,0.6100,0.5178,PROFEK,Team Vitality,astra,True,100,25,0,0,0,5,False,sheriff,sidearm,,0.6733,0.1700
2131.212,4186,ACTIVE_ROUND,14,8,7,52.000,,,s0pp,FUT Esports,chamber,True,100,50,0,8,1,4,False,outlaw,sniper,,0.1322,0.6022,xeus,FUT Esports,jett,True,100,50,2,1,1,7,False,vandal,rifle,,0.7389,0.6100,sociablEE,FUT Esports,fade,True,100,50,1,1,0,3,False,phantom,rifle,,0.7733,0.6222,yetujey,FUT Esports,astra,True,100,50,1,3,1,6,False,phantom,rifle,,0.2533,0.7144,KROSTALY,FUT Esports,kayo,True,100,50,1,2,1,4,False,vandal,rifle,,0.1756,0.5578,Chronicle,Team Vitality,chamber,True,100,25,0,4,1,4,False,classic,sidearm,,0.6222,0.1889,Derke,Team Vitality,neon,True,100,,1,1,1,3,False,sheriff,sidearm,,0.7000,0.4667,Jamppi,Team Vitality,kayo,True,100,,1,1,1,4,False,bandit,sidearm,,0.7256,0.2322,Sayonara,Team Vitality,sova,True,100,,1,2,0,5,False,classic,sidearm,,0.6189,0.5178,PROFEK,Team Vitality,astra,True,100,25,0,0,0,5,False,sheriff,sidearm,,0.6867,0.1700
2131.696,4187,ACTIVE_ROUND,14,8,7,52.000,,,s0pp,FUT Esports,chamber,True,100,50,0,8,1,4,False,outlaw,sniper,,0.1322,0.6000,xeus,FUT Esports,jett,True,100,50,2,1,1,7,False,vandal,rifle,,0.4456,0.6256,sociablEE,FUT Esports,fade,True,100,50,1,1,0,3,False,phantom,rifle,,0.7822,0.6156,yetujey,FUT Esports,astra,True,100,50,1,3,1,6,False,phantom,rifle,,0.2533,0.7144,KROSTALY,FUT Esports,kayo,True,100,50,1,2,1,4,False,vandal,rifle,,0.1756,0.5578,Chronicle,Team Vitality,chamber,True,100,25,0,4,1,4,False,classic,sidearm,,0.6267,0.5200,Derke,Team Vitality,neon,True,100,,1,1,1,3,False,sheriff,sidearm,,0.7044,0.4556,Jamppi,Team Vitality,kayo,True,100,,1,1,1,4,False,bandit,sidearm,,0.7256,0.2322,Sayonara,Team Vitality,sova,True,100,,1,2,0,5,False,classic,sidearm,,0.7344,0.1533,PROFEK,Team Vitality,astra,True,100,25,0,0,0,5,False,sheriff,sidearm,,0.7000,0.1678
2132.180,4188,ACTIVE_ROUND,14,8,7,51.000,,,s0pp,FUT Esports,chamber,True,100,50,0,8,1,4,False,outlaw,sniper,,0.1344,0.6022,xeus,FUT Esports,jett,True,100,50,2,1,1,7,False,vandal,rifle,,0.7656,0.5856,sociablEE,FUT Esports,fade,True,100,50,1,1,0,3,False,phantom,rifle,,0.7911,0.6111,yetujey,FUT Esports,astra,True,100,50,1,2,0,6,False,phantom,rifle,,0.2533,0.7144,KROSTALY,FUT Esports,kayo,True,100,50,1,2,1,4,False,vandal,rifle,,0.1756,0.5578,Chronicle,Team Vitality,chamber,True,100,25,0,4,1,4,False,classic,sidearm,,0.6267,0.5200,Derke,Team Vitality,neon,True,100,,1,1,1,3,False,sheriff,sidearm,,0.7044,0.4444,Jamppi,Team Vitality,kayo,True,100,,1,1,1,4,False,classic,sidearm,,0.7256,0.2322,Sayonara,Team Vitality,sova,True,100,,1,2,0,5,False,classic,sidearm,,0.6389,0.5222,PROFEK,Team Vitality,astra,True,100,25,1,0,0,5,False,sheriff,sidearm,,0.7133,0.1656
2132.664,4189,ACTIVE_ROUND,14,8,7,51.000,,,s0pp,FUT Esports,chamber,True,100,50,0,8,1,4,False,outlaw,sniper,,0.1344,0.6022,xeus,FUT Esports,jett,True,100,50,2,1,1,7,False,vandal,rifle,,0.1811,0.6678,sociablEE,FUT Esports,fade,True,100,50,1,1,0,3,False,phantom,rifle,,0.7978,0.6022,yetujey,FUT Esports,astra,True,100,50,1,2,0,6,False,phantom,rifle,,0.2533,0.7144,KROSTALY,FUT Esports,kayo,True,100,50,1,2,1,4,False,vandal,rifle,,0.1756,0.5578,Chronicle,Team Vitality,chamber,True,100,25,0,4,1,4,False,classic,sidearm,,0.6489,0.5200,Derke,Team Vitality,neon,True,100,,1,1,1,3,False,sheriff,sidearm,,0.7067,0.4333,Jamppi,Team Vitality,kayo,True,100,,1,1,1,4,False,classic,sidearm,,0.7256,0.2322,Sayonara,Team Vitality,sova,True,100,,1,2,0,5,False,classic,sidearm,,0.6833,0.5133,PROFEK,Team Vitality,astra,True,100,25,1,0,0,5,False,sheriff,sidearm,,0.7289,0.1678
2133.148,4190,ACTIVE_ROUND,14,8,7,50.000,,,s0pp,FUT Esports,chamber,True,100,50,0,8,1,4,False,outlaw,sniper,,0.1344,0.6022,xeus,FUT Esports,jett,True,100,50,2,1,1,7,False,vandal,rifle,,0.7544,0.1922,sociablEE,FUT Esports,fade,True,100,50,1,1,0,3,False,phantom,rifle,,0.8067,0.5956,yetujey,FUT Esports,astra,True,100,50,1,2,0,6,False,phantom,rifle,,0.2533,0.7144,KROSTALY,FUT Esports,kayo,True,100,50,1,2,1,4,False,vandal,rifle,,0.1756,0.5578,Chronicle,Team Vitality,chamber,True,100,25,0,4,1,4,False,classic,sidearm,,0.6578,0.5200,Derke,Team Vitality,neon,True,100,,1,1,1,3,False,sheriff,sidearm,,0.7067,0.4222,Jamppi,Team Vitality,kayo,True,100,,1,1,1,4,False,classic,sidearm,,0.7078,0.6478,Sayonara,Team Vitality,sova,True,100,,1,2,0,5,False,classic,sidearm,,0.6922,0.5111,PROFEK,Team Vitality,astra,True,100,25,1,0,0,5,False,sheriff,sidearm,,0.7289,0.1678
2133.631,4191,ACTIVE_ROUND,14,8,7,50.000,,,s0pp,FUT Esports,chamber,True,100,50,0,8,1,4,False,outlaw,sniper,,0.1344,0.6022,xeus,FUT Esports,jett,True,100,50,2,1,1,7,False,vandal,rifle,,0.3300,0.7100,sociablEE,FUT Esports,fade,True,100,50,1,1,0,3,False,phantom,rifle,,0.8156,0.5889,yetujey,FUT Esports,astra,True,100,50,1,2,0,6,False,phantom,rifle,,0.2533,0.7144,KROSTALY,FUT Esports,kayo,True,100,50,1,2,1,4,False,vandal,rifle,,0.1756,0.5578,Chronicle,Team Vitality,chamber,True,100,25,0,4,1,4,False,classic,sidearm,,0.6600,0.5200,Derke,Team Vitality,neon,True,100,,1,1,1,3,False,sheriff,sidearm,,0.7111,0.4133,Jamppi,Team Vitality,kayo,True,100,,1,1,1,4,False,classic,sidearm,,0.7233,0.2256,Sayonara,Team Vitality,sova,True,100,,1,2,0,5,False,classic,sidearm,,0.7767,0.6311,PROFEK,Team Vitality,astra,True,100,25,1,0,0,5,False,sheriff,sidearm,,0.7289,0.1678
2134.115,4192,ACTIVE_ROUND,14,8,7,49.000,,,s0pp,FUT Esports,chamber,True,100,50,0,8,1,4,False,outlaw,sniper,,0.1344,0.6022,xeus,FUT Esports,jett,True,100,50,2,1,1,7,False,vandal,rifle,,0.8678,0.5722,sociablEE,FUT Esports,fade,True,100,50,1,1,0,3,False,phantom,rifle,,0.8244,0.5822,yetujey,FUT Esports,astra,True,100,50,1,2,0,6,False,phantom,rifle,,0.2533,0.7144,KROSTALY,FUT Esports,kayo,True,100,50,1,2,1,4,False,vandal,rifle,,0.1756,0.5578,Chronicle,Team Vitality,chamber,True,100,25,0,4,1,4,False,classic,sidearm,,0.6600,0.5178,Derke,Team Vitality,neon,True,100,,1,1,1,3,False,sheriff,sidearm,,0.7156,0.4022,Jamppi,Team Vitality,kayo,True,100,,1,1,1,4,False,bandit,sidearm,,0.7256,0.2300,Sayonara,Team Vitality,sova,True,100,,1,2,0,5,False,bandit,sidearm,,0.7344,0.3667,PROFEK,Team Vitality,astra,True,100,25,0,0,0,5,False,sheriff,sidearm,,0.7289,0.1678
2134.599,4193,ACTIVE_ROUND,14,8,7,49.000,,,s0pp,FUT Esports,chamber,True,100,50,0,8,1,4,False,outlaw,sniper,,0.1344,0.6022,xeus,FUT Esports,jett,True,100,50,2,1,1,7,False,vandal,rifle,,0.7522,0.5767,sociablEE,FUT Esports,fade,True,100,50,1,1,0,3,False,phantom,rifle,,0.8356,0.5778,yetujey,FUT Esports,astra,True,100,50,1,2,0,6,False,phantom,rifle,,0.2533,0.7144,KROSTALY,FUT Esports,kayo,True,100,50,1,2,1,4,False,vandal,rifle,,0.1756,0.5578,Chronicle,Team Vitality,chamber,True,100,25,0,4,1,4,False,classic,sidearm,,0.6600,0.5178,Derke,Team Vitality,neon,True,100,,1,1,1,3,False,sheriff,sidearm,,0.7156,0.3911,Jamppi,Team Vitality,kayo,True,100,,1,1,1,4,False,bandit,sidearm,,0.7233,0.2322,Sayonara,Team Vitality,sova,True,100,,1,2,0,5,False,bandit,sidearm,,0.6611,0.5178,PROFEK,Team Vitality,astra,True,100,25,0,0,0,5,False,sheriff,sidearm,,0.7289,0.1678
2135.083,4194,ACTIVE_ROUND,14,8,7,49.000,,,s0pp,FUT Esports,chamber,True,100,50,0,8,1,4,False,outlaw,sniper,,0.1344,0.6022,xeus,FUT Esports,jett,True,100,50,2,1,1,7,False,vandal,rifle,,0.8833,0.5678,sociablEE,FUT Esports,fade,True,100,50,1,1,0,3,False,phantom,rifle,,0.8467,0.5733,yetujey,FUT Esports,astra,True,100,50,1,2,0,6,False,phantom,rifle,,0.2533,0.7144,KROSTALY,FUT Esports,kayo,True,100,50,1,2,1,4,False,vandal,rifle,,0.1756,0.5578,Chronicle,Team Vitality,chamber,True,100,25,0,4,1,4,False,classic,sidearm,,0.6600,0.5178,Derke,Team Vitality,neon,True,100,,1,1,1,3,False,sheriff,sidearm,,0.7156,0.3933,Jamppi,Team Vitality,kayo,True,100,,1,1,1,4,False,bandit,sidearm,,0.7233,0.2322,Sayonara,Team Vitality,sova,True,100,,1,2,0,5,False,bandit,sidearm,,0.6589,0.5200,PROFEK,Team Vitality,astra,True,100,25,0,0,0,5,False,sheriff,sidearm,,0.7289,0.1678
2135.567,4195,ACTIVE_ROUND,14,8,7,48.000,,,s0pp,FUT Esports,chamber,True,100,50,0,8,1,4,False,outlaw,sniper,,0.1344,0.6022,xeus,FUT Esports,jett,True,100,50,2,1,1,7,False,vandal,rifle,,0.3922,0.3811,sociablEE,FUT Esports,fade,True,100,50,1,1,0,3,False,phantom,rifle,,0.8578,0.5711,yetujey,FUT Esports,astra,True,100,50,1,2,0,6,False,phantom,rifle,,0.2533,0.7144,KROSTALY,FUT Esports,kayo,True,100,50,1,2,1,4,False,vandal,rifle,,0.1756,0.5578,Chronicle,Team Vitality,chamber,True,100,25,0,4,1,4,False,classic,sidearm,,0.6600,0.5178,Derke,Team Vitality,neon,True,100,,1,1,1,3,False,sheriff,sidearm,,0.7133,0.4044,Jamppi,Team Vitality,kayo,True,100,,1,1,1,4,False,bandit,sidearm,,0.7078,0.6478,Sayonara,Team Vitality,sova,True,100,,1,2,0,5,False,bandit,sidearm,,0.6611,0.5178,PROFEK,Team Vitality,astra,True,100,25,0,0,0,5,False,sheriff,sidearm,,0.7289,0.1678
2136.051,4196,ACTIVE_ROUND,14,8,7,48.000,,,s0pp,FUT Esports,chamber,True,100,50,0,8,1,4,False,outlaw,sniper,,0.1344,0.6022,xeus,FUT Esports,jett,True,100,50,2,1,1,7,False,vandal,rifle,,0.5833,0.5589,sociablEE,FUT Esports,fade,True,100,50,1,1,0,3,False,phantom,rifle,,0.8667,0.5667,yetujey,FUT Esports,astra,True,100,50,1,2,0,6,False,phantom,rifle,,0.2533,0.7144,KROSTALY,FUT Esports,kayo,True,100,50,1,2,1,4,False,vandal,rifle,,0.1756,0.5578,Chronicle,Team Vitality,chamber,True,100,25,0,4,1,4,False,classic,sidearm,,0.6600,0.5178,Derke,Team Vitality,neon,True,100,,1,1,1,3,False,sheriff,sidearm,,0.7111,0.4089,Jamppi,Team Vitality,kayo,True,100,,1,1,1,4,False,bandit,sidearm,,0.6589,0.3367,Sayonara,Team Vitality,sova,True,100,,1,2,0,5,False,classic,sidearm,,0.6633,0.5178,PROFEK,Team Vitality,astra,True,100,25,0,1,0,5,False,sheriff,sidearm,,0.7289,0.1678
2136.534,4197,ACTIVE_ROUND,14,8,7,47.000,,,s0pp,FUT Esports,chamber,True,100,50,0,8,1,4,False,outlaw,sniper,,0.1344,0.6022,xeus,FUT Esports,jett,True,100,50,2,1,1,7,False,vandal,rifle,,0.4989,0.4478,sociablEE,FUT Esports,fade,True,100,50,1,1,0,3,False,phantom,rifle,,0.8756,0.5644,yetujey,FUT Esports,astra,True,100,50,1,2,0,6,False,phantom,rifle,,0.2533,0.7144,KROSTALY,FUT Esports,kayo,True,100,50,1,2,1,4,False,vandal,rifle,,0.1756,0.5578,Chronicle,Team Vitality,chamber,True,100,25,0,4,1,4,False,classic,sidearm,,0.6600,0.5178,Derke,Team Vitality,neon,True,100,,1,1,1,3,False,sheriff,sidearm,,0.7156,0.3978,Jamppi,Team Vitality,kayo,True,100,,1,1,1,4,False,bandit,sidearm,,0.7233,0.2322,Sayonara,Team Vitality,sova,True,100,,1,2,0,5,False,classic,sidearm,,0.6633,0.5178,PROFEK,Team Vitality,astra,True,100,25,0,1,0,5,False,sheriff,sidearm,,0.8200,0.2056
2137.018,4198,ACTIVE_ROUND,14,8,7,47.000,,,s0pp,FUT Esports,chamber,True,100,50,0,8,1,4,False,outlaw,sniper,,0.1344,0.6022,xeus,FUT Esports,jett,True,100,50,2,1,1,7,False,vandal,rifle,,0.2144,0.7122,sociablEE,FUT Esports,fade,True,100,50,1,1,0,3,False,phantom,rifle,,0.8822,0.5689,yetujey,FUT Esports,astra,True,100,50,1,2,0,6,False,phantom,rifle,,0.2533,0.7144,KROSTALY,FUT Esports,kayo,True,100,50,1,2,1,4,False,vandal,rifle,,0.1756,0.5578,Chronicle,Team Vitality,chamber,True,100,25,0,4,1,4,False,classic,sidearm,,0.6600,0.5178,Derke,Team Vitality,neon,True,100,,1,1,1,3,False,sheriff,sidearm,,0.7156,0.3911,Jamppi,Team Vitality,kayo,True,100,,1,1,1,4,False,bandit,sidearm,,0.7233,0.2322,Sayonara,Team Vitality,sova,True,100,,1,2,0,5,False,classic,sidearm,,0.6656,0.5178,PROFEK,Team Vitality,astra,True,100,25,0,1,0,5,False,sheriff,sidearm,,0.8200,0.2056
2137.502,4199,ACTIVE_ROUND,14,8,7,46.000,,,s0pp,FUT Esports,chamber,True,100,50,0,8,1,4,False,outlaw,sniper,,0.1344,0.6022,xeus,FUT Esports,jett,True,100,50,2,1,1,7,False,vandal,rifle,,0.2144,0.7122,sociablEE,FUT Esports,fade,True,100,50,1,1,0,3,False,phantom,rifle,,0.8889,0.5600,yetujey,FUT Esports,astra,True,100,50,1,2,0,6,False,phantom,rifle,,0.2533,0.7144,KROSTALY,FUT Esports,kayo,True,100,50,1,2,1,4,False,vandal,rifle,,0.1756,0.5578,Chronicle,Team Vitality,chamber,True,100,25,0,4,1,4,False,classic,sidearm,,0.6600,0.5178,Derke,Team Vitality,neon,True,100,,1,1,1,3,False,sheriff,sidearm,,0.7156,0.4000,Jamppi,Team Vitality,kayo,True,100,,1,1,1,4,False,bandit,sidearm,,0.7233,0.2322,Sayonara,Team Vitality,sova,True,100,,1,2,0,5,False,classic,sidearm,,0.6656,0.5178,PROFEK,Team Vitality,astra,True,100,25,0,1,0,5,False,sheriff,sidearm,,0.8200,0.2056
2137.986,4200,ACTIVE_ROUND,14,8,7,46.000,,,s0pp,FUT Esports,chamber,True,100,50,0,8,1,4,False,outlaw,sniper,,0.1322,0.6022,xeus,FUT Esports,jett,True,100,50,2,1,1,7,False,vandal,rifle,,0.5833,0.5567,sociablEE,FUT Esports,fade,True,100,50,1,1,0,3,False,phantom,rifle,,0.8956,0.5600,yetujey,FUT Esports,astra,True,100,50,1,1,0,6,False,phantom,rifle,,0.2533,0.7144,KROSTALY,FUT Esports,kayo,True,100,50,1,2,1,4,False,vandal,rifle,,0.1756,0.5578,Chronicle,Team Vitality,chamber,True,100,25,0,4,1,4,False,classic,sidearm,,0.6600,0.5178,Derke,Team Vitality,neon,True,100,,1,1,1,3,False,sheriff,sidearm,,0.7111,0.4111,Jamppi,Team Vitality,kayo,True,100,,1,1,1,4,False,classic,sidearm,,0.6567,0.4100,Sayonara,Team Vitality,sova,True,100,,1,2,0,5,False,classic,sidearm,,0.6656,0.5178,PROFEK,Team Vitality,astra,True,100,25,1,1,0,5,False,sheriff,sidearm,,0.8200,0.2056
2138.470,4201,ACTIVE_ROUND,14,8,7,45.000,,,s0pp,FUT Esports,chamber,True,100,50,0,8,1,4,False,outlaw,sniper,,0.1322,0.6022,xeus,FUT Esports,jett,True,100,50,2,1,1,7,False,vandal,rifle,,0.2144,0.7122,sociablEE,FUT Esports,fade,True,100,50,1,1,0,3,False,phantom,rifle,,0.9022,0.5600,yetujey,FUT Esports,astra,True,100,50,1,1,0,6,False,phantom,rifle,,0.2533,0.7144,KROSTALY,FUT Esports,kayo,True,100,50,1,2,1,4,False,vandal,rifle,,0.1756,0.5578,Chronicle,Team Vitality,chamber,True,100,25,0,4,1,4,False,classic,sidearm,,0.6600,0.5178,Derke,Team Vitality,neon,True,100,,1,1,1,3,False,sheriff,sidearm,,0.7133,0.4222,Jamppi,Team Vitality,kayo,True,100,,1,1,1,4,False,classic,sidearm,,0.6567,0.4100,Sayonara,Team Vitality,sova,True,100,,1,2,0,5,False,classic,sidearm,,0.6656,0.5178,PROFEK,Team Vitality,astra,True,100,25,1,1,0,5,False,sheriff,sidearm,,0.8200,0.2056
2138.953,4202,ACTIVE_ROUND,14,8,7,45.000,,,s0pp,FUT Esports,chamber,True,100,50,0,8,1,4,False,outlaw,sniper,,0.7478,0.6756,xeus,FUT Esports,jett,True,100,50,2,1,1,7,False,vandal,rifle,,0.8744,0.5700,sociablEE,FUT Esports,fade,True,100,50,1,1,0,3,False,phantom,rifle,,0.9044,0.5578,yetujey,FUT Esports,astra,True,100,50,1,1,0,6,False,phantom,rifle,,0.2533,0.7144,KROSTALY,FUT Esports,kayo,True,100,50,1,2,1,4,False,vandal,rifle,,0.1756,0.5578,Chronicle,Team Vitality,chamber,True,100,25,0,4,1,4,False,classic,sidearm,,0.6644,0.5178,Derke,Team Vitality,neon,True,100,,1,1,1,3,False,sheriff,sidearm,,0.7111,0.4333,Jamppi,Team Vitality,kayo,True,100,,1,1,1,4,False,classic,sidearm,,0.6567,0.4100,Sayonara,Team Vitality,sova,True,100,,1,2,0,5,False,classic,sidearm,,0.6656,0.5178,PROFEK,Team Vitality,astra,True,100,25,1,1,0,5,False,sheriff,sidearm,,0.8200,0.2056
2139.437,4203,ACTIVE_ROUND,14,8,7,44.000,,,s0pp,FUT Esports,chamber,True,100,50,0,8,1,4,False,outlaw,sniper,,0.1344,0.5956,xeus,FUT Esports,jett,True,100,50,2,1,1,7,False,vandal,rifle,,0.2144,0.7122,sociablEE,FUT Esports,fade,True,100,50,1,1,0,3,False,phantom,rifle,,0.9133,0.5511,yetujey,FUT Esports,astra,True,100,50,1,1,0,6,False,phantom,rifle,,0.2533,0.7144,KROSTALY,FUT Esports,kayo,True,100,50,1,2,1,4,False,vandal,rifle,,0.1756,0.5578,Chronicle,Team Vitality,chamber,True,100,25,0,4,1,4,False,classic,sidearm,,0.6644,0.5178,Derke,Team Vitality,neon,True,100,,1,1,1,3,False,sheriff,sidearm,,0.7089,0.4422,Jamppi,Team Vitality,kayo,True,100,,1,1,1,4,False,classic,sidearm,,0.6567,0.4100,Sayonara,Team Vitality,sova,True,100,,1,2,0,5,False,classic,sidearm,,0.6656,0.5178,PROFEK,Team Vitality,astra,True,100,25,1,1,0,5,False,sheriff,sidearm,,0.8200,0.2056
2139.921,4204,ACTIVE_ROUND,14,8,7,44.000,,,s0pp,FUT Esports,chamber,True,100,50,0,8,1,4,False,outlaw,sniper,,0.1367,0.5911,xeus,FUT Esports,jett,True,100,50,2,1,1,7,False,vandal,rifle,,0.8767,0.5700,sociablEE,FUT Esports,fade,True,100,50,1,1,0,3,False,phantom,rifle,,0.9133,0.5533,yetujey,FUT Esports,astra,True,100,50,1,2,0,6,False,phantom,rifle,,0.2533,0.7144,KROSTALY,FUT Esports,kayo,True,100,50,1,2,1,4,False,vandal,rifle,,0.1756,0.5578,Chronicle,Team Vitality,chamber,True,100,25,0,4,1,4,False,classic,sidearm,,0.6644,0.5178,Derke,Team Vitality,neon,True,100,,1,1,1,3,False,sheriff,sidearm,,0.7089,0.4489,Jamppi,Team Vitality,kayo,True,100,,1,1,1,4,False,classic,sidearm,,0.6567,0.4100,Sayonara,Team Vitality,sova,True,100,,1,2,0,5,False,classic,sidearm,,0.7389,0.6311,PROFEK,Team Vitality,astra,True,100,25,1,1,0,5,False,sheriff,sidearm,,0.8200,0.2056
2140.405,4205,ACTIVE_ROUND,14,8,7,43.000,,,s0pp,FUT Esports,chamber,True,100,50,0,8,1,4,False,outlaw,sniper,,0.1367,0.5911,xeus,FUT Esports,jett,True,100,50,2,1,1,7,False,vandal,rifle,,0.8833,0.5678,sociablEE,FUT Esports,fade,True,100,50,1,1,0,3,False,phantom,rifle,,0.9178,0.5444,yetujey,FUT Esports,astra,True,100,50,1,2,0,6,False,phantom,rifle,,0.2533,0.7144,KROSTALY,FUT Esports,kayo,True,100,50,1,2,1,4,False,vandal,rifle,,0.1756,0.5578,Chronicle,Team Vitality,chamber,True,100,25,0,4,1,4,False,classic,sidearm,,0.6644,0.5178,Derke,Team Vitality,neon,True,100,,1,1,1,3,False,sheriff,sidearm,,0.7067,0.4378,Jamppi,Team Vitality,kayo,True,100,,1,1,1,4,False,classic,sidearm,,0.6567,0.4100,Sayonara,Team Vitality,sova,True,100,,1,2,0,5,False,classic,sidearm,,0.8833,0.5222,PROFEK,Team Vitality,astra,True,100,25,1,1,0,5,False,sheriff,sidearm,,0.8200,0.2056
2140.889,4206,ACTIVE_ROUND,14,8,7,43.000,,,s0pp,FUT Esports,chamber,True,100,50,0,8,1,4,False,outlaw,sniper,,0.6100,0.5378,xeus,FUT Esports,jett,True,100,50,2,1,1,7,False,vandal,rifle,,0.2144,0.7122,sociablEE,FUT Esports,fade,True,100,50,1,1,0,3,False,phantom,rifle,,0.9222,0.5400,yetujey,FUT Esports,astra,True,100,50,1,2,0,6,False,phantom,rifle,,0.2533,0.7144,KROSTALY,FUT Esports,kayo,True,100,50,1,2,1,4,False,vandal,rifle,,0.1756,0.5578,Chronicle,Team Vitality,chamber,True,100,25,0,4,1,4,False,classic,sidearm,,0.1333,0.5911,Derke,Team Vitality,neon,True,100,,1,1,1,3,False,sheriff,sidearm,,0.7089,0.4267,Jamppi,Team Vitality,kayo,True,100,,1,1,1,4,False,classic,sidearm,,0.8633,0.2144,Sayonara,Team Vitality,sova,True,100,,1,2,0,5,False,classic,sidearm,,0.6656,0.5178,PROFEK,Team Vitality,astra,True,100,25,1,1,0,5,False,sheriff,sidearm,,0.8200,0.2056
2141.373,4207,ACTIVE_ROUND,14,8,7,42.000,,,s0pp,FUT Esports,chamber,True,100,50,0,8,1,4,False,outlaw,sniper,,0.6100,0.5378,xeus,FUT Esports,jett,True,100,50,2,1,1,7,False,vandal,rifle,,0.8411,0.2367,sociablEE,FUT Esports,fade,True,100,50,1,1,0,3,False,phantom,rifle,,0.9244,0.5289,yetujey,FUT Esports,astra,True,100,50,1,2,0,6,False,phantom,rifle,,0.2533,0.7144,KROSTALY,FUT Esports,kayo,True,100,50,1,2,1,4,False,vandal,rifle,,0.1756,0.5578,Chronicle,Team Vitality,chamber,True,100,25,0,4,1,4,False,classic,sidearm,,0.6644,0.5178,Derke,Team Vitality,neon,True,100,,1,1,1,3,False,sheriff,sidearm,,0.7089,0.4156,Jamppi,Team Vitality,kayo,True,100,,1,1,1,4,False,classic,sidearm,,0.5700,0.7322,Sayonara,Team Vitality,sova,True,100,,1,2,0,5,False,classic,sidearm,,0.6656,0.5178,PROFEK,Team Vitality,astra,True,100,25,1,1,0,5,False,sheriff,sidearm,,0.8200,0.2056
2141.856,4208,ACTIVE_ROUND,14,8,7,42.000,,,s0pp,FUT Esports,chamber,True,100,50,0,8,1,4,False,outlaw,sniper,,0.1233,0.5689,xeus,FUT Esports,jett,True,100,50,2,1,1,7,False,vandal,rifle,,0.1811,0.6722,sociablEE,FUT Esports,fade,True,100,50,1,1,0,3,False,phantom,rifle,,0.9244,0.5178,yetujey,FUT Esports,astra,True,100,50,1,2,0,6,False,phantom,rifle,,0.2533,0.7144,KROSTALY,FUT Esports,kayo,True,100,50,1,2,1,4,False,vandal,rifle,,0.1756,0.5578,Chronicle,Team Vitality,chamber,True,100,25,0,4,1,4,False,classic,sidearm,,0.6644,0.5178,Derke,Team Vitality,neon,True,100,,1,1,1,3,False,sheriff,sidearm,,0.7111,0.4044,Jamppi,Team Vitality,kayo,True,100,,1,1,1,4,False,bandit,sidearm,,0.8678,0.2167,Sayonara,Team Vitality,sova,True,100,,1,2,0,5,False,classic,sidearm,,0.6989,0.3800,PROFEK,Team Vitality,astra,True,100,25,1,1,0,5,False,sheriff,sidearm,,0.8200,0.2056
2142.340,4209,ACTIVE_ROUND,14,8,7,41.000,,,s0pp,FUT Esports,chamber,True,100,50,0,8,1,4,False,outlaw,sniper,,0.8411,0.5067,xeus,FUT Esports,jett,True,100,50,2,1,1,7,False,vandal,rifle,,0.1811,0.6722,sociablEE,FUT Esports,fade,True,100,50,1,1,0,3,False,phantom,rifle,,0.9244,0.5178,yetujey,FUT Esports,astra,True,100,50,1,2,0,6,False,phantom,rifle,,0.2533,0.7144,KROSTALY,FUT Esports,kayo,True,100,50,1,2,1,4,False,vandal,rifle,,0.1756,0.5578,Chronicle,Team Vitality,chamber,True,100,25,0,4,1,4,False,classic,sidearm,,0.6644,0.5178,Derke,Team Vitality,neon,True,100,,1,1,1,3,False,sheriff,sidearm,,0.7111,0.4044,Jamppi,Team Vitality,kayo,True,100,,1,1,1,4,False,bandit,sidearm,,0.6678,0.3789,Sayonara,Team Vitality,sova,True,100,,1,2,0,5,False,classic,sidearm,,0.7233,0.3689,PROFEK,Team Vitality,astra,True,100,25,1,1,0,5,False,sheriff,sidearm,,0.8200,0.1989
2142.824,4210,ACTIVE_ROUND,14,8,7,41.000,,,s0pp,FUT Esports,chamber,True,100,50,0,8,1,4,False,outlaw,sniper,,0.8411,0.5067,xeus,FUT Esports,jett,True,100,50,2,1,1,7,False,vandal,rifle,,0.1811,0.6722,sociablEE,FUT Esports,fade,True,100,50,1,1,0,3,False,phantom,rifle,,0.9044,0.5044,yetujey,FUT Esports,astra,True,100,50,1,2,0,6,False,phantom,rifle,,0.2533,0.7144,KROSTALY,FUT Esports,kayo,True,100,50,1,2,1,4,False,vandal,rifle,,0.1756,0.5578,Chronicle,Team Vitality,chamber,True,100,25,0,4,1,4,False,classic,sidearm,,0.6644,0.5178,Derke,Team Vitality,neon,True,100,,1,1,1,3,False,sheriff,sidearm,,0.7067,0.4156,Jamppi,Team Vitality,kayo,True,100,,1,1,1,4,False,bandit,sidearm,,0.6722,0.4856,Sayonara,Team Vitality,sova,True,100,,1,2,0,5,False,classic,sidearm,,0.6989,0.5089,PROFEK,Team Vitality,astra,True,100,25,1,1,0,5,False,sheriff,sidearm,,0.8200,0.1989
2143.308,4211,ACTIVE_ROUND,14,8,7,40.000,,,s0pp,FUT Esports,chamber,True,100,50,0,8,1,4,False,outlaw,sniper,,0.8189,0.4933,xeus,FUT Esports,jett,True,100,50,2,1,1,7,False,vandal,rifle,,0.1811,0.6722,sociablEE,FUT Esports,fade,True,100,50,1,1,0,3,False,phantom,rifle,,0.8933,0.4956,yetujey,FUT Esports,astra,True,100,50,1,2,0,6,False,phantom,rifle,,0.2533,0.7144,KROSTALY,FUT Esports,kayo,True,100,50,1,2,1,4,False,vandal,rifle,,0.1756,0.5578,Chronicle,Team Vitality,chamber,True,100,25,0,4,1,4,False,classic,sidearm,,0.6644,0.5178,Derke,Team Vitality,neon,True,100,,1,1,1,3,False,sheriff,sidearm,,0.7044,0.4267,Jamppi,Team Vitality,kayo,True,100,,1,1,1,4,False,bandit,sidearm,,0.7233,0.2322,Sayonara,Team Vitality,sova,True,100,,1,2,0,5,False,classic,sidearm,,0.6989,0.5089,PROFEK,Team Vitality,astra,True,100,25,1,1,0,5,False,sheriff,sidearm,,0.8200,0.1989
2143.792,4212,ACTIVE_ROUND,14,8,7,40.000,,,s0pp,FUT Esports,chamber,True,100,50,0,8,1,4,False,outlaw,sniper,,0.7100,0.2444,xeus,FUT Esports,jett,True,100,50,2,1,1,7,False,vandal,rifle,,0.1811,0.6722,sociablEE,FUT Esports,fade,True,100,50,1,1,0,3,False,phantom,rifle,,0.8933,0.4956,yetujey,FUT Esports,astra,True,100,50,1,1,0,6,False,phantom,rifle,,0.2533,0.7144,KROSTALY,FUT Esports,kayo,True,100,50,1,2,1,4,False,vandal,rifle,,0.1756,0.5578,Chronicle,Team Vitality,chamber,True,100,25,0,4,1,4,False,classic,sidearm,,0.6644,0.5178,Derke,Team Vitality,neon,True,100,,1,1,1,3,False,sheriff,sidearm,,0.7022,0.4378,Jamppi,Team Vitality,kayo,True,100,,1,1,1,4,False,bandit,sidearm,,0.7233,0.2322,Sayonara,Team Vitality,sova,True,100,,1,2,0,5,False,bandit,sidearm,,0.7144,0.4022,PROFEK,Team Vitality,astra,True,100,25,1,0,0,5,False,sheriff,sidearm,,0.8200,0.1989
2144.275,4213,ACTIVE_ROUND,14,8,7,39.000,,,s0pp,FUT Esports,chamber,True,100,50,0,8,1,4,False,outlaw,sniper,,0.2633,0.7622,xeus,FUT Esports,jett,True,100,50,2,1,1,7,False,vandal,rifle,,0.1811,0.6722,sociablEE,FUT Esports,fade,True,100,50,1,1,0,3,False,phantom,rifle,,0.8933,0.4956,yetujey,FUT Esports,astra,True,100,50,1,1,0,6,False,phantom,rifle,,0.2533,0.7144,KROSTALY,FUT Esports,kayo,True,100,50,1,2,1,4,False,vandal,rifle,,0.1756,0.5578,Chronicle,Team Vitality,chamber,True,100,25,0,4,1,4,False,classic,sidearm,,0.6644,0.5178,Derke,Team Vitality,neon,True,100,,1,1,1,3,False,sheriff,sidearm,,0.7000,0.4489,Jamppi,Team Vitality,kayo,True,100,,1,1,1,4,False,bandit,sidearm,,0.6722,0.4700,Sayonara,Team Vitality,sova,True,100,,1,2,0,5,False,bandit,sidearm,,0.6656,0.5178,PROFEK,Team Vitality,astra,True,100,25,1,0,0,5,False,sheriff,sidearm,,0.8200,0.1989
2144.759,4214,ACTIVE_ROUND,14,8,7,39.000,,,s0pp,FUT Esports,chamber,True,100,50,0,8,1,4,False,outlaw,sniper,,0.1189,0.5400,xeus,FUT Esports,jett,True,100,50,2,1,1,7,False,vandal,rifle,,0.1811,0.6722,sociablEE,FUT Esports,fade,True,100,50,1,1,0,3,False,phantom,rifle,,0.8933,0.4956,yetujey,FUT Esports,astra,True,100,50,1,1,0,6,False,phantom,rifle,,0.2533,0.7144,KROSTALY,FUT Esports,kayo,True,100,50,1,2,1,4,False,vandal,rifle,,0.1756,0.5578,Chronicle,Team Vitality,chamber,True,100,25,0,4,1,4,False,classic,sidearm,,0.6644,0.5178,Derke,Team Vitality,neon,True,100,,1,1,1,3,False,sheriff,sidearm,,0.7000,0.4600,Jamppi,Team Vitality,kayo,True,100,,1,1,1,4,False,bandit,sidearm,,0.6722,0.4700,Sayonara,Team Vitality,sova,True,100,,1,2,0,5,False,bandit,sidearm,,0.7122,0.4244,PROFEK,Team Vitality,astra,True,100,25,1,0,0,5,False,sheriff,sidearm,,0.8200,0.1989
2145.243,4215,ACTIVE_ROUND,14,8,7,38.000,,,s0pp,FUT Esports,chamber,True,100,50,0,8,1,4,False,outlaw,sniper,,0.1278,0.5467,xeus,FUT Esports,jett,True,100,50,2,1,1,7,False,vandal,rifle,,0.8811,0.4878,sociablEE,FUT Esports,fade,True,100,50,1,1,0,3,False,phantom,rifle,,0.8556,0.4800,yetujey,FUT Esports,astra,True,100,50,1,1,0,6,False,phantom,rifle,,0.2533,0.7144,KROSTALY,FUT Esports,kayo,True,100,50,1,2,1,4,False,vandal,rifle,,0.1756,0.5578,Chronicle,Team Vitality,chamber,True,100,25,0,4,1,4,False,classic,sidearm,,0.6622,0.5178,Derke,Team Vitality,neon,True,100,,1,1,1,3,False,sheriff,sidearm,,0.6978,0.4711,Jamppi,Team Vitality,kayo,True,100,,1,1,1,4,False,bandit,sidearm,,0.8678,0.2256,Sayonara,Team Vitality,sova,True,100,,1,2,0,5,False,bandit,sidearm,,0.7122,0.4244,PROFEK,Team Vitality,astra,True,100,25,1,0,0,5,False,sheriff,sidearm,,0.8200,0.1989
2145.727,4216,ACTIVE_ROUND,14,8,7,38.000,,,s0pp,FUT Esports,chamber,True,100,50,0,8,1,4,False,outlaw,sniper,,0.1389,0.5489,xeus,FUT Esports,jett,True,100,50,2,1,1,7,False,vandal,rifle,,0.1811,0.6722,sociablEE,FUT Esports,fade,True,100,50,1,1,0,3,False,phantom,rifle,,0.8556,0.4800,yetujey,FUT Esports,astra,True,100,50,1,2,0,6,False,phantom,rifle,,0.2533,0.7144,KROSTALY,FUT Esports,kayo,True,100,50,1,2,1,4,False,vandal,rifle,,0.1756,0.5578,Chronicle,Team Vitality,chamber,True,100,25,0,4,1,4,False,classic,sidearm,,0.6622,0.5178,Derke,Team Vitality,neon,True,100,,1,1,1,3,False,sheriff,sidearm,,0.6978,0.4711,Jamppi,Team Vitality,kayo,True,100,,1,1,1,4,False,bandit,sidearm,,0.8656,0.2367,Sayonara,Team Vitality,sova,True,100,,1,2,0,5,False,classic,sidearm,,0.7033,0.4422,PROFEK,Team Vitality,astra,True,100,25,0,0,0,5,False,sheriff,sidearm,,0.8200,0.1989
2146.211,4217,ACTIVE_ROUND,14,8,7,37.000,,,s0pp,FUT Esports,chamber,True,100,50,0,8,1,4,False,outlaw,sniper,,0.1500,0.5489,xeus,FUT Esports,jett,True,100,50,2,1,1,7,False,vandal,rifle,,0.1811,0.6722,sociablEE,FUT Esports,fade,True,100,50,1,1,0,3,False,phantom,rifle,,0.8378,0.4733,yetujey,FUT Esports,astra,True,100,50,1,2,0,6,False,phantom,rifle,,0.2533,0.7144,KROSTALY,FUT Esports,kayo,True,100,50,1,2,1,4,False,vandal,rifle,,0.1756,0.5578,Chronicle,Team Vitality,chamber,True,100,25,0,4,1,4,False,classic,sidearm,,0.6644,0.5178,Derke,Team Vitality,neon,True,100,,1,1,1,3,False,sheriff,sidearm,,0.6978,0.4711,Jamppi,Team Vitality,kayo,True,100,,1,1,1,4,False,bandit,sidearm,,0.8656,0.2344,Sayonara,Team Vitality,sova,True,100,,1,2,0,5,False,classic,sidearm,,0.7144,0.4667,PROFEK,Team Vitality,astra,True,100,25,0,0,0,5,False,sheriff,sidearm,,0.7933,0.1700
2146.695,4218,ACTIVE_ROUND,14,8,7,37.000,,,s0pp,FUT Esports,chamber,True,100,50,0,8,1,4,False,outlaw,sniper,,0.1456,0.5467,xeus,FUT Esports,jett,True,100,50,2,1,1,7,False,vandal,rifle,,0.1789,0.6811,sociablEE,FUT Esports,fade,True,100,50,1,1,0,3,False,phantom,rifle,,0.8378,0.4733,yetujey,FUT Esports,astra,True,100,50,1,2,0,6,False,phantom,rifle,,0.2533,0.7144,KROSTALY,FUT Esports,kayo,True,100,50,1,2,1,4,False,vandal,rifle,,0.1756,0.5578,Chronicle,Team Vitality,chamber,True,100,25,0,4,1,4,False,classic,sidearm,,0.6644,0.5178,Derke,Team Vitality,neon,True,100,,1,1,1,3,False,sheriff,sidearm,,0.6978,0.4711,Jamppi,Team Vitality,kayo,True,100,,1,1,1,4,False,bandit,sidearm,,0.8656,0.2233,Sayonara,Team Vitality,sova,True,100,,1,2,0,5,False,classic,sidearm,,0.6656,0.5178,PROFEK,Team Vitality,astra,True,100,25,0,0,0,5,False,sheriff,sidearm,,0.7933,0.1700
2147.178,4219,ACTIVE_ROUND,14,8,7,36.000,,,s0pp,FUT Esports,chamber,True,100,50,0,8,1,4,False,outlaw,sniper,,0.1389,0.5533,xeus,FUT Esports,jett,True,100,50,2,1,1,7,False,vandal,rifle,,0.7944,0.3589,sociablEE,FUT Esports,fade,True,100,50,1,1,0,3,False,phantom,rifle,,0.8222,0.4600,yetujey,FUT Esports,astra,True,100,50,1,2,0,6,False,phantom,rifle,,0.2533,0.7144,KROSTALY,FUT Esports,kayo,True,100,50,1,2,1,4,False,vandal,rifle,,0.1756,0.5578,Chronicle,Team Vitality,chamber,True,100,25,0,4,1,4,False,classic,sidearm,,0.6644,0.5178,Derke,Team Vitality,neon,True,100,,1,1,1,3,False,sheriff,sidearm,,0.6978,0.4711,Jamppi,Team Vitality,kayo,True,100,,1,1,1,4,False,bandit,sidearm,,0.7256,0.1878,Sayonara,Team Vitality,sova,True,100,,1,2,0,5,False,classic,sidearm,,0.7100,0.4689,PROFEK,Team Vitality,astra,True,100,25,0,0,0,5,False,sheriff,sidearm,,0.7933,0.1700
2147.662,4220,ACTIVE_ROUND,14,8,7,36.000,,,s0pp,FUT Esports,chamber,True,100,50,0,8,1,4,False,outlaw,sniper,,0.1322,0.5644,xeus,FUT Esports,jett,True,100,50,2,1,1,7,False,vandal,rifle,,0.7944,0.3567,sociablEE,FUT Esports,fade,True,100,50,1,1,0,3,False,phantom,rifle,,0.8289,0.4578,yetujey,FUT Esports,astra,True,100,50,1,3,1,6,False,phantom,rifle,,0.2533,0.7144,KROSTALY,FUT Esports,kayo,True,100,50,1,2,1,4,False,vandal,rifle,,0.1756,0.5578,Chronicle,Team Vitality,chamber,True,100,25,0,4,1,4,False,classic,sidearm,,0.6644,0.5178,Derke,Team Vitality,neon,True,100,,1,1,1,3,False,sheriff,sidearm,,0.6978,0.4711,Jamppi,Team Vitality,kayo,True,100,,1,1,1,4,False,bandit,sidearm,,0.7233,0.2322,Sayonara,Team Vitality,sova,True,100,,1,2,1,5,False,bandit,sidearm,,0.7033,0.4578,PROFEK,Team Vitality,astra,True,100,25,1,0,0,5,False,sheriff,sidearm,,0.7933,0.1700
2148.146,4221,ACTIVE_ROUND,14,8,7,35.000,,,s0pp,FUT Esports,chamber,True,100,50,0,8,1,4,False,outlaw,sniper,,0.1300,0.5756,xeus,FUT Esports,jett,True,100,50,2,1,1,7,False,vandal,rifle,,0.7944,0.3589,sociablEE,FUT Esports,fade,True,100,50,1,1,0,3,False,phantom,rifle,,0.8400,0.4600,yetujey,FUT Esports,astra,True,100,50,1,3,1,6,False,phantom,rifle,,0.2533,0.7144,KROSTALY,FUT Esports,kayo,True,100,50,1,2,1,4,False,vandal,rifle,,0.1756,0.5578,Chronicle,Team Vitality,chamber,True,100,25,0,4,1,4,False,classic,sidearm,,0.6644,0.5178,Derke,Team Vitality,neon,True,100,,1,1,1,3,False,sheriff,sidearm,,0.6978,0.4711,Jamppi,Team Vitality,kayo,True,100,,1,1,1,4,False,bandit,sidearm,,0.7256,0.2300,Sayonara,Team Vitality,sova,True,100,,1,2,1,5,False,bandit,sidearm,,0.7144,0.4400,PROFEK,Team Vitality,astra,True,100,25,1,0,0,5,False,sheriff,sidearm,,0.7933,0.1700
2148.630,4222,ACTIVE_ROUND,14,8,7,35.000,,,s0pp,FUT Esports,chamber,True,100,50,0,8,1,4,False,outlaw,sniper,,0.1300,0.5756,xeus,FUT Esports,jett,True,100,50,2,1,1,7,False,vandal,rifle,,0.7944,0.3589,sociablEE,FUT Esports,fade,True,100,50,1,1,0,3,False,phantom,rifle,,0.8400,0.4600,yetujey,FUT Esports,astra,True,100,50,1,3,1,6,False,phantom,rifle,,0.2533,0.7144,KROSTALY,FUT Esports,kayo,True,100,50,1,2,1,4,False,vandal,rifle,,0.1756,0.5578,Chronicle,Team Vitality,chamber,True,100,25,0,4,1,4,False,classic,sidearm,,0.6644,0.5178,Derke,Team Vitality,neon,True,100,,1,1,1,3,False,sheriff,sidearm,,0.6956,0.4689,Jamppi,Team Vitality,kayo,True,100,,1,1,1,4,False,bandit,sidearm,,0.7256,0.2322,Sayonara,Team Vitality,sova,True,100,,1,2,1,5,False,bandit,sidearm,,0.7233,0.4267,PROFEK,Team Vitality,astra,True,100,25,1,0,0,5,False,sheriff,sidearm,,0.7978,0.1811
2149.114,4223,ACTIVE_ROUND,14,8,7,34.000,,,s0pp,FUT Esports,chamber,True,100,50,0,8,1,4,False,outlaw,sniper,,0.1411,0.5933,xeus,FUT Esports,jett,True,100,50,2,1,1,7,False,vandal,rifle,,0.7944,0.3589,sociablEE,FUT Esports,fade,True,100,50,1,1,0,3,False,phantom,rifle,,0.8400,0.4600,yetujey,FUT Esports,astra,True,100,50,1,3,1,6,False,phantom,rifle,,0.2533,0.7144,KROSTALY,FUT Esports,kayo,True,100,50,1,2,1,4,False,vandal,rifle,,0.1756,0.5578,Chronicle,Team Vitality,chamber,True,100,25,0,4,1,4,False,classic,sidearm,,0.6644,0.5178,Derke,Team Vitality,neon,True,100,,1,1,1,3,False,sheriff,sidearm,,0.6956,0.4533,Jamppi,Team Vitality,kayo,True,100,,1,1,1,4,False,bandit,sidearm,,0.8678,0.2233,Sayonara,Team Vitality,sova,True,100,,1,2,1,5,False,bandit,sidearm,,0.7256,0.4178,PROFEK,Team Vitality,astra,True,100,25,1,0,0,5,False,sheriff,sidearm,,0.7978,0.1811
2149.597,4224,ACTIVE_ROUND,14,8,7,34.000,,,s0pp,FUT Esports,chamber,True,100,50,0,8,1,4,False,outlaw,sniper,,0.1456,0.6089,xeus,FUT Esports,jett,True,100,50,2,1,1,7,False,vandal,rifle,,0.2856,0.7122,sociablEE,FUT Esports,fade,True,100,50,1,0,0,3,False,phantom,rifle,,0.8400,0.4600,yetujey,FUT Esports,astra,True,100,50,1,1,0,6,False,phantom,rifle,,0.2533,0.7144,KROSTALY,FUT Esports,kayo,True,100,50,1,2,1,4,False,vandal,rifle,,0.1756,0.5578,Chronicle,Team Vitality,chamber,True,100,25,0,4,1,4,False,classic,sidearm,,0.6644,0.5178,Derke,Team Vitality,neon,True,100,,1,1,1,3,False,sheriff,sidearm,,0.6933,0.4400,Jamppi,Team Vitality,kayo,True,100,,1,1,1,4,False,bandit,sidearm,,0.8700,0.2300,Sayonara,Team Vitality,sova,True,100,,1,2,1,5,False,classic,sidearm,,0.7256,0.4044,PROFEK,Team Vitality,astra,True,100,25,0,0,0,5,False,sheriff,sidearm,,0.7978,0.1811
2150.081,4225,ACTIVE_ROUND,14,8,7,34.000,,,s0pp,FUT Esports,chamber,True,100,50,0,8,1,4,False,outlaw,sniper,,0.1567,0.6267,xeus,FUT Esports,jett,True,100,50,2,1,1,7,False,vandal,rifle,,0.7967,0.3589,sociablEE,FUT Esports,fade,True,100,50,1,0,0,3,False,phantom,rifle,,0.8400,0.4600,yetujey,FUT Esports,astra,True,100,50,1,1,0,6,False,phantom,rifle,,0.2533,0.7144,KROSTALY,FUT Esports,kayo,True,100,50,1,2,1,4,False,vandal,rifle,,0.1756,0.5578,Chronicle,Team Vitality,chamber,True,100,25,0,4,1,4,False,classic,sidearm,,0.6644,0.5178,Derke,Team Vitality,neon,True,100,,1,1,1,3,False,sheriff,sidearm,,0.6933,0.4244,Jamppi,Team Vitality,kayo,True,100,,1,1,1,4,False,bandit,sidearm,,0.8700,0.2322,Sayonara,Team Vitality,sova,True,100,,1,2,1,5,False,classic,sidearm,,0.7256,0.3889,PROFEK,Team Vitality,astra,True,100,25,0,0,0,5,False,sheriff,sidearm,,0.7978,0.1811
2150.565,4226,ACTIVE_ROUND,14,8,7,33.000,,,s0pp,FUT Esports,chamber,True,100,50,0,8,1,4,False,outlaw,sniper,,0.1700,0.6467,xeus,FUT Esports,jett,True,100,50,2,1,1,7,False,vandal,rifle,,0.2856,0.7122,sociablEE,FUT Esports,fade,True,100,50,1,0,0,3,False,phantom,rifle,,0.8400,0.4600,yetujey,FUT Esports,astra,True,100,50,1,1,0,6,False,phantom,rifle,,0.2533,0.7144,KROSTALY,FUT Esports,kayo,True,100,50,1,2,1,4,False,vandal,rifle,,0.1756,0.5578,Chronicle,Team Vitality,chamber,True,100,25,0,4,1,4,False,classic,sidearm,,0.6644,0.5178,Derke,Team Vitality,neon,True,100,,1,1,1,3,False,sheriff,sidearm,,0.6933,0.4244,Jamppi,Team Vitality,kayo,True,100,,1,1,1,4,False,bandit,sidearm,,0.7856,0.3233,Sayonara,Team Vitality,sova,True,100,,1,2,1,5,False,classic,sidearm,,0.6989,0.5111,PROFEK,Team Vitality,astra,True,100,25,0,0,0,5,False,sheriff,sidearm,,0.7978,0.1811
2151.049,4227,ACTIVE_ROUND,14,8,7,33.000,,,s0pp,FUT Esports,chamber,True,100,50,0,8,1,4,False,outlaw,sniper,,0.1633,0.6622,xeus,FUT Esports,jett,True,100,50,2,1,1,7,False,vandal,rifle,,0.8789,0.2567,sociablEE,FUT Esports,fade,True,100,50,1,0,0,3,False,phantom,rifle,,0.8778,0.4244,yetujey,FUT Esports,astra,True,100,50,1,1,0,6,False,phantom,rifle,,0.2533,0.7144,KROSTALY,FUT Esports,kayo,True,100,50,1,2,1,4,False,vandal,rifle,,0.1756,0.5578,Chronicle,Team Vitality,chamber,True,100,25,0,4,1,4,False,classic,sidearm,,0.6644,0.5178,Derke,Team Vitality,neon,True,100,,1,1,1,3,False,sheriff,sidearm,,0.6978,0.3933,Jamppi,Team Vitality,kayo,True,100,,1,1,1,4,False,bandit,sidearm,,0.8678,0.2278,Sayonara,Team Vitality,sova,True,100,,1,2,1,5,False,classic,sidearm,,0.7167,0.3578,PROFEK,Team Vitality,astra,True,100,25,0,0,0,5,False,sheriff,sidearm,,0.8289,0.2033
2151.533,4228,ACTIVE_ROUND,14,8,7,32.000,,,s0pp,FUT Esports,chamber,True,100,50,0,8,1,4,False,outlaw,sniper,,0.1544,0.6511,xeus,FUT Esports,jett,True,100,50,2,1,1,7,False,vandal,rifle,,0.2144,0.7122,sociablEE,FUT Esports,fade,True,100,50,1,0,0,3,False,phantom,rifle,,0.8889,0.4244,yetujey,FUT Esports,astra,True,100,50,1,0,0,6,False,phantom,rifle,,0.2533,0.7144,KROSTALY,FUT Esports,kayo,True,100,50,1,2,1,4,False,vandal,rifle,,0.1756,0.5578,Chronicle,Team Vitality,chamber,True,100,25,0,4,1,4,False,classic,sidearm,,0.6644,0.5178,Derke,Team Vitality,neon,True,100,,1,1,1,3,False,sheriff,sidearm,,0.7089,0.3867,Jamppi,Team Vitality,kayo,True,100,,1,1,1,4,False,classic,sidearm,,0.8589,0.2278,Sayonara,Team Vitality,sova,True,100,,1,2,0,5,False,bandit,sidearm,,0.7189,0.3489,PROFEK,Team Vitality,astra,True,100,25,1,0,0,5,False,sheriff,sidearm,,0.8311,0.2033
2152.017,4229,ACTIVE_ROUND,14,8,7,32.000,,,s0pp,FUT Esports,chamber,True,100,50,0,8,1,4,False,outlaw,sniper,,0.1500,0.6400,xeus,FUT Esports,jett,True,100,50,2,1,1,7,False,vandal,rifle,,0.9233,0.2722,sociablEE,FUT Esports,fade,True,100,50,1,0,0,3,False,phantom,rifle,,0.8889,0.4244,yetujey,FUT Esports,astra,True,100,50,1,0,0,6,False,phantom,rifle,,0.2533,0.7144,KROSTALY,FUT Esports,kayo,True,100,50,1,2,1,4,False,vandal,rifle,,0.1756,0.5578,Chronicle,Team Vitality,chamber,True,100,25,0,4,1,4,False,classic,sidearm,,0.6644,0.5178,Derke,Team Vitality,neon,True,100,,1,1,1,3,False,sheriff,sidearm,,0.7267,0.3822,Jamppi,Team Vitality,kayo,True,100,,1,1,1,4,False,classic,sidearm,,0.8478,0.2278,Sayonara,Team Vitality,sova,True,100,,1,2,0,5,False,bandit,sidearm,,0.7567,0.3578,PROFEK,Team Vitality,astra,True,100,25,1,0,0,5,False,sheriff,sidearm,,0.8311,0.2033
2152.500,4230,ACTIVE_ROUND,14,8,7,31.000,,,s0pp,FUT Esports,chamber,True,100,50,0,8,1,4,False,outlaw,sniper,,0.1500,0.6289,xeus,FUT Esports,jett,True,100,50,2,1,1,7,False,vandal,rifle,,0.5211,0.3789,sociablEE,FUT Esports,fade,True,100,50,1,0,0,3,False,phantom,rifle,,0.8889,0.4244,yetujey,FUT Esports,astra,True,100,50,1,0,0,6,False,phantom,rifle,,0.2533,0.7144,KROSTALY,FUT Esports,kayo,True,100,50,1,2,1,4,False,vandal,rifle,,0.1756,0.5578,Chronicle,Team Vitality,chamber,True,100,25,0,4,1,4,False,classic,sidearm,,0.6644,0.5178,Derke,Team Vitality,neon,True,100,,1,1,1,3,False,sheriff,sidearm,,0.7267,0.3822,Jamppi,Team Vitality,kayo,True,100,,1,1,1,4,False,classic,sidearm,,0.8544,0.2278,Sayonara,Team Vitality,sova,True,100,,1,2,0,5,False,bandit,sidearm,,0.7833,0.3667,PROFEK,Team Vitality,astra,True,100,25,1,0,0,5,False,sheriff,sidearm,,0.8311,0.2033
2152.984,4231,ACTIVE_ROUND,14,8,7,31.000,,,s0pp,FUT Esports,chamber,True,100,50,0,8,1,4,False,outlaw,sniper,,0.1411,0.6133,xeus,FUT Esports,jett,True,100,50,2,1,1,7,False,vandal,rifle,,0.4256,0.4900,sociablEE,FUT Esports,fade,True,100,50,1,0,0,3,False,phantom,rifle,,0.8889,0.4244,yetujey,FUT Esports,astra,True,100,50,1,0,0,6,False,phantom,rifle,,0.2533,0.7144,KROSTALY,FUT Esports,kayo,True,100,50,1,2,1,4,False,vandal,rifle,,0.1756,0.5578,Chronicle,Team Vitality,chamber,True,100,25,0,4,1,4,False,classic,sidearm,,0.6644,0.5178,Derke,Team Vitality,neon,True,100,,1,1,1,3,False,sheriff,sidearm,,0.7622,0.3667,Jamppi,Team Vitality,kayo,True,100,,1,1,1,4,False,classic,sidearm,,0.7856,0.3233,Sayonara,Team Vitality,sova,True,100,,1,2,0,5,False,bandit,sidearm,,0.7833,0.3667,PROFEK,Team Vitality,astra,True,100,25,1,0,0,5,False,sheriff,sidearm,,0.8333,0.2056
2153.468,4232,ACTIVE_ROUND,14,8,7,30.000,,,s0pp,FUT Esports,chamber,True,100,50,0,8,1,4,False,outlaw,sniper,,0.8011,0.2178,xeus,FUT Esports,jett,True,100,50,2,1,0,7,False,vandal,rifle,,0.4256,0.4900,sociablEE,FUT Esports,fade,True,100,50,1,0,0,3,False,phantom,rifle,,0.8200,0.4622,yetujey,FUT Esports,astra,True,100,50,1,1,0,6,False,phantom,rifle,,0.2533,0.7144,KROSTALY,FUT Esports,kayo,True,100,50,1,2,1,4,False,vandal,rifle,,0.1756,0.5578,Chronicle,Team Vitality,chamber,True,100,25,0,4,1,4,False,classic,sidearm,,0.6644,0.5178,Derke,Team Vitality,neon,True,100,,1,1,1,3,False,sheriff,sidearm,,0.7889,0.3733,Jamppi,Team Vitality,kayo,True,100,,1,1,0,4,False,classic,sidearm,,0.8011,0.1900,Sayonara,Team Vitality,sova,True,100,,1,2,0,5,False,classic,sidearm,,0.7833,0.3667,PROFEK,Team Vitality,astra,True,100,25,1,0,0,5,False,sheriff,sidearm,,0.8333,0.2056
2153.952,4233,ACTIVE_ROUND,14,8,7,30.000,,,s0pp,FUT Esports,chamber,True,100,50,0,8,1,4,False,outlaw,sniper,,0.1367,0.5689,xeus,FUT Esports,jett,True,100,50,2,1,0,7,False,vandal,rifle,,0.1722,0.4789,sociablEE,FUT Esports,fade,True,100,50,1,0,0,3,False,phantom,rifle,,0.8178,0.4689,yetujey,FUT Esports,astra,True,100,50,1,1,0,6,False,phantom,rifle,,0.2533,0.7144,KROSTALY,FUT Esports,kayo,True,100,50,1,2,1,4,False,vandal,rifle,,0.1756,0.5578,Chronicle,Team Vitality,chamber,True,100,25,0,4,1,4,False,classic,sidearm,,0.6600,0.5178,Derke,Team Vitality,neon,True,100,,1,1,1,3,False,sheriff,sidearm,,0.7889,0.3733,Jamppi,Team Vitality,kayo,True,100,,1,1,0,4,False,classic,sidearm,,0.7633,0.2833,Sayonara,Team Vitality,sova,True,100,,1,2,0,5,False,classic,sidearm,,0.8211,0.3822,PROFEK,Team Vitality,astra,True,100,25,1,0,0,5,False,sheriff,sidearm,,0.8333,0.2056
2154.436,4234,ACTIVE_ROUND,14,8,7,29.000,,,s0pp,FUT Esports,chamber,True,100,50,0,8,1,4,False,outlaw,sniper,,0.8233,0.2222,xeus,FUT Esports,jett,True,100,50,2,1,0,7,False,vandal,rifle,,0.1678,0.4256,sociablEE,FUT Esports,fade,False,,50,1,0,0,3,False,phantom,rifle,,0.8178,0.4689,yetujey,FUT Esports,astra,True,100,50,1,1,0,6,False,phantom,rifle,,0.2533,0.7144,KROSTALY,FUT Esports,kayo,True,100,50,1,2,1,4,False,vandal,rifle,,0.1756,0.5578,Chronicle,Team Vitality,chamber,True,100,25,0,4,1,4,False,classic,sidearm,,0.6600,0.5178,Derke,Team Vitality,neon,True,100,,1,1,1,3,False,sheriff,sidearm,,0.7889,0.3733,Jamppi,Team Vitality,kayo,True,100,,1,1,0,4,False,classic,sidearm,,0.7633,0.2833,Sayonara,Team Vitality,sova,True,100,,1,2,0,5,False,classic,sidearm,,0.8233,0.3733,PROFEK,Team Vitality,astra,True,100,25,1,0,0,5,False,sheriff,sidearm,,0.8333,0.2056
2154.919,4235,ACTIVE_ROUND,14,8,7,29.000,,,s0pp,FUT Esports,chamber,True,100,50,0,8,1,4,False,outlaw,sniper,,0.8233,0.2222,xeus,FUT Esports,jett,True,100,50,2,1,0,7,False,vandal,rifle,,0.1611,0.3744,sociablEE,FUT Esports,fade,False,,50,1,0,0,3,False,phantom,rifle,,,,yetujey,FUT Esports,astra,True,100,50,1,1,0,6,False,phantom,rifle,,0.2533,0.7144,KROSTALY,FUT Esports,kayo,True,100,50,1,2,1,4,False,vandal,rifle,,0.1600,0.5111,Chronicle,Team Vitality,chamber,True,100,25,0,4,1,4,False,classic,sidearm,,0.6400,0.5244,Derke,Team Vitality,neon,True,100,,1,1,1,3,False,sheriff,sidearm,,0.7889,0.3733,Jamppi,Team Vitality,kayo,True,100,,1,1,0,4,False,classic,sidearm,,0.8944,0.2433,Sayonara,Team Vitality,sova,True,100,,1,2,0,5,False,classic,sidearm,,0.8278,0.2822,PROFEK,Team Vitality,astra,True,100,25,1,0,0,5,False,sheriff,sidearm,,0.8333,0.2056
2155.403,4236,ACTIVE_ROUND,14,8,7,28.000,,,s0pp,FUT Esports,chamber,True,100,50,0,8,1,4,False,outlaw,sniper,,0.8233,0.2222,xeus,FUT Esports,jett,True,100,50,1,0,0,7,False,vandal,rifle,,0.5433,0.4900,sociablEE,FUT Esports,fade,False,,50,1,0,0,3,False,phantom,rifle,,,,yetujey,FUT Esports,astra,True,100,50,1,0,0,6,False,phantom,rifle,,0.2533,0.7144,KROSTALY,FUT Esports,kayo,True,100,50,1,2,0,4,False,vandal,rifle,,0.1600,0.5111,Chronicle,Team Vitality,chamber,True,100,25,0,4,1,4,False,classic,sidearm,,0.6289,0.5311,Derke,Team Vitality,neon,True,100,,1,1,1,3,False,sheriff,sidearm,,0.7889,0.3733,Jamppi,Team Vitality,kayo,True,100,,1,1,0,4,False,classic,sidearm,,0.8789,0.2411,Sayonara,Team Vitality,sova,True,100,,1,2,0,6,False,classic,sidearm,,0.6633,0.5244,PROFEK,Team Vitality,astra,True,100,25,0,0,0,5,False,sheriff,sidearm,,0.8333,0.2056
2155.887,4237,ACTIVE_ROUND,14,8,7,28.000,,,s0pp,FUT Esports,chamber,True,100,50,0,8,1,4,False,outlaw,sniper,,0.8233,0.2222,xeus,FUT Esports,jett,True,100,50,1,0,0,7,False,vandal,rifle,,0.5833,0.5589,sociablEE,FUT Esports,fade,False,,50,1,0,0,3,False,phantom,rifle,,,,yetujey,FUT Esports,astra,True,100,50,1,0,0,6,False,phantom,rifle,,0.2533,0.7144,KROSTALY,FUT Esports,kayo,True,100,50,1,2,0,4,False,vandal,rifle,,0.1600,0.5111,Chronicle,Team Vitality,chamber,True,100,25,0,4,1,4,False,classic,sidearm,,0.6222,0.5400,Derke,Team Vitality,neon,True,100,,1,1,1,3,False,sheriff,sidearm,,0.7889,0.3733,Jamppi,Team Vitality,kayo,True,100,,1,1,0,4,False,classic,sidearm,,0.4611,0.4544,Sayonara,Team Vitality,sova,True,100,,1,2,0,6,False,classic,sidearm,,0.6656,0.7333,PROFEK,Team Vitality,astra,True,100,25,0,0,0,5,False,sheriff,sidearm,,0.8333,0.2056
2156.371,4238,ACTIVE_ROUND,14,8,7,27.000,,,s0pp,FUT Esports,chamber,True,100,50,0,8,1,4,False,outlaw,sniper,,0.8233,0.2222,xeus,FUT Esports,jett,True,100,50,1,0,0,7,False,vandal,rifle,,0.1789,0.3522,sociablEE,FUT Esports,fade,False,,50,1,0,0,3,False,phantom,rifle,,,,yetujey,FUT Esports,astra,True,100,50,1,0,0,6,False,phantom,rifle,,0.2533,0.7144,KROSTALY,FUT Esports,kayo,True,100,50,1,2,0,4,False,vandal,rifle,,0.8489,0.2156,Chronicle,Team Vitality,chamber,True,100,25,0,4,1,4,False,classic,sidearm,,0.6222,0.5400,Derke,Team Vitality,neon,True,100,,1,1,1,3,False,sheriff,sidearm,,0.7889,0.3733,Jamppi,Team Vitality,kayo,True,100,,1,1,0,4,False,classic,sidearm,,0.8411,0.2144,Sayonara,Team Vitality,sova,True,100,,1,2,0,6,False,classic,sidearm,,0.8389,0.4089,PROFEK,Team Vitality,astra,True,100,25,0,0,0,5,False,sheriff,sidearm,,0.8333,0.2056
2156.855,4239,ACTIVE_ROUND,14,8,7,27.000,,,s0pp,FUT Esports,chamber,True,100,50,0,8,1,4,False,outlaw,sniper,,0.8233,0.2222,xeus,FUT Esports,jett,True,100,50,1,0,0,7,False,vandal,rifle,,0.1833,0.3344,sociablEE,FUT Esports,fade,False,,50,1,0,0,3,False,phantom,rifle,,,,yetujey,FUT Esports,astra,True,100,50,1,0,0,6,False,phantom,rifle,,0.2533,0.7144,KROSTALY,FUT Esports,kayo,True,100,50,1,2,0,4,False,vandal,rifle,,0.8489,0.2156,Chronicle,Team Vitality,chamber,True,100,25,0,4,1,4,False,classic,sidearm,,0.6222,0.5400,Derke,Team Vitality,neon,True,100,,1,1,1,3,False,sheriff,sidearm,,0.7889,0.3733,Jamppi,Team Vitality,kayo,True,100,,1,1,0,4,False,classic,sidearm,,0.5744,0.5278,Sayonara,Team Vitality,sova,True,100,,1,2,0,6,False,classic,sidearm,,0.8211,0.4711,PROFEK,Team Vitality,astra,True,100,25,0,0,0,5,False,sheriff,sidearm,,0.8333,0.2056
2157.339,4240,ACTIVE_ROUND,14,8,7,26.000,,,s0pp,FUT Esports,chamber,True,100,50,0,8,1,4,False,outlaw,sniper,,0.2144,0.4467,xeus,FUT Esports,jett,True,100,50,1,0,0,7,False,vandal,rifle,,0.1878,0.3278,sociablEE,FUT Esports,fade,False,,50,1,0,0,3,False,phantom,rifle,,,,yetujey,FUT Esports,astra,True,100,50,1,0,0,6,False,phantom,rifle,,0.2533,0.7144,KROSTALY,FUT Esports,kayo,True,100,50,1,2,0,4,False,vandal,rifle,,0.8133,0.1844,Chronicle,Team Vitality,chamber,True,100,25,0,4,1,4,False,classic,sidearm,,0.6222,0.5400,Derke,Team Vitality,neon,True,100,,1,1,1,3,False,sheriff,sidearm,,0.7889,0.3733,Jamppi,Team Vitality,kayo,True,100,,1,1,0,4,False,classic,sidearm,,0.5522,0.5656,Sayonara,Team Vitality,sova,True,100,,1,2,0,6,False,classic,sidearm,,0.6122,0.5556,PROFEK,Team Vitality,astra,True,100,25,0,0,0,5,False,sheriff,sidearm,,0.8333,0.2056
2157.822,4241,ACTIVE_ROUND,14,8,7,26.000,,,s0pp,FUT Esports,chamber,True,100,50,0,8,1,4,False,outlaw,sniper,,0.2144,0.4467,xeus,FUT Esports,jett,True,100,50,1,0,0,7,False,vandal,rifle,,0.2033,0.3144,sociablEE,FUT Esports,fade,False,,50,1,0,0,3,False,phantom,rifle,,,,yetujey,FUT Esports,astra,True,100,50,1,0,0,6,False,phantom,rifle,,0.2533,0.7144,KROSTALY,FUT Esports,kayo,True,100,50,1,2,0,4,False,vandal,rifle,,0.8133,0.1844,Chronicle,Team Vitality,chamber,True,100,25,0,4,1,4,False,classic,sidearm,,0.6067,0.5844,Derke,Team Vitality,neon,True,100,,1,1,1,3,False,sheriff,sidearm,,0.7889,0.3733,Jamppi,Team Vitality,kayo,True,100,,1,1,0,4,False,classic,sidearm,,0.5522,0.5656,Sayonara,Team Vitality,sova,True,100,,1,2,0,6,False,classic,sidearm,,0.6189,0.5467,PROFEK,Team Vitality,astra,True,100,25,0,0,0,5,False,sheriff,sidearm,,0.8333,0.2056
2158.306,4242,ACTIVE_ROUND,14,8,7,25.000,,,s0pp,FUT Esports,chamber,True,100,50,0,8,1,4,False,outlaw,sniper,,0.2656,0.4156,xeus,FUT Esports,jett,True,100,50,1,0,0,7,False,vandal,rifle,,0.2189,0.3100,sociablEE,FUT Esports,fade,False,,50,1,0,0,3,False,phantom,rifle,,,,yetujey,FUT Esports,astra,True,100,50,1,0,0,6,False,phantom,rifle,,0.2533,0.7144,KROSTALY,FUT Esports,kayo,True,100,50,1,2,0,4,False,vandal,rifle,,0.8133,0.1844,Chronicle,Team Vitality,chamber,True,100,25,0,4,1,4,False,classic,sidearm,,0.6022,0.5933,Derke,Team Vitality,neon,True,100,,1,1,1,3,False,sheriff,sidearm,,0.7511,0.1711,Jamppi,Team Vitality,kayo,True,100,,1,1,0,4,False,classic,sidearm,,0.5522,0.5611,Sayonara,Team Vitality,sova,True,100,,1,2,0,6,False,classic,sidearm,,0.8300,0.4133,PROFEK,Team Vitality,astra,True,100,25,0,0,0,5,False,sheriff,sidearm,,0.8333,0.2056
2158.790,4243,ACTIVE_ROUND,14,8,7,25.000,,,s0pp,FUT Esports,chamber,True,100,50,0,8,1,4,False,outlaw,sniper,,0.2656,0.4156,xeus,FUT Esports,jett,True,100,50,1,0,0,7,False,vandal,rifle,,0.2389,0.3056,sociablEE,FUT Esports,fade,False,,50,1,0,0,3,False,phantom,rifle,,,,yetujey,FUT Esports,astra,True,100,50,1,0,0,6,False,phantom,rifle,,0.2533,0.7144,KROSTALY,FUT Esports,kayo,True,100,50,1,2,0,4,False,vandal,rifle,,0.8133,0.1844,Chronicle,Team Vitality,chamber,True,100,25,0,4,1,4,False,classic,sidearm,,0.5956,0.6044,Derke,Team Vitality,neon,True,100,,1,1,1,3,False,sheriff,sidearm,,0.8178,0.4311,Jamppi,Team Vitality,kayo,True,100,,1,1,0,4,False,classic,sidearm,,0.7411,0.1678,Sayonara,Team Vitality,sova,True,100,,1,2,0,6,False,classic,sidearm,,0.8322,0.3911,PROFEK,Team Vitality,astra,True,100,25,0,0,0,5,False,sheriff,sidearm,,0.8333,0.2056
2159.274,4244,ACTIVE_ROUND,14,8,7,24.000,,,s0pp,FUT Esports,chamber,True,100,50,0,8,0,4,False,outlaw,sniper,,0.2656,0.4156,xeus,FUT Esports,jett,True,100,50,1,0,0,7,False,vandal,rifle,,0.2567,0.3056,sociablEE,FUT Esports,fade,False,,50,1,0,0,3,False,phantom,rifle,,,,yetujey,FUT Esports,astra,True,100,50,1,1,0,6,False,phantom,rifle,,0.2533,0.7144,KROSTALY,FUT Esports,kayo,True,100,50,1,2,0,4,False,vandal,rifle,,0.8133,0.1844,Chronicle,Team Vitality,chamber,True,100,25,0,4,1,4,False,classic,sidearm,,0.5911,0.6133,Derke,Team Vitality,neon,True,100,,1,1,1,3,False,classic,sidearm,,0.8156,0.4111,Jamppi,Team Vitality,kayo,True,100,,1,1,0,4,False,classic,sidearm,,0.7167,0.1678,Sayonara,Team Vitality,sova,True,100,,1,2,0,6,False,classic,sidearm,,0.8300,0.3733,PROFEK,Team Vitality,astra,True,100,25,0,0,0,5,False,sheriff,sidearm,,0.8333,0.2056
2159.758,4245,ACTIVE_ROUND,14,8,7,24.000,,,s0pp,FUT Esports,chamber,True,100,50,0,8,0,4,False,outlaw,sniper,,0.2656,0.4156,xeus,FUT Esports,jett,True,100,50,1,0,0,7,False,vandal,rifle,,0.2744,0.3122,sociablEE,FUT Esports,fade,False,,50,1,0,0,3,False,phantom,rifle,,,,yetujey,FUT Esports,astra,True,100,50,1,1,0,6,False,phantom,rifle,,0.2533,0.7144,KROSTALY,FUT Esports,kayo,True,100,50,1,2,0,4,False,vandal,rifle,,0.8133,0.1844,Chronicle,Team Vitality,chamber,True,100,25,0,4,1,4,False,classic,sidearm,,0.5844,0.6222,Derke,Team Vitality,neon,True,100,,1,1,1,3,False,classic,sidearm,,0.8133,0.3933,Jamppi,Team Vitality,kayo,True,100,,1,1,0,4,False,classic,sidearm,,0.6944,0.1678,Sayonara,Team Vitality,sova,True,100,,1,2,0,6,False,classic,sidearm,,0.5944,0.5911,PROFEK,Team Vitality,astra,True,100,25,0,0,0,5,False,sheriff,sidearm,,0.8333,0.2056
2160.241,4246,ACTIVE_ROUND,14,8,7,23.000,,,s0pp,FUT Esports,chamber,True,100,50,0,8,0,4,False,outlaw,sniper,,0.2878,0.4044,xeus,FUT Esports,jett,True,100,50,1,0,0,7,False,vandal,rifle,,0.2856,0.3256,sociablEE,FUT Esports,fade,False,,50,1,0,0,3,False,phantom,rifle,,,,yetujey,FUT Esports,astra,True,100,50,1,1,0,6,False,phantom,rifle,,0.2533,0.7144,KROSTALY,FUT Esports,kayo,True,100,50,1,2,0,4,False,vandal,rifle,,0.8133,0.1844,Chronicle,Team Vitality,chamber,True,100,25,0,4,1,4,False,classic,sidearm,,0.5756,0.6311,Derke,Team Vitality,neon,True,100,,1,1,1,3,False,classic,sidearm,,0.8089,0.3756,Jamppi,Team Vitality,kayo,True,100,,1,1,0,4,False,classic,sidearm,,0.6700,0.1678,Sayonara,Team Vitality,sova,True,100,,1,2,0,6,False,classic,sidearm,,0.5767,0.6044,PROFEK,Team Vitality,astra,True,100,25,0,0,0,5,False,sheriff,sidearm,,0.8333,0.2056
2160.725,4247,ACTIVE_ROUND,14,8,7,23.000,,,s0pp,FUT Esports,chamber,True,100,50,0,8,0,4,False,outlaw,sniper,,0.3056,0.4000,xeus,FUT Esports,jett,True,100,50,1,0,0,7,False,vandal,rifle,,0.2922,0.3344,sociablEE,FUT Esports,fade,False,,50,1,0,0,3,False,phantom,rifle,,,,yetujey,FUT Esports,astra,True,100,50,1,1,0,6,False,phantom,rifle,,0.2533,0.7144,KROSTALY,FUT Esports,kayo,True,100,50,1,2,0,4,False,vandal,rifle,,0.8133,0.1844,Chronicle,Team Vitality,chamber,True,100,25,0,4,1,4,False,classic,sidearm,,0.5667,0.6378,Derke,Team Vitality,neon,True,100,,1,1,1,3,False,classic,sidearm,,0.8067,0.3578,Jamppi,Team Vitality,kayo,True,100,,1,1,0,4,False,classic,sidearm,,0.6478,0.1633,Sayonara,Team Vitality,sova,True,100,,1,2,0,6,False,classic,sidearm,,0.8167,0.3156,PROFEK,Team Vitality,astra,True,100,25,0,0,0,5,False,sheriff,sidearm,,0.8333,0.2056
2161.209,4248,ACTIVE_ROUND,14,8,7,22.000,,,s0pp,FUT Esports,chamber,True,100,50,0,8,0,4,False,outlaw,sniper,,0.3233,0.3956,xeus,FUT Esports,jett,True,100,50,1,0,0,7,False,vandal,rifle,,0.2967,0.3411,sociablEE,FUT Esports,fade,False,,50,1,0,0,3,False,phantom,rifle,,,,yetujey,FUT Esports,astra,True,100,50,1,1,0,6,False,phantom,rifle,,0.2533,0.7144,KROSTALY,FUT Esports,kayo,True,100,50,1,2,0,4,False,vandal,rifle,,0.8133,0.1844,Chronicle,Team Vitality,chamber,True,100,25,0,4,1,4,False,classic,sidearm,,0.5578,0.6422,Derke,Team Vitality,neon,True,100,,1,1,1,3,False,phantom,rifle,,0.8067,0.3578,Jamppi,Team Vitality,kayo,True,100,,1,1,0,4,False,bandit,sidearm,,0.6233,0.1633,Sayonara,Team Vitality,sova,True,100,,1,2,0,6,False,classic,sidearm,,0.5700,0.6111,PROFEK,Team Vitality,astra,True,100,25,0,0,0,5,False,sheriff,sidearm,,0.8333,0.2056
2161.693,4249,ACTIVE_ROUND,14,8,7,22.000,,,s0pp,FUT Esports,chamber,True,100,50,0,8,0,4,False,outlaw,sniper,,0.3233,0.3867,xeus,FUT Esports,jett,True,100,50,1,0,0,7,False,vandal,rifle,,0.3011,0.3522,sociablEE,FUT Esports,fade,False,,50,1,0,0,3,False,phantom,rifle,,,,yetujey,FUT Esports,astra,True,100,50,1,1,0,6,False,phantom,rifle,,0.2533,0.7144,KROSTALY,FUT Esports,kayo,True,100,50,1,2,0,4,False,vandal,rifle,,0.8133,0.1844,Chronicle,Team Vitality,chamber,True,100,25,0,4,1,4,False,classic,sidearm,,0.5467,0.6489,Derke,Team Vitality,neon,True,100,,1,1,1,3,False,phantom,rifle,,0.8067,0.3578,Jamppi,Team Vitality,kayo,True,100,,1,1,0,4,False,bandit,sidearm,,0.6033,0.1678,Sayonara,Team Vitality,sova,True,100,,1,2,0,6,False,classic,sidearm,,0.5611,0.6178,PROFEK,Team Vitality,astra,True,100,25,0,0,0,5,False,sheriff,sidearm,,0.8333,0.2056
2162.177,4250,ACTIVE_ROUND,14,8,7,21.000,,,s0pp,FUT Esports,chamber,True,100,50,0,8,0,4,False,outlaw,sniper,,0.3233,0.3867,xeus,FUT Esports,jett,True,100,50,1,0,0,7,False,vandal,rifle,,0.3078,0.3611,sociablEE,FUT Esports,fade,False,,50,1,0,0,3,False,phantom,rifle,,,,yetujey,FUT Esports,astra,True,100,50,1,1,0,6,False,phantom,rifle,,0.2533,0.7144,KROSTALY,FUT Esports,kayo,True,100,50,1,2,0,4,False,vandal,rifle,,0.8133,0.1844,Chronicle,Team Vitality,chamber,True,100,25,0,4,1,4,False,classic,sidearm,,0.5378,0.6533,Derke,Team Vitality,neon,True,100,,1,1,1,3,False,phantom,rifle,,0.8067,0.3578,Jamppi,Team Vitality,kayo,True,100,,1,1,0,4,False,bandit,sidearm,,0.5878,0.1833,Sayonara,Team Vitality,sova,True,100,,1,2,0,6,False,classic,sidearm,,0.5367,0.6222,PROFEK,Team Vitality,astra,True,100,25,0,0,0,5,False,sheriff,sidearm,,0.8333,0.2056
2162.660,4251,ACTIVE_ROUND,14,8,7,21.000,,,s0pp,FUT Esports,chamber,True,100,50,0,8,0,4,False,outlaw,sniper,,0.3233,0.3867,xeus,FUT Esports,jett,True,100,50,1,0,0,7,False,vandal,rifle,,0.1811,0.6589,sociablEE,FUT Esports,fade,False,,50,1,0,0,3,False,phantom,rifle,,,,yetujey,FUT Esports,astra,True,100,50,1,1,0,6,False,phantom,rifle,,0.2533,0.7144,KROSTALY,FUT Esports,kayo,True,100,50,1,2,0,4,False,vandal,rifle,,0.8133,0.1844,Chronicle,Team Vitality,chamber,True,100,25,0,4,1,4,False,classic,sidearm,,0.5378,0.6533,Derke,Team Vitality,neon,True,100,,1,1,1,3,False,phantom,rifle,,0.7533,0.2444,Jamppi,Team Vitality,kayo,True,100,,1,1,0,4,False,bandit,sidearm,,0.5344,0.2078,Sayonara,Team Vitality,sova,True,100,,1,2,0,6,False,classic,sidearm,,0.5256,0.6222,PROFEK,Team Vitality,astra,True,100,25,0,0,0,5,False,sheriff,sidearm,,0.8333,0.2056
2163.628,4253,ACTIVE_ROUND,14,8,7,,0.000,,s0pp,FUT Esports,chamber,True,100,50,0,8,0,4,False,outlaw,sniper,,0.3189,0.3511,xeus,FUT Esports,jett,True,100,50,1,0,0,7,False,vandal,rifle,,0.3411,0.3678,sociablEE,FUT Esports,fade,False,,50,1,0,0,3,False,phantom,rifle,,,,yetujey,FUT Esports,astra,True,100,50,1,1,0,6,False,phantom,rifle,,0.2533,0.7144,KROSTALY,FUT Esports,kayo,True,100,50,1,2,0,4,False,vandal,rifle,,0.8133,0.1844,Chronicle,Team Vitality,chamber,True,100,25,0,4,1,4,False,classic,sidearm,,0.5378,0.6533,Derke,Team Vitality,neon,True,100,,1,1,1,3,False,phantom,rifle,,0.7089,0.2044,Jamppi,Team Vitality,kayo,True,100,,1,1,0,4,False,bandit,sidearm,,0.5344,0.2033,Sayonara,Team Vitality,sova,True,100,,1,2,0,6,False,classic,sidearm,,0.5167,0.6111,PROFEK,Team Vitality,astra,True,100,25,0,0,0,5,False,sheriff,sidearm,,0.8333,0.2056
2164.112,4254,ACTIVE_ROUND,14,8,7,,0.484,,s0pp,FUT Esports,chamber,True,100,50,0,8,0,4,False,outlaw,sniper,,0.3189,0.3511,xeus,FUT Esports,jett,True,100,50,1,0,0,7,False,vandal,rifle,,0.3500,0.3678,sociablEE,FUT Esports,fade,False,,50,1,0,0,3,False,phantom,rifle,,,,yetujey,FUT Esports,astra,True,100,50,1,1,0,6,False,phantom,rifle,,0.2533,0.7144,KROSTALY,FUT Esports,kayo,True,100,50,1,2,0,4,False,vandal,rifle,,0.2067,0.4156,Chronicle,Team Vitality,chamber,True,100,25,0,4,1,4,False,classic,sidearm,,0.5378,0.6533,Derke,Team Vitality,neon,True,100,,1,1,1,3,False,phantom,rifle,,0.6800,0.1978,Jamppi,Team Vitality,kayo,True,100,,1,1,0,4,False,bandit,sidearm,,0.5344,0.2100,Sayonara,Team Vitality,sova,True,100,,1,2,0,6,False,classic,sidearm,,0.5211,0.6244,PROFEK,Team Vitality,astra,True,100,25,0,0,0,5,False,sheriff,sidearm,,0.5622,0.2367
2164.596,4255,ACTIVE_ROUND,14,8,7,,0.968,,s0pp,FUT Esports,chamber,True,100,50,0,8,0,4,False,outlaw,sniper,,0.3189,0.3511,xeus,FUT Esports,jett,True,100,50,1,0,0,7,False,vandal,rifle,,0.3589,0.3656,sociablEE,FUT Esports,fade,False,,50,1,0,0,3,False,phantom,rifle,,,,yetujey,FUT Esports,astra,True,100,50,1,1,0,6,False,phantom,rifle,,0.2533,0.7144,KROSTALY,FUT Esports,kayo,True,100,50,1,2,0,4,False,vandal,rifle,,0.2133,0.4244,Chronicle,Team Vitality,chamber,True,100,25,0,4,1,4,False,classic,sidearm,,0.5378,0.6533,Derke,Team Vitality,neon,True,100,,1,1,1,3,False,phantom,rifle,,0.6489,0.1911,Jamppi,Team Vitality,kayo,True,100,,1,1,0,4,False,bandit,sidearm,,0.5344,0.2078,Sayonara,Team Vitality,sova,True,100,,1,2,0,6,False,classic,sidearm,,0.5167,0.2378,PROFEK,Team Vitality,astra,True,100,25,0,0,0,5,False,sheriff,sidearm,,0.5622,0.2367
2165.080,4256,ACTIVE_ROUND,14,8,7,,1.451,,s0pp,FUT Esports,chamber,True,100,50,0,8,0,4,False,outlaw,sniper,,0.3189,0.3511,xeus,FUT Esports,jett,True,100,50,1,0,0,7,False,vandal,rifle,,0.3633,0.3589,sociablEE,FUT Esports,fade,False,,50,1,0,0,3,False,phantom,rifle,,,,yetujey,FUT Esports,astra,True,100,50,1,0,0,6,False,phantom,rifle,,0.3000,0.3611,KROSTALY,FUT Esports,kayo,True,100,50,1,2,0,5,False,vandal,rifle,,0.2244,0.4267,Chronicle,Team Vitality,chamber,True,100,25,0,4,1,4,False,classic,sidearm,,0.5378,0.6533,Derke,Team Vitality,neon,True,100,,1,1,1,3,False,phantom,rifle,,0.6178,0.1822,Jamppi,Team Vitality,kayo,True,100,,1,1,0,4,False,classic,sidearm,,0.5611,0.1744,Sayonara,Team Vitality,sova,True,100,,1,2,0,6,False,classic,sidearm,,0.6389,0.1556,PROFEK,Team Vitality,astra,True,100,25,1,0,0,5,False,sheriff,sidearm,,0.5622,0.2367
2165.563,4257,ACTIVE_ROUND,14,8,7,,1.935,,s0pp,FUT Esports,chamber,True,100,50,0,8,0,4,False,outlaw,sniper,,0.3189,0.3511,xeus,FUT Esports,jett,True,100,50,1,0,0,7,False,vandal,rifle,,0.3633,0.3478,sociablEE,FUT Esports,fade,False,,50,1,0,0,3,False,phantom,rifle,,,,yetujey,FUT Esports,astra,True,100,50,1,0,0,6,False,phantom,rifle,,0.3089,0.3633,KROSTALY,FUT Esports,kayo,True,100,50,1,2,0,5,False,vandal,rifle,,0.2356,0.4267,Chronicle,Team Vitality,chamber,True,100,25,0,4,1,4,False,classic,sidearm,,0.4622,0.6467,Derke,Team Vitality,neon,True,100,,1,1,1,3,False,phantom,rifle,,0.5889,0.1889,Jamppi,Team Vitality,kayo,True,100,,1,1,0,4,False,classic,sidearm,,0.5611,0.1744,Sayonara,Team Vitality,sova,True,100,,1,2,0,6,False,classic,sidearm,,0.4944,0.6267,PROFEK,Team Vitality,astra,True,100,25,1,0,0,5,False,sheriff,sidearm,,0.5622,0.2367
2166.047,4258,ACTIVE_ROUND,14,8,7,,2.419,,s0pp,FUT Esports,chamber,True,100,50,0,8,0,4,False,outlaw,sniper,,0.3189,0.3511,xeus,FUT Esports,jett,True,100,50,1,0,0,7,False,vandal,rifle,,0.3633,0.3433,sociablEE,FUT Esports,fade,False,,50,1,0,0,3,False,phantom,rifle,,,,yetujey,FUT Esports,astra,True,100,50,1,0,0,6,False,phantom,rifle,,0.3200,0.3589,KROSTALY,FUT Esports,kayo,True,100,50,1,2,0,5,False,vandal,rifle,,0.2467,0.4200,Chronicle,Team Vitality,chamber,True,100,25,0,4,1,4,False,classic,sidearm,,0.4622,0.6467,Derke,Team Vitality,neon,True,100,,1,1,1,3,False,phantom,rifle,,0.5689,0.2044,Jamppi,Team Vitality,kayo,True,100,,1,1,0,4,False,classic,sidearm,,0.5344,0.2100,Sayonara,Team Vitality,sova,True,100,,1,2,0,6,False,classic,sidearm,,0.4589,0.6244,PROFEK,Team Vitality,astra,True,100,25,1,0,0,5,False,sheriff,sidearm,,0.5333,0.2500
2166.531,4259,ACTIVE_ROUND,14,8,7,,2.903,,s0pp,FUT Esports,chamber,True,100,50,0,8,0,4,False,outlaw,sniper,,0.3189,0.3511,xeus,FUT Esports,jett,True,100,50,1,0,0,7,False,vandal,rifle,,0.3633,0.3433,sociablEE,FUT Esports,fade,False,,50,1,0,0,3,False,phantom,rifle,,,,yetujey,FUT Esports,astra,True,100,50,1,0,0,6,False,phantom,rifle,,0.3200,0.3589,KROSTALY,FUT Esports,kayo,True,100,50,1,2,0,5,False,vandal,rifle,,0.2511,0.4178,Chronicle,Team Vitality,chamber,True,100,25,0,4,1,4,False,classic,sidearm,,0.4622,0.6467,Derke,Team Vitality,neon,True,100,,1,1,1,3,False,phantom,rifle,,0.5711,0.2222,Jamppi,Team Vitality,kayo,True,100,,1,1,0,4,False,classic,sidearm,,0.5344,0.2100,Sayonara,Team Vitality,sova,True,100,,1,2,0,6,False,classic,sidearm,,0.4989,0.2356,PROFEK,Team Vitality,astra,True,100,25,1,0,0,5,False,sheriff,sidearm,,0.5244,0.2567
2167.015,4260,ACTIVE_ROUND,14,8,7,,3.387,,s0pp,FUT Esports,chamber,True,100,50,0,8,0,4,False,outlaw,sniper,,0.3189,0.3511,xeus,FUT Esports,jett,True,100,50,1,0,0,7,False,vandal,rifle,,0.3633,0.3367,sociablEE,FUT Esports,fade,False,,50,1,0,0,3,False,phantom,rifle,,,,yetujey,FUT Esports,astra,True,100,50,1,0,0,6,False,phantom,rifle,,0.3200,0.3589,KROSTALY,FUT Esports,kayo,True,100,50,1,2,0,5,False,vandal,rifle,,0.2511,0.4178,Chronicle,Team Vitality,chamber,True,100,25,0,4,1,4,False,classic,sidearm,,0.4622,0.6467,Derke,Team Vitality,neon,True,100,,1,1,1,3,False,phantom,rifle,,0.5667,0.2378,Jamppi,Team Vitality,kayo,True,100,,1,1,0,4,False,classic,sidearm,,0.5344,0.2100,Sayonara,Team Vitality,sova,True,100,,1,2,0,6,False,bandit,sidearm,,0.4922,0.2400,PROFEK,Team Vitality,astra,True,100,25,1,0,0,5,False,sheriff,sidearm,,0.5156,0.2611
2167.499,4261,ACTIVE_ROUND,14,8,7,,3.871,,s0pp,FUT Esports,chamber,True,100,50,0,8,0,4,False,outlaw,sniper,,0.3189,0.3511,xeus,FUT Esports,jett,True,100,50,1,0,0,7,False,vandal,rifle,,0.3633,0.3367,sociablEE,FUT Esports,fade,False,,50,1,0,0,3,False,phantom,rifle,,,,yetujey,FUT Esports,astra,True,100,50,1,0,0,6,False,phantom,rifle,,0.3200,0.3589,KROSTALY,FUT Esports,kayo,True,100,50,1,2,0,5,False,vandal,rifle,,0.2533,0.4200,Chronicle,Team Vitality,chamber,True,100,25,0,4,1,4,False,classic,sidearm,,0.4622,0.6467,Derke,Team Vitality,neon,False,,,1,1,1,3,False,phantom,rifle,,0.5667,0.2378,Jamppi,Team Vitality,kayo,True,100,,1,1,0,4,False,classic,sidearm,,0.4878,0.2922,Sayonara,Team Vitality,sova,True,100,,1,2,0,6,False,bandit,sidearm,,0.5344,0.2511,PROFEK,Team Vitality,astra,True,100,25,1,0,0,5,False,sheriff,sidearm,,0.5044,0.2656
2167.982,4262,ACTIVE_ROUND,14,8,7,,4.354,,s0pp,FUT Esports,chamber,True,100,50,0,8,0,4,False,outlaw,sniper,,0.3189,0.3511,xeus,FUT Esports,jett,True,100,50,1,0,0,7,False,vandal,rifle,,0.3633,0.3344,sociablEE,FUT Esports,fade,False,,50,1,0,0,3,False,phantom,rifle,,,,yetujey,FUT Esports,astra,True,100,50,1,0,0,6,False,phantom,rifle,,0.3200,0.3589,KROSTALY,FUT Esports,kayo,True,100,50,1,2,0,5,False,vandal,rifle,,0.2533,0.4200,Chronicle,Team Vitality,chamber,True,100,25,0,4,1,4,False,classic,sidearm,,0.4444,0.7022,Derke,Team Vitality,neon,False,,,1,1,1,3,False,phantom,rifle,,,,Jamppi,Team Vitality,kayo,True,100,,1,1,0,4,False,classic,sidearm,,0.4767,0.2967,Sayonara,Team Vitality,sova,True,100,,1,2,0,6,False,bandit,sidearm,,0.4922,0.2400,PROFEK,Team Vitality,astra,True,100,25,1,0,0,5,False,sheriff,sidearm,,0.5044,0.2656
2168.466,4263,ACTIVE_ROUND,14,8,7,,4.838,,s0pp,FUT Esports,chamber,True,100,50,0,8,0,4,False,outlaw,sniper,,0.3189,0.3511,xeus,FUT Esports,jett,True,100,50,1,0,0,7,False,vandal,rifle,,0.3633,0.3300,sociablEE,FUT Esports,fade,False,,50,1,0,0,3,False,phantom,rifle,,,,yetujey,FUT Esports,astra,True,100,50,1,0,0,6,False,phantom,rifle,,0.3200,0.3589,KROSTALY,FUT Esports,kayo,True,100,50,1,2,0,5,False,vandal,rifle,,0.2533,0.4200,Chronicle,Team Vitality,chamber,True,100,25,0,4,1,4,False,classic,sidearm,,0.4467,0.7244,Derke,Team Vitality,neon,False,,,1,1,1,3,False,phantom,rifle,,,,Jamppi,Team Vitality,kayo,True,100,,1,1,0,4,False,classic,sidearm,,0.4656,0.2944,Sayonara,Team Vitality,sova,True,100,,1,2,0,6,False,bandit,sidearm,,0.4478,0.6933,PROFEK,Team Vitality,astra,True,100,25,1,0,0,5,False,sheriff,sidearm,,0.5044,0.2656
2168.950,4264,ACTIVE_ROUND,14,8,7,,5.322,,s0pp,FUT Esports,chamber,True,100,50,0,8,0,5,False,outlaw,sniper,,0.3189,0.3511,xeus,FUT Esports,jett,True,100,50,1,0,0,7,False,vandal,rifle,,0.3633,0.3300,sociablEE,FUT Esports,fade,False,,50,1,0,0,3,False,phantom,rifle,,,,yetujey,FUT Esports,astra,True,100,50,0,0,0,6,False,phantom,rifle,,0.3200,0.3589,KROSTALY,FUT Esports,kayo,True,100,50,1,2,0,5,False,vandal,rifle,,0.2533,0.4200,Chronicle,Team Vitality,chamber,True,100,25,0,4,1,4,False,classic,sidearm,,0.4422,0.7489,Derke,Team Vitality,neon,False,,,1,1,1,3,False,phantom,rifle,,,,Jamppi,Team Vitality,kayo,True,100,,1,1,0,4,False,classic,sidearm,,0.4633,0.2922,Sayonara,Team Vitality,sova,True,100,,1,2,0,6,False,classic,sidearm,,0.5367,0.2467,PROFEK,Team Vitality,astra,True,100,25,0,0,0,5,False,sheriff,sidearm,,0.5044,0.2589
2169.434,4265,ACTIVE_ROUND,14,8,7,,5.806,,s0pp,FUT Esports,chamber,True,100,50,0,8,0,5,False,outlaw,sniper,,0.3189,0.3511,xeus,FUT Esports,jett,True,100,50,1,0,0,7,False,vandal,rifle,,0.3633,0.3189,sociablEE,FUT Esports,fade,False,,50,1,0,0,3,False,phantom,rifle,,,,yetujey,FUT Esports,astra,True,100,50,0,0,0,6,False,phantom,rifle,,0.3200,0.3589,KROSTALY,FUT Esports,kayo,True,100,50,1,2,0,5,False,vandal,rifle,,0.2489,0.4222,Chronicle,Team Vitality,chamber,True,100,25,0,4,1,4,False,classic,sidearm,,0.4333,0.7711,Derke,Team Vitality,neon,False,,,1,1,1,3,False,phantom,rifle,,,,Jamppi,Team Vitality,kayo,True,100,,1,1,0,4,False,classic,sidearm,,0.4544,0.2922,Sayonara,Team Vitality,sova,True,100,,1,2,0,6,False,classic,sidearm,,0.5344,0.2467,PROFEK,Team Vitality,astra,True,100,25,0,0,0,5,False,sheriff,sidearm,,0.5022,0.2567
2169.918,4266,ACTIVE_ROUND,14,8,7,,6.290,,s0pp,FUT Esports,chamber,True,100,50,0,8,0,5,False,outlaw,sniper,,0.3189,0.3511,xeus,FUT Esports,jett,True,100,50,1,0,0,7,False,vandal,rifle,,0.3633,0.3100,sociablEE,FUT Esports,fade,False,,50,1,0,0,3,False,phantom,rifle,,,,yetujey,FUT Esports,astra,True,100,50,0,0,0,6,False,phantom,rifle,,0.3200,0.3589,KROSTALY,FUT Esports,kayo,True,100,50,1,2,0,5,False,vandal,rifle,,0.2333,0.4333,Chronicle,Team Vitality,chamber,True,100,25,0,4,1,4,False,classic,sidearm,,0.4956,0.2489,Derke,Team Vitality,neon,False,,,1,1,1,3,False,phantom,rifle,,,,Jamppi,Team Vitality,kayo,True,100,,1,1,0,4,False,classic,sidearm,,0.4011,0.7767,Sayonara,Team Vitality,sova,True,100,,1,2,0,6,False,classic,sidearm,,0.4033,0.2778,PROFEK,Team Vitality,astra,True,100,25,0,0,0,5,False,sheriff,sidearm,,0.5022,0.2567
2170.402,4267,ACTIVE_ROUND,14,8,7,,6.773,,s0pp,FUT Esports,chamber,True,100,50,0,8,0,5,False,outlaw,sniper,,0.3189,0.3511,xeus,FUT Esports,jett,True,88,24,1,0,0,7,False,vandal,rifle,,0.3633,0.3100,sociablEE,FUT Esports,fade,False,,50,1,0,0,3,False,phantom,rifle,,,,yetujey,FUT Esports,astra,True,100,50,0,0,0,6,False,phantom,rifle,,0.3644,0.3567,KROSTALY,FUT Esports,kayo,True,100,50,1,2,0,5,False,vandal,rifle,,0.2356,0.4311,Chronicle,Team Vitality,chamber,True,100,25,0,4,1,4,False,classic,sidearm,,0.4956,0.2511,Derke,Team Vitality,neon,False,,,1,1,1,3,False,phantom,rifle,,,,Jamppi,Team Vitality,kayo,True,100,,1,1,0,4,False,classic,sidearm,,0.4278,0.2900,Sayonara,Team Vitality,sova,False,,,1,2,0,6,False,classic,sidearm,,0.5278,0.2400,PROFEK,Team Vitality,astra,True,100,25,0,0,0,5,False,sheriff,sidearm,,0.5022,0.2567
2170.885,4268,ACTIVE_ROUND,14,8,7,,7.257,,s0pp,FUT Esports,chamber,True,100,50,0,6,0,5,False,outlaw,sniper,,0.3189,0.3511,xeus,FUT Esports,jett,True,88,24,1,0,0,7,True,vandal,rifle,,0.3633,0.3100,sociablEE,FUT Esports,fade,False,,50,1,0,0,3,False,phantom,rifle,,,,yetujey,FUT Esports,astra,True,100,50,0,0,0,6,False,phantom,rifle,,0.3644,0.3567,KROSTALY,FUT Esports,kayo,True,100,50,1,2,0,5,False,vandal,rifle,,0.2356,0.4289,Chronicle,Team Vitality,chamber,True,100,25,0,4,1,4,False,classic,sidearm,,0.3978,0.8022,Derke,Team Vitality,neon,False,,,1,1,1,3,False,phantom,rifle,,,,Jamppi,Team Vitality,kayo,True,100,,1,1,0,4,False,classic,sidearm,,0.4278,0.2856,Sayonara,Team Vitality,sova,False,,,1,2,0,6,False,classic,sidearm,,,,PROFEK,Team Vitality,astra,True,100,25,1,0,0,5,False,sheriff,sidearm,,0.5022,0.2567
2171.369,4269,ACTIVE_ROUND,14,8,7,,7.741,,s0pp,FUT Esports,chamber,True,100,50,0,6,0,5,False,outlaw,sniper,,0.3189,0.3511,xeus,FUT Esports,jett,True,88,24,1,0,0,7,True,vandal,rifle,,0.1522,0.5767,sociablEE,FUT Esports,fade,False,,50,1,0,0,3,False,phantom,rifle,,,,yetujey,FUT Esports,astra,True,100,50,0,0,0,6,False,phantom,rifle,,0.3644,0.3567,KROSTALY,FUT Esports,kayo,True,100,50,1,2,0,5,False,vandal,rifle,,0.2400,0.4267,Chronicle,Team Vitality,chamber,True,100,25,0,4,1,4,False,classic,sidearm,,0.3978,0.8022,Derke,Team Vitality,neon,False,,,1,1,1,3,False,phantom,rifle,,,,Jamppi,Team Vitality,kayo,True,100,,1,1,0,4,False,classic,sidearm,,0.4344,0.2989,Sayonara,Team Vitality,sova,False,,,1,2,0,6,False,classic,sidearm,,,,PROFEK,Team Vitality,astra,True,100,25,1,0,0,5,False,sheriff,sidearm,,0.5022,0.2567
2171.853,4270,ACTIVE_ROUND,14,8,7,,8.225,,s0pp,FUT Esports,chamber,False,,50,0,6,0,5,False,outlaw,sniper,,0.3189,0.3511,xeus,FUT Esports,jett,True,88,24,1,0,0,7,True,vandal,rifle,,0.7544,0.1967,sociablEE,FUT Esports,fade,False,,50,1,0,0,3,False,phantom,rifle,,,,yetujey,FUT Esports,astra,True,100,50,0,0,0,6,False,phantom,rifle,,0.3644,0.3567,KROSTALY,FUT Esports,kayo,True,100,50,1,2,0,5,False,vandal,rifle,,0.2489,0.4178,Chronicle,Team Vitality,chamber,True,100,25,0,4,1,4,False,classic,sidearm,,0.3978,0.8022,Derke,Team Vitality,neon,False,,,1,1,1,3,False,phantom,rifle,,,,Jamppi,Team Vitality,kayo,True,100,,1,1,0,4,False,classic,sidearm,,0.3344,0.7789,Sayonara,Team Vitality,sova,False,,,1,2,0,6,False,classic,sidearm,,,,PROFEK,Team Vitality,astra,False,,25,1,0,0,5,False,sheriff,sidearm,,0.5022,0.2567
2172.337,4271,ACTIVE_ROUND,14,8,7,,8.709,,s0pp,FUT Esports,chamber,False,,50,0,6,0,5,False,outlaw,sniper,,,,xeus,FUT Esports,jett,True,88,24,1,0,0,7,True,vandal,rifle,,0.2656,0.3944,sociablEE,FUT Esports,fade,False,,50,1,0,0,3,False,phantom,rifle,,,,yetujey,FUT Esports,astra,True,100,50,0,0,0,6,False,phantom,rifle,,0.3644,0.3567,KROSTALY,FUT Esports,kayo,True,100,50,1,2,0,5,False,vandal,rifle,,0.2489,0.4178,Chronicle,Team Vitality,chamber,True,100,25,0,4,1,4,False,classic,sidearm,,0.3978,0.8022,Derke,Team Vitality,neon,False,,,1,1,1,3,False,phantom,rifle,,,,Jamppi,Team Vitality,kayo,False,,,1,1,0,4,False,classic,sidearm,,0.2922,0.7722,Sayonara,Team Vitality,sova,False,,,1,2,0,6,False,classic,sidearm,,,,PROFEK,Team Vitality,astra,False,,25,1,0,0,5,False,sheriff,sidearm,,,
2172.821,4272,ACTIVE_ROUND,14,8,7,,9.193,,s0pp,FUT Esports,chamber,False,,50,0,6,0,5,False,outlaw,sniper,,,,xeus,FUT Esports,jett,True,88,24,1,0,0,7,True,vandal,rifle,,0.8211,0.2856,sociablEE,FUT Esports,fade,False,,50,1,0,0,3,False,phantom,rifle,,,,yetujey,FUT Esports,astra,True,100,50,0,0,0,6,False,phantom,rifle,,0.3644,0.3567,KROSTALY,FUT Esports,kayo,True,100,50,1,1,0,5,False,vandal,rifle,,0.2467,0.4200,Chronicle,Team Vitality,chamber,True,100,25,0,4,1,4,False,classic,sidearm,,0.3244,0.7711,Derke,Team Vitality,neon,False,,,1,1,1,3,False,phantom,rifle,,,,Jamppi,Team Vitality,kayo,False,,,1,1,0,4,False,classic,sidearm,,,,Sayonara,Team Vitality,sova,False,,,1,2,0,6,False,classic,sidearm,,,,PROFEK,Team Vitality,astra,False,,25,1,0,0,5,False,sheriff,sidearm,,,
2173.304,4273,ACTIVE_ROUND,14,8,7,,9.676,,s0pp,FUT Esports,chamber,False,,50,0,6,0,5,False,outlaw,sniper,,,,xeus,FUT Esports,jett,True,88,24,1,0,0,7,True,vandal,rifle,,0.3744,0.3433,sociablEE,FUT Esports,fade,False,,50,1,0,0,3,False,phantom,rifle,,,,yetujey,FUT Esports,astra,True,100,50,0,0,0,6,False,phantom,rifle,,0.3644,0.3567,KROSTALY,FUT Esports,kayo,True,100,50,1,1,0,5,False,vandal,rifle,,0.2533,0.4156,Chronicle,Team Vitality,chamber,True,100,25,0,4,1,4,False,classic,sidearm,,0.3089,0.7556,Derke,Team Vitality,neon,False,,,1,1,1,3,False,phantom,rifle,,,,Jamppi,Team Vitality,kayo,False,,,1,1,0,4,False,classic,sidearm,,,,Sayonara,Team Vitality,sova,False,,,1,2,0,6,False,classic,sidearm,,,,PROFEK,Team Vitality,astra,False,,25,1,0,0,5,False,sheriff,sidearm,,,
2173.788,4274,ACTIVE_ROUND,14,8,7,,10.160,,s0pp,FUT Esports,chamber,False,,50,0,6,0,5,False,outlaw,sniper,,,,xeus,FUT Esports,jett,True,88,24,1,0,0,7,True,vandal,rifle,,0.6833,0.3478,sociablEE,FUT Esports,fade,False,,50,1,0,0,3,False,phantom,rifle,,,,yetujey,FUT Esports,astra,True,100,50,0,0,0,6,False,phantom,rifle,,0.3644,0.3567,KROSTALY,FUT Esports,kayo,True,100,50,1,1,0,5,False,vandal,rifle,,0.2511,0.4156,Chronicle,Team Vitality,chamber,True,100,25,0,4,1,4,False,classic,sidearm,,0.3089,0.7556,Derke,Team Vitality,neon,False,,,1,1,1,3,False,phantom,rifle,,,,Jamppi,Team Vitality,kayo,False,,,1,1,0,4,False,classic,sidearm,,,,Sayonara,Team Vitality,sova,False,,,1,2,0,6,False,classic,sidearm,,,,PROFEK,Team Vitality,astra,False,,25,1,0,0,5,False,sheriff,sidearm,,,
2174.272,4275,ACTIVE_ROUND,14,8,7,,10.644,,s0pp,FUT Esports,chamber,False,,50,0,6,0,5,False,outlaw,sniper,,,,xeus,FUT Esports,jett,True,88,24,1,0,0,7,True,vandal,rifle,,0.6833,0.3478,sociablEE,FUT Esports,fade,False,,50,1,0,0,3,False,phantom,rifle,,,,yetujey,FUT Esports,astra,True,100,50,0,0,0,6,False,phantom,rifle,,0.3644,0.3567,KROSTALY,FUT Esports,kayo,True,100,50,1,1,0,5,False,vandal,rifle,,0.2511,0.4156,Chronicle,Team Vitality,chamber,True,100,25,0,4,1,4,False,classic,sidearm,,0.3089,0.7556,Derke,Team Vitality,neon,False,,,1,1,1,3,False,phantom,rifle,,,,Jamppi,Team Vitality,kayo,False,,,1,1,0,4,False,classic,sidearm,,,,Sayonara,Team Vitality,sova,False,,,1,2,0,6,False,classic,sidearm,,,,PROFEK,Team Vitality,astra,False,,25,1,0,0,5,False,sheriff,sidearm,,,
2174.756,4276,ACTIVE_ROUND,14,8,7,,11.128,,s0pp,FUT Esports,chamber,False,,50,0,6,0,5,False,outlaw,sniper,,,,xeus,FUT Esports,jett,True,88,24,1,0,0,7,True,vandal,rifle,,0.5433,0.4900,sociablEE,FUT Esports,fade,False,,50,1,0,0,3,False,phantom,rifle,,,,yetujey,FUT Esports,astra,True,100,50,0,0,0,6,False,phantom,rifle,,0.3644,0.3567,KROSTALY,FUT Esports,kayo,True,100,50,1,1,0,5,False,vandal,rifle,,0.2422,0.4156,Chronicle,Team Vitality,chamber,True,100,25,0,4,1,4,False,classic,sidearm,,0.3089,0.7556,Derke,Team Vitality,neon,False,,,1,1,1,3,False,phantom,rifle,,,,Jamppi,Team Vitality,kayo,False,,,1,1,0,4,False,classic,sidearm,,,,Sayonara,Team Vitality,sova,False,,,1,2,0,6,False,classic,sidearm,,,,PROFEK,Team Vitality,astra,False,,25,1,0,0,5,False,sheriff,sidearm,,,
2175.240,4277,ACTIVE_ROUND,14,8,7,,11.612,,s0pp,FUT Esports,chamber,False,,50,0,6,0,5,False,outlaw,sniper,,,,xeus,FUT Esports,jett,True,88,24,1,0,0,7,True,vandal,rifle,,0.2367,0.7256,sociablEE,FUT Esports,fade,False,,50,1,0,0,3,False,phantom,rifle,,,,yetujey,FUT Esports,astra,True,100,50,0,0,0,6,False,phantom,rifle,,0.3644,0.3567,KROSTALY,FUT Esports,kayo,True,100,50,1,1,0,5,False,vandal,rifle,,0.2267,0.4178,Chronicle,Team Vitality,chamber,True,100,25,0,4,1,4,False,classic,sidearm,,0.3089,0.7556,Derke,Team Vitality,neon,False,,,1,1,1,3,False,phantom,rifle,,,,Jamppi,Team Vitality,kayo,False,,,1,1,0,4,False,classic,sidearm,,,,Sayonara,Team Vitality,sova,False,,,1,2,0,6,False,classic,sidearm,,,,PROFEK,Team Vitality,astra,False,,25,1,0,0,5,False,sheriff,sidearm,,,
2175.724,4278,ACTIVE_ROUND,14,8,7,,12.095,,s0pp,FUT Esports,chamber,False,,50,0,6,0,5,False,outlaw,sniper,,,,xeus,FUT Esports,jett,True,88,24,1,0,0,7,True,vandal,rifle,,0.6011,0.2989,sociablEE,FUT Esports,fade,False,,50,1,0,0,3,False,phantom,rifle,,,,yetujey,FUT Esports,astra,True,100,50,0,0,0,6,False,phantom,rifle,,0.3644,0.3567,KROSTALY,FUT Esports,kayo,True,100,50,1,1,0,5,False,vandal,rifle,,0.2267,0.4178,Chronicle,Team Vitality,chamber,True,100,25,0,4,1,4,False,classic,sidearm,,0.3089,0.7556,Derke,Team Vitality,neon,False,,,1,1,1,3,False,phantom,rifle,,,,Jamppi,Team Vitality,kayo,False,,,1,1,0,4,False,classic,sidearm,,,,Sayonara,Team Vitality,sova,False,,,1,2,0,6,False,classic,sidearm,,,,PROFEK,Team Vitality,astra,False,,25,1,0,0,5,False,sheriff,sidearm,,,
2176.207,4279,ACTIVE_ROUND,14,8,7,,12.579,,s0pp,FUT Esports,chamber,False,,50,0,6,0,5,False,outlaw,sniper,,,,xeus,FUT Esports,jett,True,88,24,1,0,0,7,True,vandal,rifle,,0.2078,0.7322,sociablEE,FUT Esports,fade,False,,50,1,0,0,3,False,phantom,rifle,,,,yetujey,FUT Esports,astra,True,100,50,0,0,0,6,False,phantom,rifle,,0.3644,0.3567,KROSTALY,FUT Esports,kayo,True,100,50,1,1,0,5,False,vandal,rifle,,0.2044,0.4200,Chronicle,Team Vitality,chamber,True,100,25,0,4,1,4,False,classic,sidearm,,0.3089,0.7556,Derke,Team Vitality,neon,False,,,1,1,1,3,False,phantom,rifle,,,,Jamppi,Team Vitality,kayo,False,,,1,1,0,4,False,classic,sidearm,,,,Sayonara,Team Vitality,sova,False,,,1,2,0,6,False,classic,sidearm,,,,PROFEK,Team Vitality,astra,False,,25,1,0,0,5,False,sheriff,sidearm,,,
2176.691,4280,ACTIVE_ROUND,14,8,7,,13.063,,s0pp,FUT Esports,chamber,False,,50,0,6,0,5,False,outlaw,sniper,,,,xeus,FUT Esports,jett,True,88,24,1,0,0,7,True,vandal,rifle,,0.3122,0.3633,sociablEE,FUT Esports,fade,False,,50,1,0,0,3,False,phantom,rifle,,,,yetujey,FUT Esports,astra,True,100,50,1,1,0,6,False,phantom,rifle,,0.3644,0.3567,KROSTALY,FUT Esports,kayo,True,100,50,1,1,0,5,False,vandal,rifle,,0.1978,0.4178,Chronicle,Team Vitality,chamber,True,100,25,0,4,1,4,False,classic,sidearm,,0.1978,0.7467,Derke,Team Vitality,neon,False,,,1,1,1,3,False,phantom,rifle,,,,Jamppi,Team Vitality,kayo,False,,,1,1,0,4,False,classic,sidearm,,,,Sayonara,Team Vitality,sova,False,,,1,2,0,6,False,classic,sidearm,,,,PROFEK,Team Vitality,astra,False,,25,1,0,0,5,False,sheriff,sidearm,,,
2177.175,4281,ACTIVE_ROUND,14,8,7,,13.547,,s0pp,FUT Esports,chamber,False,,50,0,6,0,5,False,outlaw,sniper,,,,xeus,FUT Esports,jett,True,88,24,1,0,0,7,True,vandal,rifle,,0.3033,0.3589,sociablEE,FUT Esports,fade,False,,50,1,0,0,3,False,phantom,rifle,,,,yetujey,FUT Esports,astra,True,100,50,1,1,0,6,False,phantom,rifle,,0.3644,0.3567,KROSTALY,FUT Esports,kayo,True,100,50,1,1,0,5,False,vandal,rifle,,0.1867,0.4178,Chronicle,Team Vitality,chamber,True,100,25,0,4,1,4,False,classic,sidearm,,0.1978,0.7467,Derke,Team Vitality,neon,False,,,1,1,1,3,False,phantom,rifle,,,,Jamppi,Team Vitality,kayo,False,,,1,1,0,4,False,classic,sidearm,,,,Sayonara,Team Vitality,sova,False,,,1,2,0,6,False,classic,sidearm,,,,PROFEK,Team Vitality,astra,False,,25,1,0,0,5,False,sheriff,sidearm,,,
2177.659,4282,ACTIVE_ROUND,14,8,7,,14.031,,s0pp,FUT Esports,chamber,False,,50,0,6,0,5,False,outlaw,sniper,,,,xeus,FUT Esports,jett,True,88,24,1,0,0,7,True,vandal,rifle,,0.2989,0.3478,sociablEE,FUT Esports,fade,False,,50,1,0,0,3,False,phantom,rifle,,,,yetujey,FUT Esports,astra,True,100,50,1,1,0,6,False,phantom,rifle,,0.2689,0.3833,KROSTALY,FUT Esports,kayo,True,100,50,1,1,0,5,False,vandal,rifle,,0.1756,0.4178,Chronicle,Team Vitality,chamber,True,100,25,0,4,1,4,False,classic,sidearm,,0.1978,0.7467,Derke,Team Vitality,neon,False,,,1,1,1,3,False,phantom,rifle,,,,Jamppi,Team Vitality,kayo,False,,,1,1,0,4,False,classic,sidearm,,,,Sayonara,Team Vitality,sova,False,,,1,2,0,6,False,classic,sidearm,,,,PROFEK,Team Vitality,astra,False,,25,1,0,0,5,False,sheriff,sidearm,,,
2178.143,4283,ACTIVE_ROUND,14,8,7,,14.515,,s0pp,FUT Esports,chamber,False,,50,0,6,0,5,False,outlaw,sniper,,,,xeus,FUT Esports,jett,True,88,24,1,0,0,7,True,vandal,rifle,,0.2967,0.3433,sociablEE,FUT Esports,fade,False,,50,1,0,0,3,False,phantom,rifle,,,,yetujey,FUT Esports,astra,True,100,50,1,1,0,6,False,phantom,rifle,,0.2689,0.3833,KROSTALY,FUT Esports,kayo,True,100,50,1,1,0,5,False,vandal,rifle,,0.1711,0.4178,Chronicle,Team Vitality,chamber,True,100,25,0,4,1,4,False,classic,sidearm,,0.1978,0.7467,Derke,Team Vitality,neon,False,,,1,1,1,3,False,phantom,rifle,,,,Jamppi,Team Vitality,kayo,False,,,1,1,0,4,False,classic,sidearm,,,,Sayonara,Team Vitality,sova,False,,,1,2,0,6,False,classic,sidearm,,,,PROFEK,Team Vitality,astra,False,,25,1,0,0,5,False,sheriff,sidearm,,,
2178.626,4284,ACTIVE_ROUND,14,8,7,,14.998,,s0pp,FUT Esports,chamber,False,,50,0,6,0,5,False,outlaw,sniper,,,,xeus,FUT Esports,jett,True,88,24,1,0,0,7,True,vandal,rifle,,0.2944,0.3433,sociablEE,FUT Esports,fade,False,,50,1,0,0,3,False,phantom,rifle,,,,yetujey,FUT Esports,astra,True,100,50,1,1,0,6,False,phantom,rifle,,0.2689,0.3833,KROSTALY,FUT Esports,kayo,True,100,50,1,1,0,5,False,vandal,rifle,,0.1733,0.4178,Chronicle,Team Vitality,chamber,False,,25,0,2,1,4,False,classic,sidearm,,0.1978,0.7467,Derke,Team Vitality,neon,False,,,1,1,1,3,False,phantom,rifle,,,,Jamppi,Team Vitality,kayo,False,,,1,1,0,4,False,classic,sidearm,,,,Sayonara,Team Vitality,sova,False,,,1,2,0,6,False,classic,sidearm,,,,PROFEK,Team Vitality,astra,False,,25,1,0,0,5,False,sheriff,sidearm,,,
2179.110,4285,POST_ROUND,14,9,7,,,0.000,s0pp,FUT Esports,chamber,False,,50,0,6,0,5,False,outlaw,sniper,,,,xeus,FUT Esports,jett,True,88,24,1,0,0,7,True,vandal,rifle,,0.2944,0.3433,sociablEE,FUT Esports,fade,False,,50,1,0,0,3,False,phantom,rifle,,,,yetujey,FUT Esports,astra,True,100,50,1,1,0,6,False,phantom,rifle,,0.2689,0.3833,KROSTALY,FUT Esports,kayo,True,100,50,1,1,0,5,False,vandal,rifle,,0.1733,0.4178,Chronicle,Team Vitality,chamber,False,,25,0,2,1,4,False,classic,sidearm,,0.1978,0.7467,Derke,Team Vitality,neon,False,,,1,1,1,3,False,phantom,rifle,,,,Jamppi,Team Vitality,kayo,False,,,1,1,0,4,False,classic,sidearm,,,,Sayonara,Team Vitality,sova,False,,,1,2,0,6,False,classic,sidearm,,,,PROFEK,Team Vitality,astra,False,,25,1,0,0,5,False,sheriff,sidearm,,,
2179.594,4286,POST_ROUND,14,9,7,,,0.484,s0pp,FUT Esports,chamber,False,,50,0,6,0,5,False,outlaw,sniper,,,,xeus,FUT Esports,jett,True,88,24,1,0,0,7,True,vandal,rifle,,0.2944,0.3433,sociablEE,FUT Esports,fade,False,,50,1,0,0,3,False,phantom,rifle,,,,yetujey,FUT Esports,astra,True,100,50,1,1,0,6,False,phantom,rifle,,0.2689,0.3833,KROSTALY,FUT Esports,kayo,True,100,50,1,1,0,5,False,vandal,rifle,,0.1733,0.4178,Chronicle,Team Vitality,chamber,False,,25,0,2,1,4,False,classic,sidearm,,0.1978,0.7467,Derke,Team Vitality,neon,False,,,1,1,1,3,False,phantom,rifle,,,,Jamppi,Team Vitality,kayo,False,,,1,1,0,4,False,classic,sidearm,,,,Sayonara,Team Vitality,sova,False,,,1,2,0,6,False,classic,sidearm,,,,PROFEK,Team Vitality,astra,False,,25,1,0,0,5,False,sheriff,sidearm,,,
2180.078,4287,POST_ROUND,14,9,7,,,0.968,s0pp,FUT Esports,chamber,False,,50,0,6,0,5,False,outlaw,sniper,,,,xeus,FUT Esports,jett,True,88,24,1,0,0,7,True,vandal,rifle,,0.2944,0.3433,sociablEE,FUT Esports,fade,False,,50,1,0,0,3,False,phantom,rifle,,,,yetujey,FUT Esports,astra,True,100,50,1,1,0,6,False,phantom,rifle,,0.2689,0.3833,KROSTALY,FUT Esports,kayo,True,100,50,1,1,0,5,False,vandal,rifle,,0.1733,0.4178,Chronicle,Team Vitality,chamber,False,,25,0,2,1,4,False,classic,sidearm,,0.1978,0.7467,Derke,Team Vitality,neon,False,,,1,1,1,3,False,phantom,rifle,,,,Jamppi,Team Vitality,kayo,False,,,1,1,0,4,False,classic,sidearm,,,,Sayonara,Team Vitality,sova,False,,,1,2,0,6,False,classic,sidearm,,,,PROFEK,Team Vitality,astra,False,,25,1,0,0,5,False,sheriff,sidearm,,,
2180.562,4288,POST_ROUND,14,9,7,,,1.451,s0pp,FUT Esports,chamber,False,,50,0,6,0,5,False,outlaw,sniper,,,,xeus,FUT Esports,jett,True,88,24,1,0,0,7,True,vandal,rifle,,0.2944,0.3433,sociablEE,FUT Esports,fade,False,,50,1,0,0,3,False,phantom,rifle,,,,yetujey,FUT Esports,astra,True,100,50,1,1,0,6,False,phantom,rifle,,0.2689,0.3833,KROSTALY,FUT Esports,kayo,True,100,50,1,1,0,6,False,vandal,rifle,,0.1733,0.4178,Chronicle,Team Vitality,chamber,False,,25,0,2,1,4,False,classic,sidearm,,0.1978,0.7467,Derke,Team Vitality,neon,False,,,1,1,1,3,False,phantom,rifle,,,,Jamppi,Team Vitality,kayo,False,,,1,1,0,4,False,classic,sidearm,,,,Sayonara,Team Vitality,sova,False,,,1,2,0,6,False,classic,sidearm,,,,PROFEK,Team Vitality,astra,False,,25,1,0,0,5,False,sheriff,sidearm,,,
2181.046,4289,POST_ROUND,14,9,7,,,1.935,s0pp,FUT Esports,chamber,False,,50,0,6,0,5,False,outlaw,sniper,,,,xeus,FUT Esports,jett,True,88,24,1,0,0,7,True,vandal,rifle,,0.2944,0.3433,sociablEE,FUT Esports,fade,False,,50,1,0,0,3,False,phantom,rifle,,,,yetujey,FUT Esports,astra,True,100,50,1,1,0,6,False,phantom,rifle,,0.2689,0.3833,KROSTALY,FUT Esports,kayo,True,100,50,1,1,0,6,False,vandal,rifle,,0.1733,0.4178,Chronicle,Team Vitality,chamber,False,,25,0,2,1,4,False,classic,sidearm,,0.1978,0.7467,Derke,Team Vitality,neon,False,,,1,1,1,3,False,phantom,rifle,,,,Jamppi,Team Vitality,kayo,False,,,1,1,0,4,False,classic,sidearm,,,,Sayonara,Team Vitality,sova,False,,,1,2,0,6,False,classic,sidearm,,,,PROFEK,Team Vitality,astra,False,,25,1,0,0,5,False,sheriff,sidearm,,,
2262.327,4457,PREROUND,15,9,7,,,,s0pp,FUT Esports,chamber,True,,,0,8,1,6,False,,,,,,xeus,FUT Esports,jett,True,,,2,1,1,7,True,,,,,,sociablEE,FUT Esports,fade,True,,,2,1,1,4,False,,,,,,yetujey,FUT Esports,astra,True,,,1,3,1,6,False,,,,,,KROSTALY,FUT Esports,kayo,True,,,1,2,1,6,False,,,,,,Chronicle,Team Vitality,chamber,True,,,1,4,1,5,False,,,,,,Derke,Team Vitality,neon,True,,,1,1,1,4,False,,,,,,Jamppi,Team Vitality,kayo,True,,,1,2,1,6,False,,,,,,Sayonara,Team Vitality,sova,True,,,1,2,1,7,False,,,,,,PROFEK,Team Vitality,astra,True,,,2,2,1,6,False,,,,,
2262.811,4458,PREROUND,15,9,7,,,,s0pp,FUT Esports,chamber,True,,,0,8,1,6,False,,,,,,xeus,FUT Esports,jett,True,,,2,1,1,7,True,,,,,,sociablEE,FUT Esports,fade,True,,,2,1,1,4,False,,,,,,yetujey,FUT Esports,astra,True,,,1,3,1,6,False,,,,,,KROSTALY,FUT Esports,kayo,True,,,1,2,1,6,False,,,,,,Chronicle,Team Vitality,chamber,True,,,1,4,1,5,False,,,,,,Derke,Team Vitality,neon,True,,,1,1,1,4,False,,,,,,Jamppi,Team Vitality,kayo,True,,,1,2,1,6,False,,,,,,Sayonara,Team Vitality,sova,True,,,1,2,1,7,False,,,,,,PROFEK,Team Vitality,astra,True,,,2,2,1,6,False,,,,,
2263.294,4459,PREROUND,15,9,7,,,,s0pp,FUT Esports,chamber,True,,,0,8,1,6,False,,,,,,xeus,FUT Esports,jett,True,,,2,1,1,7,True,,,,,,sociablEE,FUT Esports,fade,True,,,2,1,1,4,False,,,,,,yetujey,FUT Esports,astra,True,,,1,3,1,6,False,,,,,,KROSTALY,FUT Esports,kayo,True,,,1,2,1,6,False,,,,,,Chronicle,Team Vitality,chamber,True,,,1,4,1,5,False,,,,,,Derke,Team Vitality,neon,True,,,1,1,1,4,False,,,,,,Jamppi,Team Vitality,kayo,True,,,1,2,1,6,False,,,,,,Sayonara,Team Vitality,sova,True,,,1,2,1,7,False,,,,,,PROFEK,Team Vitality,astra,True,,,2,2,1,6,False,,,,,
2263.778,4460,PREROUND,15,9,7,,,,s0pp,FUT Esports,chamber,True,,,0,8,1,6,False,,,,,,xeus,FUT Esports,jett,True,,,2,1,1,7,True,,,,,,sociablEE,FUT Esports,fade,True,,,2,1,1,4,False,,,,,,yetujey,FUT Esports,astra,True,,,1,3,1,6,False,,,,,,KROSTALY,FUT Esports,kayo,True,,,1,2,1,6,False,,,,,,Chronicle,Team Vitality,chamber,True,,,1,4,1,5,False,,,,,,Derke,Team Vitality,neon,True,,,1,1,1,4,False,,,,,,Jamppi,Team Vitality,kayo,True,,,1,2,1,6,False,,,,,,Sayonara,Team Vitality,sova,True,,,1,2,1,7,False,,,,,,PROFEK,Team Vitality,astra,True,,,2,2,1,6,False,,,,,
2264.262,4461,PREROUND,15,9,7,,,,s0pp,FUT Esports,chamber,True,,,0,8,1,6,False,,,,,,xeus,FUT Esports,jett,True,,,2,1,1,7,True,,,,,,sociablEE,FUT Esports,fade,True,,,2,1,1,4,False,,,,,,yetujey,FUT Esports,astra,True,,,1,3,1,6,False,,,,,,KROSTALY,FUT Esports,kayo,True,,,1,2,1,6,False,,,,,,Chronicle,Team Vitality,chamber,True,,,1,4,1,5,False,,,,,,Derke,Team Vitality,neon,True,,,1,1,1,4,False,,,,,,Jamppi,Team Vitality,kayo,True,,,1,2,1,6,False,,,,,,Sayonara,Team Vitality,sova,True,,,1,2,1,7,False,,,,,,PROFEK,Team Vitality,astra,True,,,2,2,1,6,False,,,,,
2264.746,4462,PREROUND,15,9,7,,,,s0pp,FUT Esports,chamber,True,,,0,8,1,6,False,,,,,,xeus,FUT Esports,jett,True,,,2,1,1,7,True,,,,,,sociablEE,FUT Esports,fade,True,,,2,1,1,4,False,,,,,,yetujey,FUT Esports,astra,True,,,1,3,1,6,False,,,,,,KROSTALY,FUT Esports,kayo,True,,,1,2,1,6,False,,,,,,Chronicle,Team Vitality,chamber,True,,,1,4,1,5,False,,,,,,Derke,Team Vitality,neon,True,,,1,1,1,4,False,,,,,,Jamppi,Team Vitality,kayo,True,,,1,2,1,6,False,,,,,,Sayonara,Team Vitality,sova,True,,,1,2,1,7,False,,,,,,PROFEK,Team Vitality,astra,True,,,2,2,1,6,False,,,,,
2265.230,4463,PREROUND,15,9,7,,,,s0pp,FUT Esports,chamber,True,,,0,8,1,6,False,,,,,,xeus,FUT Esports,jett,True,,,2,1,1,7,True,,,,,,sociablEE,FUT Esports,fade,True,,,2,1,1,4,False,,,,,,yetujey,FUT Esports,astra,True,,,1,3,1,6,False,,,,,,KROSTALY,FUT Esports,kayo,True,,,1,2,1,6,False,,,,,,Chronicle,Team Vitality,chamber,True,,,1,4,1,5,False,,,,,,Derke,Team Vitality,neon,True,,,1,1,1,4,False,,,,,,Jamppi,Team Vitality,kayo,True,,,1,2,1,6,False,,,,,,Sayonara,Team Vitality,sova,True,,,1,2,1,7,False,,,,,,PROFEK,Team Vitality,astra,True,,,2,2,1,6,False,,,,,
2265.713,4464,PREROUND,15,9,7,,,,s0pp,FUT Esports,chamber,True,,,0,8,1,6,False,,,,,,xeus,FUT Esports,jett,True,,,2,1,1,7,True,,,,,,sociablEE,FUT Esports,fade,True,,,2,1,1,4,False,,,,,,yetujey,FUT Esports,astra,True,,,1,3,1,6,False,,,,,,KROSTALY,FUT Esports,kayo,True,,,1,2,1,6,False,,,,,,Chronicle,Team Vitality,chamber,True,,,1,4,1,5,False,,,,,,Derke,Team Vitality,neon,True,,,1,1,1,4,False,,,,,,Jamppi,Team Vitality,kayo,True,,,1,2,1,6,False,,,,,,Sayonara,Team Vitality,sova,True,,,1,2,1,7,False,,,,,,PROFEK,Team Vitality,astra,True,,,2,2,1,6,False,,,,,
2266.197,4465,PREROUND,15,9,7,,,,s0pp,FUT Esports,chamber,True,,,0,8,1,6,False,,,,,,xeus,FUT Esports,jett,True,,,2,1,1,7,True,,,,,,sociablEE,FUT Esports,fade,True,,,2,1,1,4,False,,,,,,yetujey,FUT Esports,astra,True,,,1,3,1,6,False,,,,,,KROSTALY,FUT Esports,kayo,True,,,1,2,1,6,False,,,,,,Chronicle,Team Vitality,chamber,True,,,1,4,1,5,False,,,,,,Derke,Team Vitality,neon,True,,,1,1,1,4,False,,,,,,Jamppi,Team Vitality,kayo,True,,,1,2,1,6,False,,,,,,Sayonara,Team Vitality,sova,True,,,1,2,1,7,False,,,,,,PROFEK,Team Vitality,astra,True,,,2,2,1,6,False,,,,,
2266.681,4466,PREROUND,15,9,7,,,,s0pp,FUT Esports,chamber,True,,,0,8,1,6,False,,,,,,xeus,FUT Esports,jett,True,,,2,1,1,7,True,,,,,,sociablEE,FUT Esports,fade,True,,,2,1,1,4,False,,,,,,yetujey,FUT Esports,astra,True,,,1,3,1,6,False,,,,,,KROSTALY,FUT Esports,kayo,True,,,1,2,1,6,False,,,,,,Chronicle,Team Vitality,chamber,True,,,1,4,1,5,False,,,,,,Derke,Team Vitality,neon,True,,,1,1,1,4,False,,,,,,Jamppi,Team Vitality,kayo,True,,,1,2,1,6,False,,,,,,Sayonara,Team Vitality,sova,True,,,1,2,1,7,False,,,,,,PROFEK,Team Vitality,astra,True,,,2,2,1,6,False,,,,,
2267.165,4467,PREROUND,15,9,7,,,,s0pp,FUT Esports,chamber,True,,,0,8,1,6,False,,,,,,xeus,FUT Esports,jett,True,,,2,1,1,7,True,,,,,,sociablEE,FUT Esports,fade,True,,,2,1,1,4,False,,,,,,yetujey,FUT Esports,astra,True,,,1,3,1,6,False,,,,,,KROSTALY,FUT Esports,kayo,True,,,1,2,1,6,False,,,,,,Chronicle,Team Vitality,chamber,True,,,1,4,1,5,False,,,,,,Derke,Team Vitality,neon,True,,,1,1,1,4,False,,,,,,Jamppi,Team Vitality,kayo,True,,,1,2,1,6,False,,,,,,Sayonara,Team Vitality,sova,True,,,1,2,1,7,False,,,,,,PROFEK,Team Vitality,astra,True,,,2,2,1,6,False,,,,,
2267.649,4468,PREROUND,15,9,7,,,,s0pp,FUT Esports,chamber,True,,,0,8,1,6,False,,,,,,xeus,FUT Esports,jett,True,,,2,1,1,7,True,,,,,,sociablEE,FUT Esports,fade,True,,,2,1,1,4,False,,,,,,yetujey,FUT Esports,astra,True,,,1,3,1,6,False,,,,,,KROSTALY,FUT Esports,kayo,True,,,1,2,1,6,False,,,,,,Chronicle,Team Vitality,chamber,True,,,1,4,1,5,False,,,,,,Derke,Team Vitality,neon,True,,,1,1,1,4,False,,,,,,Jamppi,Team Vitality,kayo,True,,,1,2,1,6,False,,,,,,Sayonara,Team Vitality,sova,True,,,1,2,1,7,False,,,,,,PROFEK,Team Vitality,astra,True,,,2,2,1,6,False,,,,,
2268.133,4469,PREROUND,15,9,7,,,,s0pp,FUT Esports,chamber,True,,,0,8,1,6,False,,,,,,xeus,FUT Esports,jett,True,,,2,1,1,7,True,,,,,,sociablEE,FUT Esports,fade,True,,,2,1,1,4,False,,,,,,yetujey,FUT Esports,astra,True,,,1,3,1,6,False,,,,,,KROSTALY,FUT Esports,kayo,True,,,1,2,1,6,False,,,,,,Chronicle,Team Vitality,chamber,True,,,1,4,1,5,False,,,,,,Derke,Team Vitality,neon,True,,,1,1,1,4,False,,,,,,Jamppi,Team Vitality,kayo,True,,,1,2,1,6,False,,,,,,Sayonara,Team Vitality,sova,True,,,1,2,1,7,False,,,,,,PROFEK,Team Vitality,astra,True,,,2,2,1,6,False,,,,,
2268.616,4470,PREROUND,15,9,7,,,,s0pp,FUT Esports,chamber,True,,,0,8,1,6,False,,,,,,xeus,FUT Esports,jett,True,,,2,1,1,7,True,,,,,,sociablEE,FUT Esports,fade,True,,,2,1,1,4,False,,,,,,yetujey,FUT Esports,astra,True,,,1,3,1,6,False,,,,,,KROSTALY,FUT Esports,kayo,True,,,1,2,1,6,False,,,,,,Chronicle,Team Vitality,chamber,True,,,1,4,1,5,False,,,,,,Derke,Team Vitality,neon,True,,,1,1,1,4,False,,,,,,Jamppi,Team Vitality,kayo,True,,,1,2,1,6,False,,,,,,Sayonara,Team Vitality,sova,True,,,1,2,1,7,False,,,,,,PROFEK,Team Vitality,astra,True,,,2,2,1,6,False,,,,,
2269.100,4471,PREROUND,15,9,7,,,,s0pp,FUT Esports,chamber,True,,,0,8,1,6,False,,,,,,xeus,FUT Esports,jett,True,,,2,1,1,7,True,,,,,,sociablEE,FUT Esports,fade,True,,,2,1,1,4,False,,,,,,yetujey,FUT Esports,astra,True,,,1,3,1,6,False,,,,,,KROSTALY,FUT Esports,kayo,True,,,1,2,1,6,False,,,,,,Chronicle,Team Vitality,chamber,True,,,1,4,1,5,False,,,,,,Derke,Team Vitality,neon,True,,,1,1,1,4,False,,,,,,Jamppi,Team Vitality,kayo,True,,,1,2,1,6,False,,,,,,Sayonara,Team Vitality,sova,True,,,1,2,1,7,False,,,,,,PROFEK,Team Vitality,astra,True,,,2,2,1,6,False,,,,,
2269.584,4472,PREROUND,15,9,7,,,,s0pp,FUT Esports,chamber,True,,,0,8,1,6,False,,,,,,xeus,FUT Esports,jett,True,,,2,1,1,7,True,,,,,,sociablEE,FUT Esports,fade,True,,,2,1,1,4,False,,,,,,yetujey,FUT Esports,astra,True,,,1,3,1,6,False,,,,,,KROSTALY,FUT Esports,kayo,True,,,1,2,1,6,False,,,,,,Chronicle,Team Vitality,chamber,True,,,1,4,1,5,False,,,,,,Derke,Team Vitality,neon,True,,,1,1,1,4,False,,,,,,Jamppi,Team Vitality,kayo,True,,,1,2,1,6,False,,,,,,Sayonara,Team Vitality,sova,True,,,1,2,1,7,False,,,,,,PROFEK,Team Vitality,astra,True,,,2,2,1,6,False,,,,,
2270.068,4473,PREROUND,15,9,7,,,,s0pp,FUT Esports,chamber,True,,,0,8,1,6,False,,,,,,xeus,FUT Esports,jett,True,,,2,1,1,7,True,,,,,,sociablEE,FUT Esports,fade,True,,,2,1,1,4,False,,,,,,yetujey,FUT Esports,astra,True,,,1,3,1,6,False,,,,,,KROSTALY,FUT Esports,kayo,True,,,1,2,1,6,False,,,,,,Chronicle,Team Vitality,chamber,True,,,1,4,1,5,False,,,,,,Derke,Team Vitality,neon,True,,,1,1,1,4,False,,,,,,Jamppi,Team Vitality,kayo,True,,,1,2,1,6,False,,,,,,Sayonara,Team Vitality,sova,True,,,1,2,1,7,False,,,,,,PROFEK,Team Vitality,astra,True,,,2,2,1,6,False,,,,,
2270.552,4474,PREROUND,15,9,7,,,,s0pp,FUT Esports,chamber,True,,,0,8,1,6,False,,,,,,xeus,FUT Esports,jett,True,,,2,1,1,7,True,,,,,,sociablEE,FUT Esports,fade,True,,,2,1,1,4,False,,,,,,yetujey,FUT Esports,astra,True,,,1,3,1,6,False,,,,,,KROSTALY,FUT Esports,kayo,True,,,1,2,1,6,False,,,,,,Chronicle,Team Vitality,chamber,True,,,1,4,1,5,False,,,,,,Derke,Team Vitality,neon,True,,,1,1,1,4,False,,,,,,Jamppi,Team Vitality,kayo,True,,,1,2,1,6,False,,,,,,Sayonara,Team Vitality,sova,True,,,1,2,1,7,False,,,,,,PROFEK,Team Vitality,astra,True,,,2,2,1,6,False,,,,,
2271.035,4475,PREROUND,15,9,7,,,,s0pp,FUT Esports,chamber,True,,,0,8,1,6,False,,,,,,xeus,FUT Esports,jett,True,,,2,1,1,7,True,,,,,,sociablEE,FUT Esports,fade,True,,,2,1,1,4,False,,,,,,yetujey,FUT Esports,astra,True,,,1,3,1,6,False,,,,,,KROSTALY,FUT Esports,kayo,True,,,1,2,1,6,False,,,,,,Chronicle,Team Vitality,chamber,True,,,1,4,1,5,False,,,,,,Derke,Team Vitality,neon,True,,,1,1,1,4,False,,,,,,Jamppi,Team Vitality,kayo,True,,,1,2,1,6,False,,,,,,Sayonara,Team Vitality,sova,True,,,1,2,1,7,False,,,,,,PROFEK,Team Vitality,astra,True,,,2,2,1,6,False,,,,,
2271.519,4476,PREROUND,15,9,7,,,,s0pp,FUT Esports,chamber,True,,,0,8,1,6,False,,,,,,xeus,FUT Esports,jett,True,,,2,1,1,7,True,,,,,,sociablEE,FUT Esports,fade,True,,,2,1,1,4,False,,,,,,yetujey,FUT Esports,astra,True,,,1,3,1,6,False,,,,,,KROSTALY,FUT Esports,kayo,True,,,1,2,1,6,False,,,,,,Chronicle,Team Vitality,chamber,True,,,0,4,1,5,False,,,,,,Derke,Team Vitality,neon,True,,,1,1,1,4,False,,,,,,Jamppi,Team Vitality,kayo,True,,,1,2,1,6,False,,,,,,Sayonara,Team Vitality,sova,True,,,1,2,1,7,False,,,,,,PROFEK,Team Vitality,astra,True,,,2,2,1,6,False,,,,,
2272.003,4477,PREROUND,15,9,7,,,,s0pp,FUT Esports,chamber,True,,,0,8,1,6,False,,,,,,xeus,FUT Esports,jett,True,,,2,1,1,7,True,,,,,,sociablEE,FUT Esports,fade,True,,,2,1,1,4,False,,,,,,yetujey,FUT Esports,astra,True,,,1,3,1,6,False,,,,,,KROSTALY,FUT Esports,kayo,True,,,1,2,1,6,False,,,,,,Chronicle,Team Vitality,chamber,True,,,0,4,1,5,False,,,,,,Derke,Team Vitality,neon,True,,,1,1,1,4,False,,,,,,Jamppi,Team Vitality,kayo,True,,,1,2,1,6,False,,,,,,Sayonara,Team Vitality,sova,True,,,1,2,1,7,False,,,,,,PROFEK,Team Vitality,astra,True,,,2,2,1,6,False,,,,,
2272.487,4478,PREROUND,15,9,7,,,,s0pp,FUT Esports,chamber,True,,,0,8,1,6,False,,,,,,xeus,FUT Esports,jett,True,,,2,1,1,7,True,,,,,,sociablEE,FUT Esports,fade,True,,,2,1,1,4,False,,,,,,yetujey,FUT Esports,astra,True,,,1,3,1,6,False,,,,,,KROSTALY,FUT Esports,kayo,True,,,1,2,1,6,False,,,,,,Chronicle,Team Vitality,chamber,True,,,0,4,1,5,False,,,,,,Derke,Team Vitality,neon,True,,,1,1,1,4,False,,,,,,Jamppi,Team Vitality,kayo,True,,,1,2,1,6,False,,,,,,Sayonara,Team Vitality,sova,True,,,1,2,1,7,False,,,,,,PROFEK,Team Vitality,astra,True,,,2,2,1,6,False,,,,,
2272.971,4479,PREROUND,15,9,7,,,,s0pp,FUT Esports,chamber,True,,,0,8,1,6,False,,,,,,xeus,FUT Esports,jett,True,,,2,1,1,7,True,,,,,,sociablEE,FUT Esports,fade,True,,,2,1,1,4,False,,,,,,yetujey,FUT Esports,astra,True,,,1,3,1,6,False,,,,,,KROSTALY,FUT Esports,kayo,True,,,1,2,1,6,False,,,,,,Chronicle,Team Vitality,chamber,True,,,0,4,1,5,False,,,,,,Derke,Team Vitality,neon,True,,,1,1,1,4,False,,,,,,Jamppi,Team Vitality,kayo,True,,,1,2,1,6,False,,,,,,Sayonara,Team Vitality,sova,True,,,1,2,1,7,False,,,,,,PROFEK,Team Vitality,astra,True,,,2,2,1,6,False,,,,,
2273.455,4480,PREROUND,15,9,7,,,,s0pp,FUT Esports,chamber,True,,,0,8,1,6,False,,,,,,xeus,FUT Esports,jett,True,,,2,1,1,7,True,,,,,,sociablEE,FUT Esports,fade,True,,,2,1,1,4,False,,,,,,yetujey,FUT Esports,astra,True,,,1,3,1,6,False,,,,,,KROSTALY,FUT Esports,kayo,True,,,1,2,1,6,False,,,,,,Chronicle,Team Vitality,chamber,True,,,0,4,1,5,False,,,,,,Derke,Team Vitality,neon,True,,,1,1,1,4,False,,,,,,Jamppi,Team Vitality,kayo,True,,,1,2,1,6,False,,,,,,Sayonara,Team Vitality,sova,True,,,1,2,1,7,False,,,,,,PROFEK,Team Vitality,astra,True,,,2,2,1,6,False,,,,,
2273.938,4481,PREROUND,15,9,7,,,,s0pp,FUT Esports,chamber,True,,,0,8,1,6,False,,,,,,xeus,FUT Esports,jett,True,,,2,1,1,7,True,,,,,,sociablEE,FUT Esports,fade,True,,,2,1,1,4,False,,,,,,yetujey,FUT Esports,astra,True,,,1,3,1,6,False,,,,,,KROSTALY,FUT Esports,kayo,True,,,1,2,1,6,False,,,,,,Chronicle,Team Vitality,chamber,True,,,0,4,1,5,False,,,,,,Derke,Team Vitality,neon,True,,,1,1,1,4,False,,,,,,Jamppi,Team Vitality,kayo,True,,,1,2,1,6,False,,,,,,Sayonara,Team Vitality,sova,True,,,1,2,1,7,False,,,,,,PROFEK,Team Vitality,astra,True,,,2,2,1,6,False,,,,,
2274.422,4482,PREROUND,15,9,7,,,,s0pp,FUT Esports,chamber,True,,,0,8,1,6,False,,,,,,xeus,FUT Esports,jett,True,,,2,1,1,7,True,,,,,,sociablEE,FUT Esports,fade,True,,,2,1,1,4,False,,,,,,yetujey,FUT Esports,astra,True,,,1,3,1,6,False,,,,,,KROSTALY,FUT Esports,kayo,True,,,1,2,1,6,False,,,,,,Chronicle,Team Vitality,chamber,True,,,0,4,1,5,False,,,,,,Derke,Team Vitality,neon,True,,,1,1,1,4,False,,,,,,Jamppi,Team Vitality,kayo,True,,,1,2,1,6,False,,,,,,Sayonara,Team Vitality,sova,True,,,1,2,1,7,False,,,,,,PROFEK,Team Vitality,astra,True,,,2,2,1,6,False,,,,,
2274.906,4483,PREROUND,15,9,7,,,,s0pp,FUT Esports,chamber,True,,,0,8,1,6,False,,,,,,xeus,FUT Esports,jett,True,,,2,1,1,7,True,,,,,,sociablEE,FUT Esports,fade,True,,,2,1,1,4,False,,,,,,yetujey,FUT Esports,astra,True,,,1,3,1,6,False,,,,,,KROSTALY,FUT Esports,kayo,True,,,1,2,1,6,False,,,,,,Chronicle,Team Vitality,chamber,True,,,0,4,1,5,False,,,,,,Derke,Team Vitality,neon,True,,,1,1,1,4,False,,,,,,Jamppi,Team Vitality,kayo,True,,,1,2,1,6,False,,,,,,Sayonara,Team Vitality,sova,True,,,1,2,1,7,False,,,,,,PROFEK,Team Vitality,astra,True,,,2,2,1,6,False,,,,,
2275.390,4484,PREROUND,15,9,7,,,,s0pp,FUT Esports,chamber,True,,,0,8,1,6,False,,,,,,xeus,FUT Esports,jett,True,,,2,1,1,7,True,,,,,,sociablEE,FUT Esports,fade,True,,,2,1,1,4,False,,,,,,yetujey,FUT Esports,astra,True,,,1,3,1,6,False,,,,,,KROSTALY,FUT Esports,kayo,True,,,1,2,1,6,False,,,,,,Chronicle,Team Vitality,chamber,True,,,0,4,1,5,False,,,,,,Derke,Team Vitality,neon,True,,,1,1,1,4,False,,,,,,Jamppi,Team Vitality,kayo,True,,,1,2,1,6,False,,,,,,Sayonara,Team Vitality,sova,True,,,1,2,1,7,False,,,,,,PROFEK,Team Vitality,astra,True,,,2,2,1,6,False,,,,,
2275.874,4485,PREROUND,15,9,7,,,,s0pp,FUT Esports,chamber,True,,,0,8,1,6,False,,,,,,xeus,FUT Esports,jett,True,,,2,1,1,7,True,,,,,,sociablEE,FUT Esports,fade,True,,,2,1,1,4,False,,,,,,yetujey,FUT Esports,astra,True,,,1,3,1,6,False,,,,,,KROSTALY,FUT Esports,kayo,True,,,1,2,1,6,False,,,,,,Chronicle,Team Vitality,chamber,True,,,0,4,1,5,False,,,,,,Derke,Team Vitality,neon,True,,,1,1,1,4,False,,,,,,Jamppi,Team Vitality,kayo,True,,,1,2,1,6,False,,,,,,Sayonara,Team Vitality,sova,True,,,1,2,1,7,False,,,,,,PROFEK,Team Vitality,astra,True,,,2,2,1,6,False,,,,,
2276.357,4486,PREROUND,15,9,7,,,,s0pp,FUT Esports,chamber,True,,,0,8,1,6,False,,,,,,xeus,FUT Esports,jett,True,,,2,1,1,7,True,,,,,,sociablEE,FUT Esports,fade,True,,,2,1,1,4,False,,,,,,yetujey,FUT Esports,astra,True,,,1,3,1,6,False,,,,,,KROSTALY,FUT Esports,kayo,True,,,1,2,1,6,False,,,,,,Chronicle,Team Vitality,chamber,True,,,0,4,1,5,False,,,,,,Derke,Team Vitality,neon,True,,,1,1,1,4,False,,,,,,Jamppi,Team Vitality,kayo,True,,,1,2,1,6,False,,,,,,Sayonara,Team Vitality,sova,True,,,1,2,1,7,False,,,,,,PROFEK,Team Vitality,astra,True,,,2,2,1,6,False,,,,,
2276.841,4487,PREROUND,15,9,7,,,,s0pp,FUT Esports,chamber,True,,,0,8,1,6,False,,,,,,xeus,FUT Esports,jett,True,,,2,1,1,7,True,,,,,,sociablEE,FUT Esports,fade,True,,,2,1,1,4,False,,,,,,yetujey,FUT Esports,astra,True,,,1,3,1,6,False,,,,,,KROSTALY,FUT Esports,kayo,True,,,1,2,1,6,False,,,,,,Chronicle,Team Vitality,chamber,True,,,0,4,1,5,False,,,,,,Derke,Team Vitality,neon,True,,,1,1,1,4,False,,,,,,Jamppi,Team Vitality,kayo,True,,,1,2,1,6,False,,,,,,Sayonara,Team Vitality,sova,True,,,1,2,1,7,False,,,,,,PROFEK,Team Vitality,astra,True,,,2,2,1,6,False,,,,,
2277.325,4488,PREROUND,15,9,7,,,,s0pp,FUT Esports,chamber,True,,,0,8,1,6,False,,,,,,xeus,FUT Esports,jett,True,,,2,1,1,7,True,,,,,,sociablEE,FUT Esports,fade,True,,,2,1,1,4,False,,,,,,yetujey,FUT Esports,astra,True,,,1,3,1,6,False,,,,,,KROSTALY,FUT Esports,kayo,True,,,1,2,1,6,False,,,,,,Chronicle,Team Vitality,chamber,True,,,0,4,0,5,False,,,,,,Derke,Team Vitality,neon,True,,,1,1,1,4,False,,,,,,Jamppi,Team Vitality,kayo,True,,,1,2,1,6,False,,,,,,Sayonara,Team Vitality,sova,True,,,1,2,1,7,False,,,,,,PROFEK,Team Vitality,astra,True,,,2,2,1,6,False,,,,,
2277.809,4489,PREROUND,15,9,7,,,,s0pp,FUT Esports,chamber,True,,,0,8,1,6,False,,,,,,xeus,FUT Esports,jett,True,,,2,1,1,7,True,,,,,,sociablEE,FUT Esports,fade,True,,,2,1,1,4,False,,,,,,yetujey,FUT Esports,astra,True,,,1,3,1,6,False,,,,,,KROSTALY,FUT Esports,kayo,True,,,1,2,1,6,False,,,,,,Chronicle,Team Vitality,chamber,True,,,0,4,0,5,False,,,,,,Derke,Team Vitality,neon,True,,,1,1,1,4,False,,,,,,Jamppi,Team Vitality,kayo,True,,,1,2,1,6,False,,,,,,Sayonara,Team Vitality,sova,True,,,1,2,1,7,False,,,,,,PROFEK,Team Vitality,astra,True,,,2,2,1,6,False,,,,,
2278.293,4490,PREROUND,15,9,7,,,,s0pp,FUT Esports,chamber,True,,,0,8,1,6,False,,,,,,xeus,FUT Esports,jett,True,,,2,1,1,7,True,,,,,,sociablEE,FUT Esports,fade,True,,,2,1,1,4,False,,,,,,yetujey,FUT Esports,astra,True,,,1,3,1,6,False,,,,,,KROSTALY,FUT Esports,kayo,True,,,1,2,1,6,False,,,,,,Chronicle,Team Vitality,chamber,True,,,0,4,0,5,False,,,,,,Derke,Team Vitality,neon,True,,,1,1,1,4,False,,,,,,Jamppi,Team Vitality,kayo,True,,,1,2,1,6,False,,,,,,Sayonara,Team Vitality,sova,True,,,1,2,1,7,False,,,,,,PROFEK,Team Vitality,astra,True,,,2,2,1,6,False,,,,,
2278.776,4491,PREROUND,15,9,7,,,,s0pp,FUT Esports,chamber,True,,,0,8,1,6,False,,,,,,xeus,FUT Esports,jett,True,,,2,1,1,7,True,,,,,,sociablEE,FUT Esports,fade,True,,,2,1,1,4,False,,,,,,yetujey,FUT Esports,astra,True,,,1,3,1,6,False,,,,,,KROSTALY,FUT Esports,kayo,True,,,1,2,1,6,False,,,,,,Chronicle,Team Vitality,chamber,True,,,0,4,0,5,False,,,,,,Derke,Team Vitality,neon,True,,,1,1,1,4,False,,,,,,Jamppi,Team Vitality,kayo,True,,,1,2,1,6,False,,,,,,Sayonara,Team Vitality,sova,True,,,1,2,1,7,False,,,,,,PROFEK,Team Vitality,astra,True,,,2,2,1,6,False,,,,,
2279.260,4492,PREROUND,15,9,7,,,,s0pp,FUT Esports,chamber,True,,,0,8,1,6,False,,,,,,xeus,FUT Esports,jett,True,,,2,1,1,7,True,,,,,,sociablEE,FUT Esports,fade,True,,,2,1,1,4,False,,,,,,yetujey,FUT Esports,astra,True,,,1,3,1,6,False,,,,,,KROSTALY,FUT Esports,kayo,True,,,1,2,1,6,False,,,,,,Chronicle,Team Vitality,chamber,True,,,0,4,0,5,False,,,,,,Derke,Team Vitality,neon,True,,,1,1,1,4,False,,,,,,Jamppi,Team Vitality,kayo,True,,,1,2,1,6,False,,,,,,Sayonara,Team Vitality,sova,True,,,1,2,1,7,False,,,,,,PROFEK,Team Vitality,astra,True,,,2,2,1,6,False,,,,,
2279.744,4493,PREROUND,15,9,7,,,,s0pp,FUT Esports,chamber,True,,,0,8,1,6,False,,,,,,xeus,FUT Esports,jett,True,,,2,1,1,7,True,,,,,,sociablEE,FUT Esports,fade,True,,,2,1,1,4,False,,,,,,yetujey,FUT Esports,astra,True,,,1,3,1,6,False,,,,,,KROSTALY,FUT Esports,kayo,True,,,1,2,1,6,False,,,,,,Chronicle,Team Vitality,chamber,True,,,0,4,0,5,False,,,,,,Derke,Team Vitality,neon,True,,,1,1,1,4,False,,,,,,Jamppi,Team Vitality,kayo,True,,,1,2,1,6,False,,,,,,Sayonara,Team Vitality,sova,True,,,1,2,1,7,False,,,,,,PROFEK,Team Vitality,astra,True,,,2,2,1,6,False,,,,,
2280.228,4494,PREROUND,15,9,7,,,,s0pp,FUT Esports,chamber,True,,,0,8,1,6,False,,,,,,xeus,FUT Esports,jett,True,,,2,1,1,7,True,,,,,,sociablEE,FUT Esports,fade,True,,,2,1,1,4,False,,,,,,yetujey,FUT Esports,astra,True,,,1,3,1,6,False,,,,,,KROSTALY,FUT Esports,kayo,True,,,1,2,1,6,False,,,,,,Chronicle,Team Vitality,chamber,True,,,0,4,1,5,False,,,,,,Derke,Team Vitality,neon,True,,,1,1,1,4,False,,,,,,Jamppi,Team Vitality,kayo,True,,,1,2,1,6,False,,,,,,Sayonara,Team Vitality,sova,True,,,1,2,1,7,False,,,,,,PROFEK,Team Vitality,astra,True,,,2,2,1,6,False,,,,,
2280.712,4495,PREROUND,15,9,7,,,,s0pp,FUT Esports,chamber,True,,,0,8,1,6,False,,,,,,xeus,FUT Esports,jett,True,,,2,1,1,7,True,,,,,,sociablEE,FUT Esports,fade,True,,,2,1,1,4,False,,,,,,yetujey,FUT Esports,astra,True,,,1,3,1,6,False,,,,,,KROSTALY,FUT Esports,kayo,True,,,1,2,1,6,False,,,,,,Chronicle,Team Vitality,chamber,True,,,0,4,1,5,False,,,,,,Derke,Team Vitality,neon,True,,,1,1,1,4,False,,,,,,Jamppi,Team Vitality,kayo,True,,,1,2,1,6,False,,,,,,Sayonara,Team Vitality,sova,True,,,1,2,1,7,False,,,,,,PROFEK,Team Vitality,astra,True,,,2,2,1,6,False,,,,,
2281.196,4496,PREROUND,15,9,7,,,,s0pp,FUT Esports,chamber,True,,,0,8,1,6,False,,,,,,xeus,FUT Esports,jett,True,,,2,1,1,7,True,,,,,,sociablEE,FUT Esports,fade,True,,,2,1,1,4,False,,,,,,yetujey,FUT Esports,astra,True,,,1,3,1,6,False,,,,,,KROSTALY,FUT Esports,kayo,True,,,1,2,1,6,False,,,,,,Chronicle,Team Vitality,chamber,True,,,0,4,1,5,False,,,,,,Derke,Team Vitality,neon,True,,,1,1,1,4,False,,,,,,Jamppi,Team Vitality,kayo,True,,,1,2,1,6,False,,,,,,Sayonara,Team Vitality,sova,True,,,1,2,1,7,False,,,,,,PROFEK,Team Vitality,astra,True,,,2,2,1,6,False,,,,,
2281.679,4497,PREROUND,15,9,7,,,,s0pp,FUT Esports,chamber,True,,,0,8,1,6,False,,,,,,xeus,FUT Esports,jett,True,,,2,1,1,7,True,,,,,,sociablEE,FUT Esports,fade,True,,,2,1,1,4,False,,,,,,yetujey,FUT Esports,astra,True,,,1,3,1,6,False,,,,,,KROSTALY,FUT Esports,kayo,True,,,1,2,1,6,False,,,,,,Chronicle,Team Vitality,chamber,True,,,0,4,1,5,False,,,,,,Derke,Team Vitality,neon,True,,,1,1,1,4,False,,,,,,Jamppi,Team Vitality,kayo,True,,,1,2,1,6,False,,,,,,Sayonara,Team Vitality,sova,True,,,1,2,1,7,False,,,,,,PROFEK,Team Vitality,astra,True,,,2,2,1,6,False,,,,,
2282.163,4498,PREROUND,15,9,7,,,,s0pp,FUT Esports,chamber,True,,,0,8,1,6,False,,,,,,xeus,FUT Esports,jett,True,,,2,1,1,7,True,,,,,,sociablEE,FUT Esports,fade,True,,,2,1,1,4,False,,,,,,yetujey,FUT Esports,astra,True,,,1,3,1,6,False,,,,,,KROSTALY,FUT Esports,kayo,True,,,1,2,1,6,False,,,,,,Chronicle,Team Vitality,chamber,True,,,0,4,1,5,False,,,,,,Derke,Team Vitality,neon,True,,,1,1,1,4,False,,,,,,Jamppi,Team Vitality,kayo,True,,,1,2,1,6,False,,,,,,Sayonara,Team Vitality,sova,True,,,1,2,1,7,False,,,,,,PROFEK,Team Vitality,astra,True,,,2,2,1,6,False,,,,,
2282.647,4499,PREROUND,15,9,7,,,,s0pp,FUT Esports,chamber,True,,,0,8,1,6,False,,,,,,xeus,FUT Esports,jett,True,,,2,1,1,7,True,,,,,,sociablEE,FUT Esports,fade,True,,,2,1,1,4,False,,,,,,yetujey,FUT Esports,astra,True,,,1,3,1,6,False,,,,,,KROSTALY,FUT Esports,kayo,True,,,1,2,1,6,False,,,,,,Chronicle,Team Vitality,chamber,True,,,0,4,1,5,False,,,,,,Derke,Team Vitality,neon,True,,,1,1,1,4,False,,,,,,Jamppi,Team Vitality,kayo,True,,,1,2,1,6,False,,,,,,Sayonara,Team Vitality,sova,True,,,1,2,1,7,False,,,,,,PROFEK,Team Vitality,astra,True,,,2,2,1,6,False,,,,,
2283.131,4500,PREROUND,15,9,7,,,,s0pp,FUT Esports,chamber,True,,,0,8,1,6,False,,,,,,xeus,FUT Esports,jett,True,,,2,1,1,7,True,,,,,,sociablEE,FUT Esports,fade,True,,,2,1,1,4,False,,,,,,yetujey,FUT Esports,astra,True,,,1,3,1,6,False,,,,,,KROSTALY,FUT Esports,kayo,True,,,1,2,1,6,False,,,,,,Chronicle,Team Vitality,chamber,True,,,0,4,1,5,False,,,,,,Derke,Team Vitality,neon,True,,,1,1,1,4,False,,,,,,Jamppi,Team Vitality,kayo,True,,,1,2,1,6,False,,,,,,Sayonara,Team Vitality,sova,True,,,1,2,1,7,False,,,,,,PROFEK,Team Vitality,astra,True,,,2,2,1,6,False,,,,,
2283.615,4501,PREROUND,15,9,7,,,,s0pp,FUT Esports,chamber,True,,,0,8,1,6,False,,,,,,xeus,FUT Esports,jett,True,,,2,1,1,7,True,,,,,,sociablEE,FUT Esports,fade,True,,,2,1,1,4,False,,,,,,yetujey,FUT Esports,astra,True,,,1,3,1,6,False,,,,,,KROSTALY,FUT Esports,kayo,True,,,1,2,1,6,False,,,,,,Chronicle,Team Vitality,chamber,True,,,0,4,1,5,False,,,,,,Derke,Team Vitality,neon,True,,,1,1,1,4,False,,,,,,Jamppi,Team Vitality,kayo,True,,,1,2,1,6,False,,,,,,Sayonara,Team Vitality,sova,True,,,1,2,1,7,False,,,,,,PROFEK,Team Vitality,astra,True,,,2,2,1,6,False,,,,,
2284.098,4502,PREROUND,15,9,7,,,,s0pp,FUT Esports,chamber,True,,,0,8,1,6,False,,,,,,xeus,FUT Esports,jett,True,,,2,1,1,7,True,,,,,,sociablEE,FUT Esports,fade,True,,,2,1,1,4,False,,,,,,yetujey,FUT Esports,astra,True,,,1,3,1,6,False,,,,,,KROSTALY,FUT Esports,kayo,True,,,1,2,1,6,False,,,,,,Chronicle,Team Vitality,chamber,True,,,0,4,1,5,False,,,,,,Derke,Team Vitality,neon,True,,,1,1,1,4,False,,,,,,Jamppi,Team Vitality,kayo,True,,,1,2,1,6,False,,,,,,Sayonara,Team Vitality,sova,True,,,1,2,1,7,False,,,,,,PROFEK,Team Vitality,astra,True,,,2,2,1,6,False,,,,,
2284.582,4503,PREROUND,15,9,7,,,,s0pp,FUT Esports,chamber,True,,,0,8,1,6,False,,,,,,xeus,FUT Esports,jett,True,,,2,1,1,7,True,,,,,,sociablEE,FUT Esports,fade,True,,,2,1,1,4,False,,,,,,yetujey,FUT Esports,astra,True,,,1,3,1,6,False,,,,,,KROSTALY,FUT Esports,kayo,True,,,1,2,1,6,False,,,,,,Chronicle,Team Vitality,chamber,True,,,0,4,1,5,False,,,,,,Derke,Team Vitality,neon,True,,,1,1,1,4,False,,,,,,Jamppi,Team Vitality,kayo,True,,,1,2,1,6,False,,,,,,Sayonara,Team Vitality,sova,True,,,1,2,1,7,False,,,,,,PROFEK,Team Vitality,astra,True,,,2,2,1,6,False,,,,,
2285.066,4504,PREROUND,15,9,7,,,,s0pp,FUT Esports,chamber,True,,,0,8,1,6,False,,,,,,xeus,FUT Esports,jett,True,,,2,1,1,7,True,,,,,,sociablEE,FUT Esports,fade,True,,,2,1,1,4,False,,,,,,yetujey,FUT Esports,astra,True,,,1,3,1,6,False,,,,,,KROSTALY,FUT Esports,kayo,True,,,1,2,1,6,False,,,,,,Chronicle,Team Vitality,chamber,True,,,0,4,1,5,False,,,,,,Derke,Team Vitality,neon,True,,,1,1,1,4,False,,,,,,Jamppi,Team Vitality,kayo,True,,,1,2,1,6,False,,,,,,Sayonara,Team Vitality,sova,True,,,1,2,1,7,False,,,,,,PROFEK,Team Vitality,astra,True,,,2,2,1,6,False,,,,,
2285.550,4505,ACTIVE_ROUND,15,9,7,99.000,,,s0pp,FUT Esports,chamber,True,,,0,8,1,6,False,,,,,,xeus,FUT Esports,jett,True,,,2,1,1,7,True,,,,0.1811,0.6567,sociablEE,FUT Esports,fade,True,,,2,1,1,4,False,,,,,,yetujey,FUT Esports,astra,True,,,1,3,1,6,False,,,,0.3444,0.7856,KROSTALY,FUT Esports,kayo,True,,,1,2,1,6,False,,,,,,Chronicle,Team Vitality,chamber,True,,,0,4,1,5,False,,,,,,Derke,Team Vitality,neon,True,,,1,1,1,4,False,,,,,,Jamppi,Team Vitality,kayo,True,,,1,2,1,6,False,,,,0.6722,0.4922,Sayonara,Team Vitality,sova,True,,,1,2,1,7,False,,,,0.3544,0.7156,PROFEK,Team Vitality,astra,True,,,2,2,1,6,False,,,,,
2286.034,4506,ACTIVE_ROUND,15,9,7,99.000,,,s0pp,FUT Esports,chamber,True,100,50,0,8,1,6,False,,,,,,xeus,FUT Esports,jett,True,100,50,2,1,1,7,True,,,,0.8900,0.5700,sociablEE,FUT Esports,fade,True,100,50,2,1,1,4,False,,,,,,yetujey,FUT Esports,astra,True,100,50,1,3,1,6,False,,,,0.3444,0.7856,KROSTALY,FUT Esports,kayo,True,100,50,1,2,1,6,False,,,,,,Chronicle,Team Vitality,chamber,True,100,,0,4,1,5,False,,,,,,Derke,Team Vitality,neon,True,100,50,1,1,1,4,False,,,,,,Jamppi,Team Vitality,kayo,True,100,25,1,2,1,6,False,,,,0.9011,0.3233,Sayonara,Team Vitality,sova,True,100,50,1,2,1,7,False,,,,0.2056,0.4556,PROFEK,Team Vitality,astra,True,100,25,2,2,1,6,False,,,,,
2286.518,4507,ACTIVE_ROUND,15,9,7,98.000,,,s0pp,FUT Esports,chamber,True,100,50,0,8,1,6,False,,,,,,xeus,FUT Esports,jett,True,100,50,2,1,1,7,True,,,,0.1811,0.6544,sociablEE,FUT Esports,fade,True,100,50,2,1,1,4,False,,,,,,yetujey,FUT Esports,astra,True,100,50,1,3,1,6,False,,,,0.3422,0.7856,KROSTALY,FUT Esports,kayo,True,100,50,1,2,1,6,False,,,,,,Chronicle,Team Vitality,chamber,True,100,,0,4,1,5,False,,,,,,Derke,Team Vitality,neon,True,100,50,1,1,1,4,False,,,,,,Jamppi,Team Vitality,kayo,True,100,25,1,2,1,6,False,,,,0.1589,0.3300,Sayonara,Team Vitality,sova,True,100,50,1,2,1,7,False,,,,0.2056,0.4533,PROFEK,Team Vitality,astra,True,100,25,2,2,1,6,False,,,,,
2287.001,4508,ACTIVE_ROUND,15,9,7,98.000,,,s0pp,FUT Esports,chamber,True,100,50,0,8,1,6,False,operator,sniper,,,,xeus,FUT Esports,jett,True,100,50,2,1,1,7,True,vandal,rifle,,0.1811,0.6544,sociablEE,FUT Esports,fade,True,100,50,2,1,1,4,False,phantom,rifle,,,,yetujey,FUT Esports,astra,True,100,50,1,1,0,6,False,phantom,rifle,,0.3311,0.7856,KROSTALY,FUT Esports,kayo,True,100,50,1,2,0,6,False,vandal,rifle,,,,Chronicle,Team Vitality,chamber,True,100,,0,4,1,5,False,operator,sniper,,,,Derke,Team Vitality,neon,True,100,50,1,1,1,4,False,phantom,rifle,,0.8800,0.4889,Jamppi,Team Vitality,kayo,True,100,25,1,2,1,6,False,vandal,rifle,,0.1700,0.4656,Sayonara,Team Vitality,sova,True,100,50,1,2,1,7,False,phantom,rifle,,0.2344,0.3600,PROFEK,Team Vitality,astra,True,100,25,1,1,0,6,False,phantom,rifle,,,
2287.485,4509,ACTIVE_ROUND,15,9,7,97.000,,,s0pp,FUT Esports,chamber,True,100,50,0,8,1,6,False,operator,sniper,,,,xeus,FUT Esports,jett,True,100,50,2,1,1,7,True,vandal,rifle,,0.4989,0.6189,sociablEE,FUT Esports,fade,True,100,50,2,1,1,4,False,phantom,rifle,,,,yetujey,FUT Esports,astra,True,100,50,1,1,0,6,False,phantom,rifle,,0.3244,0.7811,KROSTALY,FUT Esports,kayo,True,100,50,1,2,0,6,False,vandal,rifle,,,,Chronicle,Team Vitality,chamber,True,100,,0,4,1,5,False,operator,sniper,,,,Derke,Team Vitality,neon,True,100,50,1,1,1,4,False,phantom,rifle,,0.9067,0.5044,Jamppi,Team Vitality,kayo,True,100,25,1,2,1,6,False,vandal,rifle,,0.1722,0.4656,Sayonara,Team Vitality,sova,True,100,50,1,2,1,7,False,phantom,rifle,,0.1989,0.4578,PROFEK,Team Vitality,astra,True,100,25,1,1,0,6,False,phantom,rifle,,,
2287.969,4510,ACTIVE_ROUND,15,9,7,97.000,,,s0pp,FUT Esports,chamber,True,100,50,0,8,1,6,False,operator,sniper,,,,xeus,FUT Esports,jett,True,100,50,2,1,1,7,True,vandal,rifle,,0.5011,0.5989,sociablEE,FUT Esports,fade,True,100,50,2,1,1,4,False,phantom,rifle,,,,yetujey,FUT Esports,astra,True,100,50,1,1,0,6,False,phantom,rifle,,0.3156,0.7744,KROSTALY,FUT Esports,kayo,True,100,50,1,2,0,6,False,vandal,rifle,,,,Chronicle,Team Vitality,chamber,True,100,,0,4,1,5,False,operator,sniper,,,,Derke,Team Vitality,neon,True,100,50,1,1,1,4,False,phantom,rifle,,0.9067,0.5044,Jamppi,Team Vitality,kayo,True,100,25,1,2,1,6,False,vandal,rifle,,0.1722,0.4656,Sayonara,Team Vitality,sova,True,100,50,1,2,1,7,False,phantom,rifle,,0.9144,0.4933,PROFEK,Team Vitality,astra,True,100,25,1,1,0,6,False,phantom,rifle,,,
2288.453,4511,ACTIVE_ROUND,15,9,7,96.000,,,s0pp,FUT Esports,chamber,True,100,50,0,8,1,6,False,operator,sniper,,,,xeus,FUT Esports,jett,True,100,50,2,1,1,7,True,vandal,rifle,,0.5078,0.5767,sociablEE,FUT Esports,fade,True,100,50,2,1,1,4,False,phantom,rifle,,,,yetujey,FUT Esports,astra,True,100,50,1,1,0,6,False,phantom,rifle,,0.3067,0.7656,KROSTALY,FUT Esports,kayo,True,100,50,1,2,0,6,False,vandal,rifle,,,,Chronicle,Team Vitality,chamber,True,100,,0,4,1,5,False,operator,sniper,,,,Derke,Team Vitality,neon,True,100,50,1,1,1,4,False,phantom,rifle,,0.9067,0.5044,Jamppi,Team Vitality,kayo,True,100,25,1,2,1,6,False,vandal,rifle,,0.9033,0.2989,Sayonara,Team Vitality,sova,True,100,50,1,2,1,7,False,phantom,rifle,,0.9367,0.4756,PROFEK,Team Vitality,astra,True,100,25,1,1,0,6,False,phantom,rifle,,0.9000,0.4856
2288.937,4512,ACTIVE_ROUND,15,9,7,96.000,,,s0pp,FUT Esports,chamber,True,100,50,0,8,1,6,False,operator,sniper,,,,xeus,FUT Esports,jett,True,100,50,1,1,0,7,True,vandal,rifle,,0.5256,0.5611,sociablEE,FUT Esports,fade,True,100,50,1,1,1,4,False,phantom,rifle,,,,yetujey,FUT Esports,astra,True,100,50,1,0,0,6,False,phantom,rifle,,0.3067,0.7656,KROSTALY,FUT Esports,kayo,True,100,50,1,2,0,6,False,vandal,rifle,,,,Chronicle,Team Vitality,chamber,True,100,,0,4,1,5,False,operator,sniper,,,,Derke,Team Vitality,neon,True,100,50,1,0,1,4,False,phantom,rifle,,0.9067,0.5044,Jamppi,Team Vitality,kayo,True,100,25,1,2,1,6,False,vandal,rifle,,0.1722,0.4678,Sayonara,Team Vitality,sova,True,100,50,1,2,1,7,False,phantom,rifle,,0.1944,0.3289,PROFEK,Team Vitality,astra,True,100,25,1,1,0,6,False,phantom,rifle,,0.9000,0.4856
2289.420,4513,ACTIVE_ROUND,15,9,7,95.000,,,s0pp,FUT Esports,chamber,True,100,50,0,8,1,6,False,operator,sniper,,,,xeus,FUT Esports,jett,True,100,50,1,1,0,7,True,vandal,rifle,,0.5411,0.5433,sociablEE,FUT Esports,fade,True,100,50,1,1,1,4,False,phantom,rifle,,,,yetujey,FUT Esports,astra,True,100,50,1,0,0,6,False,phantom,rifle,,0.3067,0.7656,KROSTALY,FUT Esports,kayo,True,100,50,1,2,0,6,False,vandal,rifle,,,,Chronicle,Team Vitality,chamber,True,100,,0,4,1,5,False,operator,sniper,,,,Derke,Team Vitality,neon,True,100,50,1,0,1,4,False,phantom,rifle,,0.9067,0.5044,Jamppi,Team Vitality,kayo,True,100,25,1,2,1,6,False,vandal,rifle,,0.1767,0.4678,Sayonara,Team Vitality,sova,True,100,50,1,2,1,7,False,phantom,rifle,,0.2056,0.4511,PROFEK,Team Vitality,astra,True,100,25,1,1,0,6,False,phantom,rifle,,0.9000,0.4856
2289.904,4514,ACTIVE_ROUND,15,9,7,95.000,,,s0pp,FUT Esports,chamber,True,100,50,0,8,1,6,False,operator,sniper,,,,xeus,FUT Esports,jett,True,100,50,1,1,0,7,True,vandal,rifle,,0.4967,0.5078,sociablEE,FUT Esports,fade,True,100,50,1,1,1,4,False,phantom,rifle,,,,yetujey,FUT Esports,astra,True,100,50,1,0,0,6,False,phantom,rifle,,0.3067,0.7656,KROSTALY,FUT Esports,kayo,True,100,50,1,2,0,6,False,vandal,rifle,,,,Chronicle,Team Vitality,chamber,True,100,,0,4,1,5,False,operator,sniper,,,,Derke,Team Vitality,neon,True,100,50,1,0,1,4,False,phantom,rifle,,0.9067,0.5044,Jamppi,Team Vitality,kayo,True,100,25,1,2,1,6,False,vandal,rifle,,0.1944,0.4522,Sayonara,Team Vitality,sova,True,100,50,1,2,1,7,False,phantom,rifle,,0.2211,0.4489,PROFEK,Team Vitality,astra,True,100,25,1,1,0,6,False,phantom,rifle,,0.9000,0.4856
2290.388,4515,ACTIVE_ROUND,15,9,7,94.000,,,s0pp,FUT Esports,chamber,True,100,50,0,8,1,6,False,operator,sniper,,,,xeus,FUT Esports,jett,True,100,50,1,1,0,7,True,vandal,rifle,,0.4611,0.4878,sociablEE,FUT Esports,fade,True,100,50,1,1,1,4,False,phantom,rifle,,0.4644,0.6444,yetujey,FUT Esports,astra,True,100,50,1,0,0,6,False,phantom,rifle,,0.3067,0.7656,KROSTALY,FUT Esports,kayo,True,100,50,1,2,0,6,False,vandal,rifle,,,,Chronicle,Team Vitality,chamber,True,100,,0,4,1,5,False,operator,sniper,,,,Derke,Team Vitality,neon,True,100,50,1,0,1,4,False,phantom,rifle,,0.9067,0.5044,Jamppi,Team Vitality,kayo,True,100,25,1,2,1,6,False,vandal,rifle,,0.2122,0.4389,Sayonara,Team Vitality,sova,True,100,50,1,2,1,7,False,phantom,rifle,,0.2456,0.4311,PROFEK,Team Vitality,astra,True,100,25,1,1,0,6,False,phantom,rifle,,0.9378,0.4989
2290.872,4516,ACTIVE_ROUND,15,9,7,94.000,,,s0pp,FUT Esports,chamber,True,100,50,0,8,1,6,False,operator,sniper,,,,xeus,FUT Esports,jett,True,100,50,1,0,0,7,True,vandal,rifle,,0.3633,0.7700,sociablEE,FUT Esports,fade,True,100,50,1,1,1,4,False,phantom,rifle,,0.4644,0.6467,yetujey,FUT Esports,astra,True,100,50,1,0,0,6,False,phantom,rifle,,0.3067,0.7656,KROSTALY,FUT Esports,kayo,True,100,50,1,1,0,6,False,vandal,rifle,,,,Chronicle,Team Vitality,chamber,True,100,,0,4,1,5,False,operator,sniper,,,,Derke,Team Vitality,neon,True,100,50,1,0,1,4,False,phantom,rifle,,0.9622,0.5689,Jamppi,Team Vitality,kayo,True,100,25,1,2,0,6,False,vandal,rifle,,0.2322,0.4322,Sayonara,Team Vitality,sova,True,100,50,1,2,1,7,False,phantom,rifle,,0.2656,0.4222,PROFEK,Team Vitality,astra,True,100,25,1,1,0,6,False,phantom,rifle,,0.9356,0.4989
2291.356,4517,ACTIVE_ROUND,15,9,7,93.000,,,s0pp,FUT Esports,chamber,True,100,50,0,8,1,6,False,operator,sniper,,,,xeus,FUT Esports,jett,True,100,50,1,0,0,7,True,vandal,rifle,,0.1811,0.6544,sociablEE,FUT Esports,fade,True,100,50,1,1,1,4,False,phantom,rifle,,0.4644,0.6467,yetujey,FUT Esports,astra,True,100,50,1,0,0,6,False,phantom,rifle,,0.3067,0.7656,KROSTALY,FUT Esports,kayo,True,100,50,1,1,0,6,False,vandal,rifle,,,,Chronicle,Team Vitality,chamber,True,100,,0,4,1,5,False,operator,sniper,,,,Derke,Team Vitality,neon,True,100,50,1,0,1,4,False,phantom,rifle,,0.9644,0.5644,Jamppi,Team Vitality,kayo,True,100,25,1,2,0,6,False,vandal,rifle,,0.2544,0.4411,Sayonara,Team Vitality,sova,True,100,50,1,2,1,7,False,phantom,rifle,,0.9078,0.5378,PROFEK,Team Vitality,astra,True,100,25,1,1,0,6,False,phantom,rifle,,0.9378,0.4989
2291.840,4518,ACTIVE_ROUND,15,9,7,93.000,,,s0pp,FUT Esports,chamber,True,100,50,0,8,1,6,False,operator,sniper,,,,xeus,FUT Esports,jett,True,100,50,1,0,0,7,True,vandal,rifle,,0.7522,0.1922,sociablEE,FUT Esports,fade,True,100,50,1,1,1,4,False,phantom,rifle,,0.4644,0.6467,yetujey,FUT Esports,astra,True,100,50,1,0,0,6,False,phantom,rifle,,0.3067,0.7656,KROSTALY,FUT Esports,kayo,True,100,50,1,1,0,6,False,vandal,rifle,,,,Chronicle,Team Vitality,chamber,True,100,,0,4,1,5,False,operator,sniper,,,,Derke,Team Vitality,neon,True,100,50,1,0,1,4,False,phantom,rifle,,0.9622,0.5467,Jamppi,Team Vitality,kayo,True,100,25,1,2,0,6,False,vandal,rifle,,0.2700,0.4500,Sayonara,Team Vitality,sova,True,100,50,1,2,1,7,False,phantom,rifle,,0.2478,0.3600,PROFEK,Team Vitality,astra,True,100,25,1,1,0,6,False,phantom,rifle,,0.9378,0.4989
2292.323,4519,ACTIVE_ROUND,15,9,7,92.000,,,s0pp,FUT Esports,chamber,True,100,50,0,8,1,6,False,operator,sniper,,,,xeus,FUT Esports,jett,True,100,50,1,0,0,7,True,vandal,rifle,,0.6367,0.9256,sociablEE,FUT Esports,fade,True,100,50,1,1,1,4,False,phantom,rifle,,0.4422,0.6844,yetujey,FUT Esports,astra,True,100,50,1,0,0,6,False,phantom,rifle,,0.3067,0.7656,KROSTALY,FUT Esports,kayo,True,100,50,1,1,0,6,False,vandal,rifle,,,,Chronicle,Team Vitality,chamber,True,100,,0,4,1,5,False,operator,sniper,,,,Derke,Team Vitality,neon,True,100,50,1,0,1,4,False,phantom,rifle,,0.9556,0.5267,Jamppi,Team Vitality,kayo,True,100,25,1,2,0,6,False,vandal,rifle,,0.2811,0.4589,Sayonara,Team Vitality,sova,True,100,50,1,2,1,7,False,phantom,rifle,,0.2522,0.3600,PROFEK,Team Vitality,astra,True,100,25,1,1,0,6,False,phantom,rifle,,0.8956,0.5078
2292.807,4520,ACTIVE_ROUND,15,9,7,92.000,,,s0pp,FUT Esports,chamber,True,100,50,0,8,1,6,False,operator,sniper,,,,xeus,FUT Esports,jett,True,100,50,1,0,0,7,True,vandal,rifle,,0.6367,0.9233,sociablEE,FUT Esports,fade,True,100,50,1,1,1,4,False,phantom,rifle,,0.4378,0.7067,yetujey,FUT Esports,astra,True,100,50,1,1,0,6,False,phantom,rifle,,0.3067,0.7656,KROSTALY,FUT Esports,kayo,True,100,50,1,1,0,6,False,vandal,rifle,,,,Chronicle,Team Vitality,chamber,True,100,,0,4,1,5,False,operator,sniper,,,,Derke,Team Vitality,neon,True,100,50,1,0,1,4,False,phantom,rifle,,0.9422,0.5156,Jamppi,Team Vitality,kayo,True,100,25,1,2,0,6,False,vandal,rifle,,0.2856,0.4678,Sayonara,Team Vitality,sova,True,100,50,1,2,1,7,True,phantom,rifle,,0.2433,0.3600,PROFEK,Team Vitality,astra,True,100,25,1,1,0,6,False,phantom,rifle,,0.9178,0.4878
2293.291,4521,ACTIVE_ROUND,15,9,7,92.000,,,s0pp,FUT Esports,chamber,True,100,50,0,8,1,6,False,operator,sniper,,,,xeus,FUT Esports,jett,True,100,50,1,0,0,7,True,vandal,rifle,,0.6367,0.1233,sociablEE,FUT Esports,fade,True,100,50,1,1,1,4,False,phantom,rifle,,0.4333,0.7289,yetujey,FUT Esports,astra,True,100,50,1,1,0,6,False,phantom,rifle,,0.3067,0.7656,KROSTALY,FUT Esports,kayo,True,100,50,1,1,0,6,False,vandal,rifle,,,,Chronicle,Team Vitality,chamber,True,100,,0,4,1,5,False,operator,sniper,,,,Derke,Team Vitality,neon,True,100,50,1,0,1,4,False,phantom,rifle,,0.9244,0.5089,Jamppi,Team Vitality,kayo,True,100,25,1,2,0,6,False,vandal,rifle,,0.2856,0.4767,Sayonara,Team Vitality,sova,True,100,50,1,2,1,7,True,phantom,rifle,,0.9611,0.5289,PROFEK,Team Vitality,astra,True,100,25,1,1,0,6,False,phantom,rifle,,0.9178,0.4878
2293.775,4522,ACTIVE_ROUND,15,9,7,91.000,,,s0pp,FUT Esports,chamber,True,100,50,0,8,1,6,False,operator,sniper,,,,xeus,FUT Esports,jett,True,100,50,1,0,0,7,True,vandal,rifle,,0.4544,0.7567,sociablEE,FUT Esports,fade,True,100,50,1,1,1,4,False,phantom,rifle,,0.4267,0.7511,yetujey,FUT Esports,astra,True,100,50,1,1,0,6,False,phantom,rifle,,0.2689,0.7167,KROSTALY,FUT Esports,kayo,True,100,50,1,1,0,6,False,vandal,rifle,,0.3200,0.7644,Chronicle,Team Vitality,chamber,True,100,,0,4,1,5,False,operator,sniper,,,,Derke,Team Vitality,neon,True,100,50,1,0,1,4,False,phantom,rifle,,0.9244,0.5089,Jamppi,Team Vitality,kayo,True,100,25,1,2,0,6,False,vandal,rifle,,0.2900,0.4944,Sayonara,Team Vitality,sova,True,100,50,1,2,1,7,True,phantom,rifle,,0.9189,0.4667,PROFEK,Team Vitality,astra,True,100,25,1,1,0,6,False,phantom,rifle,,0.9267,0.4944
2294.259,4523,ACTIVE_ROUND,15,9,7,91.000,,,s0pp,FUT Esports,chamber,True,100,50,0,8,1,6,False,operator,sniper,,,,xeus,FUT Esports,jett,True,100,50,1,0,0,7,True,vandal,rifle,,0.7833,0.6878,sociablEE,FUT Esports,fade,True,100,50,1,1,1,4,False,phantom,rifle,,0.4178,0.7733,yetujey,FUT Esports,astra,True,100,50,1,1,0,6,False,phantom,rifle,,0.2689,0.7167,KROSTALY,FUT Esports,kayo,True,100,50,1,1,0,6,False,vandal,rifle,,0.3200,0.7644,Chronicle,Team Vitality,chamber,True,100,,0,4,1,5,False,operator,sniper,,,,Derke,Team Vitality,neon,True,100,50,1,0,1,4,False,phantom,rifle,,0.8844,0.4956,Jamppi,Team Vitality,kayo,True,100,25,1,2,0,6,False,vandal,rifle,,0.2989,0.5122,Sayonara,Team Vitality,sova,True,100,50,1,2,1,7,True,phantom,rifle,,0.9167,0.4689,PROFEK,Team Vitality,astra,True,100,25,1,1,0,6,False,phantom,rifle,,0.9267,0.4944
2294.742,4524,ACTIVE_ROUND,15,9,7,90.000,,,s0pp,FUT Esports,chamber,True,100,50,0,8,1,6,False,operator,sniper,,0.1989,0.7489,xeus,FUT Esports,jett,True,100,50,0,0,0,7,True,vandal,rifle,,0.7900,0.7078,sociablEE,FUT Esports,fade,True,100,50,1,1,1,4,False,phantom,rifle,,0.4111,0.7956,yetujey,FUT Esports,astra,True,100,50,1,1,0,6,False,phantom,rifle,,0.2689,0.7167,KROSTALY,FUT Esports,kayo,True,100,50,1,1,0,6,False,vandal,rifle,,0.3200,0.7644,Chronicle,Team Vitality,chamber,True,100,,0,4,1,5,False,operator,sniper,,,,Derke,Team Vitality,neon,True,100,50,1,0,1,4,False,phantom,rifle,,0.8844,0.4956,Jamppi,Team Vitality,kayo,True,100,25,1,2,0,6,False,vandal,rifle,,0.2989,0.5033,Sayonara,Team Vitality,sova,True,100,50,1,2,1,7,True,phantom,rifle,,0.9189,0.4689,PROFEK,Team Vitality,astra,True,100,25,1,1,0,6,False,phantom,rifle,,0.9400,0.5011
2295.226,4525,ACTIVE_ROUND,15,9,7,90.000,,,s0pp,FUT Esports,chamber,True,100,50,0,8,1,6,False,operator,sniper,,0.1789,0.7489,xeus,FUT Esports,jett,True,100,50,0,0,0,7,True,vandal,rifle,,0.3611,0.7700,sociablEE,FUT Esports,fade,True,100,50,1,1,1,4,False,phantom,rifle,,0.4111,0.7956,yetujey,FUT Esports,astra,True,100,50,1,1,0,6,False,phantom,rifle,,0.2689,0.7167,KROSTALY,FUT Esports,kayo,True,100,50,1,1,0,6,False,vandal,rifle,,0.3200,0.7644,Chronicle,Team Vitality,chamber,True,100,,0,4,1,5,False,operator,sniper,,,,Derke,Team Vitality,neon,True,100,50,1,0,1,4,False,phantom,rifle,,0.8378,0.4600,Jamppi,Team Vitality,kayo,True,100,25,1,2,0,6,False,vandal,rifle,,0.2922,0.5100,Sayonara,Team Vitality,sova,True,100,50,1,2,1,7,True,phantom,rifle,,0.8456,0.4200,PROFEK,Team Vitality,astra,True,100,25,1,1,0,6,False,phantom,rifle,,0.9400,0.5011
2295.710,4526,ACTIVE_ROUND,15,9,7,89.000,,,s0pp,FUT Esports,chamber,True,100,50,0,8,1,6,False,operator,sniper,,0.1633,0.7467,xeus,FUT Esports,jett,True,100,50,0,0,0,7,True,vandal,rifle,,0.3611,0.7589,sociablEE,FUT Esports,fade,True,100,50,1,1,1,4,False,phantom,rifle,,0.4111,0.7956,yetujey,FUT Esports,astra,True,100,50,1,1,0,6,False,phantom,rifle,,0.2689,0.7167,KROSTALY,FUT Esports,kayo,True,100,50,1,1,0,6,False,vandal,rifle,,0.3200,0.7644,Chronicle,Team Vitality,chamber,True,100,,0,4,1,5,False,operator,sniper,,,,Derke,Team Vitality,neon,True,100,50,1,0,1,4,False,phantom,rifle,,0.8311,0.4289,Jamppi,Team Vitality,kayo,True,100,25,1,2,0,6,False,vandal,rifle,,0.2922,0.5011,Sayonara,Team Vitality,sova,True,100,50,1,2,1,7,True,phantom,rifle,,0.8900,0.4756,PROFEK,Team Vitality,astra,True,100,25,1,1,0,6,False,phantom,rifle,,0.9400,0.5011
2296.194,4527,ACTIVE_ROUND,15,9,7,89.000,,,s0pp,FUT Esports,chamber,True,100,50,0,8,1,6,False,operator,sniper,,0.1567,0.7467,xeus,FUT Esports,jett,True,100,50,0,0,0,7,True,vandal,rifle,,0.1811,0.6811,sociablEE,FUT Esports,fade,True,100,50,1,1,1,4,False,phantom,rifle,,0.3444,0.7867,yetujey,FUT Esports,astra,True,100,50,1,1,0,6,False,phantom,rifle,,0.2689,0.7167,KROSTALY,FUT Esports,kayo,True,100,50,1,1,0,6,False,vandal,rifle,,0.3200,0.7644,Chronicle,Team Vitality,chamber,True,100,,0,4,1,5,False,operator,sniper,,,,Derke,Team Vitality,neon,True,100,50,1,0,1,4,False,phantom,rifle,,0.8156,0.4000,Jamppi,Team Vitality,kayo,True,100,25,1,2,0,6,False,vandal,rifle,,0.2922,0.4989,Sayonara,Team Vitality,sova,True,100,50,1,2,1,7,True,phantom,rifle,,0.9478,0.4889,PROFEK,Team Vitality,astra,True,100,25,1,1,0,6,False,phantom,rifle,,0.9578,0.5211
2296.678,4528,ACTIVE_ROUND,15,9,7,88.000,,,s0pp,FUT Esports,chamber,True,100,50,0,8,1,6,False,operator,sniper,,0.1544,0.7422,xeus,FUT Esports,jett,True,100,50,0,0,0,7,True,vandal,rifle,,0.4167,0.5056,sociablEE,FUT Esports,fade,True,100,50,1,1,1,4,False,phantom,rifle,,0.3222,0.7756,yetujey,FUT Esports,astra,True,100,50,1,0,0,6,False,phantom,rifle,,0.2689,0.7167,KROSTALY,FUT Esports,kayo,True,100,50,1,1,0,6,False,vandal,rifle,,0.3200,0.7644,Chronicle,Team Vitality,chamber,True,100,,0,4,1,5,False,operator,sniper,,0.2133,0.3622,Derke,Team Vitality,neon,True,100,50,1,0,1,4,False,phantom,rifle,,0.7956,0.3756,Jamppi,Team Vitality,kayo,True,100,25,1,2,0,6,False,vandal,rifle,,0.2922,0.4967,Sayonara,Team Vitality,sova,True,100,50,1,2,1,7,True,phantom,rifle,,0.8900,0.4756,PROFEK,Team Vitality,astra,True,100,25,0,1,0,6,False,phantom,rifle,,0.9578,0.5278
2297.162,4529,ACTIVE_ROUND,15,9,7,88.000,,,s0pp,FUT Esports,chamber,True,100,50,0,8,1,6,False,operator,sniper,,0.1522,0.7378,xeus,FUT Esports,jett,True,100,50,0,0,0,7,True,vandal,rifle,,0.4167,0.5078,sociablEE,FUT Esports,fade,True,100,50,1,1,1,4,False,phantom,rifle,,0.3044,0.7622,yetujey,FUT Esports,astra,True,100,50,1,0,0,6,False,phantom,rifle,,0.2689,0.7167,KROSTALY,FUT Esports,kayo,True,100,50,1,1,0,6,False,vandal,rifle,,0.3200,0.7644,Chronicle,Team Vitality,chamber,True,100,,0,4,1,5,False,operator,sniper,,0.2133,0.3622,Derke,Team Vitality,neon,True,100,50,1,0,1,4,False,phantom,rifle,,0.7800,0.3689,Jamppi,Team Vitality,kayo,True,100,25,1,2,0,6,False,vandal,rifle,,0.2922,0.4967,Sayonara,Team Vitality,sova,True,100,50,1,2,1,7,True,phantom,rifle,,0.4833,0.5067,PROFEK,Team Vitality,astra,True,100,25,0,1,0,6,False,phantom,rifle,,0.9578,0.5278
2297.645,4530,ACTIVE_ROUND,15,9,7,87.000,,,s0pp,FUT Esports,chamber,True,100,50,0,8,1,6,False,operator,sniper,,0.1522,0.7378,xeus,FUT Esports,jett,True,100,50,0,0,0,7,True,vandal,rifle,,0.4144,0.5144,sociablEE,FUT Esports,fade,True,100,50,1,1,1,4,False,phantom,rifle,,0.2956,0.7400,yetujey,FUT Esports,astra,True,100,50,1,0,0,6,False,phantom,rifle,,0.2689,0.7167,KROSTALY,FUT Esports,kayo,True,100,50,1,1,0,6,False,vandal,rifle,,0.3200,0.7644,Chronicle,Team Vitality,chamber,True,100,,0,4,1,5,False,operator,sniper,,0.2133,0.3622,Derke,Team Vitality,neon,True,100,50,1,0,1,4,False,phantom,rifle,,0.7644,0.3667,Jamppi,Team Vitality,kayo,True,100,25,1,2,0,6,False,vandal,rifle,,0.2944,0.5078,Sayonara,Team Vitality,sova,True,100,50,1,2,1,7,True,phantom,rifle,,0.4789,0.5022,PROFEK,Team Vitality,astra,True,100,25,0,1,0,6,False,phantom,rifle,,0.9578,0.5278
2298.129,4531,ACTIVE_ROUND,15,9,7,87.000,,,s0pp,FUT Esports,chamber,True,100,50,0,8,1,6,False,operator,sniper,,0.1522,0.7378,xeus,FUT Esports,jett,True,100,50,0,0,0,7,True,vandal,rifle,,0.7922,0.6922,sociablEE,FUT Esports,fade,True,100,50,1,1,1,4,False,phantom,rifle,,0.2822,0.7244,yetujey,FUT Esports,astra,True,100,50,1,0,0,6,False,phantom,rifle,,0.2689,0.7167,KROSTALY,FUT Esports,kayo,True,100,50,1,1,0,6,False,vandal,rifle,,0.3200,0.7644,Chronicle,Team Vitality,chamber,True,100,,0,4,1,5,False,operator,sniper,,0.2133,0.3622,Derke,Team Vitality,neon,True,100,50,1,0,1,4,False,phantom,rifle,,0.7533,0.3667,Jamppi,Team Vitality,kayo,True,100,25,1,2,0,6,False,vandal,rifle,,0.3011,0.5056,Sayonara,Team Vitality,sova,True,100,50,1,2,1,7,True,phantom,rifle,,0.4789,0.5022,PROFEK,Team Vitality,astra,True,100,25,0,1,0,6,False,phantom,rifle,,0.9578,0.5278
2298.613,4532,ACTIVE_ROUND,15,9,7,86.000,,,s0pp,FUT Esports,chamber,True,100,50,0,8,1,6,False,operator,sniper,,0.1522,0.7378,xeus,FUT Esports,jett,True,100,50,0,0,0,7,True,vandal,rifle,,0.4167,0.5100,sociablEE,FUT Esports,fade,True,100,50,1,1,1,4,False,phantom,rifle,,0.2822,0.7244,yetujey,FUT Esports,astra,True,100,50,1,1,0,6,False,classic,sidearm,,0.2689,0.7167,KROSTALY,FUT Esports,kayo,True,100,50,1,1,0,6,False,vandal,rifle,,0.3200,0.7644,Chronicle,Team Vitality,chamber,True,100,,0,4,1,5,False,operator,sniper,,0.9578,0.5267,Derke,Team Vitality,neon,True,100,50,1,0,1,4,False,phantom,rifle,,0.7533,0.3667,Jamppi,Team Vitality,kayo,True,100,25,1,2,0,6,False,vandal,rifle,,0.1678,0.3478,Sayonara,Team Vitality,sova,True,100,50,1,2,1,0,False,phantom,rifle,,0.4833,0.5067,PROFEK,Team Vitality,astra,True,100,25,1,1,0,6,False,phantom,rifle,,0.9578,0.5278
2299.097,4533,ACTIVE_ROUND,15,9,7,86.000,,,s0pp,FUT Esports,chamber,True,100,50,0,8,1,6,False,operator,sniper,,0.1544,0.7400,xeus,FUT Esports,jett,True,100,50,0,0,0,7,True,vandal,rifle,,0.4256,0.5011,sociablEE,FUT Esports,fade,True,100,50,1,1,1,4,False,phantom,rifle,,0.2822,0.7244,yetujey,FUT Esports,astra,True,100,50,1,1,0,6,False,classic,sidearm,,0.2689,0.7167,KROSTALY,FUT Esports,kayo,True,100,50,1,1,0,6,False,vandal,rifle,,0.3200,0.7644,Chronicle,Team Vitality,chamber,True,100,,0,4,1,5,False,operator,sniper,,0.9578,0.5267,Derke,Team Vitality,neon,True,100,50,1,0,1,4,False,phantom,rifle,,0.7222,0.3822,Jamppi,Team Vitality,kayo,True,100,25,1,2,0,6,False,vandal,rifle,,0.6856,0.3700,Sayonara,Team Vitality,sova,True,100,50,1,2,1,0,False,phantom,rifle,,0.8544,0.4778,PROFEK,Team Vitality,astra,True,100,25,1,1,0,6,False,phantom,rifle,,0.9578,0.5278
2299.581,4534,ACTIVE_ROUND,15,9,7,85.000,,,s0pp,FUT Esports,chamber,True,100,50,0,8,1,6,False,operator,sniper,,0.1589,0.7444,xeus,FUT Esports,jett,True,100,50,0,0,0,7,True,vandal,rifle,,0.5011,0.5656,sociablEE,FUT Esports,fade,True,100,50,1,1,1,4,False,phantom,rifle,,0.2822,0.7244,yetujey,FUT Esports,astra,True,100,50,1,1,0,6,False,classic,sidearm,,0.2689,0.7167,KROSTALY,FUT Esports,kayo,True,100,50,1,1,0,6,False,vandal,rifle,,0.3200,0.7644,Chronicle,Team Vitality,chamber,True,100,,0,4,1,5,False,operator,sniper,,0.2200,0.3644,Derke,Team Vitality,neon,True,100,50,1,0,1,4,False,phantom,rifle,,0.7044,0.3822,Jamppi,Team Vitality,kayo,True,100,25,1,2,0,6,False,vandal,rifle,,0.9033,0.4989,Sayonara,Team Vitality,sova,True,100,50,1,2,1,0,False,phantom,rifle,,0.9544,0.5022,PROFEK,Team Vitality,astra,True,100,25,1,1,0,6,False,phantom,rifle,,0.9578,0.5278
2300.064,4535,ACTIVE_ROUND,15,9,7,85.000,,,s0pp,FUT Esports,chamber,True,100,50,0,8,1,6,False,operator,sniper,,0.1633,0.7489,xeus,FUT Esports,jett,True,100,50,0,0,0,7,True,vandal,rifle,,0.4256,0.4878,sociablEE,FUT Esports,fade,True,100,50,1,1,1,4,False,phantom,rifle,,0.2822,0.7244,yetujey,FUT Esports,astra,True,100,50,1,1,0,6,False,classic,sidearm,,0.2689,0.7167,KROSTALY,FUT Esports,kayo,True,100,50,1,1,0,6,False,vandal,rifle,,0.3200,0.7644,Chronicle,Team Vitality,chamber,True,100,,0,4,1,5,False,operator,sniper,,0.2200,0.3644,Derke,Team Vitality,neon,True,100,50,1,0,1,4,False,phantom,rifle,,0.7044,0.3822,Jamppi,Team Vitality,kayo,True,100,25,1,2,0,6,False,vandal,rifle,,0.2878,0.4567,Sayonara,Team Vitality,sova,True,100,50,1,2,1,0,False,phantom,rifle,,0.1633,0.6978,PROFEK,Team Vitality,astra,True,100,25,1,1,0,6,False,phantom,rifle,,0.9533,0.5278
2300.548,4536,ACTIVE_ROUND,15,9,7,84.000,,,s0pp,FUT Esports,chamber,True,100,50,0,8,1,6,False,operator,sniper,,0.1656,0.7489,xeus,FUT Esports,jett,True,100,50,0,0,0,7,True,vandal,rifle,,0.4278,0.4967,sociablEE,FUT Esports,fade,True,100,50,1,1,1,4,False,phantom,rifle,,0.2822,0.7244,yetujey,FUT Esports,astra,True,100,50,1,0,0,6,False,phantom,rifle,,0.2689,0.7167,KROSTALY,FUT Esports,kayo,True,100,50,1,1,0,6,False,vandal,rifle,,0.3200,0.7644,Chronicle,Team Vitality,chamber,True,100,,0,4,1,5,False,operator,sniper,,0.2200,0.3644,Derke,Team Vitality,neon,True,100,50,1,0,1,4,False,phantom,rifle,,0.6844,0.4178,Jamppi,Team Vitality,kayo,True,100,25,1,2,0,6,False,vandal,rifle,,0.2833,0.4744,Sayonara,Team Vitality,sova,True,100,50,1,2,1,0,False,phantom,rifle,,0.4789,0.5022,PROFEK,Team Vitality,astra,True,100,25,1,0,0,6,False,phantom,rifle,,0.9533,0.5278
2301.032,4537,ACTIVE_ROUND,15,9,7,84.000,,,s0pp,FUT Esports,chamber,True,100,50,0,8,1,6,False,operator,sniper,,0.1678,0.7467,xeus,FUT Esports,jett,True,100,50,0,0,0,7,True,vandal,rifle,,0.4233,0.4900,sociablEE,FUT Esports,fade,True,100,50,1,1,1,4,False,phantom,rifle,,0.2822,0.7244,yetujey,FUT Esports,astra,True,100,50,1,0,0,6,False,phantom,rifle,,0.2689,0.7167,KROSTALY,FUT Esports,kayo,True,100,50,1,1,0,6,False,vandal,rifle,,0.3200,0.7644,Chronicle,Team Vitality,chamber,False,,,0,4,1,5,False,operator,sniper,,0.2200,0.3644,Derke,Team Vitality,neon,True,100,50,1,0,1,4,False,phantom,rifle,,0.6711,0.4333,Jamppi,Team Vitality,kayo,True,100,25,1,2,0,6,False,vandal,rifle,,0.2856,0.4678,Sayonara,Team Vitality,sova,True,100,50,1,2,1,0,False,phantom,rifle,,0.4789,0.5022,PROFEK,Team Vitality,astra,True,100,25,1,0,0,6,False,phantom,rifle,,0.9533,0.5278
2301.516,4538,ACTIVE_ROUND,15,9,7,83.000,,,s0pp,FUT Esports,chamber,True,100,50,0,8,1,6,False,operator,sniper,,0.1678,0.7467,xeus,FUT Esports,jett,True,100,50,0,0,0,7,True,vandal,rifle,,0.5456,0.4900,sociablEE,FUT Esports,fade,True,100,50,1,1,1,4,False,phantom,rifle,,0.2822,0.7244,yetujey,FUT Esports,astra,True,100,50,1,0,0,6,False,phantom,rifle,,0.2689,0.7167,KROSTALY,FUT Esports,kayo,True,100,50,1,1,0,6,False,vandal,rifle,,0.3200,0.7644,Chronicle,Team Vitality,chamber,False,,,0,4,1,5,False,operator,sniper,,,,Derke,Team Vitality,neon,True,100,50,1,0,1,4,False,phantom,rifle,,0.6711,0.4333,Jamppi,Team Vitality,kayo,True,100,25,1,2,0,6,False,vandal,rifle,,0.2811,0.4656,Sayonara,Team Vitality,sova,True,100,50,1,2,1,0,False,phantom,rifle,,0.4767,0.5022,PROFEK,Team Vitality,astra,True,100,25,1,0,0,6,False,phantom,rifle,,0.9533,0.5278
2302.000,4539,ACTIVE_ROUND,15,9,7,83.000,,,s0pp,FUT Esports,chamber,True,100,50,0,8,1,6,False,operator,sniper,,0.1678,0.7467,xeus,FUT Esports,jett,True,100,50,0,0,0,7,True,vandal,rifle,,0.4056,0.5122,sociablEE,FUT Esports,fade,True,100,50,1,1,1,4,False,phantom,rifle,,0.1711,0.6578,yetujey,FUT Esports,astra,True,100,50,1,0,0,6,False,phantom,rifle,,0.1933,0.7256,KROSTALY,FUT Esports,kayo,True,100,50,1,1,0,6,False,vandal,rifle,,0.3200,0.7644,Chronicle,Team Vitality,chamber,False,,,0,4,1,5,False,operator,sniper,,,,Derke,Team Vitality,neon,True,100,50,1,0,1,4,False,phantom,rifle,,0.6711,0.4333,Jamppi,Team Vitality,kayo,True,100,25,1,2,0,6,False,vandal,rifle,,0.7767,0.4811,Sayonara,Team Vitality,sova,True,100,50,1,2,1,0,False,phantom,rifle,,0.9611,0.5222,PROFEK,Team Vitality,astra,True,100,25,1,0,0,6,False,phantom,rifle,,0.9533,0.5278
2302.484,4540,ACTIVE_ROUND,15,9,7,82.000,,,s0pp,FUT Esports,chamber,True,100,50,0,8,1,7,False,operator,sniper,,0.1678,0.7467,xeus,FUT Esports,jett,True,100,50,0,0,0,7,True,vandal,rifle,,0.3944,0.5122,sociablEE,FUT Esports,fade,True,100,50,1,1,1,4,False,phantom,rifle,,0.1644,0.6400,yetujey,FUT Esports,astra,True,100,50,1,0,0,6,False,phantom,rifle,,0.1911,0.7144,KROSTALY,FUT Esports,kayo,True,100,50,1,1,0,6,False,vandal,rifle,,0.1756,0.6667,Chronicle,Team Vitality,chamber,False,,,0,4,1,5,False,operator,sniper,,,,Derke,Team Vitality,neon,True,100,50,1,0,1,4,False,phantom,rifle,,0.6711,0.4333,Jamppi,Team Vitality,kayo,True,100,25,0,2,0,6,False,vandal,rifle,,0.7767,0.4811,Sayonara,Team Vitality,sova,True,100,50,1,2,1,0,False,phantom,rifle,,0.9633,0.5244,PROFEK,Team Vitality,astra,True,100,25,0,0,0,6,False,phantom,rifle,,0.9533,0.5278
2302.967,4541,ACTIVE_ROUND,15,9,7,82.000,,,s0pp,FUT Esports,chamber,True,100,50,0,8,1,7,False,operator,sniper,,0.1678,0.7467,xeus,FUT Esports,jett,True,100,50,0,0,0,7,True,vandal,rifle,,0.3789,0.5167,sociablEE,FUT Esports,fade,True,100,50,1,1,1,4,False,phantom,rifle,,0.1644,0.6200,yetujey,FUT Esports,astra,True,100,50,1,0,0,6,False,phantom,rifle,,0.1911,0.7144,KROSTALY,FUT Esports,kayo,True,100,50,1,1,0,6,False,vandal,rifle,,0.1711,0.6467,Chronicle,Team Vitality,chamber,False,,,0,4,1,5,False,operator,sniper,,,,Derke,Team Vitality,neon,True,100,50,1,0,1,4,False,phantom,rifle,,0.6711,0.4333,Jamppi,Team Vitality,kayo,True,100,25,0,2,0,6,False,vandal,rifle,,0.7811,0.4811,Sayonara,Team Vitality,sova,True,100,50,1,2,1,0,False,phantom,rifle,,0.9611,0.5156,PROFEK,Team Vitality,astra,True,100,25,0,0,0,6,False,phantom,rifle,,0.9533,0.5278
2303.451,4542,ACTIVE_ROUND,15,9,7,81.000,,,s0pp,FUT Esports,chamber,True,100,50,0,8,1,7,False,operator,sniper,,0.1678,0.7467,xeus,FUT Esports,jett,True,100,50,0,0,0,7,True,vandal,rifle,,0.3567,0.5211,sociablEE,FUT Esports,fade,True,100,50,1,1,1,4,False,phantom,rifle,,0.1711,0.5978,yetujey,FUT Esports,astra,True,100,50,1,0,0,6,False,phantom,rifle,,0.1622,0.7011,KROSTALY,FUT Esports,kayo,True,100,50,1,1,0,6,False,vandal,rifle,,0.1711,0.6467,Chronicle,Team Vitality,chamber,False,,,0,4,1,5,False,operator,sniper,,,,Derke,Team Vitality,neon,True,100,50,1,0,1,4,False,phantom,rifle,,0.6044,0.3844,Jamppi,Team Vitality,kayo,True,100,25,0,2,0,6,False,vandal,rifle,,0.7811,0.4811,Sayonara,Team Vitality,sova,True,100,50,1,2,1,0,False,phantom,rifle,,0.8189,0.4778,PROFEK,Team Vitality,astra,True,100,25,0,0,0,6,False,phantom,rifle,,0.9600,0.5389
2303.935,4543,ACTIVE_ROUND,15,9,7,81.000,,,s0pp,FUT Esports,chamber,True,100,50,0,8,1,7,False,operator,sniper,,0.1678,0.7467,xeus,FUT Esports,jett,True,100,50,0,0,0,7,True,vandal,rifle,,0.3322,0.5189,sociablEE,FUT Esports,fade,True,100,50,1,1,1,4,False,phantom,rifle,,0.1711,0.5978,yetujey,FUT Esports,astra,True,100,50,1,0,0,6,False,phantom,rifle,,0.1578,0.7011,KROSTALY,FUT Esports,kayo,True,100,50,1,1,0,6,False,vandal,rifle,,0.1711,0.6467,Chronicle,Team Vitality,chamber,False,,,0,4,1,5,False,operator,sniper,,,,Derke,Team Vitality,neon,True,100,50,1,0,1,4,False,phantom,rifle,,0.5956,0.3822,Jamppi,Team Vitality,kayo,True,100,25,0,2,0,6,False,vandal,rifle,,0.7789,0.4767,Sayonara,Team Vitality,sova,True,100,50,1,2,1,0,False,phantom,rifle,,0.8167,0.4778,PROFEK,Team Vitality,astra,True,100,25,0,0,0,6,False,phantom,rifle,,0.9600,0.5411
2304.419,4544,ACTIVE_ROUND,15,9,7,80.000,,,s0pp,FUT Esports,chamber,True,100,50,0,8,1,7,False,operator,sniper,,0.1678,0.7467,xeus,FUT Esports,jett,True,30,50,0,0,0,7,True,vandal,rifle,,0.3122,0.5189,sociablEE,FUT Esports,fade,True,100,50,1,1,0,4,False,phantom,rifle,,0.1711,0.5978,yetujey,FUT Esports,astra,True,100,50,1,0,0,6,False,phantom,rifle,,0.1556,0.7011,KROSTALY,FUT Esports,kayo,True,100,50,1,0,0,6,False,vandal,rifle,,0.1711,0.6467,Chronicle,Team Vitality,chamber,False,,,0,4,1,5,False,operator,sniper,,,,Derke,Team Vitality,neon,True,100,50,1,0,1,4,False,phantom,rifle,,0.5844,0.3822,Jamppi,Team Vitality,kayo,True,100,25,0,2,0,6,False,vandal,rifle,,0.7789,0.4767,Sayonara,Team Vitality,sova,True,100,50,1,2,1,0,False,phantom,rifle,,0.9611,0.5244,PROFEK,Team Vitality,astra,True,100,25,0,0,0,6,False,phantom,rifle,,0.9600,0.5411
2304.903,4545,ACTIVE_ROUND,15,9,7,80.000,,,s0pp,FUT Esports,chamber,True,100,50,0,8,1,7,False,operator,sniper,,0.1678,0.7467,xeus,FUT Esports,jett,True,30,50,0,0,0,7,True,vandal,rifle,,0.2967,0.5189,sociablEE,FUT Esports,fade,True,100,50,1,1,0,4,False,phantom,rifle,,0.1711,0.5978,yetujey,FUT Esports,astra,True,100,50,1,0,0,6,False,phantom,rifle,,0.1556,0.7011,KROSTALY,FUT Esports,kayo,True,100,50,1,0,0,6,False,vandal,rifle,,0.1711,0.6467,Chronicle,Team Vitality,chamber,False,,,0,4,1,5,False,operator,sniper,,,,Derke,Team Vitality,neon,True,100,50,1,0,1,4,False,phantom,rifle,,0.5733,0.3844,Jamppi,Team Vitality,kayo,True,100,25,0,2,0,6,False,vandal,rifle,,0.7811,0.4811,Sayonara,Team Vitality,sova,True,100,50,1,2,1,0,False,phantom,rifle,,0.9611,0.5222,PROFEK,Team Vitality,astra,True,100,25,0,0,0,6,False,phantom,rifle,,0.9600,0.5411
2305.386,4546,ACTIVE_ROUND,15,9,7,79.000,,,s0pp,FUT Esports,chamber,True,100,50,0,8,1,7,False,operator,sniper,,0.1678,0.7467,xeus,FUT Esports,jett,True,30,50,0,0,0,7,True,vandal,rifle,,0.2989,0.5100,sociablEE,FUT Esports,fade,True,100,50,1,1,0,4,False,phantom,rifle,,0.1711,0.5978,yetujey,FUT Esports,astra,True,100,50,1,0,0,6,False,phantom,rifle,,0.1556,0.7011,KROSTALY,FUT Esports,kayo,True,100,50,1,0,0,6,False,vandal,rifle,,0.1711,0.6467,Chronicle,Team Vitality,chamber,False,,,0,4,1,5,False,operator,sniper,,,,Derke,Team Vitality,neon,True,100,50,1,0,1,4,False,phantom,rifle,,0.5622,0.3889,Jamppi,Team Vitality,kayo,True,89,2,0,2,0,6,False,vandal,rifle,,0.1722,0.4567,Sayonara,Team Vitality,sova,True,100,50,1,2,1,0,False,phantom,rifle,,0.5833,0.3600,PROFEK,Team Vitality,astra,True,100,25,0,0,0,6,False,phantom,rifle,,0.9578,0.5367
2305.870,4547,ACTIVE_ROUND,15,9,7,79.000,,,s0pp,FUT Esports,chamber,True,100,50,0,8,1,7,False,operator,sniper,,0.1678,0.7467,xeus,FUT Esports,jett,True,30,50,0,0,0,7,True,vandal,rifle,,0.3011,0.4944,sociablEE,FUT Esports,fade,True,100,50,1,1,0,4,False,phantom,rifle,,0.1711,0.5978,yetujey,FUT Esports,astra,True,100,50,1,0,0,6,False,phantom,rifle,,0.1556,0.7011,KROSTALY,FUT Esports,kayo,True,100,50,1,0,0,6,False,vandal,rifle,,0.1711,0.6467,Chronicle,Team Vitality,chamber,False,,,0,4,1,5,False,operator,sniper,,,,Derke,Team Vitality,neon,True,100,50,1,0,1,4,False,phantom,rifle,,0.5511,0.3911,Jamppi,Team Vitality,kayo,True,89,2,0,2,0,6,False,vandal,rifle,,0.1633,0.4522,Sayonara,Team Vitality,sova,True,100,50,1,2,1,0,False,phantom,rifle,,0.9411,0.4933,PROFEK,Team Vitality,astra,True,100,25,0,0,0,6,False,phantom,rifle,,0.9489,0.5189
2306.354,4548,ACTIVE_ROUND,15,9,7,78.000,,,s0pp,FUT Esports,chamber,True,100,50,0,8,1,7,False,operator,sniper,,0.1678,0.7467,xeus,FUT Esports,jett,True,30,50,0,0,0,7,True,vandal,rifle,,0.1322,0.4944,sociablEE,FUT Esports,fade,True,100,50,0,1,0,4,False,phantom,rifle,,0.1711,0.5978,yetujey,FUT Esports,astra,True,100,50,1,0,0,6,False,phantom,rifle,,0.1556,0.6989,KROSTALY,FUT Esports,kayo,True,100,50,1,0,0,6,False,vandal,rifle,,0.1711,0.6467,Chronicle,Team Vitality,chamber,False,,,0,4,1,5,False,operator,sniper,,,,Derke,Team Vitality,neon,True,100,50,1,0,1,4,False,phantom,rifle,,0.5511,0.3911,Jamppi,Team Vitality,kayo,True,89,2,0,2,0,6,False,vandal,rifle,,0.1678,0.4500,Sayonara,Team Vitality,sova,True,100,50,1,2,1,0,False,phantom,rifle,,0.8256,0.4000,PROFEK,Team Vitality,astra,True,100,25,1,0,0,6,False,phantom,rifle,,0.9267,0.5100
2306.838,4549,ACTIVE_ROUND,15,9,7,78.000,,,s0pp,FUT Esports,chamber,True,100,50,0,8,1,7,False,operator,sniper,,0.1678,0.7467,xeus,FUT Esports,jett,True,30,50,0,0,0,7,True,vandal,rifle,,0.2656,0.4433,sociablEE,FUT Esports,fade,True,100,50,0,1,0,4,False,phantom,rifle,,0.1711,0.5978,yetujey,FUT Esports,astra,True,100,50,1,0,0,6,False,phantom,rifle,,0.1556,0.6789,KROSTALY,FUT Esports,kayo,True,100,50,1,0,0,6,False,vandal,rifle,,0.1511,0.5178,Chronicle,Team Vitality,chamber,False,,,0,4,1,5,False,operator,sniper,,,,Derke,Team Vitality,neon,True,100,50,1,0,1,4,False,phantom,rifle,,0.5511,0.3911,Jamppi,Team Vitality,kayo,True,89,2,0,2,0,6,False,vandal,rifle,,0.1767,0.4522,Sayonara,Team Vitality,sova,True,100,50,1,2,1,0,False,phantom,rifle,,0.8211,0.3778,PROFEK,Team Vitality,astra,True,100,25,1,0,0,6,False,phantom,rifle,,0.9044,0.5056
2307.322,4550,ACTIVE_ROUND,15,9,7,78.000,,,s0pp,FUT Esports,chamber,True,100,50,0,8,1,7,False,operator,sniper,,0.1700,0.4733,xeus,FUT Esports,jett,True,30,50,0,0,0,7,True,vandal,rifle,,0.2656,0.4433,sociablEE,FUT Esports,fade,True,100,50,0,1,0,4,False,phantom,rifle,,0.1711,0.5978,yetujey,FUT Esports,astra,True,100,50,1,0,0,6,False,phantom,rifle,,0.1578,0.6611,KROSTALY,FUT Esports,kayo,True,100,50,1,0,0,6,False,vandal,rifle,,0.1511,0.5178,Chronicle,Team Vitality,chamber,False,,,0,4,1,5,False,operator,sniper,,,,Derke,Team Vitality,neon,True,100,50,1,0,1,4,False,phantom,rifle,,0.5511,0.3911,Jamppi,Team Vitality,kayo,True,51,2,0,2,0,6,False,vandal,rifle,,0.7944,0.4100,Sayonara,Team Vitality,sova,True,100,50,1,2,1,0,False,phantom,rifle,,0.8167,0.3556,PROFEK,Team Vitality,astra,True,100,25,1,0,0,6,False,phantom,rifle,,0.8822,0.4967
2307.805,4551,ACTIVE_ROUND,15,9,7,77.000,,,s0pp,FUT Esports,chamber,True,100,50,0,8,1,7,False,operator,sniper,,0.1700,0.4733,xeus,FUT Esports,jett,True,30,50,0,0,0,7,True,vandal,rifle,,0.1500,0.4411,sociablEE,FUT Esports,fade,True,100,50,0,1,0,4,False,phantom,rifle,,0.1711,0.5978,yetujey,FUT Esports,astra,True,100,50,1,0,0,6,False,phantom,rifle,,0.1556,0.6433,KROSTALY,FUT Esports,kayo,True,100,50,1,0,0,6,False,vandal,rifle,,0.1511,0.5178,Chronicle,Team Vitality,chamber,False,,,0,4,1,5,False,operator,sniper,,,,Derke,Team Vitality,neon,True,100,50,1,0,1,4,False,phantom,rifle,,0.5511,0.3911,Jamppi,Team Vitality,kayo,False,,2,0,2,0,6,False,vandal,rifle,,0.7856,0.3256,Sayonara,Team Vitality,sova,True,100,50,1,2,1,0,False,phantom,rifle,,0.1633,0.5556,PROFEK,Team Vitality,astra,True,100,25,1,0,0,6,False,phantom,rifle,,0.8822,0.4967
2308.289,4552,ACTIVE_ROUND,15,9,7,77.000,,,s0pp,FUT Esports,chamber,True,36,50,0,8,1,7,True,operator,sniper,,0.1700,0.4733,xeus,FUT Esports,jett,True,30,50,0,0,0,7,True,vandal,rifle,,0.6589,0.7522,sociablEE,FUT Esports,fade,True,100,50,0,1,0,4,False,phantom,rifle,,0.1711,0.5978,yetujey,FUT Esports,astra,True,100,50,1,0,0,6,False,phantom,rifle,,0.1600,0.6256,KROSTALY,FUT Esports,kayo,True,100,50,1,0,0,6,False,vandal,rifle,,0.1511,0.4911,Chronicle,Team Vitality,chamber,False,,,0,4,1,5,False,operator,sniper,,,,Derke,Team Vitality,neon,True,100,50,1,0,1,4,False,phantom,rifle,,0.5022,0.4178,Jamppi,Team Vitality,kayo,False,,2,0,2,0,6,False,vandal,rifle,,,,Sayonara,Team Vitality,sova,True,100,50,1,2,1,0,False,phantom,rifle,,0.8811,0.4756,PROFEK,Team Vitality,astra,True,100,25,0,0,0,6,False,phantom,rifle,,0.8822,0.4967
2308.773,4553,ACTIVE_ROUND,15,9,7,76.000,,,s0pp,FUT Esports,chamber,True,36,50,0,8,1,7,True,operator,sniper,,0.1967,0.4489,xeus,FUT Esports,jett,True,30,50,0,0,0,7,True,vandal,rifle,,0.1544,0.4389,sociablEE,FUT Esports,fade,True,100,50,0,1,0,4,False,phantom,rifle,,0.1711,0.5978,yetujey,FUT Esports,astra,True,100,50,1,0,0,6,False,phantom,rifle,,0.1600,0.6233,KROSTALY,FUT Esports,kayo,True,100,50,1,0,0,6,False,vandal,rifle,,0.1511,0.4911,Chronicle,Team Vitality,chamber,False,,,0,4,1,5,False,operator,sniper,,,,Derke,Team Vitality,neon,True,100,50,1,0,1,4,False,phantom,rifle,,0.4933,0.4244,Jamppi,Team Vitality,kayo,False,,2,0,2,0,6,False,vandal,rifle,,,,Sayonara,Team Vitality,sova,True,100,50,1,2,1,0,False,phantom,rifle,,0.5144,0.3956,PROFEK,Team Vitality,astra,True,100,25,0,0,0,6,False,phantom,rifle,,0.8822,0.4967
2309.257,4554,ACTIVE_ROUND,15,9,7,76.000,,,s0pp,FUT Esports,chamber,True,36,50,0,8,1,7,True,operator,sniper,,0.1967,0.4333,xeus,FUT Esports,jett,True,30,50,0,0,0,7,True,vandal,rifle,,0.1300,0.4322,sociablEE,FUT Esports,fade,True,100,50,0,1,0,4,False,phantom,rifle,,0.1933,0.4689,yetujey,FUT Esports,astra,True,100,50,1,0,0,6,False,phantom,rifle,,0.1600,0.6233,KROSTALY,FUT Esports,kayo,True,100,50,1,0,0,6,False,vandal,rifle,,0.1578,0.4533,Chronicle,Team Vitality,chamber,False,,,0,4,1,5,False,operator,sniper,,,,Derke,Team Vitality,neon,True,100,50,1,0,1,4,False,phantom,rifle,,0.4889,0.4333,Jamppi,Team Vitality,kayo,False,,2,0,2,0,6,False,vandal,rifle,,,,Sayonara,Team Vitality,sova,True,100,50,1,2,1,0,False,phantom,rifle,,0.8344,0.3844,PROFEK,Team Vitality,astra,True,100,25,0,0,0,6,False,phantom,rifle,,0.8289,0.4278
2309.741,4555,ACTIVE_ROUND,15,9,7,75.000,,,s0pp,FUT Esports,chamber,True,36,50,0,8,1,7,True,operator,sniper,,0.1967,0.4333,xeus,FUT Esports,jett,True,30,50,0,0,0,7,True,vandal,rifle,,0.6767,0.5189,sociablEE,FUT Esports,fade,True,100,50,0,1,0,4,False,phantom,rifle,,0.1933,0.4689,yetujey,FUT Esports,astra,True,100,50,1,0,0,6,False,phantom,rifle,,0.1600,0.6278,KROSTALY,FUT Esports,kayo,True,100,50,1,0,0,6,False,vandal,rifle,,0.1733,0.4511,Chronicle,Team Vitality,chamber,False,,,0,4,1,5,False,operator,sniper,,,,Derke,Team Vitality,neon,True,100,50,1,0,1,4,False,phantom,rifle,,0.4889,0.4333,Jamppi,Team Vitality,kayo,False,,2,0,2,0,6,False,vandal,rifle,,,,Sayonara,Team Vitality,sova,True,100,50,1,2,1,0,False,phantom,rifle,,0.8300,0.3667,PROFEK,Team Vitality,astra,True,100,25,0,0,0,6,False,phantom,rifle,,0.8222,0.4033
2310.225,4556,ACTIVE_ROUND,15,9,7,75.000,,,s0pp,FUT Esports,chamber,True,36,50,0,8,1,7,True,operator,sniper,,0.1967,0.4333,xeus,FUT Esports,jett,True,30,50,0,0,0,7,True,vandal,rifle,,0.1522,0.6122,sociablEE,FUT Esports,fade,True,100,50,0,1,0,4,False,phantom,rifle,,0.1933,0.4689,yetujey,FUT Esports,astra,True,100,50,0,0,0,6,False,phantom,rifle,,0.1667,0.6456,KROSTALY,FUT Esports,kayo,True,100,50,1,0,0,6,False,vandal,rifle,,0.1733,0.4511,Chronicle,Team Vitality,chamber,False,,,0,4,1,5,False,operator,sniper,,,,Derke,Team Vitality,neon,True,100,50,1,0,1,4,False,phantom,rifle,,0.4889,0.4333,Jamppi,Team Vitality,kayo,False,,2,0,2,0,6,False,vandal,rifle,,,,Sayonara,Team Vitality,sova,True,100,50,1,2,1,0,False,phantom,rifle,,0.8144,0.3511,PROFEK,Team Vitality,astra,True,100,25,0,0,0,6,False,phantom,rifle,,0.8133,0.3811
2310.708,4557,ACTIVE_ROUND,15,9,7,74.000,,,s0pp,FUT Esports,chamber,True,36,50,0,8,1,7,True,operator,sniper,,0.1944,0.4289,xeus,FUT Esports,jett,True,30,50,0,0,0,7,True,vandal,rifle,,0.2856,0.4189,sociablEE,FUT Esports,fade,True,100,50,0,1,0,4,False,phantom,rifle,,0.2222,0.4556,yetujey,FUT Esports,astra,True,100,50,0,0,0,6,False,phantom,rifle,,0.1711,0.6633,KROSTALY,FUT Esports,kayo,True,100,50,1,0,0,6,False,vandal,rifle,,0.1733,0.4511,Chronicle,Team Vitality,chamber,False,,,0,4,1,5,False,operator,sniper,,,,Derke,Team Vitality,neon,True,100,50,1,0,1,4,False,phantom,rifle,,0.4889,0.4333,Jamppi,Team Vitality,kayo,False,,2,0,2,0,6,False,vandal,rifle,,,,Sayonara,Team Vitality,sova,True,100,50,1,2,1,0,False,phantom,rifle,,0.8167,0.3200,PROFEK,Team Vitality,astra,True,100,25,0,0,0,6,False,phantom,rifle,,0.8089,0.3589
2311.192,4558,ACTIVE_ROUND,15,9,7,74.000,,,s0pp,FUT Esports,chamber,True,36,50,0,8,1,7,True,operator,sniper,,0.1944,0.4289,xeus,FUT Esports,jett,True,30,50,0,0,0,7,True,vandal,rifle,,0.2856,0.4167,sociablEE,FUT Esports,fade,True,100,50,0,1,0,4,False,phantom,rifle,,0.2222,0.4556,yetujey,FUT Esports,astra,True,100,50,0,0,0,6,False,phantom,rifle,,0.1711,0.6633,KROSTALY,FUT Esports,kayo,True,100,50,1,0,0,6,False,vandal,rifle,,0.1733,0.4511,Chronicle,Team Vitality,chamber,False,,,0,4,1,5,False,operator,sniper,,,,Derke,Team Vitality,neon,True,100,50,1,0,1,4,False,phantom,rifle,,0.4889,0.4333,Jamppi,Team Vitality,kayo,False,,2,0,2,0,6,False,vandal,rifle,,,,Sayonara,Team Vitality,sova,True,100,50,1,2,1,0,False,phantom,rifle,,0.8167,0.2956,PROFEK,Team Vitality,astra,True,100,25,0,0,0,6,False,phantom,rifle,,0.8089,0.3589
2311.676,4559,ACTIVE_ROUND,15,9,7,73.000,,,s0pp,FUT Esports,chamber,True,36,50,0,8,1,7,True,operator,sniper,,0.1944,0.4289,xeus,FUT Esports,jett,True,30,50,0,0,0,7,True,vandal,rifle,,0.2811,0.4278,sociablEE,FUT Esports,fade,True,100,50,0,1,0,4,False,phantom,rifle,,0.2222,0.4556,yetujey,FUT Esports,astra,True,100,50,0,0,0,6,False,phantom,rifle,,0.1711,0.6633,KROSTALY,FUT Esports,kayo,True,100,50,1,0,0,6,False,vandal,rifle,,0.1733,0.4511,Chronicle,Team Vitality,chamber,False,,,0,4,1,5,False,operator,sniper,,,,Derke,Team Vitality,neon,True,100,50,1,0,1,4,False,phantom,rifle,,0.4844,0.4733,Jamppi,Team Vitality,kayo,False,,2,0,2,0,6,False,vandal,rifle,,,,Sayonara,Team Vitality,sova,True,100,50,1,2,1,0,False,phantom,rifle,,0.9078,0.5378,PROFEK,Team Vitality,astra,True,100,25,0,0,0,6,False,phantom,rifle,,0.8089,0.3589
2312.160,4560,ACTIVE_ROUND,15,9,7,73.000,,,s0pp,FUT Esports,chamber,True,36,50,0,8,1,7,True,operator,sniper,,0.1878,0.4133,xeus,FUT Esports,jett,True,30,50,0,0,0,7,True,vandal,rifle,,0.2767,0.4367,sociablEE,FUT Esports,fade,True,100,50,0,1,0,4,False,phantom,rifle,,0.2222,0.4556,yetujey,FUT Esports,astra,True,100,50,0,0,0,6,False,phantom,rifle,,0.1711,0.6633,KROSTALY,FUT Esports,kayo,True,100,50,1,0,0,6,False,vandal,rifle,,0.1733,0.4511,Chronicle,Team Vitality,chamber,False,,,0,4,1,5,False,operator,sniper,,,,Derke,Team Vitality,neon,True,100,50,1,0,1,4,False,phantom,rifle,,0.4800,0.4756,Jamppi,Team Vitality,kayo,False,,2,0,2,0,6,False,vandal,rifle,,,,Sayonara,Team Vitality,sova,True,100,50,1,2,1,0,False,phantom,rifle,,0.8211,0.2844,PROFEK,Team Vitality,astra,True,100,25,0,0,0,6,False,phantom,rifle,,0.8089,0.3589
2312.644,4561,ACTIVE_ROUND,15,9,7,72.000,,,s0pp,FUT Esports,chamber,True,36,50,0,8,1,7,True,operator,sniper,,0.1856,0.4044,xeus,FUT Esports,jett,True,30,50,0,0,0,7,True,vandal,rifle,,0.2789,0.4433,sociablEE,FUT Esports,fade,True,100,50,0,1,0,4,False,phantom,rifle,,0.1822,0.4711,yetujey,FUT Esports,astra,True,100,50,0,0,0,6,False,phantom,rifle,,0.1711,0.6633,KROSTALY,FUT Esports,kayo,True,100,50,1,0,0,6,False,vandal,rifle,,0.1733,0.4511,Chronicle,Team Vitality,chamber,False,,,0,4,1,5,False,operator,sniper,,,,Derke,Team Vitality,neon,True,100,50,1,0,1,4,False,phantom,rifle,,0.4689,0.4800,Jamppi,Team Vitality,kayo,False,,2,0,2,0,6,False,vandal,rifle,,,,Sayonara,Team Vitality,sova,True,100,50,1,2,1,0,False,phantom,rifle,,0.4922,0.3822,PROFEK,Team Vitality,astra,True,100,25,0,0,0,6,False,phantom,rifle,,0.8089,0.3589
2313.127,4562,ACTIVE_ROUND,15,9,7,72.000,,,s0pp,FUT Esports,chamber,True,36,50,0,8,1,7,True,operator,sniper,,0.1856,0.4022,xeus,FUT Esports,jett,True,30,50,0,0,0,7,True,vandal,rifle,,0.2878,0.4433,sociablEE,FUT Esports,fade,True,100,50,0,1,0,4,False,phantom,rifle,,0.1667,0.4778,yetujey,FUT Esports,astra,True,100,50,0,0,0,6,False,phantom,rifle,,0.1711,0.6633,KROSTALY,FUT Esports,kayo,True,100,50,1,0,0,6,False,vandal,rifle,,0.1733,0.4511,Chronicle,Team Vitality,chamber,False,,,0,4,1,5,False,operator,sniper,,,,Derke,Team Vitality,neon,True,100,50,1,0,1,4,False,phantom,rifle,,0.4667,0.4889,Jamppi,Team Vitality,kayo,False,,2,0,2,0,6,False,vandal,rifle,,,,Sayonara,Team Vitality,sova,True,100,50,1,2,1,0,False,phantom,rifle,,0.6500,0.1622,PROFEK,Team Vitality,astra,True,100,25,0,0,0,6,False,phantom,rifle,,0.7600,0.2522
2313.611,4563,ACTIVE_ROUND,15,9,7,71.000,,,s0pp,FUT Esports,chamber,True,36,50,0,8,1,7,True,operator,sniper,,0.1856,0.4022,xeus,FUT Esports,jett,True,30,50,0,0,0,7,True,vandal,rifle,,0.2944,0.4478,sociablEE,FUT Esports,fade,True,100,50,0,1,0,4,False,phantom,rifle,,0.1556,0.4933,yetujey,FUT Esports,astra,True,100,50,0,0,0,6,False,phantom,rifle,,0.1711,0.6633,KROSTALY,FUT Esports,kayo,True,100,50,1,0,0,6,False,vandal,rifle,,0.1733,0.4511,Chronicle,Team Vitality,chamber,False,,,0,4,1,5,False,operator,sniper,,,,Derke,Team Vitality,neon,True,100,50,1,0,1,4,False,phantom,rifle,,0.4622,0.5000,Jamppi,Team Vitality,kayo,False,,2,0,2,0,6,False,vandal,rifle,,,,Sayonara,Team Vitality,sova,True,100,50,1,2,1,0,False,phantom,rifle,,0.6256,0.1689,PROFEK,Team Vitality,astra,True,100,25,0,0,0,6,False,phantom,rifle,,0.7600,0.2522
2314.095,4564,ACTIVE_ROUND,15,9,7,71.000,,,s0pp,FUT Esports,chamber,True,36,50,0,8,1,7,True,operator,sniper,,0.1856,0.4022,xeus,FUT Esports,jett,True,30,50,0,0,0,7,True,vandal,rifle,,0.2944,0.4478,sociablEE,FUT Esports,fade,True,100,50,0,1,0,4,False,phantom,rifle,,0.1422,0.5000,yetujey,FUT Esports,astra,True,100,50,0,0,0,6,False,phantom,rifle,,0.1711,0.6633,KROSTALY,FUT Esports,kayo,True,100,50,1,0,0,6,False,vandal,rifle,,0.1733,0.4511,Chronicle,Team Vitality,chamber,False,,,0,4,1,5,False,operator,sniper,,,,Derke,Team Vitality,neon,True,100,50,1,0,1,4,False,phantom,rifle,,0.4556,0.5067,Jamppi,Team Vitality,kayo,False,,2,0,2,0,6,False,vandal,rifle,,,,Sayonara,Team Vitality,sova,True,100,50,1,2,1,0,False,phantom,rifle,,0.8567,0.5156,PROFEK,Team Vitality,astra,True,100,25,0,0,0,6,False,phantom,rifle,,0.7356,0.2144
2314.579,4565,ACTIVE_ROUND,15,9,7,70.000,,,s0pp,FUT Esports,chamber,True,36,50,0,8,1,7,True,operator,sniper,,0.1856,0.4022,xeus,FUT Esports,jett,True,30,50,0,0,0,7,True,vandal,rifle,,0.1211,0.4700,sociablEE,FUT Esports,fade,True,100,50,0,1,0,4,False,phantom,rifle,,0.1311,0.5000,yetujey,FUT Esports,astra,True,100,50,0,0,0,6,False,phantom,rifle,,0.1711,0.6633,KROSTALY,FUT Esports,kayo,True,100,50,1,0,0,6,False,vandal,rifle,,0.1733,0.4511,Chronicle,Team Vitality,chamber,False,,,0,4,1,5,False,operator,sniper,,,,Derke,Team Vitality,neon,True,100,50,1,0,1,4,False,phantom,rifle,,0.4444,0.5111,Jamppi,Team Vitality,kayo,False,,2,0,2,0,6,False,vandal,rifle,,,,Sayonara,Team Vitality,sova,True,100,50,1,2,1,0,False,phantom,rifle,,0.5922,0.1711,PROFEK,Team Vitality,astra,True,100,25,0,0,0,6,False,phantom,rifle,,0.7133,0.2078
2315.063,4566,ACTIVE_ROUND,15,9,7,70.000,,,s0pp,FUT Esports,chamber,True,36,50,0,8,1,7,True,operator,sniper,,0.1856,0.4022,xeus,FUT Esports,jett,True,30,50,0,0,0,7,True,vandal,rifle,,0.2922,0.4433,sociablEE,FUT Esports,fade,True,100,50,0,1,0,4,False,phantom,rifle,,0.1422,0.4956,yetujey,FUT Esports,astra,True,100,50,0,0,0,6,False,phantom,rifle,,0.1711,0.6633,KROSTALY,FUT Esports,kayo,True,100,50,1,0,0,6,False,vandal,rifle,,0.1733,0.4511,Chronicle,Team Vitality,chamber,False,,,0,4,1,5,False,operator,sniper,,,,Derke,Team Vitality,neon,True,100,50,1,0,1,4,False,phantom,rifle,,0.4356,0.5178,Jamppi,Team Vitality,kayo,False,,2,0,2,0,6,False,vandal,rifle,,,,Sayonara,Team Vitality,sova,True,100,50,1,2,1,0,False,phantom,rifle,,0.4567,0.4867,PROFEK,Team Vitality,astra,True,100,25,0,0,0,6,False,phantom,rifle,,0.6911,0.2033
2316.030,4568,ACTIVE_ROUND,15,9,7,,0.000,,s0pp,FUT Esports,chamber,True,36,50,0,8,1,7,True,operator,sniper,,0.1833,0.4022,xeus,FUT Esports,jett,True,30,50,0,0,0,7,True,vandal,rifle,,0.2922,0.4433,sociablEE,FUT Esports,fade,True,100,50,0,1,0,4,False,phantom,rifle,,0.1422,0.4956,yetujey,FUT Esports,astra,True,100,50,1,0,0,6,False,phantom,rifle,,0.1711,0.6633,KROSTALY,FUT Esports,kayo,True,100,50,1,0,0,6,False,vandal,rifle,,0.1733,0.4511,Chronicle,Team Vitality,chamber,False,,,0,4,1,5,False,operator,sniper,,,,Derke,Team Vitality,neon,True,100,50,1,0,1,4,False,phantom,rifle,,0.4178,0.5311,Jamppi,Team Vitality,kayo,False,,2,0,2,0,6,False,vandal,rifle,,,,Sayonara,Team Vitality,sova,True,100,50,1,2,1,0,False,phantom,rifle,,0.5433,0.2311,PROFEK,Team Vitality,astra,True,100,25,1,0,0,6,False,phantom,rifle,,0.6467,0.1922
2316.514,4569,ACTIVE_ROUND,15,9,7,,0.484,,s0pp,FUT Esports,chamber,True,36,50,0,8,1,7,True,operator,sniper,,0.1833,0.4022,xeus,FUT Esports,jett,True,30,50,0,0,0,7,True,vandal,rifle,,0.2922,0.4433,sociablEE,FUT Esports,fade,True,100,50,0,1,0,4,False,phantom,rifle,,0.1711,0.4911,yetujey,FUT Esports,astra,True,100,50,1,0,0,6,False,phantom,rifle,,0.1711,0.6633,KROSTALY,FUT Esports,kayo,True,100,50,1,0,0,6,False,vandal,rifle,,0.2178,0.4711,Chronicle,Team Vitality,chamber,False,,,0,4,1,5,False,operator,sniper,,,,Derke,Team Vitality,neon,True,100,50,1,0,1,4,False,phantom,rifle,,0.4133,0.5422,Jamppi,Team Vitality,kayo,False,,2,0,2,0,6,False,vandal,rifle,,,,Sayonara,Team Vitality,sova,True,100,50,1,2,1,0,False,phantom,rifle,,0.6522,0.1800,PROFEK,Team Vitality,astra,True,100,25,1,0,0,6,False,phantom,rifle,,0.6222,0.1922
2316.998,4570,ACTIVE_ROUND,15,9,7,,0.968,,s0pp,FUT Esports,chamber,True,36,50,0,8,1,7,True,operator,sniper,,0.1833,0.4022,xeus,FUT Esports,jett,True,30,50,0,0,0,7,True,vandal,rifle,,0.2922,0.4433,sociablEE,FUT Esports,fade,True,100,50,0,1,0,4,False,phantom,rifle,,0.1711,0.4911,yetujey,FUT Esports,astra,True,100,50,1,0,0,6,False,phantom,rifle,,0.1711,0.6633,KROSTALY,FUT Esports,kayo,True,100,50,1,0,0,6,False,vandal,rifle,,0.2178,0.4711,Chronicle,Team Vitality,chamber,False,,,0,4,1,5,False,operator,sniper,,,,Derke,Team Vitality,neon,True,100,50,1,0,1,4,False,phantom,rifle,,0.4133,0.5422,Jamppi,Team Vitality,kayo,False,,2,0,2,0,6,False,vandal,rifle,,,,Sayonara,Team Vitality,sova,True,100,50,1,2,1,0,False,phantom,rifle,,0.4033,0.5333,PROFEK,Team Vitality,astra,True,100,25,1,0,0,6,False,phantom,rifle,,0.6000,0.1944
2317.482,4571,ACTIVE_ROUND,15,9,7,,1.451,,s0pp,FUT Esports,chamber,True,36,50,0,8,1,7,True,operator,sniper,,0.1833,0.4022,xeus,FUT Esports,jett,True,30,50,0,0,0,7,True,vandal,rifle,,0.2900,0.4433,sociablEE,FUT Esports,fade,True,100,50,0,1,0,4,False,phantom,rifle,,0.1711,0.4911,yetujey,FUT Esports,astra,True,100,50,1,0,0,6,False,phantom,rifle,,0.1711,0.6633,KROSTALY,FUT Esports,kayo,True,100,50,1,0,0,6,False,vandal,rifle,,0.2200,0.4711,Chronicle,Team Vitality,chamber,False,,,0,4,1,5,False,operator,sniper,,,,Derke,Team Vitality,neon,True,100,50,1,0,1,4,False,phantom,rifle,,0.4133,0.5422,Jamppi,Team Vitality,kayo,False,,2,0,2,0,6,False,vandal,rifle,,,,Sayonara,Team Vitality,sova,True,100,50,1,2,1,0,False,phantom,rifle,,0.5722,0.1733,PROFEK,Team Vitality,astra,True,100,25,1,0,0,6,False,phantom,rifle,,0.6000,0.1944
2317.966,4572,ACTIVE_ROUND,15,9,7,,1.935,,s0pp,FUT Esports,chamber,True,36,50,0,8,1,7,True,operator,sniper,,0.1833,0.4022,xeus,FUT Esports,jett,True,30,50,0,0,0,7,True,vandal,rifle,,0.2900,0.4433,sociablEE,FUT Esports,fade,True,100,50,0,1,0,4,False,phantom,rifle,,0.1711,0.4911,yetujey,FUT Esports,astra,True,100,50,1,0,0,6,False,phantom,rifle,,0.1711,0.6633,KROSTALY,FUT Esports,kayo,True,100,50,1,0,0,7,False,vandal,rifle,,0.2200,0.4711,Chronicle,Team Vitality,chamber,False,,,0,4,1,5,False,operator,sniper,,,,Derke,Team Vitality,neon,True,100,50,1,0,1,4,False,phantom,rifle,,0.4133,0.5422,Jamppi,Team Vitality,kayo,False,,2,0,2,0,6,False,vandal,rifle,,,,Sayonara,Team Vitality,sova,True,100,50,1,2,1,0,False,phantom,rifle,,0.4656,0.2333,PROFEK,Team Vitality,astra,True,100,25,1,0,0,6,False,phantom,rifle,,0.5689,0.2189
2318.449,4573,ACTIVE_ROUND,15,9,7,,2.419,,s0pp,FUT Esports,chamber,True,36,50,0,8,1,7,True,operator,sniper,,0.1833,0.4022,xeus,FUT Esports,jett,True,30,50,0,0,0,7,True,vandal,rifle,,0.2922,0.4433,sociablEE,FUT Esports,fade,True,100,50,0,1,0,4,False,phantom,rifle,,0.1711,0.4756,yetujey,FUT Esports,astra,True,100,50,1,0,0,6,False,phantom,rifle,,0.1711,0.6633,KROSTALY,FUT Esports,kayo,True,100,50,1,0,0,7,False,vandal,rifle,,0.2200,0.4711,Chronicle,Team Vitality,chamber,False,,,0,4,1,5,False,operator,sniper,,,,Derke,Team Vitality,neon,True,100,50,1,0,1,4,False,phantom,rifle,,0.4133,0.5422,Jamppi,Team Vitality,kayo,False,,2,0,2,0,6,False,vandal,rifle,,,,Sayonara,Team Vitality,sova,True,100,50,1,2,1,0,False,phantom,rifle,,0.4500,0.2378,PROFEK,Team Vitality,astra,True,100,25,1,0,0,6,False,phantom,rifle,,0.5600,0.2344
2318.933,4574,ACTIVE_ROUND,15,9,7,,2.903,,s0pp,FUT Esports,chamber,True,36,50,0,8,1,7,True,operator,sniper,,0.1833,0.4022,xeus,FUT Esports,jett,True,30,50,0,0,0,7,True,vandal,rifle,,0.2878,0.4433,sociablEE,FUT Esports,fade,True,100,50,0,1,0,4,False,phantom,rifle,,0.1733,0.4733,yetujey,FUT Esports,astra,True,100,50,1,0,0,6,False,phantom,rifle,,0.1711,0.6633,KROSTALY,FUT Esports,kayo,True,100,50,1,0,0,7,False,vandal,rifle,,0.2200,0.4711,Chronicle,Team Vitality,chamber,False,,,0,4,1,5,False,operator,sniper,,,,Derke,Team Vitality,neon,True,100,50,1,0,1,4,False,phantom,rifle,,0.4133,0.5422,Jamppi,Team Vitality,kayo,False,,2,0,2,0,6,False,vandal,rifle,,,,Sayonara,Team Vitality,sova,True,100,50,1,2,1,0,False,phantom,rifle,,0.3611,0.5222,PROFEK,Team Vitality,astra,True,100,25,1,0,0,6,False,phantom,rifle,,0.5489,0.2500
2319.417,4575,ACTIVE_ROUND,15,9,7,,3.387,,s0pp,FUT Esports,chamber,True,36,50,0,8,1,7,True,operator,sniper,,0.1833,0.4022,xeus,FUT Esports,jett,True,30,50,0,0,0,7,True,vandal,rifle,,0.2878,0.4433,sociablEE,FUT Esports,fade,True,100,50,0,1,0,4,False,phantom,rifle,,0.1733,0.4622,yetujey,FUT Esports,astra,True,100,50,1,0,0,6,False,phantom,rifle,,0.1711,0.6633,KROSTALY,FUT Esports,kayo,True,100,50,1,0,0,7,False,vandal,rifle,,0.2222,0.4689,Chronicle,Team Vitality,chamber,False,,,0,4,1,5,False,operator,sniper,,,,Derke,Team Vitality,neon,True,100,50,1,0,1,4,False,phantom,rifle,,0.4133,0.5422,Jamppi,Team Vitality,kayo,False,,2,0,2,0,6,False,vandal,rifle,,,,Sayonara,Team Vitality,sova,True,100,50,1,2,1,0,False,phantom,rifle,,0.4433,0.2422,PROFEK,Team Vitality,astra,True,100,25,1,0,0,6,False,phantom,rifle,,0.5289,0.2611
2319.901,4576,ACTIVE_ROUND,15,9,7,,3.871,,s0pp,FUT Esports,chamber,True,36,50,0,8,1,7,True,operator,sniper,,0.1833,0.4022,xeus,FUT Esports,jett,True,30,50,0,0,0,7,True,vandal,rifle,,0.2878,0.4456,sociablEE,FUT Esports,fade,True,100,50,0,1,0,4,False,phantom,rifle,,0.1733,0.4511,yetujey,FUT Esports,astra,True,100,50,1,1,0,6,False,phantom,rifle,,0.1711,0.6633,KROSTALY,FUT Esports,kayo,True,100,50,1,0,0,7,False,vandal,rifle,,0.2222,0.4689,Chronicle,Team Vitality,chamber,False,,,0,4,1,5,False,operator,sniper,,,,Derke,Team Vitality,neon,True,100,50,1,0,1,4,False,phantom,rifle,,0.4133,0.5422,Jamppi,Team Vitality,kayo,False,,2,0,2,0,6,False,vandal,rifle,,,,Sayonara,Team Vitality,sova,True,100,50,1,2,1,0,False,phantom,rifle,,0.5011,0.2422,PROFEK,Team Vitality,astra,True,100,25,0,0,0,6,False,phantom,rifle,,0.5289,0.2611
2320.385,4577,ACTIVE_ROUND,15,9,7,,4.354,,s0pp,FUT Esports,chamber,True,36,50,0,8,1,7,True,operator,sniper,,0.1833,0.4022,xeus,FUT Esports,jett,True,30,50,0,0,0,7,True,vandal,rifle,,0.2878,0.4456,sociablEE,FUT Esports,fade,True,100,50,0,1,0,4,False,phantom,rifle,,0.1800,0.4489,yetujey,FUT Esports,astra,True,100,50,1,1,0,6,False,phantom,rifle,,0.1711,0.6633,KROSTALY,FUT Esports,kayo,True,100,50,1,0,0,7,False,vandal,rifle,,0.2222,0.4689,Chronicle,Team Vitality,chamber,False,,,0,4,1,5,False,operator,sniper,,,,Derke,Team Vitality,neon,True,100,50,1,0,1,4,False,phantom,rifle,,0.4133,0.5422,Jamppi,Team Vitality,kayo,False,,2,0,2,0,6,False,vandal,rifle,,,,Sayonara,Team Vitality,sova,True,100,50,1,2,1,0,False,phantom,rifle,,0.4078,0.2533,PROFEK,Team Vitality,astra,True,100,25,0,0,0,6,False,phantom,rifle,,0.4867,0.2811
2320.869,4578,ACTIVE_ROUND,15,9,7,,4.838,,s0pp,FUT Esports,chamber,True,36,50,0,8,1,7,True,operator,sniper,,0.1833,0.4022,xeus,FUT Esports,jett,True,30,50,0,0,0,7,True,vandal,rifle,,0.2878,0.4456,sociablEE,FUT Esports,fade,True,100,50,0,1,0,4,False,phantom,rifle,,0.1889,0.4489,yetujey,FUT Esports,astra,True,100,50,1,1,0,6,False,phantom,rifle,,0.1711,0.6633,KROSTALY,FUT Esports,kayo,True,100,50,1,0,0,7,False,vandal,rifle,,0.2222,0.4689,Chronicle,Team Vitality,chamber,False,,,0,4,1,5,False,operator,sniper,,,,Derke,Team Vitality,neon,True,100,50,1,0,1,4,False,phantom,rifle,,0.4133,0.5422,Jamppi,Team Vitality,kayo,False,,2,0,2,0,6,False,vandal,rifle,,,,Sayonara,Team Vitality,sova,True,100,50,1,2,1,0,False,phantom,rifle,,0.3922,0.2600,PROFEK,Team Vitality,astra,True,100,25,0,0,0,6,False,phantom,rifle,,0.4756,0.2878
2321.352,4579,ACTIVE_ROUND,15,9,7,,5.322,,s0pp,FUT Esports,chamber,True,36,50,0,8,1,7,True,operator,sniper,,0.1833,0.4022,xeus,FUT Esports,jett,True,30,50,0,0,0,7,True,vandal,rifle,,0.2833,0.4456,sociablEE,FUT Esports,fade,True,100,50,0,1,0,4,False,phantom,rifle,,0.2000,0.4444,yetujey,FUT Esports,astra,True,100,50,1,1,0,6,False,phantom,rifle,,0.1711,0.6633,KROSTALY,FUT Esports,kayo,True,100,50,1,0,0,7,False,vandal,rifle,,0.2222,0.4689,Chronicle,Team Vitality,chamber,False,,,0,4,1,5,False,operator,sniper,,,,Derke,Team Vitality,neon,True,100,50,1,0,1,4,False,phantom,rifle,,0.4133,0.5422,Jamppi,Team Vitality,kayo,False,,2,0,2,0,6,False,vandal,rifle,,,,Sayonara,Team Vitality,sova,True,100,50,1,2,1,0,False,phantom,rifle,,0.3744,0.2711,PROFEK,Team Vitality,astra,True,100,25,0,0,0,6,False,phantom,rifle,,0.4756,0.2878
2321.836,4580,ACTIVE_ROUND,15,9,7,,5.806,,s0pp,FUT Esports,chamber,True,36,50,0,8,1,7,True,operator,sniper,,0.1833,0.4022,xeus,FUT Esports,jett,True,30,50,0,0,0,7,True,vandal,rifle,,0.2856,0.4456,sociablEE,FUT Esports,fade,True,100,50,0,1,0,4,False,phantom,rifle,,0.2111,0.4422,yetujey,FUT Esports,astra,True,100,50,1,0,0,6,False,phantom,rifle,,0.1711,0.6633,KROSTALY,FUT Esports,kayo,True,100,50,1,0,0,7,False,vandal,rifle,,0.2222,0.4689,Chronicle,Team Vitality,chamber,False,,,0,4,1,5,False,operator,sniper,,,,Derke,Team Vitality,neon,True,100,50,1,0,1,4,False,phantom,rifle,,0.4133,0.5422,Jamppi,Team Vitality,kayo,False,,2,0,2,0,6,False,vandal,rifle,,,,Sayonara,Team Vitality,sova,True,100,50,1,2,1,0,False,phantom,rifle,,0.3678,0.2911,PROFEK,Team Vitality,astra,True,100,25,0,0,0,6,False,phantom,rifle,,0.4689,0.2856
2322.320,4581,ACTIVE_ROUND,15,9,7,,6.290,,s0pp,FUT Esports,chamber,True,36,50,0,8,1,7,True,operator,sniper,,0.1833,0.4022,xeus,FUT Esports,jett,True,30,50,0,0,0,7,True,vandal,rifle,,0.2856,0.4456,sociablEE,FUT Esports,fade,True,100,50,0,1,0,4,False,phantom,rifle,,0.2244,0.4400,yetujey,FUT Esports,astra,True,100,50,1,0,0,6,False,phantom,rifle,,0.1711,0.6633,KROSTALY,FUT Esports,kayo,True,100,50,1,0,0,7,False,vandal,rifle,,0.2222,0.4689,Chronicle,Team Vitality,chamber,False,,,0,4,1,5,False,operator,sniper,,,,Derke,Team Vitality,neon,True,100,50,1,0,1,4,False,phantom,rifle,,0.4133,0.5422,Jamppi,Team Vitality,kayo,False,,2,0,2,0,6,False,vandal,rifle,,,,Sayonara,Team Vitality,sova,True,100,50,1,2,1,0,False,phantom,rifle,,0.4389,0.2556,PROFEK,Team Vitality,astra,True,100,25,0,0,0,6,False,phantom,rifle,,0.4489,0.2833
2322.804,4582,ACTIVE_ROUND,15,9,7,,6.773,,s0pp,FUT Esports,chamber,True,36,50,0,8,1,7,True,operator,sniper,,0.1811,0.4022,xeus,FUT Esports,jett,True,30,50,0,0,0,7,True,vandal,rifle,,0.2856,0.4433,sociablEE,FUT Esports,fade,True,100,50,0,1,0,4,False,phantom,rifle,,0.2333,0.4356,yetujey,FUT Esports,astra,True,100,50,1,0,0,6,False,phantom,rifle,,0.1711,0.6633,KROSTALY,FUT Esports,kayo,True,100,50,1,0,0,7,False,vandal,rifle,,0.2222,0.4689,Chronicle,Team Vitality,chamber,False,,,0,4,1,5,False,operator,sniper,,,,Derke,Team Vitality,neon,False,,50,1,0,1,4,False,phantom,rifle,,0.4133,0.5422,Jamppi,Team Vitality,kayo,False,,2,0,2,0,6,False,vandal,rifle,,,,Sayonara,Team Vitality,sova,True,100,50,1,2,1,0,False,phantom,rifle,,0.4211,0.2578,PROFEK,Team Vitality,astra,True,100,25,0,0,0,6,False,phantom,rifle,,0.4289,0.2856
2323.288,4583,ACTIVE_ROUND,15,9,7,,7.257,,s0pp,FUT Esports,chamber,True,36,50,0,8,1,7,True,operator,sniper,,0.1811,0.4022,xeus,FUT Esports,jett,True,30,50,0,0,0,7,True,vandal,rifle,,0.2789,0.4456,sociablEE,FUT Esports,fade,True,100,50,0,1,0,4,False,phantom,rifle,,0.2422,0.4311,yetujey,FUT Esports,astra,True,100,50,1,0,0,6,False,phantom,rifle,,0.1711,0.6633,KROSTALY,FUT Esports,kayo,True,100,50,1,0,0,7,False,vandal,rifle,,0.2156,0.4711,Chronicle,Team Vitality,chamber,False,,,0,4,1,5,False,operator,sniper,,,,Derke,Team Vitality,neon,False,,50,1,0,1,4,False,phantom,rifle,,,,Jamppi,Team Vitality,kayo,False,,2,0,2,0,6,False,vandal,rifle,,,,Sayonara,Team Vitality,sova,True,100,50,1,2,1,0,False,phantom,rifle,,0.3389,0.3378,PROFEK,Team Vitality,astra,True,100,25,0,0,0,6,False,phantom,rifle,,0.4089,0.2833
2323.771,4584,ACTIVE_ROUND,15,9,7,,7.741,,s0pp,FUT Esports,chamber,True,36,50,0,8,1,7,True,operator,sniper,,0.1811,0.4022,xeus,FUT Esports,jett,True,30,50,0,0,0,7,True,vandal,rifle,,0.6856,0.7189,sociablEE,FUT Esports,fade,True,100,50,0,1,0,4,False,phantom,rifle,,0.2556,0.4267,yetujey,FUT Esports,astra,True,100,50,1,0,0,6,False,phantom,rifle,,0.1711,0.6633,KROSTALY,FUT Esports,kayo,True,100,50,1,0,0,7,False,vandal,rifle,,0.2111,0.4711,Chronicle,Team Vitality,chamber,False,,,0,4,1,5,False,operator,sniper,,,,Derke,Team Vitality,neon,False,,50,1,0,1,4,False,phantom,rifle,,,,Jamppi,Team Vitality,kayo,False,,2,0,2,0,6,False,vandal,rifle,,,,Sayonara,Team Vitality,sova,True,100,50,1,2,1,0,False,phantom,rifle,,0.3344,0.3511,PROFEK,Team Vitality,astra,True,100,25,0,0,0,6,False,phantom,rifle,,0.4089,0.2833
2324.255,4585,ACTIVE_ROUND,15,9,7,,8.225,,s0pp,FUT Esports,chamber,True,36,50,0,8,1,7,True,operator,sniper,,0.1811,0.4044,xeus,FUT Esports,jett,True,30,50,0,0,0,7,True,vandal,rifle,,0.8856,0.4722,sociablEE,FUT Esports,fade,True,100,50,0,1,0,4,False,phantom,rifle,,0.2578,0.4267,yetujey,FUT Esports,astra,True,100,50,1,0,0,6,False,phantom,rifle,,0.1711,0.6633,KROSTALY,FUT Esports,kayo,True,100,50,1,0,0,7,False,vandal,rifle,,0.2089,0.4711,Chronicle,Team Vitality,chamber,False,,,0,4,1,5,False,operator,sniper,,,,Derke,Team Vitality,neon,False,,50,1,0,1,4,False,phantom,rifle,,,,Jamppi,Team Vitality,kayo,False,,2,0,2,0,6,False,vandal,rifle,,,,Sayonara,Team Vitality,sova,True,100,50,1,2,1,0,False,phantom,rifle,,0.3944,0.2667,PROFEK,Team Vitality,astra,True,100,25,0,0,0,6,False,phantom,rifle,,0.4089,0.2833
2324.739,4586,ACTIVE_ROUND,15,9,7,,8.709,,s0pp,FUT Esports,chamber,True,36,50,0,8,1,7,True,operator,sniper,,0.1811,0.4022,xeus,FUT Esports,jett,True,30,50,0,0,0,7,True,vandal,rifle,,0.6367,0.8411,sociablEE,FUT Esports,fade,True,100,50,0,1,0,4,False,phantom,rifle,,0.2533,0.4289,yetujey,FUT Esports,astra,True,100,50,1,0,0,6,False,phantom,rifle,,0.1711,0.6633,KROSTALY,FUT Esports,kayo,True,100,50,1,0,0,7,False,vandal,rifle,,0.2089,0.4711,Chronicle,Team Vitality,chamber,False,,,0,4,1,5,False,operator,sniper,,,,Derke,Team Vitality,neon,False,,50,1,0,1,4,False,phantom,rifle,,,,Jamppi,Team Vitality,kayo,False,,2,0,2,0,6,False,vandal,rifle,,,,Sayonara,Team Vitality,sova,True,100,50,1,2,1,0,False,phantom,rifle,,0.3811,0.2711,PROFEK,Team Vitality,astra,True,100,25,0,0,0,6,False,phantom,rifle,,0.4089,0.2833
2325.223,4587,ACTIVE_ROUND,15,9,7,,9.193,,s0pp,FUT Esports,chamber,True,36,50,0,8,1,7,True,operator,sniper,,0.1789,0.3911,xeus,FUT Esports,jett,True,30,50,0,0,0,7,True,vandal,rifle,,0.6367,0.9256,sociablEE,FUT Esports,fade,True,100,50,0,1,0,4,False,phantom,rifle,,0.2422,0.4356,yetujey,FUT Esports,astra,True,100,50,1,0,0,6,False,phantom,rifle,,0.1711,0.6633,KROSTALY,FUT Esports,kayo,True,100,50,1,0,0,7,False,vandal,rifle,,0.2111,0.4711,Chronicle,Team Vitality,chamber,False,,,0,4,1,5,False,operator,sniper,,,,Derke,Team Vitality,neon,False,,50,1,0,1,4,False,phantom,rifle,,,,Jamppi,Team Vitality,kayo,False,,2,0,2,0,6,False,vandal,rifle,,,,Sayonara,Team Vitality,sova,True,100,50,1,2,1,0,False,phantom,rifle,,0.3189,0.3733,PROFEK,Team Vitality,astra,True,100,25,0,0,0,6,False,phantom,rifle,,0.3422,0.2967
2325.707,4588,ACTIVE_ROUND,15,9,7,,9.676,,s0pp,FUT Esports,chamber,True,36,50,0,8,1,7,True,operator,sniper,,0.1722,0.3844,xeus,FUT Esports,jett,True,30,50,0,0,0,7,True,vandal,rifle,,0.1811,0.5478,sociablEE,FUT Esports,fade,True,100,50,0,1,0,4,False,phantom,rifle,,0.2400,0.4444,yetujey,FUT Esports,astra,True,100,50,1,0,0,6,False,phantom,rifle,,0.7089,0.7633,KROSTALY,FUT Esports,kayo,True,100,50,1,0,0,7,False,vandal,rifle,,0.2200,0.4689,Chronicle,Team Vitality,chamber,False,,,0,4,1,5,False,operator,sniper,,,,Derke,Team Vitality,neon,False,,50,1,0,1,4,False,phantom,rifle,,,,Jamppi,Team Vitality,kayo,False,,2,0,2,0,6,False,vandal,rifle,,,,Sayonara,Team Vitality,sova,True,100,50,0,2,1,0,False,phantom,rifle,,0.3811,0.2711,PROFEK,Team Vitality,astra,True,100,25,0,0,0,6,False,phantom,rifle,,0.3422,0.2967
2326.191,4589,ACTIVE_ROUND,15,9,7,,10.160,,s0pp,FUT Esports,chamber,True,36,50,0,8,1,7,True,operator,sniper,,0.1722,0.3822,xeus,FUT Esports,jett,True,30,50,0,0,0,7,True,vandal,rifle,,0.9300,0.3056,sociablEE,FUT Esports,fade,True,100,50,0,1,0,4,False,phantom,rifle,,0.2311,0.4467,yetujey,FUT Esports,astra,True,100,50,1,0,0,6,False,phantom,rifle,,0.7089,0.7633,KROSTALY,FUT Esports,kayo,True,100,50,1,0,0,7,False,vandal,rifle,,0.2200,0.4689,Chronicle,Team Vitality,chamber,False,,,0,4,1,5,False,operator,sniper,,,,Derke,Team Vitality,neon,False,,50,1,0,1,4,False,phantom,rifle,,,,Jamppi,Team Vitality,kayo,False,,2,0,2,0,6,False,vandal,rifle,,,,Sayonara,Team Vitality,sova,True,100,50,0,2,1,0,False,phantom,rifle,,0.3189,0.3756,PROFEK,Team Vitality,astra,True,100,25,0,0,0,6,False,phantom,rifle,,0.3644,0.2856
2326.674,4590,ACTIVE_ROUND,15,9,7,,10.644,,s0pp,FUT Esports,chamber,True,36,50,0,8,1,7,True,operator,sniper,,0.1700,0.3867,xeus,FUT Esports,jett,True,30,50,0,0,0,7,True,vandal,rifle,,0.6922,0.4833,sociablEE,FUT Esports,fade,True,100,50,0,1,0,4,False,phantom,rifle,,0.2311,0.4467,yetujey,FUT Esports,astra,True,100,50,1,0,0,6,False,phantom,rifle,,0.7089,0.7633,KROSTALY,FUT Esports,kayo,True,100,50,1,0,0,7,False,vandal,rifle,,0.2200,0.4689,Chronicle,Team Vitality,chamber,False,,,0,4,1,5,False,operator,sniper,,,,Derke,Team Vitality,neon,False,,50,1,0,1,4,False,phantom,rifle,,,,Jamppi,Team Vitality,kayo,False,,2,0,2,0,6,False,vandal,rifle,,,,Sayonara,Team Vitality,sova,True,100,50,0,2,1,0,False,phantom,rifle,,0.3700,0.2689,PROFEK,Team Vitality,astra,True,100,25,0,0,0,6,False,phantom,rifle,,0.3644,0.2856
2327.158,4591,ACTIVE_ROUND,15,9,7,,11.128,,s0pp,FUT Esports,chamber,True,36,50,0,8,1,7,True,operator,sniper,,0.1700,0.3889,xeus,FUT Esports,jett,True,30,50,0,0,0,7,True,vandal,rifle,,0.9122,0.3767,sociablEE,FUT Esports,fade,True,100,50,0,1,0,4,False,phantom,rifle,,0.2311,0.4467,yetujey,FUT Esports,astra,True,100,50,1,0,0,6,False,phantom,rifle,,0.7089,0.7633,KROSTALY,FUT Esports,kayo,True,100,50,1,0,0,7,False,vandal,rifle,,0.2200,0.4689,Chronicle,Team Vitality,chamber,False,,,0,4,1,5,False,operator,sniper,,,,Derke,Team Vitality,neon,False,,50,1,0,1,4,False,phantom,rifle,,,,Jamppi,Team Vitality,kayo,False,,2,0,2,0,6,False,vandal,rifle,,,,Sayonara,Team Vitality,sova,True,100,50,0,2,1,0,False,phantom,rifle,,0.3722,0.2778,PROFEK,Team Vitality,astra,True,100,25,0,0,0,6,False,phantom,rifle,,0.3644,0.2856
2327.642,4592,ACTIVE_ROUND,15,9,7,,11.612,,s0pp,FUT Esports,chamber,True,36,50,0,8,1,7,True,operator,sniper,,0.1700,0.3889,xeus,FUT Esports,jett,True,30,50,0,0,0,7,True,vandal,rifle,,0.2456,0.4500,sociablEE,FUT Esports,fade,True,100,50,0,0,0,4,False,phantom,rifle,,0.2311,0.4467,yetujey,FUT Esports,astra,True,100,50,1,0,0,6,False,phantom,rifle,,0.7089,0.7633,KROSTALY,FUT Esports,kayo,True,100,50,1,0,0,7,False,vandal,rifle,,0.2200,0.4689,Chronicle,Team Vitality,chamber,False,,,0,4,1,5,False,operator,sniper,,,,Derke,Team Vitality,neon,False,,50,1,0,1,4,False,phantom,rifle,,,,Jamppi,Team Vitality,kayo,False,,2,0,2,0,6,False,vandal,rifle,,,,Sayonara,Team Vitality,sova,True,100,50,0,2,1,0,False,phantom,rifle,,0.3722,0.2822,PROFEK,Team Vitality,astra,True,100,25,0,0,0,6,False,phantom,rifle,,0.3644,0.2856
2328.126,4593,ACTIVE_ROUND,15,9,7,,12.095,,s0pp,FUT Esports,chamber,True,36,50,0,8,1,7,True,operator,sniper,,0.1700,0.3889,xeus,FUT Esports,jett,True,30,50,0,0,0,7,True,vandal,rifle,,0.5433,0.4878,sociablEE,FUT Esports,fade,True,100,50,0,0,0,4,False,phantom,rifle,,0.2044,0.4600,yetujey,FUT Esports,astra,True,100,50,1,0,0,6,False,phantom,rifle,,0.7089,0.7633,KROSTALY,FUT Esports,kayo,True,100,50,1,0,0,7,False,vandal,rifle,,0.2200,0.4689,Chronicle,Team Vitality,chamber,False,,,0,4,1,5,False,operator,sniper,,,,Derke,Team Vitality,neon,False,,50,1,0,1,4,False,phantom,rifle,,,,Jamppi,Team Vitality,kayo,False,,2,0,2,0,6,False,vandal,rifle,,,,Sayonara,Team Vitality,sova,True,100,50,0,2,1,0,False,phantom,rifle,,0.4167,0.2844,PROFEK,Team Vitality,astra,True,100,25,0,0,0,6,False,phantom,rifle,,0.3644,0.2856
2328.610,4594,ACTIVE_ROUND,15,9,7,,12.579,,s0pp,FUT Esports,chamber,True,36,50,0,8,1,7,True,operator,sniper,,0.1700,0.3911,xeus,FUT Esports,jett,True,30,50,0,0,0,7,True,vandal,rifle,,0.6367,0.8411,sociablEE,FUT Esports,fade,True,100,50,0,0,0,4,False,phantom,rifle,,0.1889,0.4600,yetujey,FUT Esports,astra,True,100,50,1,0,0,6,False,phantom,rifle,,0.7089,0.7633,KROSTALY,FUT Esports,kayo,True,100,50,1,0,0,7,False,vandal,rifle,,0.2200,0.4689,Chronicle,Team Vitality,chamber,False,,,0,4,1,5,False,operator,sniper,,,,Derke,Team Vitality,neon,False,,50,1,0,1,4,False,phantom,rifle,,,,Jamppi,Team Vitality,kayo,False,,2,0,2,0,6,False,vandal,rifle,,,,Sayonara,Team Vitality,sova,True,75,1,0,2,1,0,False,phantom,rifle,,0.3878,0.3000,PROFEK,Team Vitality,astra,True,100,25,0,0,0,6,False,phantom,rifle,,0.3644,0.2856
2329.093,4595,ACTIVE_ROUND,15,9,7,,13.063,,s0pp,FUT Esports,chamber,True,36,50,0,8,1,7,True,operator,sniper,,0.1678,0.3978,xeus,FUT Esports,jett,True,30,50,0,0,0,7,True,vandal,rifle,,0.6389,0.8322,sociablEE,FUT Esports,fade,True,100,50,0,0,0,4,False,phantom,rifle,,0.1733,0.4667,yetujey,FUT Esports,astra,True,100,50,1,0,0,6,False,phantom,rifle,,0.7089,0.7633,KROSTALY,FUT Esports,kayo,True,100,50,1,0,0,7,False,vandal,rifle,,0.2200,0.4689,Chronicle,Team Vitality,chamber,False,,,0,4,1,5,False,operator,sniper,,,,Derke,Team Vitality,neon,False,,50,1,0,1,4,False,phantom,rifle,,,,Jamppi,Team Vitality,kayo,False,,2,0,2,0,6,False,vandal,rifle,,,,Sayonara,Team Vitality,sova,True,75,1,0,2,1,0,False,phantom,rifle,,0.3744,0.3156,PROFEK,Team Vitality,astra,True,100,25,0,0,0,6,False,phantom,rifle,,0.3644,0.2856
2329.577,4596,ACTIVE_ROUND,15,9,7,,13.547,,s0pp,FUT Esports,chamber,True,36,50,0,8,1,7,True,operator,sniper,,0.1656,0.4000,xeus,FUT Esports,jett,True,30,50,0,0,0,7,True,vandal,rifle,,0.3211,0.3989,sociablEE,FUT Esports,fade,True,94,6,0,0,0,4,False,phantom,rifle,,0.1733,0.4667,yetujey,FUT Esports,astra,True,100,50,1,0,0,6,False,phantom,rifle,,0.7089,0.7633,KROSTALY,FUT Esports,kayo,True,100,50,1,0,0,7,False,vandal,rifle,,0.2200,0.4689,Chronicle,Team Vitality,chamber,False,,,0,4,1,5,False,operator,sniper,,,,Derke,Team Vitality,neon,False,,50,1,0,1,4,False,phantom,rifle,,,,Jamppi,Team Vitality,kayo,False,,2,0,2,0,6,False,vandal,rifle,,,,Sayonara,Team Vitality,sova,True,90,1,0,2,1,0,False,phantom,rifle,,0.3922,0.3000,PROFEK,Team Vitality,astra,True,100,25,0,0,0,6,False,phantom,rifle,,0.3644,0.2856
2330.061,4597,ACTIVE_ROUND,15,9,7,,14.031,,s0pp,FUT Esports,chamber,True,36,50,0,8,1,7,True,operator,sniper,,0.1656,0.4000,xeus,FUT Esports,jett,True,30,50,0,0,0,7,True,vandal,rifle,,0.1811,0.5456,sociablEE,FUT Esports,fade,True,94,36,0,0,0,4,False,phantom,rifle,,0.1733,0.4667,yetujey,FUT Esports,astra,True,100,50,1,0,0,6,False,phantom,rifle,,0.7089,0.7633,KROSTALY,FUT Esports,kayo,True,100,50,1,0,0,7,False,vandal,rifle,,0.2200,0.4689,Chronicle,Team Vitality,chamber,False,,,0,4,1,5,False,operator,sniper,,,,Derke,Team Vitality,neon,False,,50,1,0,1,4,False,phantom,rifle,,,,Jamppi,Team Vitality,kayo,False,,2,0,2,0,6,False,vandal,rifle,,,,Sayonara,Team Vitality,sova,True,90,1,0,2,1,0,False,phantom,rifle,,0.3967,0.2933,PROFEK,Team Vitality,astra,True,100,25,0,0,0,6,False,phantom,rifle,,0.3644,0.2856
2330.545,4598,ACTIVE_ROUND,15,9,7,,14.515,,s0pp,FUT Esports,chamber,True,36,50,0,8,1,7,True,operator,sniper,,0.1678,0.4089,xeus,FUT Esports,jett,False,,50,0,0,0,7,True,vandal,rifle,,0.1300,0.4322,sociablEE,FUT Esports,fade,True,83,16,0,0,0,4,False,phantom,rifle,,0.1711,0.5089,yetujey,FUT Esports,astra,True,100,50,1,0,0,6,False,phantom,rifle,,0.3267,0.7611,KROSTALY,FUT Esports,kayo,True,100,50,1,0,0,7,False,vandal,rifle,,0.2156,0.4733,Chronicle,Team Vitality,chamber,False,,,0,4,1,5,False,operator,sniper,,,,Derke,Team Vitality,neon,False,,50,1,0,1,4,False,phantom,rifle,,,,Jamppi,Team Vitality,kayo,False,,2,0,2,0,6,False,vandal,rifle,,,,Sayonara,Team Vitality,sova,True,100,15,0,2,1,0,False,phantom,rifle,,0.3878,0.3044,PROFEK,Team Vitality,astra,True,100,25,0,0,0,6,False,phantom,rifle,,0.3644,0.2856
2331.029,4599,ACTIVE_ROUND,15,9,7,,14.998,,s0pp,FUT Esports,chamber,True,36,50,0,8,1,7,True,operator,sniper,,0.1678,0.4067,xeus,FUT Esports,jett,False,,50,0,0,0,7,True,vandal,rifle,,,,sociablEE,FUT Esports,fade,True,83,16,0,0,0,4,False,phantom,rifle,,0.1600,0.5156,yetujey,FUT Esports,astra,True,100,50,1,0,0,6,False,phantom,rifle,,0.3400,0.7744,KROSTALY,FUT Esports,kayo,True,100,50,1,0,0,7,False,vandal,rifle,,0.2156,0.4733,Chronicle,Team Vitality,chamber,False,,,0,4,1,5,False,operator,sniper,,,,Derke,Team Vitality,neon,False,,50,1,0,1,4,False,phantom,rifle,,,,Jamppi,Team Vitality,kayo,False,,2,0,2,0,6,False,vandal,rifle,,,,Sayonara,Team Vitality,sova,True,100,15,0,2,1,0,False,phantom,rifle,,0.3878,0.3044,PROFEK,Team Vitality,astra,True,100,25,0,0,0,6,False,phantom,rifle,,0.3644,0.2856
2331.513,4600,ACTIVE_ROUND,15,9,7,,15.482,,s0pp,FUT Esports,chamber,True,36,50,0,8,1,7,True,operator,sniper,,0.2856,0.8089,xeus,FUT Esports,jett,False,,50,0,0,0,7,True,vandal,rifle,,,,sociablEE,FUT Esports,fade,True,83,16,0,0,0,4,False,phantom,rifle,,0.1511,0.5178,yetujey,FUT Esports,astra,True,100,50,1,0,0,6,False,phantom,rifle,,0.3533,0.7900,KROSTALY,FUT Esports,kayo,True,88,26,1,0,0,7,False,vandal,rifle,,0.2156,0.4733,Chronicle,Team Vitality,chamber,False,,,0,4,1,5,False,operator,sniper,,,,Derke,Team Vitality,neon,False,,50,1,0,1,4,False,phantom,rifle,,,,Jamppi,Team Vitality,kayo,False,,2,0,2,0,6,False,vandal,rifle,,,,Sayonara,Team Vitality,sova,True,100,31,0,1,1,1,False,phantom,rifle,,0.3878,0.3044,PROFEK,Team Vitality,astra,True,100,25,0,0,0,6,False,phantom,rifle,,0.3644,0.2856
2331.996,4601,ACTIVE_ROUND,15,9,7,,15.966,,s0pp,FUT Esports,chamber,True,36,50,0,8,1,7,True,operator,sniper,,0.3033,0.8244,xeus,FUT Esports,jett,False,,50,0,0,0,7,True,vandal,rifle,,,,sociablEE,FUT Esports,fade,True,83,16,0,0,0,4,False,phantom,rifle,,0.1578,0.5178,yetujey,FUT Esports,astra,True,100,50,1,0,0,6,False,phantom,rifle,,0.3533,0.7900,KROSTALY,FUT Esports,kayo,True,88,26,1,0,0,7,False,vandal,rifle,,0.2156,0.4733,Chronicle,Team Vitality,chamber,False,,,0,4,1,5,False,operator,sniper,,,,Derke,Team Vitality,neon,False,,50,1,0,1,4,False,phantom,rifle,,,,Jamppi,Team Vitality,kayo,False,,2,0,2,0,6,False,vandal,rifle,,,,Sayonara,Team Vitality,sova,True,100,31,0,1,1,1,False,phantom,rifle,,0.3878,0.3089,PROFEK,Team Vitality,astra,True,100,25,0,0,0,6,False,phantom,rifle,,0.3644,0.2856
2332.480,4602,ACTIVE_ROUND,15,9,7,,16.450,,s0pp,FUT Esports,chamber,True,36,50,0,8,1,7,True,operator,sniper,,0.6011,0.1333,xeus,FUT Esports,jett,False,,50,0,0,0,7,True,vandal,rifle,,,,sociablEE,FUT Esports,fade,True,83,16,0,0,0,4,False,phantom,rifle,,0.1600,0.5267,yetujey,FUT Esports,astra,True,100,50,1,0,0,6,False,phantom,rifle,,0.3533,0.7900,KROSTALY,FUT Esports,kayo,True,88,26,1,0,0,7,False,vandal,rifle,,0.2156,0.4733,Chronicle,Team Vitality,chamber,False,,,0,4,1,5,False,operator,sniper,,,,Derke,Team Vitality,neon,False,,50,1,0,1,4,False,phantom,rifle,,,,Jamppi,Team Vitality,kayo,False,,2,0,2,0,6,False,vandal,rifle,,,,Sayonara,Team Vitality,sova,True,100,46,0,1,1,1,False,phantom,rifle,,0.3367,0.3911,PROFEK,Team Vitality,astra,True,100,25,0,0,0,6,False,phantom,rifle,,0.3644,0.2856
2332.964,4603,ACTIVE_ROUND,15,9,7,,16.934,,s0pp,FUT Esports,chamber,True,36,50,0,8,1,7,True,operator,sniper,,0.6011,0.1333,xeus,FUT Esports,jett,False,,50,0,0,0,7,True,vandal,rifle,,,,sociablEE,FUT Esports,fade,True,83,16,0,0,0,4,False,phantom,rifle,,0.1511,0.5378,yetujey,FUT Esports,astra,True,100,50,1,0,0,6,False,phantom,rifle,,0.3533,0.7900,KROSTALY,FUT Esports,kayo,True,88,26,1,0,0,7,False,vandal,rifle,,0.2156,0.4733,Chronicle,Team Vitality,chamber,False,,,0,4,1,5,False,operator,sniper,,,,Derke,Team Vitality,neon,False,,50,1,0,1,4,False,phantom,rifle,,,,Jamppi,Team Vitality,kayo,False,,2,0,2,0,6,False,vandal,rifle,,,,Sayonara,Team Vitality,sova,True,100,46,0,1,1,1,False,phantom,rifle,,0.3344,0.3978,PROFEK,Team Vitality,astra,True,100,25,0,0,0,6,False,phantom,rifle,,0.3644,0.2856
2333.448,4604,ACTIVE_ROUND,15,9,7,,17.417,,s0pp,FUT Esports,chamber,True,36,50,0,8,0,7,True,operator,sniper,,0.6011,0.1333,xeus,FUT Esports,jett,False,,50,0,0,0,7,True,vandal,rifle,,,,sociablEE,FUT Esports,fade,True,83,16,0,0,0,4,False,phantom,rifle,,0.1378,0.5444,yetujey,FUT Esports,astra,True,100,50,1,0,0,6,False,phantom,rifle,,0.3533,0.7900,KROSTALY,FUT Esports,kayo,True,88,26,1,0,0,7,False,vandal,rifle,,0.2156,0.4733,Chronicle,Team Vitality,chamber,False,,,0,4,1,5,False,operator,sniper,,,,Derke,Team Vitality,neon,False,,50,1,0,1,4,False,phantom,rifle,,,,Jamppi,Team Vitality,kayo,False,,2,0,2,0,6,False,vandal,rifle,,,,Sayonara,Team Vitality,sova,True,100,50,0,1,1,1,False,phantom,rifle,,0.3722,0.2911,PROFEK,Team Vitality,astra,True,100,25,1,0,0,6,False,phantom,rifle,,0.3644,0.2856
2333.932,4605,ACTIVE_ROUND,15,9,7,,17.901,,s0pp,FUT Esports,chamber,True,36,50,0,8,0,7,True,operator,sniper,,0.6011,0.8489,xeus,FUT Esports,jett,False,,50,0,0,0,7,True,vandal,rifle,,,,sociablEE,FUT Esports,fade,True,83,16,0,0,0,4,False,phantom,rifle,,0.1311,0.5467,yetujey,FUT Esports,astra,True,100,50,1,0,0,6,False,phantom,rifle,,0.3533,0.7900,KROSTALY,FUT Esports,kayo,True,88,26,1,0,0,7,False,vandal,rifle,,0.2156,0.4733,Chronicle,Team Vitality,chamber,False,,,0,4,1,5,False,operator,sniper,,,,Derke,Team Vitality,neon,False,,50,1,0,1,4,False,phantom,rifle,,,,Jamppi,Team Vitality,kayo,False,,2,0,2,0,6,False,vandal,rifle,,,,Sayonara,Team Vitality,sova,True,100,50,0,1,1,1,False,phantom,rifle,,0.3722,0.2956,PROFEK,Team Vitality,astra,True,100,25,1,0,0,6,False,phantom,rifle,,0.3644,0.2856
2334.415,4606,ACTIVE_ROUND,15,9,7,,18.385,,s0pp,FUT Esports,chamber,True,36,50,0,8,0,7,True,operator,sniper,,0.9389,0.5467,xeus,FUT Esports,jett,False,,50,0,0,0,7,True,vandal,rifle,,,,sociablEE,FUT Esports,fade,True,83,16,0,0,0,4,False,phantom,rifle,,0.1378,0.5378,yetujey,FUT Esports,astra,True,100,50,1,0,0,6,False,phantom,rifle,,0.3533,0.7900,KROSTALY,FUT Esports,kayo,True,88,26,1,0,0,7,False,vandal,rifle,,0.2156,0.4733,Chronicle,Team Vitality,chamber,False,,,0,4,1,5,False,operator,sniper,,,,Derke,Team Vitality,neon,False,,50,1,0,1,4,False,phantom,rifle,,,,Jamppi,Team Vitality,kayo,False,,2,0,2,0,6,False,vandal,rifle,,,,Sayonara,Team Vitality,sova,True,100,50,0,1,1,1,False,phantom,rifle,,0.3833,0.3067,PROFEK,Team Vitality,astra,True,100,25,1,0,0,6,False,phantom,rifle,,0.3644,0.2856
2334.899,4607,ACTIVE_ROUND,15,9,7,,18.869,,s0pp,FUT Esports,chamber,True,36,50,0,8,0,7,True,operator,sniper,,0.3478,0.3689,xeus,FUT Esports,jett,False,,50,0,0,0,7,True,vandal,rifle,,,,sociablEE,FUT Esports,fade,True,83,16,0,0,0,4,False,phantom,rifle,,0.1511,0.5311,yetujey,FUT Esports,astra,True,100,50,1,0,0,6,False,phantom,rifle,,0.4956,0.8456,KROSTALY,FUT Esports,kayo,True,88,26,1,0,0,7,False,vandal,rifle,,0.2156,0.4733,Chronicle,Team Vitality,chamber,False,,,0,4,1,5,False,operator,sniper,,,,Derke,Team Vitality,neon,False,,50,1,0,1,4,False,phantom,rifle,,,,Jamppi,Team Vitality,kayo,False,,2,0,2,0,6,False,vandal,rifle,,,,Sayonara,Team Vitality,sova,True,100,50,0,1,1,1,False,phantom,rifle,,0.3856,0.3267,PROFEK,Team Vitality,astra,True,100,25,1,0,0,6,False,phantom,rifle,,0.3644,0.2856
2335.383,4608,ACTIVE_ROUND,15,9,7,,19.353,,s0pp,FUT Esports,chamber,True,36,50,0,8,0,7,True,operator,sniper,,0.4922,0.8022,xeus,FUT Esports,jett,False,,50,0,0,0,7,True,vandal,rifle,,,,sociablEE,FUT Esports,fade,True,83,16,0,0,0,4,False,phantom,rifle,,0.1511,0.5378,yetujey,FUT Esports,astra,True,100,50,1,0,0,6,False,phantom,rifle,,0.7089,0.7633,KROSTALY,FUT Esports,kayo,True,88,26,1,0,0,7,False,vandal,rifle,,0.2156,0.4733,Chronicle,Team Vitality,chamber,False,,,0,4,1,5,False,operator,sniper,,,,Derke,Team Vitality,neon,False,,50,1,0,1,4,False,phantom,rifle,,,,Jamppi,Team Vitality,kayo,False,,2,0,2,0,6,False,vandal,rifle,,,,Sayonara,Team Vitality,sova,True,100,50,0,0,1,1,False,phantom,rifle,,0.3856,0.3400,PROFEK,Team Vitality,astra,True,100,25,0,0,0,6,False,phantom,rifle,,0.3644,0.2856
2335.867,4609,ACTIVE_ROUND,15,9,7,,19.836,,s0pp,FUT Esports,chamber,True,36,50,0,8,0,7,True,operator,sniper,,0.1144,0.5778,xeus,FUT Esports,jett,False,,50,0,0,0,7,True,vandal,rifle,,,,sociablEE,FUT Esports,fade,True,83,16,0,0,0,4,False,phantom,rifle,,0.1533,0.5422,yetujey,FUT Esports,astra,True,100,50,1,0,0,6,False,phantom,rifle,,0.7089,0.7633,KROSTALY,FUT Esports,kayo,True,88,26,1,0,0,7,False,vandal,rifle,,0.2156,0.4733,Chronicle,Team Vitality,chamber,False,,,0,4,1,5,False,operator,sniper,,,,Derke,Team Vitality,neon,False,,50,1,0,1,4,False,phantom,rifle,,,,Jamppi,Team Vitality,kayo,False,,2,0,2,0,6,False,vandal,rifle,,,,Sayonara,Team Vitality,sova,True,100,50,0,0,1,1,False,phantom,rifle,,0.3856,0.3311,PROFEK,Team Vitality,astra,True,100,25,0,0,0,6,False,phantom,rifle,,0.3644,0.2856
2336.351,4610,ACTIVE_ROUND,15,9,7,,20.320,,s0pp,FUT Esports,chamber,True,36,50,0,8,0,7,True,operator,sniper,,0.1056,0.5800,xeus,FUT Esports,jett,False,,50,0,0,0,7,True,vandal,rifle,,,,sociablEE,FUT Esports,fade,True,83,16,0,0,0,4,False,phantom,rifle,,0.1711,0.5422,yetujey,FUT Esports,astra,True,100,50,1,0,0,6,False,phantom,rifle,,0.5578,0.8144,KROSTALY,FUT Esports,kayo,True,88,26,1,0,0,7,False,vandal,rifle,,0.2156,0.4733,Chronicle,Team Vitality,chamber,False,,,0,4,1,5,False,operator,sniper,,,,Derke,Team Vitality,neon,False,,50,1,0,1,4,False,phantom,rifle,,,,Jamppi,Team Vitality,kayo,False,,2,0,2,0,6,False,vandal,rifle,,,,Sayonara,Team Vitality,sova,True,100,50,0,0,1,1,False,phantom,rifle,,0.3856,0.3156,PROFEK,Team Vitality,astra,True,100,25,0,0,0,6,False,phantom,rifle,,0.3644,0.2856
2336.834,4611,ACTIVE_ROUND,15,9,7,,20.804,,s0pp,FUT Esports,chamber,True,36,50,0,8,0,7,True,operator,sniper,,0.1011,0.5778,xeus,FUT Esports,jett,False,,50,0,0,0,7,True,vandal,rifle,,,,sociablEE,FUT Esports,fade,True,83,16,0,0,0,4,False,phantom,rifle,,0.1733,0.5444,yetujey,FUT Esports,astra,True,100,50,1,0,0,6,False,phantom,rifle,,0.5667,0.8033,KROSTALY,FUT Esports,kayo,True,88,26,1,0,0,7,False,vandal,rifle,,0.2156,0.4733,Chronicle,Team Vitality,chamber,False,,,0,4,1,5,False,operator,sniper,,,,Derke,Team Vitality,neon,False,,50,1,0,1,4,False,phantom,rifle,,,,Jamppi,Team Vitality,kayo,False,,2,0,2,0,6,False,vandal,rifle,,,,Sayonara,Team Vitality,sova,True,100,50,0,0,1,1,False,phantom,rifle,,0.3856,0.3133,PROFEK,Team Vitality,astra,True,100,25,0,0,0,6,False,phantom,rifle,,0.3644,0.2856
2337.318,4612,ACTIVE_ROUND,15,9,7,,21.288,,s0pp,FUT Esports,chamber,True,36,50,0,8,0,7,True,operator,sniper,,0.6256,0.7711,xeus,FUT Esports,jett,False,,50,0,0,0,7,True,vandal,rifle,,,,sociablEE,FUT Esports,fade,True,83,16,0,0,0,4,False,phantom,rifle,,0.1733,0.5444,yetujey,FUT Esports,astra,True,100,50,1,0,0,6,False,phantom,rifle,,0.5467,0.8056,KROSTALY,FUT Esports,kayo,True,88,26,1,0,0,7,False,vandal,rifle,,0.2156,0.4733,Chronicle,Team Vitality,chamber,False,,,0,4,1,5,False,operator,sniper,,,,Derke,Team Vitality,neon,False,,50,1,0,1,4,False,phantom,rifle,,,,Jamppi,Team Vitality,kayo,False,,2,0,2,0,6,False,vandal,rifle,,,,Sayonara,Team Vitality,sova,True,100,50,0,0,1,1,False,phantom,rifle,,0.3900,0.2667,PROFEK,Team Vitality,astra,True,100,25,0,0,0,6,False,phantom,rifle,,0.3644,0.2856
2337.802,4613,ACTIVE_ROUND,15,9,7,,21.772,,s0pp,FUT Esports,chamber,True,36,50,0,8,0,7,True,operator,sniper,,0.4922,0.8022,xeus,FUT Esports,jett,False,,50,0,0,0,7,True,vandal,rifle,,,,sociablEE,FUT Esports,fade,True,83,16,0,0,0,4,False,phantom,rifle,,0.1733,0.5444,yetujey,FUT Esports,astra,True,100,50,1,0,0,6,False,phantom,rifle,,0.5467,0.8056,KROSTALY,FUT Esports,kayo,True,88,26,1,0,0,7,False,vandal,rifle,,0.2156,0.4733,Chronicle,Team Vitality,chamber,False,,,0,4,1,5,False,operator,sniper,,,,Derke,Team Vitality,neon,False,,50,1,0,1,4,False,phantom,rifle,,,,Jamppi,Team Vitality,kayo,False,,2,0,2,0,6,False,vandal,rifle,,,,Sayonara,Team Vitality,sova,True,100,50,0,0,1,1,False,phantom,rifle,,0.4167,0.2578,PROFEK,Team Vitality,astra,True,100,25,0,0,0,6,False,phantom,rifle,,0.3644,0.2856
2338.286,4614,ACTIVE_ROUND,15,9,7,,22.256,,s0pp,FUT Esports,chamber,True,36,50,0,8,0,7,True,operator,sniper,,0.3433,0.3044,xeus,FUT Esports,jett,False,,50,0,0,0,7,True,vandal,rifle,,,,sociablEE,FUT Esports,fade,True,83,16,0,0,0,4,False,phantom,rifle,,0.1733,0.5444,yetujey,FUT Esports,astra,True,100,50,1,0,0,6,False,phantom,rifle,,0.5467,0.8056,KROSTALY,FUT Esports,kayo,True,88,26,1,0,0,7,False,vandal,rifle,,0.2156,0.4733,Chronicle,Team Vitality,chamber,False,,,0,4,1,5,False,operator,sniper,,,,Derke,Team Vitality,neon,False,,50,1,0,1,4,False,phantom,rifle,,,,Jamppi,Team Vitality,kayo,False,,2,0,2,0,6,False,vandal,rifle,,,,Sayonara,Team Vitality,sova,True,100,50,0,0,1,1,False,phantom,rifle,,0.4367,0.2489,PROFEK,Team Vitality,astra,True,100,25,0,0,0,6,False,phantom,rifle,,0.3956,0.2878
2338.770,4615,ACTIVE_ROUND,15,9,7,,22.739,,s0pp,FUT Esports,chamber,True,36,50,0,8,0,7,True,operator,sniper,,0.4522,0.9267,xeus,FUT Esports,jett,False,,50,0,0,0,7,True,vandal,rifle,,,,sociablEE,FUT Esports,fade,True,83,16,0,0,0,4,False,phantom,rifle,,0.1733,0.5444,yetujey,FUT Esports,astra,True,100,50,1,0,0,6,False,phantom,rifle,,0.5467,0.8056,KROSTALY,FUT Esports,kayo,True,88,26,1,0,0,7,False,vandal,rifle,,0.2156,0.4733,Chronicle,Team Vitality,chamber,False,,,0,4,1,5,False,operator,sniper,,,,Derke,Team Vitality,neon,False,,50,1,0,1,4,False,phantom,rifle,,,,Jamppi,Team Vitality,kayo,False,,2,0,2,0,6,False,vandal,rifle,,,,Sayonara,Team Vitality,sova,True,100,50,0,0,1,1,False,phantom,rifle,,0.4522,0.2467,PROFEK,Team Vitality,astra,True,100,25,0,0,0,6,False,phantom,rifle,,0.4133,0.2789
2339.254,4616,ACTIVE_ROUND,15,9,7,,23.223,,s0pp,FUT Esports,chamber,True,36,50,0,8,0,7,True,operator,sniper,,0.0500,0.5978,xeus,FUT Esports,jett,False,,50,0,0,0,7,True,vandal,rifle,,,,sociablEE,FUT Esports,fade,True,83,16,0,0,0,4,False,phantom,rifle,,0.1733,0.5444,yetujey,FUT Esports,astra,True,100,50,1,1,0,6,False,phantom,rifle,,0.4356,0.2789,KROSTALY,FUT Esports,kayo,True,88,26,1,0,0,7,False,vandal,rifle,,0.2222,0.4689,Chronicle,Team Vitality,chamber,False,,,0,4,1,5,False,operator,sniper,,,,Derke,Team Vitality,neon,False,,50,1,0,1,4,False,phantom,rifle,,,,Jamppi,Team Vitality,kayo,False,,2,0,2,0,6,False,vandal,rifle,,,,Sayonara,Team Vitality,sova,True,100,50,0,0,1,1,False,phantom,rifle,,0.4722,0.2533,PROFEK,Team Vitality,astra,True,100,25,1,0,0,6,False,phantom,rifle,,0.4333,0.2789
2339.737,4617,ACTIVE_ROUND,15,9,7,,23.707,,s0pp,FUT Esports,chamber,True,36,50,0,8,0,7,True,operator,sniper,,0.0500,0.5978,xeus,FUT Esports,jett,False,,50,0,0,0,7,True,vandal,rifle,,,,sociablEE,FUT Esports,fade,True,83,16,0,0,0,4,False,phantom,rifle,,0.1733,0.5444,yetujey,FUT Esports,astra,True,100,50,1,1,0,6,False,phantom,rifle,,0.7089,0.7633,KROSTALY,FUT Esports,kayo,True,88,26,1,0,0,7,False,vandal,rifle,,0.2244,0.4711,Chronicle,Team Vitality,chamber,False,,,0,4,1,5,False,operator,sniper,,,,Derke,Team Vitality,neon,False,,50,1,0,1,4,False,phantom,rifle,,,,Jamppi,Team Vitality,kayo,False,,2,0,2,0,6,False,vandal,rifle,,,,Sayonara,Team Vitality,sova,True,100,50,0,0,1,1,False,phantom,rifle,,0.4833,0.2644,PROFEK,Team Vitality,astra,True,100,25,1,0,0,6,False,phantom,rifle,,0.4467,0.2922
2340.221,4618,ACTIVE_ROUND,15,9,7,,24.191,,s0pp,FUT Esports,chamber,True,36,50,0,8,0,7,True,operator,sniper,,0.0500,0.5978,xeus,FUT Esports,jett,False,,50,0,0,0,7,True,vandal,rifle,,,,sociablEE,FUT Esports,fade,True,83,16,0,0,0,4,False,phantom,rifle,,0.1733,0.5444,yetujey,FUT Esports,astra,True,100,50,1,1,0,6,False,phantom,rifle,,0.7089,0.7656,KROSTALY,FUT Esports,kayo,True,88,26,1,0,0,7,False,vandal,rifle,,0.2222,0.4711,Chronicle,Team Vitality,chamber,False,,,0,4,1,5,False,operator,sniper,,,,Derke,Team Vitality,neon,False,,50,1,0,1,4,False,phantom,rifle,,,,Jamppi,Team Vitality,kayo,False,,2,0,2,0,6,False,vandal,rifle,,,,Sayonara,Team Vitality,sova,True,100,50,0,0,1,1,False,phantom,rifle,,0.4811,0.2622,PROFEK,Team Vitality,astra,True,100,25,1,0,0,6,False,phantom,rifle,,0.4622,0.3011
2340.705,4619,ACTIVE_ROUND,15,9,7,,24.675,,s0pp,FUT Esports,chamber,True,36,50,0,8,0,7,True,operator,sniper,,0.8900,0.3244,xeus,FUT Esports,jett,False,,50,0,0,0,7,True,vandal,rifle,,,,sociablEE,FUT Esports,fade,True,83,16,0,0,0,4,False,phantom,rifle,,0.1733,0.5444,yetujey,FUT Esports,astra,True,100,50,1,1,0,6,False,phantom,rifle,,0.7089,0.7656,KROSTALY,FUT Esports,kayo,True,88,26,1,0,0,7,False,vandal,rifle,,0.2222,0.4711,Chronicle,Team Vitality,chamber,False,,,0,4,1,5,False,operator,sniper,,,,Derke,Team Vitality,neon,False,,50,1,0,1,4,False,phantom,rifle,,,,Jamppi,Team Vitality,kayo,False,,2,0,2,0,6,False,vandal,rifle,,,,Sayonara,Team Vitality,sova,True,100,50,0,0,1,1,False,phantom,rifle,,0.4856,0.2489,PROFEK,Team Vitality,astra,True,100,25,1,0,0,6,False,phantom,rifle,,0.4800,0.2989
2341.189,4620,ACTIVE_ROUND,15,9,7,,25.158,,s0pp,FUT Esports,chamber,True,36,50,0,8,0,7,True,operator,sniper,,0.4322,0.6600,xeus,FUT Esports,jett,False,,50,0,0,0,7,True,vandal,rifle,,,,sociablEE,FUT Esports,fade,True,83,16,0,0,0,4,False,phantom,rifle,,0.1733,0.5444,yetujey,FUT Esports,astra,True,100,50,1,0,0,6,False,phantom,rifle,,0.7089,0.7656,KROSTALY,FUT Esports,kayo,True,88,26,1,0,0,7,False,vandal,rifle,,0.2222,0.4711,Chronicle,Team Vitality,chamber,False,,,0,4,1,5,False,operator,sniper,,,,Derke,Team Vitality,neon,False,,50,1,0,1,4,False,phantom,rifle,,,,Jamppi,Team Vitality,kayo,False,,2,0,2,0,6,False,vandal,rifle,,,,Sayonara,Team Vitality,sova,True,100,50,0,0,1,1,False,phantom,rifle,,0.4989,0.2467,PROFEK,Team Vitality,astra,True,100,25,0,0,0,6,False,phantom,rifle,,0.4978,0.2900
2341.673,4621,ACTIVE_ROUND,15,9,7,,25.642,,s0pp,FUT Esports,chamber,True,36,50,0,8,0,7,True,operator,sniper,,0.4478,0.4111,xeus,FUT Esports,jett,False,,50,0,0,0,7,True,vandal,rifle,,,,sociablEE,FUT Esports,fade,True,83,16,0,0,0,4,False,phantom,rifle,,0.1733,0.5444,yetujey,FUT Esports,astra,True,100,50,1,0,0,6,False,phantom,rifle,,0.7089,0.7656,KROSTALY,FUT Esports,kayo,True,88,26,1,0,0,7,False,vandal,rifle,,0.2222,0.4711,Chronicle,Team Vitality,chamber,False,,,0,4,1,5,False,operator,sniper,,,,Derke,Team Vitality,neon,False,,50,1,0,1,4,False,phantom,rifle,,,,Jamppi,Team Vitality,kayo,False,,2,0,2,0,6,False,vandal,rifle,,,,Sayonara,Team Vitality,sova,True,100,50,0,0,1,1,False,phantom,rifle,,0.5433,0.2444,PROFEK,Team Vitality,astra,True,100,25,0,0,0,6,False,phantom,rifle,,0.4978,0.2900
2342.156,4622,ACTIVE_ROUND,15,9,7,,26.126,,s0pp,FUT Esports,chamber,True,36,50,0,8,0,7,True,operator,sniper,,0.7767,0.4356,xeus,FUT Esports,jett,False,,50,0,0,0,7,True,vandal,rifle,,,,sociablEE,FUT Esports,fade,True,83,16,0,0,0,4,False,phantom,rifle,,0.1733,0.5444,yetujey,FUT Esports,astra,True,100,50,1,0,0,6,False,phantom,rifle,,0.7089,0.7656,KROSTALY,FUT Esports,kayo,True,88,26,1,0,0,7,False,vandal,rifle,,0.2222,0.4711,Chronicle,Team Vitality,chamber,False,,,0,4,1,5,False,operator,sniper,,,,Derke,Team Vitality,neon,False,,50,1,0,1,4,False,phantom,rifle,,,,Jamppi,Team Vitality,kayo,False,,2,0,2,0,6,False,vandal,rifle,,,,Sayonara,Team Vitality,sova,True,100,50,0,0,1,1,False,phantom,rifle,,0.5544,0.2311,PROFEK,Team Vitality,astra,True,100,25,0,0,0,6,False,phantom,rifle,,0.5222,0.2633
2342.640,4623,ACTIVE_ROUND,15,9,7,,26.610,,s0pp,FUT Esports,chamber,True,36,50,0,8,0,7,True,operator,sniper,,0.1789,0.7467,xeus,FUT Esports,jett,False,,50,0,0,0,7,True,vandal,rifle,,,,sociablEE,FUT Esports,fade,True,83,16,0,0,0,4,False,phantom,rifle,,0.1733,0.5444,yetujey,FUT Esports,astra,True,100,50,1,0,0,6,False,phantom,rifle,,0.5400,0.8233,KROSTALY,FUT Esports,kayo,True,88,26,1,0,0,7,False,vandal,rifle,,0.2222,0.4711,Chronicle,Team Vitality,chamber,False,,,0,4,1,5,False,operator,sniper,,,,Derke,Team Vitality,neon,False,,50,1,0,1,4,False,phantom,rifle,,,,Jamppi,Team Vitality,kayo,False,,2,0,2,0,6,False,vandal,rifle,,,,Sayonara,Team Vitality,sova,True,100,50,0,0,1,1,False,phantom,rifle,,0.5656,0.2156,PROFEK,Team Vitality,astra,True,100,25,0,0,0,6,False,phantom,rifle,,0.5311,0.2478
2343.124,4624,ACTIVE_ROUND,15,9,7,,27.094,,s0pp,FUT Esports,chamber,True,36,50,0,8,0,7,True,operator,sniper,,0.0500,0.5978,xeus,FUT Esports,jett,False,,50,0,0,0,7,True,vandal,rifle,,,,sociablEE,FUT Esports,fade,True,83,16,0,0,0,4,False,phantom,rifle,,0.1733,0.5444,yetujey,FUT Esports,astra,True,100,50,1,0,0,6,False,phantom,rifle,,0.7089,0.7633,KROSTALY,FUT Esports,kayo,True,88,26,1,0,0,7,False,vandal,rifle,,0.2289,0.4711,Chronicle,Team Vitality,chamber,False,,,0,4,1,5,False,operator,sniper,,,,Derke,Team Vitality,neon,False,,50,1,0,1,4,False,phantom,rifle,,,,Jamppi,Team Vitality,kayo,False,,2,0,2,0,6,False,vandal,rifle,,,,Sayonara,Team Vitality,sova,True,100,50,0,0,1,1,False,phantom,rifle,,0.5722,0.1978,PROFEK,Team Vitality,astra,True,100,25,0,0,0,6,False,phantom,rifle,,0.5311,0.2478
2343.608,4625,ACTIVE_ROUND,15,9,7,,27.578,,s0pp,FUT Esports,chamber,True,36,50,0,8,0,7,True,operator,sniper,,0.5167,0.8267,xeus,FUT Esports,jett,False,,50,0,0,0,7,True,vandal,rifle,,,,sociablEE,FUT Esports,fade,True,83,16,0,0,0,4,False,phantom,rifle,,0.1733,0.5444,yetujey,FUT Esports,astra,True,100,50,1,0,0,6,False,phantom,rifle,,0.5867,0.8100,KROSTALY,FUT Esports,kayo,True,88,26,1,0,0,7,False,vandal,rifle,,0.2289,0.4711,Chronicle,Team Vitality,chamber,False,,,0,4,1,5,False,operator,sniper,,,,Derke,Team Vitality,neon,False,,50,1,0,1,4,False,phantom,rifle,,,,Jamppi,Team Vitality,kayo,False,,2,0,2,0,6,False,vandal,rifle,,,,Sayonara,Team Vitality,sova,True,100,50,0,0,1,1,False,phantom,rifle,,0.5811,0.1956,PROFEK,Team Vitality,astra,True,100,25,0,0,0,6,False,phantom,rifle,,0.5311,0.2478
2344.092,4626,ACTIVE_ROUND,15,9,7,,28.061,,s0pp,FUT Esports,chamber,True,36,50,0,8,0,7,True,operator,sniper,,0.0500,0.5978,xeus,FUT Esports,jett,False,,50,0,0,0,7,True,vandal,rifle,,,,sociablEE,FUT Esports,fade,True,83,16,0,0,0,4,False,phantom,rifle,,0.1733,0.5444,yetujey,FUT Esports,astra,True,100,50,1,0,0,6,False,phantom,rifle,,0.7089,0.7633,KROSTALY,FUT Esports,kayo,True,88,26,1,0,0,7,False,vandal,rifle,,0.2267,0.4711,Chronicle,Team Vitality,chamber,False,,,0,4,1,5,False,operator,sniper,,,,Derke,Team Vitality,neon,False,,50,1,0,1,4,False,phantom,rifle,,,,Jamppi,Team Vitality,kayo,False,,2,0,2,0,6,False,vandal,rifle,,,,Sayonara,Team Vitality,sova,True,100,50,0,0,1,1,False,phantom,rifle,,0.5811,0.1800,PROFEK,Team Vitality,astra,True,100,25,0,0,0,6,False,phantom,rifle,,0.5311,0.2478
2344.576,4627,ACTIVE_ROUND,15,9,7,,28.545,,s0pp,FUT Esports,chamber,True,36,50,0,8,0,7,True,operator,sniper,,0.0500,0.5978,xeus,FUT Esports,jett,False,,50,0,0,0,7,True,vandal,rifle,,,,sociablEE,FUT Esports,fade,True,83,16,0,0,0,4,False,phantom,rifle,,0.1733,0.5444,yetujey,FUT Esports,astra,True,100,50,1,0,0,6,False,phantom,rifle,,0.6311,0.8011,KROSTALY,FUT Esports,kayo,True,88,26,1,0,0,7,False,vandal,rifle,,0.2267,0.4711,Chronicle,Team Vitality,chamber,False,,,0,4,1,5,False,operator,sniper,,,,Derke,Team Vitality,neon,False,,50,1,0,1,4,False,phantom,rifle,,,,Jamppi,Team Vitality,kayo,False,,2,0,2,0,6,False,vandal,rifle,,,,Sayonara,Team Vitality,sova,True,100,50,0,0,1,1,False,phantom,rifle,,0.5833,0.1667,PROFEK,Team Vitality,astra,True,100,25,0,0,0,6,False,phantom,rifle,,0.5311,0.2478
2345.059,4628,ACTIVE_ROUND,15,9,7,,29.029,,s0pp,FUT Esports,chamber,True,36,50,0,8,0,7,True,operator,sniper,,0.0500,0.5978,xeus,FUT Esports,jett,False,,50,0,0,0,7,True,vandal,rifle,,,,sociablEE,FUT Esports,fade,True,83,16,0,0,0,4,False,phantom,rifle,,0.1733,0.5444,yetujey,FUT Esports,astra,True,100,50,1,0,0,6,False,phantom,rifle,,0.7089,0.7633,KROSTALY,FUT Esports,kayo,True,88,26,1,0,0,7,False,vandal,rifle,,0.2222,0.4689,Chronicle,Team Vitality,chamber,False,,,0,4,1,5,False,operator,sniper,,,,Derke,Team Vitality,neon,False,,50,1,0,1,4,False,phantom,rifle,,,,Jamppi,Team Vitality,kayo,False,,2,0,2,0,6,False,vandal,rifle,,,,Sayonara,Team Vitality,sova,True,100,50,0,0,1,1,False,phantom,rifle,,0.5478,0.9178,PROFEK,Team Vitality,astra,True,100,25,0,0,0,6,False,phantom,rifle,,0.5311,0.2478
2345.543,4629,ACTIVE_ROUND,15,9,7,,29.513,,s0pp,FUT Esports,chamber,True,36,50,0,8,0,7,True,operator,sniper,,0.0500,0.5978,xeus,FUT Esports,jett,False,,50,0,0,0,7,True,vandal,rifle,,,,sociablEE,FUT Esports,fade,True,83,16,0,0,0,4,False,phantom,rifle,,0.1733,0.5444,yetujey,FUT Esports,astra,True,100,50,1,0,0,6,False,phantom,rifle,,0.6756,0.7856,KROSTALY,FUT Esports,kayo,True,88,26,1,0,0,7,False,vandal,rifle,,0.2267,0.4711,Chronicle,Team Vitality,chamber,False,,,0,4,1,5,False,operator,sniper,,,,Derke,Team Vitality,neon,False,,50,1,0,1,4,False,phantom,rifle,,,,Jamppi,Team Vitality,kayo,False,,2,0,2,0,6,False,vandal,rifle,,,,Sayonara,Team Vitality,sova,True,100,50,0,0,1,1,False,phantom,rifle,,0.1656,0.5556,PROFEK,Team Vitality,astra,True,100,25,0,0,0,6,False,phantom,rifle,,0.5311,0.2478
2346.027,4630,ACTIVE_ROUND,15,9,7,,29.997,,s0pp,FUT Esports,chamber,True,36,50,0,8,0,7,True,operator,sniper,,0.0500,0.5978,xeus,FUT Esports,jett,False,,50,0,0,0,7,True,vandal,rifle,,,,sociablEE,FUT Esports,fade,True,83,16,0,0,0,4,False,phantom,rifle,,0.1733,0.5444,yetujey,FUT Esports,astra,True,100,50,1,0,0,6,False,phantom,rifle,,0.7111,0.7522,KROSTALY,FUT Esports,kayo,True,88,26,1,0,0,7,False,vandal,rifle,,0.2267,0.4711,Chronicle,Team Vitality,chamber,False,,,0,4,1,5,False,operator,sniper,,,,Derke,Team Vitality,neon,False,,50,1,0,1,4,False,phantom,rifle,,,,Jamppi,Team Vitality,kayo,False,,2,0,2,0,6,False,vandal,rifle,,,,Sayonara,Team Vitality,sova,True,100,50,0,0,1,1,False,phantom,rifle,,0.1656,0.5556,PROFEK,Team Vitality,astra,True,100,25,0,0,0,6,False,phantom,rifle,,0.5311,0.2478
2346.511,4631,ACTIVE_ROUND,15,9,7,,30.480,,s0pp,FUT Esports,chamber,True,36,50,0,8,0,7,True,operator,sniper,,0.0500,0.5978,xeus,FUT Esports,jett,False,,50,0,0,0,7,True,vandal,rifle,,,,sociablEE,FUT Esports,fade,True,83,16,0,0,0,4,False,phantom,rifle,,0.1733,0.5444,yetujey,FUT Esports,astra,True,100,50,1,0,0,6,False,phantom,rifle,,0.7111,0.7567,KROSTALY,FUT Esports,kayo,True,88,26,1,0,0,7,False,vandal,rifle,,0.2267,0.4711,Chronicle,Team Vitality,chamber,False,,,0,4,1,5,False,operator,sniper,,,,Derke,Team Vitality,neon,False,,50,1,0,1,4,False,phantom,rifle,,,,Jamppi,Team Vitality,kayo,False,,2,0,2,0,6,False,vandal,rifle,,,,Sayonara,Team Vitality,sova,True,100,50,0,0,1,1,False,phantom,rifle,,0.1656,0.5556,PROFEK,Team Vitality,astra,True,100,25,0,0,0,6,False,phantom,rifle,,0.5756,0.1122
2346.995,4632,ACTIVE_ROUND,15,9,7,,30.964,,s0pp,FUT Esports,chamber,True,36,50,0,8,0,7,True,operator,sniper,,0.0500,0.5978,xeus,FUT Esports,jett,False,,50,0,0,0,7,True,vandal,rifle,,,,sociablEE,FUT Esports,fade,True,83,16,0,0,0,4,False,phantom,rifle,,0.7378,0.7444,yetujey,FUT Esports,astra,True,100,50,1,0,0,6,False,phantom,rifle,,0.7089,0.7567,KROSTALY,FUT Esports,kayo,True,88,26,1,0,1,7,False,vandal,rifle,,0.2222,0.4689,Chronicle,Team Vitality,chamber,False,,,0,4,1,5,False,operator,sniper,,,,Derke,Team Vitality,neon,False,,50,1,0,1,4,False,phantom,rifle,,,,Jamppi,Team Vitality,kayo,False,,2,0,2,0,6,False,vandal,rifle,,,,Sayonara,Team Vitality,sova,True,100,50,0,0,1,1,False,phantom,rifle,,0.6233,0.1111,PROFEK,Team Vitality,astra,True,100,25,0,0,0,6,False,phantom,rifle,,0.5956,0.1056
2347.478,4633,ACTIVE_ROUND,15,9,7,,31.448,,s0pp,FUT Esports,chamber,True,36,50,0,8,0,7,True,operator,sniper,,0.0500,0.5978,xeus,FUT Esports,jett,False,,50,0,0,0,7,True,vandal,rifle,,,,sociablEE,FUT Esports,fade,True,83,16,0,0,0,4,False,phantom,rifle,,0.7378,0.7444,yetujey,FUT Esports,astra,True,100,50,1,0,0,6,False,phantom,rifle,,0.7511,0.7278,KROSTALY,FUT Esports,kayo,True,88,26,1,0,1,7,False,vandal,rifle,,0.2244,0.4711,Chronicle,Team Vitality,chamber,False,,,0,4,1,5,False,operator,sniper,,,,Derke,Team Vitality,neon,False,,50,1,0,1,4,False,phantom,rifle,,,,Jamppi,Team Vitality,kayo,False,,2,0,2,0,6,False,vandal,rifle,,,,Sayonara,Team Vitality,sova,True,100,50,0,0,1,1,False,phantom,rifle,,0.6300,0.1889,PROFEK,Team Vitality,astra,True,100,25,0,0,0,6,False,phantom,rifle,,0.5956,0.1056
2347.962,4634,ACTIVE_ROUND,15,9,7,,31.932,,s0pp,FUT Esports,chamber,True,36,50,0,8,0,7,True,operator,sniper,,0.0500,0.5978,xeus,FUT Esports,jett,False,,50,0,0,0,7,True,vandal,rifle,,,,sociablEE,FUT Esports,fade,True,83,16,0,0,0,4,False,phantom,rifle,,0.7378,0.7444,yetujey,FUT Esports,astra,True,100,50,1,0,0,6,False,phantom,rifle,,0.7089,0.7633,KROSTALY,FUT Esports,kayo,True,88,26,1,0,1,7,False,vandal,rifle,,0.2267,0.4711,Chronicle,Team Vitality,chamber,False,,,0,4,1,5,False,operator,sniper,,,,Derke,Team Vitality,neon,False,,50,1,0,1,4,False,phantom,rifle,,,,Jamppi,Team Vitality,kayo,False,,2,0,2,0,6,False,vandal,rifle,,,,Sayonara,Team Vitality,sova,True,100,50,0,0,1,1,False,phantom,rifle,,0.6233,0.2044,PROFEK,Team Vitality,astra,True,100,25,0,0,0,6,False,phantom,rifle,,0.5956,0.1056
2348.446,4635,ACTIVE_ROUND,15,9,7,,32.416,,s0pp,FUT Esports,chamber,True,36,50,0,8,0,7,True,operator,sniper,,0.0500,0.5978,xeus,FUT Esports,jett,False,,50,0,0,0,7,True,vandal,rifle,,,,sociablEE,FUT Esports,fade,True,83,16,0,0,0,4,False,phantom,rifle,,0.7378,0.7444,yetujey,FUT Esports,astra,True,100,50,1,0,0,6,False,phantom,rifle,,0.7089,0.7633,KROSTALY,FUT Esports,kayo,True,88,26,1,0,1,7,False,vandal,rifle,,0.2222,0.4689,Chronicle,Team Vitality,chamber,False,,,0,4,1,5,False,operator,sniper,,,,Derke,Team Vitality,neon,False,,50,1,0,1,4,False,phantom,rifle,,,,Jamppi,Team Vitality,kayo,False,,2,0,2,0,6,False,vandal,rifle,,,,Sayonara,Team Vitality,sova,True,100,50,0,0,1,1,False,phantom,rifle,,0.6233,0.1956,PROFEK,Team Vitality,astra,True,100,25,0,0,0,6,False,phantom,rifle,,0.5956,0.1056
2348.930,4636,ACTIVE_ROUND,15,9,7,,32.900,,s0pp,FUT Esports,chamber,True,36,50,0,8,0,7,True,operator,sniper,,0.1056,0.5622,xeus,FUT Esports,jett,False,,50,0,0,0,7,True,vandal,rifle,,,,sociablEE,FUT Esports,fade,True,83,16,0,0,0,4,False,phantom,rifle,,0.7378,0.7444,yetujey,FUT Esports,astra,True,100,50,1,0,0,6,False,phantom,rifle,,0.7089,0.7633,KROSTALY,FUT Esports,kayo,True,88,26,1,0,1,7,False,vandal,rifle,,0.2244,0.4711,Chronicle,Team Vitality,chamber,False,,,0,4,1,5,False,operator,sniper,,,,Derke,Team Vitality,neon,False,,50,1,0,1,4,False,phantom,rifle,,,,Jamppi,Team Vitality,kayo,False,,2,0,2,0,6,False,vandal,rifle,,,,Sayonara,Team Vitality,sova,True,100,50,0,0,1,1,False,phantom,rifle,,0.6322,0.1956,PROFEK,Team Vitality,astra,True,100,25,0,0,0,6,False,phantom,rifle,,0.5956,0.1056
2349.414,4637,ACTIVE_ROUND,15,9,7,,33.383,,s0pp,FUT Esports,chamber,True,36,50,0,8,0,7,True,operator,sniper,,0.1233,0.5711,xeus,FUT Esports,jett,False,,50,0,0,0,7,True,vandal,rifle,,,,sociablEE,FUT Esports,fade,True,83,16,0,0,0,4,False,phantom,rifle,,0.7378,0.7444,yetujey,FUT Esports,astra,True,100,50,1,0,0,6,False,phantom,rifle,,0.7089,0.7633,KROSTALY,FUT Esports,kayo,True,88,26,1,0,1,7,False,vandal,rifle,,0.2244,0.4711,Chronicle,Team Vitality,chamber,False,,,0,4,1,5,False,operator,sniper,,,,Derke,Team Vitality,neon,False,,50,1,0,1,4,False,phantom,rifle,,,,Jamppi,Team Vitality,kayo,False,,2,0,2,0,6,False,vandal,rifle,,,,Sayonara,Team Vitality,sova,True,100,50,0,0,1,1,False,phantom,rifle,,0.3544,0.7156,PROFEK,Team Vitality,astra,True,100,25,0,0,0,6,False,phantom,rifle,,0.5956,0.1056
2349.898,4638,ACTIVE_ROUND,15,9,7,,33.867,,s0pp,FUT Esports,chamber,True,36,50,0,8,0,7,True,operator,sniper,,0.1278,0.5867,xeus,FUT Esports,jett,False,,50,0,0,0,7,True,vandal,rifle,,,,sociablEE,FUT Esports,fade,True,83,16,0,0,0,4,False,phantom,rifle,,0.7378,0.7444,yetujey,FUT Esports,astra,True,100,50,1,0,0,6,False,phantom,rifle,,0.7089,0.7411,KROSTALY,FUT Esports,kayo,True,88,26,1,0,1,7,False,vandal,rifle,,0.2289,0.4711,Chronicle,Team Vitality,chamber,False,,,0,4,1,5,False,operator,sniper,,,,Derke,Team Vitality,neon,False,,50,1,0,1,4,False,phantom,rifle,,,,Jamppi,Team Vitality,kayo,False,,2,0,2,0,6,False,vandal,rifle,,,,Sayonara,Team Vitality,sova,True,100,50,0,0,1,1,False,phantom,rifle,,0.6900,0.1800,PROFEK,Team Vitality,astra,True,100,25,0,0,0,6,False,phantom,rifle,,0.5956,0.1056
2350.381,4639,ACTIVE_ROUND,15,9,7,,34.351,,s0pp,FUT Esports,chamber,True,36,50,0,8,0,7,True,operator,sniper,,0.1367,0.6044,xeus,FUT Esports,jett,False,,50,0,0,0,7,True,vandal,rifle,,,,sociablEE,FUT Esports,fade,True,83,16,0,0,0,4,False,phantom,rifle,,0.7378,0.7444,yetujey,FUT Esports,astra,True,100,50,1,0,0,6,False,phantom,rifle,,0.7089,0.7633,KROSTALY,FUT Esports,kayo,True,88,26,1,0,1,7,False,vandal,rifle,,0.2289,0.4711,Chronicle,Team Vitality,chamber,False,,,0,4,1,5,False,operator,sniper,,,,Derke,Team Vitality,neon,False,,50,1,0,1,4,False,phantom,rifle,,,,Jamppi,Team Vitality,kayo,False,,2,0,2,0,6,False,vandal,rifle,,,,Sayonara,Team Vitality,sova,True,100,50,0,0,1,1,False,phantom,rifle,,0.8744,0.2533,PROFEK,Team Vitality,astra,True,100,25,0,0,0,6,False,phantom,rifle,,0.5956,0.1056
2350.865,4640,ACTIVE_ROUND,15,9,7,,34.835,,s0pp,FUT Esports,chamber,True,36,50,0,8,0,7,True,operator,sniper,,0.1478,0.6267,xeus,FUT Esports,jett,False,,50,0,0,0,7,True,vandal,rifle,,,,sociablEE,FUT Esports,fade,True,83,16,0,0,0,4,False,phantom,rifle,,0.7378,0.7444,yetujey,FUT Esports,astra,True,100,50,1,0,0,6,False,phantom,rifle,,0.7089,0.7633,KROSTALY,FUT Esports,kayo,True,88,26,1,0,1,7,False,vandal,rifle,,0.2222,0.4689,Chronicle,Team Vitality,chamber,False,,,0,4,1,5,False,operator,sniper,,,,Derke,Team Vitality,neon,False,,50,1,0,1,4,False,phantom,rifle,,,,Jamppi,Team Vitality,kayo,False,,2,0,2,0,6,False,vandal,rifle,,,,Sayonara,Team Vitality,sova,True,100,50,0,0,1,1,False,phantom,rifle,,0.3544,0.7156,PROFEK,Team Vitality,astra,True,100,25,1,0,0,6,False,phantom,rifle,,0.5956,0.1056
2351.349,4641,ACTIVE_ROUND,15,9,7,,35.319,,s0pp,FUT Esports,chamber,True,36,50,0,8,0,7,True,operator,sniper,,0.1544,0.6400,xeus,FUT Esports,jett,False,,50,0,0,0,7,True,vandal,rifle,,,,sociablEE,FUT Esports,fade,True,83,16,0,0,0,4,False,phantom,rifle,,0.7378,0.7444,yetujey,FUT Esports,astra,True,100,50,1,0,0,6,False,phantom,rifle,,0.7089,0.7633,KROSTALY,FUT Esports,kayo,True,88,26,1,0,1,7,False,vandal,rifle,,0.2222,0.4689,Chronicle,Team Vitality,chamber,False,,,0,4,1,5,False,operator,sniper,,,,Derke,Team Vitality,neon,False,,50,1,0,1,4,False,phantom,rifle,,,,Jamppi,Team Vitality,kayo,False,,2,0,2,0,6,False,vandal,rifle,,,,Sayonara,Team Vitality,sova,True,100,50,0,0,1,1,False,phantom,rifle,,0.3544,0.7156,PROFEK,Team Vitality,astra,True,100,25,1,0,0,6,False,phantom,rifle,,0.5956,0.1056
2351.833,4642,ACTIVE_ROUND,15,9,7,,35.802,,s0pp,FUT Esports,chamber,True,36,50,0,8,0,7,True,operator,sniper,,0.1656,0.6489,xeus,FUT Esports,jett,False,,50,0,0,0,7,True,vandal,rifle,,,,sociablEE,FUT Esports,fade,True,83,16,0,0,0,4,False,phantom,rifle,,0.7378,0.7444,yetujey,FUT Esports,astra,True,100,50,1,0,0,6,False,phantom,rifle,,0.7089,0.7633,KROSTALY,FUT Esports,kayo,True,88,26,1,0,1,7,False,vandal,rifle,,0.2222,0.4711,Chronicle,Team Vitality,chamber,False,,,0,4,1,5,False,operator,sniper,,,,Derke,Team Vitality,neon,False,,50,1,0,1,4,False,phantom,rifle,,,,Jamppi,Team Vitality,kayo,False,,2,0,2,0,6,False,vandal,rifle,,,,Sayonara,Team Vitality,sova,True,100,50,0,0,1,1,False,phantom,rifle,,0.5989,0.0911,PROFEK,Team Vitality,astra,True,100,25,1,0,0,6,False,phantom,rifle,,0.5956,0.1056
2352.317,4643,ACTIVE_ROUND,15,9,7,,36.286,,s0pp,FUT Esports,chamber,True,36,50,0,8,0,7,True,operator,sniper,,0.5789,0.7867,xeus,FUT Esports,jett,False,,50,0,0,0,7,True,vandal,rifle,,,,sociablEE,FUT Esports,fade,True,83,16,0,0,0,4,False,phantom,rifle,,0.7378,0.7444,yetujey,FUT Esports,astra,True,100,50,1,0,0,6,False,phantom,rifle,,0.7089,0.7633,KROSTALY,FUT Esports,kayo,True,88,26,1,0,1,7,False,vandal,rifle,,0.2156,0.4733,Chronicle,Team Vitality,chamber,False,,,0,4,1,5,False,operator,sniper,,,,Derke,Team Vitality,neon,False,,50,1,0,1,4,False,phantom,rifle,,,,Jamppi,Team Vitality,kayo,False,,2,0,2,0,6,False,vandal,rifle,,,,Sayonara,Team Vitality,sova,True,100,50,0,0,1,1,False,phantom,rifle,,0.8744,0.2533,PROFEK,Team Vitality,astra,True,100,25,1,0,0,6,False,phantom,rifle,,0.5956,0.1056
2352.800,4644,ACTIVE_ROUND,15,9,7,,36.770,,s0pp,FUT Esports,chamber,True,36,50,0,8,0,7,True,operator,sniper,,0.5789,0.7867,xeus,FUT Esports,jett,False,,50,0,0,0,7,True,vandal,rifle,,,,sociablEE,FUT Esports,fade,True,83,16,0,0,0,4,False,phantom,rifle,,0.7378,0.7444,yetujey,FUT Esports,astra,True,100,50,1,0,0,6,False,phantom,rifle,,0.7089,0.7633,KROSTALY,FUT Esports,kayo,True,88,26,1,0,1,7,False,vandal,rifle,,0.2000,0.4711,Chronicle,Team Vitality,chamber,False,,,0,4,1,5,False,operator,sniper,,,,Derke,Team Vitality,neon,False,,50,1,0,1,4,False,phantom,rifle,,,,Jamppi,Team Vitality,kayo,False,,2,0,2,0,6,False,vandal,rifle,,,,Sayonara,Team Vitality,sova,True,100,50,0,0,1,1,False,phantom,rifle,,0.3544,0.7156,PROFEK,Team Vitality,astra,True,100,25,0,0,0,6,False,phantom,rifle,,0.5956,0.1056
2353.284,4645,ACTIVE_ROUND,15,9,7,,37.254,,s0pp,FUT Esports,chamber,True,36,50,0,8,0,7,True,operator,sniper,,0.5211,0.1556,xeus,FUT Esports,jett,False,,50,0,0,0,7,True,vandal,rifle,,,,sociablEE,FUT Esports,fade,True,83,16,0,0,0,4,False,phantom,rifle,,0.1733,0.5844,yetujey,FUT Esports,astra,True,100,50,1,0,0,6,False,phantom,rifle,,0.7089,0.7633,KROSTALY,FUT Esports,kayo,True,88,26,1,0,1,7,False,vandal,rifle,,0.1800,0.4733,Chronicle,Team Vitality,chamber,False,,,0,4,1,5,False,operator,sniper,,,,Derke,Team Vitality,neon,False,,50,1,0,1,4,False,phantom,rifle,,,,Jamppi,Team Vitality,kayo,False,,2,0,2,0,6,False,vandal,rifle,,,,Sayonara,Team Vitality,sova,True,100,50,0,0,1,1,False,phantom,rifle,,0.3500,0.7156,PROFEK,Team Vitality,astra,True,100,25,0,0,0,6,False,phantom,rifle,,0.5956,0.1056
2353.768,4646,ACTIVE_ROUND,15,9,7,,37.738,,s0pp,FUT Esports,chamber,True,36,50,0,8,0,7,True,operator,sniper,,0.1433,0.3378,xeus,FUT Esports,jett,False,,50,0,0,0,7,True,vandal,rifle,,,,sociablEE,FUT Esports,fade,True,83,16,0,0,0,4,False,phantom,rifle,,0.1667,0.6000,yetujey,FUT Esports,astra,True,100,50,1,0,0,6,False,phantom,rifle,,0.7089,0.7633,KROSTALY,FUT Esports,kayo,True,88,26,1,0,1,7,False,vandal,rifle,,0.1667,0.4933,Chronicle,Team Vitality,chamber,False,,,0,4,1,5,False,operator,sniper,,,,Derke,Team Vitality,neon,False,,50,1,0,1,4,False,phantom,rifle,,,,Jamppi,Team Vitality,kayo,False,,2,0,2,0,6,False,vandal,rifle,,,,Sayonara,Team Vitality,sova,True,100,50,0,0,1,1,False,phantom,rifle,,0.5767,0.1044,PROFEK,Team Vitality,astra,True,100,25,0,0,0,6,False,phantom,rifle,,0.5956,0.1056
2354.252,4647,ACTIVE_ROUND,15,9,7,,38.222,,s0pp,FUT Esports,chamber,True,36,50,0,8,0,7,True,operator,sniper,,0.2633,0.7622,xeus,FUT Esports,jett,False,,50,0,0,0,7,True,vandal,rifle,,,,sociablEE,FUT Esports,fade,True,83,16,0,0,0,4,False,phantom,rifle,,0.1578,0.6222,yetujey,FUT Esports,astra,True,100,50,1,0,0,6,False,phantom,rifle,,0.7089,0.7633,KROSTALY,FUT Esports,kayo,True,88,26,1,0,1,7,False,vandal,rifle,,0.1578,0.5156,Chronicle,Team Vitality,chamber,False,,,0,4,1,5,False,operator,sniper,,,,Derke,Team Vitality,neon,False,,50,1,0,1,4,False,phantom,rifle,,,,Jamppi,Team Vitality,kayo,False,,2,0,2,0,6,False,vandal,rifle,,,,Sayonara,Team Vitality,sova,True,100,50,0,0,1,1,False,phantom,rifle,,0.5744,0.1067,PROFEK,Team Vitality,astra,True,100,25,0,0,0,6,False,phantom,rifle,,0.5956,0.1056
2354.736,4648,ACTIVE_ROUND,15,9,7,,38.705,,s0pp,FUT Esports,chamber,True,36,50,0,8,0,7,True,operator,sniper,,0.2589,0.7244,xeus,FUT Esports,jett,False,,50,0,0,0,7,True,vandal,rifle,,,,sociablEE,FUT Esports,fade,True,83,16,0,0,0,4,False,phantom,rifle,,0.1556,0.6444,yetujey,FUT Esports,astra,True,100,50,1,0,0,6,False,phantom,rifle,,0.7089,0.7633,KROSTALY,FUT Esports,kayo,True,88,26,1,0,1,7,False,vandal,rifle,,0.1489,0.5356,Chronicle,Team Vitality,chamber,False,,,0,4,1,5,False,operator,sniper,,,,Derke,Team Vitality,neon,False,,50,1,0,1,4,False,phantom,rifle,,,,Jamppi,Team Vitality,kayo,False,,2,0,2,0,6,False,vandal,rifle,,,,Sayonara,Team Vitality,sova,True,100,50,0,0,1,1,False,phantom,rifle,,0.5722,0.1111,PROFEK,Team Vitality,astra,True,100,25,0,0,0,6,False,phantom,rifle,,0.5956,0.1056
2355.220,4649,ACTIVE_ROUND,15,9,7,,39.189,,s0pp,FUT Esports,chamber,True,36,50,0,8,0,7,True,operator,sniper,,0.2700,0.7200,xeus,FUT Esports,jett,False,,50,0,0,0,7,True,vandal,rifle,,,,sociablEE,FUT Esports,fade,True,83,16,0,0,0,4,False,phantom,rifle,,0.1600,0.6622,yetujey,FUT Esports,astra,True,100,50,1,0,0,6,False,phantom,rifle,,0.7089,0.7633,KROSTALY,FUT Esports,kayo,True,88,26,1,0,1,7,False,vandal,rifle,,0.1422,0.5578,Chronicle,Team Vitality,chamber,False,,,0,4,1,5,False,operator,sniper,,,,Derke,Team Vitality,neon,False,,50,1,0,1,4,False,phantom,rifle,,,,Jamppi,Team Vitality,kayo,False,,2,0,2,0,6,False,vandal,rifle,,,,Sayonara,Team Vitality,sova,True,100,50,0,0,1,1,False,phantom,rifle,,0.5722,0.1089,PROFEK,Team Vitality,astra,True,100,25,0,0,0,6,False,phantom,rifle,,0.5956,0.1056
2355.703,4650,ACTIVE_ROUND,15,9,7,,39.673,,s0pp,FUT Esports,chamber,True,36,50,0,8,0,7,True,operator,sniper,,0.2633,0.7667,xeus,FUT Esports,jett,False,,50,0,0,0,7,True,vandal,rifle,,,,sociablEE,FUT Esports,fade,True,83,16,0,0,0,4,False,phantom,rifle,,0.1756,0.6778,yetujey,FUT Esports,astra,True,100,50,1,0,0,6,False,phantom,rifle,,0.7089,0.7633,KROSTALY,FUT Esports,kayo,True,88,26,1,0,1,7,False,vandal,rifle,,0.1378,0.5800,Chronicle,Team Vitality,chamber,False,,,0,4,1,5,False,operator,sniper,,,,Derke,Team Vitality,neon,False,,50,1,0,1,4,False,phantom,rifle,,,,Jamppi,Team Vitality,kayo,False,,2,0,2,0,6,False,vandal,rifle,,,,Sayonara,Team Vitality,sova,True,100,50,0,0,1,1,False,phantom,rifle,,0.5722,0.1111,PROFEK,Team Vitality,astra,True,100,25,0,0,0,6,False,phantom,rifle,,0.5956,0.1056
2356.187,4651,ACTIVE_ROUND,15,9,7,,40.157,,s0pp,FUT Esports,chamber,True,36,50,0,8,0,7,True,operator,sniper,,0.2633,0.7733,xeus,FUT Esports,jett,False,,50,0,0,0,7,True,vandal,rifle,,,,sociablEE,FUT Esports,fade,True,83,16,0,0,0,4,False,phantom,rifle,,0.1756,0.6778,yetujey,FUT Esports,astra,True,100,50,1,0,0,6,False,phantom,rifle,,0.7089,0.7633,KROSTALY,FUT Esports,kayo,True,88,26,1,0,1,7,False,vandal,rifle,,0.1356,0.6044,Chronicle,Team Vitality,chamber,False,,,0,4,1,5,False,operator,sniper,,,,Derke,Team Vitality,neon,False,,50,1,0,1,4,False,phantom,rifle,,,,Jamppi,Team Vitality,kayo,False,,2,0,2,0,6,False,vandal,rifle,,,,Sayonara,Team Vitality,sova,True,100,50,0,0,1,1,False,phantom,rifle,,0.5789,0.1022,PROFEK,Team Vitality,astra,True,100,25,0,0,0,6,False,phantom,rifle,,0.5956,0.1056
2356.671,4652,ACTIVE_ROUND,15,9,7,,40.641,,s0pp,FUT Esports,chamber,True,36,50,0,8,0,7,True,operator,sniper,,0.5789,0.7889,xeus,FUT Esports,jett,False,,50,0,0,0,7,True,vandal,rifle,,,,sociablEE,FUT Esports,fade,True,83,16,0,0,0,4,False,phantom,rifle,,0.2089,0.7044,yetujey,FUT Esports,astra,True,100,50,1,0,0,6,False,phantom,rifle,,0.7089,0.7633,KROSTALY,FUT Esports,kayo,True,88,26,1,0,1,7,False,vandal,rifle,,0.1333,0.6267,Chronicle,Team Vitality,chamber,False,,,0,4,1,5,False,operator,sniper,,,,Derke,Team Vitality,neon,False,,50,1,0,1,4,False,phantom,rifle,,,,Jamppi,Team Vitality,kayo,False,,2,0,2,0,6,False,vandal,rifle,,,,Sayonara,Team Vitality,sova,True,100,50,0,0,1,1,False,phantom,rifle,,0.1522,0.4222,PROFEK,Team Vitality,astra,True,100,25,1,0,0,6,False,phantom,rifle,,0.5956,0.1056
2357.155,4653,ACTIVE_ROUND,15,9,7,,41.124,,s0pp,FUT Esports,chamber,True,36,50,0,8,0,7,True,operator,sniper,,0.0856,0.6311,xeus,FUT Esports,jett,False,,50,0,0,0,7,True,vandal,rifle,,,,sociablEE,FUT Esports,fade,True,83,16,0,0,0,4,False,phantom,rifle,,0.2311,0.7156,yetujey,FUT Esports,astra,True,100,50,1,0,0,6,False,phantom,rifle,,0.7089,0.7633,KROSTALY,FUT Esports,kayo,True,88,26,1,0,1,7,False,vandal,rifle,,0.1289,0.6511,Chronicle,Team Vitality,chamber,False,,,0,4,1,5,False,operator,sniper,,,,Derke,Team Vitality,neon,False,,50,1,0,1,4,False,phantom,rifle,,,,Jamppi,Team Vitality,kayo,False,,2,0,2,0,6,False,vandal,rifle,,,,Sayonara,Team Vitality,sova,True,100,50,0,0,1,1,False,phantom,rifle,,0.1522,0.4222,PROFEK,Team Vitality,astra,True,100,25,1,0,0,6,False,phantom,rifle,,0.5956,0.1056
2357.639,4654,ACTIVE_ROUND,15,9,7,,41.608,,s0pp,FUT Esports,chamber,True,36,50,0,8,0,7,True,operator,sniper,,0.2967,0.7311,xeus,FUT Esports,jett,False,,50,0,0,0,7,True,vandal,rifle,,,,sociablEE,FUT Esports,fade,True,83,16,0,0,0,4,False,phantom,rifle,,0.2533,0.7222,yetujey,FUT Esports,astra,True,100,50,1,0,0,6,False,phantom,rifle,,0.7089,0.7633,KROSTALY,FUT Esports,kayo,True,88,26,1,0,1,7,False,vandal,rifle,,0.1267,0.6733,Chronicle,Team Vitality,chamber,False,,,0,4,1,5,False,operator,sniper,,,,Derke,Team Vitality,neon,False,,50,1,0,1,4,False,phantom,rifle,,,,Jamppi,Team Vitality,kayo,False,,2,0,2,0,6,False,vandal,rifle,,,,Sayonara,Team Vitality,sova,True,100,50,0,0,1,1,False,phantom,rifle,,0.1522,0.4222,PROFEK,Team Vitality,astra,True,100,25,1,0,0,6,False,phantom,rifle,,0.5956,0.1056
2358.122,4655,ACTIVE_ROUND,15,9,7,,42.092,,s0pp,FUT Esports,chamber,True,36,50,0,8,0,7,True,operator,sniper,,0.2633,0.7711,xeus,FUT Esports,jett,False,,50,0,0,0,7,True,vandal,rifle,,,,sociablEE,FUT Esports,fade,True,83,16,0,0,0,4,False,phantom,rifle,,0.2756,0.7267,yetujey,FUT Esports,astra,True,100,50,1,0,0,6,False,phantom,rifle,,0.7089,0.7633,KROSTALY,FUT Esports,kayo,True,88,26,1,0,1,7,False,vandal,rifle,,0.1267,0.6978,Chronicle,Team Vitality,chamber,False,,,0,4,1,5,False,operator,sniper,,,,Derke,Team Vitality,neon,False,,50,1,0,1,4,False,phantom,rifle,,,,Jamppi,Team Vitality,kayo,False,,2,0,2,0,6,False,vandal,rifle,,,,Sayonara,Team Vitality,sova,True,100,50,0,0,1,1,False,phantom,rifle,,0.5722,0.1111,PROFEK,Team Vitality,astra,True,100,25,1,0,0,6,False,phantom,rifle,,0.5956,0.1056
2358.606,4656,ACTIVE_ROUND,15,9,7,,42.576,,s0pp,FUT Esports,chamber,True,36,50,0,8,0,7,True,operator,sniper,,0.2678,0.7178,xeus,FUT Esports,jett,False,,50,0,0,0,7,True,vandal,rifle,,,,sociablEE,FUT Esports,fade,True,83,16,0,0,0,4,False,phantom,rifle,,0.2978,0.7333,yetujey,FUT Esports,astra,True,100,50,1,2,0,6,False,phantom,rifle,,0.7089,0.7633,KROSTALY,FUT Esports,kayo,True,88,26,1,0,1,7,False,vandal,rifle,,0.1244,0.7200,Chronicle,Team Vitality,chamber,False,,,0,4,1,5,False,operator,sniper,,,,Derke,Team Vitality,neon,False,,50,1,0,1,4,False,phantom,rifle,,,,Jamppi,Team Vitality,kayo,False,,2,0,2,0,6,False,vandal,rifle,,,,Sayonara,Team Vitality,sova,True,100,50,0,0,1,1,False,phantom,rifle,,0.5744,0.1067,PROFEK,Team Vitality,astra,True,100,25,0,0,0,6,False,phantom,rifle,,0.5956,0.1056
2359.090,4657,ACTIVE_ROUND,15,9,7,,43.060,,s0pp,FUT Esports,chamber,True,36,50,0,8,0,7,True,operator,sniper,,0.2500,0.7244,xeus,FUT Esports,jett,False,,50,0,0,0,7,True,vandal,rifle,,,,sociablEE,FUT Esports,fade,True,83,16,0,0,0,4,False,phantom,rifle,,0.3156,0.7489,yetujey,FUT Esports,astra,True,100,50,1,2,0,6,False,phantom,rifle,,0.7089,0.7633,KROSTALY,FUT Esports,kayo,True,88,26,1,0,1,7,False,vandal,rifle,,0.1244,0.7378,Chronicle,Team Vitality,chamber,False,,,0,4,1,5,False,operator,sniper,,,,Derke,Team Vitality,neon,False,,50,1,0,1,4,False,phantom,rifle,,,,Jamppi,Team Vitality,kayo,False,,2,0,2,0,6,False,vandal,rifle,,,,Sayonara,Team Vitality,sova,True,100,50,0,0,1,1,False,phantom,rifle,,0.5744,0.1067,PROFEK,Team Vitality,astra,True,100,25,0,0,0,6,False,phantom,rifle,,0.5956,0.1056
2359.574,4658,ACTIVE_ROUND,15,9,7,,43.544,,s0pp,FUT Esports,chamber,True,36,50,0,8,0,7,True,operator,sniper,,0.0833,0.7289,xeus,FUT Esports,jett,False,,50,0,0,0,7,True,vandal,rifle,,,,sociablEE,FUT Esports,fade,True,83,16,0,0,0,4,False,phantom,rifle,,0.3356,0.7622,yetujey,FUT Esports,astra,True,100,50,1,2,0,6,False,phantom,rifle,,0.7089,0.7633,KROSTALY,FUT Esports,kayo,True,88,26,1,0,1,7,False,vandal,rifle,,0.1222,0.7422,Chronicle,Team Vitality,chamber,False,,,0,4,1,5,False,operator,sniper,,,,Derke,Team Vitality,neon,False,,50,1,0,1,4,False,phantom,rifle,,,,Jamppi,Team Vitality,kayo,False,,2,0,2,0,6,False,vandal,rifle,,,,Sayonara,Team Vitality,sova,True,100,50,0,0,1,1,False,phantom,rifle,,0.5767,0.1044,PROFEK,Team Vitality,astra,True,100,25,0,0,0,6,False,phantom,rifle,,0.5956,0.1056
2360.058,4659,ACTIVE_ROUND,15,9,7,,44.027,,s0pp,FUT Esports,chamber,True,36,50,0,8,0,7,True,operator,sniper,,0.2633,0.7622,xeus,FUT Esports,jett,False,,50,0,0,0,7,True,vandal,rifle,,,,sociablEE,FUT Esports,fade,True,83,16,0,0,0,4,False,phantom,rifle,,0.3556,0.7711,yetujey,FUT Esports,astra,True,100,50,1,2,0,6,False,phantom,rifle,,0.7089,0.7633,KROSTALY,FUT Esports,kayo,True,88,26,1,0,1,7,False,vandal,rifle,,0.1156,0.7467,Chronicle,Team Vitality,chamber,False,,,0,4,1,5,False,operator,sniper,,,,Derke,Team Vitality,neon,False,,50,1,0,1,4,False,phantom,rifle,,,,Jamppi,Team Vitality,kayo,False,,2,0,2,0,6,False,vandal,rifle,,,,Sayonara,Team Vitality,sova,False,,50,0,0,1,1,False,phantom,rifle,,0.5767,0.1044,PROFEK,Team Vitality,astra,True,100,25,0,0,0,6,False,phantom,rifle,,0.5956,0.1056
2361.025,4661,POST_ROUND,15,10,7,,,0.000,s0pp,FUT Esports,chamber,True,36,50,0,8,0,7,True,operator,sniper,,0.2633,0.7622,xeus,FUT Esports,jett,False,,50,0,0,0,7,True,vandal,rifle,,,,sociablEE,FUT Esports,fade,True,83,16,0,0,0,4,False,phantom,rifle,,0.3556,0.7711,yetujey,FUT Esports,astra,True,100,50,1,2,0,6,False,phantom,rifle,,0.7089,0.7633,KROSTALY,FUT Esports,kayo,True,88,26,1,0,1,7,False,vandal,rifle,,0.1156,0.7467,Chronicle,Team Vitality,chamber,False,,,0,4,1,5,False,operator,sniper,,,,Derke,Team Vitality,neon,False,,50,1,0,1,4,False,phantom,rifle,,,,Jamppi,Team Vitality,kayo,False,,2,0,2,0,6,False,vandal,rifle,,,,Sayonara,Team Vitality,sova,False,,50,0,0,1,1,False,phantom,rifle,,0.5767,0.1044,PROFEK,Team Vitality,astra,True,100,25,0,0,0,6,False,phantom,rifle,,0.5956,0.1056
2361.509,4662,POST_ROUND,15,10,7,,,0.484,s0pp,FUT Esports,chamber,True,36,50,0,8,0,7,True,operator,sniper,,0.2633,0.7622,xeus,FUT Esports,jett,False,,50,0,0,0,7,True,vandal,rifle,,,,sociablEE,FUT Esports,fade,True,83,16,0,0,0,4,False,phantom,rifle,,0.3556,0.7711,yetujey,FUT Esports,astra,True,100,50,1,2,0,6,False,phantom,rifle,,0.7089,0.7633,KROSTALY,FUT Esports,kayo,True,88,26,1,0,1,7,False,vandal,rifle,,0.1156,0.7467,Chronicle,Team Vitality,chamber,False,,,0,4,1,5,False,operator,sniper,,,,Derke,Team Vitality,neon,False,,50,1,0,1,4,False,phantom,rifle,,,,Jamppi,Team Vitality,kayo,False,,2,0,2,0,6,False,vandal,rifle,,,,Sayonara,Team Vitality,sova,False,,50,0,0,1,1,False,phantom,rifle,,0.5767,0.1044,PROFEK,Team Vitality,astra,True,100,25,0,0,0,6,False,phantom,rifle,,0.5956,0.1056
2361.993,4663,POST_ROUND,15,10,7,,,0.968,s0pp,FUT Esports,chamber,True,36,50,0,8,0,7,True,operator,sniper,,0.2633,0.7622,xeus,FUT Esports,jett,False,,50,0,0,0,7,True,vandal,rifle,,,,sociablEE,FUT Esports,fade,True,83,16,0,0,0,4,False,phantom,rifle,,0.3556,0.7711,yetujey,FUT Esports,astra,True,100,50,1,2,0,6,False,phantom,rifle,,0.7089,0.7633,KROSTALY,FUT Esports,kayo,True,88,26,1,0,1,7,False,vandal,rifle,,0.1156,0.7467,Chronicle,Team Vitality,chamber,False,,,0,4,1,5,False,operator,sniper,,,,Derke,Team Vitality,neon,False,,50,1,0,1,4,False,phantom,rifle,,,,Jamppi,Team Vitality,kayo,False,,2,0,2,0,6,False,vandal,rifle,,,,Sayonara,Team Vitality,sova,False,,50,0,0,1,1,False,phantom,rifle,,0.5767,0.1044,PROFEK,Team Vitality,astra,True,100,25,0,0,0,6,False,phantom,rifle,,0.5956,0.1056
2362.477,4664,POST_ROUND,15,10,7,,,1.451,s0pp,FUT Esports,chamber,True,36,50,0,8,1,7,True,operator,sniper,,0.2633,0.7622,xeus,FUT Esports,jett,False,,50,0,0,0,7,True,vandal,rifle,,,,sociablEE,FUT Esports,fade,True,83,16,0,0,0,4,False,phantom,rifle,,0.3556,0.7711,yetujey,FUT Esports,astra,True,100,50,1,1,0,7,True,phantom,rifle,,0.7089,0.7633,KROSTALY,FUT Esports,kayo,True,88,26,1,0,0,7,False,vandal,rifle,,0.1156,0.7467,Chronicle,Team Vitality,chamber,False,,,0,4,1,5,False,operator,sniper,,,,Derke,Team Vitality,neon,False,,50,1,0,1,4,False,phantom,rifle,,,,Jamppi,Team Vitality,kayo,False,,2,0,2,0,6,False,vandal,rifle,,,,Sayonara,Team Vitality,sova,False,,50,0,0,1,1,False,phantom,rifle,,0.5767,0.1044,PROFEK,Team Vitality,astra,True,100,25,0,0,0,6,False,phantom,rifle,,0.5956,0.1056
2362.961,4665,POST_ROUND,15,10,7,,,1.935,s0pp,FUT Esports,chamber,True,36,50,0,8,1,7,True,operator,sniper,,0.2633,0.7622,xeus,FUT Esports,jett,False,,50,0,0,0,7,True,vandal,rifle,,,,sociablEE,FUT Esports,fade,True,83,16,0,0,0,4,False,phantom,rifle,,0.3556,0.7711,yetujey,FUT Esports,astra,True,100,50,1,1,0,7,True,phantom,rifle,,0.7089,0.7633,KROSTALY,FUT Esports,kayo,True,88,26,1,0,0,7,False,vandal,rifle,,0.1156,0.7467,Chronicle,Team Vitality,chamber,False,,,0,4,1,5,False,operator,sniper,,,,Derke,Team Vitality,neon,False,,50,1,0,1,4,False,phantom,rifle,,,,Jamppi,Team Vitality,kayo,False,,2,0,2,0,6,False,vandal,rifle,,,,Sayonara,Team Vitality,sova,False,,50,0,0,1,1,False,phantom,rifle,,0.5767,0.1044,PROFEK,Team Vitality,astra,True,100,25,0,0,0,6,False,phantom,rifle,,0.5956,0.1056
2363.444,4666,POST_ROUND,15,10,7,,,2.419,s0pp,FUT Esports,chamber,True,36,50,0,8,1,7,True,operator,sniper,,0.2633,0.7622,xeus,FUT Esports,jett,False,,50,0,0,0,7,True,vandal,rifle,,,,sociablEE,FUT Esports,fade,True,83,16,0,0,0,4,False,phantom,rifle,,0.3556,0.7711,yetujey,FUT Esports,astra,True,100,50,1,1,0,7,True,phantom,rifle,,0.7089,0.7633,KROSTALY,FUT Esports,kayo,True,88,26,1,0,0,7,False,vandal,rifle,,0.1156,0.7467,Chronicle,Team Vitality,chamber,False,,,0,4,1,5,False,operator,sniper,,,,Derke,Team Vitality,neon,False,,50,1,0,1,4,False,phantom,rifle,,,,Jamppi,Team Vitality,kayo,False,,2,0,2,0,6,False,vandal,rifle,,,,Sayonara,Team Vitality,sova,False,,50,0,0,1,1,False,phantom,rifle,,0.5767,0.1044,PROFEK,Team Vitality,astra,True,100,25,0,0,0,6,False,phantom,rifle,,0.5956,0.1056
2363.928,4667,POST_ROUND,15,10,7,,,2.903,s0pp,FUT Esports,chamber,True,36,50,0,8,1,7,True,operator,sniper,,0.2633,0.7622,xeus,FUT Esports,jett,False,,50,0,0,0,7,True,vandal,rifle,,,,sociablEE,FUT Esports,fade,True,83,16,0,0,0,4,False,phantom,rifle,,0.3556,0.7711,yetujey,FUT Esports,astra,True,100,50,1,1,0,7,True,phantom,rifle,,0.7089,0.7633,KROSTALY,FUT Esports,kayo,True,88,26,1,0,0,7,False,vandal,rifle,,0.1156,0.7467,Chronicle,Team Vitality,chamber,False,,,0,4,1,5,False,operator,sniper,,,,Derke,Team Vitality,neon,False,,50,1,0,1,4,False,phantom,rifle,,,,Jamppi,Team Vitality,kayo,False,,2,0,2,0,6,False,vandal,rifle,,,,Sayonara,Team Vitality,sova,False,,50,0,0,1,1,False,phantom,rifle,,0.5767,0.1044,PROFEK,Team Vitality,astra,True,100,25,0,0,0,6,False,phantom,rifle,,0.5956,0.1056
2364.412,4668,POST_ROUND,15,10,7,,,3.387,s0pp,FUT Esports,chamber,True,36,50,0,8,1,7,True,operator,sniper,,0.2633,0.7622,xeus,FUT Esports,jett,False,,50,0,0,0,7,True,vandal,rifle,,,,sociablEE,FUT Esports,fade,True,83,16,0,0,1,4,False,phantom,rifle,,0.3556,0.7711,yetujey,FUT Esports,astra,True,100,50,1,1,0,7,True,phantom,rifle,,0.7089,0.7633,KROSTALY,FUT Esports,kayo,True,88,26,1,0,0,7,False,vandal,rifle,,0.1156,0.7467,Chronicle,Team Vitality,chamber,False,,,0,4,1,5,False,operator,sniper,,,,Derke,Team Vitality,neon,False,,50,1,0,1,4,False,phantom,rifle,,,,Jamppi,Team Vitality,kayo,False,,2,0,2,0,6,False,vandal,rifle,,,,Sayonara,Team Vitality,sova,False,,50,0,0,1,1,False,phantom,rifle,,0.5767,0.1044,PROFEK,Team Vitality,astra,True,100,25,1,1,0,6,False,phantom,rifle,,0.5956,0.1056
2364.896,4669,POST_ROUND,15,10,7,,,3.871,s0pp,FUT Esports,chamber,True,36,50,0,8,1,7,True,operator,sniper,,0.2633,0.7622,xeus,FUT Esports,jett,False,,50,0,0,0,7,True,vandal,rifle,,,,sociablEE,FUT Esports,fade,True,83,16,0,0,1,4,False,phantom,rifle,,0.3556,0.7711,yetujey,FUT Esports,astra,True,100,50,1,1,0,7,True,phantom,rifle,,0.7089,0.7633,KROSTALY,FUT Esports,kayo,True,88,26,1,0,0,7,False,vandal,rifle,,0.1156,0.7467,Chronicle,Team Vitality,chamber,False,,,0,4,1,5,False,operator,sniper,,,,Derke,Team Vitality,neon,False,,50,1,0,1,4,False,phantom,rifle,,,,Jamppi,Team Vitality,kayo,False,,2,0,2,0,6,False,vandal,rifle,,,,Sayonara,Team Vitality,sova,False,,50,0,0,1,1,False,phantom,rifle,,0.5767,0.1044,PROFEK,Team Vitality,astra,True,100,25,1,1,0,6,False,phantom,rifle,,0.5956,0.1056
2365.380,4670,POST_ROUND,15,10,7,,,4.354,s0pp,FUT Esports,chamber,True,36,50,0,8,1,7,True,operator,sniper,,0.2633,0.7622,xeus,FUT Esports,jett,False,,50,0,0,0,7,True,vandal,rifle,,,,sociablEE,FUT Esports,fade,True,83,16,0,0,1,4,False,phantom,rifle,,0.3556,0.7711,yetujey,FUT Esports,astra,True,100,50,1,1,0,7,True,phantom,rifle,,0.7089,0.7633,KROSTALY,FUT Esports,kayo,True,88,26,1,0,0,7,False,vandal,rifle,,0.1156,0.7467,Chronicle,Team Vitality,chamber,False,,,0,4,1,5,False,operator,sniper,,,,Derke,Team Vitality,neon,False,,50,1,0,1,4,False,phantom,rifle,,,,Jamppi,Team Vitality,kayo,False,,2,0,2,0,6,False,vandal,rifle,,,,Sayonara,Team Vitality,sova,False,,50,0,0,1,1,False,phantom,rifle,,0.5767,0.1044,PROFEK,Team Vitality,astra,True,100,25,1,1,0,6,False,phantom,rifle,,0.5956,0.1056
2365.863,4671,POST_ROUND,15,10,7,,,4.838,s0pp,FUT Esports,chamber,True,36,50,0,8,1,7,True,operator,sniper,,0.2633,0.7622,xeus,FUT Esports,jett,False,,50,0,0,0,7,True,vandal,rifle,,,,sociablEE,FUT Esports,fade,True,83,16,0,0,1,4,False,phantom,rifle,,0.3556,0.7711,yetujey,FUT Esports,astra,True,100,50,1,1,0,7,True,phantom,rifle,,0.7089,0.7633,KROSTALY,FUT Esports,kayo,True,88,26,1,0,0,7,False,vandal,rifle,,0.1156,0.7467,Chronicle,Team Vitality,chamber,False,,,0,4,1,5,False,operator,sniper,,,,Derke,Team Vitality,neon,False,,50,1,0,1,4,False,phantom,rifle,,,,Jamppi,Team Vitality,kayo,False,,2,0,2,0,6,False,vandal,rifle,,,,Sayonara,Team Vitality,sova,False,,50,0,0,1,1,False,phantom,rifle,,0.5767,0.1044,PROFEK,Team Vitality,astra,True,100,25,1,1,0,6,False,phantom,rifle,,0.5956,0.1056
2388.119,4717,PREROUND,16,10,7,,,,s0pp,FUT Esports,chamber,True,,,0,8,1,7,True,,,,,,xeus,FUT Esports,jett,True,,,2,1,1,7,True,,,,,,sociablEE,FUT Esports,fade,True,,,2,1,1,4,False,,,,,,yetujey,FUT Esports,astra,True,,,1,3,1,7,True,,,,,,KROSTALY,FUT Esports,kayo,True,,,1,2,1,7,False,,,,,,Chronicle,Team Vitality,chamber,True,,,0,4,1,6,False,,,,,,Derke,Team Vitality,neon,True,,,1,1,1,5,False,,,,,,Jamppi,Team Vitality,kayo,True,,,1,2,1,7,False,,,,,,Sayonara,Team Vitality,sova,True,,,1,2,1,2,False,,,,,,PROFEK,Team Vitality,astra,True,,,2,2,2,6,False,,,,,
2388.603,4718,PREROUND,16,10,7,,,,s0pp,FUT Esports,chamber,True,,,0,8,1,7,True,,,,,,xeus,FUT Esports,jett,True,,,2,1,1,7,True,,,,,,sociablEE,FUT Esports,fade,True,,,2,1,1,4,False,,,,,,yetujey,FUT Esports,astra,True,,,1,3,1,7,True,,,,,,KROSTALY,FUT Esports,kayo,True,,,1,2,1,7,False,,,,,,Chronicle,Team Vitality,chamber,True,,,0,4,1,6,False,,,,,,Derke,Team Vitality,neon,True,,,1,1,1,5,False,,,,,,Jamppi,Team Vitality,kayo,True,,,1,2,1,7,False,,,,,,Sayonara,Team Vitality,sova,True,,,1,2,1,2,False,,,,,,PROFEK,Team Vitality,astra,True,,,2,2,2,6,False,,,,,
2389.087,4719,PREROUND,16,10,7,,,,s0pp,FUT Esports,chamber,True,,,0,8,1,7,True,,,,,,xeus,FUT Esports,jett,True,,,2,1,1,7,True,,,,,,sociablEE,FUT Esports,fade,True,,,2,1,1,4,False,,,,,,yetujey,FUT Esports,astra,True,,,1,3,1,7,True,,,,,,KROSTALY,FUT Esports,kayo,True,,,1,2,1,7,False,,,,,,Chronicle,Team Vitality,chamber,True,,,0,4,1,6,False,,,,,,Derke,Team Vitality,neon,True,,,1,1,1,5,False,,,,,,Jamppi,Team Vitality,kayo,True,,,1,2,1,7,False,,,,,,Sayonara,Team Vitality,sova,True,,,1,2,1,2,False,,,,,,PROFEK,Team Vitality,astra,True,,,2,2,2,6,False,,,,,
2389.571,4720,PREROUND,16,10,7,,,,s0pp,FUT Esports,chamber,True,,,0,8,1,7,True,,,,,,xeus,FUT Esports,jett,True,,,2,1,1,7,True,,,,,,sociablEE,FUT Esports,fade,True,,,2,1,1,4,False,,,,,,yetujey,FUT Esports,astra,True,,,1,3,1,7,True,,,,,,KROSTALY,FUT Esports,kayo,True,,,1,2,1,7,False,,,,,,Chronicle,Team Vitality,chamber,True,,,0,4,1,6,False,,,,,,Derke,Team Vitality,neon,True,,,1,1,1,5,False,,,,,,Jamppi,Team Vitality,kayo,True,,,1,2,1,7,False,,,,,,Sayonara,Team Vitality,sova,True,,,1,2,1,2,False,,,,,,PROFEK,Team Vitality,astra,True,,,2,2,2,6,False,,,,,
2390.054,4721,PREROUND,16,10,7,,,,s0pp,FUT Esports,chamber,True,,,0,8,1,7,True,,,,,,xeus,FUT Esports,jett,True,,,2,1,1,7,True,,,,,,sociablEE,FUT Esports,fade,True,,,2,1,1,4,False,,,,,,yetujey,FUT Esports,astra,True,,,1,3,1,7,True,,,,,,KROSTALY,FUT Esports,kayo,True,,,1,2,1,7,False,,,,,,Chronicle,Team Vitality,chamber,True,,,0,4,1,6,False,,,,,,Derke,Team Vitality,neon,True,,,1,1,1,5,False,,,,,,Jamppi,Team Vitality,kayo,True,,,1,2,1,7,False,,,,,,Sayonara,Team Vitality,sova,True,,,1,2,1,2,False,,,,,,PROFEK,Team Vitality,astra,True,,,2,2,1,6,False,,,,,
2390.538,4722,PREROUND,16,10,7,,,,s0pp,FUT Esports,chamber,True,,,0,8,1,7,True,,,,,,xeus,FUT Esports,jett,True,,,2,1,1,7,True,,,,,,sociablEE,FUT Esports,fade,True,,,2,1,1,4,False,,,,,,yetujey,FUT Esports,astra,True,,,1,3,1,7,True,,,,,,KROSTALY,FUT Esports,kayo,True,,,1,2,1,7,False,,,,,,Chronicle,Team Vitality,chamber,True,,,0,4,1,6,False,,,,,,Derke,Team Vitality,neon,True,,,1,1,1,5,False,,,,,,Jamppi,Team Vitality,kayo,True,,,1,2,1,7,False,,,,,,Sayonara,Team Vitality,sova,True,,,1,2,1,2,False,,,,,,PROFEK,Team Vitality,astra,True,,,2,2,1,6,False,,,,,
2391.022,4723,PREROUND,16,10,7,,,,s0pp,FUT Esports,chamber,True,,,0,8,1,7,True,,,,,,xeus,FUT Esports,jett,True,,,2,1,1,7,True,,,,,,sociablEE,FUT Esports,fade,True,,,2,1,1,4,False,,,,,,yetujey,FUT Esports,astra,True,,,1,3,1,7,True,,,,,,KROSTALY,FUT Esports,kayo,True,,,1,2,1,7,False,,,,,,Chronicle,Team Vitality,chamber,True,,,0,4,1,6,False,,,,,,Derke,Team Vitality,neon,True,,,1,1,1,5,False,,,,,,Jamppi,Team Vitality,kayo,True,,,1,2,1,7,False,,,,,,Sayonara,Team Vitality,sova,True,,,1,2,1,2,False,,,,,,PROFEK,Team Vitality,astra,True,,,2,2,1,6,False,,,,,
2391.506,4724,PREROUND,16,10,7,,,,s0pp,FUT Esports,chamber,True,,,0,8,1,7,True,,,,,,xeus,FUT Esports,jett,True,,,2,1,1,7,True,,,,,,sociablEE,FUT Esports,fade,True,,,2,1,1,4,False,,,,,,yetujey,FUT Esports,astra,True,,,1,3,1,7,True,,,,,,KROSTALY,FUT Esports,kayo,True,,,1,2,1,7,False,,,,,,Chronicle,Team Vitality,chamber,True,,,0,4,1,6,False,,,,,,Derke,Team Vitality,neon,True,,,1,1,1,5,False,,,,,,Jamppi,Team Vitality,kayo,True,,,1,2,1,7,False,,,,,,Sayonara,Team Vitality,sova,True,,,1,2,1,2,False,,,,,,PROFEK,Team Vitality,astra,True,,,2,2,1,6,False,,,,,
2391.990,4725,PREROUND,16,10,7,,,,s0pp,FUT Esports,chamber,True,,,0,8,1,7,True,,,,,,xeus,FUT Esports,jett,True,,,2,1,1,7,True,,,,,,sociablEE,FUT Esports,fade,True,,,2,1,1,4,False,,,,,,yetujey,FUT Esports,astra,True,,,1,3,1,7,True,,,,,,KROSTALY,FUT Esports,kayo,True,,,1,2,1,7,False,,,,,,Chronicle,Team Vitality,chamber,True,,,0,4,1,6,False,,,,,,Derke,Team Vitality,neon,True,,,1,1,1,5,False,,,,,,Jamppi,Team Vitality,kayo,True,,,1,2,1,7,False,,,,,,Sayonara,Team Vitality,sova,True,,,1,2,1,2,False,,,,,,PROFEK,Team Vitality,astra,True,,,2,2,1,6,False,,,,,
2392.473,4726,PREROUND,16,10,7,,,,s0pp,FUT Esports,chamber,True,,,0,8,1,7,True,,,,,,xeus,FUT Esports,jett,True,,,2,1,1,7,True,,,,,,sociablEE,FUT Esports,fade,True,,,2,1,1,4,False,,,,,,yetujey,FUT Esports,astra,True,,,1,3,1,7,True,,,,,,KROSTALY,FUT Esports,kayo,True,,,1,2,1,7,False,,,,,,Chronicle,Team Vitality,chamber,True,,,0,4,1,6,False,,,,,,Derke,Team Vitality,neon,True,,,1,1,1,5,False,,,,,,Jamppi,Team Vitality,kayo,True,,,1,2,1,7,False,,,,,,Sayonara,Team Vitality,sova,True,,,1,2,1,2,False,,,,,,PROFEK,Team Vitality,astra,True,,,2,2,1,6,False,,,,,
2392.957,4727,PREROUND,16,10,7,,,,s0pp,FUT Esports,chamber,True,,,0,8,1,7,True,,,,,,xeus,FUT Esports,jett,True,,,2,1,1,7,True,,,,,,sociablEE,FUT Esports,fade,True,,,2,1,1,4,False,,,,,,yetujey,FUT Esports,astra,True,,,1,3,1,7,True,,,,,,KROSTALY,FUT Esports,kayo,True,,,1,2,1,7,False,,,,,,Chronicle,Team Vitality,chamber,True,,,0,4,1,6,False,,,,,,Derke,Team Vitality,neon,True,,,1,1,1,5,False,,,,,,Jamppi,Team Vitality,kayo,True,,,1,2,1,7,False,,,,,,Sayonara,Team Vitality,sova,True,,,1,2,1,2,False,,,,,,PROFEK,Team Vitality,astra,True,,,2,2,1,6,False,,,,,
2393.441,4728,PREROUND,16,10,7,,,,s0pp,FUT Esports,chamber,True,,,0,8,1,7,True,,,,,,xeus,FUT Esports,jett,True,,,2,1,1,7,True,,,,,,sociablEE,FUT Esports,fade,True,,,2,1,1,4,False,,,,,,yetujey,FUT Esports,astra,True,,,1,3,1,7,True,,,,,,KROSTALY,FUT Esports,kayo,True,,,1,2,1,7,False,,,,,,Chronicle,Team Vitality,chamber,True,,,0,4,1,6,False,,,,,,Derke,Team Vitality,neon,True,,,1,1,1,5,False,,,,,,Jamppi,Team Vitality,kayo,True,,,1,2,1,7,False,,,,,,Sayonara,Team Vitality,sova,True,,,1,2,1,2,False,,,,,,PROFEK,Team Vitality,astra,True,,,2,2,1,6,False,,,,,
2393.925,4729,PREROUND,16,10,7,,,,s0pp,FUT Esports,chamber,True,,,0,8,1,7,True,,,,,,xeus,FUT Esports,jett,True,,,2,1,1,7,True,,,,,,sociablEE,FUT Esports,fade,True,,,2,1,1,4,False,,,,,,yetujey,FUT Esports,astra,True,,,1,3,1,7,True,,,,,,KROSTALY,FUT Esports,kayo,True,,,1,2,1,7,False,,,,,,Chronicle,Team Vitality,chamber,True,,,0,4,1,6,False,,,,,,Derke,Team Vitality,neon,True,,,1,1,1,5,False,,,,,,Jamppi,Team Vitality,kayo,True,,,1,2,1,7,False,,,,,,Sayonara,Team Vitality,sova,True,,,1,2,1,2,False,,,,,,PROFEK,Team Vitality,astra,True,,,2,2,1,6,False,,,,,
2394.409,4730,PREROUND,16,10,7,,,,s0pp,FUT Esports,chamber,True,,,0,8,1,7,True,,,,,,xeus,FUT Esports,jett,True,,,2,1,1,7,True,,,,,,sociablEE,FUT Esports,fade,True,,,2,1,1,4,False,,,,,,yetujey,FUT Esports,astra,True,,,1,3,1,7,True,,,,,,KROSTALY,FUT Esports,kayo,True,,,1,2,1,7,False,,,,,,Chronicle,Team Vitality,chamber,True,,,0,4,1,6,False,,,,,,Derke,Team Vitality,neon,True,,,1,1,1,5,False,,,,,,Jamppi,Team Vitality,kayo,True,,,1,2,1,7,False,,,,,,Sayonara,Team Vitality,sova,True,,,1,2,1,2,False,,,,,,PROFEK,Team Vitality,astra,True,,,2,2,1,6,False,,,,,
2394.892,4731,PREROUND,16,10,7,,,,s0pp,FUT Esports,chamber,True,,,0,8,1,7,True,,,,,,xeus,FUT Esports,jett,True,,,2,1,1,7,True,,,,,,sociablEE,FUT Esports,fade,True,,,2,1,1,4,False,,,,,,yetujey,FUT Esports,astra,True,,,1,3,1,7,True,,,,,,KROSTALY,FUT Esports,kayo,True,,,1,2,1,7,False,,,,,,Chronicle,Team Vitality,chamber,True,,,0,4,1,6,False,,,,,,Derke,Team Vitality,neon,True,,,1,1,1,5,False,,,,,,Jamppi,Team Vitality,kayo,True,,,1,2,1,7,False,,,,,,Sayonara,Team Vitality,sova,True,,,1,2,1,2,False,,,,,,PROFEK,Team Vitality,astra,True,,,2,2,1,6,False,,,,,
2395.376,4732,PREROUND,16,10,7,,,,s0pp,FUT Esports,chamber,True,,,0,8,1,7,True,,,,,,xeus,FUT Esports,jett,True,,,2,1,1,7,True,,,,,,sociablEE,FUT Esports,fade,True,,,2,1,1,4,False,,,,,,yetujey,FUT Esports,astra,True,,,1,3,1,7,True,,,,,,KROSTALY,FUT Esports,kayo,True,,,1,2,1,7,False,,,,,,Chronicle,Team Vitality,chamber,True,,,0,4,1,6,False,,,,,,Derke,Team Vitality,neon,True,,,1,1,1,5,False,,,,,,Jamppi,Team Vitality,kayo,True,,,1,2,1,7,False,,,,,,Sayonara,Team Vitality,sova,True,,,1,2,1,2,False,,,,,,PROFEK,Team Vitality,astra,True,,,2,2,1,6,False,,,,,
2395.860,4733,PREROUND,16,10,7,,,,s0pp,FUT Esports,chamber,True,,,0,8,1,7,True,,,,,,xeus,FUT Esports,jett,True,,,2,1,1,7,True,,,,,,sociablEE,FUT Esports,fade,True,,,2,1,1,4,False,,,,,,yetujey,FUT Esports,astra,True,,,1,3,1,7,True,,,,,,KROSTALY,FUT Esports,kayo,True,,,1,2,1,7,False,,,,,,Chronicle,Team Vitality,chamber,True,,,0,4,1,6,False,,,,,,Derke,Team Vitality,neon,True,,,1,1,1,5,False,,,,,,Jamppi,Team Vitality,kayo,True,,,1,2,1,7,False,,,,,,Sayonara,Team Vitality,sova,True,,,1,2,1,2,False,,,,,,PROFEK,Team Vitality,astra,True,,,1,2,1,6,False,,,,,
2396.344,4734,PREROUND,16,10,7,,,,s0pp,FUT Esports,chamber,True,,,0,8,1,7,True,,,,,,xeus,FUT Esports,jett,True,,,2,1,1,7,True,,,,,,sociablEE,FUT Esports,fade,True,,,2,1,1,4,False,,,,,,yetujey,FUT Esports,astra,True,,,1,3,1,7,True,,,,,,KROSTALY,FUT Esports,kayo,True,,,1,2,1,7,False,,,,,,Chronicle,Team Vitality,chamber,True,,,0,4,1,6,False,,,,,,Derke,Team Vitality,neon,True,,,1,1,1,5,False,,,,,,Jamppi,Team Vitality,kayo,True,,,1,2,1,7,False,,,,,,Sayonara,Team Vitality,sova,True,,,1,2,1,2,False,,,,,,PROFEK,Team Vitality,astra,True,,,1,2,1,6,False,,,,,
2396.828,4735,PREROUND,16,10,7,,,,s0pp,FUT Esports,chamber,True,,,0,8,1,7,True,,,,,,xeus,FUT Esports,jett,True,,,2,1,1,7,True,,,,,,sociablEE,FUT Esports,fade,True,,,2,1,1,4,False,,,,,,yetujey,FUT Esports,astra,True,,,1,3,1,7,True,,,,,,KROSTALY,FUT Esports,kayo,True,,,1,2,1,7,False,,,,,,Chronicle,Team Vitality,chamber,True,,,0,4,1,6,False,,,,,,Derke,Team Vitality,neon,True,,,1,1,1,5,False,,,,,,Jamppi,Team Vitality,kayo,True,,,1,2,1,7,False,,,,,,Sayonara,Team Vitality,sova,True,,,1,2,1,2,False,,,,,,PROFEK,Team Vitality,astra,True,,,2,2,1,6,False,,,,,
2397.312,4736,PREROUND,16,10,7,,,,s0pp,FUT Esports,chamber,True,,,0,8,1,7,True,,,,,,xeus,FUT Esports,jett,True,,,2,1,1,7,True,,,,,,sociablEE,FUT Esports,fade,True,,,2,1,1,4,False,,,,,,yetujey,FUT Esports,astra,True,,,1,3,1,7,True,,,,,,KROSTALY,FUT Esports,kayo,True,,,1,2,1,7,False,,,,,,Chronicle,Team Vitality,chamber,True,,,0,4,1,6,False,,,,,,Derke,Team Vitality,neon,True,,,1,1,1,5,False,,,,,,Jamppi,Team Vitality,kayo,True,,,1,2,1,7,False,,,,,,Sayonara,Team Vitality,sova,True,,,1,2,1,2,False,,,,,,PROFEK,Team Vitality,astra,True,,,2,2,1,6,False,,,,,
2397.795,4737,ACTIVE_ROUND,16,10,7,99.000,,,s0pp,FUT Esports,chamber,True,100,50,0,8,1,7,True,,,,0.7922,0.6156,xeus,FUT Esports,jett,True,100,50,2,1,1,7,True,,,,0.7633,0.7167,sociablEE,FUT Esports,fade,True,100,50,2,1,1,4,False,,,,,,yetujey,FUT Esports,astra,True,100,50,1,3,1,7,True,,,,0.5489,0.8322,KROSTALY,FUT Esports,kayo,True,100,50,1,2,1,7,False,,,,,,Chronicle,Team Vitality,chamber,True,100,25,0,4,1,6,False,,,,0.1467,0.4867,Derke,Team Vitality,neon,True,100,25,1,1,1,5,False,,,,,,Jamppi,Team Vitality,kayo,True,100,25,1,2,1,7,False,,,,0.1344,0.4322,Sayonara,Team Vitality,sova,True,100,25,1,2,1,2,False,,,,0.1633,0.4200,PROFEK,Team Vitality,astra,True,100,25,2,2,1,6,False,,,,,
2398.279,4738,ACTIVE_ROUND,16,10,7,98.000,,,s0pp,FUT Esports,chamber,True,100,50,0,8,1,7,True,,,,0.8100,0.6111,xeus,FUT Esports,jett,True,100,50,2,1,1,7,True,,,,0.7656,0.7122,sociablEE,FUT Esports,fade,True,100,50,2,1,1,4,False,,,,0.7844,0.6556,yetujey,FUT Esports,astra,True,100,50,1,3,1,7,True,,,,0.5489,0.8322,KROSTALY,FUT Esports,kayo,True,100,50,1,2,1,7,False,,,,,,Chronicle,Team Vitality,chamber,True,100,25,0,4,1,6,False,,,,0.1467,0.5022,Derke,Team Vitality,neon,True,100,25,1,1,1,5,False,,,,,,Jamppi,Team Vitality,kayo,True,100,25,1,2,1,7,False,,,,0.1344,0.4322,Sayonara,Team Vitality,sova,True,100,25,1,2,1,2,False,,,,0.8900,0.4844,PROFEK,Team Vitality,astra,True,100,25,2,2,1,6,False,,,,,
2398.763,4739,ACTIVE_ROUND,16,10,7,98.000,,,s0pp,FUT Esports,chamber,True,100,50,0,8,1,7,True,,,,0.8100,0.6111,xeus,FUT Esports,jett,True,100,50,2,1,1,7,True,,,,0.7678,0.7100,sociablEE,FUT Esports,fade,True,100,50,2,1,1,4,False,,,,0.7689,0.6711,yetujey,FUT Esports,astra,True,100,50,1,3,1,7,True,,,,0.5489,0.8322,KROSTALY,FUT Esports,kayo,True,100,50,1,2,1,7,False,,,,,,Chronicle,Team Vitality,chamber,True,100,25,0,4,1,6,False,,,,0.1489,0.5133,Derke,Team Vitality,neon,True,100,25,1,1,1,5,False,,,,0.8800,0.4911,Jamppi,Team Vitality,kayo,True,100,25,1,2,1,7,False,,,,0.1322,0.4322,Sayonara,Team Vitality,sova,True,100,25,1,2,1,2,False,,,,0.1367,0.3956,PROFEK,Team Vitality,astra,True,100,25,2,2,1,6,False,,,,,
2399.247,4740,ACTIVE_ROUND,16,10,7,97.000,,,s0pp,FUT Esports,chamber,True,100,50,0,8,1,7,True,operator,sniper,,0.8100,0.6111,xeus,FUT Esports,jett,True,100,50,2,1,1,7,True,phantom,rifle,,0.7367,0.6500,sociablEE,FUT Esports,fade,True,100,50,2,1,0,4,False,phantom,rifle,,0.7689,0.6711,yetujey,FUT Esports,astra,True,100,50,1,0,0,7,True,phantom,rifle,,0.5444,0.8233,KROSTALY,FUT Esports,kayo,True,100,50,1,2,1,7,False,vandal,rifle,,,,Chronicle,Team Vitality,chamber,True,100,25,0,4,1,6,False,guardian,rifle,,0.1511,0.5244,Derke,Team Vitality,neon,True,100,25,1,0,1,5,False,phantom,rifle,,0.9111,0.5000,Jamppi,Team Vitality,kayo,True,100,25,1,2,1,7,False,vandal,rifle,,0.1344,0.4322,Sayonara,Team Vitality,sova,True,100,25,1,2,1,2,False,phantom,rifle,,0.8433,0.4667,PROFEK,Team Vitality,astra,True,100,25,1,1,0,6,False,phantom,rifle,,,
2399.731,4741,ACTIVE_ROUND,16,10,7,97.000,,,s0pp,FUT Esports,chamber,True,100,50,0,8,1,7,True,operator,sniper,,0.8100,0.6111,xeus,FUT Esports,jett,True,100,50,2,1,1,7,True,phantom,rifle,,0.7700,0.6967,sociablEE,FUT Esports,fade,True,100,50,2,1,0,4,False,phantom,rifle,,0.7689,0.6711,yetujey,FUT Esports,astra,True,100,50,1,0,0,7,True,phantom,rifle,,0.5444,0.8100,KROSTALY,FUT Esports,kayo,True,100,50,1,2,1,7,False,vandal,rifle,,,,Chronicle,Team Vitality,chamber,True,100,25,0,4,1,6,False,guardian,rifle,,0.1600,0.5311,Derke,Team Vitality,neon,True,100,25,1,0,1,5,False,phantom,rifle,,0.9111,0.5000,Jamppi,Team Vitality,kayo,True,100,25,1,2,1,7,False,vandal,rifle,,0.1322,0.4322,Sayonara,Team Vitality,sova,True,100,25,1,2,1,2,False,phantom,rifle,,0.9167,0.4689,PROFEK,Team Vitality,astra,True,100,25,1,1,0,6,False,phantom,rifle,,,
2400.214,4742,ACTIVE_ROUND,16,10,7,96.000,,,s0pp,FUT Esports,chamber,True,100,50,0,8,1,7,True,operator,sniper,,0.8100,0.6111,xeus,FUT Esports,jett,True,100,50,2,1,1,7,True,phantom,rifle,,0.5233,0.5611,sociablEE,FUT Esports,fade,True,100,50,2,1,0,4,False,phantom,rifle,,0.7689,0.6711,yetujey,FUT Esports,astra,True,100,50,1,0,0,7,True,phantom,rifle,,0.5556,0.8056,KROSTALY,FUT Esports,kayo,True,100,50,1,2,1,7,False,vandal,rifle,,,,Chronicle,Team Vitality,chamber,True,100,25,0,4,1,6,False,guardian,rifle,,0.1689,0.5378,Derke,Team Vitality,neon,True,100,25,1,0,1,5,False,phantom,rifle,,0.9578,0.5422,Jamppi,Team Vitality,kayo,True,100,25,1,2,1,7,False,vandal,rifle,,0.1300,0.4322,Sayonara,Team Vitality,sova,True,100,25,1,2,1,2,False,phantom,rifle,,0.1567,0.4178,PROFEK,Team Vitality,astra,True,100,25,1,1,0,6,False,phantom,rifle,,,
2400.698,4743,ACTIVE_ROUND,16,10,7,96.000,,,s0pp,FUT Esports,chamber,True,100,50,0,8,1,7,True,operator,sniper,,0.7900,0.6244,xeus,FUT Esports,jett,True,100,50,2,1,1,7,True,phantom,rifle,,0.7767,0.6611,sociablEE,FUT Esports,fade,True,100,50,2,1,0,4,False,phantom,rifle,,0.7689,0.6711,yetujey,FUT Esports,astra,True,100,50,1,0,0,7,True,phantom,rifle,,0.5556,0.8056,KROSTALY,FUT Esports,kayo,True,100,50,1,2,1,7,False,vandal,rifle,,,,Chronicle,Team Vitality,chamber,True,100,25,0,4,1,6,False,guardian,rifle,,0.1689,0.5378,Derke,Team Vitality,neon,True,100,25,1,0,1,5,False,phantom,rifle,,0.9578,0.5422,Jamppi,Team Vitality,kayo,True,100,25,1,2,1,7,False,vandal,rifle,,0.1189,0.4344,Sayonara,Team Vitality,sova,True,100,25,1,2,1,2,False,phantom,rifle,,0.8389,0.4556,PROFEK,Team Vitality,astra,True,100,25,1,1,0,6,False,phantom,rifle,,,
2401.182,4744,ACTIVE_ROUND,16,10,7,95.000,,,s0pp,FUT Esports,chamber,True,95,40,0,8,0,7,True,operator,sniper,,0.7900,0.6244,xeus,FUT Esports,jett,True,100,50,2,1,1,7,True,phantom,rifle,,0.7789,0.6433,sociablEE,FUT Esports,fade,True,100,50,2,1,0,4,False,phantom,rifle,,0.7689,0.6711,yetujey,FUT Esports,astra,True,100,50,0,1,0,7,True,phantom,rifle,,0.5822,0.8011,KROSTALY,FUT Esports,kayo,True,100,50,1,2,1,7,False,vandal,rifle,,,,Chronicle,Team Vitality,chamber,True,100,25,0,4,1,6,False,classic,sidearm,,0.1689,0.5378,Derke,Team Vitality,neon,True,100,25,1,0,0,5,False,phantom,rifle,,0.9578,0.5422,Jamppi,Team Vitality,kayo,True,100,25,1,2,1,7,False,vandal,rifle,,0.1189,0.4344,Sayonara,Team Vitality,sova,True,100,25,1,2,0,2,False,phantom,rifle,,0.9611,0.5578,PROFEK,Team Vitality,astra,True,100,25,1,1,0,6,False,phantom,rifle,,,
2401.666,4745,ACTIVE_ROUND,16,10,7,95.000,,,s0pp,FUT Esports,chamber,True,95,40,0,8,0,7,True,operator,sniper,,0.7900,0.6244,xeus,FUT Esports,jett,True,100,50,2,1,1,7,True,phantom,rifle,,0.1811,0.6633,sociablEE,FUT Esports,fade,True,100,50,2,1,0,4,False,phantom,rifle,,0.7689,0.6711,yetujey,FUT Esports,astra,True,100,50,0,1,0,7,True,phantom,rifle,,0.5956,0.7989,KROSTALY,FUT Esports,kayo,True,100,50,1,2,1,7,False,vandal,rifle,,,,Chronicle,Team Vitality,chamber,True,100,25,0,4,1,6,False,classic,sidearm,,0.1711,0.5511,Derke,Team Vitality,neon,True,100,25,1,0,0,5,False,phantom,rifle,,0.9578,0.5422,Jamppi,Team Vitality,kayo,True,100,25,1,2,1,7,False,vandal,rifle,,0.1167,0.4344,Sayonara,Team Vitality,sova,True,100,25,1,2,0,2,False,phantom,rifle,,0.9344,0.4756,PROFEK,Team Vitality,astra,True,100,25,1,1,0,6,False,phantom,rifle,,,
2402.150,4746,ACTIVE_ROUND,16,10,7,95.000,,,s0pp,FUT Esports,chamber,True,95,40,0,8,0,7,True,operator,sniper,,0.7900,0.6244,xeus,FUT Esports,jett,True,100,50,2,1,1,7,True,phantom,rifle,,0.1811,0.6633,sociablEE,FUT Esports,fade,True,100,50,2,1,0,4,False,phantom,rifle,,0.7689,0.6711,yetujey,FUT Esports,astra,True,100,50,0,1,0,7,True,phantom,rifle,,0.6067,0.7944,KROSTALY,FUT Esports,kayo,True,100,50,1,2,1,7,False,vandal,rifle,,,,Chronicle,Team Vitality,chamber,True,100,25,0,4,1,6,False,classic,sidearm,,0.1644,0.5533,Derke,Team Vitality,neon,True,100,25,1,0,0,5,False,phantom,rifle,,0.9578,0.5422,Jamppi,Team Vitality,kayo,True,100,25,1,2,1,7,False,vandal,rifle,,0.1167,0.4344,Sayonara,Team Vitality,sova,True,100,25,1,2,0,2,False,phantom,rifle,,0.1456,0.4267,PROFEK,Team Vitality,astra,True,100,25,1,1,0,6,False,phantom,rifle,,,
2402.634,4747,ACTIVE_ROUND,16,10,7,94.000,,,s0pp,FUT Esports,chamber,True,95,40,0,8,0,7,True,operator,sniper,,0.7900,0.6244,xeus,FUT Esports,jett,True,100,50,2,1,1,7,True,phantom,rifle,,0.1811,0.6611,sociablEE,FUT Esports,fade,True,100,50,2,1,0,4,False,phantom,rifle,,0.7689,0.6711,yetujey,FUT Esports,astra,True,100,50,0,1,0,7,True,phantom,rifle,,0.6200,0.7900,KROSTALY,FUT Esports,kayo,True,100,50,1,2,1,7,False,vandal,rifle,,,,Chronicle,Team Vitality,chamber,True,100,25,0,4,1,6,False,classic,sidearm,,0.1578,0.5533,Derke,Team Vitality,neon,True,70,25,1,0,0,5,False,phantom,rifle,,0.9533,0.5333,Jamppi,Team Vitality,kayo,True,100,25,1,2,1,7,False,vandal,rifle,,0.1144,0.4344,Sayonara,Team Vitality,sova,True,100,25,1,2,0,2,False,phantom,rifle,,0.1433,0.4311,PROFEK,Team Vitality,astra,True,100,25,1,1,0,6,False,phantom,rifle,,,
2403.117,4748,ACTIVE_ROUND,16,10,7,94.000,,,s0pp,FUT Esports,chamber,True,95,40,0,8,0,7,True,operator,sniper,,0.7900,0.6244,xeus,FUT Esports,jett,True,100,50,2,1,1,7,True,phantom,rifle,,0.7744,0.6233,sociablEE,FUT Esports,fade,True,100,50,2,1,0,4,False,phantom,rifle,,0.7222,0.6467,yetujey,FUT Esports,astra,True,100,50,1,0,0,7,True,phantom,rifle,,0.6356,0.7878,KROSTALY,FUT Esports,kayo,True,100,50,1,2,1,7,False,vandal,rifle,,,,Chronicle,Team Vitality,chamber,True,100,25,0,4,1,6,False,guardian,rifle,,0.1600,0.5533,Derke,Team Vitality,neon,True,70,25,1,0,0,5,False,phantom,rifle,,0.9511,0.5200,Jamppi,Team Vitality,kayo,True,100,25,1,2,1,7,False,vandal,rifle,,0.1189,0.4322,Sayonara,Team Vitality,sova,True,100,25,1,2,0,2,False,phantom,rifle,,0.8833,0.4756,PROFEK,Team Vitality,astra,True,100,25,1,1,0,6,False,phantom,rifle,,,
2403.601,4749,ACTIVE_ROUND,16,10,7,93.000,,,s0pp,FUT Esports,chamber,True,95,40,0,8,0,7,True,operator,sniper,,0.7611,0.6733,xeus,FUT Esports,jett,True,100,50,2,1,1,7,True,phantom,rifle,,0.7767,0.6256,sociablEE,FUT Esports,fade,True,100,50,2,1,0,4,False,phantom,rifle,,0.7222,0.6467,yetujey,FUT Esports,astra,True,100,50,1,0,0,7,True,phantom,rifle,,0.6467,0.7833,KROSTALY,FUT Esports,kayo,True,100,50,1,2,1,7,False,vandal,rifle,,,,Chronicle,Team Vitality,chamber,True,100,25,0,4,1,6,False,guardian,rifle,,0.1600,0.5533,Derke,Team Vitality,neon,True,70,25,1,0,0,5,False,phantom,rifle,,0.9356,0.5067,Jamppi,Team Vitality,kayo,True,100,25,1,2,1,7,False,vandal,rifle,,0.1278,0.4300,Sayonara,Team Vitality,sova,True,100,25,1,2,0,2,False,phantom,rifle,,0.9344,0.4756,PROFEK,Team Vitality,astra,True,100,25,1,1,0,6,False,phantom,rifle,,,
2404.085,4750,ACTIVE_ROUND,16,10,7,93.000,,,s0pp,FUT Esports,chamber,True,95,40,0,8,0,7,True,operator,sniper,,0.7611,0.6733,xeus,FUT Esports,jett,True,100,50,2,1,1,7,True,phantom,rifle,,0.7767,0.6411,sociablEE,FUT Esports,fade,True,100,50,2,1,0,4,False,phantom,rifle,,0.7244,0.6533,yetujey,FUT Esports,astra,True,100,50,1,0,0,7,True,phantom,rifle,,0.6578,0.7789,KROSTALY,FUT Esports,kayo,True,100,50,1,2,1,7,False,vandal,rifle,,,,Chronicle,Team Vitality,chamber,True,100,25,0,4,1,6,False,guardian,rifle,,0.1511,0.5556,Derke,Team Vitality,neon,True,70,25,1,0,0,5,False,phantom,rifle,,0.9200,0.5000,Jamppi,Team Vitality,kayo,True,100,25,1,2,1,7,False,vandal,rifle,,0.1189,0.4300,Sayonara,Team Vitality,sova,True,100,25,1,2,0,2,False,phantom,rifle,,0.1478,0.4222,PROFEK,Team Vitality,astra,True,100,25,1,1,0,6,False,phantom,rifle,,,
2404.569,4751,ACTIVE_ROUND,16,10,7,92.000,,,s0pp,FUT Esports,chamber,True,95,40,0,8,0,7,True,operator,sniper,,0.7611,0.6733,xeus,FUT Esports,jett,True,100,50,2,1,1,7,True,phantom,rifle,,0.8811,0.4722,sociablEE,FUT Esports,fade,True,100,50,2,1,0,4,False,phantom,rifle,,0.7244,0.6533,yetujey,FUT Esports,astra,True,100,50,1,0,0,7,True,phantom,rifle,,0.6711,0.7700,KROSTALY,FUT Esports,kayo,True,100,50,1,2,1,7,False,vandal,rifle,,,,Chronicle,Team Vitality,chamber,True,100,25,0,4,1,6,False,guardian,rifle,,0.1511,0.5556,Derke,Team Vitality,neon,True,70,25,1,0,0,5,False,phantom,rifle,,0.9022,0.4956,Jamppi,Team Vitality,kayo,True,100,25,1,2,1,7,False,vandal,rifle,,0.1256,0.4300,Sayonara,Team Vitality,sova,True,100,25,1,2,0,2,False,phantom,rifle,,0.1700,0.5422,PROFEK,Team Vitality,astra,True,100,25,1,1,0,6,False,phantom,rifle,,,
2405.053,4752,ACTIVE_ROUND,16,10,7,92.000,,,s0pp,FUT Esports,chamber,True,95,40,0,8,0,7,True,operator,sniper,,0.4656,0.6111,xeus,FUT Esports,jett,True,100,50,2,1,1,7,True,phantom,rifle,,0.7678,0.6767,sociablEE,FUT Esports,fade,True,100,50,2,1,0,4,False,phantom,rifle,,0.7244,0.6533,yetujey,FUT Esports,astra,True,100,50,1,0,0,7,True,phantom,rifle,,0.6711,0.7700,KROSTALY,FUT Esports,kayo,True,100,50,1,2,1,7,False,vandal,rifle,,,,Chronicle,Team Vitality,chamber,True,100,25,0,4,1,6,False,classic,sidearm,,0.1333,0.5622,Derke,Team Vitality,neon,True,70,25,1,0,0,5,False,phantom,rifle,,0.8822,0.4911,Jamppi,Team Vitality,kayo,True,100,25,1,2,1,7,False,vandal,rifle,,0.1256,0.4300,Sayonara,Team Vitality,sova,True,100,25,1,2,0,2,False,phantom,rifle,,0.1522,0.4267,PROFEK,Team Vitality,astra,True,100,25,1,1,0,6,False,phantom,rifle,,,
2405.536,4753,ACTIVE_ROUND,16,10,7,91.000,,,s0pp,FUT Esports,chamber,True,95,40,0,8,0,7,True,operator,sniper,,0.7433,0.6533,xeus,FUT Esports,jett,True,100,50,2,1,1,7,True,phantom,rifle,,0.3411,0.7389,sociablEE,FUT Esports,fade,True,100,50,2,1,0,4,False,phantom,rifle,,0.7244,0.6533,yetujey,FUT Esports,astra,True,100,50,1,0,0,7,True,phantom,rifle,,0.6711,0.7700,KROSTALY,FUT Esports,kayo,True,100,50,1,2,1,7,False,vandal,rifle,,,,Chronicle,Team Vitality,chamber,True,100,25,0,4,1,6,False,classic,sidearm,,0.1333,0.5622,Derke,Team Vitality,neon,True,70,25,1,0,0,5,False,phantom,rifle,,0.8822,0.4911,Jamppi,Team Vitality,kayo,True,100,25,1,2,1,7,False,vandal,rifle,,0.1011,0.4544,Sayonara,Team Vitality,sova,True,100,25,1,2,0,2,False,phantom,rifle,,0.9611,0.5000,PROFEK,Team Vitality,astra,True,100,25,1,1,0,6,False,phantom,rifle,,,
2406.020,4754,ACTIVE_ROUND,16,10,7,91.000,,,s0pp,FUT Esports,chamber,True,95,40,0,8,0,7,True,operator,sniper,,0.2922,0.7422,xeus,FUT Esports,jett,True,100,50,2,1,1,7,True,phantom,rifle,,0.7344,0.6256,sociablEE,FUT Esports,fade,True,100,50,2,1,0,4,False,phantom,rifle,,0.7244,0.6533,yetujey,FUT Esports,astra,True,100,50,1,0,0,7,True,phantom,rifle,,0.6711,0.7700,KROSTALY,FUT Esports,kayo,True,100,50,1,2,1,7,False,vandal,rifle,,,,Chronicle,Team Vitality,chamber,True,100,25,0,4,1,6,False,classic,sidearm,,0.1333,0.5622,Derke,Team Vitality,neon,True,70,25,1,0,0,5,False,phantom,rifle,,0.8822,0.4911,Jamppi,Team Vitality,kayo,True,100,25,1,2,1,7,False,vandal,rifle,,0.1167,0.4300,Sayonara,Team Vitality,sova,True,100,25,1,2,0,2,False,phantom,rifle,,0.1433,0.4133,PROFEK,Team Vitality,astra,True,100,25,1,1,0,6,False,phantom,rifle,,,
2406.504,4755,ACTIVE_ROUND,16,10,7,90.000,,,s0pp,FUT Esports,chamber,True,95,40,0,8,0,7,True,operator,sniper,,0.2922,0.7422,xeus,FUT Esports,jett,True,100,50,2,1,1,7,True,phantom,rifle,,0.5189,0.5656,sociablEE,FUT Esports,fade,True,100,50,2,1,0,4,False,phantom,rifle,,0.7244,0.6533,yetujey,FUT Esports,astra,True,100,50,1,0,0,7,True,phantom,rifle,,0.7089,0.7433,KROSTALY,FUT Esports,kayo,True,100,50,1,2,1,7,False,vandal,rifle,,0.7556,0.6978,Chronicle,Team Vitality,chamber,True,100,25,0,4,1,6,False,classic,sidearm,,0.1222,0.5667,Derke,Team Vitality,neon,True,70,25,1,0,0,5,False,phantom,rifle,,0.8822,0.4911,Jamppi,Team Vitality,kayo,True,100,25,1,2,1,7,False,vandal,rifle,,0.1167,0.4300,Sayonara,Team Vitality,sova,True,100,25,1,2,0,2,False,phantom,rifle,,0.1456,0.4178,PROFEK,Team Vitality,astra,True,100,25,1,1,0,6,False,phantom,rifle,,,
2406.988,4756,ACTIVE_ROUND,16,10,7,90.000,,,s0pp,FUT Esports,chamber,True,95,40,0,8,0,7,True,operator,sniper,,0.6011,0.8444,xeus,FUT Esports,jett,True,100,50,2,1,1,7,True,phantom,rifle,,0.6389,0.8544,sociablEE,FUT Esports,fade,True,100,50,2,1,0,4,False,phantom,rifle,,0.7244,0.6533,yetujey,FUT Esports,astra,True,100,50,1,1,0,7,True,phantom,rifle,,0.7089,0.7433,KROSTALY,FUT Esports,kayo,True,100,50,1,2,1,7,False,vandal,rifle,,0.7556,0.7089,Chronicle,Team Vitality,chamber,True,100,25,0,4,1,6,False,classic,sidearm,,0.1222,0.5667,Derke,Team Vitality,neon,True,70,25,1,0,0,5,False,phantom,rifle,,0.8333,0.4356,Jamppi,Team Vitality,kayo,True,100,25,1,2,1,7,False,vandal,rifle,,0.1144,0.4300,Sayonara,Team Vitality,sova,True,100,25,1,2,0,2,False,phantom,rifle,,0.1433,0.4178,PROFEK,Team Vitality,astra,True,100,25,1,1,0,6,False,phantom,rifle,,,
2407.472,4757,ACTIVE_ROUND,16,10,7,89.000,,,s0pp,FUT Esports,chamber,True,95,40,0,8,0,7,True,operator,sniper,,0.6011,0.8444,xeus,FUT Esports,jett,True,100,50,2,1,1,7,True,phantom,rifle,,0.9100,0.3922,sociablEE,FUT Esports,fade,True,100,50,2,1,0,4,False,phantom,rifle,,0.7244,0.6533,yetujey,FUT Esports,astra,True,100,50,1,1,0,7,True,phantom,rifle,,0.7089,0.7433,KROSTALY,FUT Esports,kayo,True,100,50,1,2,1,7,False,vandal,rifle,,0.7556,0.7089,Chronicle,Team Vitality,chamber,True,100,25,0,4,1,6,False,classic,sidearm,,0.1222,0.5667,Derke,Team Vitality,neon,True,70,25,1,0,0,5,False,phantom,rifle,,0.8289,0.4133,Jamppi,Team Vitality,kayo,True,100,25,1,2,1,7,False,vandal,rifle,,0.1189,0.4300,Sayonara,Team Vitality,sova,True,100,25,1,2,0,2,False,phantom,rifle,,0.1456,0.4133,PROFEK,Team Vitality,astra,True,100,25,1,1,0,6,False,phantom,rifle,,,
2407.956,4758,ACTIVE_ROUND,16,10,7,89.000,,,s0pp,FUT Esports,chamber,True,95,40,0,8,0,7,True,operator,sniper,,0.6011,0.8444,xeus,FUT Esports,jett,True,100,50,2,1,1,7,True,phantom,rifle,,0.5411,0.5611,sociablEE,FUT Esports,fade,True,100,50,2,1,0,4,False,phantom,rifle,,0.7244,0.6533,yetujey,FUT Esports,astra,True,100,50,1,1,0,7,True,phantom,rifle,,0.6667,0.7278,KROSTALY,FUT Esports,kayo,True,100,50,1,2,1,7,False,vandal,rifle,,0.7511,0.7244,Chronicle,Team Vitality,chamber,True,100,25,0,4,1,6,False,classic,sidearm,,0.1156,0.5711,Derke,Team Vitality,neon,True,70,25,1,0,0,5,False,phantom,rifle,,0.8222,0.3911,Jamppi,Team Vitality,kayo,True,100,25,1,2,1,7,False,vandal,rifle,,0.1278,0.4278,Sayonara,Team Vitality,sova,True,100,25,1,2,0,2,False,phantom,rifle,,0.1567,0.4156,PROFEK,Team Vitality,astra,True,100,25,1,1,0,6,False,phantom,rifle,,,
2408.439,4759,ACTIVE_ROUND,16,10,7,88.000,,,s0pp,FUT Esports,chamber,True,95,40,0,8,0,7,True,operator,sniper,,0.6011,0.8444,xeus,FUT Esports,jett,True,100,50,2,1,1,7,True,phantom,rifle,,0.6367,0.8322,sociablEE,FUT Esports,fade,True,100,50,2,1,0,4,False,phantom,rifle,,0.7244,0.6533,yetujey,FUT Esports,astra,True,100,50,1,1,0,7,True,phantom,rifle,,0.6600,0.7278,KROSTALY,FUT Esports,kayo,True,100,50,1,2,1,7,False,vandal,rifle,,0.7511,0.7244,Chronicle,Team Vitality,chamber,True,100,25,0,4,1,6,False,classic,sidearm,,0.1133,0.5711,Derke,Team Vitality,neon,True,70,25,1,0,0,5,False,phantom,rifle,,0.8089,0.3733,Jamppi,Team Vitality,kayo,True,100,25,1,2,1,7,False,vandal,rifle,,0.1344,0.4278,Sayonara,Team Vitality,sova,True,100,25,1,2,0,2,False,phantom,rifle,,0.1633,0.4133,PROFEK,Team Vitality,astra,True,100,25,1,1,0,6,False,phantom,rifle,,,
2408.923,4760,ACTIVE_ROUND,16,10,7,88.000,,,s0pp,FUT Esports,chamber,True,95,40,0,8,0,7,True,operator,sniper,,0.6011,0.8444,xeus,FUT Esports,jett,True,100,50,2,1,1,7,True,phantom,rifle,,0.5922,0.5433,sociablEE,FUT Esports,fade,True,100,50,2,1,0,4,False,phantom,rifle,,0.7511,0.6978,yetujey,FUT Esports,astra,True,100,50,1,0,0,7,True,phantom,rifle,,0.6533,0.7322,KROSTALY,FUT Esports,kayo,True,100,50,1,2,1,7,False,vandal,rifle,,0.7511,0.7244,Chronicle,Team Vitality,chamber,True,100,25,0,4,1,6,False,guardian,rifle,,0.1133,0.5711,Derke,Team Vitality,neon,True,70,25,1,0,0,5,False,phantom,rifle,,0.7844,0.3711,Jamppi,Team Vitality,kayo,True,100,25,1,2,1,7,False,vandal,rifle,,0.1478,0.4167,Sayonara,Team Vitality,sova,True,100,25,1,2,0,2,False,phantom,rifle,,0.1767,0.4089,PROFEK,Team Vitality,astra,True,100,25,1,1,0,6,False,phantom,rifle,,,
2409.407,4761,ACTIVE_ROUND,16,10,7,87.000,,,s0pp,FUT Esports,chamber,True,95,40,0,8,0,7,True,operator,sniper,,0.5789,0.7356,xeus,FUT Esports,jett,True,100,50,2,1,1,7,True,phantom,rifle,,0.1211,0.3611,sociablEE,FUT Esports,fade,True,100,50,2,1,0,4,False,phantom,rifle,,0.7511,0.6822,yetujey,FUT Esports,astra,True,100,50,1,0,0,7,True,phantom,rifle,,0.6533,0.7322,KROSTALY,FUT Esports,kayo,True,100,50,1,2,1,7,False,vandal,rifle,,0.7511,0.7244,Chronicle,Team Vitality,chamber,True,100,25,0,4,1,6,False,guardian,rifle,,0.1133,0.5711,Derke,Team Vitality,neon,True,70,25,1,0,0,5,False,phantom,rifle,,0.7600,0.3733,Jamppi,Team Vitality,kayo,True,100,25,1,2,1,7,False,vandal,rifle,,0.1633,0.4144,Sayonara,Team Vitality,sova,True,100,25,1,2,0,2,False,phantom,rifle,,0.1922,0.4089,PROFEK,Team Vitality,astra,True,100,25,1,1,0,6,False,phantom,rifle,,0.9244,0.4833
2409.891,4762,ACTIVE_ROUND,16,10,7,87.000,,,s0pp,FUT Esports,chamber,True,95,40,0,8,0,7,True,operator,sniper,,0.5789,0.7356,xeus,FUT Esports,jett,True,100,50,2,1,1,7,True,phantom,rifle,,0.5322,0.5611,sociablEE,FUT Esports,fade,True,100,50,2,1,0,4,False,phantom,rifle,,0.7511,0.6689,yetujey,FUT Esports,astra,True,100,50,1,0,0,7,True,phantom,rifle,,0.6533,0.7322,KROSTALY,FUT Esports,kayo,True,100,50,1,2,1,7,False,vandal,rifle,,0.7556,0.7111,Chronicle,Team Vitality,chamber,True,100,25,0,4,1,6,False,guardian,rifle,,0.1133,0.5711,Derke,Team Vitality,neon,True,70,25,1,0,0,5,False,phantom,rifle,,0.7400,0.3733,Jamppi,Team Vitality,kayo,True,100,25,1,2,1,7,False,vandal,rifle,,0.1789,0.4122,Sayonara,Team Vitality,sova,True,100,25,1,2,0,2,False,phantom,rifle,,0.7833,0.3600,PROFEK,Team Vitality,astra,True,100,25,1,1,0,6,False,phantom,rifle,,0.9156,0.4811
2410.375,4763,ACTIVE_ROUND,16,10,7,86.000,,,s0pp,FUT Esports,chamber,True,95,40,0,8,0,7,True,operator,sniper,,0.7344,0.7311,xeus,FUT Esports,jett,True,100,50,2,1,1,7,True,phantom,rifle,,0.5322,0.5611,sociablEE,FUT Esports,fade,True,100,50,2,1,0,4,False,phantom,rifle,,0.7511,0.6578,yetujey,FUT Esports,astra,True,100,50,1,0,0,7,True,phantom,rifle,,0.6533,0.7322,KROSTALY,FUT Esports,kayo,True,100,50,1,2,1,7,False,vandal,rifle,,0.7600,0.7000,Chronicle,Team Vitality,chamber,True,100,25,0,4,1,6,False,guardian,rifle,,0.1156,0.5711,Derke,Team Vitality,neon,True,70,25,1,0,0,5,False,phantom,rifle,,0.7222,0.3778,Jamppi,Team Vitality,kayo,True,100,25,1,2,1,7,False,vandal,rifle,,0.2011,0.4144,Sayonara,Team Vitality,sova,True,100,25,1,2,0,2,False,phantom,rifle,,0.7678,0.3533,PROFEK,Team Vitality,astra,True,100,25,1,1,0,6,False,phantom,rifle,,0.9044,0.4833
2410.858,4764,ACTIVE_ROUND,16,10,7,86.000,,,s0pp,FUT Esports,chamber,True,95,40,0,8,0,7,True,operator,sniper,,0.7344,0.7311,xeus,FUT Esports,jett,True,100,50,2,1,1,7,True,phantom,rifle,,0.6256,0.6922,sociablEE,FUT Esports,fade,True,100,50,2,1,0,4,False,phantom,rifle,,0.7533,0.6533,yetujey,FUT Esports,astra,True,100,50,1,1,0,7,True,phantom,rifle,,0.6644,0.7233,KROSTALY,FUT Esports,kayo,True,100,50,1,2,1,7,False,vandal,rifle,,0.7622,0.6911,Chronicle,Team Vitality,chamber,True,100,25,0,4,1,6,False,guardian,rifle,,0.1156,0.5711,Derke,Team Vitality,neon,True,70,25,1,0,0,5,False,phantom,rifle,,0.7111,0.3844,Jamppi,Team Vitality,kayo,True,100,25,1,2,1,7,False,vandal,rifle,,0.2211,0.4233,Sayonara,Team Vitality,sova,True,100,25,1,2,0,2,False,phantom,rifle,,0.7589,0.3533,PROFEK,Team Vitality,astra,True,100,25,0,1,0,6,False,phantom,rifle,,0.8933,0.4833
2411.342,4765,ACTIVE_ROUND,16,10,7,85.000,,,s0pp,FUT Esports,chamber,True,95,40,0,8,0,7,True,operator,sniper,,0.8278,0.4978,xeus,FUT Esports,jett,True,100,50,2,1,1,7,True,phantom,rifle,,0.6011,0.2989,sociablEE,FUT Esports,fade,True,100,50,2,1,0,4,False,phantom,rifle,,0.7533,0.6533,yetujey,FUT Esports,astra,True,100,50,1,1,0,7,True,phantom,rifle,,0.6733,0.7211,KROSTALY,FUT Esports,kayo,True,100,50,1,2,1,7,False,vandal,rifle,,0.7622,0.6911,Chronicle,Team Vitality,chamber,True,100,25,0,4,1,6,False,guardian,rifle,,0.1156,0.5711,Derke,Team Vitality,neon,True,70,25,1,0,0,5,False,phantom,rifle,,0.7022,0.3911,Jamppi,Team Vitality,kayo,True,100,25,1,2,1,7,False,vandal,rifle,,0.2433,0.4322,Sayonara,Team Vitality,sova,True,100,25,1,2,0,2,False,phantom,rifle,,0.7567,0.3533,PROFEK,Team Vitality,astra,True,100,25,0,1,0,6,False,phantom,rifle,,0.8933,0.4833
2411.826,4766,ACTIVE_ROUND,16,10,7,85.000,,,s0pp,FUT Esports,chamber,True,95,40,0,8,0,7,True,operator,sniper,,0.8278,0.4978,xeus,FUT Esports,jett,True,100,50,2,1,1,7,True,phantom,rifle,,0.7300,0.6456,sociablEE,FUT Esports,fade,True,100,50,2,1,0,4,False,phantom,rifle,,0.7644,0.6400,yetujey,FUT Esports,astra,True,100,50,1,1,0,7,True,phantom,rifle,,0.6733,0.7211,KROSTALY,FUT Esports,kayo,True,100,50,1,2,1,7,False,vandal,rifle,,0.7622,0.6911,Chronicle,Team Vitality,chamber,True,100,25,0,4,1,6,False,guardian,rifle,,0.1156,0.5711,Derke,Team Vitality,neon,True,70,25,1,0,0,5,False,phantom,rifle,,0.6933,0.3978,Jamppi,Team Vitality,kayo,True,100,25,1,2,1,7,False,vandal,rifle,,0.2633,0.4433,Sayonara,Team Vitality,sova,True,100,25,1,2,0,2,False,phantom,rifle,,0.7544,0.3533,PROFEK,Team Vitality,astra,True,100,25,0,1,0,6,False,phantom,rifle,,0.8933,0.4833
2412.310,4767,ACTIVE_ROUND,16,10,7,84.000,,,s0pp,FUT Esports,chamber,True,95,40,0,8,0,7,True,operator,sniper,,0.6944,0.6556,xeus,FUT Esports,jett,True,100,50,2,1,1,7,True,phantom,rifle,,0.7344,0.6233,sociablEE,FUT Esports,fade,True,100,50,2,1,0,4,False,phantom,rifle,,0.7644,0.6356,yetujey,FUT Esports,astra,True,100,50,1,1,0,7,True,phantom,rifle,,0.6733,0.7211,KROSTALY,FUT Esports,kayo,True,100,50,1,2,1,7,False,vandal,rifle,,0.7622,0.6911,Chronicle,Team Vitality,chamber,True,100,25,0,4,1,6,False,guardian,rifle,,0.1156,0.5711,Derke,Team Vitality,neon,True,70,25,1,0,0,5,False,phantom,rifle,,0.6889,0.4067,Jamppi,Team Vitality,kayo,True,100,25,1,2,1,7,False,vandal,rifle,,0.2811,0.4589,Sayonara,Team Vitality,sova,True,100,25,1,2,0,2,False,phantom,rifle,,0.7567,0.3533,PROFEK,Team Vitality,astra,True,100,25,0,1,0,6,False,phantom,rifle,,0.8933,0.4833
2412.794,4768,ACTIVE_ROUND,16,10,7,84.000,,,s0pp,FUT Esports,chamber,True,95,40,0,8,0,7,True,operator,sniper,,0.6944,0.6556,xeus,FUT Esports,jett,True,100,50,2,1,1,7,True,phantom,rifle,,0.3922,0.3811,sociablEE,FUT Esports,fade,True,100,50,2,1,0,4,False,phantom,rifle,,0.7644,0.6311,yetujey,FUT Esports,astra,True,100,50,1,1,0,7,True,phantom,rifle,,0.6733,0.7211,KROSTALY,FUT Esports,kayo,True,100,50,1,2,1,7,False,vandal,rifle,,0.7622,0.6911,Chronicle,Team Vitality,chamber,True,100,25,0,4,1,6,False,classic,sidearm,,0.1133,0.5689,Derke,Team Vitality,neon,True,70,25,1,0,0,5,False,phantom,rifle,,0.6867,0.4178,Jamppi,Team Vitality,kayo,True,100,25,1,2,1,7,False,vandal,rifle,,0.2856,0.4678,Sayonara,Team Vitality,sova,True,100,25,1,2,0,2,False,phantom,rifle,,0.7567,0.3533,PROFEK,Team Vitality,astra,True,100,25,2,1,0,6,False,phantom,rifle,,0.8933,0.4833
2413.278,4769,ACTIVE_ROUND,16,10,7,83.000,,,s0pp,FUT Esports,chamber,True,95,40,0,8,0,7,True,operator,sniper,,0.7767,0.4356,xeus,FUT Esports,jett,True,100,50,2,1,1,7,True,phantom,rifle,,0.9122,0.4700,sociablEE,FUT Esports,fade,True,100,50,2,1,0,4,False,phantom,rifle,,0.7622,0.6200,yetujey,FUT Esports,astra,True,100,50,1,1,0,7,True,phantom,rifle,,0.6733,0.7211,KROSTALY,FUT Esports,kayo,True,100,50,1,2,1,7,False,vandal,rifle,,0.7622,0.6911,Chronicle,Team Vitality,chamber,True,100,25,0,4,1,6,False,classic,sidearm,,0.1111,0.5689,Derke,Team Vitality,neon,True,70,25,1,0,0,5,False,phantom,rifle,,0.6844,0.4289,Jamppi,Team Vitality,kayo,True,100,25,1,2,1,7,False,vandal,rifle,,0.2833,0.4833,Sayonara,Team Vitality,sova,True,100,25,1,2,0,2,False,phantom,rifle,,0.7544,0.3533,PROFEK,Team Vitality,astra,True,100,25,2,1,0,6,False,phantom,rifle,,0.8933,0.4833
2413.761,4770,ACTIVE_ROUND,16,10,7,83.000,,,s0pp,FUT Esports,chamber,True,95,40,0,8,0,7,True,operator,sniper,,0.4478,0.3978,xeus,FUT Esports,jett,True,100,50,2,1,1,7,True,phantom,rifle,,0.4989,0.3833,sociablEE,FUT Esports,fade,True,100,50,2,1,0,4,False,phantom,rifle,,0.7600,0.6133,yetujey,FUT Esports,astra,True,100,50,1,1,0,7,True,phantom,rifle,,0.6733,0.7211,KROSTALY,FUT Esports,kayo,True,100,50,1,2,1,7,False,vandal,rifle,,0.7622,0.6911,Chronicle,Team Vitality,chamber,True,100,25,0,4,1,6,False,classic,sidearm,,0.1111,0.5689,Derke,Team Vitality,neon,True,70,25,1,0,0,5,False,phantom,rifle,,0.6822,0.4400,Jamppi,Team Vitality,kayo,True,100,25,1,2,1,7,False,vandal,rifle,,0.2900,0.5033,Sayonara,Team Vitality,sova,True,100,25,1,2,0,2,False,phantom,rifle,,0.7544,0.3533,PROFEK,Team Vitality,astra,True,100,25,2,1,0,6,False,phantom,rifle,,0.8933,0.4833
2414.245,4771,ACTIVE_ROUND,16,10,7,82.000,,,s0pp,FUT Esports,chamber,True,95,40,0,8,0,7,True,operator,sniper,,0.4478,0.3978,xeus,FUT Esports,jett,True,100,50,2,1,1,7,True,phantom,rifle,,0.5700,0.2656,sociablEE,FUT Esports,fade,True,100,50,2,1,0,4,False,phantom,rifle,,0.7622,0.6089,yetujey,FUT Esports,astra,True,100,50,1,1,0,7,True,phantom,rifle,,0.6733,0.7211,KROSTALY,FUT Esports,kayo,True,100,50,1,2,1,7,False,vandal,rifle,,0.7622,0.6911,Chronicle,Team Vitality,chamber,True,100,25,0,4,1,6,False,classic,sidearm,,0.1111,0.5689,Derke,Team Vitality,neon,True,70,25,1,0,0,5,False,phantom,rifle,,0.6911,0.4489,Jamppi,Team Vitality,kayo,True,100,25,1,2,1,7,False,vandal,rifle,,0.3011,0.5056,Sayonara,Team Vitality,sova,True,100,25,1,2,0,2,False,phantom,rifle,,0.7544,0.3533,PROFEK,Team Vitality,astra,True,100,25,2,1,0,6,False,phantom,rifle,,0.8933,0.4833
2414.729,4772,ACTIVE_ROUND,16,10,7,82.000,,,s0pp,FUT Esports,chamber,True,95,40,0,8,0,7,True,operator,sniper,,0.4478,0.3978,xeus,FUT Esports,jett,True,100,50,2,1,1,7,True,phantom,rifle,,0.6367,0.9233,sociablEE,FUT Esports,fade,True,100,50,2,1,0,4,False,phantom,rifle,,0.7622,0.6089,yetujey,FUT Esports,astra,True,100,50,1,0,0,7,True,phantom,rifle,,0.6733,0.7211,KROSTALY,FUT Esports,kayo,True,100,50,1,2,1,7,False,vandal,rifle,,0.7844,0.6400,Chronicle,Team Vitality,chamber,True,100,25,0,4,1,6,False,guardian,rifle,,0.1111,0.5689,Derke,Team Vitality,neon,True,70,25,1,0,0,5,False,phantom,rifle,,0.6933,0.4489,Jamppi,Team Vitality,kayo,True,100,25,1,2,1,7,False,vandal,rifle,,0.2922,0.4989,Sayonara,Team Vitality,sova,True,100,25,1,2,0,2,False,phantom,rifle,,0.7544,0.3533,PROFEK,Team Vitality,astra,True,100,25,2,1,0,6,False,phantom,rifle,,0.8933,0.4833
2415.213,4773,ACTIVE_ROUND,16,10,7,81.000,,,s0pp,FUT Esports,chamber,True,95,40,0,8,0,7,True,operator,sniper,,0.4478,0.3978,xeus,FUT Esports,jett,True,100,50,2,1,1,7,True,phantom,rifle,,0.6389,0.9256,sociablEE,FUT Esports,fade,True,100,50,2,1,0,4,False,phantom,rifle,,0.7622,0.6089,yetujey,FUT Esports,astra,True,100,50,1,0,0,7,True,phantom,rifle,,0.6733,0.7211,KROSTALY,FUT Esports,kayo,True,100,50,1,2,1,7,False,vandal,rifle,,0.7844,0.6400,Chronicle,Team Vitality,chamber,True,100,25,0,4,1,6,False,guardian,rifle,,0.1111,0.5689,Derke,Team Vitality,neon,True,70,25,1,0,0,5,False,phantom,rifle,,0.6911,0.4489,Jamppi,Team Vitality,kayo,True,100,25,1,2,1,7,False,vandal,rifle,,0.2967,0.4989,Sayonara,Team Vitality,sova,True,100,25,1,2,0,2,False,phantom,rifle,,0.7544,0.3533,PROFEK,Team Vitality,astra,True,100,25,2,1,0,6,False,phantom,rifle,,0.8933,0.4833
2415.697,4774,ACTIVE_ROUND,16,10,7,81.000,,,s0pp,FUT Esports,chamber,True,95,40,0,8,0,7,True,operator,sniper,,0.4478,0.3978,xeus,FUT Esports,jett,True,100,50,2,1,1,7,True,phantom,rifle,,0.7567,0.6056,sociablEE,FUT Esports,fade,True,100,50,2,1,0,4,False,phantom,rifle,,0.7622,0.6089,yetujey,FUT Esports,astra,True,100,50,1,0,0,7,True,phantom,rifle,,0.6733,0.7211,KROSTALY,FUT Esports,kayo,True,100,50,1,2,1,7,False,vandal,rifle,,0.7844,0.6400,Chronicle,Team Vitality,chamber,True,100,25,0,4,1,6,False,guardian,rifle,,0.1111,0.5689,Derke,Team Vitality,neon,True,70,25,1,0,0,5,False,phantom,rifle,,0.6911,0.4489,Jamppi,Team Vitality,kayo,True,100,25,1,2,1,7,False,vandal,rifle,,0.3033,0.5056,Sayonara,Team Vitality,sova,True,100,25,1,2,0,2,False,phantom,rifle,,0.7567,0.3578,PROFEK,Team Vitality,astra,True,100,25,2,1,0,6,False,phantom,rifle,,0.8933,0.4833
2416.180,4775,ACTIVE_ROUND,16,10,7,80.000,,,s0pp,FUT Esports,chamber,True,95,40,0,8,0,7,True,operator,sniper,,0.2722,0.8133,xeus,FUT Esports,jett,True,100,50,2,1,1,7,True,phantom,rifle,,0.7633,0.5967,sociablEE,FUT Esports,fade,True,100,50,2,1,0,4,False,phantom,rifle,,0.7622,0.6089,yetujey,FUT Esports,astra,True,100,50,1,0,0,7,True,phantom,rifle,,0.6733,0.7211,KROSTALY,FUT Esports,kayo,True,100,50,1,2,1,7,False,vandal,rifle,,0.7933,0.6333,Chronicle,Team Vitality,chamber,True,100,25,0,4,1,6,False,guardian,rifle,,0.1111,0.5689,Derke,Team Vitality,neon,True,70,25,1,0,0,5,False,phantom,rifle,,0.6911,0.4489,Jamppi,Team Vitality,kayo,True,100,25,1,2,1,7,False,vandal,rifle,,0.3033,0.5144,Sayonara,Team Vitality,sova,True,100,25,1,2,0,2,False,phantom,rifle,,0.7589,0.3578,PROFEK,Team Vitality,astra,True,100,25,2,1,0,6,False,phantom,rifle,,0.8933,0.4833
2416.664,4776,ACTIVE_ROUND,16,10,7,80.000,,,s0pp,FUT Esports,chamber,True,95,40,0,8,0,7,True,operator,sniper,,0.7011,0.6000,xeus,FUT Esports,jett,True,100,50,2,1,1,7,True,phantom,rifle,,0.7700,0.5878,sociablEE,FUT Esports,fade,True,100,50,2,1,0,4,False,phantom,rifle,,0.7622,0.6089,yetujey,FUT Esports,astra,True,100,50,1,1,0,7,True,phantom,rifle,,0.6733,0.7211,KROSTALY,FUT Esports,kayo,True,100,50,1,2,1,7,False,vandal,rifle,,0.7933,0.6333,Chronicle,Team Vitality,chamber,True,100,25,0,4,1,6,False,guardian,rifle,,0.1111,0.5689,Derke,Team Vitality,neon,True,70,25,1,0,0,5,False,phantom,rifle,,0.6911,0.4489,Jamppi,Team Vitality,kayo,True,100,25,1,2,1,7,False,vandal,rifle,,0.3100,0.5211,Sayonara,Team Vitality,sova,True,100,25,1,2,0,2,False,phantom,rifle,,0.7544,0.3556,PROFEK,Team Vitality,astra,True,100,25,1,1,0,6,False,phantom,rifle,,0.8933,0.4833
2417.148,4777,ACTIVE_ROUND,16,10,7,80.000,,,s0pp,FUT Esports,chamber,True,95,40,0,8,0,7,True,operator,sniper,,0.7078,0.5956,xeus,FUT Esports,jett,True,100,50,2,1,1,7,True,phantom,rifle,,0.3589,0.7167,sociablEE,FUT Esports,fade,True,100,50,2,1,0,4,False,phantom,rifle,,0.7622,0.6089,yetujey,FUT Esports,astra,True,100,50,1,1,0,7,True,phantom,rifle,,0.6733,0.7211,KROSTALY,FUT Esports,kayo,True,100,50,1,2,1,7,False,vandal,rifle,,0.7933,0.6311,Chronicle,Team Vitality,chamber,True,100,25,0,4,1,6,False,guardian,rifle,,0.1111,0.5689,Derke,Team Vitality,neon,True,70,25,1,0,0,5,False,phantom,rifle,,0.6911,0.4489,Jamppi,Team Vitality,kayo,True,100,25,1,2,1,7,False,vandal,rifle,,0.3211,0.5278,Sayonara,Team Vitality,sova,True,100,25,1,2,0,2,False,phantom,rifle,,0.7544,0.3533,PROFEK,Team Vitality,astra,True,100,25,1,1,0,6,False,phantom,rifle,,0.8933,0.4833
2417.632,4778,ACTIVE_ROUND,16,10,7,79.000,,,s0pp,FUT Esports,chamber,True,95,40,0,8,0,7,True,operator,sniper,,0.7167,0.6067,xeus,FUT Esports,jett,True,100,50,2,1,1,7,True,phantom,rifle,,0.3589,0.7167,sociablEE,FUT Esports,fade,True,100,50,2,1,0,4,False,phantom,rifle,,0.7622,0.6089,yetujey,FUT Esports,astra,True,100,50,1,1,0,7,True,phantom,rifle,,0.6733,0.7211,KROSTALY,FUT Esports,kayo,True,100,50,1,2,1,7,False,vandal,rifle,,0.7933,0.6311,Chronicle,Team Vitality,chamber,True,100,25,0,4,1,6,False,guardian,rifle,,0.1111,0.5689,Derke,Team Vitality,neon,True,70,25,1,0,0,5,False,phantom,rifle,,0.6911,0.4489,Jamppi,Team Vitality,kayo,True,100,25,1,2,1,7,False,vandal,rifle,,0.3322,0.5300,Sayonara,Team Vitality,sova,True,100,25,1,2,0,2,False,phantom,rifle,,0.7544,0.3533,PROFEK,Team Vitality,astra,True,100,25,1,1,0,6,False,phantom,rifle,,0.8933,0.4833
2418.116,4779,ACTIVE_ROUND,16,10,7,79.000,,,s0pp,FUT Esports,chamber,True,95,40,0,8,0,7,True,operator,sniper,,0.7967,0.4733,xeus,FUT Esports,jett,True,100,50,2,1,1,7,True,phantom,rifle,,0.3589,0.7167,sociablEE,FUT Esports,fade,True,100,50,2,1,0,4,False,phantom,rifle,,0.7622,0.6089,yetujey,FUT Esports,astra,True,100,50,1,1,0,7,True,phantom,rifle,,0.6733,0.7211,KROSTALY,FUT Esports,kayo,True,100,50,1,2,1,7,False,vandal,rifle,,0.7933,0.6311,Chronicle,Team Vitality,chamber,True,100,25,0,4,1,6,False,guardian,rifle,,0.1111,0.5689,Derke,Team Vitality,neon,True,70,25,1,0,0,5,False,phantom,rifle,,0.6911,0.4489,Jamppi,Team Vitality,kayo,True,100,25,1,2,1,7,False,vandal,rifle,,0.3411,0.5344,Sayonara,Team Vitality,sova,True,100,25,1,2,0,2,False,phantom,rifle,,0.7567,0.3578,PROFEK,Team Vitality,astra,True,100,25,1,1,0,6,False,phantom,rifle,,0.8933,0.4833
2418.600,4780,ACTIVE_ROUND,16,10,7,78.000,,,s0pp,FUT Esports,chamber,True,95,40,0,8,0,7,True,operator,sniper,,0.7967,0.4733,xeus,FUT Esports,jett,True,100,50,2,1,1,7,True,phantom,rifle,,0.3589,0.7167,sociablEE,FUT Esports,fade,True,100,50,2,1,0,4,False,phantom,rifle,,0.7622,0.6089,yetujey,FUT Esports,astra,True,100,50,1,1,0,7,True,phantom,rifle,,0.6733,0.7211,KROSTALY,FUT Esports,kayo,True,100,50,1,2,1,7,False,vandal,rifle,,0.7933,0.6289,Chronicle,Team Vitality,chamber,True,100,25,0,4,1,6,False,guardian,rifle,,0.1111,0.5689,Derke,Team Vitality,neon,True,70,25,1,0,0,5,False,phantom,rifle,,0.6911,0.4489,Jamppi,Team Vitality,kayo,True,100,25,1,2,1,7,False,vandal,rifle,,0.3522,0.5389,Sayonara,Team Vitality,sova,True,100,25,1,2,0,2,False,phantom,rifle,,0.7567,0.3556,PROFEK,Team Vitality,astra,True,100,25,2,1,0,6,False,phantom,rifle,,0.8933,0.4833
2419.083,4781,ACTIVE_ROUND,16,10,7,78.000,,,s0pp,FUT Esports,chamber,True,95,40,0,8,0,7,True,operator,sniper,,0.7389,0.6178,xeus,FUT Esports,jett,True,100,50,2,1,1,7,True,phantom,rifle,,0.3389,0.7300,sociablEE,FUT Esports,fade,True,100,50,2,1,0,4,False,phantom,rifle,,0.8178,0.5933,yetujey,FUT Esports,astra,True,100,50,1,1,0,7,True,phantom,rifle,,0.6733,0.7211,KROSTALY,FUT Esports,kayo,True,100,50,1,2,1,7,False,vandal,rifle,,0.7933,0.6289,Chronicle,Team Vitality,chamber,True,100,25,0,4,1,6,False,guardian,rifle,,0.1111,0.5689,Derke,Team Vitality,neon,True,70,25,1,0,0,5,False,phantom,rifle,,0.6911,0.4489,Jamppi,Team Vitality,kayo,True,100,25,1,2,1,7,False,vandal,rifle,,0.3633,0.5411,Sayonara,Team Vitality,sova,True,100,25,1,2,0,2,False,phantom,rifle,,0.7522,0.3533,PROFEK,Team Vitality,astra,True,100,25,2,1,0,6,False,phantom,rifle,,0.8933,0.4833
2419.567,4782,ACTIVE_ROUND,16,10,7,77.000,,,s0pp,FUT Esports,chamber,True,95,40,0,8,0,7,True,operator,sniper,,0.7389,0.6178,xeus,FUT Esports,jett,True,100,50,2,1,1,7,True,phantom,rifle,,0.3589,0.7167,sociablEE,FUT Esports,fade,True,100,50,2,1,0,4,False,phantom,rifle,,0.8178,0.5933,yetujey,FUT Esports,astra,True,100,50,1,1,0,7,True,phantom,rifle,,0.6733,0.7211,KROSTALY,FUT Esports,kayo,True,100,50,1,2,1,7,False,vandal,rifle,,0.7933,0.6289,Chronicle,Team Vitality,chamber,True,100,25,0,4,1,6,False,guardian,rifle,,0.1111,0.5689,Derke,Team Vitality,neon,True,70,25,1,0,0,5,False,phantom,rifle,,0.6911,0.4489,Jamppi,Team Vitality,kayo,True,100,25,1,2,1,7,False,vandal,rifle,,0.3744,0.5389,Sayonara,Team Vitality,sova,True,100,25,1,2,0,2,False,phantom,rifle,,0.7522,0.3556,PROFEK,Team Vitality,astra,True,100,25,2,1,0,6,False,phantom,rifle,,0.8933,0.4833
2420.051,4783,ACTIVE_ROUND,16,10,7,77.000,,,s0pp,FUT Esports,chamber,True,95,40,0,8,0,7,True,operator,sniper,,0.8322,0.6156,xeus,FUT Esports,jett,True,100,50,2,1,1,7,True,phantom,rifle,,0.7833,0.6656,sociablEE,FUT Esports,fade,True,100,50,2,1,0,4,False,phantom,rifle,,0.8356,0.5778,yetujey,FUT Esports,astra,True,100,50,1,1,0,7,True,phantom,rifle,,0.6733,0.7211,KROSTALY,FUT Esports,kayo,True,100,50,1,2,1,7,False,vandal,rifle,,0.7933,0.6289,Chronicle,Team Vitality,chamber,True,100,25,0,4,1,6,False,guardian,rifle,,0.1111,0.5689,Derke,Team Vitality,neon,True,70,25,1,0,0,5,False,phantom,rifle,,0.6911,0.4489,Jamppi,Team Vitality,kayo,True,100,25,1,2,1,7,False,vandal,rifle,,0.3856,0.5389,Sayonara,Team Vitality,sova,True,100,25,1,2,0,2,False,phantom,rifle,,0.7544,0.3556,PROFEK,Team Vitality,astra,True,100,25,2,1,0,6,False,phantom,rifle,,0.8933,0.4833
2420.535,4784,ACTIVE_ROUND,16,10,7,76.000,,,s0pp,FUT Esports,chamber,True,95,40,0,8,0,7,True,operator,sniper,,0.8322,0.6156,xeus,FUT Esports,jett,True,100,50,2,1,1,7,True,phantom,rifle,,0.7878,0.6656,sociablEE,FUT Esports,fade,True,100,50,2,1,0,4,False,phantom,rifle,,0.8356,0.5778,yetujey,FUT Esports,astra,True,100,50,1,1,0,7,True,phantom,rifle,,0.6733,0.7211,KROSTALY,FUT Esports,kayo,True,100,50,1,2,1,7,False,vandal,rifle,,0.7933,0.6311,Chronicle,Team Vitality,chamber,True,100,25,0,4,1,6,False,classic,sidearm,,0.1111,0.5689,Derke,Team Vitality,neon,True,70,25,1,0,0,5,False,phantom,rifle,,0.6911,0.4489,Jamppi,Team Vitality,kayo,True,100,25,1,2,1,7,False,vandal,rifle,,0.3989,0.5389,Sayonara,Team Vitality,sova,True,100,25,1,2,0,2,False,phantom,rifle,,0.7589,0.3533,PROFEK,Team Vitality,astra,True,100,25,1,0,0,6,False,phantom,rifle,,0.8933,0.4833
2421.019,4785,ACTIVE_ROUND,16,10,7,76.000,,,s0pp,FUT Esports,chamber,True,95,40,0,8,0,7,True,operator,sniper,,0.8322,0.6156,xeus,FUT Esports,jett,True,100,50,2,1,1,7,True,phantom,rifle,,0.8478,0.4722,sociablEE,FUT Esports,fade,True,100,50,2,1,0,4,False,phantom,rifle,,0.8556,0.5689,yetujey,FUT Esports,astra,True,100,50,1,1,0,7,True,phantom,rifle,,0.6733,0.7211,KROSTALY,FUT Esports,kayo,True,100,50,1,2,1,7,False,vandal,rifle,,0.7933,0.6311,Chronicle,Team Vitality,chamber,True,100,25,0,4,1,6,False,classic,sidearm,,0.1111,0.5689,Derke,Team Vitality,neon,True,70,25,1,0,0,5,False,phantom,rifle,,0.6911,0.4511,Jamppi,Team Vitality,kayo,True,100,25,1,2,1,7,False,vandal,rifle,,0.4078,0.5367,Sayonara,Team Vitality,sova,True,100,25,1,2,0,2,False,phantom,rifle,,0.7589,0.3533,PROFEK,Team Vitality,astra,True,100,25,1,0,0,6,False,phantom,rifle,,0.8356,0.4456
2421.502,4786,ACTIVE_ROUND,16,10,7,75.000,,,s0pp,FUT Esports,chamber,True,95,40,0,8,0,7,True,operator,sniper,,0.8322,0.6156,xeus,FUT Esports,jett,True,100,50,2,1,1,7,True,phantom,rifle,,0.8478,0.4744,sociablEE,FUT Esports,fade,True,100,50,2,1,0,4,False,phantom,rifle,,0.8644,0.5644,yetujey,FUT Esports,astra,True,100,50,1,1,0,7,True,phantom,rifle,,0.6733,0.7211,KROSTALY,FUT Esports,kayo,True,100,50,1,2,1,7,False,vandal,rifle,,0.7933,0.6289,Chronicle,Team Vitality,chamber,True,100,25,0,4,1,6,False,classic,sidearm,,0.1111,0.5689,Derke,Team Vitality,neon,True,70,25,1,0,0,5,False,phantom,rifle,,0.6911,0.4511,Jamppi,Team Vitality,kayo,True,100,25,1,2,1,7,False,vandal,rifle,,0.6722,0.4767,Sayonara,Team Vitality,sova,True,100,25,1,2,0,2,False,phantom,rifle,,0.7589,0.3533,PROFEK,Team Vitality,astra,True,100,25,1,0,0,6,False,phantom,rifle,,0.8356,0.4456
2421.986,4787,ACTIVE_ROUND,16,10,7,75.000,,,s0pp,FUT Esports,chamber,True,95,40,0,8,0,7,True,operator,sniper,,0.8322,0.6156,xeus,FUT Esports,jett,True,100,50,2,1,1,7,True,phantom,rifle,,0.8189,0.5811,sociablEE,FUT Esports,fade,True,100,50,2,1,0,4,False,phantom,rifle,,0.8711,0.5644,yetujey,FUT Esports,astra,True,100,50,1,1,0,7,True,phantom,rifle,,0.6733,0.7211,KROSTALY,FUT Esports,kayo,True,100,50,1,2,1,7,False,vandal,rifle,,0.7933,0.6289,Chronicle,Team Vitality,chamber,True,100,25,0,4,1,6,False,classic,sidearm,,0.1111,0.5689,Derke,Team Vitality,neon,True,70,25,1,0,0,5,False,phantom,rifle,,0.6911,0.4511,Jamppi,Team Vitality,kayo,True,100,25,1,2,1,7,False,vandal,rifle,,0.4256,0.5233,Sayonara,Team Vitality,sova,True,100,25,1,2,0,2,False,phantom,rifle,,0.7567,0.3533,PROFEK,Team Vitality,astra,True,100,25,1,0,0,6,False,phantom,rifle,,0.8356,0.4456
2422.470,4788,ACTIVE_ROUND,16,10,7,74.000,,,s0pp,FUT Esports,chamber,True,95,40,0,8,0,7,True,operator,sniper,,0.8322,0.6156,xeus,FUT Esports,jett,True,100,50,2,1,1,7,True,phantom,rifle,,0.7856,0.5989,sociablEE,FUT Esports,fade,True,100,50,1,1,0,4,False,phantom,rifle,,0.9267,0.5689,yetujey,FUT Esports,astra,True,100,50,1,1,0,7,True,phantom,rifle,,0.6733,0.7211,KROSTALY,FUT Esports,kayo,True,100,50,1,2,1,7,False,vandal,rifle,,0.7933,0.6289,Chronicle,Team Vitality,chamber,True,100,25,0,4,1,6,False,classic,sidearm,,0.1111,0.5689,Derke,Team Vitality,neon,True,70,25,1,0,0,5,False,phantom,rifle,,0.6911,0.4511,Jamppi,Team Vitality,kayo,True,100,25,1,2,1,7,False,vandal,rifle,,0.4344,0.5144,Sayonara,Team Vitality,sova,True,100,25,1,2,0,2,False,phantom,rifle,,0.7589,0.3533,PROFEK,Team Vitality,astra,True,100,25,0,0,0,6,False,phantom,rifle,,0.8356,0.4456
2422.954,4789,ACTIVE_ROUND,16,10,7,74.000,,,s0pp,FUT Esports,chamber,True,95,40,0,8,0,7,True,operator,sniper,,0.8300,0.6133,xeus,FUT Esports,jett,True,100,50,2,1,1,7,True,phantom,rifle,,0.0989,0.5700,sociablEE,FUT Esports,fade,True,100,50,1,1,0,4,False,phantom,rifle,,0.8622,0.5667,yetujey,FUT Esports,astra,True,100,50,1,1,0,7,True,phantom,rifle,,0.6733,0.7211,KROSTALY,FUT Esports,kayo,True,100,50,1,2,1,7,False,vandal,rifle,,0.7933,0.6289,Chronicle,Team Vitality,chamber,True,100,25,0,4,1,6,False,classic,sidearm,,0.1111,0.5689,Derke,Team Vitality,neon,True,70,25,1,0,0,5,False,phantom,rifle,,0.6911,0.4511,Jamppi,Team Vitality,kayo,True,100,25,1,2,1,7,False,vandal,rifle,,0.4433,0.5100,Sayonara,Team Vitality,sova,True,100,25,1,2,0,2,False,phantom,rifle,,0.7567,0.3533,PROFEK,Team Vitality,astra,True,100,25,0,0,0,6,False,phantom,rifle,,0.8489,0.4300
2423.438,4790,ACTIVE_ROUND,16,10,7,73.000,,,s0pp,FUT Esports,chamber,True,95,40,0,8,0,7,True,operator,sniper,,0.2722,0.8089,xeus,FUT Esports,jett,True,100,50,2,1,1,7,True,phantom,rifle,,0.0989,0.5700,sociablEE,FUT Esports,fade,True,100,50,1,1,0,4,False,phantom,rifle,,0.8622,0.5667,yetujey,FUT Esports,astra,True,100,50,1,1,0,7,True,phantom,rifle,,0.6733,0.7211,KROSTALY,FUT Esports,kayo,True,100,50,1,2,1,7,False,vandal,rifle,,0.7933,0.6289,Chronicle,Team Vitality,chamber,True,100,25,0,4,1,6,False,classic,sidearm,,0.1111,0.5689,Derke,Team Vitality,neon,True,70,25,1,0,0,5,False,phantom,rifle,,0.6911,0.4511,Jamppi,Team Vitality,kayo,True,100,25,1,2,1,7,False,vandal,rifle,,0.4522,0.5033,Sayonara,Team Vitality,sova,True,100,25,1,2,0,2,False,phantom,rifle,,0.7567,0.3533,PROFEK,Team Vitality,astra,True,100,25,0,0,0,6,False,phantom,rifle,,0.8578,0.4233
2423.921,4791,ACTIVE_ROUND,16,10,7,73.000,,,s0pp,FUT Esports,chamber,True,95,40,0,8,0,7,True,operator,sniper,,0.2722,0.8089,xeus,FUT Esports,jett,True,100,50,2,1,1,7,True,phantom,rifle,,0.8833,0.5878,sociablEE,FUT Esports,fade,True,100,50,1,1,0,4,False,phantom,rifle,,0.8578,0.5667,yetujey,FUT Esports,astra,True,100,50,1,1,0,7,True,phantom,rifle,,0.6733,0.7211,KROSTALY,FUT Esports,kayo,True,100,50,1,2,1,7,False,vandal,rifle,,0.7933,0.6289,Chronicle,Team Vitality,chamber,True,100,25,0,4,1,6,False,classic,sidearm,,0.1111,0.5689,Derke,Team Vitality,neon,True,70,25,1,0,0,5,False,phantom,rifle,,0.6911,0.4511,Jamppi,Team Vitality,kayo,True,100,25,1,2,1,7,False,vandal,rifle,,0.4611,0.4967,Sayonara,Team Vitality,sova,True,100,25,1,2,0,2,False,phantom,rifle,,0.7567,0.3533,PROFEK,Team Vitality,astra,True,100,25,0,0,0,6,False,phantom,rifle,,0.8578,0.4233
2424.405,4792,ACTIVE_ROUND,16,10,7,72.000,,,s0pp,FUT Esports,chamber,True,95,40,0,8,0,7,True,operator,sniper,,0.2722,0.8089,xeus,FUT Esports,jett,True,100,50,2,1,1,7,True,phantom,rifle,,0.8878,0.5856,sociablEE,FUT Esports,fade,True,100,50,1,1,0,4,False,phantom,rifle,,0.8578,0.5667,yetujey,FUT Esports,astra,True,100,50,1,1,0,7,True,phantom,rifle,,0.6733,0.7211,KROSTALY,FUT Esports,kayo,True,100,50,1,2,1,7,False,vandal,rifle,,0.7933,0.6289,Chronicle,Team Vitality,chamber,True,100,25,0,4,1,6,False,classic,sidearm,,0.1111,0.5689,Derke,Team Vitality,neon,True,70,25,1,0,0,5,False,phantom,rifle,,0.6911,0.4511,Jamppi,Team Vitality,kayo,True,100,25,1,2,1,7,False,vandal,rifle,,0.4678,0.4878,Sayonara,Team Vitality,sova,True,100,25,1,2,0,2,False,phantom,rifle,,0.7567,0.3533,PROFEK,Team Vitality,astra,True,100,25,1,0,0,6,False,phantom,rifle,,0.8578,0.4233
2424.889,4793,ACTIVE_ROUND,16,10,7,72.000,,,s0pp,FUT Esports,chamber,True,95,40,0,8,0,7,True,operator,sniper,,0.6100,0.7200,xeus,FUT Esports,jett,True,100,50,2,1,1,7,True,phantom,rifle,,0.3589,0.7211,sociablEE,FUT Esports,fade,True,100,50,1,1,0,4,False,phantom,rifle,,0.8578,0.5667,yetujey,FUT Esports,astra,True,100,50,1,1,0,7,True,phantom,rifle,,0.6733,0.7211,KROSTALY,FUT Esports,kayo,True,100,50,1,2,1,7,False,vandal,rifle,,0.8222,0.6178,Chronicle,Team Vitality,chamber,True,100,25,0,4,1,6,False,classic,sidearm,,0.1111,0.5689,Derke,Team Vitality,neon,True,70,25,1,0,0,5,False,phantom,rifle,,0.6911,0.4511,Jamppi,Team Vitality,kayo,True,100,25,1,2,1,7,False,vandal,rifle,,0.4767,0.4811,Sayonara,Team Vitality,sova,True,100,25,1,2,0,2,False,phantom,rifle,,0.7567,0.3533,PROFEK,Team Vitality,astra,True,100,25,1,0,0,6,False,phantom,rifle,,0.8578,0.4233
2425.373,4794,ACTIVE_ROUND,16,10,7,71.000,,,s0pp,FUT Esports,chamber,True,95,40,0,8,0,7,True,operator,sniper,,0.6589,0.4867,xeus,FUT Esports,jett,True,100,50,2,1,1,7,True,phantom,rifle,,0.8189,0.5833,sociablEE,FUT Esports,fade,True,100,50,1,1,0,4,False,phantom,rifle,,0.8578,0.5667,yetujey,FUT Esports,astra,True,100,50,1,1,0,7,True,phantom,rifle,,0.6733,0.7211,KROSTALY,FUT Esports,kayo,True,100,50,1,2,1,7,False,vandal,rifle,,0.8333,0.6178,Chronicle,Team Vitality,chamber,True,100,25,0,4,1,6,False,classic,sidearm,,0.1111,0.5689,Derke,Team Vitality,neon,True,70,25,1,0,0,5,False,phantom,rifle,,0.6911,0.4511,Jamppi,Team Vitality,kayo,True,100,25,1,2,1,7,False,vandal,rifle,,0.4833,0.4722,Sayonara,Team Vitality,sova,True,100,25,1,2,0,2,False,phantom,rifle,,0.7589,0.3533,PROFEK,Team Vitality,astra,True,100,25,1,0,0,6,False,phantom,rifle,,0.8756,0.3700
2425.857,4795,ACTIVE_ROUND,16,10,7,71.000,,,s0pp,FUT Esports,chamber,True,95,40,0,8,0,7,True,operator,sniper,,0.6589,0.4867,xeus,FUT Esports,jett,True,100,50,2,1,1,7,True,phantom,rifle,,0.3367,0.7322,sociablEE,FUT Esports,fade,True,100,50,1,1,0,4,False,phantom,rifle,,0.8578,0.5667,yetujey,FUT Esports,astra,True,100,50,1,1,0,7,True,phantom,rifle,,0.6733,0.7211,KROSTALY,FUT Esports,kayo,True,100,50,1,2,1,7,False,vandal,rifle,,0.8422,0.6156,Chronicle,Team Vitality,chamber,True,100,25,0,4,1,6,False,classic,sidearm,,0.1111,0.5689,Derke,Team Vitality,neon,True,70,25,1,0,0,5,False,phantom,rifle,,0.6911,0.4511,Jamppi,Team Vitality,kayo,True,100,25,1,2,1,7,False,vandal,rifle,,0.4856,0.4611,Sayonara,Team Vitality,sova,True,100,25,1,2,0,2,False,phantom,rifle,,0.7567,0.3533,PROFEK,Team Vitality,astra,True,100,25,1,0,0,6,False,phantom,rifle,,0.8733,0.3544
2426.341,4796,ACTIVE_ROUND,16,10,7,70.000,,,s0pp,FUT Esports,chamber,True,95,40,0,8,0,7,True,operator,sniper,,0.6589,0.4867,xeus,FUT Esports,jett,True,100,50,2,1,1,7,True,phantom,rifle,,0.8678,0.5278,sociablEE,FUT Esports,fade,True,100,50,1,1,0,4,False,phantom,rifle,,0.8844,0.5844,yetujey,FUT Esports,astra,True,100,50,1,0,0,7,True,phantom,rifle,,0.6733,0.7211,KROSTALY,FUT Esports,kayo,True,100,50,1,2,1,7,False,vandal,rifle,,0.8422,0.6111,Chronicle,Team Vitality,chamber,True,100,25,0,4,1,6,False,guardian,rifle,,0.1111,0.5689,Derke,Team Vitality,neon,True,70,25,1,0,0,5,False,phantom,rifle,,0.6911,0.4511,Jamppi,Team Vitality,kayo,True,100,25,1,2,1,7,False,vandal,rifle,,0.4878,0.4567,Sayonara,Team Vitality,sova,True,100,25,1,2,0,2,False,phantom,rifle,,0.7567,0.3556,PROFEK,Team Vitality,astra,True,100,25,1,0,0,6,False,phantom,rifle,,0.8733,0.3544
2426.824,4797,ACTIVE_ROUND,16,10,7,70.000,,,s0pp,FUT Esports,chamber,True,95,40,0,8,0,7,True,operator,sniper,,0.8989,0.5533,xeus,FUT Esports,jett,True,100,50,2,1,1,7,True,phantom,rifle,,0.3589,0.7167,sociablEE,FUT Esports,fade,True,100,50,1,1,0,4,False,phantom,rifle,,0.8822,0.5867,yetujey,FUT Esports,astra,True,100,50,1,0,0,7,True,phantom,rifle,,0.6733,0.7211,KROSTALY,FUT Esports,kayo,True,100,50,1,2,1,7,False,vandal,rifle,,0.8422,0.6111,Chronicle,Team Vitality,chamber,True,100,25,0,4,1,6,False,guardian,rifle,,0.1111,0.5689,Derke,Team Vitality,neon,True,70,25,1,0,0,5,False,phantom,rifle,,0.6911,0.4511,Jamppi,Team Vitality,kayo,True,100,25,1,2,1,7,False,vandal,rifle,,0.4856,0.4500,Sayonara,Team Vitality,sova,True,100,25,1,2,0,2,False,phantom,rifle,,0.7567,0.3556,PROFEK,Team Vitality,astra,True,100,25,1,0,0,6,False,phantom,rifle,,0.8667,0.3100
2427.308,4798,ACTIVE_ROUND,16,10,7,69.000,,,s0pp,FUT Esports,chamber,True,95,40,0,8,0,7,True,operator,sniper,,0.9033,0.5511,xeus,FUT Esports,jett,True,100,50,2,1,1,7,True,phantom,rifle,,0.9122,0.5856,sociablEE,FUT Esports,fade,True,100,50,1,1,0,4,False,phantom,rifle,,0.8822,0.5867,yetujey,FUT Esports,astra,True,100,50,1,0,0,7,True,phantom,rifle,,0.6733,0.7211,KROSTALY,FUT Esports,kayo,True,100,50,1,2,1,7,False,vandal,rifle,,0.8422,0.6111,Chronicle,Team Vitality,chamber,True,100,25,0,4,1,6,False,guardian,rifle,,0.1111,0.5689,Derke,Team Vitality,neon,True,70,25,1,0,0,5,False,phantom,rifle,,0.6911,0.4511,Jamppi,Team Vitality,kayo,True,100,25,1,2,1,7,False,vandal,rifle,,0.4856,0.4500,Sayonara,Team Vitality,sova,True,100,25,1,2,0,2,False,phantom,rifle,,0.7567,0.3556,PROFEK,Team Vitality,astra,True,100,25,1,0,0,6,False,phantom,rifle,,0.8533,0.2989
2427.792,4799,ACTIVE_ROUND,16,10,7,69.000,,,s0pp,FUT Esports,chamber,True,95,40,0,8,0,7,True,operator,sniper,,0.9033,0.5489,xeus,FUT Esports,jett,True,100,50,2,1,1,7,True,phantom,rifle,,0.9167,0.5833,sociablEE,FUT Esports,fade,True,100,50,1,1,0,4,False,phantom,rifle,,0.8822,0.5867,yetujey,FUT Esports,astra,True,100,50,1,0,0,7,True,phantom,rifle,,0.6733,0.7211,KROSTALY,FUT Esports,kayo,True,100,50,1,2,1,7,False,vandal,rifle,,0.8667,0.5889,Chronicle,Team Vitality,chamber,True,100,25,0,4,1,6,False,guardian,rifle,,0.1111,0.5689,Derke,Team Vitality,neon,True,70,25,1,0,0,5,False,phantom,rifle,,0.6911,0.4511,Jamppi,Team Vitality,kayo,True,100,25,1,2,1,7,False,vandal,rifle,,0.4856,0.4500,Sayonara,Team Vitality,sova,True,100,25,1,2,0,2,False,phantom,rifle,,0.7567,0.3578,PROFEK,Team Vitality,astra,True,100,25,1,0,0,6,False,phantom,rifle,,0.8533,0.2989
2428.276,4800,ACTIVE_ROUND,16,10,7,68.000,,,s0pp,FUT Esports,chamber,True,95,40,0,8,0,7,True,operator,sniper,,0.9011,0.5422,xeus,FUT Esports,jett,True,100,50,2,1,1,7,True,phantom,rifle,,0.9233,0.5789,sociablEE,FUT Esports,fade,True,100,50,1,1,0,4,False,phantom,rifle,,0.8822,0.5867,yetujey,FUT Esports,astra,True,100,50,1,0,0,7,True,phantom,rifle,,0.6733,0.7211,KROSTALY,FUT Esports,kayo,True,100,50,1,2,1,7,False,vandal,rifle,,0.8756,0.5844,Chronicle,Team Vitality,chamber,True,100,25,0,4,1,6,False,classic,sidearm,,0.1111,0.5689,Derke,Team Vitality,neon,True,70,25,1,0,0,5,False,phantom,rifle,,0.6911,0.4511,Jamppi,Team Vitality,kayo,True,100,25,1,2,1,7,False,vandal,rifle,,0.4856,0.4500,Sayonara,Team Vitality,sova,True,100,25,1,2,0,2,False,phantom,rifle,,0.7567,0.3600,PROFEK,Team Vitality,astra,True,100,25,0,0,0,6,False,phantom,rifle,,0.8533,0.2989
2428.760,4801,ACTIVE_ROUND,16,10,7,68.000,,,s0pp,FUT Esports,chamber,True,95,40,0,8,0,7,True,operator,sniper,,0.7567,0.6067,xeus,FUT Esports,jett,True,100,50,2,1,1,7,True,phantom,rifle,,0.9256,0.5700,sociablEE,FUT Esports,fade,True,100,50,1,1,0,4,False,phantom,rifle,,0.8822,0.5867,yetujey,FUT Esports,astra,True,100,50,1,0,0,7,True,phantom,rifle,,0.6733,0.7211,KROSTALY,FUT Esports,kayo,True,100,50,1,2,1,7,False,vandal,rifle,,0.8756,0.5844,Chronicle,Team Vitality,chamber,True,100,25,0,4,1,6,False,classic,sidearm,,0.1111,0.5689,Derke,Team Vitality,neon,True,70,25,1,0,0,5,False,phantom,rifle,,0.6911,0.4511,Jamppi,Team Vitality,kayo,True,100,25,1,2,1,7,False,vandal,rifle,,0.4856,0.4500,Sayonara,Team Vitality,sova,True,100,25,1,2,0,2,False,phantom,rifle,,0.7567,0.3600,PROFEK,Team Vitality,astra,True,100,25,0,0,0,6,False,phantom,rifle,,0.8533,0.2989
2429.243,4802,ACTIVE_ROUND,16,10,7,67.000,,,s0pp,FUT Esports,chamber,True,95,40,0,8,0,7,True,operator,sniper,,0.8922,0.5289,xeus,FUT Esports,jett,True,100,50,2,1,1,7,True,phantom,rifle,,0.9189,0.5589,sociablEE,FUT Esports,fade,True,100,50,1,1,0,4,False,phantom,rifle,,0.8222,0.5978,yetujey,FUT Esports,astra,True,100,50,1,0,0,7,True,phantom,rifle,,0.6733,0.7211,KROSTALY,FUT Esports,kayo,True,100,50,1,2,1,7,False,vandal,rifle,,0.8911,0.5711,Chronicle,Team Vitality,chamber,True,100,25,0,4,1,6,False,classic,sidearm,,0.1111,0.5689,Derke,Team Vitality,neon,True,70,25,1,0,0,5,False,phantom,rifle,,0.6911,0.4511,Jamppi,Team Vitality,kayo,True,100,25,1,2,1,7,False,vandal,rifle,,0.4856,0.4478,Sayonara,Team Vitality,sova,True,100,25,1,2,0,2,False,phantom,rifle,,0.7567,0.3600,PROFEK,Team Vitality,astra,True,100,25,0,0,0,6,False,phantom,rifle,,0.8533,0.2989
2429.727,4803,ACTIVE_ROUND,16,10,7,67.000,,,s0pp,FUT Esports,chamber,True,95,40,0,8,0,7,True,operator,sniper,,0.8878,0.5289,xeus,FUT Esports,jett,True,100,50,2,1,1,7,True,phantom,rifle,,0.9144,0.5500,sociablEE,FUT Esports,fade,True,100,50,1,1,0,4,False,phantom,rifle,,0.8111,0.6044,yetujey,FUT Esports,astra,True,100,50,1,0,0,7,True,phantom,rifle,,0.6733,0.7211,KROSTALY,FUT Esports,kayo,True,100,50,1,2,1,7,False,vandal,rifle,,0.8911,0.5711,Chronicle,Team Vitality,chamber,True,100,25,0,4,1,6,False,classic,sidearm,,0.1111,0.5689,Derke,Team Vitality,neon,True,70,25,1,0,0,5,False,phantom,rifle,,0.6911,0.4511,Jamppi,Team Vitality,kayo,True,100,25,1,2,1,7,False,vandal,rifle,,0.4878,0.4456,Sayonara,Team Vitality,sova,True,100,25,1,2,0,2,False,phantom,rifle,,0.7567,0.3556,PROFEK,Team Vitality,astra,True,100,25,0,0,0,6,False,phantom,rifle,,0.8533,0.2989
2430.211,4804,ACTIVE_ROUND,16,10,7,66.000,,,s0pp,FUT Esports,chamber,True,95,40,0,8,0,7,True,operator,sniper,,0.8856,0.5244,xeus,FUT Esports,jett,True,100,50,2,1,1,7,True,phantom,rifle,,0.6922,0.4833,sociablEE,FUT Esports,fade,True,100,50,1,1,0,4,False,phantom,rifle,,0.8000,0.6133,yetujey,FUT Esports,astra,True,100,50,1,1,1,7,True,phantom,rifle,,0.6733,0.7211,KROSTALY,FUT Esports,kayo,True,100,50,1,2,1,7,False,vandal,rifle,,0.8911,0.5711,Chronicle,Team Vitality,chamber,True,100,25,0,4,1,6,False,guardian,rifle,,0.1111,0.5689,Derke,Team Vitality,neon,True,70,25,1,0,0,5,False,phantom,rifle,,0.6911,0.4511,Jamppi,Team Vitality,kayo,True,100,25,1,2,1,7,False,vandal,rifle,,0.4900,0.4478,Sayonara,Team Vitality,sova,True,100,25,1,2,0,2,False,phantom,rifle,,0.7567,0.3556,PROFEK,Team Vitality,astra,True,100,25,1,0,0,6,False,phantom,rifle,,0.8533,0.2989
2430.695,4805,ACTIVE_ROUND,16,10,7,66.000,,,s0pp,FUT Esports,chamber,True,95,40,0,8,0,7,True,operator,sniper,,0.6589,0.4867,xeus,FUT Esports,jett,True,100,50,2,1,1,7,True,phantom,rifle,,0.8989,0.5367,sociablEE,FUT Esports,fade,True,100,50,1,1,0,4,False,phantom,rifle,,0.7867,0.6200,yetujey,FUT Esports,astra,True,100,50,1,1,1,7,True,phantom,rifle,,0.6733,0.7211,KROSTALY,FUT Esports,kayo,True,100,50,1,2,1,7,False,vandal,rifle,,0.8911,0.5711,Chronicle,Team Vitality,chamber,True,100,25,0,4,1,6,False,guardian,rifle,,0.1111,0.5689,Derke,Team Vitality,neon,True,70,25,1,0,0,5,False,phantom,rifle,,0.6911,0.4511,Jamppi,Team Vitality,kayo,True,100,25,1,2,1,7,False,vandal,rifle,,0.4900,0.4478,Sayonara,Team Vitality,sova,True,100,25,1,2,0,2,False,phantom,rifle,,0.7567,0.3556,PROFEK,Team Vitality,astra,True,100,25,1,0,0,6,False,phantom,rifle,,0.8667,0.2744
2431.179,4806,ACTIVE_ROUND,16,10,7,65.000,,,s0pp,FUT Esports,chamber,True,95,40,0,8,0,7,True,operator,sniper,,0.6589,0.4867,xeus,FUT Esports,jett,True,100,50,2,1,1,7,True,phantom,rifle,,0.3611,0.7744,sociablEE,FUT Esports,fade,True,100,50,1,1,0,4,False,phantom,rifle,,0.7822,0.6333,yetujey,FUT Esports,astra,True,100,50,1,1,1,7,True,phantom,rifle,,0.6733,0.7211,KROSTALY,FUT Esports,kayo,True,100,50,1,2,1,7,False,vandal,rifle,,0.9067,0.5578,Chronicle,Team Vitality,chamber,True,100,25,0,4,1,6,False,guardian,rifle,,0.1111,0.5689,Derke,Team Vitality,neon,True,70,25,1,0,0,5,False,phantom,rifle,,0.6911,0.4511,Jamppi,Team Vitality,kayo,True,100,25,1,2,1,7,False,vandal,rifle,,0.4900,0.4478,Sayonara,Team Vitality,sova,True,100,25,1,2,0,2,False,phantom,rifle,,0.7567,0.3556,PROFEK,Team Vitality,astra,True,100,25,1,0,0,6,False,phantom,rifle,,0.8667,0.2744
2431.663,4807,ACTIVE_ROUND,16,10,7,65.000,,,s0pp,FUT Esports,chamber,True,95,40,0,8,0,7,True,operator,sniper,,0.4522,0.9267,xeus,FUT Esports,jett,True,100,50,2,1,1,7,True,phantom,rifle,,0.3611,0.7278,sociablEE,FUT Esports,fade,True,100,50,1,1,0,4,False,phantom,rifle,,0.7756,0.6467,yetujey,FUT Esports,astra,True,100,50,1,1,1,7,True,phantom,rifle,,0.6733,0.7211,KROSTALY,FUT Esports,kayo,True,100,50,1,2,1,7,False,vandal,rifle,,0.9067,0.5578,Chronicle,Team Vitality,chamber,True,100,25,0,4,1,6,False,guardian,rifle,,0.1111,0.5689,Derke,Team Vitality,neon,True,70,25,1,0,0,5,False,phantom,rifle,,0.6911,0.4511,Jamppi,Team Vitality,kayo,True,100,25,1,2,1,7,False,vandal,rifle,,0.4900,0.4500,Sayonara,Team Vitality,sova,True,100,25,1,2,0,2,False,phantom,rifle,,0.7567,0.3578,PROFEK,Team Vitality,astra,True,100,25,1,0,0,6,False,phantom,rifle,,0.8667,0.2744
2432.146,4808,ACTIVE_ROUND,16,10,7,65.000,,,s0pp,FUT Esports,chamber,True,95,40,0,8,1,7,True,operator,sniper,,0.4522,0.9267,xeus,FUT Esports,jett,True,100,50,2,1,1,7,True,phantom,rifle,,0.5922,0.5300,sociablEE,FUT Esports,fade,True,100,50,1,1,0,4,False,phantom,rifle,,0.7711,0.6600,yetujey,FUT Esports,astra,True,100,50,1,1,1,7,True,phantom,rifle,,0.6733,0.7211,KROSTALY,FUT Esports,kayo,True,100,50,1,2,1,7,False,vandal,rifle,,0.9067,0.5578,Chronicle,Team Vitality,chamber,True,100,25,0,4,1,6,False,guardian,rifle,,0.1111,0.5689,Derke,Team Vitality,neon,True,70,25,1,0,0,5,False,phantom,rifle,,0.6911,0.4511,Jamppi,Team Vitality,kayo,True,100,25,1,2,1,7,False,vandal,rifle,,0.4900,0.4500,Sayonara,Team Vitality,sova,True,100,25,1,2,0,2,False,phantom,rifle,,0.7567,0.3578,PROFEK,Team Vitality,astra,True,100,25,0,0,0,6,False,phantom,rifle,,0.8667,0.2744
2432.630,4809,ACTIVE_ROUND,16,10,7,64.000,,,s0pp,FUT Esports,chamber,True,95,40,0,8,1,7,True,operator,sniper,,0.4522,0.9267,xeus,FUT Esports,jett,True,100,50,2,1,1,7,True,phantom,rifle,,0.3611,0.7144,sociablEE,FUT Esports,fade,True,100,50,1,1,0,4,False,phantom,rifle,,0.7667,0.6733,yetujey,FUT Esports,astra,True,100,50,1,1,1,7,True,phantom,rifle,,0.6733,0.7211,KROSTALY,FUT Esports,kayo,True,100,50,1,2,1,7,False,vandal,rifle,,0.9200,0.5422,Chronicle,Team Vitality,chamber,True,100,25,0,4,1,6,False,guardian,rifle,,0.1111,0.5689,Derke,Team Vitality,neon,True,70,25,1,0,0,5,False,phantom,rifle,,0.6911,0.4511,Jamppi,Team Vitality,kayo,True,100,25,1,2,1,7,False,vandal,rifle,,0.6722,0.4700,Sayonara,Team Vitality,sova,True,100,25,1,2,0,2,False,phantom,rifle,,0.7567,0.3578,PROFEK,Team Vitality,astra,True,100,25,0,0,0,6,False,phantom,rifle,,0.8667,0.2744
2433.114,4810,ACTIVE_ROUND,16,10,7,64.000,,,s0pp,FUT Esports,chamber,True,95,40,0,8,1,7,True,operator,sniper,,0.7033,0.3733,xeus,FUT Esports,jett,True,100,50,2,1,1,7,True,phantom,rifle,,0.7344,0.6656,sociablEE,FUT Esports,fade,True,100,50,1,1,0,4,False,phantom,rifle,,0.7600,0.6867,yetujey,FUT Esports,astra,True,100,50,1,1,1,7,True,phantom,rifle,,0.6733,0.7211,KROSTALY,FUT Esports,kayo,True,100,50,1,2,1,7,False,vandal,rifle,,0.9200,0.5422,Chronicle,Team Vitality,chamber,True,100,25,0,4,1,6,False,guardian,rifle,,0.1111,0.5689,Derke,Team Vitality,neon,True,70,25,1,0,0,5,False,phantom,rifle,,0.6911,0.4511,Jamppi,Team Vitality,kayo,True,100,25,1,2,1,7,False,vandal,rifle,,0.6722,0.4700,Sayonara,Team Vitality,sova,True,100,25,1,2,0,2,False,phantom,rifle,,0.7567,0.3578,PROFEK,Team Vitality,astra,True,100,25,0,0,0,6,False,phantom,rifle,,0.8667,0.2744
2433.598,4811,ACTIVE_ROUND,16,10,7,63.000,,,s0pp,FUT Esports,chamber,True,95,40,0,8,1,7,True,operator,sniper,,0.7033,0.3733,xeus,FUT Esports,jett,True,100,50,2,1,1,7,True,phantom,rifle,,0.6922,0.4833,sociablEE,FUT Esports,fade,True,100,50,1,1,0,4,False,phantom,rifle,,0.7511,0.7089,yetujey,FUT Esports,astra,True,100,50,1,1,1,7,True,phantom,rifle,,0.6733,0.7211,KROSTALY,FUT Esports,kayo,True,100,50,1,2,1,7,False,vandal,rifle,,0.9200,0.5422,Chronicle,Team Vitality,chamber,True,100,25,0,4,1,6,False,guardian,rifle,,0.1111,0.5689,Derke,Team Vitality,neon,True,70,25,1,0,0,5,False,phantom,rifle,,0.6911,0.4511,Jamppi,Team Vitality,kayo,True,100,25,1,2,1,7,False,vandal,rifle,,0.4900,0.4500,Sayonara,Team Vitality,sova,True,100,25,1,2,0,2,False,phantom,rifle,,0.7567,0.3578,PROFEK,Team Vitality,astra,True,100,25,0,0,0,6,False,phantom,rifle,,0.8667,0.2744
2434.082,4812,ACTIVE_ROUND,16,10,7,63.000,,,s0pp,FUT Esports,chamber,True,95,40,0,8,1,7,True,operator,sniper,,0.7033,0.3733,xeus,FUT Esports,jett,True,100,50,2,1,1,7,True,phantom,rifle,,0.3611,0.7144,sociablEE,FUT Esports,fade,True,100,50,1,1,0,4,False,phantom,rifle,,0.7422,0.7311,yetujey,FUT Esports,astra,True,100,50,1,3,0,7,True,phantom,rifle,,0.6733,0.7211,KROSTALY,FUT Esports,kayo,True,100,50,1,2,1,7,False,vandal,rifle,,0.9200,0.5422,Chronicle,Team Vitality,chamber,True,100,25,0,4,1,6,False,guardian,rifle,,0.1111,0.5689,Derke,Team Vitality,neon,True,70,25,1,0,0,5,False,phantom,rifle,,0.6911,0.4511,Jamppi,Team Vitality,kayo,True,100,25,1,2,1,7,False,vandal,rifle,,0.4878,0.4567,Sayonara,Team Vitality,sova,True,100,25,1,2,0,2,False,phantom,rifle,,0.7567,0.3578,PROFEK,Team Vitality,astra,True,100,25,0,0,0,6,False,phantom,rifle,,0.8667,0.2744
2434.565,4813,ACTIVE_ROUND,16,10,7,62.000,,,s0pp,FUT Esports,chamber,True,95,40,0,8,1,7,True,operator,sniper,,0.8611,0.5133,xeus,FUT Esports,jett,True,100,50,2,1,1,7,True,phantom,rifle,,0.7278,0.7144,sociablEE,FUT Esports,fade,True,100,50,1,1,0,4,False,phantom,rifle,,0.7289,0.7467,yetujey,FUT Esports,astra,True,100,50,1,3,0,7,True,phantom,rifle,,0.6733,0.7211,KROSTALY,FUT Esports,kayo,True,100,50,1,2,1,7,False,vandal,rifle,,0.9200,0.5422,Chronicle,Team Vitality,chamber,True,100,25,0,4,1,6,False,guardian,rifle,,0.1111,0.5689,Derke,Team Vitality,neon,True,70,25,1,0,0,5,False,phantom,rifle,,0.6911,0.4511,Jamppi,Team Vitality,kayo,True,100,25,1,2,1,7,False,vandal,rifle,,0.4811,0.4656,Sayonara,Team Vitality,sova,True,100,25,1,2,0,2,False,phantom,rifle,,0.7567,0.3578,PROFEK,Team Vitality,astra,True,100,25,0,0,0,6,False,phantom,rifle,,0.8667,0.2744
2435.049,4814,ACTIVE_ROUND,16,10,7,62.000,,,s0pp,FUT Esports,chamber,True,95,40,0,8,1,7,True,operator,sniper,,0.6322,0.7733,xeus,FUT Esports,jett,True,100,50,2,1,1,7,True,phantom,rifle,,0.8722,0.5256,sociablEE,FUT Esports,fade,True,100,50,1,1,0,4,False,phantom,rifle,,0.7156,0.7600,yetujey,FUT Esports,astra,True,100,50,1,3,0,7,True,phantom,rifle,,0.6733,0.7211,KROSTALY,FUT Esports,kayo,True,100,50,1,2,1,7,False,vandal,rifle,,0.9200,0.5422,Chronicle,Team Vitality,chamber,True,100,25,0,4,1,6,False,guardian,rifle,,0.1111,0.5689,Derke,Team Vitality,neon,True,70,25,1,0,0,5,False,phantom,rifle,,0.6911,0.4511,Jamppi,Team Vitality,kayo,True,100,25,1,2,1,7,False,vandal,rifle,,0.4811,0.4589,Sayonara,Team Vitality,sova,True,100,25,1,2,0,2,False,phantom,rifle,,0.7122,0.4222,PROFEK,Team Vitality,astra,True,100,25,0,0,0,6,False,phantom,rifle,,0.8667,0.2744
2435.533,4815,ACTIVE_ROUND,16,10,7,61.000,,,s0pp,FUT Esports,chamber,True,95,40,0,8,1,7,True,operator,sniper,,0.7122,0.3733,xeus,FUT Esports,jett,True,100,50,2,1,1,7,True,phantom,rifle,,0.8722,0.5256,sociablEE,FUT Esports,fade,True,100,50,1,1,0,4,False,phantom,rifle,,0.7156,0.7600,yetujey,FUT Esports,astra,True,100,50,1,3,0,7,True,phantom,rifle,,0.6733,0.7211,KROSTALY,FUT Esports,kayo,True,100,50,1,2,1,7,False,vandal,rifle,,0.9200,0.5422,Chronicle,Team Vitality,chamber,True,100,25,0,4,1,6,False,guardian,rifle,,0.1111,0.5689,Derke,Team Vitality,neon,True,70,25,1,0,0,5,False,phantom,rifle,,0.6911,0.4511,Jamppi,Team Vitality,kayo,True,100,25,1,2,1,7,False,vandal,rifle,,0.6722,0.4700,Sayonara,Team Vitality,sova,True,100,25,1,2,0,2,False,phantom,rifle,,0.7100,0.4222,PROFEK,Team Vitality,astra,True,100,25,0,0,0,6,False,phantom,rifle,,0.8667,0.2744
2436.017,4816,ACTIVE_ROUND,16,10,7,61.000,,,s0pp,FUT Esports,chamber,True,95,40,0,8,1,7,True,operator,sniper,,0.8744,0.4889,xeus,FUT Esports,jett,True,100,50,2,1,1,7,True,phantom,rifle,,0.8811,0.5233,sociablEE,FUT Esports,fade,True,100,50,1,1,0,4,False,phantom,rifle,,0.7156,0.7600,yetujey,FUT Esports,astra,True,100,50,1,3,1,7,True,phantom,rifle,,0.6733,0.7211,KROSTALY,FUT Esports,kayo,True,100,50,1,2,1,7,True,vandal,rifle,,0.9200,0.5422,Chronicle,Team Vitality,chamber,True,100,25,0,4,1,6,False,classic,sidearm,,0.1111,0.5689,Derke,Team Vitality,neon,True,70,25,1,0,0,5,False,phantom,rifle,,0.6911,0.4511,Jamppi,Team Vitality,kayo,True,100,25,1,2,1,7,False,vandal,rifle,,0.4856,0.4522,Sayonara,Team Vitality,sova,True,100,25,1,2,0,2,False,phantom,rifle,,0.7122,0.4222,PROFEK,Team Vitality,astra,True,100,25,0,0,0,6,False,phantom,rifle,,0.8667,0.2744
2436.501,4817,ACTIVE_ROUND,16,10,7,60.000,,,s0pp,FUT Esports,chamber,True,95,40,0,8,1,7,True,operator,sniper,,0.8567,0.4822,xeus,FUT Esports,jett,True,100,50,2,1,1,7,True,phantom,rifle,,0.8967,0.5300,sociablEE,FUT Esports,fade,True,100,50,1,1,0,4,False,phantom,rifle,,0.7156,0.7600,yetujey,FUT Esports,astra,True,100,50,1,3,1,7,True,phantom,rifle,,0.6733,0.7211,KROSTALY,FUT Esports,kayo,True,100,50,1,2,1,7,True,vandal,rifle,,0.9200,0.5422,Chronicle,Team Vitality,chamber,True,100,25,0,4,1,6,False,classic,sidearm,,0.1111,0.5689,Derke,Team Vitality,neon,True,70,25,1,0,0,5,False,phantom,rifle,,0.6911,0.4511,Jamppi,Team Vitality,kayo,True,100,25,1,2,1,7,False,vandal,rifle,,0.4856,0.4500,Sayonara,Team Vitality,sova,True,100,25,1,2,0,2,False,phantom,rifle,,0.8500,0.2822,PROFEK,Team Vitality,astra,True,100,25,0,0,0,6,False,phantom,rifle,,0.8667,0.2744
2436.985,4818,ACTIVE_ROUND,16,10,7,60.000,,,s0pp,FUT Esports,chamber,True,95,40,0,8,1,7,True,operator,sniper,,0.7656,0.4889,xeus,FUT Esports,jett,True,100,50,2,1,1,7,True,phantom,rifle,,0.9056,0.5456,sociablEE,FUT Esports,fade,True,100,50,1,1,0,4,False,phantom,rifle,,0.7156,0.7600,yetujey,FUT Esports,astra,True,100,50,1,3,1,7,True,phantom,rifle,,0.6733,0.7211,KROSTALY,FUT Esports,kayo,True,100,50,1,2,1,7,True,vandal,rifle,,0.9200,0.5422,Chronicle,Team Vitality,chamber,True,100,25,0,4,1,6,False,classic,sidearm,,0.1111,0.5689,Derke,Team Vitality,neon,True,70,25,1,0,0,5,False,phantom,rifle,,0.6911,0.4511,Jamppi,Team Vitality,kayo,True,100,25,1,2,1,7,False,vandal,rifle,,0.4856,0.4500,Sayonara,Team Vitality,sova,True,100,25,1,2,0,2,False,phantom,rifle,,0.7144,0.4267,PROFEK,Team Vitality,astra,True,100,25,0,0,0,6,False,phantom,rifle,,0.8667,0.2744
2437.468,4819,ACTIVE_ROUND,16,10,7,59.000,,,s0pp,FUT Esports,chamber,True,95,40,0,8,1,7,True,operator,sniper,,0.8256,0.4644,xeus,FUT Esports,jett,True,100,50,2,1,1,7,True,phantom,rifle,,0.9011,0.5567,sociablEE,FUT Esports,fade,True,100,50,1,1,0,4,False,phantom,rifle,,0.7156,0.7600,yetujey,FUT Esports,astra,True,100,50,1,3,1,7,True,phantom,rifle,,0.6733,0.7211,KROSTALY,FUT Esports,kayo,True,100,50,1,2,1,7,True,vandal,rifle,,0.9200,0.5422,Chronicle,Team Vitality,chamber,True,100,25,0,4,1,6,False,classic,sidearm,,0.1111,0.5689,Derke,Team Vitality,neon,True,70,25,1,0,0,5,False,phantom,rifle,,0.6911,0.4511,Jamppi,Team Vitality,kayo,True,100,25,1,2,1,7,False,vandal,rifle,,0.4856,0.4500,Sayonara,Team Vitality,sova,True,100,25,1,2,0,2,False,phantom,rifle,,0.1278,0.5378,PROFEK,Team Vitality,astra,True,100,25,0,0,0,6,False,phantom,rifle,,0.8667,0.2744
2437.952,4820,ACTIVE_ROUND,16,10,7,59.000,,,s0pp,FUT Esports,chamber,True,95,40,0,8,1,7,True,operator,sniper,,0.8256,0.4511,xeus,FUT Esports,jett,True,100,50,2,1,1,7,True,phantom,rifle,,0.8922,0.5633,sociablEE,FUT Esports,fade,True,100,50,1,1,0,4,False,phantom,rifle,,0.7156,0.7600,yetujey,FUT Esports,astra,True,100,50,1,1,1,7,True,phantom,rifle,,0.6733,0.7211,KROSTALY,FUT Esports,kayo,True,100,50,1,2,1,7,True,vandal,rifle,,0.9200,0.5422,Chronicle,Team Vitality,chamber,True,100,25,0,4,1,6,False,guardian,rifle,,0.1111,0.5689,Derke,Team Vitality,neon,True,70,25,1,0,0,5,False,phantom,rifle,,0.6911,0.4511,Jamppi,Team Vitality,kayo,True,100,25,1,2,1,7,False,vandal,rifle,,0.4878,0.4567,Sayonara,Team Vitality,sova,True,100,25,1,2,0,2,False,phantom,rifle,,0.7033,0.4156,PROFEK,Team Vitality,astra,True,100,25,0,0,0,6,False,phantom,rifle,,0.8667,0.2744
2438.436,4821,ACTIVE_ROUND,16,10,7,58.000,,,s0pp,FUT Esports,chamber,True,95,40,0,8,1,7,True,operator,sniper,,0.7122,0.3733,xeus,FUT Esports,jett,True,100,50,2,1,1,7,True,phantom,rifle,,0.8767,0.5700,sociablEE,FUT Esports,fade,True,100,50,1,1,0,4,False,phantom,rifle,,0.7156,0.7600,yetujey,FUT Esports,astra,True,100,50,1,1,1,7,True,phantom,rifle,,0.6733,0.7211,KROSTALY,FUT Esports,kayo,True,100,50,1,2,1,7,True,vandal,rifle,,0.9200,0.5422,Chronicle,Team Vitality,chamber,True,100,25,0,4,1,6,False,guardian,rifle,,0.1111,0.5689,Derke,Team Vitality,neon,True,70,25,1,0,0,5,False,phantom,rifle,,0.6911,0.4511,Jamppi,Team Vitality,kayo,True,100,25,1,2,1,7,False,vandal,rifle,,0.4900,0.4611,Sayonara,Team Vitality,sova,True,100,25,1,2,0,2,False,phantom,rifle,,0.7100,0.4222,PROFEK,Team Vitality,astra,True,100,25,0,0,0,6,False,phantom,rifle,,0.8667,0.2744
2438.920,4822,ACTIVE_ROUND,16,10,7,58.000,,,s0pp,FUT Esports,chamber,True,95,40,0,8,1,7,True,operator,sniper,,0.7767,0.4356,xeus,FUT Esports,jett,True,100,50,2,1,1,7,True,phantom,rifle,,0.8678,0.5767,sociablEE,FUT Esports,fade,True,100,50,1,1,0,4,False,phantom,rifle,,0.7156,0.7600,yetujey,FUT Esports,astra,True,100,50,1,1,1,7,True,phantom,rifle,,0.6733,0.7211,KROSTALY,FUT Esports,kayo,True,100,50,1,2,1,7,True,vandal,rifle,,0.9200,0.5422,Chronicle,Team Vitality,chamber,True,100,25,0,4,1,6,False,guardian,rifle,,0.1111,0.5689,Derke,Team Vitality,neon,True,70,25,1,0,0,5,False,phantom,rifle,,0.6933,0.4511,Jamppi,Team Vitality,kayo,True,100,25,1,2,1,7,False,vandal,rifle,,0.4833,0.4678,Sayonara,Team Vitality,sova,True,100,25,1,2,0,2,False,phantom,rifle,,0.7967,0.3533,PROFEK,Team Vitality,astra,True,100,25,0,0,0,6,False,phantom,rifle,,0.8667,0.2744
2439.404,4823,ACTIVE_ROUND,16,10,7,57.000,,,s0pp,FUT Esports,chamber,True,95,40,0,8,1,7,True,operator,sniper,,0.7767,0.4356,xeus,FUT Esports,jett,True,100,50,2,1,1,7,True,phantom,rifle,,0.8567,0.5833,sociablEE,FUT Esports,fade,True,100,50,1,1,0,4,False,phantom,rifle,,0.6689,0.7289,yetujey,FUT Esports,astra,True,100,50,1,1,1,7,True,phantom,rifle,,0.6733,0.7211,KROSTALY,FUT Esports,kayo,True,100,50,1,2,1,7,True,vandal,rifle,,0.9200,0.5422,Chronicle,Team Vitality,chamber,True,100,25,0,4,1,6,False,guardian,rifle,,0.1111,0.5689,Derke,Team Vitality,neon,True,70,25,1,0,0,5,False,phantom,rifle,,0.6933,0.4511,Jamppi,Team Vitality,kayo,True,100,25,1,2,1,7,False,vandal,rifle,,0.4833,0.4789,Sayonara,Team Vitality,sova,True,100,25,1,2,0,2,False,phantom,rifle,,0.7478,0.3733,PROFEK,Team Vitality,astra,True,100,25,0,0,0,6,False,phantom,rifle,,0.8778,0.2767
2439.887,4824,ACTIVE_ROUND,16,10,7,57.000,,,s0pp,FUT Esports,chamber,True,95,40,0,8,1,7,True,operator,sniper,,0.7767,0.4356,xeus,FUT Esports,jett,True,100,50,2,1,1,7,True,phantom,rifle,,0.8433,0.5900,sociablEE,FUT Esports,fade,True,100,50,1,1,0,4,False,phantom,rifle,,0.6667,0.7267,yetujey,FUT Esports,astra,True,100,50,1,3,0,7,True,phantom,rifle,,0.6733,0.7211,KROSTALY,FUT Esports,kayo,True,100,50,1,2,1,7,True,vandal,rifle,,0.9200,0.5422,Chronicle,Team Vitality,chamber,True,100,25,0,4,1,6,False,classic,sidearm,,0.1111,0.5689,Derke,Team Vitality,neon,True,70,25,1,0,0,5,False,phantom,rifle,,0.6933,0.4511,Jamppi,Team Vitality,kayo,True,100,25,1,2,1,7,False,vandal,rifle,,0.4856,0.4900,Sayonara,Team Vitality,sova,True,100,25,1,2,0,2,False,phantom,rifle,,0.8744,0.2356,PROFEK,Team Vitality,astra,True,100,25,0,0,0,6,False,phantom,rifle,,0.8778,0.2767
2440.371,4825,ACTIVE_ROUND,16,10,7,56.000,,,s0pp,FUT Esports,chamber,True,95,40,0,8,1,7,True,operator,sniper,,0.5878,0.7333,xeus,FUT Esports,jett,True,100,50,2,1,1,7,True,phantom,rifle,,0.8300,0.5944,sociablEE,FUT Esports,fade,True,100,50,1,1,0,4,False,phantom,rifle,,0.6600,0.7289,yetujey,FUT Esports,astra,True,100,50,1,3,0,7,True,phantom,rifle,,0.6733,0.7211,KROSTALY,FUT Esports,kayo,True,100,50,1,2,1,7,True,vandal,rifle,,0.9200,0.5422,Chronicle,Team Vitality,chamber,True,100,25,0,4,1,6,False,classic,sidearm,,0.1111,0.5689,Derke,Team Vitality,neon,True,70,25,1,0,0,5,False,phantom,rifle,,0.6933,0.4511,Jamppi,Team Vitality,kayo,True,100,25,1,2,1,7,False,vandal,rifle,,0.4878,0.5011,Sayonara,Team Vitality,sova,True,100,25,1,2,0,2,False,phantom,rifle,,0.7100,0.3978,PROFEK,Team Vitality,astra,True,100,25,0,0,0,6,False,phantom,rifle,,0.8778,0.2456
2440.855,4826,ACTIVE_ROUND,16,10,7,56.000,,,s0pp,FUT Esports,chamber,True,95,40,0,8,1,7,True,operator,sniper,,0.7389,0.6222,xeus,FUT Esports,jett,True,100,50,2,1,1,7,True,phantom,rifle,,0.8167,0.6011,sociablEE,FUT Esports,fade,True,100,50,1,1,0,4,False,phantom,rifle,,0.6556,0.7289,yetujey,FUT Esports,astra,True,100,50,1,3,0,7,True,phantom,rifle,,0.6733,0.7211,KROSTALY,FUT Esports,kayo,True,100,50,1,2,1,7,True,vandal,rifle,,0.9200,0.5422,Chronicle,Team Vitality,chamber,True,100,25,0,4,1,6,False,classic,sidearm,,0.1111,0.5689,Derke,Team Vitality,neon,True,70,25,1,0,0,5,False,phantom,rifle,,0.6933,0.4511,Jamppi,Team Vitality,kayo,True,100,25,1,2,1,7,False,vandal,rifle,,0.4944,0.5100,Sayonara,Team Vitality,sova,True,100,25,1,2,0,2,False,phantom,rifle,,0.5322,0.5067,PROFEK,Team Vitality,astra,True,100,25,0,0,0,6,False,phantom,rifle,,0.8778,0.2456
2441.339,4827,ACTIVE_ROUND,16,10,7,55.000,,,s0pp,FUT Esports,chamber,True,95,40,0,8,1,7,True,operator,sniper,,0.7300,0.6356,xeus,FUT Esports,jett,True,100,50,2,1,1,7,True,phantom,rifle,,0.8056,0.6078,sociablEE,FUT Esports,fade,True,100,50,1,1,0,4,False,phantom,rifle,,0.6556,0.7289,yetujey,FUT Esports,astra,True,100,50,1,3,0,7,True,phantom,rifle,,0.6733,0.7211,KROSTALY,FUT Esports,kayo,True,100,50,1,2,1,7,True,vandal,rifle,,0.9200,0.5422,Chronicle,Team Vitality,chamber,True,100,25,0,4,1,6,False,classic,sidearm,,0.1111,0.5689,Derke,Team Vitality,neon,True,70,25,1,0,0,5,False,phantom,rifle,,0.6933,0.4511,Jamppi,Team Vitality,kayo,True,100,25,1,2,1,7,False,vandal,rifle,,0.5011,0.5144,Sayonara,Team Vitality,sova,True,100,25,1,2,0,2,False,phantom,rifle,,0.7122,0.4133,PROFEK,Team Vitality,astra,True,100,25,0,0,0,6,False,phantom,rifle,,0.8778,0.2456
2441.823,4828,ACTIVE_ROUND,16,10,7,55.000,,,s0pp,FUT Esports,chamber,True,95,40,0,8,1,7,True,operator,sniper,,0.7167,0.6356,xeus,FUT Esports,jett,True,100,50,2,1,1,7,True,phantom,rifle,,0.7944,0.6167,sociablEE,FUT Esports,fade,True,100,50,1,1,0,4,False,phantom,rifle,,0.6511,0.7289,yetujey,FUT Esports,astra,True,100,50,1,3,0,7,True,phantom,rifle,,0.6733,0.7211,KROSTALY,FUT Esports,kayo,True,100,50,1,2,1,7,True,vandal,rifle,,0.9200,0.5422,Chronicle,Team Vitality,chamber,True,100,25,0,4,1,6,False,classic,sidearm,,0.1111,0.5689,Derke,Team Vitality,neon,True,70,25,1,0,0,5,False,phantom,rifle,,0.6933,0.4511,Jamppi,Team Vitality,kayo,True,100,25,1,2,1,7,False,vandal,rifle,,0.5122,0.5189,Sayonara,Team Vitality,sova,True,100,25,1,2,0,2,False,phantom,rifle,,0.7122,0.4311,PROFEK,Team Vitality,astra,True,100,25,1,0,0,6,False,phantom,rifle,,0.8778,0.2456
2442.307,4829,ACTIVE_ROUND,16,10,7,54.000,,,s0pp,FUT Esports,chamber,True,95,40,0,8,1,7,True,operator,sniper,,0.7167,0.6356,xeus,FUT Esports,jett,True,100,50,2,1,1,7,True,phantom,rifle,,0.7856,0.6278,sociablEE,FUT Esports,fade,True,100,50,1,1,0,4,False,phantom,rifle,,0.6533,0.7267,yetujey,FUT Esports,astra,True,100,50,1,3,0,7,True,phantom,rifle,,0.6733,0.7211,KROSTALY,FUT Esports,kayo,True,100,50,1,2,1,7,True,vandal,rifle,,0.9200,0.5422,Chronicle,Team Vitality,chamber,True,100,25,0,4,1,6,False,classic,sidearm,,0.1111,0.5689,Derke,Team Vitality,neon,True,70,25,1,0,0,5,False,phantom,rifle,,0.6933,0.4511,Jamppi,Team Vitality,kayo,True,100,25,1,2,1,7,False,vandal,rifle,,0.6722,0.4922,Sayonara,Team Vitality,sova,True,100,25,1,2,0,2,False,phantom,rifle,,0.8900,0.2422,PROFEK,Team Vitality,astra,True,100,25,1,0,0,6,False,phantom,rifle,,0.8778,0.2456
2442.790,4830,ACTIVE_ROUND,16,10,7,54.000,,,s0pp,FUT Esports,chamber,True,95,40,0,8,1,7,True,operator,sniper,,0.7767,0.4156,xeus,FUT Esports,jett,True,100,50,2,1,1,7,True,phantom,rifle,,0.7789,0.6389,sociablEE,FUT Esports,fade,True,100,50,1,1,0,4,False,phantom,rifle,,0.6533,0.7267,yetujey,FUT Esports,astra,True,100,50,1,3,0,7,True,phantom,rifle,,0.6733,0.7211,KROSTALY,FUT Esports,kayo,True,100,50,1,2,1,7,True,vandal,rifle,,0.9200,0.5422,Chronicle,Team Vitality,chamber,True,100,25,0,4,1,6,False,classic,sidearm,,0.1111,0.5689,Derke,Team Vitality,neon,True,70,25,1,0,0,5,False,phantom,rifle,,0.6933,0.4511,Jamppi,Team Vitality,kayo,True,100,25,1,2,1,7,False,vandal,rifle,,0.5167,0.5233,Sayonara,Team Vitality,sova,True,100,25,1,2,0,2,False,phantom,rifle,,0.7122,0.4244,PROFEK,Team Vitality,astra,True,100,25,1,0,0,6,False,phantom,rifle,,0.8778,0.2456
2443.274,4831,ACTIVE_ROUND,16,10,7,53.000,,,s0pp,FUT Esports,chamber,True,95,40,0,8,1,7,True,operator,sniper,,0.5789,0.7200,xeus,FUT Esports,jett,True,100,50,2,1,1,7,True,phantom,rifle,,0.7767,0.6522,sociablEE,FUT Esports,fade,True,100,50,1,1,0,4,False,phantom,rifle,,0.6533,0.7267,yetujey,FUT Esports,astra,True,100,50,1,3,0,7,True,phantom,rifle,,0.6733,0.7211,KROSTALY,FUT Esports,kayo,True,100,50,1,2,1,7,True,vandal,rifle,,0.9200,0.5422,Chronicle,Team Vitality,chamber,True,100,25,0,4,1,6,False,classic,sidearm,,0.1111,0.5689,Derke,Team Vitality,neon,True,70,25,1,0,0,5,False,phantom,rifle,,0.6933,0.4511,Jamppi,Team Vitality,kayo,True,100,25,1,2,1,7,False,vandal,rifle,,0.5167,0.5233,Sayonara,Team Vitality,sova,True,100,25,1,2,0,2,False,phantom,rifle,,0.8989,0.2489,PROFEK,Team Vitality,astra,True,100,25,1,0,0,6,False,phantom,rifle,,0.8778,0.2456
2443.758,4832,ACTIVE_ROUND,16,10,7,53.000,,,s0pp,FUT Esports,chamber,True,95,40,0,8,1,7,True,operator,sniper,,0.5789,0.7067,xeus,FUT Esports,jett,True,100,50,2,1,1,7,True,phantom,rifle,,0.7700,0.6656,sociablEE,FUT Esports,fade,True,100,50,1,1,0,4,False,phantom,rifle,,0.6533,0.7267,yetujey,FUT Esports,astra,True,100,50,1,3,1,7,True,phantom,rifle,,0.6733,0.7211,KROSTALY,FUT Esports,kayo,True,100,50,1,2,1,7,True,vandal,rifle,,0.9200,0.5422,Chronicle,Team Vitality,chamber,True,100,25,0,4,1,6,False,classic,sidearm,,0.1111,0.5689,Derke,Team Vitality,neon,True,70,25,1,0,0,5,False,phantom,rifle,,0.6933,0.4511,Jamppi,Team Vitality,kayo,True,100,25,1,2,1,7,False,vandal,rifle,,0.5189,0.5211,Sayonara,Team Vitality,sova,True,100,25,0,2,0,2,False,phantom,rifle,,0.8989,0.2489,PROFEK,Team Vitality,astra,True,100,25,0,0,0,6,False,phantom,rifle,,0.8778,0.2456
2444.242,4833,ACTIVE_ROUND,16,10,7,52.000,,,s0pp,FUT Esports,chamber,True,95,40,0,8,1,7,True,operator,sniper,,0.5567,0.7222,xeus,FUT Esports,jett,True,100,50,2,1,1,7,True,phantom,rifle,,0.7656,0.6789,sociablEE,FUT Esports,fade,True,100,50,1,1,0,4,False,phantom,rifle,,0.6533,0.7267,yetujey,FUT Esports,astra,True,100,50,1,3,1,7,True,phantom,rifle,,0.6733,0.7211,KROSTALY,FUT Esports,kayo,True,100,50,1,2,1,7,True,vandal,rifle,,0.9200,0.5422,Chronicle,Team Vitality,chamber,True,100,25,0,4,1,6,False,classic,sidearm,,0.1111,0.5689,Derke,Team Vitality,neon,True,70,25,1,0,0,5,False,phantom,rifle,,0.6933,0.4511,Jamppi,Team Vitality,kayo,True,100,25,1,2,1,7,False,vandal,rifle,,0.5211,0.5189,Sayonara,Team Vitality,sova,True,100,25,0,2,0,2,False,phantom,rifle,,0.7122,0.4244,PROFEK,Team Vitality,astra,True,100,25,0,0,0,6,False,phantom,rifle,,0.8778,0.2456
2444.726,4834,ACTIVE_ROUND,16,10,7,52.000,,,s0pp,FUT Esports,chamber,True,95,40,0,8,1,7,True,operator,sniper,,0.5567,0.7222,xeus,FUT Esports,jett,True,100,50,2,1,1,7,True,phantom,rifle,,0.7611,0.6922,sociablEE,FUT Esports,fade,True,100,50,1,1,0,4,False,phantom,rifle,,0.6022,0.6778,yetujey,FUT Esports,astra,True,100,50,1,3,1,7,True,phantom,rifle,,0.6733,0.7211,KROSTALY,FUT Esports,kayo,True,100,50,1,2,1,7,True,vandal,rifle,,0.9200,0.5422,Chronicle,Team Vitality,chamber,True,100,25,0,4,1,6,False,classic,sidearm,,0.1111,0.5689,Derke,Team Vitality,neon,True,70,25,1,0,0,5,False,phantom,rifle,,0.6933,0.4511,Jamppi,Team Vitality,kayo,True,100,25,1,2,1,7,False,vandal,rifle,,0.5278,0.5189,Sayonara,Team Vitality,sova,True,100,25,0,2,0,2,False,phantom,rifle,,0.9011,0.2533,PROFEK,Team Vitality,astra,True,100,25,0,0,0,6,False,phantom,rifle,,0.8778,0.2456
2445.209,4835,ACTIVE_ROUND,16,10,7,51.000,,,s0pp,FUT Esports,chamber,True,95,40,0,8,1,7,True,operator,sniper,,0.5567,0.7222,xeus,FUT Esports,jett,True,100,50,2,1,1,7,True,phantom,rifle,,0.7522,0.7078,sociablEE,FUT Esports,fade,True,100,50,1,1,0,4,False,phantom,rifle,,0.6022,0.6778,yetujey,FUT Esports,astra,True,100,50,1,3,1,7,True,phantom,rifle,,0.6733,0.7211,KROSTALY,FUT Esports,kayo,True,100,50,1,2,1,7,True,vandal,rifle,,0.9200,0.5422,Chronicle,Team Vitality,chamber,True,100,25,0,4,1,6,False,classic,sidearm,,0.1111,0.5689,Derke,Team Vitality,neon,True,70,25,1,0,0,5,False,phantom,rifle,,0.6933,0.4511,Jamppi,Team Vitality,kayo,True,100,25,1,2,1,7,False,vandal,rifle,,0.1011,0.5256,Sayonara,Team Vitality,sova,False,,25,0,2,0,2,False,phantom,rifle,,0.9011,0.2533,PROFEK,Team Vitality,astra,True,100,25,0,0,0,6,False,phantom,rifle,,0.9200,0.2833
2445.693,4836,ACTIVE_ROUND,16,10,7,51.000,,,s0pp,FUT Esports,chamber,True,95,40,0,8,1,7,True,operator,sniper,,0.5567,0.7222,xeus,FUT Esports,jett,True,100,50,2,1,1,7,True,phantom,rifle,,0.7411,0.7278,sociablEE,FUT Esports,fade,True,100,50,0,1,0,4,False,classic,sidearm,,0.6022,0.6778,yetujey,FUT Esports,astra,True,100,50,1,1,1,7,True,phantom,rifle,,0.6733,0.7211,KROSTALY,FUT Esports,kayo,True,100,50,1,2,1,7,True,vandal,rifle,,0.9200,0.5422,Chronicle,Team Vitality,chamber,True,100,25,0,4,1,6,False,guardian,rifle,,0.1111,0.5689,Derke,Team Vitality,neon,True,70,25,0,0,0,5,False,unknown,unknown,,0.6933,0.4511,Jamppi,Team Vitality,kayo,True,100,25,1,2,1,7,False,vandal,rifle,,0.5367,0.5211,Sayonara,Team Vitality,sova,False,,25,0,2,0,2,False,phantom,rifle,,,,PROFEK,Team Vitality,astra,True,100,25,0,0,0,6,False,phantom,rifle,,0.9200,0.2878
2446.177,4837,ACTIVE_ROUND,16,10,7,50.000,,,s0pp,FUT Esports,chamber,True,95,40,0,8,1,7,True,operator,sniper,,0.5567,0.7222,xeus,FUT Esports,jett,True,100,50,2,1,1,7,True,phantom,rifle,,0.7278,0.7478,sociablEE,FUT Esports,fade,True,100,50,0,1,0,4,False,classic,sidearm,,0.6178,0.6911,yetujey,FUT Esports,astra,True,100,50,1,1,1,7,True,phantom,rifle,,0.6733,0.7211,KROSTALY,FUT Esports,kayo,True,100,50,1,2,1,7,True,vandal,rifle,,0.9200,0.5422,Chronicle,Team Vitality,chamber,True,100,25,0,4,1,6,False,guardian,rifle,,0.1111,0.5689,Derke,Team Vitality,neon,False,,25,0,0,0,5,False,unknown,unknown,,0.6933,0.4511,Jamppi,Team Vitality,kayo,True,100,25,1,2,1,7,False,vandal,rifle,,0.6611,0.5167,Sayonara,Team Vitality,sova,False,,25,0,2,0,2,False,phantom,rifle,,,,PROFEK,Team Vitality,astra,True,100,25,0,0,0,6,False,phantom,rifle,,0.9111,0.2900
2446.661,4838,ACTIVE_ROUND,16,10,7,50.000,,,s0pp,FUT Esports,chamber,True,95,40,0,8,1,7,True,operator,sniper,,0.5567,0.7222,xeus,FUT Esports,jett,True,100,50,2,1,1,7,True,phantom,rifle,,0.8167,0.2856,sociablEE,FUT Esports,fade,True,100,50,0,1,0,4,False,classic,sidearm,,0.6178,0.6689,yetujey,FUT Esports,astra,True,100,50,1,1,1,7,True,phantom,rifle,,0.6733,0.7211,KROSTALY,FUT Esports,kayo,True,100,50,1,2,1,7,True,vandal,rifle,,0.9200,0.5422,Chronicle,Team Vitality,chamber,True,100,25,0,4,1,6,False,guardian,rifle,,0.1133,0.5733,Derke,Team Vitality,neon,False,,25,0,0,0,5,False,unknown,unknown,,,,Jamppi,Team Vitality,kayo,True,100,25,1,2,1,7,False,vandal,rifle,,0.5433,0.5411,Sayonara,Team Vitality,sova,False,,25,0,2,0,2,False,phantom,rifle,,,,PROFEK,Team Vitality,astra,True,100,25,0,0,0,6,False,phantom,rifle,,0.9133,0.2944
2447.145,4839,ACTIVE_ROUND,16,10,7,50.000,,,s0pp,FUT Esports,chamber,True,95,40,0,8,1,7,True,operator,sniper,,0.5567,0.7222,xeus,FUT Esports,jett,True,100,50,2,1,1,7,True,phantom,rifle,,0.6878,0.7633,sociablEE,FUT Esports,fade,True,100,50,0,1,0,4,False,classic,sidearm,,0.6200,0.6444,yetujey,FUT Esports,astra,True,100,50,1,1,1,7,True,phantom,rifle,,0.6733,0.7211,KROSTALY,FUT Esports,kayo,True,100,50,1,2,1,7,True,vandal,rifle,,0.9200,0.5422,Chronicle,Team Vitality,chamber,True,100,25,0,4,1,6,False,guardian,rifle,,0.1222,0.5667,Derke,Team Vitality,neon,False,,25,0,0,0,5,False,unknown,unknown,,,,Jamppi,Team Vitality,kayo,True,100,25,1,2,1,7,False,vandal,rifle,,0.5322,0.5500,Sayonara,Team Vitality,sova,False,,25,0,2,0,2,False,phantom,rifle,,,,PROFEK,Team Vitality,astra,True,100,25,0,0,0,6,False,phantom,rifle,,0.9133,0.2967
2447.629,4840,ACTIVE_ROUND,16,10,7,49.000,,,s0pp,FUT Esports,chamber,True,95,40,0,7,1,7,True,operator,sniper,,0.5567,0.7222,xeus,FUT Esports,jett,True,100,50,2,1,1,7,True,phantom,rifle,,0.6811,0.7433,sociablEE,FUT Esports,fade,True,100,50,0,1,0,4,False,classic,sidearm,,0.6222,0.6222,yetujey,FUT Esports,astra,True,100,50,1,1,0,7,True,phantom,rifle,,0.6733,0.7211,KROSTALY,FUT Esports,kayo,True,100,50,1,2,1,7,True,vandal,rifle,,0.9200,0.5422,Chronicle,Team Vitality,chamber,True,100,25,0,4,1,6,False,guardian,rifle,,0.1311,0.5511,Derke,Team Vitality,neon,False,,25,0,0,0,5,False,unknown,unknown,,,,Jamppi,Team Vitality,kayo,True,100,25,1,2,1,7,False,vandal,rifle,,0.5256,0.5544,Sayonara,Team Vitality,sova,False,,25,0,2,0,2,False,phantom,rifle,,,,PROFEK,Team Vitality,astra,True,100,25,0,0,0,6,False,phantom,rifle,,0.9111,0.2856
2448.112,4841,ACTIVE_ROUND,16,10,7,49.000,,,s0pp,FUT Esports,chamber,True,95,40,0,7,1,7,True,operator,sniper,,0.8011,0.3800,xeus,FUT Esports,jett,True,100,50,2,1,1,7,True,phantom,rifle,,0.6678,0.7256,sociablEE,FUT Esports,fade,True,100,50,0,1,0,4,False,classic,sidearm,,0.6222,0.6222,yetujey,FUT Esports,astra,True,100,50,1,1,0,7,True,phantom,rifle,,0.6733,0.7211,KROSTALY,FUT Esports,kayo,True,100,50,1,2,1,7,True,vandal,rifle,,0.9200,0.5422,Chronicle,Team Vitality,chamber,True,100,25,0,4,1,6,False,guardian,rifle,,0.1356,0.5289,Derke,Team Vitality,neon,False,,25,0,0,0,5,False,unknown,unknown,,,,Jamppi,Team Vitality,kayo,True,100,25,1,2,1,7,False,vandal,rifle,,0.5233,0.5700,Sayonara,Team Vitality,sova,False,,25,0,2,0,2,False,phantom,rifle,,,,PROFEK,Team Vitality,astra,True,100,25,0,0,0,6,False,phantom,rifle,,0.9022,0.2767
2448.596,4842,ACTIVE_ROUND,16,10,7,48.000,,,s0pp,FUT Esports,chamber,True,95,40,0,7,1,7,True,operator,sniper,,0.7478,0.6533,xeus,FUT Esports,jett,True,100,50,2,1,1,7,True,phantom,rifle,,0.5878,0.5611,sociablEE,FUT Esports,fade,True,100,50,0,1,0,4,False,classic,sidearm,,0.6222,0.6222,yetujey,FUT Esports,astra,True,100,50,1,1,0,7,True,phantom,rifle,,0.6733,0.7211,KROSTALY,FUT Esports,kayo,True,100,50,1,2,1,7,True,vandal,rifle,,0.9200,0.5422,Chronicle,Team Vitality,chamber,True,100,25,0,4,1,6,False,guardian,rifle,,0.1422,0.5067,Derke,Team Vitality,neon,False,,25,0,0,0,5,False,unknown,unknown,,,,Jamppi,Team Vitality,kayo,True,100,25,1,2,1,7,False,vandal,rifle,,0.5278,0.5811,Sayonara,Team Vitality,sova,False,,25,0,2,0,2,False,phantom,rifle,,,,PROFEK,Team Vitality,astra,True,100,25,0,0,0,6,False,phantom,rifle,,0.8911,0.2722
2449.080,4843,ACTIVE_ROUND,16,10,7,48.000,,,s0pp,FUT Esports,chamber,True,95,40,0,7,1,7,True,operator,sniper,,0.8167,0.3844,xeus,FUT Esports,jett,True,100,50,2,1,1,7,True,phantom,rifle,,0.6344,0.7144,sociablEE,FUT Esports,fade,True,100,50,0,1,0,4,False,classic,sidearm,,0.6222,0.6222,yetujey,FUT Esports,astra,True,100,50,1,1,0,7,True,phantom,rifle,,0.6733,0.7211,KROSTALY,FUT Esports,kayo,True,100,50,1,2,1,7,True,vandal,rifle,,0.9200,0.5422,Chronicle,Team Vitality,chamber,True,100,25,0,4,1,6,False,guardian,rifle,,0.1511,0.4911,Derke,Team Vitality,neon,False,,25,0,0,0,5,False,unknown,unknown,,,,Jamppi,Team Vitality,kayo,True,100,25,1,2,1,7,False,vandal,rifle,,0.5344,0.5878,Sayonara,Team Vitality,sova,False,,25,0,2,0,2,False,phantom,rifle,,,,PROFEK,Team Vitality,astra,True,100,25,0,0,0,6,False,phantom,rifle,,0.8822,0.2700
2449.564,4844,ACTIVE_ROUND,16,10,7,47.000,,,s0pp,FUT Esports,chamber,True,95,40,0,7,1,7,True,operator,sniper,,0.8322,0.3733,xeus,FUT Esports,jett,True,100,50,2,1,1,7,True,phantom,rifle,,0.6322,0.7122,sociablEE,FUT Esports,fade,True,100,50,0,1,0,4,False,phantom,rifle,,0.6356,0.5356,yetujey,FUT Esports,astra,True,100,50,1,1,0,7,True,phantom,rifle,,0.6733,0.7211,KROSTALY,FUT Esports,kayo,True,100,50,1,2,1,7,True,vandal,rifle,,0.9200,0.5422,Chronicle,Team Vitality,chamber,True,100,25,0,4,1,6,False,guardian,rifle,,0.1511,0.4911,Derke,Team Vitality,neon,False,,25,0,0,0,5,False,unknown,unknown,,,,Jamppi,Team Vitality,kayo,True,100,25,1,2,1,7,False,vandal,rifle,,0.5456,0.5878,Sayonara,Team Vitality,sova,False,,25,0,2,0,2,False,phantom,rifle,,,,PROFEK,Team Vitality,astra,True,100,25,0,0,0,6,False,phantom,rifle,,0.8822,0.2700
2450.048,4845,ACTIVE_ROUND,16,10,7,47.000,,,s0pp,FUT Esports,chamber,True,95,40,0,7,1,7,True,operator,sniper,,0.8456,0.3578,xeus,FUT Esports,jett,False,,50,2,1,1,7,True,phantom,rifle,,0.3611,0.7789,sociablEE,FUT Esports,fade,True,100,50,0,1,0,4,False,phantom,rifle,,0.6356,0.5356,yetujey,FUT Esports,astra,True,100,50,1,1,0,7,True,phantom,rifle,,0.6733,0.7211,KROSTALY,FUT Esports,kayo,True,100,50,1,2,1,7,True,vandal,rifle,,0.6422,0.5444,Chronicle,Team Vitality,chamber,True,100,25,0,4,1,6,False,guardian,rifle,,0.1511,0.4911,Derke,Team Vitality,neon,False,,25,0,0,0,5,False,unknown,unknown,,,,Jamppi,Team Vitality,kayo,True,100,25,1,2,1,7,False,vandal,rifle,,0.5478,0.5878,Sayonara,Team Vitality,sova,False,,25,0,2,0,2,False,phantom,rifle,,,,PROFEK,Team Vitality,astra,True,100,25,0,0,0,6,False,phantom,rifle,,0.8822,0.2700
2450.531,4846,ACTIVE_ROUND,16,10,7,46.000,,,s0pp,FUT Esports,chamber,True,95,40,0,7,1,7,True,operator,sniper,,0.8633,0.3511,xeus,FUT Esports,jett,False,,50,2,1,1,7,True,phantom,rifle,,,,sociablEE,FUT Esports,fade,True,100,50,0,1,0,4,False,phantom,rifle,,0.6756,0.5289,yetujey,FUT Esports,astra,True,100,50,1,1,0,7,True,phantom,rifle,,0.6733,0.7211,KROSTALY,FUT Esports,kayo,True,100,50,1,2,1,7,True,vandal,rifle,,0.6422,0.5444,Chronicle,Team Vitality,chamber,True,100,25,0,4,1,6,False,guardian,rifle,,0.1511,0.4911,Derke,Team Vitality,neon,False,,25,0,0,0,5,False,unknown,unknown,,,,Jamppi,Team Vitality,kayo,True,100,25,1,2,1,7,False,vandal,rifle,,0.5589,0.5967,Sayonara,Team Vitality,sova,False,,25,0,2,0,2,False,phantom,rifle,,,,PROFEK,Team Vitality,astra,True,100,25,0,0,0,6,False,phantom,rifle,,0.8822,0.2700
2451.015,4847,ACTIVE_ROUND,16,10,7,46.000,,,s0pp,FUT Esports,chamber,True,95,40,0,7,1,7,True,operator,sniper,,0.8722,0.3511,xeus,FUT Esports,jett,False,,50,2,1,1,7,True,phantom,rifle,,,,sociablEE,FUT Esports,fade,True,100,50,0,1,0,4,False,phantom,rifle,,0.6756,0.5289,yetujey,FUT Esports,astra,True,100,50,1,1,0,7,True,phantom,rifle,,0.8711,0.4767,KROSTALY,FUT Esports,kayo,True,100,50,1,2,1,7,True,vandal,rifle,,0.6778,0.5378,Chronicle,Team Vitality,chamber,True,100,25,0,4,1,6,False,guardian,rifle,,0.1511,0.4911,Derke,Team Vitality,neon,False,,25,0,0,0,5,False,unknown,unknown,,,,Jamppi,Team Vitality,kayo,True,100,25,1,2,1,7,False,vandal,rifle,,0.1722,0.4522,Sayonara,Team Vitality,sova,False,,25,0,2,0,2,False,phantom,rifle,,,,PROFEK,Team Vitality,astra,True,100,25,0,0,0,6,False,phantom,rifle,,0.8822,0.2700
2451.499,4848,ACTIVE_ROUND,16,10,7,45.000,,,s0pp,FUT Esports,chamber,True,95,40,0,7,1,7,True,operator,sniper,,0.8789,0.3422,xeus,FUT Esports,jett,False,,50,2,1,1,7,True,phantom,rifle,,,,sociablEE,FUT Esports,fade,True,100,50,0,1,0,4,False,phantom,rifle,,0.6756,0.5289,yetujey,FUT Esports,astra,True,100,50,1,0,0,7,True,phantom,rifle,,0.6511,0.6967,KROSTALY,FUT Esports,kayo,True,100,50,1,2,1,7,True,vandal,rifle,,0.6889,0.5222,Chronicle,Team Vitality,chamber,True,100,25,0,4,0,6,False,guardian,rifle,,0.2400,0.4489,Derke,Team Vitality,neon,False,,25,0,0,0,5,False,unknown,unknown,,,,Jamppi,Team Vitality,kayo,True,100,25,1,2,1,7,True,vandal,rifle,,0.8411,0.2589,Sayonara,Team Vitality,sova,False,,25,0,2,0,2,False,phantom,rifle,,,,PROFEK,Team Vitality,astra,True,100,25,0,0,0,6,False,phantom,rifle,,0.8822,0.2700
2451.983,4849,ACTIVE_ROUND,16,10,7,45.000,,,s0pp,FUT Esports,chamber,True,95,40,0,7,1,7,True,operator,sniper,,0.5700,0.7156,xeus,FUT Esports,jett,False,,50,2,1,1,7,True,phantom,rifle,,,,sociablEE,FUT Esports,fade,True,100,50,0,1,0,4,False,phantom,rifle,,0.6756,0.5289,yetujey,FUT Esports,astra,True,100,50,1,0,0,7,True,phantom,rifle,,0.6511,0.6967,KROSTALY,FUT Esports,kayo,True,100,50,1,2,1,7,True,vandal,rifle,,0.6889,0.5222,Chronicle,Team Vitality,chamber,True,100,25,0,4,0,6,False,guardian,rifle,,0.2622,0.4533,Derke,Team Vitality,neon,False,,25,0,0,0,5,False,unknown,unknown,,,,Jamppi,Team Vitality,kayo,True,100,25,1,2,1,7,True,vandal,rifle,,0.5633,0.5767,Sayonara,Team Vitality,sova,False,,25,0,2,0,2,False,phantom,rifle,,,,PROFEK,Team Vitality,astra,True,100,25,0,0,0,6,False,phantom,rifle,,0.8822,0.2700
2452.467,4850,ACTIVE_ROUND,16,10,7,44.000,,,s0pp,FUT Esports,chamber,True,95,40,0,7,1,7,True,operator,sniper,,0.8011,0.4667,xeus,FUT Esports,jett,False,,50,2,1,1,7,True,phantom,rifle,,,,sociablEE,FUT Esports,fade,True,100,50,0,1,0,4,False,phantom,rifle,,0.6756,0.5289,yetujey,FUT Esports,astra,True,100,50,1,0,0,7,True,phantom,rifle,,0.6511,0.6967,KROSTALY,FUT Esports,kayo,True,100,50,1,2,1,7,True,vandal,rifle,,0.6889,0.5222,Chronicle,Team Vitality,chamber,True,100,25,0,4,0,6,False,guardian,rifle,,0.2622,0.4533,Derke,Team Vitality,neon,False,,25,0,0,0,5,False,unknown,unknown,,,,Jamppi,Team Vitality,kayo,True,100,25,1,2,1,7,True,vandal,rifle,,0.5722,0.5811,Sayonara,Team Vitality,sova,False,,25,0,2,0,2,False,phantom,rifle,,,,PROFEK,Team Vitality,astra,True,100,25,0,0,0,6,False,phantom,rifle,,0.8822,0.2700
2452.950,4851,ACTIVE_ROUND,16,10,7,44.000,,,s0pp,FUT Esports,chamber,True,95,40,0,7,1,7,True,operator,sniper,,0.6589,0.4911,xeus,FUT Esports,jett,False,,50,2,1,1,7,True,phantom,rifle,,,,sociablEE,FUT Esports,fade,True,100,50,0,1,0,4,False,phantom,rifle,,0.6978,0.4511,yetujey,FUT Esports,astra,True,100,50,1,0,0,7,True,phantom,rifle,,0.8711,0.4767,KROSTALY,FUT Esports,kayo,True,100,50,1,2,1,7,True,vandal,rifle,,0.7089,0.4733,Chronicle,Team Vitality,chamber,True,100,25,0,4,0,6,False,guardian,rifle,,0.2622,0.4533,Derke,Team Vitality,neon,False,,25,0,0,0,5,False,unknown,unknown,,,,Jamppi,Team Vitality,kayo,True,100,25,1,2,1,7,True,vandal,rifle,,0.2589,0.4967,Sayonara,Team Vitality,sova,False,,25,0,2,0,2,False,phantom,rifle,,,,PROFEK,Team Vitality,astra,True,100,25,0,0,0,6,False,phantom,rifle,,0.8822,0.2700
2453.434,4852,ACTIVE_ROUND,16,10,7,43.000,,,s0pp,FUT Esports,chamber,True,95,40,0,7,1,7,True,operator,sniper,,0.8144,0.3533,xeus,FUT Esports,jett,False,,50,2,1,1,7,True,phantom,rifle,,,,sociablEE,FUT Esports,fade,True,100,50,0,1,0,4,False,phantom,rifle,,0.6956,0.4333,yetujey,FUT Esports,astra,True,100,50,1,0,0,7,True,phantom,rifle,,0.8711,0.4767,KROSTALY,FUT Esports,kayo,True,100,50,1,2,1,7,True,vandal,rifle,,0.7089,0.4733,Chronicle,Team Vitality,chamber,True,100,25,0,4,0,6,False,guardian,rifle,,0.2956,0.5089,Derke,Team Vitality,neon,False,,25,0,0,0,5,False,unknown,unknown,,,,Jamppi,Team Vitality,kayo,True,100,25,0,0,0,7,True,unknown,unknown,,0.2589,0.4967,Sayonara,Team Vitality,sova,False,,25,0,2,0,2,False,phantom,rifle,,,,PROFEK,Team Vitality,astra,True,100,25,0,0,0,6,False,phantom,rifle,,0.8822,0.2700
2453.918,4853,ACTIVE_ROUND,16,10,7,43.000,,,s0pp,FUT Esports,chamber,True,95,40,0,7,1,7,True,operator,sniper,,0.6589,0.4911,xeus,FUT Esports,jett,False,,50,2,1,1,7,True,phantom,rifle,,,,sociablEE,FUT Esports,fade,True,100,50,0,1,0,4,False,phantom,rifle,,0.7000,0.4156,yetujey,FUT Esports,astra,True,100,50,1,0,0,7,True,phantom,rifle,,0.8711,0.4767,KROSTALY,FUT Esports,kayo,True,100,50,1,2,1,7,True,vandal,rifle,,0.7089,0.4733,Chronicle,Team Vitality,chamber,True,100,25,0,4,0,6,False,guardian,rifle,,0.3156,0.5200,Derke,Team Vitality,neon,False,,25,0,0,0,5,False,unknown,unknown,,,,Jamppi,Team Vitality,kayo,False,,25,0,0,0,7,True,unknown,unknown,,0.2678,0.5078,Sayonara,Team Vitality,sova,False,,25,0,2,0,2,False,phantom,rifle,,,,PROFEK,Team Vitality,astra,True,100,25,0,0,0,6,False,phantom,rifle,,0.8822,0.2700
2454.402,4854,ACTIVE_ROUND,16,10,7,42.000,,,s0pp,FUT Esports,chamber,True,95,40,0,7,1,7,True,operator,sniper,,0.8011,0.4711,xeus,FUT Esports,jett,False,,50,2,1,1,7,True,phantom,rifle,,,,sociablEE,FUT Esports,fade,True,100,50,0,1,0,4,False,phantom,rifle,,0.7000,0.4156,yetujey,FUT Esports,astra,True,100,50,1,0,0,7,True,phantom,rifle,,0.8711,0.4767,KROSTALY,FUT Esports,kayo,True,100,50,1,2,1,7,True,vandal,rifle,,0.7089,0.4733,Chronicle,Team Vitality,chamber,True,100,25,0,4,0,6,False,guardian,rifle,,0.3400,0.5222,Derke,Team Vitality,neon,False,,25,0,0,0,5,False,unknown,unknown,,,,Jamppi,Team Vitality,kayo,False,,25,0,0,0,7,True,unknown,unknown,,,,Sayonara,Team Vitality,sova,False,,25,0,2,0,2,False,phantom,rifle,,,,PROFEK,Team Vitality,astra,True,100,25,0,0,0,6,False,phantom,rifle,,0.2778,0.5278
2454.886,4855,ACTIVE_ROUND,16,10,7,42.000,,,s0pp,FUT Esports,chamber,True,95,40,0,7,1,7,True,operator,sniper,,0.5567,0.6800,xeus,FUT Esports,jett,False,,50,2,1,1,7,True,phantom,rifle,,,,sociablEE,FUT Esports,fade,True,100,50,0,1,0,4,False,phantom,rifle,,0.7000,0.4156,yetujey,FUT Esports,astra,True,100,50,1,0,0,7,True,phantom,rifle,,0.8711,0.4767,KROSTALY,FUT Esports,kayo,True,100,50,1,2,1,7,True,vandal,rifle,,0.7111,0.4000,Chronicle,Team Vitality,chamber,True,100,25,0,4,0,6,False,guardian,rifle,,0.3622,0.5244,Derke,Team Vitality,neon,False,,25,0,0,0,5,False,unknown,unknown,,,,Jamppi,Team Vitality,kayo,False,,25,0,0,0,7,True,unknown,unknown,,,,Sayonara,Team Vitality,sova,False,,25,0,2,0,2,False,phantom,rifle,,,,PROFEK,Team Vitality,astra,True,100,25,0,0,0,6,False,phantom,rifle,,0.3022,0.5278
2455.370,4856,ACTIVE_ROUND,16,10,7,41.000,,,s0pp,FUT Esports,chamber,True,95,40,0,7,1,7,True,operator,sniper,,0.5611,0.6578,xeus,FUT Esports,jett,False,,50,2,1,1,7,True,phantom,rifle,,,,sociablEE,FUT Esports,fade,True,100,50,0,1,0,4,False,phantom,rifle,,0.7422,0.3778,yetujey,FUT Esports,astra,True,100,50,1,0,0,7,True,phantom,rifle,,0.6311,0.6389,KROSTALY,FUT Esports,kayo,True,100,50,1,2,1,7,True,vandal,rifle,,0.7111,0.4000,Chronicle,Team Vitality,chamber,True,100,25,0,4,0,6,False,guardian,rifle,,0.3800,0.5244,Derke,Team Vitality,neon,False,,25,0,0,0,5,False,unknown,unknown,,,,Jamppi,Team Vitality,kayo,False,,25,0,0,0,7,True,unknown,unknown,,,,Sayonara,Team Vitality,sova,False,,25,0,2,0,2,False,phantom,rifle,,,,PROFEK,Team Vitality,astra,True,100,25,0,0,0,6,False,phantom,rifle,,0.3022,0.5278
2455.853,4857,ACTIVE_ROUND,16,10,7,41.000,,,s0pp,FUT Esports,chamber,True,95,40,0,7,1,7,True,operator,sniper,,0.2722,0.8089,xeus,FUT Esports,jett,False,,50,2,1,1,7,True,phantom,rifle,,,,sociablEE,FUT Esports,fade,True,100,50,0,1,0,4,False,phantom,rifle,,0.7511,0.3622,yetujey,FUT Esports,astra,True,100,50,1,0,0,7,True,phantom,rifle,,0.6311,0.6189,KROSTALY,FUT Esports,kayo,True,100,50,1,2,1,7,True,vandal,rifle,,0.7178,0.3911,Chronicle,Team Vitality,chamber,True,100,25,0,4,0,6,False,guardian,rifle,,0.3889,0.5267,Derke,Team Vitality,neon,False,,25,0,0,0,5,False,unknown,unknown,,,,Jamppi,Team Vitality,kayo,False,,25,0,0,0,7,True,unknown,unknown,,,,Sayonara,Team Vitality,sova,False,,25,0,2,0,2,False,phantom,rifle,,,,PROFEK,Team Vitality,astra,True,100,25,0,0,0,6,False,phantom,rifle,,0.3022,0.5278
2456.337,4858,ACTIVE_ROUND,16,10,7,40.000,,,s0pp,FUT Esports,chamber,True,95,40,0,7,1,7,True,operator,sniper,,0.8011,0.4711,xeus,FUT Esports,jett,False,,50,2,1,1,7,True,phantom,rifle,,,,sociablEE,FUT Esports,fade,True,100,50,0,1,0,4,False,phantom,rifle,,0.7667,0.3600,yetujey,FUT Esports,astra,True,100,50,1,0,0,7,True,phantom,rifle,,0.6311,0.6189,KROSTALY,FUT Esports,kayo,True,100,50,1,2,1,7,True,vandal,rifle,,0.7178,0.3911,Chronicle,Team Vitality,chamber,True,100,25,0,4,0,6,False,guardian,rifle,,0.4044,0.5289,Derke,Team Vitality,neon,False,,25,0,0,0,5,False,unknown,unknown,,,,Jamppi,Team Vitality,kayo,False,,25,0,0,0,7,True,unknown,unknown,,,,Sayonara,Team Vitality,sova,False,,25,0,2,0,2,False,phantom,rifle,,,,PROFEK,Team Vitality,astra,True,100,25,0,0,0,6,False,phantom,rifle,,0.3022,0.5278
2456.821,4859,ACTIVE_ROUND,16,10,7,40.000,,,s0pp,FUT Esports,chamber,True,95,40,0,7,1,7,True,operator,sniper,,0.7767,0.4156,xeus,FUT Esports,jett,False,,50,2,1,1,7,True,phantom,rifle,,,,sociablEE,FUT Esports,fade,True,100,50,0,1,0,4,False,phantom,rifle,,0.7733,0.3667,yetujey,FUT Esports,astra,True,100,50,1,0,0,7,True,phantom,rifle,,0.8711,0.4767,KROSTALY,FUT Esports,kayo,True,100,50,1,2,1,7,True,vandal,rifle,,0.8800,0.3600,Chronicle,Team Vitality,chamber,True,100,25,0,4,0,6,False,guardian,rifle,,0.4178,0.5289,Derke,Team Vitality,neon,False,,25,0,0,0,5,False,unknown,unknown,,,,Jamppi,Team Vitality,kayo,False,,25,0,0,0,7,True,unknown,unknown,,,,Sayonara,Team Vitality,sova,False,,25,0,2,0,2,False,phantom,rifle,,,,PROFEK,Team Vitality,astra,True,100,25,0,0,0,6,False,phantom,rifle,,0.3022,0.5278
2457.305,4860,ACTIVE_ROUND,16,10,7,39.000,,,s0pp,FUT Esports,chamber,True,95,40,0,7,1,7,True,operator,sniper,,0.7767,0.4156,xeus,FUT Esports,jett,False,,50,2,1,1,7,True,phantom,rifle,,,,sociablEE,FUT Esports,fade,True,100,50,0,0,0,4,False,phantom,rifle,,0.7733,0.3667,yetujey,FUT Esports,astra,True,100,50,1,0,0,7,True,phantom,rifle,,0.8711,0.4767,KROSTALY,FUT Esports,kayo,True,100,50,1,1,1,7,True,vandal,rifle,,0.8800,0.3578,Chronicle,Team Vitality,chamber,True,100,25,0,4,0,6,False,guardian,rifle,,0.4311,0.5289,Derke,Team Vitality,neon,False,,25,0,0,0,5,False,unknown,unknown,,,,Jamppi,Team Vitality,kayo,False,,25,0,0,0,7,True,unknown,unknown,,,,Sayonara,Team Vitality,sova,False,,25,0,2,0,2,False,phantom,rifle,,,,PROFEK,Team Vitality,astra,True,100,25,0,0,0,6,False,phantom,rifle,,0.7778,0.3211
2457.789,4861,ACTIVE_ROUND,16,10,7,39.000,,,s0pp,FUT Esports,chamber,True,95,40,0,7,1,7,True,operator,sniper,,0.7767,0.4156,xeus,FUT Esports,jett,False,,50,2,1,1,7,True,phantom,rifle,,,,sociablEE,FUT Esports,fade,True,100,50,0,0,0,4,False,phantom,rifle,,0.7867,0.3689,yetujey,FUT Esports,astra,True,100,50,1,0,0,7,True,phantom,rifle,,0.8711,0.4767,KROSTALY,FUT Esports,kayo,True,100,50,1,1,1,7,True,vandal,rifle,,0.7600,0.3733,Chronicle,Team Vitality,chamber,True,100,25,0,4,0,6,False,guardian,rifle,,0.4289,0.5289,Derke,Team Vitality,neon,False,,25,0,0,0,5,False,unknown,unknown,,,,Jamppi,Team Vitality,kayo,False,,25,0,0,0,7,True,unknown,unknown,,,,Sayonara,Team Vitality,sova,False,,25,0,2,0,2,False,phantom,rifle,,,,PROFEK,Team Vitality,astra,True,100,25,0,0,0,6,False,phantom,rifle,,0.5267,0.1389
2458.272,4862,ACTIVE_ROUND,16,10,7,38.000,,,s0pp,FUT Esports,chamber,True,95,40,0,7,1,7,True,operator,sniper,,0.7567,0.2800,xeus,FUT Esports,jett,False,,50,2,1,1,7,True,phantom,rifle,,,,sociablEE,FUT Esports,fade,True,100,50,0,0,0,4,False,phantom,rifle,,0.7867,0.3689,yetujey,FUT Esports,astra,True,100,50,1,0,0,7,True,phantom,rifle,,0.8711,0.4767,KROSTALY,FUT Esports,kayo,True,100,50,1,1,1,7,True,vandal,rifle,,0.7600,0.3733,Chronicle,Team Vitality,chamber,True,100,25,0,4,0,6,False,guardian,rifle,,0.4200,0.5289,Derke,Team Vitality,neon,False,,25,0,0,0,5,False,unknown,unknown,,,,Jamppi,Team Vitality,kayo,False,,25,0,0,0,7,True,unknown,unknown,,,,Sayonara,Team Vitality,sova,False,,25,0,2,0,2,False,phantom,rifle,,,,PROFEK,Team Vitality,astra,True,86,25,0,0,0,6,False,phantom,rifle,,0.5689,0.5500
2458.756,4863,ACTIVE_ROUND,16,10,7,38.000,,,s0pp,FUT Esports,chamber,True,95,40,0,7,1,7,True,operator,sniper,,0.5789,0.4467,xeus,FUT Esports,jett,False,,50,2,1,1,7,True,phantom,rifle,,,,sociablEE,FUT Esports,fade,False,,50,0,0,0,4,False,phantom,rifle,,0.7867,0.3689,yetujey,FUT Esports,astra,True,100,50,1,0,0,7,True,phantom,rifle,,0.8711,0.4767,KROSTALY,FUT Esports,kayo,True,100,50,1,1,1,7,True,vandal,rifle,,0.7600,0.3733,Chronicle,Team Vitality,chamber,True,100,25,0,4,0,6,False,guardian,rifle,,0.4267,0.5289,Derke,Team Vitality,neon,False,,25,0,0,0,5,False,unknown,unknown,,,,Jamppi,Team Vitality,kayo,False,,25,0,0,0,7,True,unknown,unknown,,,,Sayonara,Team Vitality,sova,False,,25,0,2,0,2,False,phantom,rifle,,,,PROFEK,Team Vitality,astra,True,86,25,0,0,0,6,False,phantom,rifle,,0.5689,0.5500
2459.240,4864,ACTIVE_ROUND,16,10,7,37.000,,,s0pp,FUT Esports,chamber,True,95,40,0,7,1,7,True,operator,sniper,,0.5789,0.4467,xeus,FUT Esports,jett,False,,50,2,1,1,7,True,phantom,rifle,,,,sociablEE,FUT Esports,fade,False,,50,0,0,0,4,False,phantom,rifle,,,,yetujey,FUT Esports,astra,True,100,50,1,0,0,7,True,phantom,rifle,,0.8711,0.4767,KROSTALY,FUT Esports,kayo,True,100,50,0,0,0,7,True,unknown,unknown,,0.7600,0.3733,Chronicle,Team Vitality,chamber,True,100,25,0,4,0,6,False,guardian,rifle,,0.4267,0.5289,Derke,Team Vitality,neon,False,,25,0,0,0,5,False,unknown,unknown,,,,Jamppi,Team Vitality,kayo,False,,25,0,0,0,7,True,unknown,unknown,,,,Sayonara,Team Vitality,sova,False,,25,0,2,0,2,False,phantom,rifle,,,,PROFEK,Team Vitality,astra,True,8,25,0,0,0,7,True,phantom,rifle,,0.4467,0.5189
2459.724,4865,ACTIVE_ROUND,16,10,7,37.000,,,s0pp,FUT Esports,chamber,True,95,40,0,7,1,7,True,operator,sniper,,0.4656,0.5778,xeus,FUT Esports,jett,False,,50,2,1,1,7,True,phantom,rifle,,,,sociablEE,FUT Esports,fade,False,,50,0,0,0,4,False,phantom,rifle,,,,yetujey,FUT Esports,astra,True,100,50,1,0,0,7,True,phantom,rifle,,0.8711,0.4767,KROSTALY,FUT Esports,kayo,False,,50,0,0,0,7,True,unknown,unknown,,0.7600,0.3733,Chronicle,Team Vitality,chamber,True,100,25,0,4,0,6,False,guardian,rifle,,0.4267,0.5289,Derke,Team Vitality,neon,False,,25,0,0,0,5,False,unknown,unknown,,,,Jamppi,Team Vitality,kayo,False,,25,0,0,0,7,True,unknown,unknown,,,,Sayonara,Team Vitality,sova,False,,25,0,2,0,2,False,phantom,rifle,,,,PROFEK,Team Vitality,astra,True,8,25,0,0,0,7,True,phantom,rifle,,0.4556,0.5189
2460.208,4866,ACTIVE_ROUND,16,10,7,36.000,,,s0pp,FUT Esports,chamber,True,95,40,0,7,1,7,True,operator,sniper,,0.8989,0.3111,xeus,FUT Esports,jett,False,,50,2,1,1,7,True,phantom,rifle,,,,sociablEE,FUT Esports,fade,False,,50,0,0,0,4,False,phantom,rifle,,,,yetujey,FUT Esports,astra,True,100,50,1,0,0,7,True,phantom,rifle,,0.8711,0.4767,KROSTALY,FUT Esports,kayo,False,,50,0,0,0,7,True,unknown,unknown,,,,Chronicle,Team Vitality,chamber,True,100,25,0,4,0,6,False,guardian,rifle,,0.4267,0.5289,Derke,Team Vitality,neon,False,,25,0,0,0,5,False,unknown,unknown,,,,Jamppi,Team Vitality,kayo,False,,25,0,0,0,7,True,unknown,unknown,,,,Sayonara,Team Vitality,sova,False,,25,0,2,0,2,False,phantom,rifle,,,,PROFEK,Team Vitality,astra,True,8,25,0,0,0,7,True,phantom,rifle,,0.5844,0.4389
2460.692,4867,ACTIVE_ROUND,16,10,7,36.000,,,s0pp,FUT Esports,chamber,True,95,40,0,7,1,7,True,operator,sniper,,0.8256,0.3067,xeus,FUT Esports,jett,False,,50,2,1,1,7,True,phantom,rifle,,,,sociablEE,FUT Esports,fade,False,,50,0,0,0,4,False,phantom,rifle,,,,yetujey,FUT Esports,astra,True,100,50,1,0,0,7,True,phantom,rifle,,0.8711,0.4767,KROSTALY,FUT Esports,kayo,False,,50,0,0,0,7,True,unknown,unknown,,,,Chronicle,Team Vitality,chamber,True,100,25,0,4,0,6,False,guardian,rifle,,0.4267,0.5289,Derke,Team Vitality,neon,False,,25,0,0,0,5,False,unknown,unknown,,,,Jamppi,Team Vitality,kayo,False,,25,0,0,0,7,True,unknown,unknown,,,,Sayonara,Team Vitality,sova,False,,25,0,2,0,2,False,phantom,rifle,,,,PROFEK,Team Vitality,astra,True,8,25,0,0,0,7,True,phantom,rifle,,0.5844,0.4389
2461.175,4868,ACTIVE_ROUND,16,10,7,36.000,,,s0pp,FUT Esports,chamber,True,95,40,0,7,1,7,True,operator,sniper,,0.0967,0.6000,xeus,FUT Esports,jett,False,,50,2,1,1,7,True,phantom,rifle,,,,sociablEE,FUT Esports,fade,False,,50,0,0,0,4,False,phantom,rifle,,,,yetujey,FUT Esports,astra,True,100,50,1,0,0,7,True,phantom,rifle,,0.7111,0.4433,KROSTALY,FUT Esports,kayo,False,,50,0,0,0,7,True,unknown,unknown,,,,Chronicle,Team Vitality,chamber,True,100,25,0,4,0,6,False,guardian,rifle,,0.4267,0.5289,Derke,Team Vitality,neon,False,,25,0,0,0,5,False,unknown,unknown,,,,Jamppi,Team Vitality,kayo,False,,25,0,0,0,7,True,unknown,unknown,,,,Sayonara,Team Vitality,sova,False,,25,0,2,0,2,False,phantom,rifle,,,,PROFEK,Team Vitality,astra,False,,25,0,0,0,7,True,unknown,unknown,,0.5844,0.4389
2461.659,4869,ACTIVE_ROUND,16,10,7,35.000,,,s0pp,FUT Esports,chamber,True,95,40,0,7,1,7,True,operator,sniper,,0.8033,0.4578,xeus,FUT Esports,jett,False,,50,2,1,1,7,True,phantom,rifle,,,,sociablEE,FUT Esports,fade,False,,50,0,0,0,4,False,phantom,rifle,,,,yetujey,FUT Esports,astra,True,100,50,1,0,0,7,True,phantom,rifle,,0.7156,0.4211,KROSTALY,FUT Esports,kayo,False,,50,0,0,0,7,True,unknown,unknown,,,,Chronicle,Team Vitality,chamber,True,100,25,0,4,0,6,False,guardian,rifle,,0.4267,0.5289,Derke,Team Vitality,neon,False,,25,0,0,0,5,False,unknown,unknown,,,,Jamppi,Team Vitality,kayo,False,,25,0,0,0,7,True,unknown,unknown,,,,Sayonara,Team Vitality,sova,False,,25,0,2,0,2,False,phantom,rifle,,,,PROFEK,Team Vitality,astra,False,,25,0,0,0,7,True,unknown,unknown,,,
2462.143,4870,ACTIVE_ROUND,16,10,7,35.000,,,s0pp,FUT Esports,chamber,True,95,40,0,7,1,7,True,operator,sniper,,0.7456,0.6867,xeus,FUT Esports,jett,False,,50,2,1,1,7,True,phantom,rifle,,,,sociablEE,FUT Esports,fade,False,,50,0,0,0,4,False,phantom,rifle,,,,yetujey,FUT Esports,astra,True,100,50,1,0,0,7,True,phantom,rifle,,0.7156,0.4211,KROSTALY,FUT Esports,kayo,False,,50,0,0,0,7,True,unknown,unknown,,,,Chronicle,Team Vitality,chamber,True,100,25,0,4,0,6,False,guardian,rifle,,0.4267,0.5289,Derke,Team Vitality,neon,False,,25,0,0,0,5,False,unknown,unknown,,,,Jamppi,Team Vitality,kayo,False,,25,0,0,0,7,True,unknown,unknown,,,,Sayonara,Team Vitality,sova,False,,25,0,2,0,2,False,phantom,rifle,,,,PROFEK,Team Vitality,astra,False,,25,0,0,0,7,True,unknown,unknown,,,
2462.627,4871,ACTIVE_ROUND,16,10,7,34.000,,,s0pp,FUT Esports,chamber,True,95,40,0,7,1,7,True,operator,sniper,,0.7456,0.6800,xeus,FUT Esports,jett,False,,50,2,1,1,7,True,phantom,rifle,,,,sociablEE,FUT Esports,fade,False,,50,0,0,0,4,False,phantom,rifle,,,,yetujey,FUT Esports,astra,True,100,50,1,0,0,7,True,phantom,rifle,,0.7156,0.4211,KROSTALY,FUT Esports,kayo,False,,50,0,0,0,7,True,unknown,unknown,,,,Chronicle,Team Vitality,chamber,True,100,25,0,4,0,6,False,guardian,rifle,,0.5400,0.5422,Derke,Team Vitality,neon,False,,25,0,0,0,5,False,unknown,unknown,,,,Jamppi,Team Vitality,kayo,False,,25,0,0,0,7,True,unknown,unknown,,,,Sayonara,Team Vitality,sova,False,,25,0,2,0,2,False,phantom,rifle,,,,PROFEK,Team Vitality,astra,False,,25,0,0,0,7,True,unknown,unknown,,,
2463.111,4872,ACTIVE_ROUND,16,10,7,34.000,,,s0pp,FUT Esports,chamber,True,95,40,0,7,1,7,True,operator,sniper,,0.7456,0.6800,xeus,FUT Esports,jett,False,,50,2,1,1,7,True,phantom,rifle,,,,sociablEE,FUT Esports,fade,False,,50,0,0,0,4,False,phantom,rifle,,,,yetujey,FUT Esports,astra,True,100,50,1,0,0,7,True,phantom,rifle,,0.7156,0.4211,KROSTALY,FUT Esports,kayo,False,,50,0,0,0,7,True,unknown,unknown,,,,Chronicle,Team Vitality,chamber,True,100,25,0,4,0,6,False,guardian,rifle,,0.5378,0.5533,Derke,Team Vitality,neon,False,,25,0,0,0,5,False,unknown,unknown,,,,Jamppi,Team Vitality,kayo,False,,25,0,0,0,7,True,unknown,unknown,,,,Sayonara,Team Vitality,sova,False,,25,0,2,0,2,False,phantom,rifle,,,,PROFEK,Team Vitality,astra,False,,25,0,0,0,7,True,unknown,unknown,,,
2463.594,4873,ACTIVE_ROUND,16,10,7,33.000,,,s0pp,FUT Esports,chamber,True,95,40,0,7,1,7,True,operator,sniper,,0.8078,0.4778,xeus,FUT Esports,jett,False,,50,2,1,1,7,True,phantom,rifle,,,,sociablEE,FUT Esports,fade,False,,50,0,0,0,4,False,phantom,rifle,,,,yetujey,FUT Esports,astra,True,100,50,1,0,0,7,True,phantom,rifle,,0.7156,0.4211,KROSTALY,FUT Esports,kayo,False,,50,0,0,0,7,True,unknown,unknown,,,,Chronicle,Team Vitality,chamber,True,100,25,0,4,0,6,False,guardian,rifle,,0.5400,0.5667,Derke,Team Vitality,neon,False,,25,0,0,0,5,False,unknown,unknown,,,,Jamppi,Team Vitality,kayo,False,,25,0,0,0,7,True,unknown,unknown,,,,Sayonara,Team Vitality,sova,False,,25,0,2,0,2,False,phantom,rifle,,,,PROFEK,Team Vitality,astra,False,,25,0,0,0,7,True,unknown,unknown,,,
2464.078,4874,ACTIVE_ROUND,16,10,7,33.000,,,s0pp,FUT Esports,chamber,True,95,40,0,7,1,7,True,operator,sniper,,0.5211,0.1489,xeus,FUT Esports,jett,False,,50,2,1,1,7,True,phantom,rifle,,,,sociablEE,FUT Esports,fade,False,,50,0,0,0,4,False,phantom,rifle,,,,yetujey,FUT Esports,astra,True,100,50,1,0,0,7,True,phantom,rifle,,0.7156,0.4211,KROSTALY,FUT Esports,kayo,False,,50,0,0,0,7,True,unknown,unknown,,,,Chronicle,Team Vitality,chamber,True,100,25,0,4,0,6,False,guardian,rifle,,0.5444,0.5800,Derke,Team Vitality,neon,False,,25,0,0,0,5,False,unknown,unknown,,,,Jamppi,Team Vitality,kayo,False,,25,0,0,0,7,True,unknown,unknown,,,,Sayonara,Team Vitality,sova,False,,25,0,2,0,2,False,phantom,rifle,,,,PROFEK,Team Vitality,astra,False,,25,0,0,0,7,True,unknown,unknown,,,
2464.562,4875,ACTIVE_ROUND,16,10,7,32.000,,,s0pp,FUT Esports,chamber,True,95,40,0,7,1,7,True,operator,sniper,,0.6011,0.8444,xeus,FUT Esports,jett,False,,50,2,1,1,7,True,phantom,rifle,,,,sociablEE,FUT Esports,fade,False,,50,0,0,0,4,False,phantom,rifle,,,,yetujey,FUT Esports,astra,True,100,50,1,0,0,7,True,phantom,rifle,,0.7156,0.4211,KROSTALY,FUT Esports,kayo,False,,50,0,0,0,7,True,unknown,unknown,,,,Chronicle,Team Vitality,chamber,True,100,25,0,4,0,6,False,guardian,rifle,,0.5489,0.5933,Derke,Team Vitality,neon,False,,25,0,0,0,5,False,unknown,unknown,,,,Jamppi,Team Vitality,kayo,False,,25,0,0,0,7,True,unknown,unknown,,,,Sayonara,Team Vitality,sova,False,,25,0,2,0,2,False,phantom,rifle,,,,PROFEK,Team Vitality,astra,False,,25,0,0,0,7,True,unknown,unknown,,,
2465.046,4876,ACTIVE_ROUND,16,10,7,32.000,,,s0pp,FUT Esports,chamber,True,95,40,0,7,1,7,True,operator,sniper,,0.5033,0.6133,xeus,FUT Esports,jett,False,,50,2,1,1,7,True,phantom,rifle,,,,sociablEE,FUT Esports,fade,False,,50,0,0,0,4,False,phantom,rifle,,,,yetujey,FUT Esports,astra,True,100,50,0,0,0,7,True,phantom,rifle,,0.7156,0.4211,KROSTALY,FUT Esports,kayo,False,,50,0,0,0,7,True,unknown,unknown,,,,Chronicle,Team Vitality,chamber,True,100,25,0,4,0,6,False,classic,sidearm,,0.5533,0.6022,Derke,Team Vitality,neon,False,,25,0,0,0,5,False,unknown,unknown,,,,Jamppi,Team Vitality,kayo,False,,25,0,0,0,7,True,unknown,unknown,,,,Sayonara,Team Vitality,sova,False,,25,0,2,0,2,False,phantom,rifle,,,,PROFEK,Team Vitality,astra,False,,25,0,0,0,7,True,unknown,unknown,,,
2465.530,4877,ACTIVE_ROUND,16,10,7,31.000,,,s0pp,FUT Esports,chamber,True,95,40,0,7,1,7,True,operator,sniper,,0.7456,0.7400,xeus,FUT Esports,jett,False,,50,2,1,1,7,True,phantom,rifle,,,,sociablEE,FUT Esports,fade,False,,50,0,0,0,4,False,phantom,rifle,,,,yetujey,FUT Esports,astra,True,100,50,0,0,0,7,True,phantom,rifle,,0.7156,0.4211,KROSTALY,FUT Esports,kayo,False,,50,0,0,0,7,True,unknown,unknown,,,,Chronicle,Team Vitality,chamber,True,100,25,0,4,0,6,False,classic,sidearm,,0.5578,0.6133,Derke,Team Vitality,neon,False,,25,0,0,0,5,False,unknown,unknown,,,,Jamppi,Team Vitality,kayo,False,,25,0,0,0,7,True,unknown,unknown,,,,Sayonara,Team Vitality,sova,False,,25,0,2,0,2,False,phantom,rifle,,,,PROFEK,Team Vitality,astra,False,,25,0,0,0,7,True,unknown,unknown,,,
2466.014,4878,ACTIVE_ROUND,16,10,7,31.000,,,s0pp,FUT Esports,chamber,True,95,40,0,7,1,7,True,operator,sniper,,0.7456,0.6844,xeus,FUT Esports,jett,False,,50,2,1,1,7,True,phantom,rifle,,,,sociablEE,FUT Esports,fade,False,,50,0,0,0,4,False,phantom,rifle,,,,yetujey,FUT Esports,astra,True,100,50,0,0,0,7,True,phantom,rifle,,0.7156,0.4211,KROSTALY,FUT Esports,kayo,False,,50,0,0,0,7,True,unknown,unknown,,,,Chronicle,Team Vitality,chamber,True,100,25,0,4,0,6,False,classic,sidearm,,0.5689,0.6156,Derke,Team Vitality,neon,False,,25,0,0,0,5,False,unknown,unknown,,,,Jamppi,Team Vitality,kayo,False,,25,0,0,0,7,True,unknown,unknown,,,,Sayonara,Team Vitality,sova,False,,25,0,2,0,2,False,phantom,rifle,,,,PROFEK,Team Vitality,astra,False,,25,0,0,0,7,True,unknown,unknown,,,
2466.497,4879,ACTIVE_ROUND,16,10,7,30.000,,,s0pp,FUT Esports,chamber,True,95,40,0,7,1,7,True,operator,sniper,,0.7767,0.4311,xeus,FUT Esports,jett,False,,50,2,1,1,7,True,phantom,rifle,,,,sociablEE,FUT Esports,fade,False,,50,0,0,0,4,False,phantom,rifle,,,,yetujey,FUT Esports,astra,True,100,50,0,0,0,7,True,phantom,rifle,,0.8711,0.4767,KROSTALY,FUT Esports,kayo,False,,50,0,0,0,7,True,unknown,unknown,,,,Chronicle,Team Vitality,chamber,True,100,25,0,4,0,6,False,classic,sidearm,,0.5800,0.6111,Derke,Team Vitality,neon,False,,25,0,0,0,5,False,unknown,unknown,,,,Jamppi,Team Vitality,kayo,False,,25,0,0,0,7,True,unknown,unknown,,,,Sayonara,Team Vitality,sova,False,,25,0,2,0,2,False,phantom,rifle,,,,PROFEK,Team Vitality,astra,False,,25,0,0,0,7,True,unknown,unknown,,,
2466.981,4880,ACTIVE_ROUND,16,10,7,30.000,,,s0pp,FUT Esports,chamber,True,95,40,0,7,1,7,True,operator,sniper,,0.7456,0.7111,xeus,FUT Esports,jett,False,,50,2,1,1,7,True,phantom,rifle,,,,sociablEE,FUT Esports,fade,False,,50,0,0,0,4,False,phantom,rifle,,,,yetujey,FUT Esports,astra,True,100,50,0,0,0,7,True,shorty,sidearm,,0.8711,0.4767,KROSTALY,FUT Esports,kayo,False,,50,0,0,0,7,True,unknown,unknown,,,,Chronicle,Team Vitality,chamber,True,100,25,0,4,0,6,False,classic,sidearm,,0.5844,0.5978,Derke,Team Vitality,neon,False,,25,0,0,0,5,False,unknown,unknown,,,,Jamppi,Team Vitality,kayo,False,,25,0,0,0,7,True,unknown,unknown,,,,Sayonara,Team Vitality,sova,False,,25,0,2,0,2,False,phantom,rifle,,,,PROFEK,Team Vitality,astra,False,,25,0,0,0,7,True,unknown,unknown,,,
2467.465,4881,ACTIVE_ROUND,16,10,7,29.000,,,s0pp,FUT Esports,chamber,True,95,40,0,7,1,7,True,operator,sniper,,0.7456,0.7022,xeus,FUT Esports,jett,False,,50,2,1,1,7,True,phantom,rifle,,,,sociablEE,FUT Esports,fade,False,,50,0,0,0,4,False,phantom,rifle,,,,yetujey,FUT Esports,astra,True,100,50,0,0,0,7,True,shorty,sidearm,,0.8711,0.4767,KROSTALY,FUT Esports,kayo,False,,50,0,0,0,7,True,unknown,unknown,,,,Chronicle,Team Vitality,chamber,True,100,25,0,4,0,6,False,classic,sidearm,,0.5911,0.5844,Derke,Team Vitality,neon,False,,25,0,0,0,5,False,unknown,unknown,,,,Jamppi,Team Vitality,kayo,False,,25,0,0,0,7,True,unknown,unknown,,,,Sayonara,Team Vitality,sova,False,,25,0,2,0,2,False,phantom,rifle,,,,PROFEK,Team Vitality,astra,False,,25,0,0,0,7,True,unknown,unknown,,,
2467.949,4882,ACTIVE_ROUND,16,10,7,29.000,,,s0pp,FUT Esports,chamber,True,95,40,0,7,1,7,True,operator,sniper,,0.7456,0.7022,xeus,FUT Esports,jett,False,,50,2,1,1,7,True,phantom,rifle,,,,sociablEE,FUT Esports,fade,False,,50,0,0,0,4,False,phantom,rifle,,,,yetujey,FUT Esports,astra,True,100,50,0,0,0,7,True,shorty,sidearm,,0.8711,0.4767,KROSTALY,FUT Esports,kayo,False,,50,0,0,0,7,True,unknown,unknown,,,,Chronicle,Team Vitality,chamber,True,100,25,0,4,0,6,False,classic,sidearm,,0.5978,0.5756,Derke,Team Vitality,neon,False,,25,0,0,0,5,False,unknown,unknown,,,,Jamppi,Team Vitality,kayo,False,,25,0,0,0,7,True,unknown,unknown,,,,Sayonara,Team Vitality,sova,False,,25,0,2,0,2,False,phantom,rifle,,,,PROFEK,Team Vitality,astra,False,,25,0,0,0,7,True,unknown,unknown,,,
2468.433,4883,ACTIVE_ROUND,16,10,7,28.000,,,s0pp,FUT Esports,chamber,True,95,40,0,7,1,7,True,operator,sniper,,0.7456,0.7022,xeus,FUT Esports,jett,False,,50,2,1,1,7,True,phantom,rifle,,,,sociablEE,FUT Esports,fade,False,,50,0,0,0,4,False,phantom,rifle,,,,yetujey,FUT Esports,astra,True,100,50,0,0,0,7,True,shorty,sidearm,,0.8711,0.4767,KROSTALY,FUT Esports,kayo,False,,50,0,0,0,7,True,unknown,unknown,,,,Chronicle,Team Vitality,chamber,True,100,25,0,4,0,6,False,classic,sidearm,,0.6022,0.5667,Derke,Team Vitality,neon,False,,25,0,0,0,5,False,unknown,unknown,,,,Jamppi,Team Vitality,kayo,False,,25,0,0,0,7,True,unknown,unknown,,,,Sayonara,Team Vitality,sova,False,,25,0,2,0,2,False,phantom,rifle,,,,PROFEK,Team Vitality,astra,False,,25,0,0,0,7,True,unknown,unknown,,,
2468.916,4884,ACTIVE_ROUND,16,10,7,28.000,,,s0pp,FUT Esports,chamber,True,95,40,0,7,1,7,True,operator,sniper,,0.8456,0.4956,xeus,FUT Esports,jett,False,,50,2,1,1,7,True,phantom,rifle,,,,sociablEE,FUT Esports,fade,False,,50,0,0,0,4,False,phantom,rifle,,,,yetujey,FUT Esports,astra,True,100,50,0,0,0,7,True,phantom,rifle,,0.8711,0.4767,KROSTALY,FUT Esports,kayo,False,,50,0,0,0,7,True,unknown,unknown,,,,Chronicle,Team Vitality,chamber,True,100,25,0,4,0,6,False,guardian,rifle,,0.6022,0.5667,Derke,Team Vitality,neon,False,,25,0,0,0,5,False,unknown,unknown,,,,Jamppi,Team Vitality,kayo,False,,25,0,0,0,7,True,unknown,unknown,,,,Sayonara,Team Vitality,sova,False,,25,0,2,0,2,False,phantom,rifle,,,,PROFEK,Team Vitality,astra,False,,25,0,0,0,7,True,unknown,unknown,,,
2469.400,4885,ACTIVE_ROUND,16,10,7,27.000,,,s0pp,FUT Esports,chamber,True,95,40,0,7,1,7,True,operator,sniper,,0.8478,0.4956,xeus,FUT Esports,jett,False,,50,2,1,1,7,True,phantom,rifle,,,,sociablEE,FUT Esports,fade,False,,50,0,0,0,4,False,phantom,rifle,,,,yetujey,FUT Esports,astra,True,100,50,0,0,0,7,True,phantom,rifle,,0.8711,0.4767,KROSTALY,FUT Esports,kayo,False,,50,0,0,0,7,True,unknown,unknown,,,,Chronicle,Team Vitality,chamber,True,100,25,0,4,0,6,False,guardian,rifle,,0.6022,0.5667,Derke,Team Vitality,neon,False,,25,0,0,0,5,False,unknown,unknown,,,,Jamppi,Team Vitality,kayo,False,,25,0,0,0,7,True,unknown,unknown,,,,Sayonara,Team Vitality,sova,False,,25,0,2,0,2,False,phantom,rifle,,,,PROFEK,Team Vitality,astra,False,,25,0,0,0,7,True,unknown,unknown,,,
2469.884,4886,ACTIVE_ROUND,16,10,7,27.000,,,s0pp,FUT Esports,chamber,True,95,40,0,7,1,7,True,operator,sniper,,0.8478,0.4956,xeus,FUT Esports,jett,False,,50,2,1,1,7,True,phantom,rifle,,,,sociablEE,FUT Esports,fade,False,,50,0,0,0,4,False,phantom,rifle,,,,yetujey,FUT Esports,astra,True,100,50,0,0,0,7,True,phantom,rifle,,0.8711,0.4767,KROSTALY,FUT Esports,kayo,False,,50,0,0,0,7,True,unknown,unknown,,,,Chronicle,Team Vitality,chamber,True,100,25,0,4,0,6,False,guardian,rifle,,0.6022,0.5667,Derke,Team Vitality,neon,False,,25,0,0,0,5,False,unknown,unknown,,,,Jamppi,Team Vitality,kayo,False,,25,0,0,0,7,True,unknown,unknown,,,,Sayonara,Team Vitality,sova,False,,25,0,2,0,2,False,phantom,rifle,,,,PROFEK,Team Vitality,astra,False,,25,0,0,0,7,True,unknown,unknown,,,
2470.368,4887,ACTIVE_ROUND,16,10,7,26.000,,,s0pp,FUT Esports,chamber,True,95,40,0,7,1,7,True,operator,sniper,,0.8478,0.4956,xeus,FUT Esports,jett,False,,50,2,1,1,7,True,phantom,rifle,,,,sociablEE,FUT Esports,fade,False,,50,0,0,0,4,False,phantom,rifle,,,,yetujey,FUT Esports,astra,True,100,50,0,0,0,7,True,phantom,rifle,,0.8978,0.3989,KROSTALY,FUT Esports,kayo,False,,50,0,0,0,7,True,unknown,unknown,,,,Chronicle,Team Vitality,chamber,True,100,25,0,4,0,6,False,guardian,rifle,,0.6022,0.5667,Derke,Team Vitality,neon,False,,25,0,0,0,5,False,unknown,unknown,,,,Jamppi,Team Vitality,kayo,False,,25,0,0,0,7,True,unknown,unknown,,,,Sayonara,Team Vitality,sova,False,,25,0,2,0,2,False,phantom,rifle,,,,PROFEK,Team Vitality,astra,False,,25,0,0,0,7,True,unknown,unknown,,,
2470.852,4888,ACTIVE_ROUND,16,10,7,26.000,,,s0pp,FUT Esports,chamber,True,95,40,0,7,1,7,True,operator,sniper,,0.8478,0.4956,xeus,FUT Esports,jett,False,,50,2,1,1,7,True,phantom,rifle,,,,sociablEE,FUT Esports,fade,False,,50,0,0,0,4,False,phantom,rifle,,,,yetujey,FUT Esports,astra,True,100,50,0,0,0,7,True,phantom,rifle,,0.8978,0.3989,KROSTALY,FUT Esports,kayo,False,,50,0,0,0,7,True,unknown,unknown,,,,Chronicle,Team Vitality,chamber,True,100,25,0,4,0,6,False,guardian,rifle,,0.6022,0.5667,Derke,Team Vitality,neon,False,,25,0,0,0,5,False,unknown,unknown,,,,Jamppi,Team Vitality,kayo,False,,25,0,0,0,7,True,unknown,unknown,,,,Sayonara,Team Vitality,sova,False,,25,0,2,0,2,False,phantom,rifle,,,,PROFEK,Team Vitality,astra,False,,25,0,0,0,7,True,unknown,unknown,,,
2471.336,4889,ACTIVE_ROUND,16,10,7,25.000,,,s0pp,FUT Esports,chamber,True,95,40,0,7,1,7,True,operator,sniper,,0.8478,0.4956,xeus,FUT Esports,jett,False,,50,2,1,1,7,True,phantom,rifle,,,,sociablEE,FUT Esports,fade,False,,50,0,0,0,4,False,phantom,rifle,,,,yetujey,FUT Esports,astra,True,100,50,0,0,0,7,True,phantom,rifle,,0.8978,0.3989,KROSTALY,FUT Esports,kayo,False,,50,0,0,0,7,True,unknown,unknown,,,,Chronicle,Team Vitality,chamber,True,100,25,0,4,0,6,False,guardian,rifle,,0.6022,0.5667,Derke,Team Vitality,neon,False,,25,0,0,0,5,False,unknown,unknown,,,,Jamppi,Team Vitality,kayo,False,,25,0,0,0,7,True,unknown,unknown,,,,Sayonara,Team Vitality,sova,False,,25,0,2,0,2,False,phantom,rifle,,,,PROFEK,Team Vitality,astra,False,,25,0,0,0,7,True,unknown,unknown,,,
2472.303,4891,ACTIVE_ROUND,16,10,7,,0.000,,s0pp,FUT Esports,chamber,True,95,40,0,7,1,7,True,operator,sniper,,0.8456,0.5044,xeus,FUT Esports,jett,False,,50,2,1,1,7,True,phantom,rifle,,,,sociablEE,FUT Esports,fade,False,,50,0,0,0,4,False,phantom,rifle,,,,yetujey,FUT Esports,astra,True,100,50,0,0,0,7,True,phantom,rifle,,0.8978,0.3989,KROSTALY,FUT Esports,kayo,False,,50,0,0,0,7,True,unknown,unknown,,,,Chronicle,Team Vitality,chamber,True,100,25,0,4,0,6,False,guardian,rifle,,0.6822,0.5356,Derke,Team Vitality,neon,False,,25,0,0,0,5,False,unknown,unknown,,,,Jamppi,Team Vitality,kayo,False,,25,0,0,0,7,True,unknown,unknown,,,,Sayonara,Team Vitality,sova,False,,25,0,2,0,2,False,phantom,rifle,,,,PROFEK,Team Vitality,astra,False,,25,0,0,0,7,True,unknown,unknown,,,
2472.787,4892,ACTIVE_ROUND,16,10,7,,0.484,,s0pp,FUT Esports,chamber,True,95,40,0,7,1,7,True,operator,sniper,,0.8456,0.5044,xeus,FUT Esports,jett,False,,50,2,1,1,7,True,phantom,rifle,,,,sociablEE,FUT Esports,fade,False,,50,0,0,0,4,False,phantom,rifle,,,,yetujey,FUT Esports,astra,True,100,50,0,0,0,7,True,phantom,rifle,,0.8978,0.3989,KROSTALY,FUT Esports,kayo,False,,50,0,0,0,7,True,unknown,unknown,,,,Chronicle,Team Vitality,chamber,True,100,25,0,4,0,6,False,guardian,rifle,,0.6911,0.5289,Derke,Team Vitality,neon,False,,25,0,0,0,5,False,unknown,unknown,,,,Jamppi,Team Vitality,kayo,False,,25,0,0,0,7,True,unknown,unknown,,,,Sayonara,Team Vitality,sova,False,,25,0,2,0,2,False,phantom,rifle,,,,PROFEK,Team Vitality,astra,False,,25,0,0,0,7,True,unknown,unknown,,,
2473.271,4893,ACTIVE_ROUND,16,10,7,,0.968,,s0pp,FUT Esports,chamber,True,95,40,0,7,1,7,True,operator,sniper,,0.8456,0.5044,xeus,FUT Esports,jett,False,,50,2,1,1,7,True,phantom,rifle,,,,sociablEE,FUT Esports,fade,False,,50,0,0,0,4,False,phantom,rifle,,,,yetujey,FUT Esports,astra,True,100,50,0,0,0,7,True,phantom,rifle,,0.8978,0.3989,KROSTALY,FUT Esports,kayo,False,,50,0,0,0,7,True,unknown,unknown,,,,Chronicle,Team Vitality,chamber,True,100,25,0,4,0,6,False,guardian,rifle,,0.7000,0.5289,Derke,Team Vitality,neon,False,,25,0,0,0,5,False,unknown,unknown,,,,Jamppi,Team Vitality,kayo,False,,25,0,0,0,7,True,unknown,unknown,,,,Sayonara,Team Vitality,sova,False,,25,0,2,0,2,False,phantom,rifle,,,,PROFEK,Team Vitality,astra,False,,25,0,0,0,7,True,unknown,unknown,,,
2473.755,4894,ACTIVE_ROUND,16,10,7,,1.451,,s0pp,FUT Esports,chamber,True,95,40,0,7,1,7,True,operator,sniper,,0.8456,0.5044,xeus,FUT Esports,jett,False,,50,2,1,1,7,True,phantom,rifle,,,,sociablEE,FUT Esports,fade,False,,50,0,0,0,4,False,phantom,rifle,,,,yetujey,FUT Esports,astra,True,100,50,0,0,0,7,True,phantom,rifle,,0.8978,0.3989,KROSTALY,FUT Esports,kayo,False,,50,0,0,0,7,True,unknown,unknown,,,,Chronicle,Team Vitality,chamber,True,100,25,0,4,0,6,False,guardian,rifle,,0.7022,0.5200,Derke,Team Vitality,neon,False,,25,0,0,0,5,False,unknown,unknown,,,,Jamppi,Team Vitality,kayo,False,,25,0,0,0,7,True,unknown,unknown,,,,Sayonara,Team Vitality,sova,False,,25,0,2,0,2,False,phantom,rifle,,,,PROFEK,Team Vitality,astra,False,,25,0,0,0,7,True,unknown,unknown,,,
2474.238,4895,ACTIVE_ROUND,16,10,7,,1.935,,s0pp,FUT Esports,chamber,True,95,40,0,7,1,7,True,operator,sniper,,0.8411,0.5044,xeus,FUT Esports,jett,False,,50,2,1,1,7,True,phantom,rifle,,,,sociablEE,FUT Esports,fade,False,,50,0,0,0,4,False,phantom,rifle,,,,yetujey,FUT Esports,astra,True,100,50,0,0,0,7,True,phantom,rifle,,0.8978,0.3989,KROSTALY,FUT Esports,kayo,False,,50,0,0,0,7,True,unknown,unknown,,,,Chronicle,Team Vitality,chamber,True,100,25,0,4,0,6,False,guardian,rifle,,0.7022,0.5200,Derke,Team Vitality,neon,False,,25,0,0,0,5,False,unknown,unknown,,,,Jamppi,Team Vitality,kayo,False,,25,0,0,0,7,True,unknown,unknown,,,,Sayonara,Team Vitality,sova,False,,25,0,2,0,2,False,phantom,rifle,,,,PROFEK,Team Vitality,astra,False,,25,0,0,0,7,True,unknown,unknown,,,
2474.722,4896,ACTIVE_ROUND,16,10,7,,2.419,,s0pp,FUT Esports,chamber,True,95,40,0,7,1,7,True,operator,sniper,,0.8322,0.5044,xeus,FUT Esports,jett,False,,50,2,1,1,7,True,phantom,rifle,,,,sociablEE,FUT Esports,fade,False,,50,0,0,0,4,False,phantom,rifle,,,,yetujey,FUT Esports,astra,True,100,50,1,0,0,7,True,phantom,rifle,,0.8978,0.3989,KROSTALY,FUT Esports,kayo,False,,50,0,0,0,7,True,unknown,unknown,,,,Chronicle,Team Vitality,chamber,True,100,25,0,4,0,6,False,guardian,rifle,,0.6978,0.4978,Derke,Team Vitality,neon,False,,25,0,0,0,5,False,unknown,unknown,,,,Jamppi,Team Vitality,kayo,False,,25,0,0,0,7,True,unknown,unknown,,,,Sayonara,Team Vitality,sova,False,,25,0,2,0,2,False,phantom,rifle,,,,PROFEK,Team Vitality,astra,False,,25,0,0,0,7,True,unknown,unknown,,,
2475.206,4897,ACTIVE_ROUND,16,10,7,,2.903,,s0pp,FUT Esports,chamber,True,95,40,0,7,1,7,True,operator,sniper,,0.8211,0.5022,xeus,FUT Esports,jett,False,,50,2,1,1,7,True,phantom,rifle,,,,sociablEE,FUT Esports,fade,False,,50,0,0,0,4,False,phantom,rifle,,,,yetujey,FUT Esports,astra,True,100,50,1,0,0,7,True,phantom,rifle,,0.8978,0.3989,KROSTALY,FUT Esports,kayo,False,,50,0,0,0,7,True,unknown,unknown,,,,Chronicle,Team Vitality,chamber,True,100,25,0,4,0,6,False,guardian,rifle,,0.6978,0.4867,Derke,Team Vitality,neon,False,,25,0,0,0,5,False,unknown,unknown,,,,Jamppi,Team Vitality,kayo,False,,25,0,0,0,7,True,unknown,unknown,,,,Sayonara,Team Vitality,sova,False,,25,0,2,0,2,False,phantom,rifle,,,,PROFEK,Team Vitality,astra,False,,25,0,0,0,7,True,unknown,unknown,,,
2475.690,4898,ACTIVE_ROUND,16,10,7,,3.387,,s0pp,FUT Esports,chamber,True,95,40,0,7,1,7,True,operator,sniper,,0.8078,0.5022,xeus,FUT Esports,jett,False,,50,2,1,1,7,True,phantom,rifle,,,,sociablEE,FUT Esports,fade,False,,50,0,0,0,4,False,phantom,rifle,,,,yetujey,FUT Esports,astra,True,100,50,1,0,0,7,True,phantom,rifle,,0.8711,0.4811,KROSTALY,FUT Esports,kayo,False,,50,0,0,0,7,True,unknown,unknown,,,,Chronicle,Team Vitality,chamber,True,100,25,0,4,0,6,False,guardian,rifle,,0.6978,0.4867,Derke,Team Vitality,neon,False,,25,0,0,0,5,False,unknown,unknown,,,,Jamppi,Team Vitality,kayo,False,,25,0,0,0,7,True,unknown,unknown,,,,Sayonara,Team Vitality,sova,False,,25,0,2,0,2,False,phantom,rifle,,,,PROFEK,Team Vitality,astra,False,,25,0,0,0,7,True,unknown,unknown,,,
2476.174,4899,ACTIVE_ROUND,16,10,7,,3.871,,s0pp,FUT Esports,chamber,True,95,40,0,7,1,7,True,operator,sniper,,0.8033,0.5022,xeus,FUT Esports,jett,False,,50,2,1,1,7,True,phantom,rifle,,,,sociablEE,FUT Esports,fade,False,,50,0,0,0,4,False,phantom,rifle,,,,yetujey,FUT Esports,astra,True,100,50,1,0,0,7,True,phantom,rifle,,0.8933,0.4811,KROSTALY,FUT Esports,kayo,False,,50,0,0,0,7,True,unknown,unknown,,,,Chronicle,Team Vitality,chamber,True,100,25,0,4,0,6,False,guardian,rifle,,0.6978,0.4622,Derke,Team Vitality,neon,False,,25,0,0,0,5,False,unknown,unknown,,,,Jamppi,Team Vitality,kayo,False,,25,0,0,0,7,True,unknown,unknown,,,,Sayonara,Team Vitality,sova,False,,25,0,2,0,2,False,phantom,rifle,,,,PROFEK,Team Vitality,astra,False,,25,0,0,0,7,True,unknown,unknown,,,
2476.658,4900,ACTIVE_ROUND,16,10,7,,4.354,,s0pp,FUT Esports,chamber,True,95,40,0,7,1,7,True,operator,sniper,,0.8056,0.5022,xeus,FUT Esports,jett,False,,50,2,1,1,7,True,phantom,rifle,,,,sociablEE,FUT Esports,fade,False,,50,0,0,0,4,False,phantom,rifle,,,,yetujey,FUT Esports,astra,True,100,50,1,1,0,7,True,phantom,rifle,,0.9089,0.4856,KROSTALY,FUT Esports,kayo,False,,50,0,0,0,7,True,unknown,unknown,,,,Chronicle,Team Vitality,chamber,True,100,25,0,4,0,6,False,guardian,rifle,,0.6978,0.4467,Derke,Team Vitality,neon,False,,25,0,0,0,5,False,unknown,unknown,,,,Jamppi,Team Vitality,kayo,False,,25,0,0,0,7,True,unknown,unknown,,,,Sayonara,Team Vitality,sova,False,,25,0,2,0,2,False,phantom,rifle,,,,PROFEK,Team Vitality,astra,False,,25,0,0,0,7,True,unknown,unknown,,,
2477.141,4901,ACTIVE_ROUND,16,10,7,,4.838,,s0pp,FUT Esports,chamber,True,95,40,0,7,1,7,True,operator,sniper,,0.8078,0.5022,xeus,FUT Esports,jett,False,,50,2,1,1,7,True,phantom,rifle,,,,sociablEE,FUT Esports,fade,False,,50,0,0,0,4,False,phantom,rifle,,,,yetujey,FUT Esports,astra,True,100,50,1,1,0,7,True,phantom,rifle,,0.9244,0.4922,KROSTALY,FUT Esports,kayo,False,,50,0,0,0,7,True,unknown,unknown,,,,Chronicle,Team Vitality,chamber,True,100,25,0,4,0,6,False,guardian,rifle,,0.6956,0.4356,Derke,Team Vitality,neon,False,,25,0,0,0,5,False,unknown,unknown,,,,Jamppi,Team Vitality,kayo,False,,25,0,0,0,7,True,unknown,unknown,,,,Sayonara,Team Vitality,sova,False,,25,0,2,0,2,False,phantom,rifle,,,,PROFEK,Team Vitality,astra,False,,25,0,0,0,7,True,unknown,unknown,,,
2477.625,4902,ACTIVE_ROUND,16,10,7,,5.322,,s0pp,FUT Esports,chamber,True,95,40,0,7,1,7,True,operator,sniper,,0.8078,0.5022,xeus,FUT Esports,jett,False,,50,2,1,1,7,True,phantom,rifle,,,,sociablEE,FUT Esports,fade,False,,50,0,0,0,4,False,phantom,rifle,,,,yetujey,FUT Esports,astra,True,100,50,1,1,0,7,True,phantom,rifle,,0.9422,0.5011,KROSTALY,FUT Esports,kayo,False,,50,0,0,0,7,True,unknown,unknown,,,,Chronicle,Team Vitality,chamber,True,100,25,0,4,0,6,False,guardian,rifle,,0.6844,0.4222,Derke,Team Vitality,neon,False,,25,0,0,0,5,False,unknown,unknown,,,,Jamppi,Team Vitality,kayo,False,,25,0,0,0,7,True,unknown,unknown,,,,Sayonara,Team Vitality,sova,False,,25,0,2,0,2,False,phantom,rifle,,,,PROFEK,Team Vitality,astra,False,,25,0,0,0,7,True,unknown,unknown,,,
2478.109,4903,ACTIVE_ROUND,16,10,7,,5.806,,s0pp,FUT Esports,chamber,True,95,40,0,7,1,7,True,operator,sniper,,0.8144,0.5022,xeus,FUT Esports,jett,False,,50,2,1,1,7,True,phantom,rifle,,,,sociablEE,FUT Esports,fade,False,,50,0,0,0,4,False,phantom,rifle,,,,yetujey,FUT Esports,astra,True,100,50,1,1,0,7,True,phantom,rifle,,0.9556,0.5167,KROSTALY,FUT Esports,kayo,False,,50,0,0,0,7,True,unknown,unknown,,,,Chronicle,Team Vitality,chamber,True,100,25,0,4,0,6,False,guardian,rifle,,0.6844,0.4333,Derke,Team Vitality,neon,False,,25,0,0,0,5,False,unknown,unknown,,,,Jamppi,Team Vitality,kayo,False,,25,0,0,0,7,True,unknown,unknown,,,,Sayonara,Team Vitality,sova,False,,25,0,2,0,2,False,phantom,rifle,,,,PROFEK,Team Vitality,astra,False,,25,0,0,0,7,True,unknown,unknown,,,
2478.593,4904,ACTIVE_ROUND,16,10,7,,6.290,,s0pp,FUT Esports,chamber,True,95,40,0,7,1,7,True,operator,sniper,,0.8233,0.5000,xeus,FUT Esports,jett,False,,50,2,1,1,7,True,phantom,rifle,,,,sociablEE,FUT Esports,fade,False,,50,0,0,0,4,False,phantom,rifle,,,,yetujey,FUT Esports,astra,True,100,50,1,1,0,7,True,phantom,rifle,,0.9600,0.5367,KROSTALY,FUT Esports,kayo,False,,50,0,0,0,7,True,unknown,unknown,,,,Chronicle,Team Vitality,chamber,True,100,25,0,4,0,6,False,phantom,rifle,,0.6889,0.4200,Derke,Team Vitality,neon,False,,25,0,0,0,5,False,unknown,unknown,,,,Jamppi,Team Vitality,kayo,False,,25,0,0,0,7,True,unknown,unknown,,,,Sayonara,Team Vitality,sova,False,,25,0,2,0,2,False,phantom,rifle,,,,PROFEK,Team Vitality,astra,False,,25,0,0,0,7,True,unknown,unknown,,,
2479.077,4905,ACTIVE_ROUND,16,10,7,,6.773,,s0pp,FUT Esports,chamber,True,95,40,0,7,1,7,True,operator,sniper,,0.8300,0.4911,xeus,FUT Esports,jett,False,,50,2,1,1,7,True,phantom,rifle,,,,sociablEE,FUT Esports,fade,False,,50,0,0,0,4,False,phantom,rifle,,,,yetujey,FUT Esports,astra,True,100,50,1,1,0,7,True,phantom,rifle,,0.9600,0.5367,KROSTALY,FUT Esports,kayo,False,,50,0,0,0,7,True,unknown,unknown,,,,Chronicle,Team Vitality,chamber,True,100,25,0,4,0,6,False,phantom,rifle,,0.6889,0.4200,Derke,Team Vitality,neon,False,,25,0,0,0,5,False,unknown,unknown,,,,Jamppi,Team Vitality,kayo,False,,25,0,0,0,7,True,unknown,unknown,,,,Sayonara,Team Vitality,sova,False,,25,0,2,0,2,False,phantom,rifle,,,,PROFEK,Team Vitality,astra,False,,25,0,0,0,7,True,unknown,unknown,,,
2479.560,4906,ACTIVE_ROUND,16,10,7,,7.257,,s0pp,FUT Esports,chamber,True,95,40,0,7,1,7,True,operator,sniper,,0.8322,0.4800,xeus,FUT Esports,jett,False,,50,2,1,1,7,True,phantom,rifle,,,,sociablEE,FUT Esports,fade,False,,50,0,0,0,4,False,phantom,rifle,,,,yetujey,FUT Esports,astra,True,100,50,1,1,0,7,True,phantom,rifle,,0.9467,0.5500,KROSTALY,FUT Esports,kayo,False,,50,0,0,0,7,True,unknown,unknown,,,,Chronicle,Team Vitality,chamber,True,100,25,0,4,0,6,False,phantom,rifle,,0.7178,0.3867,Derke,Team Vitality,neon,False,,25,0,0,0,5,False,unknown,unknown,,,,Jamppi,Team Vitality,kayo,False,,25,0,0,0,7,True,unknown,unknown,,,,Sayonara,Team Vitality,sova,False,,25,0,2,0,2,False,phantom,rifle,,,,PROFEK,Team Vitality,astra,False,,25,0,0,0,7,True,unknown,unknown,,,
2480.044,4907,ACTIVE_ROUND,16,10,7,,7.741,,s0pp,FUT Esports,chamber,True,95,40,0,7,1,7,True,operator,sniper,,0.8367,0.4711,xeus,FUT Esports,jett,False,,50,2,1,1,7,True,phantom,rifle,,,,sociablEE,FUT Esports,fade,False,,50,0,0,0,4,False,phantom,rifle,,,,yetujey,FUT Esports,astra,True,100,50,1,1,0,7,True,phantom,rifle,,0.9467,0.5478,KROSTALY,FUT Esports,kayo,False,,50,0,0,0,7,True,unknown,unknown,,,,Chronicle,Team Vitality,chamber,True,100,25,0,4,0,6,False,phantom,rifle,,0.7178,0.3867,Derke,Team Vitality,neon,False,,25,0,0,0,5,False,unknown,unknown,,,,Jamppi,Team Vitality,kayo,False,,25,0,0,0,7,True,unknown,unknown,,,,Sayonara,Team Vitality,sova,False,,25,0,2,0,2,False,phantom,rifle,,,,PROFEK,Team Vitality,astra,False,,25,0,0,0,7,True,unknown,unknown,,,
2480.528,4908,ACTIVE_ROUND,16,10,7,,8.225,,s0pp,FUT Esports,chamber,True,95,40,0,7,1,7,True,operator,sniper,,0.8367,0.4711,xeus,FUT Esports,jett,False,,50,2,1,1,7,True,phantom,rifle,,,,sociablEE,FUT Esports,fade,False,,50,0,0,0,4,False,phantom,rifle,,,,yetujey,FUT Esports,astra,True,100,50,1,1,0,7,True,phantom,rifle,,0.9467,0.5478,KROSTALY,FUT Esports,kayo,False,,50,0,0,0,7,True,unknown,unknown,,,,Chronicle,Team Vitality,chamber,True,100,25,0,4,0,6,False,phantom,rifle,,0.7511,0.3667,Derke,Team Vitality,neon,False,,25,0,0,0,5,False,unknown,unknown,,,,Jamppi,Team Vitality,kayo,False,,25,0,0,0,7,True,unknown,unknown,,,,Sayonara,Team Vitality,sova,False,,25,0,2,0,2,False,phantom,rifle,,,,PROFEK,Team Vitality,astra,False,,25,0,0,0,7,True,unknown,unknown,,,
2481.012,4909,ACTIVE_ROUND,16,10,7,,8.709,,s0pp,FUT Esports,chamber,True,95,40,0,7,1,7,True,operator,sniper,,0.7211,0.3778,xeus,FUT Esports,jett,False,,50,2,1,1,7,True,phantom,rifle,,,,sociablEE,FUT Esports,fade,False,,50,0,0,0,4,False,phantom,rifle,,,,yetujey,FUT Esports,astra,True,100,50,1,1,0,7,True,phantom,rifle,,0.9467,0.5478,KROSTALY,FUT Esports,kayo,False,,50,0,0,0,7,True,unknown,unknown,,,,Chronicle,Team Vitality,chamber,True,100,25,0,4,0,6,False,phantom,rifle,,0.7689,0.3600,Derke,Team Vitality,neon,False,,25,0,0,0,5,False,unknown,unknown,,,,Jamppi,Team Vitality,kayo,False,,25,0,0,0,7,True,unknown,unknown,,,,Sayonara,Team Vitality,sova,False,,25,0,2,0,2,False,phantom,rifle,,,,PROFEK,Team Vitality,astra,False,,25,0,0,0,7,True,unknown,unknown,,,
2481.496,4910,ACTIVE_ROUND,16,10,7,,9.193,,s0pp,FUT Esports,chamber,True,95,40,0,7,1,7,True,operator,sniper,,0.2722,0.8089,xeus,FUT Esports,jett,False,,50,2,1,1,7,True,phantom,rifle,,,,sociablEE,FUT Esports,fade,False,,50,0,0,0,4,False,phantom,rifle,,,,yetujey,FUT Esports,astra,True,100,50,1,1,0,7,True,phantom,rifle,,0.9444,0.5478,KROSTALY,FUT Esports,kayo,False,,50,0,0,0,7,True,unknown,unknown,,,,Chronicle,Team Vitality,chamber,True,100,25,0,4,0,6,False,phantom,rifle,,0.7778,0.3578,Derke,Team Vitality,neon,False,,25,0,0,0,5,False,unknown,unknown,,,,Jamppi,Team Vitality,kayo,False,,25,0,0,0,7,True,unknown,unknown,,,,Sayonara,Team Vitality,sova,False,,25,0,2,0,2,False,phantom,rifle,,,,PROFEK,Team Vitality,astra,False,,25,0,0,0,7,True,unknown,unknown,,,
2481.979,4911,ACTIVE_ROUND,16,10,7,,9.676,,s0pp,FUT Esports,chamber,True,95,40,0,7,1,7,True,operator,sniper,,0.8678,0.5800,xeus,FUT Esports,jett,False,,50,2,1,1,7,True,phantom,rifle,,,,sociablEE,FUT Esports,fade,False,,50,0,0,0,4,False,phantom,rifle,,,,yetujey,FUT Esports,astra,True,100,50,1,1,0,7,True,phantom,rifle,,0.9378,0.5611,KROSTALY,FUT Esports,kayo,False,,50,0,0,0,7,True,unknown,unknown,,,,Chronicle,Team Vitality,chamber,True,100,25,0,4,0,6,False,phantom,rifle,,0.7778,0.3667,Derke,Team Vitality,neon,False,,25,0,0,0,5,False,unknown,unknown,,,,Jamppi,Team Vitality,kayo,False,,25,0,0,0,7,True,unknown,unknown,,,,Sayonara,Team Vitality,sova,False,,25,0,2,0,2,False,phantom,rifle,,,,PROFEK,Team Vitality,astra,False,,25,0,0,0,7,True,unknown,unknown,,,
2482.463,4912,ACTIVE_ROUND,16,10,7,,10.160,,s0pp,FUT Esports,chamber,True,95,40,0,7,1,7,True,operator,sniper,,0.2722,0.8089,xeus,FUT Esports,jett,False,,50,2,1,1,7,True,phantom,rifle,,,,sociablEE,FUT Esports,fade,False,,50,0,0,0,4,False,phantom,rifle,,,,yetujey,FUT Esports,astra,True,100,50,0,0,0,7,True,phantom,rifle,,0.9200,0.5611,KROSTALY,FUT Esports,kayo,False,,50,0,0,0,7,True,unknown,unknown,,,,Chronicle,Team Vitality,chamber,True,100,25,0,4,1,6,False,phantom,rifle,,0.7867,0.3711,Derke,Team Vitality,neon,False,,25,0,0,0,5,False,unknown,unknown,,,,Jamppi,Team Vitality,kayo,False,,25,0,0,0,7,True,unknown,unknown,,,,Sayonara,Team Vitality,sova,False,,25,0,2,0,2,False,phantom,rifle,,,,PROFEK,Team Vitality,astra,False,,25,0,0,0,7,True,unknown,unknown,,,
2482.947,4913,ACTIVE_ROUND,16,10,7,,10.644,,s0pp,FUT Esports,chamber,True,95,40,0,7,1,7,True,operator,sniper,,0.2722,0.8089,xeus,FUT Esports,jett,False,,50,2,1,1,7,True,phantom,rifle,,,,sociablEE,FUT Esports,fade,False,,50,0,0,0,4,False,phantom,rifle,,,,yetujey,FUT Esports,astra,True,100,50,0,0,0,7,True,phantom,rifle,,0.8711,0.4767,KROSTALY,FUT Esports,kayo,False,,50,0,0,0,7,True,unknown,unknown,,,,Chronicle,Team Vitality,chamber,True,100,25,0,4,1,6,False,phantom,rifle,,0.7933,0.3800,Derke,Team Vitality,neon,False,,25,0,0,0,5,False,unknown,unknown,,,,Jamppi,Team Vitality,kayo,False,,25,0,0,0,7,True,unknown,unknown,,,,Sayonara,Team Vitality,sova,False,,25,0,2,0,2,False,phantom,rifle,,,,PROFEK,Team Vitality,astra,False,,25,0,0,0,7,True,unknown,unknown,,,
2483.431,4914,ACTIVE_ROUND,16,10,7,,11.128,,s0pp,FUT Esports,chamber,True,95,40,0,7,1,7,True,operator,sniper,,0.5833,0.7244,xeus,FUT Esports,jett,False,,50,2,1,1,7,True,phantom,rifle,,,,sociablEE,FUT Esports,fade,False,,50,0,0,0,4,False,phantom,rifle,,,,yetujey,FUT Esports,astra,True,100,50,0,0,0,7,True,phantom,rifle,,0.8711,0.4767,KROSTALY,FUT Esports,kayo,False,,50,0,0,0,7,True,unknown,unknown,,,,Chronicle,Team Vitality,chamber,True,100,25,0,4,1,6,False,phantom,rifle,,0.7933,0.3800,Derke,Team Vitality,neon,False,,25,0,0,0,5,False,unknown,unknown,,,,Jamppi,Team Vitality,kayo,False,,25,0,0,0,7,True,unknown,unknown,,,,Sayonara,Team Vitality,sova,False,,25,0,2,0,2,False,phantom,rifle,,,,PROFEK,Team Vitality,astra,False,,25,0,0,0,7,True,unknown,unknown,,,
2483.915,4915,ACTIVE_ROUND,16,10,7,,11.612,,s0pp,FUT Esports,chamber,True,95,40,0,7,1,7,True,operator,sniper,,0.5833,0.7244,xeus,FUT Esports,jett,False,,50,2,1,1,7,True,phantom,rifle,,,,sociablEE,FUT Esports,fade,False,,50,0,0,0,4,False,phantom,rifle,,,,yetujey,FUT Esports,astra,True,100,50,0,0,0,7,True,phantom,rifle,,0.8711,0.4767,KROSTALY,FUT Esports,kayo,False,,50,0,0,0,7,True,unknown,unknown,,,,Chronicle,Team Vitality,chamber,True,100,25,0,4,1,6,False,phantom,rifle,,0.7978,0.3844,Derke,Team Vitality,neon,False,,25,0,0,0,5,False,unknown,unknown,,,,Jamppi,Team Vitality,kayo,False,,25,0,0,0,7,True,unknown,unknown,,,,Sayonara,Team Vitality,sova,False,,25,0,2,0,2,False,phantom,rifle,,,,PROFEK,Team Vitality,astra,False,,25,0,0,0,7,True,unknown,unknown,,,
2484.399,4916,ACTIVE_ROUND,16,10,7,,12.095,,s0pp,FUT Esports,chamber,True,95,40,0,7,1,7,True,operator,sniper,,0.5833,0.7244,xeus,FUT Esports,jett,False,,50,2,1,1,7,True,phantom,rifle,,,,sociablEE,FUT Esports,fade,False,,50,0,0,0,4,False,phantom,rifle,,,,yetujey,FUT Esports,astra,True,100,50,0,0,0,7,True,phantom,rifle,,0.8711,0.4767,KROSTALY,FUT Esports,kayo,False,,50,0,0,0,7,True,unknown,unknown,,,,Chronicle,Team Vitality,chamber,True,100,25,0,4,1,7,False,phantom,rifle,,0.8044,0.3756,Derke,Team Vitality,neon,False,,25,0,0,0,5,False,unknown,unknown,,,,Jamppi,Team Vitality,kayo,False,,25,0,0,0,7,True,unknown,unknown,,,,Sayonara,Team Vitality,sova,False,,25,0,2,0,2,False,phantom,rifle,,,,PROFEK,Team Vitality,astra,False,,25,0,0,0,7,True,unknown,unknown,,,
2484.882,4917,ACTIVE_ROUND,16,10,7,,12.579,,s0pp,FUT Esports,chamber,True,95,40,0,7,1,7,True,operator,sniper,,0.6011,0.8489,xeus,FUT Esports,jett,False,,50,2,1,1,7,True,phantom,rifle,,,,sociablEE,FUT Esports,fade,False,,50,0,0,0,4,False,phantom,rifle,,,,yetujey,FUT Esports,astra,True,100,50,0,0,0,7,True,phantom,rifle,,0.8711,0.4767,KROSTALY,FUT Esports,kayo,False,,50,0,0,0,7,True,unknown,unknown,,,,Chronicle,Team Vitality,chamber,True,100,25,0,4,1,7,False,phantom,rifle,,0.8178,0.3733,Derke,Team Vitality,neon,False,,25,0,0,0,5,False,unknown,unknown,,,,Jamppi,Team Vitality,kayo,False,,25,0,0,0,7,True,unknown,unknown,,,,Sayonara,Team Vitality,sova,False,,25,0,2,0,2,False,phantom,rifle,,,,PROFEK,Team Vitality,astra,False,,25,0,0,0,7,True,unknown,unknown,,,
2485.366,4918,ACTIVE_ROUND,16,10,7,,13.063,,s0pp,FUT Esports,chamber,True,95,40,0,7,1,7,True,operator,sniper,,0.6011,0.8444,xeus,FUT Esports,jett,False,,50,2,1,1,7,True,phantom,rifle,,,,sociablEE,FUT Esports,fade,False,,50,0,0,0,4,False,phantom,rifle,,,,yetujey,FUT Esports,astra,True,100,50,0,0,0,7,True,phantom,rifle,,0.9044,0.5478,KROSTALY,FUT Esports,kayo,False,,50,0,0,0,7,True,unknown,unknown,,,,Chronicle,Team Vitality,chamber,True,100,25,0,4,1,7,False,phantom,rifle,,0.8244,0.3800,Derke,Team Vitality,neon,False,,25,0,0,0,5,False,unknown,unknown,,,,Jamppi,Team Vitality,kayo,False,,25,0,0,0,7,True,unknown,unknown,,,,Sayonara,Team Vitality,sova,False,,25,0,2,0,2,False,phantom,rifle,,,,PROFEK,Team Vitality,astra,False,,25,0,0,0,7,True,unknown,unknown,,,
2485.850,4919,ACTIVE_ROUND,16,10,7,,13.547,,s0pp,FUT Esports,chamber,True,95,40,0,7,1,7,True,operator,sniper,,0.6011,0.8533,xeus,FUT Esports,jett,False,,50,2,1,1,7,True,phantom,rifle,,,,sociablEE,FUT Esports,fade,False,,50,0,0,0,4,False,phantom,rifle,,,,yetujey,FUT Esports,astra,True,100,50,0,0,0,7,True,phantom,rifle,,0.9022,0.5611,KROSTALY,FUT Esports,kayo,False,,50,0,0,0,7,True,unknown,unknown,,,,Chronicle,Team Vitality,chamber,True,100,25,0,4,1,7,False,phantom,rifle,,0.8178,0.3711,Derke,Team Vitality,neon,False,,25,0,0,0,5,False,unknown,unknown,,,,Jamppi,Team Vitality,kayo,False,,25,0,0,0,7,True,unknown,unknown,,,,Sayonara,Team Vitality,sova,False,,25,0,2,0,2,False,phantom,rifle,,,,PROFEK,Team Vitality,astra,False,,25,0,0,0,7,True,unknown,unknown,,,
2486.334,4920,ACTIVE_ROUND,16,10,7,,14.031,,s0pp,FUT Esports,chamber,True,95,40,0,7,1,7,True,operator,sniper,,0.7456,0.7022,xeus,FUT Esports,jett,False,,50,2,1,1,7,True,phantom,rifle,,,,sociablEE,FUT Esports,fade,False,,50,0,0,0,4,False,phantom,rifle,,,,yetujey,FUT Esports,astra,True,100,50,0,0,0,7,True,phantom,rifle,,0.9022,0.5611,KROSTALY,FUT Esports,kayo,False,,50,0,0,0,7,True,unknown,unknown,,,,Chronicle,Team Vitality,chamber,True,100,25,0,4,1,7,False,phantom,rifle,,0.8133,0.3622,Derke,Team Vitality,neon,False,,25,0,0,0,5,False,unknown,unknown,,,,Jamppi,Team Vitality,kayo,False,,25,0,0,0,7,True,unknown,unknown,,,,Sayonara,Team Vitality,sova,False,,25,0,2,0,2,False,phantom,rifle,,,,PROFEK,Team Vitality,astra,False,,25,0,0,0,7,True,unknown,unknown,,,
2486.818,4921,ACTIVE_ROUND,16,10,7,,14.515,,s0pp,FUT Esports,chamber,True,95,40,0,7,1,7,True,operator,sniper,,0.2856,0.7378,xeus,FUT Esports,jett,False,,50,2,1,1,7,True,phantom,rifle,,,,sociablEE,FUT Esports,fade,False,,50,0,0,0,4,False,phantom,rifle,,,,yetujey,FUT Esports,astra,True,100,50,0,0,0,7,True,phantom,rifle,,0.9089,0.5500,KROSTALY,FUT Esports,kayo,False,,50,0,0,0,7,True,unknown,unknown,,,,Chronicle,Team Vitality,chamber,True,100,25,0,4,1,7,False,phantom,rifle,,0.8067,0.3578,Derke,Team Vitality,neon,False,,25,0,0,0,5,False,unknown,unknown,,,,Jamppi,Team Vitality,kayo,False,,25,0,0,0,7,True,unknown,unknown,,,,Sayonara,Team Vitality,sova,False,,25,0,2,0,2,False,phantom,rifle,,,,PROFEK,Team Vitality,astra,False,,25,0,0,0,7,True,unknown,unknown,,,
2487.301,4922,ACTIVE_ROUND,16,10,7,,14.998,,s0pp,FUT Esports,chamber,True,95,40,0,7,1,7,True,operator,sniper,,0.7633,0.5044,xeus,FUT Esports,jett,False,,50,2,1,1,7,True,phantom,rifle,,,,sociablEE,FUT Esports,fade,False,,50,0,0,0,4,False,phantom,rifle,,,,yetujey,FUT Esports,astra,True,100,50,0,0,0,7,True,phantom,rifle,,0.9089,0.5500,KROSTALY,FUT Esports,kayo,False,,50,0,0,0,7,True,unknown,unknown,,,,Chronicle,Team Vitality,chamber,True,100,25,0,4,1,7,False,phantom,rifle,,0.8067,0.3578,Derke,Team Vitality,neon,False,,25,0,0,0,5,False,unknown,unknown,,,,Jamppi,Team Vitality,kayo,False,,25,0,0,0,7,True,unknown,unknown,,,,Sayonara,Team Vitality,sova,False,,25,0,2,0,2,False,phantom,rifle,,,,PROFEK,Team Vitality,astra,False,,25,0,0,0,7,True,unknown,unknown,,,
2487.785,4923,ACTIVE_ROUND,16,10,7,,15.482,,s0pp,FUT Esports,chamber,True,95,40,0,7,1,7,True,operator,sniper,,0.7767,0.4311,xeus,FUT Esports,jett,False,,50,2,1,1,7,True,phantom,rifle,,,,sociablEE,FUT Esports,fade,False,,50,0,0,0,4,False,phantom,rifle,,,,yetujey,FUT Esports,astra,True,100,50,0,0,0,7,True,phantom,rifle,,0.9044,0.5544,KROSTALY,FUT Esports,kayo,False,,50,0,0,0,7,True,unknown,unknown,,,,Chronicle,Team Vitality,chamber,True,100,25,0,4,1,7,False,phantom,rifle,,0.8067,0.3578,Derke,Team Vitality,neon,False,,25,0,0,0,5,False,unknown,unknown,,,,Jamppi,Team Vitality,kayo,False,,25,0,0,0,7,True,unknown,unknown,,,,Sayonara,Team Vitality,sova,False,,25,0,2,0,2,False,phantom,rifle,,,,PROFEK,Team Vitality,astra,False,,25,0,0,0,7,True,unknown,unknown,,,
2488.269,4924,ACTIVE_ROUND,16,10,7,,15.966,,s0pp,FUT Esports,chamber,True,95,40,0,7,1,7,True,operator,sniper,,0.7767,0.4311,xeus,FUT Esports,jett,False,,50,2,1,1,7,True,phantom,rifle,,,,sociablEE,FUT Esports,fade,False,,50,0,0,0,4,False,phantom,rifle,,,,yetujey,FUT Esports,astra,True,100,50,0,0,0,7,True,phantom,rifle,,0.9022,0.5544,KROSTALY,FUT Esports,kayo,False,,50,0,0,0,7,True,unknown,unknown,,,,Chronicle,Team Vitality,chamber,True,100,25,0,4,1,7,False,phantom,rifle,,0.8044,0.3578,Derke,Team Vitality,neon,False,,25,0,0,0,5,False,unknown,unknown,,,,Jamppi,Team Vitality,kayo,False,,25,0,0,0,7,True,unknown,unknown,,,,Sayonara,Team Vitality,sova,False,,25,0,2,0,2,False,phantom,rifle,,,,PROFEK,Team Vitality,astra,False,,25,0,0,0,7,True,unknown,unknown,,,
2488.753,4925,ACTIVE_ROUND,16,10,7,,16.450,,s0pp,FUT Esports,chamber,True,95,40,0,7,1,7,True,operator,sniper,,0.7767,0.4311,xeus,FUT Esports,jett,False,,50,2,1,1,7,True,phantom,rifle,,,,sociablEE,FUT Esports,fade,False,,50,0,0,0,4,False,phantom,rifle,,,,yetujey,FUT Esports,astra,True,100,50,0,0,0,7,True,phantom,rifle,,0.9022,0.5567,KROSTALY,FUT Esports,kayo,False,,50,0,0,0,7,True,unknown,unknown,,,,Chronicle,Team Vitality,chamber,True,100,25,0,4,1,7,False,phantom,rifle,,0.8067,0.3578,Derke,Team Vitality,neon,False,,25,0,0,0,5,False,unknown,unknown,,,,Jamppi,Team Vitality,kayo,False,,25,0,0,0,7,True,unknown,unknown,,,,Sayonara,Team Vitality,sova,False,,25,0,2,0,2,False,phantom,rifle,,,,PROFEK,Team Vitality,astra,False,,25,0,0,0,7,True,unknown,unknown,,,
2489.237,4926,ACTIVE_ROUND,16,10,7,,16.934,,s0pp,FUT Esports,chamber,True,95,40,0,7,1,7,True,operator,sniper,,0.7767,0.4311,xeus,FUT Esports,jett,False,,50,2,1,1,7,True,phantom,rifle,,,,sociablEE,FUT Esports,fade,False,,50,0,0,0,4,False,phantom,rifle,,,,yetujey,FUT Esports,astra,True,100,50,0,0,0,7,True,phantom,rifle,,0.9000,0.5567,KROSTALY,FUT Esports,kayo,False,,50,0,0,0,7,True,unknown,unknown,,,,Chronicle,Team Vitality,chamber,True,100,25,0,4,1,7,False,phantom,rifle,,0.8067,0.3578,Derke,Team Vitality,neon,False,,25,0,0,0,5,False,unknown,unknown,,,,Jamppi,Team Vitality,kayo,False,,25,0,0,0,7,True,unknown,unknown,,,,Sayonara,Team Vitality,sova,False,,25,0,2,0,2,False,phantom,rifle,,,,PROFEK,Team Vitality,astra,False,,25,0,0,0,7,True,unknown,unknown,,,
2489.721,4927,ACTIVE_ROUND,16,10,7,,17.417,,s0pp,FUT Esports,chamber,True,95,40,0,7,1,7,True,operator,sniper,,0.7767,0.4311,xeus,FUT Esports,jett,False,,50,2,1,1,7,True,phantom,rifle,,,,sociablEE,FUT Esports,fade,False,,50,0,0,0,4,False,phantom,rifle,,,,yetujey,FUT Esports,astra,True,100,50,0,0,0,7,True,phantom,rifle,,0.9000,0.5544,KROSTALY,FUT Esports,kayo,False,,50,0,0,0,7,True,unknown,unknown,,,,Chronicle,Team Vitality,chamber,True,100,25,0,4,1,7,False,phantom,rifle,,0.8067,0.3578,Derke,Team Vitality,neon,False,,25,0,0,0,5,False,unknown,unknown,,,,Jamppi,Team Vitality,kayo,False,,25,0,0,0,7,True,unknown,unknown,,,,Sayonara,Team Vitality,sova,False,,25,0,2,0,2,False,phantom,rifle,,,,PROFEK,Team Vitality,astra,False,,25,0,0,0,7,True,unknown,unknown,,,
2490.204,4928,ACTIVE_ROUND,16,10,7,,17.901,,s0pp,FUT Esports,chamber,True,95,40,0,7,1,7,True,operator,sniper,,0.5211,0.5600,xeus,FUT Esports,jett,False,,50,2,1,1,7,True,phantom,rifle,,,,sociablEE,FUT Esports,fade,False,,50,0,0,0,4,False,phantom,rifle,,,,yetujey,FUT Esports,astra,True,100,50,0,0,0,7,True,phantom,rifle,,0.9000,0.5544,KROSTALY,FUT Esports,kayo,False,,50,0,0,0,7,True,unknown,unknown,,,,Chronicle,Team Vitality,chamber,True,100,25,0,4,1,7,False,phantom,rifle,,0.8089,0.3578,Derke,Team Vitality,neon,False,,25,0,0,0,5,False,unknown,unknown,,,,Jamppi,Team Vitality,kayo,False,,25,0,0,0,7,True,unknown,unknown,,,,Sayonara,Team Vitality,sova,False,,25,0,2,0,2,False,phantom,rifle,,,,PROFEK,Team Vitality,astra,False,,25,0,0,0,7,True,unknown,unknown,,,
2490.688,4929,ACTIVE_ROUND,16,10,7,,18.385,,s0pp,FUT Esports,chamber,True,95,40,0,7,1,7,True,operator,sniper,,0.7767,0.4289,xeus,FUT Esports,jett,False,,50,2,1,1,7,True,phantom,rifle,,,,sociablEE,FUT Esports,fade,False,,50,0,0,0,4,False,phantom,rifle,,,,yetujey,FUT Esports,astra,True,100,50,0,0,0,7,True,phantom,rifle,,0.9000,0.5544,KROSTALY,FUT Esports,kayo,False,,50,0,0,0,7,True,unknown,unknown,,,,Chronicle,Team Vitality,chamber,True,100,25,0,4,1,7,False,phantom,rifle,,0.8089,0.3556,Derke,Team Vitality,neon,False,,25,0,0,0,5,False,unknown,unknown,,,,Jamppi,Team Vitality,kayo,False,,25,0,0,0,7,True,unknown,unknown,,,,Sayonara,Team Vitality,sova,False,,25,0,2,0,2,False,phantom,rifle,,,,PROFEK,Team Vitality,astra,False,,25,0,0,0,7,True,unknown,unknown,,,
2491.172,4930,ACTIVE_ROUND,16,10,7,,18.869,,s0pp,FUT Esports,chamber,True,95,40,0,7,1,7,True,operator,sniper,,0.7767,0.4311,xeus,FUT Esports,jett,False,,50,2,1,1,7,True,phantom,rifle,,,,sociablEE,FUT Esports,fade,False,,50,0,0,0,4,False,phantom,rifle,,,,yetujey,FUT Esports,astra,True,100,50,0,0,0,7,True,phantom,rifle,,0.9044,0.5500,KROSTALY,FUT Esports,kayo,False,,50,0,0,0,7,True,unknown,unknown,,,,Chronicle,Team Vitality,chamber,True,100,25,0,4,1,7,False,phantom,rifle,,0.8067,0.3578,Derke,Team Vitality,neon,False,,25,0,0,0,5,False,unknown,unknown,,,,Jamppi,Team Vitality,kayo,False,,25,0,0,0,7,True,unknown,unknown,,,,Sayonara,Team Vitality,sova,False,,25,0,2,0,2,False,phantom,rifle,,,,PROFEK,Team Vitality,astra,False,,25,0,0,0,7,True,unknown,unknown,,,
2491.656,4931,ACTIVE_ROUND,16,10,7,,19.353,,s0pp,FUT Esports,chamber,True,95,40,0,7,1,7,True,operator,sniper,,0.7767,0.4311,xeus,FUT Esports,jett,False,,50,2,1,1,7,True,phantom,rifle,,,,sociablEE,FUT Esports,fade,False,,50,0,0,0,4,False,phantom,rifle,,,,yetujey,FUT Esports,astra,True,100,50,0,0,0,7,True,phantom,rifle,,0.9000,0.5522,KROSTALY,FUT Esports,kayo,False,,50,0,0,0,7,True,unknown,unknown,,,,Chronicle,Team Vitality,chamber,True,100,25,0,4,1,7,False,phantom,rifle,,0.8067,0.3622,Derke,Team Vitality,neon,False,,25,0,0,0,5,False,unknown,unknown,,,,Jamppi,Team Vitality,kayo,False,,25,0,0,0,7,True,unknown,unknown,,,,Sayonara,Team Vitality,sova,False,,25,0,2,0,2,False,phantom,rifle,,,,PROFEK,Team Vitality,astra,False,,25,0,0,0,7,True,unknown,unknown,,,
2492.140,4932,ACTIVE_ROUND,16,10,7,,19.836,,s0pp,FUT Esports,chamber,True,95,40,0,7,1,7,True,operator,sniper,,0.7767,0.4333,xeus,FUT Esports,jett,False,,50,2,1,1,7,True,phantom,rifle,,,,sociablEE,FUT Esports,fade,False,,50,0,0,0,4,False,phantom,rifle,,,,yetujey,FUT Esports,astra,True,100,50,0,0,0,7,True,phantom,rifle,,0.9000,0.5522,KROSTALY,FUT Esports,kayo,False,,50,0,0,0,7,True,unknown,unknown,,,,Chronicle,Team Vitality,chamber,True,100,25,0,4,1,7,False,phantom,rifle,,0.8089,0.3644,Derke,Team Vitality,neon,False,,25,0,0,0,5,False,unknown,unknown,,,,Jamppi,Team Vitality,kayo,False,,25,0,0,0,7,True,unknown,unknown,,,,Sayonara,Team Vitality,sova,False,,25,0,2,0,2,False,phantom,rifle,,,,PROFEK,Team Vitality,astra,False,,25,0,0,0,7,True,unknown,unknown,,,
2492.623,4933,ACTIVE_ROUND,16,10,7,,20.320,,s0pp,FUT Esports,chamber,True,95,40,0,7,1,7,True,operator,sniper,,0.7767,0.4333,xeus,FUT Esports,jett,False,,50,2,1,1,7,True,phantom,rifle,,,,sociablEE,FUT Esports,fade,False,,50,0,0,0,4,False,phantom,rifle,,,,yetujey,FUT Esports,astra,True,100,50,0,0,0,7,True,phantom,rifle,,0.8711,0.4767,KROSTALY,FUT Esports,kayo,False,,50,0,0,0,7,True,unknown,unknown,,,,Chronicle,Team Vitality,chamber,True,100,25,0,4,1,7,False,phantom,rifle,,0.8089,0.3667,Derke,Team Vitality,neon,False,,25,0,0,0,5,False,unknown,unknown,,,,Jamppi,Team Vitality,kayo,False,,25,0,0,0,7,True,unknown,unknown,,,,Sayonara,Team Vitality,sova,False,,25,0,2,0,2,False,phantom,rifle,,,,PROFEK,Team Vitality,astra,False,,25,0,0,0,7,True,unknown,unknown,,,
2493.107,4934,ACTIVE_ROUND,16,10,7,,20.804,,s0pp,FUT Esports,chamber,True,95,40,0,7,1,7,True,operator,sniper,,0.7767,0.4289,xeus,FUT Esports,jett,False,,50,2,1,1,7,True,phantom,rifle,,,,sociablEE,FUT Esports,fade,False,,50,0,0,0,4,False,phantom,rifle,,,,yetujey,FUT Esports,astra,True,100,50,0,0,0,7,True,phantom,rifle,,0.9044,0.5500,KROSTALY,FUT Esports,kayo,False,,50,0,0,0,7,True,unknown,unknown,,,,Chronicle,Team Vitality,chamber,True,100,25,0,4,1,7,False,phantom,rifle,,0.8111,0.3667,Derke,Team Vitality,neon,False,,25,0,0,0,5,False,unknown,unknown,,,,Jamppi,Team Vitality,kayo,False,,25,0,0,0,7,True,unknown,unknown,,,,Sayonara,Team Vitality,sova,False,,25,0,2,0,2,False,phantom,rifle,,,,PROFEK,Team Vitality,astra,False,,25,0,0,0,7,True,unknown,unknown,,,
2493.591,4935,ACTIVE_ROUND,16,10,7,,21.288,,s0pp,FUT Esports,chamber,True,95,40,0,7,1,7,True,operator,sniper,,0.7767,0.4289,xeus,FUT Esports,jett,False,,50,2,1,1,7,True,phantom,rifle,,,,sociablEE,FUT Esports,fade,False,,50,0,0,0,4,False,phantom,rifle,,,,yetujey,FUT Esports,astra,True,100,50,0,0,0,7,True,phantom,rifle,,0.9000,0.5522,KROSTALY,FUT Esports,kayo,False,,50,0,0,0,7,True,unknown,unknown,,,,Chronicle,Team Vitality,chamber,True,100,25,0,4,1,7,False,phantom,rifle,,0.8133,0.3667,Derke,Team Vitality,neon,False,,25,0,0,0,5,False,unknown,unknown,,,,Jamppi,Team Vitality,kayo,False,,25,0,0,0,7,True,unknown,unknown,,,,Sayonara,Team Vitality,sova,False,,25,0,2,0,2,False,phantom,rifle,,,,PROFEK,Team Vitality,astra,False,,25,0,0,0,7,True,unknown,unknown,,,
2494.075,4936,ACTIVE_ROUND,16,10,7,,21.772,,s0pp,FUT Esports,chamber,True,95,40,0,7,1,7,True,operator,sniper,,0.7767,0.4333,xeus,FUT Esports,jett,False,,50,2,1,1,7,True,phantom,rifle,,,,sociablEE,FUT Esports,fade,False,,50,0,0,0,4,False,phantom,rifle,,,,yetujey,FUT Esports,astra,True,100,50,0,0,0,7,True,phantom,rifle,,0.9000,0.5522,KROSTALY,FUT Esports,kayo,False,,50,0,0,0,7,True,unknown,unknown,,,,Chronicle,Team Vitality,chamber,True,100,25,0,4,1,7,False,phantom,rifle,,0.8200,0.3756,Derke,Team Vitality,neon,False,,25,0,0,0,5,False,unknown,unknown,,,,Jamppi,Team Vitality,kayo,False,,25,0,0,0,7,True,unknown,unknown,,,,Sayonara,Team Vitality,sova,False,,25,0,2,0,2,False,phantom,rifle,,,,PROFEK,Team Vitality,astra,False,,25,0,0,0,7,True,unknown,unknown,,,
2494.559,4937,ACTIVE_ROUND,16,10,7,,22.256,,s0pp,FUT Esports,chamber,True,95,40,0,7,1,7,True,operator,sniper,,0.7456,0.6356,xeus,FUT Esports,jett,False,,50,2,1,1,7,True,phantom,rifle,,,,sociablEE,FUT Esports,fade,False,,50,0,0,0,4,False,phantom,rifle,,,,yetujey,FUT Esports,astra,True,100,50,0,0,0,7,True,phantom,rifle,,0.9000,0.5522,KROSTALY,FUT Esports,kayo,False,,50,0,0,0,7,True,unknown,unknown,,,,Chronicle,Team Vitality,chamber,True,100,25,0,4,1,7,False,phantom,rifle,,0.8244,0.3800,Derke,Team Vitality,neon,False,,25,0,0,0,5,False,unknown,unknown,,,,Jamppi,Team Vitality,kayo,False,,25,0,0,0,7,True,unknown,unknown,,,,Sayonara,Team Vitality,sova,False,,25,0,2,0,2,False,phantom,rifle,,,,PROFEK,Team Vitality,astra,False,,25,0,0,0,7,True,unknown,unknown,,,
2495.043,4938,ACTIVE_ROUND,16,10,7,,22.739,,s0pp,FUT Esports,chamber,True,95,40,0,7,1,7,True,operator,sniper,,0.5167,0.5667,xeus,FUT Esports,jett,False,,50,2,1,1,7,True,phantom,rifle,,,,sociablEE,FUT Esports,fade,False,,50,0,0,0,4,False,phantom,rifle,,,,yetujey,FUT Esports,astra,True,100,50,0,0,0,7,True,phantom,rifle,,0.9000,0.5522,KROSTALY,FUT Esports,kayo,False,,50,0,0,0,7,True,unknown,unknown,,,,Chronicle,Team Vitality,chamber,True,100,25,0,4,1,7,False,phantom,rifle,,0.8178,0.3733,Derke,Team Vitality,neon,False,,25,0,0,0,5,False,unknown,unknown,,,,Jamppi,Team Vitality,kayo,False,,25,0,0,0,7,True,unknown,unknown,,,,Sayonara,Team Vitality,sova,False,,25,0,2,0,2,False,phantom,rifle,,,,PROFEK,Team Vitality,astra,False,,25,0,0,0,7,True,unknown,unknown,,,
2495.526,4939,ACTIVE_ROUND,16,10,7,,23.223,,s0pp,FUT Esports,chamber,True,95,40,0,7,1,7,True,operator,sniper,,0.0989,0.5733,xeus,FUT Esports,jett,False,,50,2,1,1,7,True,phantom,rifle,,,,sociablEE,FUT Esports,fade,False,,50,0,0,0,4,False,phantom,rifle,,,,yetujey,FUT Esports,astra,True,100,50,0,0,0,7,True,phantom,rifle,,0.9044,0.5500,KROSTALY,FUT Esports,kayo,False,,50,0,0,0,7,True,unknown,unknown,,,,Chronicle,Team Vitality,chamber,True,100,25,0,4,1,7,False,phantom,rifle,,0.8133,0.3711,Derke,Team Vitality,neon,False,,25,0,0,0,5,False,unknown,unknown,,,,Jamppi,Team Vitality,kayo,False,,25,0,0,0,7,True,unknown,unknown,,,,Sayonara,Team Vitality,sova,False,,25,0,2,0,2,False,phantom,rifle,,,,PROFEK,Team Vitality,astra,False,,25,0,0,0,7,True,unknown,unknown,,,
2496.010,4940,ACTIVE_ROUND,16,10,7,,23.707,,s0pp,FUT Esports,chamber,True,95,40,0,7,1,7,True,operator,sniper,,0.0989,0.5733,xeus,FUT Esports,jett,False,,50,2,1,1,7,True,phantom,rifle,,,,sociablEE,FUT Esports,fade,False,,50,0,0,0,4,False,phantom,rifle,,,,yetujey,FUT Esports,astra,True,100,50,0,0,0,7,True,phantom,rifle,,0.9000,0.5500,KROSTALY,FUT Esports,kayo,False,,50,0,0,0,7,True,unknown,unknown,,,,Chronicle,Team Vitality,chamber,True,100,25,0,4,1,7,False,phantom,rifle,,0.8156,0.3689,Derke,Team Vitality,neon,False,,25,0,0,0,5,False,unknown,unknown,,,,Jamppi,Team Vitality,kayo,False,,25,0,0,0,7,True,unknown,unknown,,,,Sayonara,Team Vitality,sova,False,,25,0,2,0,2,False,phantom,rifle,,,,PROFEK,Team Vitality,astra,False,,25,0,0,0,7,True,unknown,unknown,,,
2496.494,4941,ACTIVE_ROUND,16,10,7,,24.191,,s0pp,FUT Esports,chamber,True,95,40,0,7,1,7,True,operator,sniper,,0.0989,0.5733,xeus,FUT Esports,jett,False,,50,2,1,1,7,True,phantom,rifle,,,,sociablEE,FUT Esports,fade,False,,50,0,0,0,4,False,phantom,rifle,,,,yetujey,FUT Esports,astra,True,100,50,0,0,0,7,True,phantom,rifle,,0.9044,0.5456,KROSTALY,FUT Esports,kayo,False,,50,0,0,0,7,True,unknown,unknown,,,,Chronicle,Team Vitality,chamber,True,100,25,0,4,1,7,False,phantom,rifle,,0.8133,0.3711,Derke,Team Vitality,neon,False,,25,0,0,0,5,False,unknown,unknown,,,,Jamppi,Team Vitality,kayo,False,,25,0,0,0,7,True,unknown,unknown,,,,Sayonara,Team Vitality,sova,False,,25,0,2,0,2,False,phantom,rifle,,,,PROFEK,Team Vitality,astra,False,,25,0,0,0,7,True,unknown,unknown,,,
2496.978,4942,ACTIVE_ROUND,16,10,7,,24.675,,s0pp,FUT Esports,chamber,True,95,40,0,7,1,7,True,operator,sniper,,0.7767,0.4333,xeus,FUT Esports,jett,False,,50,2,1,1,7,True,phantom,rifle,,,,sociablEE,FUT Esports,fade,False,,50,0,0,0,4,False,phantom,rifle,,,,yetujey,FUT Esports,astra,True,100,50,0,0,0,7,True,phantom,rifle,,0.8711,0.4767,KROSTALY,FUT Esports,kayo,False,,50,0,0,0,7,True,unknown,unknown,,,,Chronicle,Team Vitality,chamber,True,100,25,0,4,1,7,False,phantom,rifle,,0.8133,0.3711,Derke,Team Vitality,neon,False,,25,0,0,0,5,False,unknown,unknown,,,,Jamppi,Team Vitality,kayo,False,,25,0,0,0,7,True,unknown,unknown,,,,Sayonara,Team Vitality,sova,False,,25,0,2,0,2,False,phantom,rifle,,,,PROFEK,Team Vitality,astra,False,,25,0,0,0,7,True,unknown,unknown,,,
2497.462,4943,ACTIVE_ROUND,16,10,7,,25.158,,s0pp,FUT Esports,chamber,True,95,40,0,7,1,7,True,operator,sniper,,0.5833,0.7244,xeus,FUT Esports,jett,False,,50,2,1,1,7,True,phantom,rifle,,,,sociablEE,FUT Esports,fade,False,,50,0,0,0,4,False,phantom,rifle,,,,yetujey,FUT Esports,astra,True,100,50,0,0,0,7,True,phantom,rifle,,0.8911,0.5122,KROSTALY,FUT Esports,kayo,False,,50,0,0,0,7,True,unknown,unknown,,,,Chronicle,Team Vitality,chamber,True,100,25,0,4,1,7,False,phantom,rifle,,0.8111,0.3711,Derke,Team Vitality,neon,False,,25,0,0,0,5,False,unknown,unknown,,,,Jamppi,Team Vitality,kayo,False,,25,0,0,0,7,True,unknown,unknown,,,,Sayonara,Team Vitality,sova,False,,25,0,2,0,2,False,phantom,rifle,,,,PROFEK,Team Vitality,astra,False,,25,0,0,0,7,True,unknown,unknown,,,
2497.945,4944,ACTIVE_ROUND,16,10,7,,25.642,,s0pp,FUT Esports,chamber,True,95,40,0,7,1,7,True,operator,sniper,,0.5833,0.7244,xeus,FUT Esports,jett,False,,50,2,1,1,7,True,phantom,rifle,,,,sociablEE,FUT Esports,fade,False,,50,0,0,0,4,False,phantom,rifle,,,,yetujey,FUT Esports,astra,True,100,50,0,0,0,7,True,phantom,rifle,,0.8756,0.4922,KROSTALY,FUT Esports,kayo,False,,50,0,0,0,7,True,unknown,unknown,,,,Chronicle,Team Vitality,chamber,True,100,25,0,4,1,7,False,phantom,rifle,,0.8133,0.3711,Derke,Team Vitality,neon,False,,25,0,0,0,5,False,unknown,unknown,,,,Jamppi,Team Vitality,kayo,False,,25,0,0,0,7,True,unknown,unknown,,,,Sayonara,Team Vitality,sova,False,,25,0,2,0,2,False,phantom,rifle,,,,PROFEK,Team Vitality,astra,False,,25,0,0,0,7,True,unknown,unknown,,,
2498.429,4945,ACTIVE_ROUND,16,10,7,,26.126,,s0pp,FUT Esports,chamber,True,95,40,0,7,1,7,True,operator,sniper,,0.5833,0.7244,xeus,FUT Esports,jett,False,,50,2,1,1,7,True,phantom,rifle,,,,sociablEE,FUT Esports,fade,False,,50,0,0,0,4,False,phantom,rifle,,,,yetujey,FUT Esports,astra,True,100,50,0,0,0,7,True,phantom,rifle,,0.8756,0.4922,KROSTALY,FUT Esports,kayo,False,,50,0,0,0,7,True,unknown,unknown,,,,Chronicle,Team Vitality,chamber,True,100,25,0,4,1,7,False,phantom,rifle,,0.8133,0.3711,Derke,Team Vitality,neon,False,,25,0,0,0,5,False,unknown,unknown,,,,Jamppi,Team Vitality,kayo,False,,25,0,0,0,7,True,unknown,unknown,,,,Sayonara,Team Vitality,sova,False,,25,0,2,0,2,False,phantom,rifle,,,,PROFEK,Team Vitality,astra,False,,25,0,0,0,7,True,unknown,unknown,,,
2498.913,4946,ACTIVE_ROUND,16,10,7,,26.610,,s0pp,FUT Esports,chamber,True,95,40,0,7,1,7,True,operator,sniper,,0.5833,0.7244,xeus,FUT Esports,jett,False,,50,2,1,1,7,True,phantom,rifle,,,,sociablEE,FUT Esports,fade,False,,50,0,0,0,4,False,phantom,rifle,,,,yetujey,FUT Esports,astra,True,100,50,0,0,0,7,True,phantom,rifle,,0.8667,0.4767,KROSTALY,FUT Esports,kayo,False,,50,0,0,0,7,True,unknown,unknown,,,,Chronicle,Team Vitality,chamber,True,100,25,0,4,1,7,False,phantom,rifle,,0.8133,0.3711,Derke,Team Vitality,neon,False,,25,0,0,0,5,False,unknown,unknown,,,,Jamppi,Team Vitality,kayo,False,,25,0,0,0,7,True,unknown,unknown,,,,Sayonara,Team Vitality,sova,False,,25,0,2,0,2,False,phantom,rifle,,,,PROFEK,Team Vitality,astra,False,,25,0,0,0,7,True,unknown,unknown,,,
2499.397,4947,ACTIVE_ROUND,16,10,7,,27.094,,s0pp,FUT Esports,chamber,True,95,40,0,7,1,7,True,operator,sniper,,0.7767,0.4311,xeus,FUT Esports,jett,False,,50,2,1,1,7,True,phantom,rifle,,,,sociablEE,FUT Esports,fade,False,,50,0,0,0,4,False,phantom,rifle,,,,yetujey,FUT Esports,astra,True,94,37,0,0,0,7,True,phantom,rifle,,0.8667,0.4767,KROSTALY,FUT Esports,kayo,False,,50,0,0,0,7,True,unknown,unknown,,,,Chronicle,Team Vitality,chamber,True,100,25,0,4,1,7,False,phantom,rifle,,0.8200,0.3800,Derke,Team Vitality,neon,False,,25,0,0,0,5,False,unknown,unknown,,,,Jamppi,Team Vitality,kayo,False,,25,0,0,0,7,True,unknown,unknown,,,,Sayonara,Team Vitality,sova,False,,25,0,2,0,2,False,phantom,rifle,,,,PROFEK,Team Vitality,astra,False,,25,0,0,0,7,True,unknown,unknown,,,
2499.881,4948,ACTIVE_ROUND,16,10,7,,27.578,,s0pp,FUT Esports,chamber,True,95,40,0,7,1,7,True,operator,sniper,,0.7767,0.4333,xeus,FUT Esports,jett,False,,50,2,1,1,7,True,phantom,rifle,,,,sociablEE,FUT Esports,fade,False,,50,0,0,0,4,False,phantom,rifle,,,,yetujey,FUT Esports,astra,True,94,37,0,0,0,7,True,phantom,rifle,,0.8622,0.4744,KROSTALY,FUT Esports,kayo,False,,50,0,0,0,7,True,unknown,unknown,,,,Chronicle,Team Vitality,chamber,True,100,25,0,4,1,7,False,phantom,rifle,,0.8222,0.3867,Derke,Team Vitality,neon,False,,25,0,0,0,5,False,unknown,unknown,,,,Jamppi,Team Vitality,kayo,False,,25,0,0,0,7,True,unknown,unknown,,,,Sayonara,Team Vitality,sova,False,,25,0,2,0,2,False,phantom,rifle,,,,PROFEK,Team Vitality,astra,False,,25,0,0,0,7,True,unknown,unknown,,,
2500.365,4949,ACTIVE_ROUND,16,10,7,,28.061,,s0pp,FUT Esports,chamber,True,95,40,0,7,1,7,True,operator,sniper,,0.7767,0.4311,xeus,FUT Esports,jett,False,,50,2,1,1,7,True,phantom,rifle,,,,sociablEE,FUT Esports,fade,False,,50,0,0,0,4,False,phantom,rifle,,,,yetujey,FUT Esports,astra,True,94,37,0,0,0,7,True,phantom,rifle,,0.8733,0.4767,KROSTALY,FUT Esports,kayo,False,,50,0,0,0,7,True,unknown,unknown,,,,Chronicle,Team Vitality,chamber,True,100,25,0,4,1,7,False,phantom,rifle,,0.8200,0.3889,Derke,Team Vitality,neon,False,,25,0,0,0,5,False,unknown,unknown,,,,Jamppi,Team Vitality,kayo,False,,25,0,0,0,7,True,unknown,unknown,,,,Sayonara,Team Vitality,sova,False,,25,0,2,0,2,False,phantom,rifle,,,,PROFEK,Team Vitality,astra,False,,25,0,0,0,7,True,unknown,unknown,,,
2500.848,4950,ACTIVE_ROUND,16,10,7,,28.545,,s0pp,FUT Esports,chamber,True,95,40,0,7,1,7,True,operator,sniper,,0.7767,0.4311,xeus,FUT Esports,jett,False,,50,2,1,1,7,True,phantom,rifle,,,,sociablEE,FUT Esports,fade,False,,50,0,0,0,4,False,phantom,rifle,,,,yetujey,FUT Esports,astra,True,94,37,0,0,0,7,True,phantom,rifle,,0.8667,0.4767,KROSTALY,FUT Esports,kayo,False,,50,0,0,0,7,True,unknown,unknown,,,,Chronicle,Team Vitality,chamber,True,100,25,0,4,1,7,False,phantom,rifle,,0.8200,0.3889,Derke,Team Vitality,neon,False,,25,0,0,0,5,False,unknown,unknown,,,,Jamppi,Team Vitality,kayo,False,,25,0,0,0,7,True,unknown,unknown,,,,Sayonara,Team Vitality,sova,False,,25,0,2,0,2,False,phantom,rifle,,,,PROFEK,Team Vitality,astra,False,,25,0,0,0,7,True,unknown,unknown,,,
2501.332,4951,ACTIVE_ROUND,16,10,7,,29.029,,s0pp,FUT Esports,chamber,True,95,40,0,7,1,7,True,operator,sniper,,0.7767,0.4311,xeus,FUT Esports,jett,False,,50,2,1,1,7,True,phantom,rifle,,,,sociablEE,FUT Esports,fade,False,,50,0,0,0,4,False,phantom,rifle,,,,yetujey,FUT Esports,astra,True,94,37,0,0,0,7,True,phantom,rifle,,0.8644,0.4767,KROSTALY,FUT Esports,kayo,False,,50,0,0,0,7,True,unknown,unknown,,,,Chronicle,Team Vitality,chamber,True,100,25,0,4,1,7,False,phantom,rifle,,0.8200,0.3889,Derke,Team Vitality,neon,False,,25,0,0,0,5,False,unknown,unknown,,,,Jamppi,Team Vitality,kayo,False,,25,0,0,0,7,True,unknown,unknown,,,,Sayonara,Team Vitality,sova,False,,25,0,2,0,2,False,phantom,rifle,,,,PROFEK,Team Vitality,astra,False,,25,0,0,0,7,True,unknown,unknown,,,
2501.816,4952,ACTIVE_ROUND,16,10,7,,29.513,,s0pp,FUT Esports,chamber,True,95,40,0,7,1,7,True,operator,sniper,,0.7767,0.4267,xeus,FUT Esports,jett,False,,50,2,1,1,7,True,phantom,rifle,,,,sociablEE,FUT Esports,fade,False,,50,0,0,0,4,False,phantom,rifle,,,,yetujey,FUT Esports,astra,True,94,37,0,0,0,7,True,phantom,rifle,,0.8644,0.4767,KROSTALY,FUT Esports,kayo,False,,50,0,0,0,7,True,unknown,unknown,,,,Chronicle,Team Vitality,chamber,True,100,25,0,4,1,7,False,phantom,rifle,,0.8200,0.3889,Derke,Team Vitality,neon,False,,25,0,0,0,5,False,unknown,unknown,,,,Jamppi,Team Vitality,kayo,False,,25,0,0,0,7,True,unknown,unknown,,,,Sayonara,Team Vitality,sova,False,,25,0,2,0,2,False,phantom,rifle,,,,PROFEK,Team Vitality,astra,False,,25,0,0,0,7,True,unknown,unknown,,,
2502.300,4953,ACTIVE_ROUND,16,10,7,,29.997,,s0pp,FUT Esports,chamber,True,95,40,0,7,1,7,True,operator,sniper,,0.7767,0.4356,xeus,FUT Esports,jett,False,,50,2,1,1,7,True,phantom,rifle,,,,sociablEE,FUT Esports,fade,False,,50,0,0,0,4,False,phantom,rifle,,,,yetujey,FUT Esports,astra,True,94,37,0,0,0,7,True,phantom,rifle,,0.8644,0.4767,KROSTALY,FUT Esports,kayo,False,,50,0,0,0,7,True,unknown,unknown,,,,Chronicle,Team Vitality,chamber,True,100,25,0,4,1,7,False,phantom,rifle,,0.8200,0.3889,Derke,Team Vitality,neon,False,,25,0,0,0,5,False,unknown,unknown,,,,Jamppi,Team Vitality,kayo,False,,25,0,0,0,7,True,unknown,unknown,,,,Sayonara,Team Vitality,sova,False,,25,0,2,0,2,False,phantom,rifle,,,,PROFEK,Team Vitality,astra,False,,25,0,0,0,7,True,unknown,unknown,,,
2502.784,4954,ACTIVE_ROUND,16,10,7,,30.480,,s0pp,FUT Esports,chamber,True,95,40,0,7,1,7,True,operator,sniper,,0.5833,0.7244,xeus,FUT Esports,jett,False,,50,2,1,1,7,True,phantom,rifle,,,,sociablEE,FUT Esports,fade,False,,50,0,0,0,4,False,phantom,rifle,,,,yetujey,FUT Esports,astra,True,94,37,0,0,0,7,True,phantom,rifle,,0.8644,0.4767,KROSTALY,FUT Esports,kayo,False,,50,0,0,0,7,True,unknown,unknown,,,,Chronicle,Team Vitality,chamber,True,100,25,0,4,1,7,False,phantom,rifle,,0.8200,0.3889,Derke,Team Vitality,neon,False,,25,0,0,0,5,False,unknown,unknown,,,,Jamppi,Team Vitality,kayo,False,,25,0,0,0,7,True,unknown,unknown,,,,Sayonara,Team Vitality,sova,False,,25,0,2,0,2,False,phantom,rifle,,,,PROFEK,Team Vitality,astra,False,,25,0,0,0,7,True,unknown,unknown,,,
2503.267,4955,ACTIVE_ROUND,16,10,7,,30.964,,s0pp,FUT Esports,chamber,True,95,40,0,7,1,7,True,operator,sniper,,0.7767,0.4356,xeus,FUT Esports,jett,False,,50,2,1,1,7,True,phantom,rifle,,,,sociablEE,FUT Esports,fade,False,,50,0,0,0,4,False,phantom,rifle,,,,yetujey,FUT Esports,astra,True,35,37,0,0,0,7,True,phantom,rifle,,0.8644,0.4767,KROSTALY,FUT Esports,kayo,False,,50,0,0,0,7,True,unknown,unknown,,,,Chronicle,Team Vitality,chamber,True,100,25,0,4,1,7,False,phantom,rifle,,0.8200,0.3889,Derke,Team Vitality,neon,False,,25,0,0,0,5,False,unknown,unknown,,,,Jamppi,Team Vitality,kayo,False,,25,0,0,0,7,True,unknown,unknown,,,,Sayonara,Team Vitality,sova,False,,25,0,2,0,2,False,phantom,rifle,,,,PROFEK,Team Vitality,astra,False,,25,0,0,0,7,True,unknown,unknown,,,
2503.751,4956,ACTIVE_ROUND,16,10,7,,31.448,,s0pp,FUT Esports,chamber,True,95,40,0,7,1,7,True,operator,sniper,,0.5833,0.7244,xeus,FUT Esports,jett,False,,50,2,1,1,7,True,phantom,rifle,,,,sociablEE,FUT Esports,fade,False,,50,0,0,0,4,False,phantom,rifle,,,,yetujey,FUT Esports,astra,True,35,37,0,0,0,7,True,phantom,rifle,,0.8644,0.4767,KROSTALY,FUT Esports,kayo,False,,50,0,0,0,7,True,unknown,unknown,,,,Chronicle,Team Vitality,chamber,True,100,25,0,4,1,7,False,phantom,rifle,,0.8156,0.4000,Derke,Team Vitality,neon,False,,25,0,0,0,5,False,unknown,unknown,,,,Jamppi,Team Vitality,kayo,False,,25,0,0,0,7,True,unknown,unknown,,,,Sayonara,Team Vitality,sova,False,,25,0,2,0,2,False,phantom,rifle,,,,PROFEK,Team Vitality,astra,False,,25,0,0,0,7,True,unknown,unknown,,,
2504.235,4957,ACTIVE_ROUND,16,10,7,,31.932,,s0pp,FUT Esports,chamber,True,95,40,0,7,1,7,True,operator,sniper,,0.6011,0.8444,xeus,FUT Esports,jett,False,,50,2,1,1,7,True,phantom,rifle,,,,sociablEE,FUT Esports,fade,False,,50,0,0,0,4,False,phantom,rifle,,,,yetujey,FUT Esports,astra,True,35,37,0,0,0,7,True,phantom,rifle,,0.8644,0.4767,KROSTALY,FUT Esports,kayo,False,,50,0,0,0,7,True,unknown,unknown,,,,Chronicle,Team Vitality,chamber,True,100,25,0,4,1,7,False,phantom,rifle,,0.8156,0.4000,Derke,Team Vitality,neon,False,,25,0,0,0,5,False,unknown,unknown,,,,Jamppi,Team Vitality,kayo,False,,25,0,0,0,7,True,unknown,unknown,,,,Sayonara,Team Vitality,sova,False,,25,0,2,0,2,False,phantom,rifle,,,,PROFEK,Team Vitality,astra,False,,25,0,0,0,7,True,unknown,unknown,,,
2504.719,4958,ACTIVE_ROUND,16,10,7,,32.416,,s0pp,FUT Esports,chamber,True,95,40,0,7,1,7,True,operator,sniper,,0.6011,0.8444,xeus,FUT Esports,jett,False,,50,2,1,1,7,True,phantom,rifle,,,,sociablEE,FUT Esports,fade,False,,50,0,0,0,4,False,phantom,rifle,,,,yetujey,FUT Esports,astra,True,35,37,0,0,0,7,True,phantom,rifle,,0.8644,0.4767,KROSTALY,FUT Esports,kayo,False,,50,0,0,0,7,True,unknown,unknown,,,,Chronicle,Team Vitality,chamber,True,100,25,0,4,1,7,False,phantom,rifle,,0.8156,0.4000,Derke,Team Vitality,neon,False,,25,0,0,0,5,False,unknown,unknown,,,,Jamppi,Team Vitality,kayo,False,,25,0,0,0,7,True,unknown,unknown,,,,Sayonara,Team Vitality,sova,False,,25,0,2,0,2,False,phantom,rifle,,,,PROFEK,Team Vitality,astra,False,,25,0,0,0,7,True,unknown,unknown,,,
2505.203,4959,ACTIVE_ROUND,16,10,7,,32.900,,s0pp,FUT Esports,chamber,True,95,40,0,7,1,7,True,operator,sniper,,0.6011,0.8444,xeus,FUT Esports,jett,False,,50,2,1,1,7,True,phantom,rifle,,,,sociablEE,FUT Esports,fade,False,,50,0,0,0,4,False,phantom,rifle,,,,yetujey,FUT Esports,astra,True,35,37,0,0,0,7,True,phantom,rifle,,0.8644,0.4767,KROSTALY,FUT Esports,kayo,False,,50,0,0,0,7,True,unknown,unknown,,,,Chronicle,Team Vitality,chamber,True,100,25,0,4,1,7,False,phantom,rifle,,0.8156,0.4000,Derke,Team Vitality,neon,False,,25,0,0,0,5,False,unknown,unknown,,,,Jamppi,Team Vitality,kayo,False,,25,0,0,0,7,True,unknown,unknown,,,,Sayonara,Team Vitality,sova,False,,25,0,2,0,2,False,phantom,rifle,,,,PROFEK,Team Vitality,astra,False,,25,0,0,0,7,True,unknown,unknown,,,
2505.687,4960,ACTIVE_ROUND,16,10,7,,33.383,,s0pp,FUT Esports,chamber,True,95,40,0,7,1,7,True,operator,sniper,,0.7767,0.4178,xeus,FUT Esports,jett,False,,50,2,1,1,7,True,phantom,rifle,,,,sociablEE,FUT Esports,fade,False,,50,0,0,0,4,False,phantom,rifle,,,,yetujey,FUT Esports,astra,True,35,37,0,0,0,7,True,phantom,rifle,,0.8711,0.4789,KROSTALY,FUT Esports,kayo,False,,50,0,0,0,7,True,unknown,unknown,,,,Chronicle,Team Vitality,chamber,True,100,25,0,4,1,7,False,phantom,rifle,,0.8156,0.4000,Derke,Team Vitality,neon,False,,25,0,0,0,5,False,unknown,unknown,,,,Jamppi,Team Vitality,kayo,False,,25,0,0,0,7,True,unknown,unknown,,,,Sayonara,Team Vitality,sova,False,,25,0,2,0,2,False,phantom,rifle,,,,PROFEK,Team Vitality,astra,False,,25,0,0,0,7,True,unknown,unknown,,,
2506.170,4961,ACTIVE_ROUND,16,10,7,,33.867,,s0pp,FUT Esports,chamber,True,95,40,0,7,1,7,True,operator,sniper,,0.5833,0.7244,xeus,FUT Esports,jett,False,,50,2,1,1,7,True,phantom,rifle,,,,sociablEE,FUT Esports,fade,False,,50,0,0,0,4,False,phantom,rifle,,,,yetujey,FUT Esports,astra,True,35,37,0,0,0,7,True,phantom,rifle,,0.8711,0.4789,KROSTALY,FUT Esports,kayo,False,,50,0,0,0,7,True,unknown,unknown,,,,Chronicle,Team Vitality,chamber,True,100,25,0,4,1,7,False,phantom,rifle,,0.8156,0.4000,Derke,Team Vitality,neon,False,,25,0,0,0,5,False,unknown,unknown,,,,Jamppi,Team Vitality,kayo,False,,25,0,0,0,7,True,unknown,unknown,,,,Sayonara,Team Vitality,sova,False,,25,0,2,0,2,False,phantom,rifle,,,,PROFEK,Team Vitality,astra,False,,25,0,0,0,7,True,unknown,unknown,,,
2506.654,4962,ACTIVE_ROUND,16,10,7,,34.351,,s0pp,FUT Esports,chamber,True,95,40,0,7,1,7,True,operator,sniper,,0.5833,0.7244,xeus,FUT Esports,jett,False,,50,2,1,1,7,True,phantom,rifle,,,,sociablEE,FUT Esports,fade,False,,50,0,0,0,4,False,phantom,rifle,,,,yetujey,FUT Esports,astra,False,,37,0,0,0,7,True,phantom,rifle,,0.8711,0.4789,KROSTALY,FUT Esports,kayo,False,,50,0,0,0,7,True,unknown,unknown,,,,Chronicle,Team Vitality,chamber,True,100,25,0,4,1,7,False,phantom,rifle,,0.8156,0.4000,Derke,Team Vitality,neon,False,,25,0,0,0,5,False,unknown,unknown,,,,Jamppi,Team Vitality,kayo,False,,25,0,0,0,7,True,unknown,unknown,,,,Sayonara,Team Vitality,sova,False,,25,0,2,0,2,False,phantom,rifle,,,,PROFEK,Team Vitality,astra,False,,25,0,0,0,7,True,unknown,unknown,,,
2507.138,4963,ACTIVE_ROUND,16,10,7,,34.835,,s0pp,FUT Esports,chamber,True,95,40,0,7,1,7,True,operator,sniper,,0.5833,0.7244,xeus,FUT Esports,jett,False,,50,2,1,1,7,True,phantom,rifle,,,,sociablEE,FUT Esports,fade,False,,50,0,0,0,4,False,phantom,rifle,,,,yetujey,FUT Esports,astra,False,,37,0,0,0,7,True,phantom,rifle,,,,KROSTALY,FUT Esports,kayo,False,,50,0,0,0,7,True,unknown,unknown,,,,Chronicle,Team Vitality,chamber,True,100,25,0,4,1,7,False,phantom,rifle,,0.8267,0.3933,Derke,Team Vitality,neon,False,,25,0,0,0,5,False,unknown,unknown,,,,Jamppi,Team Vitality,kayo,False,,25,0,0,0,7,True,unknown,unknown,,,,Sayonara,Team Vitality,sova,False,,25,0,2,0,2,False,phantom,rifle,,,,PROFEK,Team Vitality,astra,False,,25,0,0,0,7,True,unknown,unknown,,,
2507.622,4964,ACTIVE_ROUND,16,10,7,,35.319,,s0pp,FUT Esports,chamber,True,95,40,0,7,1,7,True,operator,sniper,,0.5833,0.7244,xeus,FUT Esports,jett,False,,50,2,1,1,7,True,phantom,rifle,,,,sociablEE,FUT Esports,fade,False,,50,0,0,0,4,False,phantom,rifle,,,,yetujey,FUT Esports,astra,False,,37,0,0,0,7,True,phantom,rifle,,,,KROSTALY,FUT Esports,kayo,False,,50,0,0,0,7,True,unknown,unknown,,,,Chronicle,Team Vitality,chamber,True,100,25,0,4,1,7,True,phantom,rifle,,0.8267,0.3933,Derke,Team Vitality,neon,False,,25,0,0,0,5,False,unknown,unknown,,,,Jamppi,Team Vitality,kayo,False,,25,0,0,0,7,True,unknown,unknown,,,,Sayonara,Team Vitality,sova,False,,25,0,2,0,2,False,phantom,rifle,,,,PROFEK,Team Vitality,astra,False,,25,0,0,0,7,True,unknown,unknown,,,
2508.106,4965,ACTIVE_ROUND,16,10,7,,35.802,,s0pp,FUT Esports,chamber,True,95,40,0,7,1,7,True,operator,sniper,,0.5833,0.7244,xeus,FUT Esports,jett,False,,50,2,1,1,7,True,phantom,rifle,,,,sociablEE,FUT Esports,fade,False,,50,0,0,0,4,False,phantom,rifle,,,,yetujey,FUT Esports,astra,False,,37,0,0,0,7,True,phantom,rifle,,,,KROSTALY,FUT Esports,kayo,False,,50,0,0,0,7,True,unknown,unknown,,,,Chronicle,Team Vitality,chamber,True,100,25,0,4,1,7,True,phantom,rifle,,0.8267,0.3933,Derke,Team Vitality,neon,False,,25,0,0,0,5,False,unknown,unknown,,,,Jamppi,Team Vitality,kayo,False,,25,0,0,0,7,True,unknown,unknown,,,,Sayonara,Team Vitality,sova,False,,25,0,2,0,2,False,phantom,rifle,,,,PROFEK,Team Vitality,astra,False,,25,0,0,0,7,True,unknown,unknown,,,
2508.589,4966,ACTIVE_ROUND,16,10,7,,36.286,,s0pp,FUT Esports,chamber,True,95,40,0,7,1,7,True,operator,sniper,,0.5833,0.7244,xeus,FUT Esports,jett,False,,50,2,1,1,7,True,phantom,rifle,,,,sociablEE,FUT Esports,fade,False,,50,0,0,0,4,False,phantom,rifle,,,,yetujey,FUT Esports,astra,False,,37,0,0,0,7,True,phantom,rifle,,,,KROSTALY,FUT Esports,kayo,False,,50,0,0,0,7,True,unknown,unknown,,,,Chronicle,Team Vitality,chamber,True,100,25,0,4,1,7,True,phantom,rifle,,0.8267,0.3933,Derke,Team Vitality,neon,False,,25,0,0,0,5,False,unknown,unknown,,,,Jamppi,Team Vitality,kayo,False,,25,0,0,0,7,True,unknown,unknown,,,,Sayonara,Team Vitality,sova,False,,25,0,2,0,2,False,phantom,rifle,,,,PROFEK,Team Vitality,astra,False,,25,0,0,0,7,True,unknown,unknown,,,
2509.073,4967,ACTIVE_ROUND,16,10,7,,36.770,,s0pp,FUT Esports,chamber,True,95,40,0,7,1,7,True,operator,sniper,,0.5833,0.7244,xeus,FUT Esports,jett,False,,50,2,1,1,7,True,phantom,rifle,,,,sociablEE,FUT Esports,fade,False,,50,0,0,0,4,False,phantom,rifle,,,,yetujey,FUT Esports,astra,False,,37,0,0,0,7,True,phantom,rifle,,,,KROSTALY,FUT Esports,kayo,False,,50,0,0,0,7,True,unknown,unknown,,,,Chronicle,Team Vitality,chamber,True,100,25,0,4,1,7,True,phantom,rifle,,0.8267,0.3933,Derke,Team Vitality,neon,False,,25,0,0,0,5,False,unknown,unknown,,,,Jamppi,Team Vitality,kayo,False,,25,0,0,0,7,True,unknown,unknown,,,,Sayonara,Team Vitality,sova,False,,25,0,2,0,2,False,phantom,rifle,,,,PROFEK,Team Vitality,astra,False,,25,0,0,0,7,True,unknown,unknown,,,
2509.557,4968,ACTIVE_ROUND,16,10,7,,37.254,,s0pp,FUT Esports,chamber,True,95,40,0,7,1,7,True,operator,sniper,,0.5833,0.7244,xeus,FUT Esports,jett,False,,50,2,1,1,7,True,phantom,rifle,,,,sociablEE,FUT Esports,fade,False,,50,0,0,0,4,False,phantom,rifle,,,,yetujey,FUT Esports,astra,False,,37,0,0,0,7,True,phantom,rifle,,,,KROSTALY,FUT Esports,kayo,False,,50,0,0,0,7,True,unknown,unknown,,,,Chronicle,Team Vitality,chamber,True,100,25,0,4,1,7,True,phantom,rifle,,0.8267,0.3933,Derke,Team Vitality,neon,False,,25,0,0,0,5,False,unknown,unknown,,,,Jamppi,Team Vitality,kayo,False,,25,0,0,0,7,True,unknown,unknown,,,,Sayonara,Team Vitality,sova,False,,25,0,2,0,2,False,phantom,rifle,,,,PROFEK,Team Vitality,astra,False,,25,0,0,0,7,True,unknown,unknown,,,
2510.041,4969,ACTIVE_ROUND,16,10,7,,37.738,,s0pp,FUT Esports,chamber,True,95,40,0,7,1,7,True,operator,sniper,,0.5833,0.7244,xeus,FUT Esports,jett,False,,50,2,1,1,7,True,phantom,rifle,,,,sociablEE,FUT Esports,fade,False,,50,0,0,0,4,False,phantom,rifle,,,,yetujey,FUT Esports,astra,False,,37,0,0,0,7,True,phantom,rifle,,,,KROSTALY,FUT Esports,kayo,False,,50,0,0,0,7,True,unknown,unknown,,,,Chronicle,Team Vitality,chamber,True,100,25,0,4,1,7,True,phantom,rifle,,0.8267,0.3933,Derke,Team Vitality,neon,False,,25,0,0,0,5,False,unknown,unknown,,,,Jamppi,Team Vitality,kayo,False,,25,0,0,0,7,True,unknown,unknown,,,,Sayonara,Team Vitality,sova,False,,25,0,2,0,2,False,phantom,rifle,,,,PROFEK,Team Vitality,astra,False,,25,0,0,0,7,True,unknown,unknown,,,
2510.525,4970,ACTIVE_ROUND,16,10,7,,38.222,,s0pp,FUT Esports,chamber,True,95,40,0,7,1,7,True,operator,sniper,,0.5833,0.7244,xeus,FUT Esports,jett,False,,50,2,1,1,7,True,phantom,rifle,,,,sociablEE,FUT Esports,fade,False,,50,0,0,0,4,False,phantom,rifle,,,,yetujey,FUT Esports,astra,False,,37,0,0,0,7,True,phantom,rifle,,,,KROSTALY,FUT Esports,kayo,False,,50,0,0,0,7,True,unknown,unknown,,,,Chronicle,Team Vitality,chamber,True,100,25,0,4,1,7,True,phantom,rifle,,0.8267,0.3933,Derke,Team Vitality,neon,False,,25,0,0,0,5,False,unknown,unknown,,,,Jamppi,Team Vitality,kayo,False,,25,0,0,0,7,True,unknown,unknown,,,,Sayonara,Team Vitality,sova,False,,25,0,2,0,2,False,phantom,rifle,,,,PROFEK,Team Vitality,astra,False,,25,0,0,0,7,True,unknown,unknown,,,
2511.008,4971,ACTIVE_ROUND,16,10,7,,38.705,,s0pp,FUT Esports,chamber,True,95,40,0,7,1,7,True,operator,sniper,,0.5833,0.7244,xeus,FUT Esports,jett,False,,50,2,1,1,7,True,phantom,rifle,,,,sociablEE,FUT Esports,fade,False,,50,0,0,0,4,False,phantom,rifle,,,,yetujey,FUT Esports,astra,False,,37,0,0,0,7,True,phantom,rifle,,,,KROSTALY,FUT Esports,kayo,False,,50,0,0,0,7,True,unknown,unknown,,,,Chronicle,Team Vitality,chamber,True,100,25,0,4,1,7,True,phantom,rifle,,0.8267,0.3933,Derke,Team Vitality,neon,False,,25,0,0,0,5,False,unknown,unknown,,,,Jamppi,Team Vitality,kayo,False,,25,0,0,0,7,True,unknown,unknown,,,,Sayonara,Team Vitality,sova,False,,25,0,2,0,2,False,phantom,rifle,,,,PROFEK,Team Vitality,astra,False,,25,0,0,0,7,True,unknown,unknown,,,
2511.492,4972,ACTIVE_ROUND,16,10,7,,39.189,,s0pp,FUT Esports,chamber,True,95,40,0,7,1,7,True,operator,sniper,,0.5833,0.7244,xeus,FUT Esports,jett,False,,50,2,1,1,7,True,phantom,rifle,,,,sociablEE,FUT Esports,fade,False,,50,0,0,0,4,False,phantom,rifle,,,,yetujey,FUT Esports,astra,False,,37,0,0,0,7,True,phantom,rifle,,,,KROSTALY,FUT Esports,kayo,False,,50,0,0,0,7,True,unknown,unknown,,,,Chronicle,Team Vitality,chamber,True,100,25,0,4,1,7,True,phantom,rifle,,0.8267,0.3933,Derke,Team Vitality,neon,False,,25,0,0,0,5,False,unknown,unknown,,,,Jamppi,Team Vitality,kayo,False,,25,0,0,0,7,True,unknown,unknown,,,,Sayonara,Team Vitality,sova,False,,25,0,2,0,2,False,phantom,rifle,,,,PROFEK,Team Vitality,astra,False,,25,0,0,0,7,True,unknown,unknown,,,
2511.976,4973,ACTIVE_ROUND,16,10,7,,39.673,,s0pp,FUT Esports,chamber,True,95,40,0,7,1,7,True,operator,sniper,,0.5833,0.7244,xeus,FUT Esports,jett,False,,50,2,1,1,7,True,phantom,rifle,,,,sociablEE,FUT Esports,fade,False,,50,0,0,0,4,False,phantom,rifle,,,,yetujey,FUT Esports,astra,False,,37,0,0,0,7,True,phantom,rifle,,,,KROSTALY,FUT Esports,kayo,False,,50,0,0,0,7,True,unknown,unknown,,,,Chronicle,Team Vitality,chamber,True,100,25,0,4,1,7,True,phantom,rifle,,0.8267,0.3933,Derke,Team Vitality,neon,False,,25,0,0,0,5,False,unknown,unknown,,,,Jamppi,Team Vitality,kayo,False,,25,0,0,0,7,True,unknown,unknown,,,,Sayonara,Team Vitality,sova,False,,25,0,2,0,2,False,phantom,rifle,,,,PROFEK,Team Vitality,astra,False,,25,0,0,0,7,True,unknown,unknown,,,
2512.460,4974,ACTIVE_ROUND,16,10,7,,40.157,,s0pp,FUT Esports,chamber,True,95,40,0,7,1,7,True,operator,sniper,,0.7767,0.4289,xeus,FUT Esports,jett,False,,50,2,1,1,7,True,phantom,rifle,,,,sociablEE,FUT Esports,fade,False,,50,0,0,0,4,False,phantom,rifle,,,,yetujey,FUT Esports,astra,False,,37,0,0,0,7,True,phantom,rifle,,,,KROSTALY,FUT Esports,kayo,False,,50,0,0,0,7,True,unknown,unknown,,,,Chronicle,Team Vitality,chamber,True,100,25,0,4,1,7,True,phantom,rifle,,0.8267,0.3933,Derke,Team Vitality,neon,False,,25,0,0,0,5,False,unknown,unknown,,,,Jamppi,Team Vitality,kayo,False,,25,0,0,0,7,True,unknown,unknown,,,,Sayonara,Team Vitality,sova,False,,25,0,2,0,2,False,phantom,rifle,,,,PROFEK,Team Vitality,astra,False,,25,0,0,0,7,True,unknown,unknown,,,
2512.944,4975,ACTIVE_ROUND,16,10,7,,40.641,,s0pp,FUT Esports,chamber,True,95,40,0,7,1,7,True,operator,sniper,,0.7767,0.4267,xeus,FUT Esports,jett,False,,50,2,1,1,7,True,phantom,rifle,,,,sociablEE,FUT Esports,fade,False,,50,0,0,0,4,False,phantom,rifle,,,,yetujey,FUT Esports,astra,False,,37,0,0,0,7,True,phantom,rifle,,,,KROSTALY,FUT Esports,kayo,False,,50,0,0,0,7,True,unknown,unknown,,,,Chronicle,Team Vitality,chamber,True,100,25,0,4,1,7,True,phantom,rifle,,0.8267,0.3933,Derke,Team Vitality,neon,False,,25,0,0,0,5,False,unknown,unknown,,,,Jamppi,Team Vitality,kayo,False,,25,0,0,0,7,True,unknown,unknown,,,,Sayonara,Team Vitality,sova,False,,25,0,2,0,2,False,phantom,rifle,,,,PROFEK,Team Vitality,astra,False,,25,0,0,0,7,True,unknown,unknown,,,
2513.428,4976,ACTIVE_ROUND,16,10,7,,41.124,,s0pp,FUT Esports,chamber,True,95,40,0,7,1,7,True,operator,sniper,,0.7767,0.4311,xeus,FUT Esports,jett,False,,50,2,1,1,7,True,phantom,rifle,,,,sociablEE,FUT Esports,fade,False,,50,0,0,0,4,False,phantom,rifle,,,,yetujey,FUT Esports,astra,False,,37,0,0,0,7,True,phantom,rifle,,,,KROSTALY,FUT Esports,kayo,False,,50,0,0,0,7,True,unknown,unknown,,,,Chronicle,Team Vitality,chamber,True,100,25,0,4,1,7,True,phantom,rifle,,0.8267,0.3933,Derke,Team Vitality,neon,False,,25,0,0,0,5,False,unknown,unknown,,,,Jamppi,Team Vitality,kayo,False,,25,0,0,0,7,True,unknown,unknown,,,,Sayonara,Team Vitality,sova,False,,25,0,2,0,2,False,phantom,rifle,,,,PROFEK,Team Vitality,astra,False,,25,0,0,0,7,True,unknown,unknown,,,
2513.911,4977,POST_ROUND,16,10,8,,,0.000,s0pp,FUT Esports,chamber,True,95,40,0,7,1,7,True,operator,sniper,,0.7767,0.4311,xeus,FUT Esports,jett,False,,50,2,1,1,7,True,phantom,rifle,,,,sociablEE,FUT Esports,fade,False,,50,0,0,0,4,False,phantom,rifle,,,,yetujey,FUT Esports,astra,False,,37,0,0,0,7,True,phantom,rifle,,,,KROSTALY,FUT Esports,kayo,False,,50,0,0,0,7,True,unknown,unknown,,,,Chronicle,Team Vitality,chamber,True,100,25,0,4,1,7,True,phantom,rifle,,0.8267,0.3933,Derke,Team Vitality,neon,False,,25,0,0,0,5,False,unknown,unknown,,,,Jamppi,Team Vitality,kayo,False,,25,0,0,0,7,True,unknown,unknown,,,,Sayonara,Team Vitality,sova,False,,25,0,2,0,2,False,phantom,rifle,,,,PROFEK,Team Vitality,astra,False,,25,0,0,0,7,True,unknown,unknown,,,
2514.395,4978,ACTIVE_ROUND,17,10,8,92.000,,,s0pp,FUT Esports,chamber,True,,,,,,,,,,,0.7767,0.4267,xeus,FUT Esports,jett,True,,,,,,,,,,,0.6233,0.7056,sociablEE,FUT Esports,fade,True,,,,,,,,,,,,,yetujey,FUT Esports,astra,True,,,,,,,,,,,0.8711,0.4789,KROSTALY,FUT Esports,kayo,True,,,,,,,,,,,,,Chronicle,Team Vitality,chamber,True,100,25,,,,,,,,,,,Derke,Team Vitality,neon,True,,,,,,,,,,,,,Jamppi,Team Vitality,kayo,True,,,,,,,,,,,0.8100,0.3567,Sayonara,Team Vitality,sova,True,,,,,,,,,,,0.8522,0.3578,PROFEK,Team Vitality,astra,True,,,,,,,,,,,,
2514.879,4979,ACTIVE_ROUND,17,10,8,92.000,,,s0pp,FUT Esports,chamber,True,,,,,,,,,,,0.7767,0.4267,xeus,FUT Esports,jett,True,,,,,,,,,,,0.6233,0.7056,sociablEE,FUT Esports,fade,True,,,,,,,,,,,,,yetujey,FUT Esports,astra,True,,,,,,,,,,,0.8711,0.4789,KROSTALY,FUT Esports,kayo,True,,,,,,,,,,,,,Chronicle,Team Vitality,chamber,True,100,25,,,,,,,,,,,Derke,Team Vitality,neon,True,,,,,,,,,,,,,Jamppi,Team Vitality,kayo,True,,,,,,,,,,,0.8100,0.3567,Sayonara,Team Vitality,sova,True,,,,,,,,,,,0.8522,0.3578,PROFEK,Team Vitality,astra,True,,,,,,,,,,,,
2550.681,5053,ACTIVE_ROUND,17,10,8,99.000,,,s0pp,FUT Esports,chamber,True,,,,,,,,,,,0.7767,0.4267,xeus,FUT Esports,jett,False,0,50,,,,,,,,,0.4433,0.6678,sociablEE,FUT Esports,fade,False,0,50,,,,,,,,,,,yetujey,FUT Esports,astra,False,0,50,,,,,,,,,0.4422,0.7411,KROSTALY,FUT Esports,kayo,True,,,,,,,,,,,,,Chronicle,Team Vitality,chamber,True,100,25,,,,,,,,,,,Derke,Team Vitality,neon,True,10,50,,,,,,,,,,,Jamppi,Team Vitality,kayo,True,,,,,,,,,,,0.1367,0.4300,Sayonara,Team Vitality,sova,True,10,50,,,,,,,,,0.1633,0.4133,PROFEK,Team Vitality,astra,True,10,25,,,,,,,,,,
2551.165,5054,ACTIVE_ROUND,17,10,8,99.000,,,s0pp,FUT Esports,chamber,True,100,50,,,,,,,,,0.1100,0.7022,xeus,FUT Esports,jett,False,0,50,,,,,,,,,,,sociablEE,FUT Esports,fade,False,0,50,,,,,,,,,,,yetujey,FUT Esports,astra,False,0,50,,,,,,,,,,,KROSTALY,FUT Esports,kayo,True,100,50,,,,,,,,,,,Chronicle,Team Vitality,chamber,True,100,25,,,,,,,,,,,Derke,Team Vitality,neon,True,100,50,,,,,,,,,,,Jamppi,Team Vitality,kayo,True,100,25,,,,,,,,,0.1389,0.4300,Sayonara,Team Vitality,sova,True,100,50,,,,,,,,,0.8456,0.3844,PROFEK,Team Vitality,astra,True,100,25,,,,,,,,,,
2551.649,5055,ACTIVE_ROUND,17,10,8,98.000,,,s0pp,FUT Esports,chamber,True,100,50,,,,,,,,,0.7478,0.6267,xeus,FUT Esports,jett,False,0,50,,,,,,,,,,,sociablEE,FUT Esports,fade,False,0,50,,,,,,,,,,,yetujey,FUT Esports,astra,False,0,50,,,,,,,,,,,KROSTALY,FUT Esports,kayo,True,100,50,,,,,,,,,,,Chronicle,Team Vitality,chamber,True,100,25,,,,,,,,,,,Derke,Team Vitality,neon,True,100,50,,,,,,,,,,,Jamppi,Team Vitality,kayo,True,100,25,,,,,,,,,0.1367,0.4300,Sayonara,Team Vitality,sova,True,100,50,,,,,,,,,0.8344,0.4156,PROFEK,Team Vitality,astra,True,100,25,,,,,,,,,,
2552.133,5056,ACTIVE_ROUND,17,10,8,98.000,,,s0pp,FUT Esports,chamber,True,100,50,0,8,1,7,True,operator,sniper,,0.5789,0.7200,xeus,FUT Esports,jett,False,0,50,,,,,,,,,,,sociablEE,FUT Esports,fade,False,0,50,,,,,,,,,,,yetujey,FUT Esports,astra,False,0,50,,,,,,,,,,,KROSTALY,FUT Esports,kayo,True,100,50,1,2,1,7,True,phantom,rifle,,,,Chronicle,Team Vitality,chamber,True,100,25,0,7,1,7,True,classic,sidearm,,,,Derke,Team Vitality,neon,True,100,50,1,1,1,6,False,operator,sniper,,,,Jamppi,Team Vitality,kayo,True,100,25,1,2,1,7,True,phantom,rifle,,0.1367,0.4300,Sayonara,Team Vitality,sova,True,100,50,1,2,1,3,False,phantom,rifle,,0.1456,0.5311,PROFEK,Team Vitality,astra,True,100,25,1,1,0,7,True,phantom,rifle,,,
2552.617,5057,ACTIVE_ROUND,17,10,8,97.000,,,s0pp,FUT Esports,chamber,True,100,50,0,8,1,7,True,operator,sniper,,0.4522,0.9267,xeus,FUT Esports,jett,False,0,50,,,,,,,,,,,sociablEE,FUT Esports,fade,False,0,50,,,,,,,,,,,yetujey,FUT Esports,astra,False,0,50,,,,,,,,,,,KROSTALY,FUT Esports,kayo,True,100,50,1,2,1,7,True,phantom,rifle,,,,Chronicle,Team Vitality,chamber,True,100,25,0,7,1,7,True,classic,sidearm,,,,Derke,Team Vitality,neon,True,100,50,1,1,1,6,False,operator,sniper,,,,Jamppi,Team Vitality,kayo,True,100,25,1,2,1,7,True,phantom,rifle,,0.1322,0.4322,Sayonara,Team Vitality,sova,True,100,50,1,2,1,3,False,phantom,rifle,,0.1611,0.4156,PROFEK,Team Vitality,astra,True,100,25,1,1,0,7,True,phantom,rifle,,,
2553.101,5058,ACTIVE_ROUND,17,10,8,97.000,,,s0pp,FUT Esports,chamber,True,100,50,0,8,1,7,True,operator,sniper,,0.6011,0.8444,xeus,FUT Esports,jett,False,0,50,,,,,,,,,,,sociablEE,FUT Esports,fade,False,0,50,,,,,,,,,,,yetujey,FUT Esports,astra,False,0,50,,,,,,,,,,,KROSTALY,FUT Esports,kayo,True,100,50,1,2,1,7,True,phantom,rifle,,,,Chronicle,Team Vitality,chamber,True,100,25,0,7,1,7,True,classic,sidearm,,,,Derke,Team Vitality,neon,True,100,50,1,1,1,6,False,operator,sniper,,,,Jamppi,Team Vitality,kayo,True,100,25,1,2,1,7,True,phantom,rifle,,0.1322,0.4322,Sayonara,Team Vitality,sova,True,100,50,1,2,1,3,False,phantom,rifle,,0.8856,0.4756,PROFEK,Team Vitality,astra,True,100,25,1,1,0,7,True,phantom,rifle,,,
2553.584,5059,ACTIVE_ROUND,17,10,8,96.000,,,s0pp,FUT Esports,chamber,True,100,50,0,8,1,7,True,operator,sniper,,0.7167,0.2222,xeus,FUT Esports,jett,False,0,50,,,,,,,,,,,sociablEE,FUT Esports,fade,False,0,50,,,,,,,,,,,yetujey,FUT Esports,astra,False,0,50,,,,,,,,,,,KROSTALY,FUT Esports,kayo,True,100,50,1,2,1,7,True,phantom,rifle,,,,Chronicle,Team Vitality,chamber,True,100,25,0,7,1,7,True,classic,sidearm,,,,Derke,Team Vitality,neon,True,100,50,1,1,1,6,False,operator,sniper,,,,Jamppi,Team Vitality,kayo,True,100,25,1,2,1,7,True,phantom,rifle,,0.1344,0.4300,Sayonara,Team Vitality,sova,True,100,50,1,2,1,3,False,phantom,rifle,,0.1611,0.4133,PROFEK,Team Vitality,astra,True,100,25,1,1,0,7,True,phantom,rifle,,,
2554.068,5060,ACTIVE_ROUND,17,10,8,96.000,,,s0pp,FUT Esports,chamber,True,100,50,0,8,1,7,True,operator,sniper,,0.6011,0.8444,xeus,FUT Esports,jett,False,0,50,,,,,,,,,,,sociablEE,FUT Esports,fade,False,0,50,,,,,,,,,,,yetujey,FUT Esports,astra,False,0,50,,,,,,,,,,,KROSTALY,FUT Esports,kayo,True,100,50,1,2,0,7,True,phantom,rifle,,,,Chronicle,Team Vitality,chamber,True,100,25,0,7,1,7,True,classic,sidearm,,,,Derke,Team Vitality,neon,True,100,50,1,1,1,6,False,operator,sniper,,,,Jamppi,Team Vitality,kayo,True,100,25,1,2,1,7,True,phantom,rifle,,0.1322,0.4322,Sayonara,Team Vitality,sova,True,100,50,1,2,1,3,False,phantom,rifle,,0.1322,0.5400,PROFEK,Team Vitality,astra,True,100,25,1,1,0,7,True,phantom,rifle,,,
2554.552,5061,ACTIVE_ROUND,17,10,8,95.000,,,s0pp,FUT Esports,chamber,True,100,50,0,8,1,7,True,operator,sniper,,0.6011,0.8444,xeus,FUT Esports,jett,False,0,50,,,,,,,,,,,sociablEE,FUT Esports,fade,False,0,50,,,,,,,,,,,yetujey,FUT Esports,astra,False,0,50,,,,,,,,,,,KROSTALY,FUT Esports,kayo,True,100,50,1,2,0,7,True,phantom,rifle,,,,Chronicle,Team Vitality,chamber,True,100,25,0,7,1,7,True,classic,sidearm,,,,Derke,Team Vitality,neon,True,100,50,1,1,1,6,False,operator,sniper,,,,Jamppi,Team Vitality,kayo,True,100,25,1,2,1,7,True,phantom,rifle,,0.1300,0.4322,Sayonara,Team Vitality,sova,True,100,50,1,2,1,3,False,phantom,rifle,,0.1567,0.4222,PROFEK,Team Vitality,astra,True,100,25,1,1,0,7,True,phantom,rifle,,,
2555.036,5062,ACTIVE_ROUND,17,10,8,95.000,,,s0pp,FUT Esports,chamber,True,100,50,0,8,1,7,True,operator,sniper,,0.1100,0.7067,xeus,FUT Esports,jett,False,0,50,,,,,,,,,,,sociablEE,FUT Esports,fade,False,0,50,,,,,,,,,,,yetujey,FUT Esports,astra,False,0,50,,,,,,,,,,,KROSTALY,FUT Esports,kayo,True,100,50,1,2,0,7,True,phantom,rifle,,,,Chronicle,Team Vitality,chamber,True,100,25,0,7,1,7,True,classic,sidearm,,,,Derke,Team Vitality,neon,True,100,50,1,1,1,6,False,operator,sniper,,0.8733,0.4822,Jamppi,Team Vitality,kayo,True,100,25,1,2,1,7,True,phantom,rifle,,0.1233,0.4300,Sayonara,Team Vitality,sova,True,100,50,1,2,1,3,False,phantom,rifle,,0.1567,0.4200,PROFEK,Team Vitality,astra,True,100,25,1,1,0,7,True,phantom,rifle,,,
2555.520,5063,ACTIVE_ROUND,17,10,8,94.000,,,s0pp,FUT Esports,chamber,True,100,50,0,8,1,7,True,operator,sniper,,0.1100,0.7022,xeus,FUT Esports,jett,False,0,50,,,,,,,,,,,sociablEE,FUT Esports,fade,False,0,50,,,,,,,,,,,yetujey,FUT Esports,astra,False,0,50,,,,,,,,,,,KROSTALY,FUT Esports,kayo,True,100,50,1,2,0,7,True,phantom,rifle,,,,Chronicle,Team Vitality,chamber,True,100,25,0,7,1,7,True,classic,sidearm,,,,Derke,Team Vitality,neon,True,100,50,1,1,1,6,False,operator,sniper,,0.8778,0.4822,Jamppi,Team Vitality,kayo,True,100,25,1,2,1,7,True,phantom,rifle,,0.1256,0.4300,Sayonara,Team Vitality,sova,True,100,50,1,2,1,3,False,phantom,rifle,,0.1522,0.4133,PROFEK,Team Vitality,astra,True,100,25,1,1,0,7,True,phantom,rifle,,,
2556.003,5064,ACTIVE_ROUND,17,10,8,94.000,,,s0pp,FUT Esports,chamber,True,100,50,0,8,1,7,True,operator,sniper,,0.5344,0.5644,xeus,FUT Esports,jett,False,0,50,,,,,,,,,,,sociablEE,FUT Esports,fade,False,0,50,,,,,,,,,,,yetujey,FUT Esports,astra,False,0,50,,,,,,,,,,,KROSTALY,FUT Esports,kayo,True,100,50,1,2,0,7,True,phantom,rifle,,,,Chronicle,Team Vitality,chamber,True,100,25,0,7,1,7,True,classic,sidearm,,,,Derke,Team Vitality,neon,True,100,50,1,1,1,6,False,operator,sniper,,0.8778,0.4822,Jamppi,Team Vitality,kayo,True,100,25,1,2,1,7,True,phantom,rifle,,0.1300,0.4211,Sayonara,Team Vitality,sova,True,100,50,1,2,1,3,False,phantom,rifle,,0.1589,0.4044,PROFEK,Team Vitality,astra,True,100,25,1,1,0,7,True,phantom,rifle,,,
2556.487,5065,ACTIVE_ROUND,17,10,8,93.000,,,s0pp,FUT Esports,chamber,True,100,50,0,8,1,7,True,operator,sniper,,0.1100,0.7022,xeus,FUT Esports,jett,False,0,50,,,,,,,,,,,sociablEE,FUT Esports,fade,False,0,50,,,,,,,,,,,yetujey,FUT Esports,astra,False,0,50,,,,,,,,,,,KROSTALY,FUT Esports,kayo,True,100,50,1,2,0,7,True,phantom,rifle,,,,Chronicle,Team Vitality,chamber,True,100,25,0,7,1,7,True,classic,sidearm,,,,Derke,Team Vitality,neon,True,100,50,1,1,1,6,False,operator,sniper,,0.8778,0.4822,Jamppi,Team Vitality,kayo,True,100,25,1,2,1,7,True,phantom,rifle,,0.1300,0.4078,Sayonara,Team Vitality,sova,True,100,50,1,2,1,3,False,phantom,rifle,,0.1656,0.4044,PROFEK,Team Vitality,astra,True,100,25,1,1,0,7,True,phantom,rifle,,,
2556.971,5066,ACTIVE_ROUND,17,10,8,93.000,,,s0pp,FUT Esports,chamber,True,100,50,0,8,1,7,True,operator,sniper,,0.1078,0.7089,xeus,FUT Esports,jett,False,0,50,,,,,,,,,,,sociablEE,FUT Esports,fade,False,0,50,,,,,,,,,,,yetujey,FUT Esports,astra,False,0,50,,,,,,,,,,,KROSTALY,FUT Esports,kayo,True,100,50,1,2,0,7,True,phantom,rifle,,,,Chronicle,Team Vitality,chamber,True,100,25,0,7,1,7,True,classic,sidearm,,,,Derke,Team Vitality,neon,True,100,50,1,1,1,6,False,operator,sniper,,0.8778,0.4822,Jamppi,Team Vitality,kayo,True,100,25,1,2,1,7,True,phantom,rifle,,0.1344,0.3989,Sayonara,Team Vitality,sova,True,100,50,1,2,1,3,False,phantom,rifle,,0.1700,0.3933,PROFEK,Team Vitality,astra,True,100,25,1,1,0,7,True,phantom,rifle,,,
2557.455,5067,ACTIVE_ROUND,17,10,8,92.000,,,s0pp,FUT Esports,chamber,True,100,50,0,8,1,7,True,operator,sniper,,0.1078,0.7089,xeus,FUT Esports,jett,False,0,50,,,,,,,,,,,sociablEE,FUT Esports,fade,False,0,50,,,,,,,,,,,yetujey,FUT Esports,astra,False,0,50,,,,,,,,,,,KROSTALY,FUT Esports,kayo,True,100,50,1,2,0,7,True,phantom,rifle,,,,Chronicle,Team Vitality,chamber,True,100,25,0,7,1,7,True,classic,sidearm,,,,Derke,Team Vitality,neon,True,100,50,1,1,1,6,False,operator,sniper,,0.8756,0.4822,Jamppi,Team Vitality,kayo,True,100,25,1,2,1,7,True,phantom,rifle,,0.1322,0.3878,Sayonara,Team Vitality,sova,True,100,50,1,2,1,3,False,phantom,rifle,,0.1611,0.3711,PROFEK,Team Vitality,astra,True,100,25,1,1,0,7,True,phantom,rifle,,,
2557.939,5068,ACTIVE_ROUND,17,10,8,92.000,,,s0pp,FUT Esports,chamber,True,100,50,0,8,1,7,True,operator,sniper,,0.2722,0.8178,xeus,FUT Esports,jett,False,0,50,,,,,,,,,,,sociablEE,FUT Esports,fade,False,0,50,,,,,,,,,,,yetujey,FUT Esports,astra,False,0,50,,,,,,,,,,,KROSTALY,FUT Esports,kayo,True,100,50,1,2,0,7,True,phantom,rifle,,0.6067,0.6778,Chronicle,Team Vitality,chamber,True,100,25,0,7,1,7,True,classic,sidearm,,,,Derke,Team Vitality,neon,True,100,50,1,1,1,6,False,operator,sniper,,0.8756,0.4822,Jamppi,Team Vitality,kayo,True,100,25,1,2,1,7,True,phantom,rifle,,0.1411,0.3744,Sayonara,Team Vitality,sova,True,100,50,1,2,1,3,False,phantom,rifle,,0.1322,0.5244,PROFEK,Team Vitality,astra,True,100,25,0,1,0,7,True,phantom,rifle,,,
2558.423,5069,ACTIVE_ROUND,17,10,8,91.000,,,s0pp,FUT Esports,chamber,True,100,50,0,8,1,7,True,operator,sniper,,0.2722,0.8178,xeus,FUT Esports,jett,False,0,50,,,,,,,,,,,sociablEE,FUT Esports,fade,False,0,50,,,,,,,,,,,yetujey,FUT Esports,astra,False,0,50,,,,,,,,,,,KROSTALY,FUT Esports,kayo,True,100,50,1,2,0,7,True,phantom,rifle,,0.6000,0.6689,Chronicle,Team Vitality,chamber,True,100,25,0,7,1,7,True,classic,sidearm,,0.1178,0.5467,Derke,Team Vitality,neon,True,100,50,1,1,1,6,False,operator,sniper,,0.8689,0.4844,Jamppi,Team Vitality,kayo,True,100,25,1,2,1,7,True,phantom,rifle,,0.1589,0.3678,Sayonara,Team Vitality,sova,True,100,50,1,2,1,3,False,phantom,rifle,,0.9033,0.4756,PROFEK,Team Vitality,astra,True,100,25,0,1,0,7,True,phantom,rifle,,,
2558.906,5070,ACTIVE_ROUND,17,10,8,91.000,,,s0pp,FUT Esports,chamber,True,100,50,0,8,1,7,True,operator,sniper,,0.4522,0.9267,xeus,FUT Esports,jett,False,0,50,,,,,,,,,,,sociablEE,FUT Esports,fade,False,0,50,,,,,,,,,,,yetujey,FUT Esports,astra,False,0,50,,,,,,,,,,,KROSTALY,FUT Esports,kayo,True,100,50,1,2,0,7,True,phantom,rifle,,0.5956,0.6600,Chronicle,Team Vitality,chamber,True,100,25,0,7,1,7,True,classic,sidearm,,0.1267,0.5489,Derke,Team Vitality,neon,True,100,50,1,1,1,6,False,operator,sniper,,0.8689,0.4844,Jamppi,Team Vitality,kayo,True,100,25,1,2,1,7,True,phantom,rifle,,0.1744,0.3700,Sayonara,Team Vitality,sova,True,100,50,1,2,1,3,False,phantom,rifle,,0.1589,0.5378,PROFEK,Team Vitality,astra,True,100,25,0,1,0,7,True,phantom,rifle,,,
2559.390,5071,ACTIVE_ROUND,17,10,8,90.000,,,s0pp,FUT Esports,chamber,True,100,50,0,8,1,7,True,operator,sniper,,0.2722,0.8133,xeus,FUT Esports,jett,False,0,50,,,,,,,,,,,sociablEE,FUT Esports,fade,False,0,50,,,,,,,,,,,yetujey,FUT Esports,astra,False,0,50,,,,,,,,,,,KROSTALY,FUT Esports,kayo,True,100,50,1,2,0,7,True,phantom,rifle,,0.5956,0.6600,Chronicle,Team Vitality,chamber,True,100,25,0,7,1,7,True,classic,sidearm,,0.1356,0.5556,Derke,Team Vitality,neon,True,100,50,1,1,1,6,False,operator,sniper,,0.8756,0.4867,Jamppi,Team Vitality,kayo,True,100,25,1,2,1,7,True,phantom,rifle,,0.1878,0.3833,Sayonara,Team Vitality,sova,True,100,50,1,2,1,3,False,phantom,rifle,,0.1633,0.5333,PROFEK,Team Vitality,astra,True,100,25,0,1,0,7,True,phantom,rifle,,,
2559.874,5072,ACTIVE_ROUND,17,10,8,90.000,,,s0pp,FUT Esports,chamber,True,100,50,0,8,1,7,True,operator,sniper,,0.4522,0.9267,xeus,FUT Esports,jett,False,0,50,,,,,,,,,,,sociablEE,FUT Esports,fade,False,0,50,,,,,,,,,,,yetujey,FUT Esports,astra,False,0,50,,,,,,,,,,,KROSTALY,FUT Esports,kayo,True,100,50,1,2,0,7,True,phantom,rifle,,0.5822,0.6400,Chronicle,Team Vitality,chamber,True,100,25,0,7,1,7,True,classic,sidearm,,0.1378,0.5600,Derke,Team Vitality,neon,True,100,50,1,1,1,6,False,operator,sniper,,0.8822,0.4911,Jamppi,Team Vitality,kayo,True,100,25,1,2,1,7,True,phantom,rifle,,0.1967,0.3900,Sayonara,Team Vitality,sova,True,100,50,0,2,1,3,False,phantom,rifle,,0.1456,0.5289,PROFEK,Team Vitality,astra,True,100,25,0,1,0,7,True,phantom,rifle,,0.8356,0.4300
2560.358,5073,ACTIVE_ROUND,17,10,8,89.000,,,s0pp,FUT Esports,chamber,True,100,50,0,8,1,7,True,operator,sniper,,0.4522,0.9267,xeus,FUT Esports,jett,False,0,50,,,,,,,,,,,sociablEE,FUT Esports,fade,False,0,50,,,,,,,,,,,yetujey,FUT Esports,astra,False,0,50,,,,,,,,,,,KROSTALY,FUT Esports,kayo,True,100,50,1,2,0,7,True,phantom,rifle,,0.5778,0.6356,Chronicle,Team Vitality,chamber,True,100,25,0,7,1,7,True,classic,sidearm,,0.1311,0.5622,Derke,Team Vitality,neon,True,100,50,1,1,1,6,False,operator,sniper,,0.8867,0.4978,Jamppi,Team Vitality,kayo,True,100,25,1,2,1,7,True,phantom,rifle,,0.1944,0.3900,Sayonara,Team Vitality,sova,True,100,50,0,2,1,3,False,phantom,rifle,,0.9189,0.4756,PROFEK,Team Vitality,astra,True,100,25,0,1,0,7,True,phantom,rifle,,0.8356,0.4300
2560.842,5074,ACTIVE_ROUND,17,10,8,89.000,,,s0pp,FUT Esports,chamber,True,100,50,0,8,1,7,True,operator,sniper,,0.4522,0.9267,xeus,FUT Esports,jett,False,0,50,,,,,,,,,,,sociablEE,FUT Esports,fade,False,0,50,,,,,,,,,,,yetujey,FUT Esports,astra,False,0,50,,,,,,,,,,,KROSTALY,FUT Esports,kayo,True,100,50,1,2,0,7,True,phantom,rifle,,0.5711,0.6311,Chronicle,Team Vitality,chamber,True,100,25,0,7,1,7,True,classic,sidearm,,0.1267,0.5644,Derke,Team Vitality,neon,True,100,50,1,1,1,6,False,operator,sniper,,0.8933,0.5044,Jamppi,Team Vitality,kayo,True,100,25,1,2,1,7,True,phantom,rifle,,0.1922,0.3900,Sayonara,Team Vitality,sova,True,100,50,0,2,1,3,False,phantom,rifle,,0.2211,0.3822,PROFEK,Team Vitality,astra,True,100,25,0,1,0,7,True,phantom,rifle,,0.8378,0.4011
2561.325,5075,ACTIVE_ROUND,17,10,8,88.000,,,s0pp,FUT Esports,chamber,True,100,50,0,8,1,7,True,operator,sniper,,0.3922,0.6756,xeus,FUT Esports,jett,False,0,50,,,,,,,,,,,sociablEE,FUT Esports,fade,False,0,50,,,,,,,,,,,yetujey,FUT Esports,astra,False,0,50,,,,,,,,,,,KROSTALY,FUT Esports,kayo,True,100,50,1,2,0,7,True,phantom,rifle,,0.5711,0.6311,Chronicle,Team Vitality,chamber,True,100,25,0,7,1,7,True,classic,sidearm,,0.1222,0.5667,Derke,Team Vitality,neon,True,100,50,1,1,1,6,False,operator,sniper,,0.8933,0.5044,Jamppi,Team Vitality,kayo,True,100,25,1,2,1,7,True,phantom,rifle,,0.1900,0.3900,Sayonara,Team Vitality,sova,True,100,50,0,2,1,3,False,phantom,rifle,,0.8411,0.3489,PROFEK,Team Vitality,astra,True,100,25,0,1,0,7,True,phantom,rifle,,0.8311,0.3833
2561.809,5076,ACTIVE_ROUND,17,10,8,88.000,,,s0pp,FUT Esports,chamber,True,100,50,0,8,1,7,True,operator,sniper,,0.2722,0.8089,xeus,FUT Esports,jett,False,0,50,,,,,,,,,,,sociablEE,FUT Esports,fade,False,0,50,,,,,,,,,,,yetujey,FUT Esports,astra,False,0,50,,,,,,,,,,,KROSTALY,FUT Esports,kayo,True,100,50,1,2,0,7,True,phantom,rifle,,0.5711,0.6311,Chronicle,Team Vitality,chamber,True,100,25,0,7,1,7,True,classic,sidearm,,0.1178,0.5756,Derke,Team Vitality,neon,True,100,50,1,1,1,6,False,operator,sniper,,0.9044,0.5222,Jamppi,Team Vitality,kayo,True,100,25,1,2,1,7,True,phantom,rifle,,0.1856,0.3900,Sayonara,Team Vitality,sova,True,100,50,0,2,1,3,False,phantom,rifle,,0.9167,0.4867,PROFEK,Team Vitality,astra,True,100,25,1,1,0,7,True,phantom,rifle,,0.8244,0.3744
2562.293,5077,ACTIVE_ROUND,17,10,8,87.000,,,s0pp,FUT Esports,chamber,True,100,50,0,8,1,7,True,operator,sniper,,0.5344,0.4956,xeus,FUT Esports,jett,False,0,50,,,,,,,,,,,sociablEE,FUT Esports,fade,False,0,50,,,,,,,,,,,yetujey,FUT Esports,astra,False,0,50,,,,,,,,,,,KROSTALY,FUT Esports,kayo,True,100,50,1,2,0,7,True,phantom,rifle,,0.5711,0.6311,Chronicle,Team Vitality,chamber,True,100,25,0,7,1,7,True,classic,sidearm,,0.1178,0.5800,Derke,Team Vitality,neon,True,100,50,1,1,1,6,False,operator,sniper,,0.9044,0.5222,Jamppi,Team Vitality,kayo,True,100,25,1,2,1,7,True,phantom,rifle,,0.1967,0.3922,Sayonara,Team Vitality,sova,True,100,50,0,2,1,3,False,phantom,rifle,,0.2278,0.3822,PROFEK,Team Vitality,astra,True,100,25,1,1,0,7,True,phantom,rifle,,0.8156,0.3656
2562.777,5078,ACTIVE_ROUND,17,10,8,87.000,,,s0pp,FUT Esports,chamber,True,100,50,0,8,1,7,True,operator,sniper,,0.2722,0.8089,xeus,FUT Esports,jett,False,0,50,,,,,,,,,,,sociablEE,FUT Esports,fade,False,0,50,,,,,,,,,,,yetujey,FUT Esports,astra,False,0,50,,,,,,,,,,,KROSTALY,FUT Esports,kayo,True,100,50,1,2,0,7,True,phantom,rifle,,0.5711,0.6311,Chronicle,Team Vitality,chamber,True,100,25,0,7,1,7,True,classic,sidearm,,0.1156,0.5867,Derke,Team Vitality,neon,True,100,50,1,1,1,6,False,operator,sniper,,0.9000,0.5422,Jamppi,Team Vitality,kayo,True,100,25,1,2,1,7,True,phantom,rifle,,0.2078,0.3989,Sayonara,Team Vitality,sova,True,100,50,0,2,1,3,False,phantom,rifle,,0.9078,0.5022,PROFEK,Team Vitality,astra,True,100,25,1,1,0,7,True,phantom,rifle,,0.8111,0.3567
2563.261,5079,ACTIVE_ROUND,17,10,8,86.000,,,s0pp,FUT Esports,chamber,True,100,50,0,8,1,7,True,operator,sniper,,0.2722,0.8089,xeus,FUT Esports,jett,False,0,50,,,,,,,,,,,sociablEE,FUT Esports,fade,False,0,50,,,,,,,,,,,yetujey,FUT Esports,astra,False,0,50,,,,,,,,,,,KROSTALY,FUT Esports,kayo,True,100,50,1,2,0,7,True,phantom,rifle,,0.5711,0.6311,Chronicle,Team Vitality,chamber,True,100,25,0,7,1,7,True,classic,sidearm,,0.1156,0.5867,Derke,Team Vitality,neon,True,100,50,1,1,1,6,False,operator,sniper,,0.8978,0.5533,Jamppi,Team Vitality,kayo,True,100,25,1,2,1,7,True,phantom,rifle,,0.2167,0.4033,Sayonara,Team Vitality,sova,True,100,50,0,2,1,3,False,phantom,rifle,,0.9078,0.5022,PROFEK,Team Vitality,astra,True,100,25,1,1,0,7,True,phantom,rifle,,0.8111,0.3567
2563.745,5080,ACTIVE_ROUND,17,10,8,86.000,,,s0pp,FUT Esports,chamber,True,100,50,0,8,1,7,True,operator,sniper,,0.2722,0.8089,xeus,FUT Esports,jett,False,0,50,,,,,,,,,,,sociablEE,FUT Esports,fade,False,0,50,,,,,,,,,,,yetujey,FUT Esports,astra,False,0,50,,,,,,,,,,,KROSTALY,FUT Esports,kayo,True,100,50,1,2,0,7,True,phantom,rifle,,0.5711,0.6311,Chronicle,Team Vitality,chamber,True,100,25,0,7,1,7,True,classic,sidearm,,0.1156,0.5867,Derke,Team Vitality,neon,True,100,50,1,1,1,6,False,operator,sniper,,0.8911,0.5622,Jamppi,Team Vitality,kayo,True,100,25,1,2,1,7,True,phantom,rifle,,0.2122,0.4056,Sayonara,Team Vitality,sova,True,100,50,0,2,1,3,False,phantom,rifle,,0.9078,0.5022,PROFEK,Team Vitality,astra,True,100,25,1,1,0,7,True,phantom,rifle,,0.8111,0.3567
2564.228,5081,ACTIVE_ROUND,17,10,8,85.000,,,s0pp,FUT Esports,chamber,True,100,50,0,8,1,7,True,operator,sniper,,0.3967,0.5200,xeus,FUT Esports,jett,False,0,50,,,,,,,,,,,sociablEE,FUT Esports,fade,False,0,50,,,,,,,,,,,yetujey,FUT Esports,astra,False,0,50,,,,,,,,,,,KROSTALY,FUT Esports,kayo,True,100,50,1,2,0,7,True,phantom,rifle,,0.5711,0.6311,Chronicle,Team Vitality,chamber,True,100,25,0,7,1,7,True,classic,sidearm,,0.1156,0.5867,Derke,Team Vitality,neon,True,100,50,1,1,1,6,False,operator,sniper,,0.8822,0.5667,Jamppi,Team Vitality,kayo,True,100,25,1,2,1,7,True,phantom,rifle,,0.2033,0.4033,Sayonara,Team Vitality,sova,True,100,50,0,2,1,3,False,phantom,rifle,,0.9078,0.5044,PROFEK,Team Vitality,astra,True,100,25,1,1,0,7,True,phantom,rifle,,0.8111,0.3567
2564.712,5082,ACTIVE_ROUND,17,10,8,85.000,,,s0pp,FUT Esports,chamber,True,100,50,0,8,1,7,True,operator,sniper,,0.4900,0.4933,xeus,FUT Esports,jett,False,0,50,,,,,,,,,,,sociablEE,FUT Esports,fade,False,0,50,,,,,,,,,,,yetujey,FUT Esports,astra,False,0,50,,,,,,,,,,,KROSTALY,FUT Esports,kayo,True,100,50,1,2,0,7,True,phantom,rifle,,0.5711,0.6311,Chronicle,Team Vitality,chamber,True,100,25,0,7,1,7,True,classic,sidearm,,0.1156,0.5867,Derke,Team Vitality,neon,True,100,50,1,1,1,6,False,operator,sniper,,0.8733,0.5733,Jamppi,Team Vitality,kayo,True,100,25,1,2,1,7,True,phantom,rifle,,0.1989,0.4011,Sayonara,Team Vitality,sova,True,100,50,0,2,1,3,False,phantom,rifle,,0.8811,0.5133,PROFEK,Team Vitality,astra,True,100,25,1,1,0,7,True,phantom,rifle,,0.8111,0.3567
2565.196,5083,ACTIVE_ROUND,17,10,8,85.000,,,s0pp,FUT Esports,chamber,True,100,50,0,8,1,7,True,operator,sniper,,0.4856,0.4933,xeus,FUT Esports,jett,False,0,50,,,,,,,,,,,sociablEE,FUT Esports,fade,False,0,50,,,,,,,,,,,yetujey,FUT Esports,astra,False,0,50,,,,,,,,,,,KROSTALY,FUT Esports,kayo,True,100,50,1,2,0,7,True,phantom,rifle,,0.5711,0.6311,Chronicle,Team Vitality,chamber,True,100,25,0,7,1,7,True,classic,sidearm,,0.1156,0.5867,Derke,Team Vitality,neon,True,100,50,1,1,1,6,False,operator,sniper,,0.8733,0.5733,Jamppi,Team Vitality,kayo,True,100,25,1,2,1,7,True,phantom,rifle,,0.1922,0.4011,Sayonara,Team Vitality,sova,True,100,50,0,2,1,3,False,phantom,rifle,,0.8744,0.5000,PROFEK,Team Vitality,astra,True,100,25,1,1,0,7,True,phantom,rifle,,0.8111,0.3567
2565.680,5084,ACTIVE_ROUND,17,10,8,84.000,,,s0pp,FUT Esports,chamber,True,100,50,0,8,1,7,True,operator,sniper,,0.4789,0.4933,xeus,FUT Esports,jett,False,0,50,,,,,,,,,,,sociablEE,FUT Esports,fade,False,0,50,,,,,,,,,,,yetujey,FUT Esports,astra,False,0,50,,,,,,,,,,,KROSTALY,FUT Esports,kayo,True,100,50,1,2,0,7,True,classic,sidearm,,0.5711,0.6311,Chronicle,Team Vitality,chamber,True,100,25,0,7,1,7,True,classic,sidearm,,0.1156,0.5867,Derke,Team Vitality,neon,True,100,50,1,1,1,6,False,operator,sniper,,0.8733,0.5733,Jamppi,Team Vitality,kayo,True,100,25,1,2,1,7,True,phantom,rifle,,0.1878,0.4011,Sayonara,Team Vitality,sova,True,100,50,0,2,1,3,False,phantom,rifle,,0.8589,0.5778,PROFEK,Team Vitality,astra,True,100,25,1,1,0,7,True,phantom,rifle,,0.8111,0.3567
2566.164,5085,ACTIVE_ROUND,17,10,8,84.000,,,s0pp,FUT Esports,chamber,True,100,50,0,8,1,7,True,operator,sniper,,0.4767,0.4933,xeus,FUT Esports,jett,False,0,50,,,,,,,,,,,sociablEE,FUT Esports,fade,False,0,50,,,,,,,,,,,yetujey,FUT Esports,astra,False,0,50,,,,,,,,,,,KROSTALY,FUT Esports,kayo,True,100,50,1,2,0,7,True,classic,sidearm,,0.5711,0.6311,Chronicle,Team Vitality,chamber,True,100,25,0,7,1,7,True,classic,sidearm,,0.1156,0.5867,Derke,Team Vitality,neon,True,100,50,1,1,1,6,False,operator,sniper,,0.8422,0.5800,Jamppi,Team Vitality,kayo,True,100,25,1,2,1,7,True,phantom,rifle,,0.1856,0.4011,Sayonara,Team Vitality,sova,True,100,50,0,2,1,3,False,phantom,rifle,,0.2144,0.3822,PROFEK,Team Vitality,astra,True,100,25,1,1,0,7,True,phantom,rifle,,0.8111,0.3567
2566.647,5086,ACTIVE_ROUND,17,10,8,83.000,,,s0pp,FUT Esports,chamber,True,100,50,0,8,1,7,True,operator,sniper,,0.4744,0.4911,xeus,FUT Esports,jett,False,0,50,,,,,,,,,,,sociablEE,FUT Esports,fade,False,0,50,,,,,,,,,,,yetujey,FUT Esports,astra,False,0,50,,,,,,,,,,,KROSTALY,FUT Esports,kayo,True,100,50,1,2,0,7,True,classic,sidearm,,0.5711,0.6311,Chronicle,Team Vitality,chamber,True,100,25,0,7,1,7,True,classic,sidearm,,0.1156,0.5867,Derke,Team Vitality,neon,True,100,50,1,1,1,6,False,operator,sniper,,0.8422,0.5800,Jamppi,Team Vitality,kayo,True,100,25,1,2,1,7,True,phantom,rifle,,0.1856,0.4011,Sayonara,Team Vitality,sova,True,100,50,0,2,1,3,False,phantom,rifle,,0.8456,0.4267,PROFEK,Team Vitality,astra,True,100,25,1,1,0,7,True,phantom,rifle,,0.8111,0.3567
2567.131,5087,ACTIVE_ROUND,17,10,8,83.000,,,s0pp,FUT Esports,chamber,True,100,50,0,8,1,7,True,operator,sniper,,0.4700,0.4889,xeus,FUT Esports,jett,False,0,50,,,,,,,,,,,sociablEE,FUT Esports,fade,False,0,50,,,,,,,,,,,yetujey,FUT Esports,astra,False,0,50,,,,,,,,,,,KROSTALY,FUT Esports,kayo,True,100,50,1,2,0,7,True,classic,sidearm,,0.5711,0.6311,Chronicle,Team Vitality,chamber,True,100,25,0,7,1,7,True,classic,sidearm,,0.1156,0.5867,Derke,Team Vitality,neon,True,100,50,1,1,1,6,False,operator,sniper,,0.8267,0.5822,Jamppi,Team Vitality,kayo,True,100,25,1,2,1,7,True,phantom,rifle,,0.1833,0.4033,Sayonara,Team Vitality,sova,True,100,50,0,2,1,3,False,phantom,rifle,,0.1478,0.6178,PROFEK,Team Vitality,astra,True,100,25,1,1,0,7,True,phantom,rifle,,0.8111,0.3567
2567.615,5088,ACTIVE_ROUND,17,10,8,82.000,,,s0pp,FUT Esports,chamber,True,100,50,0,8,1,7,True,operator,sniper,,0.4678,0.4889,xeus,FUT Esports,jett,False,0,50,,,,,,,,,,,sociablEE,FUT Esports,fade,False,0,50,,,,,,,,,,,yetujey,FUT Esports,astra,False,0,50,,,,,,,,,,,KROSTALY,FUT Esports,kayo,True,100,50,1,2,0,7,True,phantom,rifle,,0.5711,0.6311,Chronicle,Team Vitality,chamber,True,100,25,0,7,1,7,True,classic,sidearm,,0.1156,0.5867,Derke,Team Vitality,neon,True,100,50,1,1,1,6,False,operator,sniper,,0.8267,0.5822,Jamppi,Team Vitality,kayo,True,100,25,1,2,1,7,True,phantom,rifle,,0.1833,0.4144,Sayonara,Team Vitality,sova,True,100,50,0,2,1,3,False,phantom,rifle,,0.8567,0.5756,PROFEK,Team Vitality,astra,True,100,25,1,1,0,7,True,phantom,rifle,,0.8111,0.3567
2568.099,5089,ACTIVE_ROUND,17,10,8,82.000,,,s0pp,FUT Esports,chamber,True,100,50,0,8,1,7,True,operator,sniper,,0.4678,0.4889,xeus,FUT Esports,jett,False,0,50,,,,,,,,,,,sociablEE,FUT Esports,fade,False,0,50,,,,,,,,,,,yetujey,FUT Esports,astra,False,0,50,,,,,,,,,,,KROSTALY,FUT Esports,kayo,True,100,50,1,2,0,7,True,phantom,rifle,,0.5711,0.6311,Chronicle,Team Vitality,chamber,True,100,25,0,7,1,7,True,classic,sidearm,,0.1156,0.5867,Derke,Team Vitality,neon,True,100,50,1,1,1,6,False,operator,sniper,,0.8267,0.5822,Jamppi,Team Vitality,kayo,True,100,25,1,2,1,7,True,phantom,rifle,,0.1767,0.4211,Sayonara,Team Vitality,sova,True,100,50,0,2,1,3,False,phantom,rifle,,0.8633,0.3889,PROFEK,Team Vitality,astra,True,100,25,1,1,0,7,True,phantom,rifle,,0.8111,0.3567
2568.583,5090,ACTIVE_ROUND,17,10,8,81.000,,,s0pp,FUT Esports,chamber,True,100,50,0,8,1,7,True,operator,sniper,,0.4678,0.4889,xeus,FUT Esports,jett,False,0,50,,,,,,,,,,,sociablEE,FUT Esports,fade,False,0,50,,,,,,,,,,,yetujey,FUT Esports,astra,False,0,50,,,,,,,,,,,KROSTALY,FUT Esports,kayo,True,100,50,1,2,0,7,True,phantom,rifle,,0.5711,0.6311,Chronicle,Team Vitality,chamber,True,100,25,0,7,1,7,True,classic,sidearm,,0.1156,0.5867,Derke,Team Vitality,neon,True,100,50,1,1,1,6,False,operator,sniper,,0.8267,0.5822,Jamppi,Team Vitality,kayo,True,100,25,1,2,1,7,True,phantom,rifle,,0.1656,0.4300,Sayonara,Team Vitality,sova,True,100,50,0,2,1,3,False,phantom,rifle,,0.8767,0.3867,PROFEK,Team Vitality,astra,True,100,25,1,1,0,7,True,phantom,rifle,,0.8111,0.3567
2569.066,5091,ACTIVE_ROUND,17,10,8,81.000,,,s0pp,FUT Esports,chamber,True,100,50,0,8,1,7,True,operator,sniper,,0.4678,0.4889,xeus,FUT Esports,jett,False,0,50,,,,,,,,,,,sociablEE,FUT Esports,fade,False,0,50,,,,,,,,,,,yetujey,FUT Esports,astra,False,0,50,,,,,,,,,,,KROSTALY,FUT Esports,kayo,True,100,50,1,2,0,7,True,phantom,rifle,,0.5711,0.6311,Chronicle,Team Vitality,chamber,True,100,25,0,7,1,7,True,classic,sidearm,,0.1156,0.5867,Derke,Team Vitality,neon,True,100,50,1,1,1,6,False,operator,sniper,,0.8267,0.5822,Jamppi,Team Vitality,kayo,True,100,25,1,2,1,7,True,phantom,rifle,,0.1544,0.4433,Sayonara,Team Vitality,sova,True,100,50,0,2,1,3,False,phantom,rifle,,0.8811,0.3778,PROFEK,Team Vitality,astra,True,100,25,1,1,0,7,True,phantom,rifle,,0.8111,0.3567
2569.550,5092,ACTIVE_ROUND,17,10,8,80.000,,,s0pp,FUT Esports,chamber,True,100,50,0,8,1,7,True,operator,sniper,,0.2722,0.8089,xeus,FUT Esports,jett,False,0,50,,,,,,,,,,,sociablEE,FUT Esports,fade,False,0,50,,,,,,,,,,,yetujey,FUT Esports,astra,False,0,50,,,,,,,,,,,KROSTALY,FUT Esports,kayo,True,100,50,1,2,0,7,True,phantom,rifle,,0.5711,0.6311,Chronicle,Team Vitality,chamber,True,100,25,0,7,1,7,True,classic,sidearm,,0.1156,0.5867,Derke,Team Vitality,neon,True,100,50,1,1,1,6,False,operator,sniper,,0.8267,0.5822,Jamppi,Team Vitality,kayo,True,100,25,1,2,1,7,True,phantom,rifle,,0.1433,0.4567,Sayonara,Team Vitality,sova,True,100,50,0,2,1,3,False,phantom,rifle,,0.8944,0.3800,PROFEK,Team Vitality,astra,True,100,25,0,0,0,7,True,phantom,rifle,,0.8111,0.3567
2570.034,5093,ACTIVE_ROUND,17,10,8,80.000,,,s0pp,FUT Esports,chamber,True,100,50,0,8,1,7,True,operator,sniper,,0.2722,0.8133,xeus,FUT Esports,jett,False,0,50,,,,,,,,,,,sociablEE,FUT Esports,fade,False,0,50,,,,,,,,,,,yetujey,FUT Esports,astra,False,0,50,,,,,,,,,,,KROSTALY,FUT Esports,kayo,True,100,50,1,2,0,7,True,phantom,rifle,,0.5711,0.6311,Chronicle,Team Vitality,chamber,True,100,25,0,7,1,7,True,classic,sidearm,,0.1156,0.5867,Derke,Team Vitality,neon,True,100,50,1,1,1,6,False,operator,sniper,,0.8267,0.5822,Jamppi,Team Vitality,kayo,True,100,25,1,2,1,7,True,phantom,rifle,,0.1300,0.4700,Sayonara,Team Vitality,sova,True,100,50,0,2,1,3,False,phantom,rifle,,0.1456,0.6356,PROFEK,Team Vitality,astra,True,100,25,0,0,0,7,True,phantom,rifle,,0.8111,0.3567
2570.518,5094,ACTIVE_ROUND,17,10,8,79.000,,,s0pp,FUT Esports,chamber,True,100,50,0,8,1,7,True,operator,sniper,,0.3922,0.6667,xeus,FUT Esports,jett,False,0,50,,,,,,,,,,,sociablEE,FUT Esports,fade,False,0,50,,,,,,,,,,,yetujey,FUT Esports,astra,False,0,50,,,,,,,,,,,KROSTALY,FUT Esports,kayo,True,100,50,1,2,0,7,True,phantom,rifle,,0.5711,0.6311,Chronicle,Team Vitality,chamber,True,100,25,0,7,1,7,True,classic,sidearm,,0.1156,0.5867,Derke,Team Vitality,neon,True,100,50,1,1,1,6,False,operator,sniper,,0.8267,0.5822,Jamppi,Team Vitality,kayo,True,100,25,1,2,1,7,True,phantom,rifle,,0.1189,0.4878,Sayonara,Team Vitality,sova,True,100,50,0,2,1,3,False,phantom,rifle,,0.1456,0.6356,PROFEK,Team Vitality,astra,True,100,25,0,0,0,7,True,phantom,rifle,,0.8111,0.3567
2571.002,5095,ACTIVE_ROUND,17,10,8,79.000,,,s0pp,FUT Esports,chamber,True,100,50,0,8,1,7,True,operator,sniper,,0.4522,0.9267,xeus,FUT Esports,jett,False,0,50,,,,,,,,,,,sociablEE,FUT Esports,fade,False,0,50,,,,,,,,,,,yetujey,FUT Esports,astra,False,0,50,,,,,,,,,,,KROSTALY,FUT Esports,kayo,True,100,50,1,2,0,7,True,phantom,rifle,,0.5711,0.6311,Chronicle,Team Vitality,chamber,True,100,25,0,7,1,7,True,classic,sidearm,,0.1156,0.5867,Derke,Team Vitality,neon,True,100,50,1,1,1,6,False,operator,sniper,,0.8267,0.5822,Jamppi,Team Vitality,kayo,True,100,25,1,2,1,7,True,phantom,rifle,,0.1122,0.4989,Sayonara,Team Vitality,sova,True,100,50,0,2,1,3,False,phantom,rifle,,0.8789,0.3378,PROFEK,Team Vitality,astra,True,100,25,0,0,0,7,True,phantom,rifle,,0.8111,0.3567
2571.486,5096,ACTIVE_ROUND,17,10,8,78.000,,,s0pp,FUT Esports,chamber,True,100,50,0,8,1,7,True,operator,sniper,,0.2633,0.8267,xeus,FUT Esports,jett,False,0,50,,,,,,,,,,,sociablEE,FUT Esports,fade,False,0,50,,,,,,,,,,,yetujey,FUT Esports,astra,False,0,50,,,,,,,,,,,KROSTALY,FUT Esports,kayo,True,100,50,1,2,0,7,True,phantom,rifle,,0.5711,0.6311,Chronicle,Team Vitality,chamber,True,100,25,0,7,1,7,True,classic,sidearm,,0.1156,0.5867,Derke,Team Vitality,neon,True,100,50,1,1,1,6,False,operator,sniper,,0.8267,0.5822,Jamppi,Team Vitality,kayo,True,100,25,1,2,0,7,True,phantom,rifle,,0.1189,0.4878,Sayonara,Team Vitality,sova,True,100,50,0,2,1,3,False,phantom,rifle,,0.1500,0.6422,PROFEK,Team Vitality,astra,True,100,25,1,0,0,7,True,phantom,rifle,,0.8111,0.3567
2571.969,5097,ACTIVE_ROUND,17,10,8,78.000,,,s0pp,FUT Esports,chamber,True,100,50,0,8,1,7,True,operator,sniper,,0.7478,0.6711,xeus,FUT Esports,jett,False,0,50,,,,,,,,,,,sociablEE,FUT Esports,fade,False,0,50,,,,,,,,,,,yetujey,FUT Esports,astra,False,0,50,,,,,,,,,,,KROSTALY,FUT Esports,kayo,True,100,50,1,2,0,7,True,phantom,rifle,,0.5711,0.6311,Chronicle,Team Vitality,chamber,True,100,25,0,7,1,7,True,classic,sidearm,,0.1156,0.5867,Derke,Team Vitality,neon,True,100,50,1,1,1,6,False,operator,sniper,,0.8267,0.5822,Jamppi,Team Vitality,kayo,True,100,25,1,2,0,7,True,phantom,rifle,,0.1189,0.4789,Sayonara,Team Vitality,sova,True,100,50,0,2,1,3,False,phantom,rifle,,0.8567,0.5733,PROFEK,Team Vitality,astra,True,100,25,1,0,0,7,True,phantom,rifle,,0.8111,0.3567
2572.453,5098,ACTIVE_ROUND,17,10,8,77.000,,,s0pp,FUT Esports,chamber,True,100,50,0,8,1,7,True,operator,sniper,,0.8767,0.4000,xeus,FUT Esports,jett,False,0,50,,,,,,,,,,,sociablEE,FUT Esports,fade,False,0,50,,,,,,,,,,,yetujey,FUT Esports,astra,False,0,50,,,,,,,,,,,KROSTALY,FUT Esports,kayo,True,100,50,1,2,0,7,True,phantom,rifle,,0.5711,0.6311,Chronicle,Team Vitality,chamber,True,100,25,0,7,1,7,True,classic,sidearm,,0.1156,0.5867,Derke,Team Vitality,neon,True,100,50,1,1,1,6,False,operator,sniper,,0.8267,0.5822,Jamppi,Team Vitality,kayo,True,100,25,1,2,0,7,True,phantom,rifle,,0.1189,0.4789,Sayonara,Team Vitality,sova,True,100,50,0,2,1,3,False,phantom,rifle,,0.8789,0.3067,PROFEK,Team Vitality,astra,True,100,25,1,0,0,7,True,phantom,rifle,,0.8111,0.3567
2572.937,5099,ACTIVE_ROUND,17,10,8,77.000,,,s0pp,FUT Esports,chamber,True,100,50,0,8,1,7,True,operator,sniper,,0.4678,0.4889,xeus,FUT Esports,jett,False,0,50,,,,,,,,,,,sociablEE,FUT Esports,fade,False,0,50,,,,,,,,,,,yetujey,FUT Esports,astra,False,0,50,,,,,,,,,,,KROSTALY,FUT Esports,kayo,True,100,50,1,2,0,7,True,phantom,rifle,,0.5711,0.6311,Chronicle,Team Vitality,chamber,True,100,25,0,7,1,7,True,classic,sidearm,,0.1156,0.5867,Derke,Team Vitality,neon,True,100,50,1,1,1,6,False,operator,sniper,,0.8267,0.5822,Jamppi,Team Vitality,kayo,True,100,25,1,2,0,7,True,phantom,rifle,,0.1211,0.4789,Sayonara,Team Vitality,sova,True,100,50,0,2,1,3,False,phantom,rifle,,0.8833,0.3022,PROFEK,Team Vitality,astra,True,100,25,1,0,0,7,True,phantom,rifle,,0.8111,0.3567
2573.421,5100,ACTIVE_ROUND,17,10,8,76.000,,,s0pp,FUT Esports,chamber,True,100,50,0,8,1,7,True,operator,sniper,,0.4678,0.4889,xeus,FUT Esports,jett,False,0,50,,,,,,,,,,,sociablEE,FUT Esports,fade,False,0,50,,,,,,,,,,,yetujey,FUT Esports,astra,False,0,50,,,,,,,,,,,KROSTALY,FUT Esports,kayo,True,100,50,1,2,0,7,True,phantom,rifle,,0.5711,0.6311,Chronicle,Team Vitality,chamber,True,100,25,0,7,1,7,True,classic,sidearm,,0.1156,0.5867,Derke,Team Vitality,neon,True,100,50,1,1,1,6,False,operator,sniper,,0.8267,0.5822,Jamppi,Team Vitality,kayo,True,100,25,1,2,0,7,True,phantom,rifle,,0.1322,0.4744,Sayonara,Team Vitality,sova,True,100,50,0,2,1,3,False,phantom,rifle,,0.8811,0.3067,PROFEK,Team Vitality,astra,True,100,25,0,0,0,7,True,phantom,rifle,,0.7289,0.2033
2573.905,5101,ACTIVE_ROUND,17,10,8,76.000,,,s0pp,FUT Esports,chamber,True,100,50,0,8,1,7,True,operator,sniper,,0.4678,0.4889,xeus,FUT Esports,jett,False,0,50,,,,,,,,,,,sociablEE,FUT Esports,fade,False,0,50,,,,,,,,,,,yetujey,FUT Esports,astra,False,0,50,,,,,,,,,,,KROSTALY,FUT Esports,kayo,True,100,50,1,2,0,7,True,phantom,rifle,,0.5711,0.6311,Chronicle,Team Vitality,chamber,True,100,25,0,7,1,7,True,classic,sidearm,,0.1156,0.5867,Derke,Team Vitality,neon,True,100,50,1,1,1,6,False,operator,sniper,,0.8267,0.5822,Jamppi,Team Vitality,kayo,True,100,25,1,2,0,7,True,phantom,rifle,,0.1411,0.4678,Sayonara,Team Vitality,sova,True,100,50,0,2,1,3,False,phantom,rifle,,0.1522,0.6622,PROFEK,Team Vitality,astra,True,100,25,0,0,0,7,True,phantom,rifle,,0.7200,0.1989
2574.388,5102,ACTIVE_ROUND,17,10,8,75.000,,,s0pp,FUT Esports,chamber,True,100,50,0,8,1,7,True,operator,sniper,,0.7767,0.4356,xeus,FUT Esports,jett,False,0,50,,,,,,,,,,,sociablEE,FUT Esports,fade,False,0,50,,,,,,,,,,,yetujey,FUT Esports,astra,False,0,50,,,,,,,,,,,KROSTALY,FUT Esports,kayo,True,100,50,1,2,0,7,True,phantom,rifle,,0.5711,0.6311,Chronicle,Team Vitality,chamber,True,100,25,0,7,1,7,True,classic,sidearm,,0.1156,0.5867,Derke,Team Vitality,neon,True,100,50,1,1,1,6,False,operator,sniper,,0.8267,0.5822,Jamppi,Team Vitality,kayo,True,100,25,1,2,0,7,True,phantom,rifle,,0.1478,0.4611,Sayonara,Team Vitality,sova,True,100,50,0,2,1,3,False,phantom,rifle,,0.9011,0.2956,PROFEK,Team Vitality,astra,True,100,25,0,0,0,7,True,phantom,rifle,,0.7089,0.1944
2574.872,5103,ACTIVE_ROUND,17,10,8,75.000,,,s0pp,FUT Esports,chamber,True,100,50,0,8,1,7,True,operator,sniper,,0.4611,0.4911,xeus,FUT Esports,jett,False,0,50,,,,,,,,,,,sociablEE,FUT Esports,fade,False,0,50,,,,,,,,,,,yetujey,FUT Esports,astra,False,0,50,,,,,,,,,,,KROSTALY,FUT Esports,kayo,True,100,50,1,2,0,7,True,phantom,rifle,,0.4156,0.5333,Chronicle,Team Vitality,chamber,True,100,25,0,7,1,7,True,classic,sidearm,,0.1156,0.5867,Derke,Team Vitality,neon,True,100,50,1,1,1,6,False,operator,sniper,,0.8267,0.5822,Jamppi,Team Vitality,kayo,True,100,25,1,2,0,7,True,phantom,rifle,,0.1544,0.4500,Sayonara,Team Vitality,sova,True,100,50,0,2,1,3,False,phantom,rifle,,0.1500,0.6667,PROFEK,Team Vitality,astra,True,100,25,0,0,0,7,True,phantom,rifle,,0.6978,0.1900
2575.356,5104,ACTIVE_ROUND,17,10,8,74.000,,,s0pp,FUT Esports,chamber,True,100,50,0,8,1,7,True,operator,sniper,,0.4500,0.5000,xeus,FUT Esports,jett,False,0,50,,,,,,,,,,,sociablEE,FUT Esports,fade,False,0,50,,,,,,,,,,,yetujey,FUT Esports,astra,False,0,50,,,,,,,,,,,KROSTALY,FUT Esports,kayo,True,100,50,1,2,0,7,True,phantom,rifle,,0.4044,0.5400,Chronicle,Team Vitality,chamber,True,100,25,0,7,1,7,True,classic,sidearm,,0.1156,0.5867,Derke,Team Vitality,neon,True,100,50,1,1,1,6,False,operator,sniper,,0.8267,0.5822,Jamppi,Team Vitality,kayo,True,100,25,1,2,0,7,True,phantom,rifle,,0.1567,0.4389,Sayonara,Team Vitality,sova,True,100,50,0,2,1,3,False,phantom,rifle,,0.1544,0.6622,PROFEK,Team Vitality,astra,True,100,25,1,0,0,7,True,phantom,rifle,,0.6867,0.1878
2575.840,5105,ACTIVE_ROUND,17,10,8,74.000,,,s0pp,FUT Esports,chamber,True,100,50,0,8,1,7,True,operator,sniper,,0.6189,0.1978,xeus,FUT Esports,jett,False,0,50,,,,,,,,,,,sociablEE,FUT Esports,fade,False,0,50,,,,,,,,,,,yetujey,FUT Esports,astra,False,0,50,,,,,,,,,,,KROSTALY,FUT Esports,kayo,True,100,50,1,2,0,7,True,phantom,rifle,,0.4044,0.5400,Chronicle,Team Vitality,chamber,True,100,25,0,7,1,7,True,classic,sidearm,,0.1156,0.5867,Derke,Team Vitality,neon,True,100,50,1,1,1,6,False,operator,sniper,,0.8267,0.5822,Jamppi,Team Vitality,kayo,True,100,25,1,2,0,7,True,phantom,rifle,,0.1567,0.4278,Sayonara,Team Vitality,sova,True,100,50,0,2,1,3,False,phantom,rifle,,0.1922,0.4200,PROFEK,Team Vitality,astra,True,100,25,1,0,0,7,True,phantom,rifle,,0.6756,0.1878
2576.324,5106,ACTIVE_ROUND,17,10,8,73.000,,,s0pp,FUT Esports,chamber,True,100,50,0,8,1,7,True,operator,sniper,,0.6100,0.1956,xeus,FUT Esports,jett,False,0,50,,,,,,,,,,,sociablEE,FUT Esports,fade,False,0,50,,,,,,,,,,,yetujey,FUT Esports,astra,False,0,50,,,,,,,,,,,KROSTALY,FUT Esports,kayo,True,100,50,1,2,0,7,True,phantom,rifle,,0.4044,0.5400,Chronicle,Team Vitality,chamber,True,100,25,0,7,1,7,True,classic,sidearm,,0.1156,0.5867,Derke,Team Vitality,neon,True,100,50,1,1,1,6,False,operator,sniper,,0.8267,0.5822,Jamppi,Team Vitality,kayo,True,100,25,1,2,0,7,True,phantom,rifle,,0.1589,0.4189,Sayonara,Team Vitality,sova,True,100,50,0,2,1,3,False,phantom,rifle,,0.8300,0.5822,PROFEK,Team Vitality,astra,True,100,25,1,0,0,7,True,phantom,rifle,,0.6667,0.1833
2576.808,5107,ACTIVE_ROUND,17,10,8,73.000,,,s0pp,FUT Esports,chamber,True,100,50,0,8,1,7,True,operator,sniper,,0.6011,0.1911,xeus,FUT Esports,jett,False,0,50,,,,,,,,,,,sociablEE,FUT Esports,fade,False,0,50,,,,,,,,,,,yetujey,FUT Esports,astra,False,0,50,,,,,,,,,,,KROSTALY,FUT Esports,kayo,True,100,50,1,2,0,7,True,phantom,rifle,,0.4044,0.5400,Chronicle,Team Vitality,chamber,True,100,25,0,7,1,7,True,classic,sidearm,,0.1156,0.5867,Derke,Team Vitality,neon,True,100,50,1,1,1,6,False,operator,sniper,,0.8267,0.5822,Jamppi,Team Vitality,kayo,True,100,25,1,2,0,7,True,phantom,rifle,,0.1633,0.4078,Sayonara,Team Vitality,sova,True,100,50,0,2,1,3,False,phantom,rifle,,0.1922,0.3911,PROFEK,Team Vitality,astra,True,100,25,1,0,0,7,True,phantom,rifle,,0.6556,0.1789
2577.291,5108,ACTIVE_ROUND,17,10,8,72.000,,,s0pp,FUT Esports,chamber,True,100,50,0,8,0,7,True,operator,sniper,,0.5967,0.1911,xeus,FUT Esports,jett,False,0,50,,,,,,,,,,,sociablEE,FUT Esports,fade,False,0,50,,,,,,,,,,,yetujey,FUT Esports,astra,False,0,50,,,,,,,,,,,KROSTALY,FUT Esports,kayo,True,100,50,1,2,0,7,True,phantom,rifle,,0.4044,0.5400,Chronicle,Team Vitality,chamber,True,100,25,0,7,1,7,True,classic,sidearm,,0.1156,0.5867,Derke,Team Vitality,neon,True,100,50,1,1,1,6,False,operator,sniper,,0.8267,0.5822,Jamppi,Team Vitality,kayo,True,100,25,1,2,0,7,True,phantom,rifle,,0.1678,0.3989,Sayonara,Team Vitality,sova,True,100,50,0,2,1,3,False,phantom,rifle,,0.8300,0.5822,PROFEK,Team Vitality,astra,True,100,25,0,0,0,7,True,phantom,rifle,,0.6489,0.1767
2577.775,5109,ACTIVE_ROUND,17,10,8,72.000,,,s0pp,FUT Esports,chamber,True,100,50,0,8,0,7,True,operator,sniper,,0.7456,0.6889,xeus,FUT Esports,jett,False,0,50,,,,,,,,,,,sociablEE,FUT Esports,fade,False,0,50,,,,,,,,,,,yetujey,FUT Esports,astra,False,0,50,,,,,,,,,,,KROSTALY,FUT Esports,kayo,True,100,50,1,2,0,7,True,phantom,rifle,,0.4044,0.5400,Chronicle,Team Vitality,chamber,True,100,25,0,7,1,7,True,classic,sidearm,,0.1156,0.5867,Derke,Team Vitality,neon,True,100,50,1,1,1,6,False,operator,sniper,,0.8267,0.5822,Jamppi,Team Vitality,kayo,True,100,25,1,2,0,7,True,phantom,rifle,,0.1744,0.3878,Sayonara,Team Vitality,sova,True,100,50,0,2,1,3,False,phantom,rifle,,0.8300,0.5822,PROFEK,Team Vitality,astra,True,100,25,0,0,0,7,True,phantom,rifle,,0.6422,0.1744
2578.259,5110,ACTIVE_ROUND,17,10,8,71.000,,,s0pp,FUT Esports,chamber,True,100,50,0,8,0,7,True,operator,sniper,,0.7456,0.7022,xeus,FUT Esports,jett,False,0,50,,,,,,,,,,,sociablEE,FUT Esports,fade,False,0,50,,,,,,,,,,,yetujey,FUT Esports,astra,False,0,50,,,,,,,,,,,KROSTALY,FUT Esports,kayo,True,100,50,1,2,0,7,True,phantom,rifle,,0.4044,0.5400,Chronicle,Team Vitality,chamber,True,100,25,0,7,1,7,True,classic,sidearm,,0.1156,0.5867,Derke,Team Vitality,neon,True,100,50,1,1,1,6,False,operator,sniper,,0.8267,0.5822,Jamppi,Team Vitality,kayo,True,100,25,1,2,0,7,True,phantom,rifle,,0.1789,0.3789,Sayonara,Team Vitality,sova,True,100,50,0,2,1,3,False,phantom,rifle,,0.8878,0.3289,PROFEK,Team Vitality,astra,True,100,25,0,0,0,7,True,phantom,rifle,,0.6333,0.1744
2578.743,5111,ACTIVE_ROUND,17,10,8,71.000,,,s0pp,FUT Esports,chamber,True,100,50,0,8,0,7,True,operator,sniper,,0.7456,0.7022,xeus,FUT Esports,jett,False,0,50,,,,,,,,,,,sociablEE,FUT Esports,fade,False,0,50,,,,,,,,,,,yetujey,FUT Esports,astra,False,0,50,,,,,,,,,,,KROSTALY,FUT Esports,kayo,True,100,50,1,2,0,7,True,phantom,rifle,,0.4044,0.5400,Chronicle,Team Vitality,chamber,True,100,25,0,7,1,7,True,classic,sidearm,,0.1156,0.5867,Derke,Team Vitality,neon,True,100,50,1,1,1,6,False,operator,sniper,,0.8267,0.5822,Jamppi,Team Vitality,kayo,True,100,25,1,2,0,7,True,phantom,rifle,,0.1878,0.3700,Sayonara,Team Vitality,sova,True,100,50,0,2,1,3,False,phantom,rifle,,0.1478,0.6467,PROFEK,Team Vitality,astra,True,100,25,0,0,0,7,True,phantom,rifle,,0.6244,0.1767
2579.227,5112,ACTIVE_ROUND,17,10,8,71.000,,,s0pp,FUT Esports,chamber,True,100,50,0,8,0,7,True,operator,sniper,,0.6011,0.8800,xeus,FUT Esports,jett,False,0,50,,,,,,,,,,,sociablEE,FUT Esports,fade,False,0,50,,,,,,,,,,,yetujey,FUT Esports,astra,False,0,50,,,,,,,,,,,KROSTALY,FUT Esports,kayo,True,100,50,1,2,0,7,True,phantom,rifle,,0.4044,0.5400,Chronicle,Team Vitality,chamber,True,100,25,0,7,1,7,True,classic,sidearm,,0.1156,0.5867,Derke,Team Vitality,neon,True,100,50,1,1,1,6,False,operator,sniper,,0.8267,0.5822,Jamppi,Team Vitality,kayo,True,100,25,1,2,0,7,True,phantom,rifle,,0.1856,0.3700,Sayonara,Team Vitality,sova,True,100,50,0,2,1,3,False,phantom,rifle,,0.1456,0.6444,PROFEK,Team Vitality,astra,True,100,25,1,0,0,7,True,phantom,rifle,,0.6267,0.1767
2579.710,5113,ACTIVE_ROUND,17,10,8,70.000,,,s0pp,FUT Esports,chamber,True,100,50,0,8,0,7,True,operator,sniper,,0.5744,0.1911,xeus,FUT Esports,jett,False,0,50,,,,,,,,,,,sociablEE,FUT Esports,fade,False,0,50,,,,,,,,,,,yetujey,FUT Esports,astra,False,0,50,,,,,,,,,,,KROSTALY,FUT Esports,kayo,True,100,50,1,2,0,7,True,phantom,rifle,,0.4044,0.5400,Chronicle,Team Vitality,chamber,True,100,25,0,7,1,7,True,classic,sidearm,,0.1156,0.5867,Derke,Team Vitality,neon,True,100,50,1,1,1,6,False,operator,sniper,,0.8267,0.5822,Jamppi,Team Vitality,kayo,True,100,25,1,2,0,7,True,phantom,rifle,,0.1856,0.3700,Sayonara,Team Vitality,sova,True,100,50,0,2,1,3,False,phantom,rifle,,0.1478,0.6489,PROFEK,Team Vitality,astra,True,100,25,1,0,0,7,True,phantom,rifle,,0.6311,0.1767
2580.194,5114,ACTIVE_ROUND,17,10,8,70.000,,,s0pp,FUT Esports,chamber,True,100,50,0,8,0,7,True,operator,sniper,,0.5700,0.1889,xeus,FUT Esports,jett,False,0,50,,,,,,,,,,,sociablEE,FUT Esports,fade,False,0,50,,,,,,,,,,,yetujey,FUT Esports,astra,False,0,50,,,,,,,,,,,KROSTALY,FUT Esports,kayo,True,100,50,1,2,0,7,True,phantom,rifle,,0.4044,0.5400,Chronicle,Team Vitality,chamber,True,100,25,0,7,1,7,True,classic,sidearm,,0.1156,0.5867,Derke,Team Vitality,neon,True,100,50,1,1,1,6,False,operator,sniper,,0.8267,0.5822,Jamppi,Team Vitality,kayo,True,100,25,1,2,0,7,True,phantom,rifle,,0.1878,0.3700,Sayonara,Team Vitality,sova,True,100,50,0,2,1,3,False,phantom,rifle,,0.1478,0.6489,PROFEK,Team Vitality,astra,True,100,25,1,0,0,7,True,phantom,rifle,,0.6267,0.1767
2580.678,5115,ACTIVE_ROUND,17,10,8,69.000,,,s0pp,FUT Esports,chamber,True,100,50,0,8,0,7,True,operator,sniper,,0.5611,0.1911,xeus,FUT Esports,jett,False,0,50,,,,,,,,,,,sociablEE,FUT Esports,fade,False,0,50,,,,,,,,,,,yetujey,FUT Esports,astra,False,0,50,,,,,,,,,,,KROSTALY,FUT Esports,kayo,True,100,50,1,2,0,7,True,phantom,rifle,,0.4044,0.5400,Chronicle,Team Vitality,chamber,True,100,25,0,7,1,7,True,classic,sidearm,,0.1156,0.5867,Derke,Team Vitality,neon,True,100,50,1,1,1,6,False,operator,sniper,,0.8267,0.5822,Jamppi,Team Vitality,kayo,True,100,25,1,2,0,7,True,phantom,rifle,,0.1878,0.3767,Sayonara,Team Vitality,sova,True,100,50,0,2,1,3,False,phantom,rifle,,0.2256,0.3711,PROFEK,Team Vitality,astra,True,100,25,1,0,0,7,True,phantom,rifle,,0.6200,0.1856
2581.162,5116,ACTIVE_ROUND,17,10,8,69.000,,,s0pp,FUT Esports,chamber,True,100,50,0,8,0,7,True,operator,sniper,,0.5811,0.5644,xeus,FUT Esports,jett,False,0,50,,,,,,,,,,,sociablEE,FUT Esports,fade,False,0,50,,,,,,,,,,,yetujey,FUT Esports,astra,False,0,50,,,,,,,,,,,KROSTALY,FUT Esports,kayo,True,100,50,1,2,0,7,True,phantom,rifle,,0.4044,0.5400,Chronicle,Team Vitality,chamber,True,100,25,0,7,1,7,True,classic,sidearm,,0.1156,0.5867,Derke,Team Vitality,neon,True,100,50,1,1,1,6,False,operator,sniper,,0.8267,0.5822,Jamppi,Team Vitality,kayo,True,100,25,1,2,0,7,True,phantom,rifle,,0.1856,0.3856,Sayonara,Team Vitality,sova,True,100,50,0,2,1,3,False,phantom,rifle,,0.1478,0.6489,PROFEK,Team Vitality,astra,True,100,25,1,0,0,7,True,phantom,rifle,,0.6244,0.1856
2581.646,5117,ACTIVE_ROUND,17,10,8,68.000,,,s0pp,FUT Esports,chamber,True,100,50,0,8,0,7,True,operator,sniper,,0.5811,0.5644,xeus,FUT Esports,jett,False,0,50,,,,,,,,,,,sociablEE,FUT Esports,fade,False,0,50,,,,,,,,,,,yetujey,FUT Esports,astra,False,0,50,,,,,,,,,,,KROSTALY,FUT Esports,kayo,True,100,50,1,2,0,7,True,phantom,rifle,,0.4044,0.5400,Chronicle,Team Vitality,chamber,True,100,25,0,7,1,7,True,classic,sidearm,,0.1156,0.5867,Derke,Team Vitality,neon,True,100,50,1,1,1,6,False,operator,sniper,,0.8267,0.5822,Jamppi,Team Vitality,kayo,True,100,25,1,2,0,7,True,phantom,rifle,,0.1878,0.3967,Sayonara,Team Vitality,sova,True,100,50,0,2,1,3,False,phantom,rifle,,0.1478,0.6489,PROFEK,Team Vitality,astra,True,100,25,1,0,0,7,True,phantom,rifle,,0.6178,0.1856
2582.130,5118,ACTIVE_ROUND,17,10,8,68.000,,,s0pp,FUT Esports,chamber,True,100,50,0,8,0,7,True,operator,sniper,,0.5811,0.5644,xeus,FUT Esports,jett,False,0,50,,,,,,,,,,,sociablEE,FUT Esports,fade,False,0,50,,,,,,,,,,,yetujey,FUT Esports,astra,False,0,50,,,,,,,,,,,KROSTALY,FUT Esports,kayo,True,100,50,1,2,0,7,True,phantom,rifle,,0.4044,0.5400,Chronicle,Team Vitality,chamber,True,100,25,0,7,1,7,True,classic,sidearm,,0.1156,0.5867,Derke,Team Vitality,neon,True,100,50,1,1,1,6,False,operator,sniper,,0.8267,0.5822,Jamppi,Team Vitality,kayo,True,100,25,1,2,0,7,True,phantom,rifle,,0.1900,0.4078,Sayonara,Team Vitality,sova,True,100,50,0,2,1,3,False,phantom,rifle,,0.9011,0.3022,PROFEK,Team Vitality,astra,True,100,25,1,0,0,7,True,phantom,rifle,,0.6133,0.1856
2582.613,5119,ACTIVE_ROUND,17,10,8,67.000,,,s0pp,FUT Esports,chamber,True,100,50,0,8,0,7,True,operator,sniper,,0.5811,0.5644,xeus,FUT Esports,jett,False,0,50,,,,,,,,,,,sociablEE,FUT Esports,fade,False,0,50,,,,,,,,,,,yetujey,FUT Esports,astra,False,0,50,,,,,,,,,,,KROSTALY,FUT Esports,kayo,True,100,50,1,2,0,7,True,phantom,rifle,,0.4044,0.5400,Chronicle,Team Vitality,chamber,True,100,25,0,7,1,7,True,classic,sidearm,,0.1156,0.5867,Derke,Team Vitality,neon,True,100,50,1,1,1,6,False,operator,sniper,,0.8267,0.5822,Jamppi,Team Vitality,kayo,True,100,25,1,2,0,7,True,phantom,rifle,,0.1900,0.4189,Sayonara,Team Vitality,sova,True,100,50,0,2,1,3,False,phantom,rifle,,0.9011,0.3022,PROFEK,Team Vitality,astra,True,100,25,1,0,0,7,True,phantom,rifle,,0.6178,0.1856
2583.097,5120,ACTIVE_ROUND,17,10,8,67.000,,,s0pp,FUT Esports,chamber,True,100,50,0,8,0,7,True,operator,sniper,,0.5478,0.2089,xeus,FUT Esports,jett,False,0,50,,,,,,,,,,,sociablEE,FUT Esports,fade,False,0,50,,,,,,,,,,,yetujey,FUT Esports,astra,False,0,50,,,,,,,,,,,KROSTALY,FUT Esports,kayo,True,100,50,1,2,0,7,True,phantom,rifle,,0.4044,0.5400,Chronicle,Team Vitality,chamber,True,100,25,0,7,1,7,True,classic,sidearm,,0.1156,0.5867,Derke,Team Vitality,neon,True,100,50,1,1,1,6,False,operator,sniper,,0.8267,0.5822,Jamppi,Team Vitality,kayo,True,100,25,1,2,0,7,True,phantom,rifle,,0.1922,0.4300,Sayonara,Team Vitality,sova,True,100,50,0,2,1,3,False,phantom,rifle,,0.1478,0.6489,PROFEK,Team Vitality,astra,True,100,25,0,0,0,7,True,phantom,rifle,,0.6044,0.1878
2583.581,5121,ACTIVE_ROUND,17,10,8,66.000,,,s0pp,FUT Esports,chamber,True,100,50,0,8,0,7,True,operator,sniper,,0.4522,0.9267,xeus,FUT Esports,jett,False,0,50,,,,,,,,,,,sociablEE,FUT Esports,fade,False,0,50,,,,,,,,,,,yetujey,FUT Esports,astra,False,0,50,,,,,,,,,,,KROSTALY,FUT Esports,kayo,True,100,50,1,2,0,7,True,phantom,rifle,,0.4044,0.5400,Chronicle,Team Vitality,chamber,True,100,25,0,7,1,7,True,classic,sidearm,,0.1156,0.5867,Derke,Team Vitality,neon,True,100,50,1,1,1,6,False,operator,sniper,,0.8267,0.5822,Jamppi,Team Vitality,kayo,True,100,25,1,2,0,7,True,phantom,rifle,,0.2011,0.4344,Sayonara,Team Vitality,sova,True,100,50,0,2,1,3,False,phantom,rifle,,0.8567,0.5756,PROFEK,Team Vitality,astra,True,100,25,0,0,0,7,True,phantom,rifle,,0.6044,0.1878
2584.065,5122,ACTIVE_ROUND,17,10,8,66.000,,,s0pp,FUT Esports,chamber,True,100,50,0,8,0,7,True,operator,sniper,,0.9078,0.6022,xeus,FUT Esports,jett,False,0,50,,,,,,,,,,,sociablEE,FUT Esports,fade,False,0,50,,,,,,,,,,,yetujey,FUT Esports,astra,False,0,50,,,,,,,,,,,KROSTALY,FUT Esports,kayo,True,100,50,1,2,0,7,True,phantom,rifle,,0.4044,0.5400,Chronicle,Team Vitality,chamber,True,100,25,0,7,1,7,True,classic,sidearm,,0.1156,0.5867,Derke,Team Vitality,neon,True,100,50,1,1,1,6,False,operator,sniper,,0.8267,0.5822,Jamppi,Team Vitality,kayo,True,100,25,1,2,0,7,True,phantom,rifle,,0.1767,0.4322,Sayonara,Team Vitality,sova,True,100,50,0,2,1,3,False,phantom,rifle,,0.2211,0.4356,PROFEK,Team Vitality,astra,True,100,25,0,0,0,7,True,phantom,rifle,,0.6044,0.1878
2584.549,5123,ACTIVE_ROUND,17,10,8,65.000,,,s0pp,FUT Esports,chamber,True,100,50,0,8,0,7,True,operator,sniper,,0.2500,0.5156,xeus,FUT Esports,jett,False,0,50,,,,,,,,,,,sociablEE,FUT Esports,fade,False,0,50,,,,,,,,,,,yetujey,FUT Esports,astra,False,0,50,,,,,,,,,,,KROSTALY,FUT Esports,kayo,True,100,50,1,2,0,7,True,phantom,rifle,,0.4044,0.5400,Chronicle,Team Vitality,chamber,True,100,25,0,7,1,7,True,classic,sidearm,,0.1156,0.5867,Derke,Team Vitality,neon,True,100,50,1,1,1,6,False,operator,sniper,,0.8267,0.5822,Jamppi,Team Vitality,kayo,True,100,25,1,2,0,7,True,phantom,rifle,,0.1011,0.6344,Sayonara,Team Vitality,sova,True,100,50,0,2,1,3,False,phantom,rifle,,0.1433,0.6400,PROFEK,Team Vitality,astra,True,100,25,0,0,0,7,True,phantom,rifle,,0.6044,0.1878
2585.032,5124,ACTIVE_ROUND,17,10,8,65.000,,,s0pp,FUT Esports,chamber,True,100,50,0,8,0,7,True,operator,sniper,,0.2633,0.8267,xeus,FUT Esports,jett,False,0,50,,,,,,,,,,,sociablEE,FUT Esports,fade,False,0,50,,,,,,,,,,,yetujey,FUT Esports,astra,False,0,50,,,,,,,,,,,KROSTALY,FUT Esports,kayo,True,100,50,1,1,0,0,False,phantom,rifle,,0.4044,0.5400,Chronicle,Team Vitality,chamber,True,100,25,0,7,1,7,True,classic,sidearm,,0.1156,0.5867,Derke,Team Vitality,neon,True,100,50,1,1,1,6,False,operator,sniper,,0.8267,0.5822,Jamppi,Team Vitality,kayo,True,100,25,0,2,0,7,True,phantom,rifle,,0.8322,0.3433,Sayonara,Team Vitality,sova,True,100,50,0,2,1,3,False,phantom,rifle,,0.8789,0.3333,PROFEK,Team Vitality,astra,True,100,25,1,1,0,7,True,phantom,rifle,,0.6044,0.1878
2585.516,5125,ACTIVE_ROUND,17,10,8,64.000,,,s0pp,FUT Esports,chamber,True,100,50,0,8,0,7,True,operator,sniper,,0.2633,0.7644,xeus,FUT Esports,jett,False,0,50,,,,,,,,,,,sociablEE,FUT Esports,fade,False,0,50,,,,,,,,,,,yetujey,FUT Esports,astra,False,0,50,,,,,,,,,,,KROSTALY,FUT Esports,kayo,True,100,50,1,1,0,0,False,phantom,rifle,,0.4044,0.5400,Chronicle,Team Vitality,chamber,True,100,25,0,7,1,7,True,classic,sidearm,,0.1156,0.5867,Derke,Team Vitality,neon,True,100,50,1,1,1,6,False,operator,sniper,,0.8267,0.5822,Jamppi,Team Vitality,kayo,True,100,25,0,2,0,7,True,phantom,rifle,,0.8322,0.3433,Sayonara,Team Vitality,sova,True,100,50,0,2,1,3,False,phantom,rifle,,0.8256,0.5822,PROFEK,Team Vitality,astra,True,100,25,1,1,0,7,True,phantom,rifle,,0.6044,0.1878
2586.000,5126,ACTIVE_ROUND,17,10,8,64.000,,,s0pp,FUT Esports,chamber,True,100,50,0,8,0,7,True,operator,sniper,,0.2633,0.8267,xeus,FUT Esports,jett,False,0,50,,,,,,,,,,,sociablEE,FUT Esports,fade,False,0,50,,,,,,,,,,,yetujey,FUT Esports,astra,False,0,50,,,,,,,,,,,KROSTALY,FUT Esports,kayo,True,100,50,1,1,0,0,False,phantom,rifle,,0.4044,0.5400,Chronicle,Team Vitality,chamber,True,100,25,0,7,1,7,True,classic,sidearm,,0.1156,0.5867,Derke,Team Vitality,neon,True,100,50,1,1,1,6,False,operator,sniper,,0.8267,0.5822,Jamppi,Team Vitality,kayo,True,100,25,0,2,0,7,True,phantom,rifle,,0.4989,0.2478,Sayonara,Team Vitality,sova,True,100,50,0,2,1,3,False,phantom,rifle,,0.8789,0.3200,PROFEK,Team Vitality,astra,True,100,25,1,1,0,7,True,phantom,rifle,,0.6044,0.1878
2586.484,5127,ACTIVE_ROUND,17,10,8,63.000,,,s0pp,FUT Esports,chamber,True,100,50,0,8,0,7,True,operator,sniper,,0.2633,0.8267,xeus,FUT Esports,jett,False,0,50,,,,,,,,,,,sociablEE,FUT Esports,fade,False,0,50,,,,,,,,,,,yetujey,FUT Esports,astra,False,0,50,,,,,,,,,,,KROSTALY,FUT Esports,kayo,True,100,50,1,1,0,0,False,phantom,rifle,,0.4044,0.5400,Chronicle,Team Vitality,chamber,True,100,25,0,7,1,7,True,classic,sidearm,,0.1156,0.5867,Derke,Team Vitality,neon,True,100,50,1,1,1,6,False,operator,sniper,,0.8267,0.5822,Jamppi,Team Vitality,kayo,True,100,25,0,2,0,7,True,phantom,rifle,,0.8322,0.3144,Sayonara,Team Vitality,sova,True,100,50,0,2,1,3,False,phantom,rifle,,0.8789,0.3200,PROFEK,Team Vitality,astra,True,100,25,1,1,0,7,True,phantom,rifle,,0.4956,0.2500
2586.968,5128,ACTIVE_ROUND,17,10,8,63.000,,,s0pp,FUT Esports,chamber,True,100,50,0,8,0,7,True,operator,sniper,,0.2633,0.8267,xeus,FUT Esports,jett,False,0,50,,,,,,,,,,,sociablEE,FUT Esports,fade,False,0,50,,,,,,,,,,,yetujey,FUT Esports,astra,False,0,50,,,,,,,,,,,KROSTALY,FUT Esports,kayo,True,100,50,1,1,0,0,False,phantom,rifle,,0.4044,0.5400,Chronicle,Team Vitality,chamber,True,100,25,0,7,0,7,True,classic,sidearm,,0.1244,0.7200,Derke,Team Vitality,neon,True,100,50,1,1,1,6,False,operator,sniper,,0.8022,0.5933,Jamppi,Team Vitality,kayo,True,100,25,0,2,0,0,False,phantom,rifle,,0.8322,0.3144,Sayonara,Team Vitality,sova,True,100,50,0,2,1,3,False,phantom,rifle,,0.9167,0.3244,PROFEK,Team Vitality,astra,True,100,25,2,1,0,7,True,phantom,rifle,,0.4956,0.2500
2587.452,5129,ACTIVE_ROUND,17,10,8,62.000,,,s0pp,FUT Esports,chamber,True,100,50,0,8,0,7,True,operator,sniper,,0.2633,0.8267,xeus,FUT Esports,jett,False,0,50,,,,,,,,,,,sociablEE,FUT Esports,fade,False,0,50,,,,,,,,,,,yetujey,FUT Esports,astra,False,0,50,,,,,,,,,,,KROSTALY,FUT Esports,kayo,True,100,50,1,1,0,0,False,phantom,rifle,,0.4044,0.5400,Chronicle,Team Vitality,chamber,True,100,25,0,7,0,7,True,classic,sidearm,,0.1356,0.7356,Derke,Team Vitality,neon,True,100,50,1,1,1,6,False,operator,sniper,,0.7956,0.6000,Jamppi,Team Vitality,kayo,True,100,25,0,2,0,0,False,phantom,rifle,,0.8322,0.3144,Sayonara,Team Vitality,sova,True,100,50,0,2,1,3,False,phantom,rifle,,0.1722,0.7200,PROFEK,Team Vitality,astra,True,100,25,2,1,0,7,True,phantom,rifle,,0.4956,0.2500
2587.935,5130,ACTIVE_ROUND,17,10,8,62.000,,,s0pp,FUT Esports,chamber,True,100,50,0,8,0,7,True,operator,sniper,,0.2633,0.8267,xeus,FUT Esports,jett,False,0,50,,,,,,,,,,,sociablEE,FUT Esports,fade,False,0,50,,,,,,,,,,,yetujey,FUT Esports,astra,False,0,50,,,,,,,,,,,KROSTALY,FUT Esports,kayo,True,100,50,1,1,0,0,False,phantom,rifle,,0.4044,0.5400,Chronicle,Team Vitality,chamber,True,100,25,0,7,0,7,True,classic,sidearm,,0.1356,0.7356,Derke,Team Vitality,neon,True,100,50,1,1,1,6,False,operator,sniper,,0.7911,0.6089,Jamppi,Team Vitality,kayo,True,100,25,0,2,0,0,False,phantom,rifle,,0.1278,0.7078,Sayonara,Team Vitality,sova,True,100,50,0,2,1,3,False,phantom,rifle,,0.8833,0.3178,PROFEK,Team Vitality,astra,True,100,25,2,1,0,7,True,phantom,rifle,,0.4956,0.2500
2588.419,5131,ACTIVE_ROUND,17,10,8,61.000,,,s0pp,FUT Esports,chamber,True,100,50,0,8,0,7,True,operator,sniper,,0.2633,0.8267,xeus,FUT Esports,jett,False,0,50,,,,,,,,,,,sociablEE,FUT Esports,fade,False,0,50,,,,,,,,,,,yetujey,FUT Esports,astra,False,0,50,,,,,,,,,,,KROSTALY,FUT Esports,kayo,True,91,32,1,1,0,0,False,phantom,rifle,,0.2844,0.4667,Chronicle,Team Vitality,chamber,True,100,25,0,7,0,7,True,classic,sidearm,,0.1356,0.7356,Derke,Team Vitality,neon,True,100,50,1,1,1,6,False,operator,sniper,,0.7867,0.6178,Jamppi,Team Vitality,kayo,True,100,25,0,2,0,0,False,phantom,rifle,,0.1278,0.7078,Sayonara,Team Vitality,sova,True,100,50,0,2,1,3,False,phantom,rifle,,0.8789,0.3178,PROFEK,Team Vitality,astra,True,100,25,2,1,0,7,True,phantom,rifle,,0.4956,0.2500
2588.903,5132,ACTIVE_ROUND,17,10,8,61.000,,,s0pp,FUT Esports,chamber,True,100,50,0,8,0,7,True,operator,sniper,,0.2633,0.8267,xeus,FUT Esports,jett,False,0,50,,,,,,,,,,,sociablEE,FUT Esports,fade,False,0,50,,,,,,,,,,,yetujey,FUT Esports,astra,False,0,50,,,,,,,,,,,KROSTALY,FUT Esports,kayo,True,91,32,1,1,0,0,False,phantom,rifle,,0.2844,0.4667,Chronicle,Team Vitality,chamber,True,100,25,0,7,0,7,True,classic,sidearm,,0.1356,0.7356,Derke,Team Vitality,neon,True,100,50,1,1,1,6,False,operator,sniper,,0.7867,0.6244,Jamppi,Team Vitality,kayo,True,100,25,0,2,0,0,False,phantom,rifle,,0.1278,0.7078,Sayonara,Team Vitality,sova,True,100,50,0,2,1,3,False,phantom,rifle,,0.8833,0.3044,PROFEK,Team Vitality,astra,True,100,25,1,0,0,7,True,phantom,rifle,,0.4956,0.2500
2589.387,5133,ACTIVE_ROUND,17,10,8,60.000,,,s0pp,FUT Esports,chamber,True,100,50,0,8,0,7,True,operator,sniper,,0.2633,0.8267,xeus,FUT Esports,jett,False,0,50,,,,,,,,,,,sociablEE,FUT Esports,fade,False,0,50,,,,,,,,,,,yetujey,FUT Esports,astra,False,0,50,,,,,,,,,,,KROSTALY,FUT Esports,kayo,True,91,32,1,1,0,0,False,phantom,rifle,,0.2578,0.4511,Chronicle,Team Vitality,chamber,True,100,25,0,7,0,7,True,classic,sidearm,,0.1356,0.7356,Derke,Team Vitality,neon,True,100,50,1,1,1,6,False,operator,sniper,,0.7867,0.6333,Jamppi,Team Vitality,kayo,True,100,25,0,2,0,0,False,phantom,rifle,,0.1278,0.7078,Sayonara,Team Vitality,sova,True,100,50,0,2,1,3,False,phantom,rifle,,0.1900,0.7378,PROFEK,Team Vitality,astra,True,100,25,1,0,0,7,True,phantom,rifle,,0.4956,0.2500
2589.871,5134,ACTIVE_ROUND,17,10,8,60.000,,,s0pp,FUT Esports,chamber,True,100,50,0,8,0,7,True,operator,sniper,,0.2633,0.8267,xeus,FUT Esports,jett,False,0,50,,,,,,,,,,,sociablEE,FUT Esports,fade,False,0,50,,,,,,,,,,,yetujey,FUT Esports,astra,False,0,50,,,,,,,,,,,KROSTALY,FUT Esports,kayo,True,91,32,1,1,0,0,False,phantom,rifle,,0.2578,0.4511,Chronicle,Team Vitality,chamber,True,100,25,0,7,0,7,True,classic,sidearm,,0.1356,0.7356,Derke,Team Vitality,neon,True,100,50,1,1,1,6,False,operator,sniper,,0.7867,0.6422,Jamppi,Team Vitality,kayo,True,100,25,0,2,0,0,False,phantom,rifle,,0.1278,0.7078,Sayonara,Team Vitality,sova,True,100,50,0,2,1,3,False,phantom,rifle,,0.1944,0.7422,PROFEK,Team Vitality,astra,True,100,25,1,0,0,7,True,phantom,rifle,,0.4956,0.2500
2590.354,5135,ACTIVE_ROUND,17,10,8,59.000,,,s0pp,FUT Esports,chamber,True,100,50,0,8,0,7,True,operator,sniper,,0.2633,0.8267,xeus,FUT Esports,jett,False,0,50,,,,,,,,,,,sociablEE,FUT Esports,fade,False,0,50,,,,,,,,,,,yetujey,FUT Esports,astra,False,0,50,,,,,,,,,,,KROSTALY,FUT Esports,kayo,True,91,32,1,1,0,0,False,phantom,rifle,,0.2578,0.4511,Chronicle,Team Vitality,chamber,True,100,25,0,7,0,7,True,classic,sidearm,,0.1356,0.7356,Derke,Team Vitality,neon,True,100,50,1,1,1,6,False,operator,sniper,,0.7867,0.6511,Jamppi,Team Vitality,kayo,True,100,25,0,2,0,0,False,phantom,rifle,,0.1278,0.7078,Sayonara,Team Vitality,sova,True,100,50,0,2,1,3,False,phantom,rifle,,0.1944,0.7422,PROFEK,Team Vitality,astra,True,100,25,1,0,0,7,True,phantom,rifle,,0.4956,0.2500
2590.838,5136,ACTIVE_ROUND,17,10,8,59.000,,,s0pp,FUT Esports,chamber,True,100,50,0,8,0,7,True,operator,sniper,,0.3033,0.5133,xeus,FUT Esports,jett,False,0,50,,,,,,,,,,,sociablEE,FUT Esports,fade,False,0,50,,,,,,,,,,,yetujey,FUT Esports,astra,False,0,50,,,,,,,,,,,KROSTALY,FUT Esports,kayo,True,91,32,1,1,0,0,False,phantom,rifle,,0.2578,0.4511,Chronicle,Team Vitality,chamber,True,100,25,0,7,0,7,True,classic,sidearm,,0.1356,0.7356,Derke,Team Vitality,neon,True,100,50,1,1,1,6,False,operator,sniper,,0.7822,0.6600,Jamppi,Team Vitality,kayo,True,100,25,0,2,0,0,False,phantom,rifle,,0.1278,0.7078,Sayonara,Team Vitality,sova,True,100,50,0,2,1,3,False,phantom,rifle,,0.1900,0.7378,PROFEK,Team Vitality,astra,True,100,25,0,0,0,7,True,phantom,rifle,,0.4956,0.2500
2591.322,5137,ACTIVE_ROUND,17,10,8,58.000,,,s0pp,FUT Esports,chamber,True,100,50,0,8,0,7,True,operator,sniper,,0.2633,0.8267,xeus,FUT Esports,jett,False,0,50,,,,,,,,,,,sociablEE,FUT Esports,fade,False,0,50,,,,,,,,,,,yetujey,FUT Esports,astra,False,0,50,,,,,,,,,,,KROSTALY,FUT Esports,kayo,True,91,32,1,1,0,0,False,phantom,rifle,,0.2578,0.4511,Chronicle,Team Vitality,chamber,True,100,25,0,7,0,7,True,classic,sidearm,,0.1422,0.7467,Derke,Team Vitality,neon,True,100,50,1,1,1,6,False,operator,sniper,,0.7778,0.6667,Jamppi,Team Vitality,kayo,True,100,25,0,2,0,0,False,phantom,rifle,,0.8300,0.3167,Sayonara,Team Vitality,sova,True,100,50,0,2,1,3,False,phantom,rifle,,0.8744,0.2489,PROFEK,Team Vitality,astra,True,100,25,0,0,0,7,True,phantom,rifle,,0.4956,0.2500
2591.806,5138,ACTIVE_ROUND,17,10,8,58.000,,,s0pp,FUT Esports,chamber,True,100,50,0,8,0,7,True,operator,sniper,,0.2633,0.8267,xeus,FUT Esports,jett,False,0,50,,,,,,,,,,,sociablEE,FUT Esports,fade,False,0,50,,,,,,,,,,,yetujey,FUT Esports,astra,False,0,50,,,,,,,,,,,KROSTALY,FUT Esports,kayo,True,91,32,1,1,0,0,False,phantom,rifle,,0.2133,0.4622,Chronicle,Team Vitality,chamber,True,100,25,0,7,0,7,True,classic,sidearm,,0.1422,0.7467,Derke,Team Vitality,neon,True,100,50,1,1,1,6,False,operator,sniper,,0.7711,0.6756,Jamppi,Team Vitality,kayo,True,100,25,0,2,0,0,False,phantom,rifle,,0.1744,0.5389,Sayonara,Team Vitality,sova,True,100,50,0,2,1,3,False,phantom,rifle,,0.8744,0.2489,PROFEK,Team Vitality,astra,True,100,25,0,0,0,7,True,phantom,rifle,,0.4956,0.2500
2592.290,5139,ACTIVE_ROUND,17,10,8,57.000,,,s0pp,FUT Esports,chamber,True,100,50,0,8,0,7,True,operator,sniper,,0.2633,0.8267,xeus,FUT Esports,jett,False,0,50,,,,,,,,,,,sociablEE,FUT Esports,fade,False,0,50,,,,,,,,,,,yetujey,FUT Esports,astra,False,0,50,,,,,,,,,,,KROSTALY,FUT Esports,kayo,True,91,32,1,1,0,0,False,phantom,rifle,,0.2133,0.4622,Chronicle,Team Vitality,chamber,True,100,25,0,7,0,7,True,classic,sidearm,,0.1422,0.7467,Derke,Team Vitality,neon,True,100,50,1,1,1,6,False,operator,sniper,,0.7711,0.6867,Jamppi,Team Vitality,kayo,True,100,25,0,2,0,0,False,phantom,rifle,,0.1656,0.5456,Sayonara,Team Vitality,sova,True,100,50,0,2,1,3,False,phantom,rifle,,0.1811,0.7200,PROFEK,Team Vitality,astra,True,100,25,0,0,0,7,True,phantom,rifle,,0.4956,0.2500
2592.774,5140,ACTIVE_ROUND,17,10,8,57.000,,,s0pp,FUT Esports,chamber,True,100,50,0,8,0,7,True,operator,sniper,,0.2633,0.8267,xeus,FUT Esports,jett,False,0,50,,,,,,,,,,,sociablEE,FUT Esports,fade,False,0,50,,,,,,,,,,,yetujey,FUT Esports,astra,False,0,50,,,,,,,,,,,KROSTALY,FUT Esports,kayo,True,91,32,1,1,0,0,False,phantom,rifle,,0.2133,0.4622,Chronicle,Team Vitality,chamber,True,100,25,0,7,0,7,True,classic,sidearm,,0.1422,0.7467,Derke,Team Vitality,neon,True,100,50,1,1,1,6,False,operator,sniper,,0.7689,0.6978,Jamppi,Team Vitality,kayo,True,100,25,0,2,0,0,False,phantom,rifle,,0.1611,0.5478,Sayonara,Team Vitality,sova,True,100,50,0,2,1,3,False,phantom,rifle,,0.1944,0.7200,PROFEK,Team Vitality,astra,True,100,25,1,0,0,7,True,phantom,rifle,,0.3378,0.3056
2593.257,5141,ACTIVE_ROUND,17,10,8,56.000,,,s0pp,FUT Esports,chamber,True,100,50,0,8,0,7,True,operator,sniper,,0.2633,0.8267,xeus,FUT Esports,jett,False,0,50,,,,,,,,,,,sociablEE,FUT Esports,fade,False,0,50,,,,,,,,,,,yetujey,FUT Esports,astra,False,0,50,,,,,,,,,,,KROSTALY,FUT Esports,kayo,True,91,32,1,1,0,0,False,phantom,rifle,,0.2133,0.4622,Chronicle,Team Vitality,chamber,True,100,25,0,7,0,7,True,classic,sidearm,,0.1422,0.7467,Derke,Team Vitality,neon,True,100,50,1,1,1,6,False,operator,sniper,,0.7667,0.7089,Jamppi,Team Vitality,kayo,True,100,25,0,2,0,0,False,phantom,rifle,,0.1589,0.5478,Sayonara,Team Vitality,sova,True,100,50,0,2,1,3,False,phantom,rifle,,0.8744,0.3133,PROFEK,Team Vitality,astra,True,100,25,1,0,0,7,True,phantom,rifle,,0.3356,0.3189
2593.741,5142,ACTIVE_ROUND,17,10,8,56.000,,,s0pp,FUT Esports,chamber,True,100,50,0,8,0,7,True,operator,sniper,,0.3011,0.4022,xeus,FUT Esports,jett,False,0,50,,,,,,,,,,,sociablEE,FUT Esports,fade,False,0,50,,,,,,,,,,,yetujey,FUT Esports,astra,False,0,50,,,,,,,,,,,KROSTALY,FUT Esports,kayo,True,91,32,1,1,0,0,False,phantom,rifle,,0.2244,0.4244,Chronicle,Team Vitality,chamber,True,100,25,0,7,0,7,True,classic,sidearm,,0.1422,0.7467,Derke,Team Vitality,neon,True,100,50,1,1,1,6,False,operator,sniper,,0.7622,0.7178,Jamppi,Team Vitality,kayo,True,100,25,0,2,0,0,False,phantom,rifle,,0.1589,0.5478,Sayonara,Team Vitality,sova,True,100,50,0,2,1,3,False,phantom,rifle,,0.1722,0.5111,PROFEK,Team Vitality,astra,True,100,25,1,0,0,7,True,phantom,rifle,,0.3356,0.3189
2594.225,5143,ACTIVE_ROUND,17,10,8,56.000,,,s0pp,FUT Esports,chamber,True,100,50,0,8,0,7,True,operator,sniper,,0.3033,0.3911,xeus,FUT Esports,jett,False,0,50,,,,,,,,,,,sociablEE,FUT Esports,fade,False,0,50,,,,,,,,,,,yetujey,FUT Esports,astra,False,0,50,,,,,,,,,,,KROSTALY,FUT Esports,kayo,True,91,32,1,1,0,0,False,phantom,rifle,,0.2422,0.4089,Chronicle,Team Vitality,chamber,True,100,25,0,7,0,7,True,classic,sidearm,,0.1422,0.7467,Derke,Team Vitality,neon,True,100,50,1,1,1,6,False,operator,sniper,,0.7556,0.7333,Jamppi,Team Vitality,kayo,True,100,25,0,2,0,0,False,phantom,rifle,,0.1522,0.5456,Sayonara,Team Vitality,sova,True,100,50,0,2,1,3,False,phantom,rifle,,0.8633,0.2956,PROFEK,Team Vitality,astra,True,100,25,1,0,0,7,True,phantom,rifle,,0.3311,0.3056
2594.709,5144,ACTIVE_ROUND,17,10,8,55.000,,,s0pp,FUT Esports,chamber,True,100,50,0,8,0,7,True,operator,sniper,,0.3122,0.3844,xeus,FUT Esports,jett,False,0,50,,,,,,,,,,,sociablEE,FUT Esports,fade,False,0,50,,,,,,,,,,,yetujey,FUT Esports,astra,False,0,50,,,,,,,,,,,KROSTALY,FUT Esports,kayo,True,91,32,1,1,0,0,False,phantom,rifle,,0.2422,0.4089,Chronicle,Team Vitality,chamber,True,100,25,0,7,0,7,True,classic,sidearm,,0.1422,0.7467,Derke,Team Vitality,neon,True,100,50,1,1,1,6,False,operator,sniper,,0.7489,0.7489,Jamppi,Team Vitality,kayo,True,100,25,0,2,0,0,False,phantom,rifle,,0.1344,0.5456,Sayonara,Team Vitality,sova,True,100,50,0,2,1,3,False,phantom,rifle,,0.8856,0.2800,PROFEK,Team Vitality,astra,True,100,25,0,0,0,7,True,phantom,rifle,,0.3289,0.2922
2595.193,5145,ACTIVE_ROUND,17,10,8,55.000,,,s0pp,FUT Esports,chamber,True,100,50,0,8,0,7,True,operator,sniper,,0.3211,0.3844,xeus,FUT Esports,jett,False,0,50,,,,,,,,,,,sociablEE,FUT Esports,fade,False,0,50,,,,,,,,,,,yetujey,FUT Esports,astra,False,0,50,,,,,,,,,,,KROSTALY,FUT Esports,kayo,True,91,32,1,1,0,0,False,phantom,rifle,,0.2422,0.4089,Chronicle,Team Vitality,chamber,True,100,25,0,7,0,7,True,classic,sidearm,,0.1422,0.7467,Derke,Team Vitality,neon,True,100,50,1,1,1,6,False,operator,sniper,,0.7378,0.7622,Jamppi,Team Vitality,kayo,True,100,25,0,2,0,0,False,phantom,rifle,,0.1300,0.5456,Sayonara,Team Vitality,sova,True,100,50,0,2,1,3,False,phantom,rifle,,0.1544,0.5111,PROFEK,Team Vitality,astra,True,100,25,0,0,0,7,True,phantom,rifle,,0.3289,0.2922
2595.676,5146,ACTIVE_ROUND,17,10,8,54.000,,,s0pp,FUT Esports,chamber,True,100,50,0,8,0,7,True,operator,sniper,,0.3278,0.3844,xeus,FUT Esports,jett,False,0,50,,,,,,,,,,,sociablEE,FUT Esports,fade,False,0,50,,,,,,,,,,,yetujey,FUT Esports,astra,False,0,50,,,,,,,,,,,KROSTALY,FUT Esports,kayo,True,91,32,1,1,0,0,False,phantom,rifle,,0.2422,0.4089,Chronicle,Team Vitality,chamber,True,100,25,0,7,0,7,True,classic,sidearm,,0.1422,0.7467,Derke,Team Vitality,neon,True,100,50,1,1,1,6,False,operator,sniper,,0.7244,0.7733,Jamppi,Team Vitality,kayo,True,100,25,0,2,0,0,False,phantom,rifle,,0.1233,0.5389,Sayonara,Team Vitality,sova,True,100,50,0,2,1,3,False,phantom,rifle,,0.1500,0.5044,PROFEK,Team Vitality,astra,True,100,25,0,0,0,7,True,phantom,rifle,,0.3289,0.2922
2596.160,5147,ACTIVE_ROUND,17,10,8,54.000,,,s0pp,FUT Esports,chamber,True,100,50,0,8,0,7,True,operator,sniper,,0.3322,0.3867,xeus,FUT Esports,jett,False,0,50,,,,,,,,,,,sociablEE,FUT Esports,fade,False,0,50,,,,,,,,,,,yetujey,FUT Esports,astra,False,0,50,,,,,,,,,,,KROSTALY,FUT Esports,kayo,True,91,32,1,1,0,0,False,phantom,rifle,,0.2489,0.3911,Chronicle,Team Vitality,chamber,True,100,25,0,7,0,7,True,classic,sidearm,,0.1422,0.7467,Derke,Team Vitality,neon,True,100,50,1,1,1,6,False,operator,sniper,,0.7133,0.7844,Jamppi,Team Vitality,kayo,True,100,25,0,2,0,0,False,phantom,rifle,,0.1211,0.5367,Sayonara,Team Vitality,sova,True,100,50,0,2,1,3,False,phantom,rifle,,0.1478,0.5022,PROFEK,Team Vitality,astra,True,100,25,0,0,0,7,True,phantom,rifle,,0.3289,0.2922
2596.644,5148,ACTIVE_ROUND,17,10,8,53.000,,,s0pp,FUT Esports,chamber,True,100,50,0,8,0,7,True,operator,sniper,,0.2633,0.8267,xeus,FUT Esports,jett,False,,50,,,,,,,,,,,sociablEE,FUT Esports,fade,False,0,50,,,,,,,,,,,yetujey,FUT Esports,astra,False,0,50,,,,,,,,,,,KROSTALY,FUT Esports,kayo,True,91,32,1,1,0,0,False,phantom,rifle,,0.2489,0.3911,Chronicle,Team Vitality,chamber,True,100,25,0,7,0,7,True,phantom,rifle,,0.1422,0.7467,Derke,Team Vitality,neon,True,100,50,1,1,1,6,False,operator,sniper,,0.6978,0.7933,Jamppi,Team Vitality,kayo,True,100,25,0,2,0,0,False,phantom,rifle,,0.1211,0.5367,Sayonara,Team Vitality,sova,True,100,50,0,2,1,3,False,phantom,rifle,,0.1522,0.5067,PROFEK,Team Vitality,astra,True,100,25,1,0,0,7,True,phantom,rifle,,0.3289,0.2922
2597.128,5149,ACTIVE_ROUND,17,10,8,53.000,,,s0pp,FUT Esports,chamber,True,100,50,0,8,0,7,True,operator,sniper,,0.2633,0.8267,xeus,FUT Esports,jett,False,,50,,,,,,,,,,,sociablEE,FUT Esports,fade,False,0,50,,,,,,,,,,,yetujey,FUT Esports,astra,False,0,50,,,,,,,,,,,KROSTALY,FUT Esports,kayo,True,91,32,1,1,0,0,False,phantom,rifle,,0.2489,0.3911,Chronicle,Team Vitality,chamber,True,100,25,0,7,0,7,True,phantom,rifle,,0.1422,0.7467,Derke,Team Vitality,neon,True,100,50,1,1,1,6,False,operator,sniper,,0.6778,0.7978,Jamppi,Team Vitality,kayo,True,100,25,0,2,0,0,False,phantom,rifle,,0.1344,0.5433,Sayonara,Team Vitality,sova,True,100,50,0,2,1,3,False,phantom,rifle,,0.1522,0.5067,PROFEK,Team Vitality,astra,True,100,25,1,0,0,7,True,phantom,rifle,,0.3289,0.2922
2597.612,5150,ACTIVE_ROUND,17,10,8,52.000,,,s0pp,FUT Esports,chamber,True,100,50,0,8,0,7,True,operator,sniper,,0.2633,0.8267,xeus,FUT Esports,jett,False,,50,,,,,,,,,,,sociablEE,FUT Esports,fade,False,0,50,,,,,,,,,,,yetujey,FUT Esports,astra,False,0,50,,,,,,,,,,,KROSTALY,FUT Esports,kayo,True,81,12,1,1,0,0,False,phantom,rifle,,0.2489,0.3911,Chronicle,Team Vitality,chamber,True,100,25,0,7,0,7,True,phantom,rifle,,0.1422,0.7467,Derke,Team Vitality,neon,True,100,50,1,1,1,6,False,operator,sniper,,0.6578,0.8022,Jamppi,Team Vitality,kayo,True,100,25,0,2,0,0,False,phantom,rifle,,0.1522,0.5478,Sayonara,Team Vitality,sova,True,100,50,0,2,1,3,False,phantom,rifle,,0.2256,0.7089,PROFEK,Team Vitality,astra,True,100,25,1,0,0,7,True,phantom,rifle,,0.3289,0.2922
2598.095,5151,ACTIVE_ROUND,17,10,8,52.000,,,s0pp,FUT Esports,chamber,True,100,50,0,8,0,7,True,operator,sniper,,0.2633,0.8267,xeus,FUT Esports,jett,False,,50,,,,,,,,,,,sociablEE,FUT Esports,fade,False,0,50,,,,,,,,,,,yetujey,FUT Esports,astra,False,0,50,,,,,,,,,,,KROSTALY,FUT Esports,kayo,True,81,12,1,1,0,0,False,phantom,rifle,,0.2489,0.3911,Chronicle,Team Vitality,chamber,True,100,25,0,7,0,7,True,phantom,rifle,,0.1422,0.7467,Derke,Team Vitality,neon,True,100,50,1,1,1,6,False,operator,sniper,,0.6578,0.8022,Jamppi,Team Vitality,kayo,True,100,25,0,2,0,0,False,phantom,rifle,,0.1700,0.5500,Sayonara,Team Vitality,sova,True,100,50,0,2,1,3,False,phantom,rifle,,0.8944,0.5244,PROFEK,Team Vitality,astra,True,100,25,1,0,0,7,True,phantom,rifle,,0.3289,0.2922
2598.579,5152,ACTIVE_ROUND,17,10,8,51.000,,,s0pp,FUT Esports,chamber,True,100,50,0,8,0,7,True,operator,sniper,,0.2633,0.8267,xeus,FUT Esports,jett,False,,50,,,,,,,,,,,sociablEE,FUT Esports,fade,False,0,50,,,,,,,,,,,yetujey,FUT Esports,astra,False,0,50,,,,,,,,,,,KROSTALY,FUT Esports,kayo,True,81,12,1,1,0,0,False,phantom,rifle,,0.2489,0.3911,Chronicle,Team Vitality,chamber,True,100,25,0,7,0,7,True,phantom,rifle,,0.1422,0.7467,Derke,Team Vitality,neon,True,100,50,1,1,1,6,False,operator,sniper,,0.6333,0.8244,Jamppi,Team Vitality,kayo,True,100,25,0,2,0,0,False,phantom,rifle,,0.1256,0.7122,Sayonara,Team Vitality,sova,True,100,50,0,2,1,3,False,phantom,rifle,,0.1789,0.7133,PROFEK,Team Vitality,astra,True,100,25,0,0,0,7,True,phantom,rifle,,0.3289,0.2922
2599.547,5154,ACTIVE_ROUND,17,10,8,,0.000,,s0pp,FUT Esports,chamber,True,100,50,0,8,0,7,True,operator,sniper,,0.3278,0.3756,xeus,FUT Esports,jett,False,,50,,,,,,,,,,,sociablEE,FUT Esports,fade,False,0,50,,,,,,,,,,,yetujey,FUT Esports,astra,False,0,50,,,,,,,,,,,KROSTALY,FUT Esports,kayo,True,81,12,1,1,0,0,False,phantom,rifle,,0.2711,0.3711,Chronicle,Team Vitality,chamber,True,100,25,0,7,0,7,True,phantom,rifle,,0.1422,0.7467,Derke,Team Vitality,neon,True,100,50,1,1,1,6,False,operator,sniper,,0.6089,0.8489,Jamppi,Team Vitality,kayo,True,100,25,0,2,0,0,False,phantom,rifle,,0.7256,0.2300,Sayonara,Team Vitality,sova,True,100,50,0,2,1,3,False,phantom,rifle,,0.1656,0.7244,PROFEK,Team Vitality,astra,True,100,25,0,0,0,7,True,phantom,rifle,,0.3333,0.3233
2600.031,5155,ACTIVE_ROUND,17,10,8,,0.484,,s0pp,FUT Esports,chamber,True,100,50,0,8,0,7,True,operator,sniper,,0.2633,0.8267,xeus,FUT Esports,jett,False,,50,,,,,,,,,,,sociablEE,FUT Esports,fade,False,0,50,,,,,,,,,,,yetujey,FUT Esports,astra,False,0,50,,,,,,,,,,,KROSTALY,FUT Esports,kayo,True,81,12,1,1,0,0,False,phantom,rifle,,0.2844,0.3578,Chronicle,Team Vitality,chamber,True,100,25,0,7,0,7,True,phantom,rifle,,0.1422,0.7467,Derke,Team Vitality,neon,True,100,50,1,1,1,6,False,operator,sniper,,0.5978,0.8578,Jamppi,Team Vitality,kayo,True,100,25,0,2,0,0,False,phantom,rifle,,0.7233,0.2322,Sayonara,Team Vitality,sova,True,100,50,0,2,1,3,False,phantom,rifle,,0.1544,0.7222,PROFEK,Team Vitality,astra,True,100,25,0,0,0,7,True,phantom,rifle,,0.3333,0.3233
2600.515,5156,ACTIVE_ROUND,17,10,8,,0.968,,s0pp,FUT Esports,chamber,True,100,50,0,8,0,7,True,operator,sniper,,0.2633,0.8267,xeus,FUT Esports,jett,False,,50,,,,,,,,,,,sociablEE,FUT Esports,fade,False,0,50,,,,,,,,,,,yetujey,FUT Esports,astra,False,0,50,,,,,,,,,,,KROSTALY,FUT Esports,kayo,True,81,12,1,1,0,1,False,phantom,rifle,,0.2844,0.3356,Chronicle,Team Vitality,chamber,True,100,25,0,7,0,7,True,phantom,rifle,,0.1422,0.7467,Derke,Team Vitality,neon,True,100,50,1,1,1,6,False,operator,sniper,,0.5889,0.8622,Jamppi,Team Vitality,kayo,True,100,25,0,2,0,0,False,phantom,rifle,,0.1011,0.3544,Sayonara,Team Vitality,sova,True,100,50,0,2,1,3,False,phantom,rifle,,0.1544,0.7222,PROFEK,Team Vitality,astra,True,100,25,1,0,0,7,True,phantom,rifle,,0.3333,0.3233
2600.998,5157,ACTIVE_ROUND,17,10,8,,1.451,,s0pp,FUT Esports,chamber,True,100,50,0,8,0,7,True,operator,sniper,,0.2633,0.8267,xeus,FUT Esports,jett,False,,50,,,,,,,,,,,sociablEE,FUT Esports,fade,False,0,50,,,,,,,,,,,yetujey,FUT Esports,astra,False,0,50,,,,,,,,,,,KROSTALY,FUT Esports,kayo,True,81,12,1,1,0,1,False,phantom,rifle,,0.2778,0.3178,Chronicle,Team Vitality,chamber,True,100,25,0,7,0,7,True,phantom,rifle,,0.1422,0.7467,Derke,Team Vitality,neon,True,100,50,1,1,1,6,False,operator,sniper,,0.5778,0.8667,Jamppi,Team Vitality,kayo,True,100,25,0,2,0,0,False,phantom,rifle,,0.6678,0.1878,Sayonara,Team Vitality,sova,True,100,50,0,2,1,3,False,phantom,rifle,,0.1522,0.7200,PROFEK,Team Vitality,astra,True,100,25,1,0,0,7,True,phantom,rifle,,0.3333,0.3233
2601.482,5158,ACTIVE_ROUND,17,10,8,,1.935,,s0pp,FUT Esports,chamber,True,100,50,0,8,0,7,True,operator,sniper,,0.2633,0.8267,xeus,FUT Esports,jett,False,,50,,,,,,,,,,,sociablEE,FUT Esports,fade,False,0,50,,,,,,,,,,,yetujey,FUT Esports,astra,False,0,50,,,,,,,,,,,KROSTALY,FUT Esports,kayo,True,81,12,1,1,0,1,False,phantom,rifle,,0.2733,0.3111,Chronicle,Team Vitality,chamber,True,100,25,0,7,0,7,True,phantom,rifle,,0.1422,0.7467,Derke,Team Vitality,neon,True,100,50,1,1,1,6,False,operator,sniper,,0.5689,0.8667,Jamppi,Team Vitality,kayo,True,100,25,0,2,0,0,False,phantom,rifle,,0.1011,0.3544,Sayonara,Team Vitality,sova,True,100,50,0,2,1,3,False,phantom,rifle,,0.1522,0.7200,PROFEK,Team Vitality,astra,True,100,25,1,0,0,7,True,phantom,rifle,,0.3333,0.3233
2601.966,5159,ACTIVE_ROUND,17,10,8,,2.419,,s0pp,FUT Esports,chamber,True,100,50,0,8,0,7,True,operator,sniper,,0.2633,0.8267,xeus,FUT Esports,jett,False,,50,,,,,,,,,,,sociablEE,FUT Esports,fade,False,0,50,,,,,,,,,,,yetujey,FUT Esports,astra,False,0,50,,,,,,,,,,,KROSTALY,FUT Esports,kayo,True,81,12,1,1,0,1,False,phantom,rifle,,0.2667,0.3067,Chronicle,Team Vitality,chamber,True,100,25,0,7,0,7,True,phantom,rifle,,0.1422,0.7467,Derke,Team Vitality,neon,True,100,50,1,1,1,6,False,operator,sniper,,0.5578,0.8667,Jamppi,Team Vitality,kayo,True,100,25,0,2,0,0,False,phantom,rifle,,0.0989,0.7167,Sayonara,Team Vitality,sova,True,100,50,0,2,1,3,False,phantom,rifle,,0.1522,0.7200,PROFEK,Team Vitality,astra,True,100,25,1,0,0,7,True,phantom,rifle,,0.3333,0.3233
2602.450,5160,ACTIVE_ROUND,17,10,8,,2.903,,s0pp,FUT Esports,chamber,True,100,50,0,8,0,7,True,operator,sniper,,0.1967,0.7422,xeus,FUT Esports,jett,False,,50,,,,,,,,,,,sociablEE,FUT Esports,fade,False,0,50,,,,,,,,,,,yetujey,FUT Esports,astra,False,0,50,,,,,,,,,,,KROSTALY,FUT Esports,kayo,True,81,12,1,1,0,1,False,phantom,rifle,,0.2667,0.3067,Chronicle,Team Vitality,chamber,True,100,25,0,7,0,7,True,phantom,rifle,,0.1422,0.7467,Derke,Team Vitality,neon,True,100,50,1,1,1,6,False,operator,sniper,,0.5400,0.8644,Jamppi,Team Vitality,kayo,True,100,25,0,2,0,0,False,phantom,rifle,,0.0989,0.7167,Sayonara,Team Vitality,sova,True,100,50,0,2,1,3,False,phantom,rifle,,0.1522,0.7222,PROFEK,Team Vitality,astra,True,100,25,1,0,0,7,True,phantom,rifle,,0.3333,0.3233
2602.934,5161,ACTIVE_ROUND,17,10,8,,3.387,,s0pp,FUT Esports,chamber,True,100,50,0,8,0,7,True,operator,sniper,,0.4722,0.8756,xeus,FUT Esports,jett,False,,50,,,,,,,,,,,sociablEE,FUT Esports,fade,False,0,50,,,,,,,,,,,yetujey,FUT Esports,astra,False,0,50,,,,,,,,,,,KROSTALY,FUT Esports,kayo,True,81,12,1,1,0,1,False,phantom,rifle,,0.2667,0.3067,Chronicle,Team Vitality,chamber,True,100,25,0,7,0,7,True,phantom,rifle,,0.1422,0.7467,Derke,Team Vitality,neon,True,100,50,1,1,1,6,False,operator,sniper,,0.5222,0.8578,Jamppi,Team Vitality,kayo,True,100,25,0,2,0,0,False,phantom,rifle,,0.0989,0.7167,Sayonara,Team Vitality,sova,True,100,50,0,2,1,3,False,phantom,rifle,,0.1522,0.7222,PROFEK,Team Vitality,astra,True,100,25,1,0,0,7,True,phantom,rifle,,0.3333,0.3233
2603.417,5162,ACTIVE_ROUND,17,10,8,,3.871,,s0pp,FUT Esports,chamber,True,100,50,0,8,0,7,True,operator,sniper,,0.2633,0.8267,xeus,FUT Esports,jett,False,,50,,,,,,,,,,,sociablEE,FUT Esports,fade,False,0,50,,,,,,,,,,,yetujey,FUT Esports,astra,False,0,50,,,,,,,,,,,KROSTALY,FUT Esports,kayo,True,81,12,1,1,0,1,False,phantom,rifle,,0.2822,0.3200,Chronicle,Team Vitality,chamber,True,100,25,0,7,0,7,True,phantom,rifle,,0.1422,0.7467,Derke,Team Vitality,neon,True,100,50,1,1,1,6,False,operator,sniper,,0.5067,0.8533,Jamppi,Team Vitality,kayo,True,100,25,0,2,0,0,False,phantom,rifle,,0.0989,0.7189,Sayonara,Team Vitality,sova,True,100,50,0,2,1,3,False,phantom,rifle,,0.1522,0.7200,PROFEK,Team Vitality,astra,True,100,25,1,0,0,7,True,phantom,rifle,,0.3333,0.3233
2603.901,5163,ACTIVE_ROUND,17,10,8,,4.354,,s0pp,FUT Esports,chamber,True,100,50,0,8,0,7,True,operator,sniper,,0.2633,0.8267,xeus,FUT Esports,jett,False,,50,,,,,,,,,,,sociablEE,FUT Esports,fade,False,0,50,,,,,,,,,,,yetujey,FUT Esports,astra,False,0,50,,,,,,,,,,,KROSTALY,FUT Esports,kayo,True,81,12,1,1,0,1,False,phantom,rifle,,0.2933,0.3378,Chronicle,Team Vitality,chamber,True,100,25,0,7,0,7,True,phantom,rifle,,0.1422,0.7467,Derke,Team Vitality,neon,True,100,50,1,1,1,6,False,operator,sniper,,0.5067,0.8533,Jamppi,Team Vitality,kayo,True,100,25,0,2,0,0,False,phantom,rifle,,0.0989,0.7122,Sayonara,Team Vitality,sova,True,100,50,0,2,1,3,False,phantom,rifle,,0.3322,0.4044,PROFEK,Team Vitality,astra,True,100,25,1,0,0,7,True,phantom,rifle,,0.3333,0.3233
2604.385,5164,ACTIVE_ROUND,17,10,8,,4.838,,s0pp,FUT Esports,chamber,True,100,50,0,8,0,7,True,operator,sniper,,0.2633,0.8267,xeus,FUT Esports,jett,False,,50,,,,,,,,,,,sociablEE,FUT Esports,fade,False,0,50,,,,,,,,,,,yetujey,FUT Esports,astra,False,0,50,,,,,,,,,,,KROSTALY,FUT Esports,kayo,True,81,12,1,1,0,1,False,phantom,rifle,,0.3022,0.3578,Chronicle,Team Vitality,chamber,True,100,25,0,7,0,7,True,phantom,rifle,,0.1422,0.7467,Derke,Team Vitality,neon,True,100,50,1,1,1,6,False,operator,sniper,,0.5067,0.8533,Jamppi,Team Vitality,kayo,True,100,25,0,2,0,0,False,phantom,rifle,,0.4278,0.8100,Sayonara,Team Vitality,sova,True,100,50,0,2,1,3,False,phantom,rifle,,0.6389,0.1689,PROFEK,Team Vitality,astra,True,100,25,1,0,0,7,True,phantom,rifle,,0.3333,0.3233
2604.869,5165,ACTIVE_ROUND,17,10,8,,5.322,,s0pp,FUT Esports,chamber,True,100,50,0,8,0,7,True,operator,sniper,,0.2633,0.8267,xeus,FUT Esports,jett,False,,50,,,,,,,,,,,sociablEE,FUT Esports,fade,False,0,50,,,,,,,,,,,yetujey,FUT Esports,astra,False,0,50,,,,,,,,,,,KROSTALY,FUT Esports,kayo,True,81,12,1,1,0,1,False,phantom,rifle,,0.3067,0.3756,Chronicle,Team Vitality,chamber,True,100,25,0,7,0,7,True,phantom,rifle,,0.1422,0.7467,Derke,Team Vitality,neon,True,100,50,1,1,1,6,False,operator,sniper,,0.5067,0.8533,Jamppi,Team Vitality,kayo,True,100,25,0,2,0,0,False,phantom,rifle,,0.2589,0.4967,Sayonara,Team Vitality,sova,True,100,50,0,2,1,3,False,phantom,rifle,,0.1300,0.7200,PROFEK,Team Vitality,astra,True,100,25,1,0,0,7,True,phantom,rifle,,0.3333,0.3233
2605.353,5166,ACTIVE_ROUND,17,10,8,,5.806,,s0pp,FUT Esports,chamber,True,100,50,0,8,0,7,True,operator,sniper,,0.2633,0.8267,xeus,FUT Esports,jett,False,,50,,,,,,,,,,,sociablEE,FUT Esports,fade,False,0,50,,,,,,,,,,,yetujey,FUT Esports,astra,False,0,50,,,,,,,,,,,KROSTALY,FUT Esports,kayo,True,81,12,1,1,0,1,False,phantom,rifle,,0.3000,0.3933,Chronicle,Team Vitality,chamber,True,100,25,0,7,0,7,True,phantom,rifle,,0.1422,0.7467,Derke,Team Vitality,neon,True,100,50,1,1,1,6,False,operator,sniper,,0.5067,0.8533,Jamppi,Team Vitality,kayo,True,100,25,0,2,0,0,False,phantom,rifle,,0.5478,0.1811,Sayonara,Team Vitality,sova,True,100,50,0,2,1,3,False,phantom,rifle,,0.1300,0.7200,PROFEK,Team Vitality,astra,True,100,25,1,0,0,7,True,phantom,rifle,,0.3333,0.3233
2605.837,5167,ACTIVE_ROUND,17,10,8,,6.290,,s0pp,FUT Esports,chamber,True,100,50,0,8,0,7,True,operator,sniper,,0.2633,0.8267,xeus,FUT Esports,jett,False,,50,,,,,,,,,,,sociablEE,FUT Esports,fade,False,0,50,,,,,,,,,,,yetujey,FUT Esports,astra,False,0,50,,,,,,,,,,,KROSTALY,FUT Esports,kayo,True,81,12,1,1,0,1,False,phantom,rifle,,0.3022,0.4067,Chronicle,Team Vitality,chamber,True,100,25,0,7,0,7,True,phantom,rifle,,0.1422,0.7467,Derke,Team Vitality,neon,True,100,50,1,1,1,6,False,operator,sniper,,0.5067,0.8533,Jamppi,Team Vitality,kayo,True,100,25,0,2,0,0,False,phantom,rifle,,0.0989,0.7256,Sayonara,Team Vitality,sova,True,100,50,0,2,1,3,False,phantom,rifle,,0.6033,0.1689,PROFEK,Team Vitality,astra,True,100,25,1,0,0,7,True,phantom,rifle,,0.3333,0.3233
2606.320,5168,ACTIVE_ROUND,17,10,8,,6.773,,s0pp,FUT Esports,chamber,True,100,50,0,8,1,7,True,operator,sniper,,0.2633,0.7622,xeus,FUT Esports,jett,False,,50,,,,,,,,,,,sociablEE,FUT Esports,fade,False,0,50,,,,,,,,,,,yetujey,FUT Esports,astra,False,0,50,,,,,,,,,,,KROSTALY,FUT Esports,kayo,True,81,12,0,1,0,1,False,phantom,rifle,,0.3044,0.4178,Chronicle,Team Vitality,chamber,True,100,25,0,7,0,7,True,phantom,rifle,,0.1422,0.7467,Derke,Team Vitality,neon,True,100,50,1,1,1,6,False,operator,sniper,,0.3800,0.8200,Jamppi,Team Vitality,kayo,True,100,25,0,2,0,0,False,phantom,rifle,,0.0989,0.7167,Sayonara,Team Vitality,sova,True,100,50,0,2,1,3,False,phantom,rifle,,0.1256,0.7022,PROFEK,Team Vitality,astra,True,100,25,1,0,0,7,True,phantom,rifle,,0.3333,0.3233
2606.804,5169,ACTIVE_ROUND,17,10,8,,7.257,,s0pp,FUT Esports,chamber,True,100,50,0,8,1,7,True,operator,sniper,,0.7522,0.6356,xeus,FUT Esports,jett,False,,50,,,,,,,,,,,sociablEE,FUT Esports,fade,False,0,50,,,,,,,,,,,yetujey,FUT Esports,astra,False,0,50,,,,,,,,,,,KROSTALY,FUT Esports,kayo,True,81,12,0,1,0,1,False,phantom,rifle,,0.3044,0.4178,Chronicle,Team Vitality,chamber,True,100,25,0,7,0,7,True,phantom,rifle,,0.1422,0.7467,Derke,Team Vitality,neon,True,100,50,1,1,1,6,False,operator,sniper,,0.3711,0.8178,Jamppi,Team Vitality,kayo,True,100,25,0,2,0,0,False,phantom,rifle,,0.0989,0.7056,Sayonara,Team Vitality,sova,True,100,50,0,2,1,3,False,phantom,rifle,,0.3344,0.4067,PROFEK,Team Vitality,astra,True,100,25,1,0,0,7,True,phantom,rifle,,0.3333,0.3233
2607.288,5170,ACTIVE_ROUND,17,10,8,,7.741,,s0pp,FUT Esports,chamber,True,100,50,0,8,1,7,True,operator,sniper,,0.7456,0.7200,xeus,FUT Esports,jett,False,,50,,,,,,,,,,,sociablEE,FUT Esports,fade,False,0,50,,,,,,,,,,,yetujey,FUT Esports,astra,False,0,50,,,,,,,,,,,KROSTALY,FUT Esports,kayo,True,81,12,0,1,0,1,False,phantom,rifle,,0.3044,0.4178,Chronicle,Team Vitality,chamber,True,100,25,0,7,0,7,True,phantom,rifle,,0.1422,0.7467,Derke,Team Vitality,neon,True,100,50,1,1,1,6,False,operator,sniper,,0.3622,0.8133,Jamppi,Team Vitality,kayo,True,100,25,0,2,0,0,False,phantom,rifle,,0.1011,0.6989,Sayonara,Team Vitality,sova,True,100,50,0,2,1,3,False,phantom,rifle,,0.3567,0.7756,PROFEK,Team Vitality,astra,True,100,25,1,0,0,7,True,phantom,rifle,,0.3333,0.3233
2607.772,5171,ACTIVE_ROUND,17,10,8,,8.225,,s0pp,FUT Esports,chamber,True,100,50,0,8,1,7,True,operator,sniper,,0.7456,0.7200,xeus,FUT Esports,jett,False,,50,,,,,,,,,,,sociablEE,FUT Esports,fade,False,0,50,,,,,,,,,,,yetujey,FUT Esports,astra,False,0,50,,,,,,,,,,,KROSTALY,FUT Esports,kayo,True,81,12,0,1,0,1,False,phantom,rifle,,0.3044,0.4178,Chronicle,Team Vitality,chamber,True,100,25,0,7,0,7,True,phantom,rifle,,0.1422,0.7467,Derke,Team Vitality,neon,True,100,50,1,1,1,6,False,operator,sniper,,0.3533,0.8089,Jamppi,Team Vitality,kayo,True,100,25,0,2,0,0,False,phantom,rifle,,0.1011,0.6878,Sayonara,Team Vitality,sova,True,100,50,0,2,1,3,False,phantom,rifle,,0.3567,0.7711,PROFEK,Team Vitality,astra,True,100,25,1,0,0,7,True,phantom,rifle,,0.3333,0.3233
2608.256,5172,ACTIVE_ROUND,17,10,8,,8.709,,s0pp,FUT Esports,chamber,True,100,50,0,8,1,7,True,operator,sniper,,0.2633,0.7622,xeus,FUT Esports,jett,False,,50,,,,,,,,,,,sociablEE,FUT Esports,fade,False,0,50,,,,,,,,,,,yetujey,FUT Esports,astra,False,0,50,,,,,,,,,,,KROSTALY,FUT Esports,kayo,True,81,12,0,1,0,1,False,phantom,rifle,,0.2956,0.4622,Chronicle,Team Vitality,chamber,True,100,25,0,7,0,7,True,phantom,rifle,,0.1422,0.7467,Derke,Team Vitality,neon,True,100,50,1,1,1,6,False,operator,sniper,,0.3444,0.8044,Jamppi,Team Vitality,kayo,True,100,25,0,2,0,0,False,phantom,rifle,,0.1011,0.6856,Sayonara,Team Vitality,sova,True,78,6,0,2,1,3,False,phantom,rifle,,0.3544,0.7644,PROFEK,Team Vitality,astra,True,100,25,1,0,0,7,True,phantom,rifle,,0.3333,0.3233
2608.739,5173,ACTIVE_ROUND,17,10,8,,9.193,,s0pp,FUT Esports,chamber,True,100,50,0,8,1,7,True,operator,sniper,,0.2633,0.7622,xeus,FUT Esports,jett,False,,50,,,,,,,,,,,sociablEE,FUT Esports,fade,False,0,50,,,,,,,,,,,yetujey,FUT Esports,astra,False,0,50,,,,,,,,,,,KROSTALY,FUT Esports,kayo,True,81,12,0,1,0,1,False,phantom,rifle,,0.2889,0.4711,Chronicle,Team Vitality,chamber,True,100,25,0,7,0,7,True,phantom,rifle,,0.1422,0.7467,Derke,Team Vitality,neon,True,100,50,1,1,1,6,False,operator,sniper,,0.3311,0.7933,Jamppi,Team Vitality,kayo,True,100,25,0,2,0,0,False,phantom,rifle,,0.1011,0.6856,Sayonara,Team Vitality,sova,True,78,6,0,2,1,3,False,phantom,rifle,,0.1322,0.6578,PROFEK,Team Vitality,astra,True,100,25,1,0,0,7,True,phantom,rifle,,0.3333,0.3233
2609.223,5174,ACTIVE_ROUND,17,10,8,,9.676,,s0pp,FUT Esports,chamber,True,100,50,0,8,1,7,True,operator,sniper,,0.2633,0.7622,xeus,FUT Esports,jett,False,,50,,,,,,,,,,,sociablEE,FUT Esports,fade,False,0,50,,,,,,,,,,,yetujey,FUT Esports,astra,False,0,50,,,,,,,,,,,KROSTALY,FUT Esports,kayo,True,81,12,0,1,0,1,False,phantom,rifle,,0.2911,0.4756,Chronicle,Team Vitality,chamber,True,100,25,0,7,0,7,True,phantom,rifle,,0.1422,0.7467,Derke,Team Vitality,neon,True,100,50,1,1,1,6,False,operator,sniper,,0.3133,0.7689,Jamppi,Team Vitality,kayo,True,100,25,0,2,0,0,False,phantom,rifle,,0.1011,0.6589,Sayonara,Team Vitality,sova,True,78,6,0,2,1,3,False,phantom,rifle,,0.1300,0.6422,PROFEK,Team Vitality,astra,True,100,25,1,0,0,7,True,phantom,rifle,,0.3333,0.3233
2609.707,5175,ACTIVE_ROUND,17,10,8,,10.160,,s0pp,FUT Esports,chamber,True,100,50,0,8,1,7,True,operator,sniper,,0.1922,0.7467,xeus,FUT Esports,jett,False,,50,,,,,,,,,,,sociablEE,FUT Esports,fade,False,0,50,,,,,,,,,,,yetujey,FUT Esports,astra,False,0,50,,,,,,,,,,,KROSTALY,FUT Esports,kayo,True,81,12,0,1,0,1,False,phantom,rifle,,0.2933,0.4711,Chronicle,Team Vitality,chamber,True,100,25,0,7,0,7,True,phantom,rifle,,0.1422,0.7467,Derke,Team Vitality,neon,True,100,50,1,1,1,6,False,operator,sniper,,0.3133,0.7689,Jamppi,Team Vitality,kayo,True,100,25,0,2,0,0,False,phantom,rifle,,0.1011,0.6456,Sayonara,Team Vitality,sova,True,78,6,0,2,1,3,False,phantom,rifle,,0.3344,0.4089,PROFEK,Team Vitality,astra,True,100,25,1,0,0,7,True,phantom,rifle,,0.3333,0.3233
2610.191,5176,ACTIVE_ROUND,17,10,8,,10.644,,s0pp,FUT Esports,chamber,True,100,50,0,8,1,7,True,operator,sniper,,0.1478,0.3244,xeus,FUT Esports,jett,False,,50,,,,,,,,,,,sociablEE,FUT Esports,fade,False,0,50,,,,,,,,,,,yetujey,FUT Esports,astra,False,0,50,,,,,,,,,,,KROSTALY,FUT Esports,kayo,True,81,12,0,1,0,1,False,phantom,rifle,,0.2911,0.4711,Chronicle,Team Vitality,chamber,True,100,25,0,7,0,7,True,phantom,rifle,,0.1422,0.7467,Derke,Team Vitality,neon,True,100,50,1,1,1,6,False,operator,sniper,,0.3133,0.7689,Jamppi,Team Vitality,kayo,True,100,25,0,2,0,0,False,phantom,rifle,,0.1011,0.6167,Sayonara,Team Vitality,sova,True,78,6,0,2,1,3,False,phantom,rifle,,0.1322,0.6133,PROFEK,Team Vitality,astra,True,100,25,0,0,0,7,True,phantom,rifle,,0.3333,0.3233
2610.675,5177,ACTIVE_ROUND,17,10,8,,11.128,,s0pp,FUT Esports,chamber,True,100,50,0,8,1,7,True,operator,sniper,,0.2456,0.5222,xeus,FUT Esports,jett,False,,50,,,,,,,,,,,sociablEE,FUT Esports,fade,False,0,50,,,,,,,,,,,yetujey,FUT Esports,astra,False,0,50,,,,,,,,,,,KROSTALY,FUT Esports,kayo,True,81,12,0,1,0,1,False,phantom,rifle,,0.2911,0.4800,Chronicle,Team Vitality,chamber,True,100,25,0,7,0,7,True,phantom,rifle,,0.1422,0.7467,Derke,Team Vitality,neon,True,100,50,1,1,1,6,False,operator,sniper,,0.2400,0.7222,Jamppi,Team Vitality,kayo,True,100,25,0,2,0,0,False,phantom,rifle,,0.1011,0.6144,Sayonara,Team Vitality,sova,True,78,6,0,2,1,3,False,phantom,rifle,,0.1344,0.6000,PROFEK,Team Vitality,astra,True,100,25,0,0,0,7,True,phantom,rifle,,0.3333,0.3233
2611.159,5178,ACTIVE_ROUND,17,10,8,,11.612,,s0pp,FUT Esports,chamber,True,100,50,0,8,1,7,True,operator,sniper,,0.2100,0.3133,xeus,FUT Esports,jett,False,,50,,,,,,,,,,,sociablEE,FUT Esports,fade,False,0,50,,,,,,,,,,,yetujey,FUT Esports,astra,False,0,50,,,,,,,,,,,KROSTALY,FUT Esports,kayo,True,81,12,0,1,0,1,False,phantom,rifle,,0.2889,0.4822,Chronicle,Team Vitality,chamber,True,100,25,0,7,0,7,True,phantom,rifle,,0.1422,0.7467,Derke,Team Vitality,neon,True,100,50,1,1,1,6,False,operator,sniper,,0.2400,0.7222,Jamppi,Team Vitality,kayo,True,100,25,0,2,0,0,False,phantom,rifle,,0.1011,0.6144,Sayonara,Team Vitality,sova,True,78,6,0,2,1,3,False,phantom,rifle,,0.3344,0.4089,PROFEK,Team Vitality,astra,True,100,25,0,0,0,7,True,phantom,rifle,,0.3333,0.3233
2611.642,5179,ACTIVE_ROUND,17,10,8,,12.095,,s0pp,FUT Esports,chamber,True,100,50,0,8,1,7,True,operator,sniper,,0.2633,0.7622,xeus,FUT Esports,jett,False,,50,,,,,,,,,,,sociablEE,FUT Esports,fade,False,0,50,,,,,,,,,,,yetujey,FUT Esports,astra,False,0,50,,,,,,,,,,,KROSTALY,FUT Esports,kayo,True,81,12,0,1,0,1,False,phantom,rifle,,0.2889,0.4844,Chronicle,Team Vitality,chamber,True,100,25,0,7,0,7,True,phantom,rifle,,0.1422,0.7467,Derke,Team Vitality,neon,True,100,50,1,1,1,6,False,operator,sniper,,0.2400,0.7222,Jamppi,Team Vitality,kayo,True,100,25,0,2,0,0,False,phantom,rifle,,0.1522,0.6589,Sayonara,Team Vitality,sova,True,78,6,0,2,1,3,False,phantom,rifle,,0.3344,0.4089,PROFEK,Team Vitality,astra,True,100,25,0,0,0,7,True,phantom,rifle,,0.3333,0.3233
2612.126,5180,ACTIVE_ROUND,17,10,8,,12.579,,s0pp,FUT Esports,chamber,True,100,50,0,8,1,7,True,operator,sniper,,0.4522,0.9267,xeus,FUT Esports,jett,False,,50,,,,,,,,,,,sociablEE,FUT Esports,fade,False,0,50,,,,,,,,,,,yetujey,FUT Esports,astra,False,0,50,,,,,,,,,,,KROSTALY,FUT Esports,kayo,True,81,12,0,0,0,1,False,phantom,rifle,,0.2867,0.4844,Chronicle,Team Vitality,chamber,True,100,25,0,7,0,7,True,phantom,rifle,,0.1422,0.7467,Derke,Team Vitality,neon,True,100,50,1,1,1,6,False,operator,sniper,,0.1711,0.6822,Jamppi,Team Vitality,kayo,True,100,25,0,2,0,0,False,phantom,rifle,,0.2678,0.4189,Sayonara,Team Vitality,sova,True,78,6,0,2,1,3,False,phantom,rifle,,0.3344,0.4089,PROFEK,Team Vitality,astra,True,100,25,1,0,0,7,True,phantom,rifle,,0.3178,0.4478
2612.610,5181,ACTIVE_ROUND,17,10,8,,13.063,,s0pp,FUT Esports,chamber,True,100,50,0,8,1,7,True,operator,sniper,,0.2456,0.5289,xeus,FUT Esports,jett,False,,50,,,,,,,,,,,sociablEE,FUT Esports,fade,False,0,50,,,,,,,,,,,yetujey,FUT Esports,astra,False,0,50,,,,,,,,,,,KROSTALY,FUT Esports,kayo,True,81,12,0,0,0,1,False,phantom,rifle,,0.2867,0.4844,Chronicle,Team Vitality,chamber,True,100,25,0,7,0,7,True,phantom,rifle,,0.1400,0.6067,Derke,Team Vitality,neon,True,100,50,1,1,1,6,False,operator,sniper,,0.1511,0.6644,Jamppi,Team Vitality,kayo,True,100,25,0,2,0,0,False,phantom,rifle,,0.2678,0.4189,Sayonara,Team Vitality,sova,True,78,8,0,2,1,3,False,phantom,rifle,,0.1744,0.5956,PROFEK,Team Vitality,astra,True,100,25,1,0,0,7,True,phantom,rifle,,0.3178,0.4478
2613.094,5182,ACTIVE_ROUND,17,10,8,,13.547,,s0pp,FUT Esports,chamber,True,100,50,0,8,1,7,True,operator,sniper,,0.2456,0.5311,xeus,FUT Esports,jett,False,,50,,,,,,,,,,,sociablEE,FUT Esports,fade,False,0,50,,,,,,,,,,,yetujey,FUT Esports,astra,False,0,50,,,,,,,,,,,KROSTALY,FUT Esports,kayo,True,81,12,0,0,0,1,False,phantom,rifle,,0.2844,0.4889,Chronicle,Team Vitality,chamber,True,100,25,0,7,0,7,True,phantom,rifle,,0.1467,0.6022,Derke,Team Vitality,neon,True,100,50,1,1,1,6,False,operator,sniper,,0.1444,0.6467,Jamppi,Team Vitality,kayo,True,100,25,0,2,0,0,False,phantom,rifle,,0.2678,0.4189,Sayonara,Team Vitality,sova,True,78,8,0,2,1,3,False,phantom,rifle,,0.3344,0.4089,PROFEK,Team Vitality,astra,True,100,25,1,0,0,7,True,phantom,rifle,,0.3178,0.4478
2613.578,5183,ACTIVE_ROUND,17,10,8,,14.031,,s0pp,FUT Esports,chamber,True,100,50,0,8,1,7,True,operator,sniper,,0.2633,0.7622,xeus,FUT Esports,jett,False,,50,,,,,,,,,,,sociablEE,FUT Esports,fade,False,0,50,,,,,,,,,,,yetujey,FUT Esports,astra,False,0,50,,,,,,,,,,,KROSTALY,FUT Esports,kayo,True,81,12,0,0,0,1,False,phantom,rifle,,0.2800,0.4956,Chronicle,Team Vitality,chamber,True,100,25,0,7,0,7,True,phantom,rifle,,0.1356,0.6044,Derke,Team Vitality,neon,True,100,50,1,1,1,6,False,operator,sniper,,0.1333,0.6444,Jamppi,Team Vitality,kayo,True,100,25,0,2,0,0,False,phantom,rifle,,0.1744,0.5167,Sayonara,Team Vitality,sova,True,78,8,0,2,1,3,False,phantom,rifle,,0.3344,0.4089,PROFEK,Team Vitality,astra,True,100,25,1,0,0,7,True,phantom,rifle,,0.3178,0.4478
2614.061,5184,ACTIVE_ROUND,17,10,8,,14.515,,s0pp,FUT Esports,chamber,True,100,50,0,8,1,7,True,operator,sniper,,0.5500,0.2578,xeus,FUT Esports,jett,False,,50,,,,,,,,,,,sociablEE,FUT Esports,fade,False,0,50,,,,,,,,,,,yetujey,FUT Esports,astra,False,0,50,,,,,,,,,,,KROSTALY,FUT Esports,kayo,True,81,12,0,0,1,1,False,phantom,rifle,,0.2800,0.4956,Chronicle,Team Vitality,chamber,True,100,25,0,7,0,7,True,phantom,rifle,,0.1311,0.6022,Derke,Team Vitality,neon,True,100,50,1,1,1,6,False,operator,sniper,,0.1333,0.6444,Jamppi,Team Vitality,kayo,True,100,25,0,2,0,0,False,phantom,rifle,,0.1722,0.5167,Sayonara,Team Vitality,sova,True,78,6,0,2,1,3,False,phantom,rifle,,0.3322,0.4067,PROFEK,Team Vitality,astra,True,100,25,0,0,0,7,True,phantom,rifle,,0.3178,0.4478
2614.545,5185,ACTIVE_ROUND,17,10,8,,14.998,,s0pp,FUT Esports,chamber,True,10,50,0,8,1,7,True,operator,sniper,,0.9389,0.5578,xeus,FUT Esports,jett,False,,50,,,,,,,,,,,sociablEE,FUT Esports,fade,False,0,50,,,,,,,,,,,yetujey,FUT Esports,astra,False,0,50,,,,,,,,,,,KROSTALY,FUT Esports,kayo,True,81,12,0,0,1,1,False,phantom,rifle,,0.2733,0.5000,Chronicle,Team Vitality,chamber,True,100,25,0,7,0,7,True,phantom,rifle,,0.1311,0.6022,Derke,Team Vitality,neon,True,100,50,1,1,1,6,False,operator,sniper,,0.1333,0.6444,Jamppi,Team Vitality,kayo,True,100,25,0,2,0,0,False,phantom,rifle,,0.0833,0.5744,Sayonara,Team Vitality,sova,True,78,6,0,2,1,3,False,phantom,rifle,,0.4500,0.2467,PROFEK,Team Vitality,astra,True,100,25,0,0,0,7,True,phantom,rifle,,0.3178,0.4478
2615.029,5186,ACTIVE_ROUND,17,10,8,,15.482,,s0pp,FUT Esports,chamber,True,10,50,0,8,1,7,True,operator,sniper,,0.9389,0.5578,xeus,FUT Esports,jett,False,,50,,,,,,,,,,,sociablEE,FUT Esports,fade,False,0,50,,,,,,,,,,,yetujey,FUT Esports,astra,False,0,50,,,,,,,,,,,KROSTALY,FUT Esports,kayo,True,81,12,0,0,1,1,False,phantom,rifle,,0.2711,0.5111,Chronicle,Team Vitality,chamber,True,100,25,0,7,0,7,True,phantom,rifle,,0.1311,0.6022,Derke,Team Vitality,neon,True,100,50,1,1,1,6,False,operator,sniper,,0.1333,0.6444,Jamppi,Team Vitality,kayo,True,100,25,0,2,0,0,False,phantom,rifle,,0.1700,0.5167,Sayonara,Team Vitality,sova,True,78,6,0,2,1,3,False,phantom,rifle,,0.2211,0.3022,PROFEK,Team Vitality,astra,True,100,25,0,0,0,7,True,phantom,rifle,,0.3178,0.4478
2615.513,5187,ACTIVE_ROUND,17,10,8,,15.966,,s0pp,FUT Esports,chamber,True,10,50,0,8,1,7,True,operator,sniper,,0.8722,0.4222,xeus,FUT Esports,jett,False,,50,,,,,,,,,,,sociablEE,FUT Esports,fade,False,0,50,,,,,,,,,,,yetujey,FUT Esports,astra,False,0,50,,,,,,,,,,,KROSTALY,FUT Esports,kayo,True,81,12,0,0,1,1,False,phantom,rifle,,0.2711,0.5178,Chronicle,Team Vitality,chamber,True,100,25,0,7,0,7,True,phantom,rifle,,0.1311,0.6022,Derke,Team Vitality,neon,True,100,50,1,1,1,6,False,operator,sniper,,0.1333,0.6444,Jamppi,Team Vitality,kayo,True,100,25,0,2,0,0,False,phantom,rifle,,0.1611,0.5078,Sayonara,Team Vitality,sova,True,78,6,0,2,1,3,False,phantom,rifle,,0.2211,0.3022,PROFEK,Team Vitality,astra,True,100,25,0,0,0,7,True,phantom,rifle,,0.3178,0.4478
2615.997,5188,ACTIVE_ROUND,17,10,8,,16.450,,s0pp,FUT Esports,chamber,True,10,50,0,7,0,7,True,operator,sniper,,0.8722,0.4222,xeus,FUT Esports,jett,False,,50,,,,,,,,,,,sociablEE,FUT Esports,fade,False,0,50,,,,,,,,,,,yetujey,FUT Esports,astra,False,0,50,,,,,,,,,,,KROSTALY,FUT Esports,kayo,True,81,12,0,0,1,1,False,phantom,rifle,,0.1556,0.5044,Chronicle,Team Vitality,chamber,True,100,25,0,7,1,7,True,phantom,rifle,,0.1311,0.6022,Derke,Team Vitality,neon,True,100,50,1,1,1,6,False,operator,sniper,,0.1333,0.6444,Jamppi,Team Vitality,kayo,True,100,25,0,2,0,0,False,phantom,rifle,,0.1544,0.5033,Sayonara,Team Vitality,sova,True,78,6,0,2,1,3,False,phantom,rifle,,0.4389,0.2444,PROFEK,Team Vitality,astra,True,100,25,1,0,0,7,True,phantom,rifle,,0.3178,0.4478
2616.481,5189,ACTIVE_ROUND,17,10,8,,16.934,,s0pp,FUT Esports,chamber,True,10,50,0,7,0,7,True,operator,sniper,,0.2056,0.3044,xeus,FUT Esports,jett,False,,50,,,,,,,,,,,sociablEE,FUT Esports,fade,False,0,50,,,,,,,,,,,yetujey,FUT Esports,astra,False,0,50,,,,,,,,,,,KROSTALY,FUT Esports,kayo,True,81,12,0,0,1,1,False,phantom,rifle,,0.2844,0.5311,Chronicle,Team Vitality,chamber,True,100,25,0,7,1,7,True,phantom,rifle,,0.1267,0.6022,Derke,Team Vitality,neon,True,100,50,1,1,1,6,False,operator,sniper,,0.1333,0.6444,Jamppi,Team Vitality,kayo,True,100,25,0,2,0,0,False,phantom,rifle,,0.1611,0.5078,Sayonara,Team Vitality,sova,True,78,6,0,2,1,3,False,phantom,rifle,,0.4367,0.2467,PROFEK,Team Vitality,astra,True,100,25,1,0,0,7,True,phantom,rifle,,0.3178,0.4478
2616.964,5190,ACTIVE_ROUND,17,10,8,,17.417,,s0pp,FUT Esports,chamber,True,10,50,0,7,0,7,True,operator,sniper,,0.6011,0.1422,xeus,FUT Esports,jett,False,,50,,,,,,,,,,,sociablEE,FUT Esports,fade,False,0,50,,,,,,,,,,,yetujey,FUT Esports,astra,False,0,50,,,,,,,,,,,KROSTALY,FUT Esports,kayo,True,81,12,0,0,1,1,False,phantom,rifle,,0.2956,0.5356,Chronicle,Team Vitality,chamber,True,100,25,0,7,1,7,True,phantom,rifle,,0.1267,0.6022,Derke,Team Vitality,neon,True,100,50,1,1,1,6,False,operator,sniper,,0.1467,0.6311,Jamppi,Team Vitality,kayo,True,100,25,0,2,0,0,False,phantom,rifle,,0.1611,0.5078,Sayonara,Team Vitality,sova,True,78,6,0,2,1,3,False,phantom,rifle,,0.4322,0.2533,PROFEK,Team Vitality,astra,True,100,25,1,0,0,7,True,phantom,rifle,,0.3178,0.4478
2617.448,5191,ACTIVE_ROUND,17,10,8,,17.901,,s0pp,FUT Esports,chamber,True,10,50,0,7,0,7,True,operator,sniper,,0.2633,0.7622,xeus,FUT Esports,jett,False,,50,,,,,,,,,,,sociablEE,FUT Esports,fade,False,0,50,,,,,,,,,,,yetujey,FUT Esports,astra,False,0,50,,,,,,,,,,,KROSTALY,FUT Esports,kayo,True,81,12,0,0,1,1,False,phantom,rifle,,0.3067,0.5378,Chronicle,Team Vitality,chamber,True,100,25,0,7,1,7,True,phantom,rifle,,0.1333,0.6000,Derke,Team Vitality,neon,True,100,50,1,1,1,6,False,operator,sniper,,0.1622,0.6200,Jamppi,Team Vitality,kayo,True,54,1,0,2,0,0,False,phantom,rifle,,0.1611,0.5078,Sayonara,Team Vitality,sova,True,78,8,0,2,1,3,False,phantom,rifle,,0.3278,0.4022,PROFEK,Team Vitality,astra,True,100,25,1,0,0,7,True,phantom,rifle,,0.3178,0.4478
2617.932,5192,ACTIVE_ROUND,17,10,8,,18.385,,s0pp,FUT Esports,chamber,False,,50,0,7,0,7,True,unknown,unknown,,0.2633,0.7622,xeus,FUT Esports,jett,False,,50,,,,,,,,,,,sociablEE,FUT Esports,fade,False,0,50,,,,,,,,,,,yetujey,FUT Esports,astra,False,0,50,,,,,,,,,,,KROSTALY,FUT Esports,kayo,True,81,12,0,0,1,1,False,phantom,rifle,,0.3156,0.5356,Chronicle,Team Vitality,chamber,True,100,25,0,7,1,7,True,phantom,rifle,,0.1244,0.5867,Derke,Team Vitality,neon,True,100,50,1,1,1,6,False,operator,sniper,,0.1667,0.6022,Jamppi,Team Vitality,kayo,True,54,1,0,2,0,0,False,phantom,rifle,,0.1722,0.5122,Sayonara,Team Vitality,sova,True,78,6,0,2,1,3,False,phantom,rifle,,0.3278,0.4022,PROFEK,Team Vitality,astra,True,100,25,1,0,0,7,True,phantom,rifle,,0.3178,0.4478
2618.416,5193,ACTIVE_ROUND,17,10,8,,18.869,,s0pp,FUT Esports,chamber,False,,50,0,7,0,7,True,unknown,unknown,,,,xeus,FUT Esports,jett,False,,50,,,,,,,,,,,sociablEE,FUT Esports,fade,False,0,50,,,,,,,,,,,yetujey,FUT Esports,astra,False,0,50,,,,,,,,,,,KROSTALY,FUT Esports,kayo,True,81,12,0,0,1,1,False,phantom,rifle,,0.3111,0.5244,Chronicle,Team Vitality,chamber,True,100,25,0,7,1,7,True,phantom,rifle,,0.1133,0.5756,Derke,Team Vitality,neon,True,100,50,1,1,1,6,False,operator,sniper,,0.1689,0.5711,Jamppi,Team Vitality,kayo,True,75,1,0,2,0,0,False,phantom,rifle,,0.3233,0.4300,Sayonara,Team Vitality,sova,True,78,6,0,2,1,3,False,phantom,rifle,,0.3211,0.3933,PROFEK,Team Vitality,astra,True,100,25,1,0,0,7,True,phantom,rifle,,0.3178,0.4478
2618.900,5194,ACTIVE_ROUND,17,10,8,,19.353,,s0pp,FUT Esports,chamber,False,,50,0,7,0,7,True,unknown,unknown,,,,xeus,FUT Esports,jett,False,,50,,,,,,,,,,,sociablEE,FUT Esports,fade,False,0,50,,,,,,,,,,,yetujey,FUT Esports,astra,False,0,50,,,,,,,,,,,KROSTALY,FUT Esports,kayo,True,81,12,0,0,1,1,False,phantom,rifle,,0.3022,0.5089,Chronicle,Team Vitality,chamber,True,100,25,0,7,1,7,True,phantom,rifle,,0.1022,0.5689,Derke,Team Vitality,neon,True,100,50,1,1,1,6,False,operator,sniper,,0.1578,0.5444,Jamppi,Team Vitality,kayo,True,75,1,0,2,0,0,False,phantom,rifle,,0.1011,0.5344,Sayonara,Team Vitality,sova,True,78,8,0,2,1,3,False,phantom,rifle,,0.1767,0.4711,PROFEK,Team Vitality,astra,True,100,25,1,0,0,7,True,phantom,rifle,,0.3267,0.4189
2619.383,5195,ACTIVE_ROUND,17,10,8,,19.836,,s0pp,FUT Esports,chamber,False,,50,0,7,0,7,True,unknown,unknown,,,,xeus,FUT Esports,jett,False,,50,,,,,,,,,,,sociablEE,FUT Esports,fade,False,0,50,,,,,,,,,,,yetujey,FUT Esports,astra,False,0,50,,,,,,,,,,,KROSTALY,FUT Esports,kayo,True,81,12,0,0,1,1,False,phantom,rifle,,0.2933,0.4956,Chronicle,Team Vitality,chamber,True,100,25,0,7,1,7,True,phantom,rifle,,0.1022,0.5689,Derke,Team Vitality,neon,True,100,50,1,1,1,6,False,operator,sniper,,0.1578,0.5444,Jamppi,Team Vitality,kayo,True,95,1,0,2,0,0,False,phantom,rifle,,0.1344,0.4833,Sayonara,Team Vitality,sova,True,78,8,0,2,1,3,False,phantom,rifle,,0.1833,0.4644,PROFEK,Team Vitality,astra,True,100,25,1,0,0,7,True,phantom,rifle,,0.3267,0.4189
2619.867,5196,ACTIVE_ROUND,17,10,8,,20.320,,s0pp,FUT Esports,chamber,False,,50,0,7,0,7,True,unknown,unknown,,,,xeus,FUT Esports,jett,False,,50,,,,,,,,,,,sociablEE,FUT Esports,fade,False,0,50,,,,,,,,,,,yetujey,FUT Esports,astra,False,0,50,,,,,,,,,,,KROSTALY,FUT Esports,kayo,True,81,12,0,0,1,1,False,phantom,rifle,,0.2889,0.4867,Chronicle,Team Vitality,chamber,True,100,25,0,7,1,7,True,phantom,rifle,,0.1022,0.5689,Derke,Team Vitality,neon,True,100,50,1,1,1,6,False,operator,sniper,,0.1756,0.5400,Jamppi,Team Vitality,kayo,True,95,1,0,2,0,0,False,phantom,rifle,,0.1278,0.4767,Sayonara,Team Vitality,sova,False,,8,0,2,1,3,False,phantom,rifle,,0.1833,0.4644,PROFEK,Team Vitality,astra,True,100,25,1,0,0,7,True,phantom,rifle,,0.3222,0.3944
2620.351,5197,ACTIVE_ROUND,17,10,8,,20.804,,s0pp,FUT Esports,chamber,False,,50,0,7,0,7,True,unknown,unknown,,,,xeus,FUT Esports,jett,False,,50,,,,,,,,,,,sociablEE,FUT Esports,fade,False,0,50,,,,,,,,,,,yetujey,FUT Esports,astra,False,0,50,,,,,,,,,,,KROSTALY,FUT Esports,kayo,True,81,12,0,0,1,1,False,phantom,rifle,,0.2778,0.7533,Chronicle,Team Vitality,chamber,True,100,25,0,7,1,7,True,phantom,rifle,,0.1022,0.5689,Derke,Team Vitality,neon,True,100,50,1,1,1,6,False,operator,sniper,,0.1644,0.5400,Jamppi,Team Vitality,kayo,True,100,13,0,2,0,0,False,phantom,rifle,,0.1344,0.4678,Sayonara,Team Vitality,sova,False,,8,0,2,1,3,False,phantom,rifle,,,,PROFEK,Team Vitality,astra,True,100,25,1,0,0,7,True,phantom,rifle,,0.3222,0.3944
2620.835,5198,ACTIVE_ROUND,17,10,8,,21.288,,s0pp,FUT Esports,chamber,False,,50,0,7,0,7,True,unknown,unknown,,,,xeus,FUT Esports,jett,False,,50,,,,,,,,,,,sociablEE,FUT Esports,fade,False,0,50,,,,,,,,,,,yetujey,FUT Esports,astra,False,0,50,,,,,,,,,,,KROSTALY,FUT Esports,kayo,True,81,12,0,0,1,1,False,phantom,rifle,,0.3378,0.3978,Chronicle,Team Vitality,chamber,True,100,25,0,7,1,7,True,phantom,rifle,,0.1022,0.5689,Derke,Team Vitality,neon,True,100,50,1,1,1,6,False,operator,sniper,,0.1644,0.5400,Jamppi,Team Vitality,kayo,True,100,13,0,2,0,0,False,phantom,rifle,,0.6011,0.6700,Sayonara,Team Vitality,sova,False,,8,0,2,1,3,False,phantom,rifle,,,,PROFEK,Team Vitality,astra,True,100,25,1,0,0,7,True,phantom,rifle,,0.3222,0.3944
2621.319,5199,ACTIVE_ROUND,17,10,8,,21.772,,s0pp,FUT Esports,chamber,False,,50,0,7,0,7,True,unknown,unknown,,,,xeus,FUT Esports,jett,False,,50,,,,,,,,,,,sociablEE,FUT Esports,fade,False,0,50,,,,,,,,,,,yetujey,FUT Esports,astra,False,0,50,,,,,,,,,,,KROSTALY,FUT Esports,kayo,False,,12,0,0,1,1,False,phantom,rifle,,0.2778,0.7533,Chronicle,Team Vitality,chamber,True,100,25,0,7,1,7,True,phantom,rifle,,0.1022,0.5689,Derke,Team Vitality,neon,True,100,50,1,1,1,6,False,operator,sniper,,0.1644,0.5400,Jamppi,Team Vitality,kayo,True,100,24,0,2,0,0,False,phantom,rifle,,0.6567,0.4100,Sayonara,Team Vitality,sova,False,,8,0,2,1,3,False,phantom,rifle,,,,PROFEK,Team Vitality,astra,True,100,25,1,0,0,7,True,phantom,rifle,,0.3222,0.3944
2621.803,5200,ACTIVE_ROUND,17,10,8,,22.256,,s0pp,FUT Esports,chamber,False,,50,0,7,0,7,True,unknown,unknown,,,,xeus,FUT Esports,jett,False,,50,,,,,,,,,,,sociablEE,FUT Esports,fade,False,0,50,,,,,,,,,,,yetujey,FUT Esports,astra,False,0,50,,,,,,,,,,,KROSTALY,FUT Esports,kayo,False,,12,0,0,1,1,False,phantom,rifle,,,,Chronicle,Team Vitality,chamber,True,100,25,0,7,1,7,True,phantom,rifle,,0.1022,0.5689,Derke,Team Vitality,neon,True,100,50,1,1,1,6,False,operator,sniper,,0.1644,0.5400,Jamppi,Team Vitality,kayo,True,100,24,0,1,0,0,False,phantom,rifle,,0.1011,0.4700,Sayonara,Team Vitality,sova,False,,8,0,2,1,3,False,phantom,rifle,,,,PROFEK,Team Vitality,astra,True,100,25,1,0,0,7,True,phantom,rifle,,0.3222,0.3944
2622.286,5201,ACTIVE_ROUND,17,10,8,,22.739,,s0pp,FUT Esports,chamber,False,,50,0,7,0,7,True,unknown,unknown,,,,xeus,FUT Esports,jett,False,,50,,,,,,,,,,,sociablEE,FUT Esports,fade,False,0,50,,,,,,,,,,,yetujey,FUT Esports,astra,False,0,50,,,,,,,,,,,KROSTALY,FUT Esports,kayo,False,,12,0,0,1,1,False,phantom,rifle,,,,Chronicle,Team Vitality,chamber,True,100,25,0,7,1,7,True,phantom,rifle,,0.1022,0.5689,Derke,Team Vitality,neon,True,100,50,1,1,1,6,False,operator,sniper,,0.1578,0.4400,Jamppi,Team Vitality,kayo,True,100,25,0,1,0,0,False,phantom,rifle,,0.1011,0.4367,Sayonara,Team Vitality,sova,False,,8,0,2,1,3,False,phantom,rifle,,,,PROFEK,Team Vitality,astra,True,100,25,1,0,0,7,True,phantom,rifle,,0.3222,0.3944
2622.770,5202,ACTIVE_ROUND,17,10,8,,23.223,,s0pp,FUT Esports,chamber,False,,50,0,7,0,7,True,unknown,unknown,,,,xeus,FUT Esports,jett,False,,50,,,,,,,,,,,sociablEE,FUT Esports,fade,False,0,50,,,,,,,,,,,yetujey,FUT Esports,astra,False,0,50,,,,,,,,,,,KROSTALY,FUT Esports,kayo,False,,12,0,0,1,1,False,phantom,rifle,,,,Chronicle,Team Vitality,chamber,True,100,25,0,7,1,7,True,phantom,rifle,,0.1022,0.5689,Derke,Team Vitality,neon,True,100,50,1,1,1,6,False,operator,sniper,,0.1556,0.4267,Jamppi,Team Vitality,kayo,True,100,25,0,1,0,0,False,phantom,rifle,,0.1011,0.4278,Sayonara,Team Vitality,sova,False,,8,0,2,1,3,False,phantom,rifle,,,,PROFEK,Team Vitality,astra,True,100,25,1,0,0,7,True,phantom,rifle,,0.3222,0.3944
2623.254,5203,ACTIVE_ROUND,17,10,8,,23.707,,s0pp,FUT Esports,chamber,False,,50,0,7,0,7,True,unknown,unknown,,,,xeus,FUT Esports,jett,False,,50,,,,,,,,,,,sociablEE,FUT Esports,fade,False,0,50,,,,,,,,,,,yetujey,FUT Esports,astra,False,0,50,,,,,,,,,,,KROSTALY,FUT Esports,kayo,False,,12,0,0,1,1,False,phantom,rifle,,,,Chronicle,Team Vitality,chamber,True,100,25,0,7,1,7,True,phantom,rifle,,0.1022,0.5689,Derke,Team Vitality,neon,True,100,50,1,1,1,6,False,operator,sniper,,0.1533,0.4178,Jamppi,Team Vitality,kayo,True,100,25,0,1,0,0,False,phantom,rifle,,0.1767,0.4411,Sayonara,Team Vitality,sova,False,,8,0,2,1,3,False,phantom,rifle,,,,PROFEK,Team Vitality,astra,True,100,25,1,0,0,7,True,phantom,rifle,,0.3244,0.4344
2623.738,5204,ACTIVE_ROUND,17,10,8,,24.191,,s0pp,FUT Esports,chamber,False,,50,0,7,0,7,True,unknown,unknown,,,,xeus,FUT Esports,jett,False,,50,,,,,,,,,,,sociablEE,FUT Esports,fade,False,0,50,,,,,,,,,,,yetujey,FUT Esports,astra,False,0,50,,,,,,,,,,,KROSTALY,FUT Esports,kayo,False,,12,0,0,1,1,False,phantom,rifle,,,,Chronicle,Team Vitality,chamber,True,100,25,0,7,1,7,True,phantom,rifle,,0.1267,0.4644,Derke,Team Vitality,neon,True,100,50,1,1,0,6,False,operator,sniper,,0.1533,0.4178,Jamppi,Team Vitality,kayo,True,100,25,0,1,0,0,False,phantom,rifle,,0.1900,0.4544,Sayonara,Team Vitality,sova,False,,8,0,2,1,3,False,phantom,rifle,,,,PROFEK,Team Vitality,astra,True,100,25,0,0,0,7,True,phantom,rifle,,0.3267,0.4167
2624.222,5205,ACTIVE_ROUND,17,10,8,,24.675,,s0pp,FUT Esports,chamber,False,,50,0,7,0,7,True,unknown,unknown,,,,xeus,FUT Esports,jett,False,,50,,,,,,,,,,,sociablEE,FUT Esports,fade,False,0,50,,,,,,,,,,,yetujey,FUT Esports,astra,False,0,50,,,,,,,,,,,KROSTALY,FUT Esports,kayo,False,,12,0,0,1,1,False,phantom,rifle,,,,Chronicle,Team Vitality,chamber,True,100,25,0,7,1,7,True,phantom,rifle,,0.1333,0.4578,Derke,Team Vitality,neon,True,100,50,1,1,0,6,False,operator,sniper,,0.1533,0.4178,Jamppi,Team Vitality,kayo,True,86,25,0,1,0,0,False,phantom,rifle,,0.1900,0.4544,Sayonara,Team Vitality,sova,False,,8,0,2,1,3,False,phantom,rifle,,,,PROFEK,Team Vitality,astra,True,100,25,0,0,0,7,True,phantom,rifle,,0.3267,0.4167
2624.705,5206,ACTIVE_ROUND,17,10,8,,25.158,,s0pp,FUT Esports,chamber,False,,50,0,7,0,7,True,unknown,unknown,,,,xeus,FUT Esports,jett,False,,50,,,,,,,,,,,sociablEE,FUT Esports,fade,False,0,50,,,,,,,,,,,yetujey,FUT Esports,astra,False,0,50,,,,,,,,,,,KROSTALY,FUT Esports,kayo,False,,12,0,0,1,1,False,phantom,rifle,,,,Chronicle,Team Vitality,chamber,True,100,25,0,7,1,7,True,phantom,rifle,,0.1444,0.4533,Derke,Team Vitality,neon,True,100,50,1,1,0,6,False,operator,sniper,,0.1689,0.3800,Jamppi,Team Vitality,kayo,True,86,25,0,1,0,0,False,phantom,rifle,,0.1967,0.4522,Sayonara,Team Vitality,sova,False,,8,0,2,1,3,False,phantom,rifle,,,,PROFEK,Team Vitality,astra,True,100,25,0,0,0,7,True,phantom,rifle,,0.3000,0.3989
2625.189,5207,ACTIVE_ROUND,17,10,8,,25.642,,s0pp,FUT Esports,chamber,False,,50,0,7,0,7,True,unknown,unknown,,,,xeus,FUT Esports,jett,False,,50,,,,,,,,,,,sociablEE,FUT Esports,fade,False,0,50,,,,,,,,,,,yetujey,FUT Esports,astra,False,0,50,,,,,,,,,,,KROSTALY,FUT Esports,kayo,False,,12,0,0,1,1,False,phantom,rifle,,,,Chronicle,Team Vitality,chamber,True,100,25,0,7,1,7,True,phantom,rifle,,0.1644,0.4400,Derke,Team Vitality,neon,True,100,50,1,1,0,6,False,operator,sniper,,0.1978,0.3956,Jamppi,Team Vitality,kayo,True,86,25,0,1,0,0,False,phantom,rifle,,0.2189,0.4433,Sayonara,Team Vitality,sova,False,,8,0,2,1,3,False,phantom,rifle,,,,PROFEK,Team Vitality,astra,True,100,25,0,0,0,7,True,phantom,rifle,,0.2800,0.4078
2625.673,5208,ACTIVE_ROUND,17,10,8,,26.126,,s0pp,FUT Esports,chamber,False,,50,0,7,0,7,True,unknown,unknown,,,,xeus,FUT Esports,jett,False,,50,,,,,,,,,,,sociablEE,FUT Esports,fade,False,,50,,,,,,,,,,,yetujey,FUT Esports,astra,False,0,50,,,,,,,,,,,KROSTALY,FUT Esports,kayo,False,,12,0,0,1,1,False,phantom,rifle,,,,Chronicle,Team Vitality,chamber,True,100,25,0,7,1,7,True,phantom,rifle,,0.1822,0.4267,Derke,Team Vitality,neon,True,100,50,1,1,0,6,False,operator,sniper,,0.2267,0.3978,Jamppi,Team Vitality,kayo,True,86,25,0,1,0,1,False,phantom,rifle,,0.2389,0.4344,Sayonara,Team Vitality,sova,False,,8,0,2,1,3,False,phantom,rifle,,,,PROFEK,Team Vitality,astra,True,100,25,0,0,0,7,True,classic,sidearm,,0.2800,0.4078
2626.157,5209,ACTIVE_ROUND,17,10,8,,26.610,,s0pp,FUT Esports,chamber,False,,50,0,7,0,7,True,unknown,unknown,,,,xeus,FUT Esports,jett,False,,50,,,,,,,,,,,sociablEE,FUT Esports,fade,False,,50,,,,,,,,,,,yetujey,FUT Esports,astra,False,0,50,,,,,,,,,,,KROSTALY,FUT Esports,kayo,False,,12,0,0,1,1,False,phantom,rifle,,,,Chronicle,Team Vitality,chamber,True,100,25,0,7,1,7,True,phantom,rifle,,0.1956,0.4156,Derke,Team Vitality,neon,True,100,50,1,1,0,6,False,operator,sniper,,0.2400,0.3956,Jamppi,Team Vitality,kayo,True,86,25,0,1,0,1,False,phantom,rifle,,0.2544,0.4233,Sayonara,Team Vitality,sova,False,,8,0,2,1,3,False,phantom,rifle,,,,PROFEK,Team Vitality,astra,True,100,25,0,0,0,7,True,classic,sidearm,,0.2800,0.4078
2626.641,5210,ACTIVE_ROUND,17,10,8,,27.094,,s0pp,FUT Esports,chamber,False,,50,0,7,0,7,True,unknown,unknown,,,,xeus,FUT Esports,jett,False,,50,,,,,,,,,,,sociablEE,FUT Esports,fade,False,,50,,,,,,,,,,,yetujey,FUT Esports,astra,False,0,50,,,,,,,,,,,KROSTALY,FUT Esports,kayo,False,,12,0,0,1,1,False,phantom,rifle,,,,Chronicle,Team Vitality,chamber,True,100,25,0,7,1,7,True,phantom,rifle,,0.1978,0.4133,Derke,Team Vitality,neon,True,100,50,1,1,0,6,False,operator,sniper,,0.2400,0.3956,Jamppi,Team Vitality,kayo,True,86,25,0,1,0,1,False,phantom,rifle,,0.1789,0.3722,Sayonara,Team Vitality,sova,False,,8,0,2,1,3,False,phantom,rifle,,,,PROFEK,Team Vitality,astra,True,100,25,0,0,0,7,True,classic,sidearm,,0.2333,0.4389
2627.124,5211,ACTIVE_ROUND,17,10,8,,27.578,,s0pp,FUT Esports,chamber,False,,50,0,7,0,7,True,unknown,unknown,,,,xeus,FUT Esports,jett,False,,50,,,,,,,,,,,sociablEE,FUT Esports,fade,False,,50,,,,,,,,,,,yetujey,FUT Esports,astra,False,0,50,,,,,,,,,,,KROSTALY,FUT Esports,kayo,False,,12,0,0,1,1,False,phantom,rifle,,,,Chronicle,Team Vitality,chamber,True,100,25,0,7,1,7,True,phantom,rifle,,0.1978,0.4133,Derke,Team Vitality,neon,True,100,50,1,1,0,6,False,operator,sniper,,0.2400,0.3956,Jamppi,Team Vitality,kayo,True,86,25,0,1,0,1,False,phantom,rifle,,0.2944,0.4056,Sayonara,Team Vitality,sova,False,,8,0,2,1,3,False,phantom,rifle,,,,PROFEK,Team Vitality,astra,True,100,25,0,0,0,7,True,classic,sidearm,,0.2200,0.4433
2627.608,5212,ACTIVE_ROUND,17,10,8,,28.061,,s0pp,FUT Esports,chamber,False,,50,0,7,0,7,True,unknown,unknown,,,,xeus,FUT Esports,jett,False,,50,,,,,,,,,,,sociablEE,FUT Esports,fade,False,,50,,,,,,,,,,,yetujey,FUT Esports,astra,False,0,50,,,,,,,,,,,KROSTALY,FUT Esports,kayo,False,,12,0,0,1,1,False,phantom,rifle,,,,Chronicle,Team Vitality,chamber,True,100,25,0,7,1,7,True,phantom,rifle,,0.1978,0.4133,Derke,Team Vitality,neon,True,100,50,1,1,0,6,False,operator,sniper,,0.2400,0.3956,Jamppi,Team Vitality,kayo,True,86,25,0,1,0,1,False,phantom,rifle,,0.2944,0.4056,Sayonara,Team Vitality,sova,False,,8,0,2,1,3,False,phantom,rifle,,,,PROFEK,Team Vitality,astra,True,100,25,0,0,0,7,True,phantom,rifle,,0.2022,0.4522
2628.092,5213,ACTIVE_ROUND,17,10,8,,28.545,,s0pp,FUT Esports,chamber,False,,50,0,7,0,7,True,unknown,unknown,,,,xeus,FUT Esports,jett,False,,50,,,,,,,,,,,sociablEE,FUT Esports,fade,False,,50,,,,,,,,,,,yetujey,FUT Esports,astra,False,0,50,,,,,,,,,,,KROSTALY,FUT Esports,kayo,False,,12,0,0,1,1,False,phantom,rifle,,,,Chronicle,Team Vitality,chamber,True,100,25,0,7,1,7,True,phantom,rifle,,0.2089,0.4044,Derke,Team Vitality,neon,True,100,50,1,1,0,6,False,operator,sniper,,0.2400,0.3956,Jamppi,Team Vitality,kayo,True,86,25,0,1,0,1,False,phantom,rifle,,0.2944,0.4056,Sayonara,Team Vitality,sova,False,,8,0,2,1,3,False,phantom,rifle,,,,PROFEK,Team Vitality,astra,True,100,25,0,0,0,7,True,phantom,rifle,,0.1800,0.4589
2653.251,5265,PREROUND,18,10,8,,,,s0pp,FUT Esports,chamber,True,,,0,8,1,7,True,,,,,,xeus,FUT Esports,jett,True,,,2,1,1,7,True,,,,,,sociablEE,FUT Esports,fade,True,,,2,1,1,7,False,,,,,,yetujey,FUT Esports,astra,True,,,1,3,1,1,False,,,,,,KROSTALY,FUT Esports,kayo,True,,,1,2,1,2,False,,,,,,Chronicle,Team Vitality,chamber,True,,,0,8,1,0,False,,,,,,Derke,Team Vitality,neon,True,,,1,1,1,7,False,,,,,,Jamppi,Team Vitality,kayo,True,,,1,2,1,1,False,,,,,,Sayonara,Team Vitality,sova,True,,,1,2,1,4,False,,,,,,PROFEK,Team Vitality,astra,True,,,1,2,1,7,True,,,,,
2653.734,5266,PREROUND,18,10,9,,,,s0pp,FUT Esports,chamber,True,,,0,8,1,7,True,,,,,,xeus,FUT Esports,jett,True,,,2,1,1,7,True,,,,,,sociablEE,FUT Esports,fade,True,,,2,1,1,7,False,,,,,,yetujey,FUT Esports,astra,True,,,1,3,1,1,False,,,,,,KROSTALY,FUT Esports,kayo,True,,,1,2,1,2,False,,,,,,Chronicle,Team Vitality,chamber,True,,,0,8,1,0,False,,,,,,Derke,Team Vitality,neon,True,,,1,1,1,7,False,,,,,,Jamppi,Team Vitality,kayo,True,,,1,2,1,1,False,,,,,,Sayonara,Team Vitality,sova,True,,,1,2,1,4,False,,,,,,PROFEK,Team Vitality,astra,True,,,2,2,1,7,True,,,,,
2654.218,5267,PREROUND,18,10,9,,,,s0pp,FUT Esports,chamber,True,,,0,8,1,7,True,,,,,,xeus,FUT Esports,jett,True,,,2,1,1,7,True,,,,,,sociablEE,FUT Esports,fade,True,,,2,1,1,7,False,,,,,,yetujey,FUT Esports,astra,True,,,1,3,1,1,False,,,,,,KROSTALY,FUT Esports,kayo,True,,,1,2,1,2,False,,,,,,Chronicle,Team Vitality,chamber,True,,,0,8,1,0,False,,,,,,Derke,Team Vitality,neon,True,,,1,1,1,7,False,,,,,,Jamppi,Team Vitality,kayo,True,,,1,2,1,1,False,,,,,,Sayonara,Team Vitality,sova,True,,,1,2,1,4,False,,,,,,PROFEK,Team Vitality,astra,True,,,2,2,2,7,True,,,,,
2654.702,5268,PREROUND,18,10,9,,,,s0pp,FUT Esports,chamber,True,,,0,8,1,7,True,,,,,,xeus,FUT Esports,jett,True,,,2,1,1,7,True,,,,,,sociablEE,FUT Esports,fade,True,,,2,1,1,7,False,,,,,,yetujey,FUT Esports,astra,True,,,1,3,1,1,False,,,,,,KROSTALY,FUT Esports,kayo,True,,,1,2,1,2,False,,,,,,Chronicle,Team Vitality,chamber,True,,,0,8,1,0,False,,,,,,Derke,Team Vitality,neon,True,,,1,1,1,7,False,,,,,,Jamppi,Team Vitality,kayo,True,,,1,2,1,1,False,,,,,,Sayonara,Team Vitality,sova,True,,,1,2,1,4,False,,,,,,PROFEK,Team Vitality,astra,True,,,2,2,2,7,True,,,,,
2655.186,5269,PREROUND,18,10,9,,,,s0pp,FUT Esports,chamber,True,,,0,8,1,7,True,,,,,,xeus,FUT Esports,jett,True,,,2,1,1,7,True,,,,,,sociablEE,FUT Esports,fade,True,,,2,1,1,7,False,,,,,,yetujey,FUT Esports,astra,True,,,1,3,1,1,False,,,,,,KROSTALY,FUT Esports,kayo,True,,,1,2,1,2,False,,,,,,Chronicle,Team Vitality,chamber,True,,,0,8,1,0,False,,,,,,Derke,Team Vitality,neon,True,,,1,1,1,7,False,,,,,,Jamppi,Team Vitality,kayo,True,,,1,2,1,1,False,,,,,,Sayonara,Team Vitality,sova,True,,,1,2,1,4,False,,,,,,PROFEK,Team Vitality,astra,True,,,2,2,2,7,True,,,,,
2655.670,5270,PREROUND,18,10,9,,,,s0pp,FUT Esports,chamber,True,,,0,8,1,7,True,,,,,,xeus,FUT Esports,jett,True,,,2,1,1,7,True,,,,,,sociablEE,FUT Esports,fade,True,,,2,1,1,7,False,,,,,,yetujey,FUT Esports,astra,True,,,1,3,1,1,False,,,,,,KROSTALY,FUT Esports,kayo,True,,,1,2,1,2,False,,,,,,Chronicle,Team Vitality,chamber,True,,,0,8,1,0,False,,,,,,Derke,Team Vitality,neon,True,,,1,1,1,7,False,,,,,,Jamppi,Team Vitality,kayo,True,,,1,2,1,1,False,,,,,,Sayonara,Team Vitality,sova,True,,,1,2,1,4,False,,,,,,PROFEK,Team Vitality,astra,True,,,2,2,2,7,True,,,,,
2656.153,5271,PREROUND,18,10,9,,,,s0pp,FUT Esports,chamber,True,,,0,8,1,7,True,,,,,,xeus,FUT Esports,jett,True,,,2,1,1,7,True,,,,,,sociablEE,FUT Esports,fade,True,,,2,1,1,7,False,,,,,,yetujey,FUT Esports,astra,True,,,1,3,1,1,False,,,,,,KROSTALY,FUT Esports,kayo,True,,,1,2,1,2,False,,,,,,Chronicle,Team Vitality,chamber,True,,,0,8,1,0,False,,,,,,Derke,Team Vitality,neon,True,,,1,1,1,7,False,,,,,,Jamppi,Team Vitality,kayo,True,,,1,2,1,1,False,,,,,,Sayonara,Team Vitality,sova,True,,,1,2,1,4,False,,,,,,PROFEK,Team Vitality,astra,True,,,2,2,1,7,True,,,,,
2656.637,5272,PREROUND,18,10,9,,,,s0pp,FUT Esports,chamber,True,,,0,8,1,7,True,,,,,,xeus,FUT Esports,jett,True,,,2,1,1,7,True,,,,,,sociablEE,FUT Esports,fade,True,,,2,1,1,7,False,,,,,,yetujey,FUT Esports,astra,True,,,1,3,1,1,False,,,,,,KROSTALY,FUT Esports,kayo,True,,,1,2,1,2,False,,,,,,Chronicle,Team Vitality,chamber,True,,,0,8,1,0,False,,,,,,Derke,Team Vitality,neon,True,,,1,1,1,7,False,,,,,,Jamppi,Team Vitality,kayo,True,,,1,2,1,1,False,,,,,,Sayonara,Team Vitality,sova,True,,,1,2,1,4,False,,,,,,PROFEK,Team Vitality,astra,True,,,2,2,1,7,True,,,,,
2657.121,5273,PREROUND,18,10,9,,,,s0pp,FUT Esports,chamber,True,,,0,8,1,7,True,,,,,,xeus,FUT Esports,jett,True,,,2,1,1,7,True,,,,,,sociablEE,FUT Esports,fade,True,,,2,1,1,7,False,,,,,,yetujey,FUT Esports,astra,True,,,1,3,1,1,False,,,,,,KROSTALY,FUT Esports,kayo,True,,,1,2,1,2,False,,,,,,Chronicle,Team Vitality,chamber,True,,,0,8,1,0,False,,,,,,Derke,Team Vitality,neon,True,,,1,1,1,7,False,,,,,,Jamppi,Team Vitality,kayo,True,,,1,2,1,1,False,,,,,,Sayonara,Team Vitality,sova,True,,,1,2,1,4,False,,,,,,PROFEK,Team Vitality,astra,True,,,2,2,1,7,True,,,,,
2657.605,5274,PREROUND,18,10,9,,,,s0pp,FUT Esports,chamber,True,,,0,8,1,7,True,,,,,,xeus,FUT Esports,jett,True,,,2,1,1,7,True,,,,,,sociablEE,FUT Esports,fade,True,,,2,1,1,7,False,,,,,,yetujey,FUT Esports,astra,True,,,1,3,1,1,False,,,,,,KROSTALY,FUT Esports,kayo,True,,,1,2,1,2,False,,,,,,Chronicle,Team Vitality,chamber,True,,,0,8,1,0,False,,,,,,Derke,Team Vitality,neon,True,,,1,1,1,7,False,,,,,,Jamppi,Team Vitality,kayo,True,,,1,2,1,1,False,,,,,,Sayonara,Team Vitality,sova,True,,,1,2,1,4,False,,,,,,PROFEK,Team Vitality,astra,True,,,1,2,1,7,True,,,,,
2658.089,5275,PREROUND,18,10,9,,,,s0pp,FUT Esports,chamber,True,,,0,8,1,7,True,,,,,,xeus,FUT Esports,jett,True,,,2,1,1,7,True,,,,,,sociablEE,FUT Esports,fade,True,,,2,1,1,7,False,,,,,,yetujey,FUT Esports,astra,True,,,1,3,1,1,False,,,,,,KROSTALY,FUT Esports,kayo,True,,,1,2,1,2,False,,,,,,Chronicle,Team Vitality,chamber,True,,,0,8,1,0,False,,,,,,Derke,Team Vitality,neon,True,,,1,1,1,7,False,,,,,,Jamppi,Team Vitality,kayo,True,,,1,2,1,1,False,,,,,,Sayonara,Team Vitality,sova,True,,,1,2,1,4,False,,,,,,PROFEK,Team Vitality,astra,True,,,1,2,1,7,True,,,,,
2658.573,5276,PREROUND,18,10,9,,,,s0pp,FUT Esports,chamber,True,,,0,8,1,7,True,,,,,,xeus,FUT Esports,jett,True,,,2,1,1,7,True,,,,,,sociablEE,FUT Esports,fade,True,,,2,1,1,7,False,,,,,,yetujey,FUT Esports,astra,True,,,1,3,1,1,False,,,,,,KROSTALY,FUT Esports,kayo,True,,,1,2,1,2,False,,,,,,Chronicle,Team Vitality,chamber,True,,,0,8,1,0,False,,,,,,Derke,Team Vitality,neon,True,,,1,1,1,7,False,,,,,,Jamppi,Team Vitality,kayo,True,,,1,2,1,1,False,,,,,,Sayonara,Team Vitality,sova,True,,,1,2,1,4,False,,,,,,PROFEK,Team Vitality,astra,True,,,1,2,2,7,True,,,,,
2659.056,5277,PREROUND,18,10,9,,,,s0pp,FUT Esports,chamber,True,,,0,8,1,7,True,,,,,,xeus,FUT Esports,jett,True,,,2,1,1,7,True,,,,,,sociablEE,FUT Esports,fade,True,,,2,1,1,7,False,,,,,,yetujey,FUT Esports,astra,True,,,1,3,1,1,False,,,,,,KROSTALY,FUT Esports,kayo,True,,,1,2,1,2,False,,,,,,Chronicle,Team Vitality,chamber,True,,,0,8,1,0,False,,,,,,Derke,Team Vitality,neon,True,,,1,1,1,7,False,,,,,,Jamppi,Team Vitality,kayo,True,,,1,2,1,1,False,,,,,,Sayonara,Team Vitality,sova,True,,,1,2,1,4,False,,,,,,PROFEK,Team Vitality,astra,True,,,1,2,2,7,True,,,,,
2659.540,5278,PREROUND,18,10,9,,,,s0pp,FUT Esports,chamber,True,,,0,8,1,7,True,,,,,,xeus,FUT Esports,jett,True,,,2,1,1,7,True,,,,,,sociablEE,FUT Esports,fade,True,,,2,1,1,7,False,,,,,,yetujey,FUT Esports,astra,True,,,1,3,1,1,False,,,,,,KROSTALY,FUT Esports,kayo,True,,,1,2,1,2,False,,,,,,Chronicle,Team Vitality,chamber,True,,,0,8,1,0,False,,,,,,Derke,Team Vitality,neon,True,,,1,1,1,7,False,,,,,,Jamppi,Team Vitality,kayo,True,,,1,2,1,1,False,,,,,,Sayonara,Team Vitality,sova,True,,,1,2,1,4,False,,,,,,PROFEK,Team Vitality,astra,True,,,1,2,2,7,True,,,,,
2660.024,5279,PREROUND,18,10,9,,,,s0pp,FUT Esports,chamber,True,,,0,8,1,7,True,,,,,,xeus,FUT Esports,jett,True,,,2,1,1,7,True,,,,,,sociablEE,FUT Esports,fade,True,,,2,1,1,7,False,,,,,,yetujey,FUT Esports,astra,True,,,1,3,1,1,False,,,,,,KROSTALY,FUT Esports,kayo,True,,,1,2,1,2,False,,,,,,Chronicle,Team Vitality,chamber,True,,,0,8,1,0,False,,,,,,Derke,Team Vitality,neon,True,,,1,1,1,7,False,,,,,,Jamppi,Team Vitality,kayo,True,,,1,2,1,1,False,,,,,,Sayonara,Team Vitality,sova,True,,,1,2,1,4,False,,,,,,PROFEK,Team Vitality,astra,True,,,1,2,2,7,True,,,,,
2660.508,5280,PREROUND,18,10,9,,,,s0pp,FUT Esports,chamber,True,,,0,8,1,7,True,,,,,,xeus,FUT Esports,jett,True,,,2,1,1,7,True,,,,,,sociablEE,FUT Esports,fade,True,,,2,1,1,7,False,,,,,,yetujey,FUT Esports,astra,True,,,1,3,1,1,False,,,,,,KROSTALY,FUT Esports,kayo,True,,,1,2,1,2,False,,,,,,Chronicle,Team Vitality,chamber,True,,,0,8,1,0,False,,,,,,Derke,Team Vitality,neon,True,,,1,1,1,7,False,,,,,,Jamppi,Team Vitality,kayo,True,,,1,2,1,1,False,,,,,,Sayonara,Team Vitality,sova,True,,,1,2,1,4,False,,,,,,PROFEK,Team Vitality,astra,True,,,1,2,2,7,True,,,,,
2660.992,5281,PREROUND,18,10,9,,,,s0pp,FUT Esports,chamber,True,,,0,8,1,7,True,,,,,,xeus,FUT Esports,jett,True,,,2,1,1,7,True,,,,,,sociablEE,FUT Esports,fade,True,,,2,1,1,7,False,,,,,,yetujey,FUT Esports,astra,True,,,1,3,1,1,False,,,,,,KROSTALY,FUT Esports,kayo,True,,,1,2,1,2,False,,,,,,Chronicle,Team Vitality,chamber,True,,,0,8,1,0,False,,,,,,Derke,Team Vitality,neon,True,,,1,1,1,7,False,,,,,,Jamppi,Team Vitality,kayo,True,,,1,2,1,1,False,,,,,,Sayonara,Team Vitality,sova,True,,,1,2,1,4,False,,,,,,PROFEK,Team Vitality,astra,True,,,1,2,1,7,True,,,,,
2661.475,5282,PREROUND,18,10,9,,,,s0pp,FUT Esports,chamber,True,,,0,8,1,7,True,,,,,,xeus,FUT Esports,jett,True,,,2,1,1,7,True,,,,,,sociablEE,FUT Esports,fade,True,,,2,1,1,7,False,,,,,,yetujey,FUT Esports,astra,True,,,1,3,1,1,False,,,,,,KROSTALY,FUT Esports,kayo,True,,,1,2,1,2,False,,,,,,Chronicle,Team Vitality,chamber,True,,,0,8,1,0,False,,,,,,Derke,Team Vitality,neon,True,,,1,1,1,7,False,,,,,,Jamppi,Team Vitality,kayo,True,,,1,2,1,1,False,,,,,,Sayonara,Team Vitality,sova,True,,,1,2,1,4,False,,,,,,PROFEK,Team Vitality,astra,True,,,1,2,1,7,True,,,,,
2661.959,5283,PREROUND,18,10,9,,,,s0pp,FUT Esports,chamber,True,,,0,8,1,7,True,,,,,,xeus,FUT Esports,jett,True,,,2,1,1,7,True,,,,,,sociablEE,FUT Esports,fade,True,,,2,1,1,7,False,,,,,,yetujey,FUT Esports,astra,True,,,1,3,1,1,False,,,,,,KROSTALY,FUT Esports,kayo,True,,,1,2,1,2,False,,,,,,Chronicle,Team Vitality,chamber,True,,,0,8,1,0,False,,,,,,Derke,Team Vitality,neon,True,,,1,1,1,7,False,,,,,,Jamppi,Team Vitality,kayo,True,,,1,2,1,1,False,,,,,,Sayonara,Team Vitality,sova,True,,,1,2,1,4,False,,,,,,PROFEK,Team Vitality,astra,True,,,2,2,1,7,True,,,,,
2662.443,5284,PREROUND,18,10,9,,,,s0pp,FUT Esports,chamber,True,,,0,8,1,7,True,,,,,,xeus,FUT Esports,jett,True,,,2,1,1,7,True,,,,,,sociablEE,FUT Esports,fade,True,,,2,1,1,7,False,,,,,,yetujey,FUT Esports,astra,True,,,1,3,1,1,False,,,,,,KROSTALY,FUT Esports,kayo,True,,,1,2,1,2,False,,,,,,Chronicle,Team Vitality,chamber,True,,,0,8,1,0,False,,,,,,Derke,Team Vitality,neon,True,,,1,1,1,7,False,,,,,,Jamppi,Team Vitality,kayo,True,,,1,2,1,1,False,,,,,,Sayonara,Team Vitality,sova,True,,,1,2,1,4,False,,,,,,PROFEK,Team Vitality,astra,True,,,2,2,1,7,True,,,,,
2662.927,5285,PREROUND,18,10,9,,,,s0pp,FUT Esports,chamber,True,,,0,8,1,7,True,,,,,,xeus,FUT Esports,jett,True,,,2,1,1,7,True,,,,,,sociablEE,FUT Esports,fade,True,,,2,1,1,7,False,,,,,,yetujey,FUT Esports,astra,True,,,1,3,1,1,False,,,,,,KROSTALY,FUT Esports,kayo,True,,,1,2,1,2,False,,,,,,Chronicle,Team Vitality,chamber,True,,,0,8,1,0,False,,,,,,Derke,Team Vitality,neon,True,,,1,1,1,7,False,,,,,,Jamppi,Team Vitality,kayo,True,,,1,2,1,1,False,,,,,,Sayonara,Team Vitality,sova,True,,,1,2,1,4,False,,,,,,PROFEK,Team Vitality,astra,True,,,2,2,1,7,True,,,,,
2663.411,5286,PREROUND,18,10,9,,,,s0pp,FUT Esports,chamber,True,,,0,8,1,7,True,,,,,,xeus,FUT Esports,jett,True,,,2,1,1,7,True,,,,,,sociablEE,FUT Esports,fade,True,,,2,1,1,7,False,,,,,,yetujey,FUT Esports,astra,True,,,1,3,1,1,False,,,,,,KROSTALY,FUT Esports,kayo,True,,,1,2,1,2,False,,,,,,Chronicle,Team Vitality,chamber,True,,,0,8,1,0,False,,,,,,Derke,Team Vitality,neon,True,,,1,1,1,7,False,,,,,,Jamppi,Team Vitality,kayo,True,,,1,2,1,1,False,,,,,,Sayonara,Team Vitality,sova,True,,,1,2,1,4,False,,,,,,PROFEK,Team Vitality,astra,True,,,2,2,1,7,True,,,,,
2663.895,5287,PREROUND,18,10,9,,,,s0pp,FUT Esports,chamber,True,,,0,8,1,7,True,,,,,,xeus,FUT Esports,jett,True,,,2,1,1,7,True,,,,,,sociablEE,FUT Esports,fade,True,,,2,1,1,7,False,,,,,,yetujey,FUT Esports,astra,True,,,1,3,1,1,False,,,,,,KROSTALY,FUT Esports,kayo,True,,,1,2,1,2,False,,,,,,Chronicle,Team Vitality,chamber,True,,,0,8,1,0,False,,,,,,Derke,Team Vitality,neon,True,,,1,1,1,7,False,,,,,,Jamppi,Team Vitality,kayo,True,,,1,2,1,1,False,,,,,,Sayonara,Team Vitality,sova,True,,,1,2,1,4,False,,,,,,PROFEK,Team Vitality,astra,True,,,2,2,1,7,True,,,,,
2664.378,5288,PREROUND,18,10,9,,,,s0pp,FUT Esports,chamber,True,,,0,8,1,7,True,,,,,,xeus,FUT Esports,jett,True,,,2,1,1,7,True,,,,,,sociablEE,FUT Esports,fade,True,,,2,1,1,7,False,,,,,,yetujey,FUT Esports,astra,True,,,1,3,1,1,False,,,,,,KROSTALY,FUT Esports,kayo,True,,,1,2,1,2,False,,,,,,Chronicle,Team Vitality,chamber,True,,,0,8,1,0,False,,,,,,Derke,Team Vitality,neon,True,,,1,1,1,7,False,,,,,,Jamppi,Team Vitality,kayo,True,,,1,2,1,1,False,,,,,,Sayonara,Team Vitality,sova,True,,,1,2,1,4,False,,,,,,PROFEK,Team Vitality,astra,True,,,2,2,1,7,True,,,,,
2664.862,5289,PREROUND,18,10,9,,,,s0pp,FUT Esports,chamber,True,,,0,8,1,7,True,,,,,,xeus,FUT Esports,jett,True,,,2,1,1,7,True,,,,,,sociablEE,FUT Esports,fade,True,,,2,1,1,7,False,,,,,,yetujey,FUT Esports,astra,True,,,1,3,1,1,False,,,,,,KROSTALY,FUT Esports,kayo,True,,,1,2,1,2,False,,,,,,Chronicle,Team Vitality,chamber,True,,,0,8,1,0,False,,,,,,Derke,Team Vitality,neon,True,,,1,1,1,7,False,,,,,,Jamppi,Team Vitality,kayo,True,,,1,2,1,1,False,,,,,,Sayonara,Team Vitality,sova,True,,,1,2,1,4,False,,,,,,PROFEK,Team Vitality,astra,True,,,2,2,1,7,True,,,,,
2665.346,5290,PREROUND,18,10,9,,,,s0pp,FUT Esports,chamber,True,,,0,8,1,7,True,,,,,,xeus,FUT Esports,jett,True,,,2,1,1,7,True,,,,,,sociablEE,FUT Esports,fade,True,,,2,1,1,7,False,,,,,,yetujey,FUT Esports,astra,True,,,1,3,1,1,False,,,,,,KROSTALY,FUT Esports,kayo,True,,,1,2,1,2,False,,,,,,Chronicle,Team Vitality,chamber,True,,,0,8,1,0,False,,,,,,Derke,Team Vitality,neon,True,,,1,1,1,7,False,,,,,,Jamppi,Team Vitality,kayo,True,,,1,2,1,1,False,,,,,,Sayonara,Team Vitality,sova,True,,,1,2,1,4,False,,,,,,PROFEK,Team Vitality,astra,True,,,2,2,1,7,True,,,,,
2665.830,5291,PREROUND,18,10,9,,,,s0pp,FUT Esports,chamber,True,,,0,8,1,7,True,,,,,,xeus,FUT Esports,jett,True,,,2,1,1,7,True,,,,,,sociablEE,FUT Esports,fade,True,,,2,1,1,7,False,,,,,,yetujey,FUT Esports,astra,True,,,1,3,2,1,False,,,,,,KROSTALY,FUT Esports,kayo,True,,,1,2,1,2,False,,,,,,Chronicle,Team Vitality,chamber,True,,,0,8,1,0,False,,,,,,Derke,Team Vitality,neon,True,,,1,1,1,7,False,,,,,,Jamppi,Team Vitality,kayo,True,,,1,2,1,1,False,,,,,,Sayonara,Team Vitality,sova,True,,,1,2,1,4,False,,,,,,PROFEK,Team Vitality,astra,True,,,1,2,1,7,True,,,,,
2666.314,5292,PREROUND,18,10,9,,,,s0pp,FUT Esports,chamber,True,,,0,8,1,7,True,,,,,,xeus,FUT Esports,jett,True,,,2,1,1,7,True,,,,,,sociablEE,FUT Esports,fade,True,,,2,1,1,7,False,,,,,,yetujey,FUT Esports,astra,True,,,1,3,2,1,False,,,,,,KROSTALY,FUT Esports,kayo,True,,,1,2,1,2,False,,,,,,Chronicle,Team Vitality,chamber,True,,,0,8,1,0,False,,,,,,Derke,Team Vitality,neon,True,,,1,1,1,7,False,,,,,,Jamppi,Team Vitality,kayo,True,,,1,2,1,1,False,,,,,,Sayonara,Team Vitality,sova,True,,,1,2,1,4,False,,,,,,PROFEK,Team Vitality,astra,True,,,1,2,1,7,True,,,,,
2666.797,5293,PREROUND,18,10,9,,,,s0pp,FUT Esports,chamber,True,,,0,8,1,7,True,,,,,,xeus,FUT Esports,jett,True,,,2,1,1,7,True,,,,,,sociablEE,FUT Esports,fade,True,,,2,1,1,7,False,,,,,,yetujey,FUT Esports,astra,True,,,1,3,2,1,False,,,,,,KROSTALY,FUT Esports,kayo,True,,,1,2,1,2,False,,,,,,Chronicle,Team Vitality,chamber,True,,,0,8,1,0,False,,,,,,Derke,Team Vitality,neon,True,,,1,1,1,7,False,,,,,,Jamppi,Team Vitality,kayo,True,,,1,2,1,1,False,,,,,,Sayonara,Team Vitality,sova,True,,,1,2,1,4,False,,,,,,PROFEK,Team Vitality,astra,True,,,1,2,1,7,True,,,,,
2667.281,5294,PREROUND,18,10,9,,,,s0pp,FUT Esports,chamber,True,,,0,8,1,7,True,,,,,,xeus,FUT Esports,jett,True,,,2,1,1,7,True,,,,,,sociablEE,FUT Esports,fade,True,,,2,1,1,7,False,,,,,,yetujey,FUT Esports,astra,True,,,1,3,2,1,False,,,,,,KROSTALY,FUT Esports,kayo,True,,,1,2,1,2,False,,,,,,Chronicle,Team Vitality,chamber,True,,,0,8,1,0,False,,,,,,Derke,Team Vitality,neon,True,,,1,1,1,7,False,,,,,,Jamppi,Team Vitality,kayo,True,,,1,2,1,1,False,,,,,,Sayonara,Team Vitality,sova,True,,,1,2,1,4,False,,,,,,PROFEK,Team Vitality,astra,True,,,1,2,1,7,True,,,,,
2667.765,5295,PREROUND,18,10,9,,,,s0pp,FUT Esports,chamber,True,,,0,8,1,7,True,,,,,,xeus,FUT Esports,jett,True,,,2,1,1,7,True,,,,,,sociablEE,FUT Esports,fade,True,,,2,1,1,7,False,,,,,,yetujey,FUT Esports,astra,True,,,1,3,2,1,False,,,,,,KROSTALY,FUT Esports,kayo,True,,,1,2,1,2,False,,,,,,Chronicle,Team Vitality,chamber,True,,,0,8,1,0,False,,,,,,Derke,Team Vitality,neon,True,,,1,1,1,7,False,,,,,,Jamppi,Team Vitality,kayo,True,,,1,2,1,1,False,,,,,,Sayonara,Team Vitality,sova,True,,,1,2,1,4,False,,,,,,PROFEK,Team Vitality,astra,True,,,1,2,1,7,True,,,,,
2668.249,5296,PREROUND,18,10,9,,,,s0pp,FUT Esports,chamber,True,,,0,8,1,7,True,,,,,,xeus,FUT Esports,jett,True,,,2,1,1,7,True,,,,,,sociablEE,FUT Esports,fade,True,,,2,1,1,7,False,,,,,,yetujey,FUT Esports,astra,True,,,1,3,2,1,False,,,,,,KROSTALY,FUT Esports,kayo,True,,,1,2,1,2,False,,,,,,Chronicle,Team Vitality,chamber,True,,,0,8,1,0,False,,,,,,Derke,Team Vitality,neon,True,,,1,1,1,7,False,,,,,,Jamppi,Team Vitality,kayo,True,,,1,2,1,1,False,,,,,,Sayonara,Team Vitality,sova,True,,,1,2,1,4,False,,,,,,PROFEK,Team Vitality,astra,True,,,1,2,1,7,True,,,,,
2668.733,5297,PREROUND,18,10,9,,,,s0pp,FUT Esports,chamber,True,,,0,8,1,7,True,,,,,,xeus,FUT Esports,jett,True,,,2,1,1,7,True,,,,,,sociablEE,FUT Esports,fade,True,,,2,1,1,7,False,,,,,,yetujey,FUT Esports,astra,True,,,1,3,2,1,False,,,,,,KROSTALY,FUT Esports,kayo,True,,,1,2,1,2,False,,,,,,Chronicle,Team Vitality,chamber,True,,,0,8,1,0,False,,,,,,Derke,Team Vitality,neon,True,,,1,1,1,7,False,,,,,,Jamppi,Team Vitality,kayo,True,,,1,2,1,1,False,,,,,,Sayonara,Team Vitality,sova,True,,,1,2,1,4,False,,,,,,PROFEK,Team Vitality,astra,True,,,1,2,1,7,True,,,,,
2669.217,5298,PREROUND,18,10,9,,,,s0pp,FUT Esports,chamber,True,,,0,8,1,7,True,,,,,,xeus,FUT Esports,jett,True,,,2,1,1,7,True,,,,,,sociablEE,FUT Esports,fade,True,,,2,1,1,7,False,,,,,,yetujey,FUT Esports,astra,True,,,1,3,2,1,False,,,,,,KROSTALY,FUT Esports,kayo,True,,,1,2,1,2,False,,,,,,Chronicle,Team Vitality,chamber,True,,,0,8,1,0,False,,,,,,Derke,Team Vitality,neon,True,,,1,1,1,7,False,,,,,,Jamppi,Team Vitality,kayo,True,,,1,2,1,1,False,,,,,,Sayonara,Team Vitality,sova,True,,,1,2,1,4,False,,,,,,PROFEK,Team Vitality,astra,True,,,1,2,1,7,True,,,,,
2669.700,5299,PREROUND,18,10,9,,,,s0pp,FUT Esports,chamber,True,,,0,8,1,7,True,,,,,,xeus,FUT Esports,jett,True,,,2,1,1,7,True,,,,,,sociablEE,FUT Esports,fade,True,,,2,1,1,7,False,,,,,,yetujey,FUT Esports,astra,True,,,1,3,1,1,False,,,,,,KROSTALY,FUT Esports,kayo,True,,,1,2,1,2,False,,,,,,Chronicle,Team Vitality,chamber,True,,,0,8,1,0,False,,,,,,Derke,Team Vitality,neon,True,,,1,1,1,7,False,,,,,,Jamppi,Team Vitality,kayo,True,,,1,2,1,1,False,,,,,,Sayonara,Team Vitality,sova,True,,,1,2,1,4,False,,,,,,PROFEK,Team Vitality,astra,True,,,1,2,2,7,True,,,,,
2670.184,5300,ACTIVE_ROUND,18,10,9,99.000,,,s0pp,FUT Esports,chamber,True,100,50,0,8,1,7,True,shorty,sidearm,,,,xeus,FUT Esports,jett,True,100,50,2,1,1,0,False,classic,sidearm,,0.1811,0.6633,sociablEE,FUT Esports,fade,True,100,50,2,1,1,5,False,odin,heavy,,0.6733,0.7333,yetujey,FUT Esports,astra,True,100,50,1,2,0,1,False,phantom,rifle,,,,KROSTALY,FUT Esports,kayo,True,100,50,1,2,1,3,False,vandal,rifle,,,,Chronicle,Team Vitality,chamber,True,10,50,0,8,1,0,False,operator,sniper,,,,Derke,Team Vitality,neon,True,10,50,1,1,1,4,False,operator,sniper,,0.8311,0.4356,Jamppi,Team Vitality,kayo,True,10,50,1,2,1,1,False,phantom,rifle,,0.1189,0.4767,Sayonara,Team Vitality,sova,True,10,50,1,2,1,1,False,phantom,rifle,,,,PROFEK,Team Vitality,astra,True,10,50,1,0,0,7,True,phantom,rifle,,,
2670.668,5301,ACTIVE_ROUND,18,10,9,99.000,,,s0pp,FUT Esports,chamber,True,100,50,0,8,1,7,True,shorty,sidearm,,,,xeus,FUT Esports,jett,True,100,50,2,1,1,0,False,classic,sidearm,,0.1811,0.6656,sociablEE,FUT Esports,fade,True,100,50,2,1,1,5,False,odin,heavy,,0.6578,0.7311,yetujey,FUT Esports,astra,True,100,50,1,2,0,1,False,phantom,rifle,,,,KROSTALY,FUT Esports,kayo,True,100,50,1,2,1,3,False,vandal,rifle,,,,Chronicle,Team Vitality,chamber,True,100,50,0,8,1,0,False,operator,sniper,,0.8444,0.3778,Derke,Team Vitality,neon,True,100,50,1,1,1,4,False,operator,sniper,,0.8311,0.4356,Jamppi,Team Vitality,kayo,True,100,50,1,2,1,1,False,phantom,rifle,,0.1278,0.4744,Sayonara,Team Vitality,sova,True,100,50,1,2,1,1,False,phantom,rifle,,0.6856,0.5111,PROFEK,Team Vitality,astra,True,100,50,1,0,0,7,True,phantom,rifle,,,
2671.152,5302,ACTIVE_ROUND,18,10,9,98.000,,,s0pp,FUT Esports,chamber,True,100,50,0,8,1,7,True,shorty,sidearm,,,,xeus,FUT Esports,jett,True,100,50,2,1,1,0,False,classic,sidearm,,0.1811,0.6656,sociablEE,FUT Esports,fade,True,100,50,2,1,1,5,False,odin,heavy,,0.6511,0.7333,yetujey,FUT Esports,astra,True,100,50,1,2,0,1,False,phantom,rifle,,,,KROSTALY,FUT Esports,kayo,True,100,50,1,2,1,3,False,vandal,rifle,,,,Chronicle,Team Vitality,chamber,True,100,50,0,8,1,0,False,operator,sniper,,0.6778,0.5200,Derke,Team Vitality,neon,True,100,50,1,1,1,4,False,operator,sniper,,0.8333,0.4489,Jamppi,Team Vitality,kayo,True,100,50,1,2,1,1,False,phantom,rifle,,0.1478,0.4700,Sayonara,Team Vitality,sova,True,100,50,1,2,1,1,False,phantom,rifle,,0.8389,0.3533,PROFEK,Team Vitality,astra,True,100,50,1,0,0,7,True,phantom,rifle,,,
2671.636,5303,ACTIVE_ROUND,18,10,9,98.000,,,s0pp,FUT Esports,chamber,True,100,50,0,8,1,7,True,shorty,sidearm,,,,xeus,FUT Esports,jett,True,100,50,2,1,1,0,False,classic,sidearm,,0.3611,0.7144,sociablEE,FUT Esports,fade,True,100,50,2,1,1,5,False,odin,heavy,,0.6511,0.7333,yetujey,FUT Esports,astra,True,100,50,1,2,0,1,False,phantom,rifle,,,,KROSTALY,FUT Esports,kayo,True,100,50,1,2,1,3,False,vandal,rifle,,,,Chronicle,Team Vitality,chamber,True,100,50,0,8,1,0,False,operator,sniper,,0.6689,0.5200,Derke,Team Vitality,neon,True,100,50,1,1,1,4,False,operator,sniper,,0.8356,0.4511,Jamppi,Team Vitality,kayo,True,100,50,1,2,1,1,False,phantom,rifle,,0.1633,0.4611,Sayonara,Team Vitality,sova,True,100,50,1,2,1,1,False,phantom,rifle,,0.8767,0.3867,PROFEK,Team Vitality,astra,True,100,50,1,0,0,7,True,phantom,rifle,,0.8400,0.4011
2672.119,5304,ACTIVE_ROUND,18,10,9,97.000,,,s0pp,FUT Esports,chamber,True,100,50,0,8,1,7,True,shorty,sidearm,,,,xeus,FUT Esports,jett,True,100,50,2,1,1,7,True,classic,sidearm,,0.3611,0.7144,sociablEE,FUT Esports,fade,True,100,50,2,1,1,7,False,odin,heavy,,0.6511,0.7333,yetujey,FUT Esports,astra,True,100,50,1,1,0,1,False,phantom,rifle,,,,KROSTALY,FUT Esports,kayo,True,100,50,1,2,1,2,False,vandal,rifle,,,,Chronicle,Team Vitality,chamber,True,100,50,0,8,1,0,False,operator,sniper,,0.6622,0.5178,Derke,Team Vitality,neon,True,100,50,1,1,1,7,False,operator,sniper,,0.8378,0.4556,Jamppi,Team Vitality,kayo,True,100,50,1,2,0,1,False,phantom,rifle,,0.1700,0.4567,Sayonara,Team Vitality,sova,True,100,50,1,2,1,4,False,phantom,rifle,,0.1744,0.4200,PROFEK,Team Vitality,astra,True,100,50,1,1,0,7,True,phantom,rifle,,0.8378,0.4122
2672.603,5305,ACTIVE_ROUND,18,10,9,97.000,,,s0pp,FUT Esports,chamber,True,100,50,0,8,1,7,True,shorty,sidearm,,,,xeus,FUT Esports,jett,True,100,50,2,1,1,7,True,classic,sidearm,,0.1811,0.6700,sociablEE,FUT Esports,fade,True,100,50,2,1,1,7,False,odin,heavy,,0.6511,0.7333,yetujey,FUT Esports,astra,True,100,50,1,1,0,1,False,phantom,rifle,,,,KROSTALY,FUT Esports,kayo,True,100,50,1,2,1,2,False,vandal,rifle,,,,Chronicle,Team Vitality,chamber,True,100,50,0,8,1,0,False,operator,sniper,,0.6622,0.5178,Derke,Team Vitality,neon,True,100,50,1,1,1,7,False,operator,sniper,,0.8378,0.4556,Jamppi,Team Vitality,kayo,True,100,50,1,2,0,1,False,phantom,rifle,,0.1722,0.4567,Sayonara,Team Vitality,sova,True,100,50,1,2,1,4,False,phantom,rifle,,0.1767,0.4200,PROFEK,Team Vitality,astra,True,100,50,1,1,0,7,True,phantom,rifle,,0.8333,0.4256
2673.087,5306,ACTIVE_ROUND,18,10,9,96.000,,,s0pp,FUT Esports,chamber,True,100,50,0,8,1,7,True,shorty,sidearm,,,,xeus,FUT Esports,jett,True,100,50,2,1,1,7,True,classic,sidearm,,0.1811,0.6700,sociablEE,FUT Esports,fade,True,100,50,2,1,1,7,False,odin,heavy,,0.6511,0.7333,yetujey,FUT Esports,astra,True,100,50,1,1,0,1,False,phantom,rifle,,,,KROSTALY,FUT Esports,kayo,True,100,50,1,2,1,2,False,vandal,rifle,,,,Chronicle,Team Vitality,chamber,True,100,50,0,8,1,0,False,operator,sniper,,0.6600,0.5178,Derke,Team Vitality,neon,True,100,50,1,1,1,7,False,operator,sniper,,0.8378,0.4556,Jamppi,Team Vitality,kayo,True,100,50,1,2,0,1,False,phantom,rifle,,0.1811,0.4567,Sayonara,Team Vitality,sova,True,100,50,1,2,1,4,False,phantom,rifle,,0.8856,0.4756,PROFEK,Team Vitality,astra,True,100,50,1,1,0,7,True,phantom,rifle,,0.8267,0.4300
2673.571,5307,ACTIVE_ROUND,18,10,9,96.000,,,s0pp,FUT Esports,chamber,True,100,50,0,8,1,7,True,shorty,sidearm,,,,xeus,FUT Esports,jett,True,100,50,2,1,1,7,True,classic,sidearm,,0.6300,0.6567,sociablEE,FUT Esports,fade,True,100,50,2,1,1,7,False,odin,heavy,,0.6467,0.7289,yetujey,FUT Esports,astra,True,100,50,1,1,0,1,False,phantom,rifle,,,,KROSTALY,FUT Esports,kayo,True,100,50,1,2,1,2,False,vandal,rifle,,0.7400,0.7156,Chronicle,Team Vitality,chamber,True,100,50,0,8,1,0,False,operator,sniper,,0.6622,0.5178,Derke,Team Vitality,neon,True,100,50,1,1,1,7,False,operator,sniper,,0.8378,0.4556,Jamppi,Team Vitality,kayo,True,100,50,1,2,0,1,False,phantom,rifle,,0.1856,0.4633,Sayonara,Team Vitality,sova,True,100,50,1,2,1,4,False,phantom,rifle,,0.8900,0.4844,PROFEK,Team Vitality,astra,True,100,50,1,1,0,7,True,phantom,rifle,,0.8222,0.4300
2674.055,5308,ACTIVE_ROUND,18,10,9,95.000,,,s0pp,FUT Esports,chamber,True,100,50,0,8,1,7,True,shorty,sidearm,,,,xeus,FUT Esports,jett,True,100,50,2,1,1,7,True,classic,sidearm,,0.6367,0.6456,sociablEE,FUT Esports,fade,True,100,50,2,1,1,7,False,odin,heavy,,0.6422,0.7111,yetujey,FUT Esports,astra,True,100,50,1,1,0,1,False,phantom,rifle,,,,KROSTALY,FUT Esports,kayo,True,100,50,1,2,0,2,False,vandal,rifle,,0.7444,0.7244,Chronicle,Team Vitality,chamber,True,100,50,0,8,1,0,False,operator,sniper,,0.6622,0.5178,Derke,Team Vitality,neon,True,100,50,1,1,1,7,False,operator,sniper,,0.8378,0.4556,Jamppi,Team Vitality,kayo,True,100,50,1,2,0,1,False,phantom,rifle,,0.8167,0.4100,Sayonara,Team Vitality,sova,True,100,50,1,2,1,4,False,phantom,rifle,,0.8944,0.4756,PROFEK,Team Vitality,astra,True,100,50,1,1,0,7,True,phantom,rifle,,0.8222,0.4300
2674.539,5309,ACTIVE_ROUND,18,10,9,95.000,,,s0pp,FUT Esports,chamber,True,100,50,0,8,1,7,True,shorty,sidearm,,,,xeus,FUT Esports,jett,True,100,50,2,1,1,7,True,classic,sidearm,,0.6389,0.6322,sociablEE,FUT Esports,fade,True,100,50,2,1,1,7,False,odin,heavy,,0.6422,0.7111,yetujey,FUT Esports,astra,True,100,50,1,1,0,1,False,phantom,rifle,,,,KROSTALY,FUT Esports,kayo,True,100,50,1,2,0,2,False,vandal,rifle,,0.7444,0.7244,Chronicle,Team Vitality,chamber,True,100,50,0,8,1,0,False,operator,sniper,,0.6622,0.5178,Derke,Team Vitality,neon,True,100,50,1,1,1,7,False,operator,sniper,,0.8378,0.4556,Jamppi,Team Vitality,kayo,True,100,50,1,2,0,1,False,phantom,rifle,,0.7611,0.3656,Sayonara,Team Vitality,sova,True,100,50,1,2,1,4,False,phantom,rifle,,0.8833,0.4756,PROFEK,Team Vitality,astra,True,100,50,1,1,0,7,True,phantom,rifle,,0.8222,0.4300
2675.022,5310,ACTIVE_ROUND,18,10,9,94.000,,,s0pp,FUT Esports,chamber,True,100,50,0,8,1,7,True,shorty,sidearm,,,,xeus,FUT Esports,jett,True,100,50,2,1,1,7,True,classic,sidearm,,0.6367,0.6189,sociablEE,FUT Esports,fade,True,100,50,2,1,1,7,False,odin,heavy,,0.6422,0.7111,yetujey,FUT Esports,astra,True,100,50,1,1,0,1,False,phantom,rifle,,,,KROSTALY,FUT Esports,kayo,True,100,50,1,2,0,2,False,vandal,rifle,,0.7467,0.7222,Chronicle,Team Vitality,chamber,True,100,50,0,8,1,0,False,operator,sniper,,0.6622,0.5178,Derke,Team Vitality,neon,True,100,50,1,1,1,7,False,operator,sniper,,0.8378,0.4556,Jamppi,Team Vitality,kayo,True,100,50,1,2,0,1,False,phantom,rifle,,0.1967,0.4589,Sayonara,Team Vitality,sova,True,100,50,1,2,1,4,False,phantom,rifle,,0.8856,0.4756,PROFEK,Team Vitality,astra,True,100,50,1,1,0,7,True,phantom,rifle,,0.8222,0.4300
2675.506,5311,ACTIVE_ROUND,18,10,9,94.000,,,s0pp,FUT Esports,chamber,True,100,50,0,8,1,7,True,shorty,sidearm,,,,xeus,FUT Esports,jett,True,100,50,2,1,1,7,True,classic,sidearm,,0.6300,0.6078,sociablEE,FUT Esports,fade,True,100,50,2,1,1,7,False,odin,heavy,,0.6422,0.7111,yetujey,FUT Esports,astra,True,100,50,1,1,0,1,False,phantom,rifle,,,,KROSTALY,FUT Esports,kayo,True,100,50,1,2,0,2,False,vandal,rifle,,0.7378,0.7378,Chronicle,Team Vitality,chamber,True,100,50,0,8,1,0,False,operator,sniper,,0.6622,0.5178,Derke,Team Vitality,neon,True,100,50,1,1,1,7,False,operator,sniper,,0.8378,0.4556,Jamppi,Team Vitality,kayo,True,100,50,1,2,0,1,False,phantom,rifle,,0.2078,0.4522,Sayonara,Team Vitality,sova,True,100,50,1,2,1,4,False,phantom,rifle,,0.2367,0.4467,PROFEK,Team Vitality,astra,True,100,50,1,1,0,7,True,phantom,rifle,,0.8222,0.4300
2675.990,5312,ACTIVE_ROUND,18,10,9,93.000,,,s0pp,FUT Esports,chamber,True,100,50,0,8,1,7,True,shorty,sidearm,,0.4522,0.9289,xeus,FUT Esports,jett,True,100,50,2,1,1,7,True,classic,sidearm,,0.6211,0.5967,sociablEE,FUT Esports,fade,True,100,50,2,1,1,7,False,odin,heavy,,0.6422,0.7111,yetujey,FUT Esports,astra,True,100,50,1,1,0,1,False,phantom,rifle,,,,KROSTALY,FUT Esports,kayo,True,100,50,1,2,0,2,False,vandal,rifle,,0.7378,0.7378,Chronicle,Team Vitality,chamber,True,100,50,0,8,1,0,False,operator,sniper,,0.6622,0.5178,Derke,Team Vitality,neon,True,100,50,1,1,1,7,False,operator,sniper,,0.8378,0.4556,Jamppi,Team Vitality,kayo,True,100,50,1,2,0,1,False,phantom,rifle,,0.2189,0.4433,Sayonara,Team Vitality,sova,True,100,50,1,2,1,4,False,phantom,rifle,,0.8633,0.4133,PROFEK,Team Vitality,astra,True,100,50,1,1,0,7,True,phantom,rifle,,0.8222,0.4300
2676.474,5313,ACTIVE_ROUND,18,10,9,93.000,,,s0pp,FUT Esports,chamber,True,100,50,0,8,1,7,True,shorty,sidearm,,0.7767,0.4356,xeus,FUT Esports,jett,True,100,50,2,1,1,7,True,classic,sidearm,,0.6189,0.5811,sociablEE,FUT Esports,fade,True,100,50,2,1,1,7,False,odin,heavy,,0.6422,0.7111,yetujey,FUT Esports,astra,True,100,50,1,1,0,1,False,phantom,rifle,,,,KROSTALY,FUT Esports,kayo,True,100,50,1,2,0,2,False,vandal,rifle,,0.7378,0.7378,Chronicle,Team Vitality,chamber,True,100,50,0,8,1,0,False,operator,sniper,,0.6622,0.5178,Derke,Team Vitality,neon,True,100,50,1,1,1,7,False,operator,sniper,,0.8378,0.4556,Jamppi,Team Vitality,kayo,True,100,50,1,2,0,1,False,phantom,rifle,,0.2278,0.4322,Sayonara,Team Vitality,sova,True,100,50,1,2,1,4,False,phantom,rifle,,0.8589,0.4044,PROFEK,Team Vitality,astra,True,100,50,1,1,0,7,True,phantom,rifle,,0.8222,0.4300
2676.958,5314,ACTIVE_ROUND,18,10,9,92.000,,,s0pp,FUT Esports,chamber,True,100,50,0,8,1,7,True,shorty,sidearm,,0.7767,0.4356,xeus,FUT Esports,jett,True,100,50,2,1,1,7,True,classic,sidearm,,0.6833,0.7300,sociablEE,FUT Esports,fade,True,100,50,2,1,1,7,False,odin,heavy,,0.6289,0.6422,yetujey,FUT Esports,astra,True,100,50,1,1,0,1,False,phantom,rifle,,,,KROSTALY,FUT Esports,kayo,True,100,50,1,2,0,2,False,vandal,rifle,,0.7378,0.7378,Chronicle,Team Vitality,chamber,True,100,50,0,8,1,0,False,operator,sniper,,0.6644,0.5178,Derke,Team Vitality,neon,True,100,50,1,1,1,7,False,operator,sniper,,0.8378,0.4556,Jamppi,Team Vitality,kayo,True,100,50,1,2,0,1,False,phantom,rifle,,0.2367,0.4211,Sayonara,Team Vitality,sova,True,100,50,1,2,1,4,False,phantom,rifle,,0.9100,0.4756,PROFEK,Team Vitality,astra,True,100,50,1,1,0,7,True,phantom,rifle,,0.8222,0.4300
2677.441,5315,ACTIVE_ROUND,18,10,9,92.000,,,s0pp,FUT Esports,chamber,True,100,50,0,8,1,7,True,shorty,sidearm,,0.7767,0.4356,xeus,FUT Esports,jett,True,100,50,2,1,1,7,True,classic,sidearm,,0.6833,0.7300,sociablEE,FUT Esports,fade,True,100,50,2,1,1,7,False,odin,heavy,,0.6311,0.6200,yetujey,FUT Esports,astra,True,100,50,1,1,0,1,False,phantom,rifle,,,,KROSTALY,FUT Esports,kayo,True,100,50,1,2,0,2,False,vandal,rifle,,0.7378,0.7378,Chronicle,Team Vitality,chamber,True,100,50,0,8,1,0,False,operator,sniper,,0.6622,0.5178,Derke,Team Vitality,neon,True,100,50,1,1,1,7,False,operator,sniper,,0.8378,0.4556,Jamppi,Team Vitality,kayo,True,100,50,1,2,0,1,False,phantom,rifle,,0.2433,0.4100,Sayonara,Team Vitality,sova,True,100,50,1,2,1,4,False,phantom,rifle,,0.8567,0.4089,PROFEK,Team Vitality,astra,True,100,50,1,1,0,7,True,phantom,rifle,,0.8222,0.4300
2677.925,5316,ACTIVE_ROUND,18,10,9,91.000,,,s0pp,FUT Esports,chamber,True,100,50,0,8,1,7,True,shorty,sidearm,,0.7767,0.4356,xeus,FUT Esports,jett,True,100,50,0,0,0,7,True,unknown,unknown,,0.5433,0.4900,sociablEE,FUT Esports,fade,True,100,50,2,1,1,7,False,odin,heavy,,0.6311,0.6200,yetujey,FUT Esports,astra,True,100,50,1,2,0,1,False,phantom,rifle,,,,KROSTALY,FUT Esports,kayo,True,100,50,1,2,0,2,False,vandal,rifle,,0.7378,0.7378,Chronicle,Team Vitality,chamber,True,100,50,0,8,1,0,False,operator,sniper,,0.6622,0.5178,Derke,Team Vitality,neon,True,100,50,1,1,1,7,False,operator,sniper,,0.8889,0.4800,Jamppi,Team Vitality,kayo,True,100,50,1,2,0,1,False,phantom,rifle,,0.2567,0.4056,Sayonara,Team Vitality,sova,True,100,50,1,2,1,4,False,classic,sidearm,,0.8522,0.4111,PROFEK,Team Vitality,astra,True,100,50,1,2,0,7,True,phantom,rifle,,0.8222,0.4300
2678.409,5317,ACTIVE_ROUND,18,10,9,91.000,,,s0pp,FUT Esports,chamber,True,100,50,0,8,1,7,True,shorty,sidearm,,0.7767,0.4356,xeus,FUT Esports,jett,False,,50,0,0,0,7,True,unknown,unknown,,0.2100,0.7544,sociablEE,FUT Esports,fade,True,100,50,2,1,1,7,False,odin,heavy,,0.6311,0.6200,yetujey,FUT Esports,astra,True,100,50,1,2,0,1,False,phantom,rifle,,,,KROSTALY,FUT Esports,kayo,True,100,50,1,2,0,2,False,vandal,rifle,,0.7378,0.7378,Chronicle,Team Vitality,chamber,True,100,50,0,8,1,0,False,operator,sniper,,0.6622,0.5178,Derke,Team Vitality,neon,True,100,50,1,1,1,7,False,operator,sniper,,0.8889,0.4800,Jamppi,Team Vitality,kayo,True,100,50,1,2,0,1,False,phantom,rifle,,0.2633,0.3989,Sayonara,Team Vitality,sova,True,100,50,1,2,1,4,False,classic,sidearm,,0.8478,0.4133,PROFEK,Team Vitality,astra,True,100,50,1,2,0,7,True,phantom,rifle,,0.8222,0.4300
2678.893,5318,ACTIVE_ROUND,18,10,9,90.000,,,s0pp,FUT Esports,chamber,True,100,50,0,8,1,7,True,shorty,sidearm,,0.3167,0.8044,xeus,FUT Esports,jett,False,,50,0,0,0,7,True,unknown,unknown,,,,sociablEE,FUT Esports,fade,True,100,50,2,1,1,7,False,odin,heavy,,0.6311,0.6200,yetujey,FUT Esports,astra,True,100,50,1,2,0,1,False,phantom,rifle,,,,KROSTALY,FUT Esports,kayo,True,100,50,1,2,0,2,False,vandal,rifle,,0.7378,0.7378,Chronicle,Team Vitality,chamber,True,100,50,0,8,1,0,False,operator,sniper,,0.6622,0.5178,Derke,Team Vitality,neon,True,100,50,1,1,1,7,False,operator,sniper,,0.8889,0.4800,Jamppi,Team Vitality,kayo,True,100,50,1,2,0,1,False,phantom,rifle,,0.2744,0.3878,Sayonara,Team Vitality,sova,True,100,50,1,2,1,4,False,classic,sidearm,,0.8856,0.4867,PROFEK,Team Vitality,astra,True,100,50,1,2,0,7,True,phantom,rifle,,0.8156,0.4256
2679.377,5319,ACTIVE_ROUND,18,10,9,90.000,,,s0pp,FUT Esports,chamber,True,100,50,0,8,1,7,True,shorty,sidearm,,0.6011,0.8489,xeus,FUT Esports,jett,False,,50,0,0,0,7,True,unknown,unknown,,,,sociablEE,FUT Esports,fade,True,100,50,2,1,1,7,False,odin,heavy,,0.6311,0.6200,yetujey,FUT Esports,astra,True,100,50,1,2,0,1,False,phantom,rifle,,,,KROSTALY,FUT Esports,kayo,True,100,50,1,2,0,2,False,vandal,rifle,,0.7378,0.7378,Chronicle,Team Vitality,chamber,True,100,50,0,8,1,0,False,operator,sniper,,0.6622,0.5178,Derke,Team Vitality,neon,True,100,50,1,1,1,7,False,operator,sniper,,0.8889,0.4800,Jamppi,Team Vitality,kayo,True,100,50,1,2,0,1,False,phantom,rifle,,0.2944,0.3744,Sayonara,Team Vitality,sova,True,100,50,1,2,1,4,False,classic,sidearm,,0.6878,0.4333,PROFEK,Team Vitality,astra,True,100,50,1,2,0,7,True,phantom,rifle,,0.8156,0.4256
2679.861,5320,ACTIVE_ROUND,18,10,9,89.000,,,s0pp,FUT Esports,chamber,True,100,50,0,8,1,7,True,shorty,sidearm,,0.1656,0.4178,xeus,FUT Esports,jett,False,,50,0,0,0,7,True,unknown,unknown,,,,sociablEE,FUT Esports,fade,True,100,50,1,1,1,7,False,odin,heavy,,0.6244,0.5578,yetujey,FUT Esports,astra,True,100,50,1,1,0,1,False,phantom,rifle,,0.7600,0.7256,KROSTALY,FUT Esports,kayo,True,100,50,1,2,0,2,False,vandal,rifle,,0.7378,0.7378,Chronicle,Team Vitality,chamber,True,100,50,0,8,0,1,False,operator,sniper,,0.6622,0.5178,Derke,Team Vitality,neon,True,100,50,1,1,1,7,False,operator,sniper,,0.8889,0.4800,Jamppi,Team Vitality,kayo,True,100,50,1,2,0,1,False,phantom,rifle,,0.2944,0.3522,Sayonara,Team Vitality,sova,True,100,50,1,2,1,4,False,phantom,rifle,,0.8611,0.4178,PROFEK,Team Vitality,astra,True,100,50,1,1,0,7,True,phantom,rifle,,0.8156,0.4167
2680.344,5321,ACTIVE_ROUND,18,10,9,89.000,,,s0pp,FUT Esports,chamber,True,100,50,0,8,1,7,True,shorty,sidearm,,0.6522,0.5489,xeus,FUT Esports,jett,False,,50,0,0,0,7,True,unknown,unknown,,,,sociablEE,FUT Esports,fade,True,100,50,1,1,1,7,False,odin,heavy,,0.6244,0.5489,yetujey,FUT Esports,astra,True,100,50,1,1,0,1,False,phantom,rifle,,0.7444,0.7433,KROSTALY,FUT Esports,kayo,True,100,50,1,2,0,2,False,vandal,rifle,,0.7378,0.7378,Chronicle,Team Vitality,chamber,True,100,50,0,8,0,1,False,operator,sniper,,0.6622,0.5178,Derke,Team Vitality,neon,True,100,50,1,1,1,7,False,operator,sniper,,0.8356,0.4533,Jamppi,Team Vitality,kayo,True,100,50,1,2,0,1,False,phantom,rifle,,0.2878,0.3344,Sayonara,Team Vitality,sova,True,100,50,1,2,1,4,False,phantom,rifle,,0.8611,0.4044,PROFEK,Team Vitality,astra,True,100,50,1,1,0,7,True,phantom,rifle,,0.8156,0.4167
2680.828,5322,ACTIVE_ROUND,18,10,9,88.000,,,s0pp,FUT Esports,chamber,True,100,50,0,8,1,7,True,shorty,sidearm,,0.5789,0.4467,xeus,FUT Esports,jett,False,,50,0,0,0,7,True,unknown,unknown,,,,sociablEE,FUT Esports,fade,True,100,50,1,1,1,7,False,odin,heavy,,0.6378,0.5378,yetujey,FUT Esports,astra,True,100,50,1,1,0,1,False,phantom,rifle,,0.7444,0.7433,KROSTALY,FUT Esports,kayo,True,100,50,1,2,0,2,False,vandal,rifle,,0.7378,0.7378,Chronicle,Team Vitality,chamber,True,100,50,0,8,0,1,False,operator,sniper,,0.6622,0.5178,Derke,Team Vitality,neon,True,100,50,1,1,1,7,False,operator,sniper,,0.8356,0.4533,Jamppi,Team Vitality,kayo,True,100,50,1,2,0,1,False,phantom,rifle,,0.2811,0.3233,Sayonara,Team Vitality,sova,True,100,50,1,2,1,4,False,phantom,rifle,,0.8744,0.3867,PROFEK,Team Vitality,astra,True,100,50,1,1,0,7,True,phantom,rifle,,0.8156,0.4167
2681.312,5323,ACTIVE_ROUND,18,10,9,88.000,,,s0pp,FUT Esports,chamber,True,100,50,0,8,1,7,True,shorty,sidearm,,0.5522,0.6711,xeus,FUT Esports,jett,False,,50,0,0,0,7,True,unknown,unknown,,,,sociablEE,FUT Esports,fade,True,100,50,1,1,1,7,False,odin,heavy,,0.6533,0.5378,yetujey,FUT Esports,astra,True,100,50,1,1,0,1,False,phantom,rifle,,0.7067,0.7633,KROSTALY,FUT Esports,kayo,True,100,50,1,2,0,2,False,vandal,rifle,,0.6267,0.6689,Chronicle,Team Vitality,chamber,True,100,50,0,8,0,1,False,operator,sniper,,0.6622,0.5178,Derke,Team Vitality,neon,True,100,50,1,1,1,7,False,operator,sniper,,0.8356,0.4533,Jamppi,Team Vitality,kayo,True,100,50,1,2,0,1,False,phantom,rifle,,0.2700,0.3144,Sayonara,Team Vitality,sova,True,100,50,1,2,1,4,False,phantom,rifle,,0.8100,0.3556,PROFEK,Team Vitality,astra,True,100,50,1,1,0,7,True,phantom,rifle,,0.8200,0.3811
2681.796,5324,ACTIVE_ROUND,18,10,9,87.000,,,s0pp,FUT Esports,chamber,True,100,50,0,8,1,7,True,shorty,sidearm,,0.7611,0.3778,xeus,FUT Esports,jett,False,,50,0,0,0,7,True,unknown,unknown,,,,sociablEE,FUT Esports,fade,True,100,50,1,1,1,7,False,odin,heavy,,0.6600,0.5333,yetujey,FUT Esports,astra,True,100,50,1,0,0,1,False,phantom,rifle,,0.7067,0.7633,KROSTALY,FUT Esports,kayo,True,100,50,1,2,0,2,False,vandal,rifle,,0.6267,0.6689,Chronicle,Team Vitality,chamber,True,100,50,0,8,0,1,False,operator,sniper,,0.6622,0.5178,Derke,Team Vitality,neon,True,100,50,1,1,1,7,False,operator,sniper,,0.8356,0.4533,Jamppi,Team Vitality,kayo,True,100,50,1,2,0,1,False,phantom,rifle,,0.2567,0.3122,Sayonara,Team Vitality,sova,True,100,50,1,2,1,4,False,phantom,rifle,,0.8633,0.3644,PROFEK,Team Vitality,astra,True,100,50,1,1,0,7,True,phantom,rifle,,0.8156,0.3611
2682.280,5325,ACTIVE_ROUND,18,10,9,87.000,,,s0pp,FUT Esports,chamber,True,100,50,0,8,1,7,True,shorty,sidearm,,0.5433,0.5889,xeus,FUT Esports,jett,False,,50,0,0,0,7,True,unknown,unknown,,,,sociablEE,FUT Esports,fade,True,100,50,1,1,1,7,False,odin,heavy,,0.6622,0.5222,yetujey,FUT Esports,astra,True,100,50,1,0,0,1,False,phantom,rifle,,0.7067,0.7633,KROSTALY,FUT Esports,kayo,True,100,50,1,2,0,2,False,vandal,rifle,,0.6267,0.6689,Chronicle,Team Vitality,chamber,True,100,50,0,8,0,1,False,operator,sniper,,0.6622,0.5178,Derke,Team Vitality,neon,True,100,50,1,1,1,7,False,operator,sniper,,0.8356,0.4533,Jamppi,Team Vitality,kayo,True,100,50,1,2,0,1,False,phantom,rifle,,0.2433,0.3100,Sayonara,Team Vitality,sova,True,100,50,1,2,1,4,False,phantom,rifle,,0.2744,0.3022,PROFEK,Team Vitality,astra,True,100,50,1,1,0,7,True,phantom,rifle,,0.8089,0.3456
2682.763,5326,ACTIVE_ROUND,18,10,9,87.000,,,s0pp,FUT Esports,chamber,True,100,50,0,8,1,7,True,shorty,sidearm,,0.2722,0.8222,xeus,FUT Esports,jett,False,,50,0,0,0,7,True,unknown,unknown,,,,sociablEE,FUT Esports,fade,True,100,50,1,1,1,7,False,odin,heavy,,0.6622,0.5222,yetujey,FUT Esports,astra,True,100,50,1,0,0,1,False,phantom,rifle,,0.6644,0.7189,KROSTALY,FUT Esports,kayo,True,100,50,1,2,0,2,False,vandal,rifle,,0.6267,0.6689,Chronicle,Team Vitality,chamber,True,100,50,0,8,0,1,False,operator,sniper,,0.6622,0.5178,Derke,Team Vitality,neon,True,100,50,1,1,1,7,False,operator,sniper,,0.8356,0.4533,Jamppi,Team Vitality,kayo,True,100,50,1,2,0,1,False,phantom,rifle,,0.2322,0.3033,Sayonara,Team Vitality,sova,True,100,50,1,2,1,4,False,phantom,rifle,,0.8678,0.3067,PROFEK,Team Vitality,astra,True,100,50,1,1,0,7,True,phantom,rifle,,0.8089,0.3456
2683.247,5327,ACTIVE_ROUND,18,10,9,86.000,,,s0pp,FUT Esports,chamber,True,100,50,0,8,1,7,True,shorty,sidearm,,0.7767,0.4378,xeus,FUT Esports,jett,False,,50,0,0,0,7,True,unknown,unknown,,,,sociablEE,FUT Esports,fade,True,100,50,1,1,1,7,False,odin,heavy,,0.6600,0.5267,yetujey,FUT Esports,astra,True,100,50,1,0,0,1,False,phantom,rifle,,0.6489,0.7056,KROSTALY,FUT Esports,kayo,True,100,50,1,2,0,2,False,vandal,rifle,,0.6244,0.6222,Chronicle,Team Vitality,chamber,True,100,50,0,8,0,1,False,operator,sniper,,0.6622,0.5178,Derke,Team Vitality,neon,True,100,50,1,1,1,7,False,operator,sniper,,0.8356,0.4533,Jamppi,Team Vitality,kayo,True,100,50,1,2,0,1,False,phantom,rifle,,0.2189,0.3056,Sayonara,Team Vitality,sova,True,100,50,1,2,1,4,False,phantom,rifle,,0.9456,0.5800,PROFEK,Team Vitality,astra,True,100,50,1,1,0,7,True,phantom,rifle,,0.8089,0.3456
2683.731,5328,ACTIVE_ROUND,18,10,9,86.000,,,s0pp,FUT Esports,chamber,True,100,50,0,8,1,7,True,shorty,sidearm,,0.7833,0.4267,xeus,FUT Esports,jett,False,,50,0,0,0,7,True,unknown,unknown,,,,sociablEE,FUT Esports,fade,True,100,50,1,1,1,7,False,odin,heavy,,0.6556,0.5378,yetujey,FUT Esports,astra,True,100,50,1,1,0,1,False,phantom,rifle,,0.3889,0.7922,KROSTALY,FUT Esports,kayo,True,100,50,1,2,0,2,False,vandal,rifle,,0.7133,0.5844,Chronicle,Team Vitality,chamber,True,100,50,0,8,0,1,False,operator,sniper,,0.6622,0.5178,Derke,Team Vitality,neon,True,100,50,1,1,1,7,False,operator,sniper,,0.8356,0.4533,Jamppi,Team Vitality,kayo,True,100,50,1,2,0,1,False,phantom,rifle,,0.2100,0.3033,Sayonara,Team Vitality,sova,True,100,50,1,2,1,4,False,phantom,rifle,,0.9433,0.5822,PROFEK,Team Vitality,astra,True,100,50,1,1,0,7,True,phantom,rifle,,0.8089,0.3456
2684.215,5329,ACTIVE_ROUND,18,10,9,85.000,,,s0pp,FUT Esports,chamber,True,100,50,0,8,1,7,True,shorty,sidearm,,0.4522,0.9267,xeus,FUT Esports,jett,False,,50,0,0,0,7,True,unknown,unknown,,,,sociablEE,FUT Esports,fade,True,100,50,1,1,1,7,False,odin,heavy,,0.6533,0.5444,yetujey,FUT Esports,astra,True,100,50,1,1,0,1,False,phantom,rifle,,0.3889,0.7922,KROSTALY,FUT Esports,kayo,True,100,50,1,2,0,2,False,vandal,rifle,,0.7133,0.5844,Chronicle,Team Vitality,chamber,True,100,50,0,8,0,1,False,operator,sniper,,0.6622,0.5178,Derke,Team Vitality,neon,True,100,50,1,1,1,7,False,operator,sniper,,0.8356,0.4533,Jamppi,Team Vitality,kayo,True,100,50,1,2,0,1,False,phantom,rifle,,0.2011,0.3033,Sayonara,Team Vitality,sova,True,100,50,1,2,1,4,False,phantom,rifle,,0.9433,0.5844,PROFEK,Team Vitality,astra,True,100,50,1,1,0,7,True,phantom,rifle,,0.8089,0.3456
2684.699,5330,ACTIVE_ROUND,18,10,9,85.000,,,s0pp,FUT Esports,chamber,True,100,50,0,8,1,7,True,shorty,sidearm,,0.6011,0.8444,xeus,FUT Esports,jett,False,,50,0,0,0,7,True,unknown,unknown,,,,sociablEE,FUT Esports,fade,True,100,50,1,1,1,7,False,odin,heavy,,0.6556,0.5467,yetujey,FUT Esports,astra,True,100,50,1,1,0,1,False,phantom,rifle,,0.3889,0.7922,KROSTALY,FUT Esports,kayo,True,100,50,1,2,0,2,False,vandal,rifle,,0.7133,0.5844,Chronicle,Team Vitality,chamber,True,100,50,0,8,0,1,False,operator,sniper,,0.6622,0.5178,Derke,Team Vitality,neon,True,100,50,1,1,1,7,False,operator,sniper,,0.8356,0.4533,Jamppi,Team Vitality,kayo,True,100,50,1,2,0,1,False,phantom,rifle,,0.2122,0.3056,Sayonara,Team Vitality,sova,True,100,50,1,2,1,4,False,phantom,rifle,,0.8478,0.4089,PROFEK,Team Vitality,astra,True,100,50,1,1,0,7,True,phantom,rifle,,0.8089,0.3456
2685.182,5331,ACTIVE_ROUND,18,10,9,84.000,,,s0pp,FUT Esports,chamber,True,100,50,0,8,1,7,True,shorty,sidearm,,0.5500,0.3867,xeus,FUT Esports,jett,False,,50,0,0,0,7,True,unknown,unknown,,,,sociablEE,FUT Esports,fade,True,100,50,1,1,1,7,False,odin,heavy,,0.6556,0.5356,yetujey,FUT Esports,astra,True,100,50,1,1,0,1,False,phantom,rifle,,0.3889,0.7922,KROSTALY,FUT Esports,kayo,True,100,50,1,2,0,2,False,vandal,rifle,,0.7133,0.5844,Chronicle,Team Vitality,chamber,True,100,50,0,8,0,1,False,operator,sniper,,0.6044,0.3800,Derke,Team Vitality,neon,True,100,50,1,1,1,7,False,operator,sniper,,0.8356,0.4533,Jamppi,Team Vitality,kayo,True,100,50,1,2,0,1,False,phantom,rifle,,0.2122,0.3056,Sayonara,Team Vitality,sova,True,100,50,1,2,1,4,False,phantom,rifle,,0.8456,0.4089,PROFEK,Team Vitality,astra,True,100,50,1,1,0,7,True,phantom,rifle,,0.8089,0.3456
2685.666,5332,ACTIVE_ROUND,18,10,9,84.000,,,s0pp,FUT Esports,chamber,True,100,50,0,8,1,7,True,shorty,sidearm,,0.7700,0.6333,xeus,FUT Esports,jett,False,,50,0,0,0,7,True,unknown,unknown,,,,sociablEE,FUT Esports,fade,True,100,50,1,1,1,7,False,odin,heavy,,0.6622,0.5244,yetujey,FUT Esports,astra,True,100,50,1,0,0,1,False,phantom,rifle,,0.3889,0.7922,KROSTALY,FUT Esports,kayo,True,100,50,1,2,0,2,False,vandal,rifle,,0.7133,0.5844,Chronicle,Team Vitality,chamber,True,100,50,0,8,0,1,False,operator,sniper,,0.6044,0.3800,Derke,Team Vitality,neon,True,100,50,1,1,1,7,False,operator,sniper,,0.8356,0.4533,Jamppi,Team Vitality,kayo,True,100,50,1,2,0,1,False,phantom,rifle,,0.1989,0.3100,Sayonara,Team Vitality,sova,True,100,50,1,2,1,4,False,phantom,rifle,,0.8456,0.4089,PROFEK,Team Vitality,astra,True,100,50,1,1,0,7,True,phantom,rifle,,0.7311,0.2144
2686.150,5333,ACTIVE_ROUND,18,10,9,83.000,,,s0pp,FUT Esports,chamber,True,100,50,0,8,1,7,True,shorty,sidearm,,0.6678,0.2089,xeus,FUT Esports,jett,False,,50,0,0,0,7,True,unknown,unknown,,,,sociablEE,FUT Esports,fade,True,100,50,1,1,1,7,False,odin,heavy,,0.6711,0.5178,yetujey,FUT Esports,astra,True,100,50,1,0,0,1,False,phantom,rifle,,0.3889,0.7922,KROSTALY,FUT Esports,kayo,True,100,50,1,2,0,2,False,vandal,rifle,,0.6156,0.5533,Chronicle,Team Vitality,chamber,True,100,50,0,8,0,1,False,operator,sniper,,0.5978,0.3644,Derke,Team Vitality,neon,True,100,50,1,1,1,7,False,operator,sniper,,0.8356,0.4533,Jamppi,Team Vitality,kayo,True,100,50,1,2,0,1,False,phantom,rifle,,0.2078,0.3167,Sayonara,Team Vitality,sova,True,100,50,1,2,1,4,False,phantom,rifle,,0.7656,0.3644,PROFEK,Team Vitality,astra,True,100,50,1,1,0,7,True,phantom,rifle,,0.7200,0.1967
2686.634,5334,ACTIVE_ROUND,18,10,9,83.000,,,s0pp,FUT Esports,chamber,True,100,50,0,8,1,7,True,shorty,sidearm,,0.5389,0.6622,xeus,FUT Esports,jett,False,,50,0,0,0,7,True,unknown,unknown,,,,sociablEE,FUT Esports,fade,True,100,50,1,1,1,7,False,odin,heavy,,0.6711,0.5133,yetujey,FUT Esports,astra,True,100,50,1,0,0,1,False,phantom,rifle,,0.6133,0.6544,KROSTALY,FUT Esports,kayo,True,100,50,1,2,0,2,False,vandal,rifle,,0.6156,0.5533,Chronicle,Team Vitality,chamber,True,100,50,0,8,0,1,False,operator,sniper,,0.5844,0.3578,Derke,Team Vitality,neon,True,100,50,1,1,1,7,False,operator,sniper,,0.8356,0.4533,Jamppi,Team Vitality,kayo,True,100,50,1,2,0,1,False,phantom,rifle,,0.2100,0.3100,Sayonara,Team Vitality,sova,True,100,50,1,2,1,4,False,phantom,rifle,,0.2411,0.3089,PROFEK,Team Vitality,astra,True,100,50,1,1,0,7,True,phantom,rifle,,0.6956,0.1944
2687.118,5335,ACTIVE_ROUND,18,10,9,82.000,,,s0pp,FUT Esports,chamber,True,100,50,0,8,1,7,True,shorty,sidearm,,0.5300,0.5778,xeus,FUT Esports,jett,False,,50,0,0,0,7,True,unknown,unknown,,,,sociablEE,FUT Esports,fade,True,100,50,1,1,1,7,False,odin,heavy,,0.6711,0.5133,yetujey,FUT Esports,astra,True,100,50,1,0,0,1,False,phantom,rifle,,0.6111,0.6522,KROSTALY,FUT Esports,kayo,True,100,50,1,2,0,2,False,vandal,rifle,,0.6156,0.5533,Chronicle,Team Vitality,chamber,True,100,50,0,8,0,1,False,operator,sniper,,0.5844,0.3578,Derke,Team Vitality,neon,True,100,50,1,1,1,7,False,operator,sniper,,0.8356,0.4533,Jamppi,Team Vitality,kayo,True,100,50,1,2,0,1,False,phantom,rifle,,0.1967,0.3100,Sayonara,Team Vitality,sova,True,100,50,1,2,1,4,False,phantom,rifle,,0.7922,0.3600,PROFEK,Team Vitality,astra,True,100,50,1,1,0,7,True,phantom,rifle,,0.6733,0.1922
2687.602,5336,ACTIVE_ROUND,18,10,9,82.000,,,s0pp,FUT Esports,chamber,True,100,50,0,8,1,7,True,shorty,sidearm,,0.2722,0.8089,xeus,FUT Esports,jett,False,,50,0,0,0,7,True,unknown,unknown,,,,sociablEE,FUT Esports,fade,True,100,50,0,1,1,7,False,odin,heavy,,0.6733,0.5133,yetujey,FUT Esports,astra,True,100,50,1,0,0,1,False,phantom,rifle,,0.6111,0.6522,KROSTALY,FUT Esports,kayo,True,100,50,1,2,0,2,False,vandal,rifle,,0.6156,0.5533,Chronicle,Team Vitality,chamber,True,100,50,0,8,0,1,False,operator,sniper,,0.5844,0.3578,Derke,Team Vitality,neon,True,100,50,1,1,1,7,False,operator,sniper,,0.8356,0.4533,Jamppi,Team Vitality,kayo,True,100,50,1,2,0,1,False,phantom,rifle,,0.1744,0.3100,Sayonara,Team Vitality,sova,True,100,50,0,2,1,4,False,phantom,rifle,,0.8411,0.4089,PROFEK,Team Vitality,astra,True,100,50,1,1,0,7,True,phantom,rifle,,0.6489,0.1944
2688.085,5337,ACTIVE_ROUND,18,10,9,81.000,,,s0pp,FUT Esports,chamber,True,100,50,0,8,1,7,True,shorty,sidearm,,0.5789,0.2178,xeus,FUT Esports,jett,False,,50,0,0,0,7,True,unknown,unknown,,,,sociablEE,FUT Esports,fade,True,100,50,0,1,1,7,False,odin,heavy,,0.6733,0.5156,yetujey,FUT Esports,astra,True,100,50,1,0,0,1,False,phantom,rifle,,0.6133,0.6433,KROSTALY,FUT Esports,kayo,True,100,50,1,2,0,2,False,vandal,rifle,,0.6156,0.5533,Chronicle,Team Vitality,chamber,True,100,50,0,8,0,1,False,operator,sniper,,0.5844,0.3578,Derke,Team Vitality,neon,True,100,50,1,1,1,7,False,operator,sniper,,0.8356,0.4533,Jamppi,Team Vitality,kayo,True,100,50,1,2,0,1,False,phantom,rifle,,0.1633,0.3078,Sayonara,Team Vitality,sova,True,100,50,0,2,1,4,False,phantom,rifle,,0.8389,0.4067,PROFEK,Team Vitality,astra,True,100,50,1,1,0,7,True,phantom,rifle,,0.6489,0.1944
2688.569,5338,ACTIVE_ROUND,18,10,9,81.000,,,s0pp,FUT Esports,chamber,True,100,50,0,8,1,7,True,shorty,sidearm,,0.5767,0.2267,xeus,FUT Esports,jett,False,,50,0,0,0,7,True,unknown,unknown,,,,sociablEE,FUT Esports,fade,True,100,50,0,1,1,7,False,odin,heavy,,0.6733,0.5156,yetujey,FUT Esports,astra,True,100,50,1,0,0,1,False,phantom,rifle,,0.6133,0.6433,KROSTALY,FUT Esports,kayo,True,100,50,1,2,0,2,False,vandal,rifle,,0.6156,0.5533,Chronicle,Team Vitality,chamber,True,100,50,0,8,0,1,False,operator,sniper,,0.5844,0.3578,Derke,Team Vitality,neon,True,100,50,1,1,1,7,False,operator,sniper,,0.8356,0.4533,Jamppi,Team Vitality,kayo,True,100,50,1,2,0,1,False,phantom,rifle,,0.1656,0.3078,Sayonara,Team Vitality,sova,True,100,50,0,2,1,4,False,phantom,rifle,,0.1989,0.3022,PROFEK,Team Vitality,astra,True,100,50,1,1,0,7,True,phantom,rifle,,0.6489,0.1944
2689.053,5339,ACTIVE_ROUND,18,10,9,80.000,,,s0pp,FUT Esports,chamber,True,100,50,0,8,1,7,True,shorty,sidearm,,0.5122,0.6178,xeus,FUT Esports,jett,False,,50,0,0,0,7,True,unknown,unknown,,,,sociablEE,FUT Esports,fade,True,100,50,0,1,1,7,False,odin,heavy,,0.6733,0.5156,yetujey,FUT Esports,astra,True,100,50,1,0,0,1,False,phantom,rifle,,0.6133,0.6433,KROSTALY,FUT Esports,kayo,True,100,50,1,2,0,2,False,vandal,rifle,,0.6156,0.5533,Chronicle,Team Vitality,chamber,True,100,50,0,8,0,1,False,operator,sniper,,0.5844,0.3578,Derke,Team Vitality,neon,True,100,50,1,1,1,7,False,operator,sniper,,0.8356,0.4533,Jamppi,Team Vitality,kayo,True,100,50,1,2,0,1,False,phantom,rifle,,0.7033,0.3522,Sayonara,Team Vitality,sova,True,100,50,0,2,1,4,False,phantom,rifle,,0.2033,0.3022,PROFEK,Team Vitality,astra,True,100,50,1,1,0,7,True,phantom,rifle,,0.6200,0.2011
2689.537,5340,ACTIVE_ROUND,18,10,9,80.000,,,s0pp,FUT Esports,chamber,True,100,50,0,8,1,7,True,shorty,sidearm,,0.7167,0.2267,xeus,FUT Esports,jett,False,,50,0,0,0,7,True,unknown,unknown,,,,sociablEE,FUT Esports,fade,True,100,50,0,1,1,7,False,odin,heavy,,0.6778,0.5178,yetujey,FUT Esports,astra,True,100,50,0,0,0,1,False,phantom,rifle,,0.6133,0.6433,KROSTALY,FUT Esports,kayo,True,100,50,1,2,0,2,False,vandal,rifle,,0.6156,0.5533,Chronicle,Team Vitality,chamber,True,100,50,0,8,0,1,False,operator,sniper,,0.5844,0.3578,Derke,Team Vitality,neon,True,100,50,1,1,1,7,False,operator,sniper,,0.8356,0.4533,Jamppi,Team Vitality,kayo,True,100,50,1,2,0,1,False,phantom,rifle,,0.1589,0.3078,Sayonara,Team Vitality,sova,True,100,50,0,2,1,4,False,phantom,rifle,,0.8433,0.4089,PROFEK,Team Vitality,astra,True,100,50,1,1,0,7,True,phantom,rifle,,0.6067,0.1922
2690.021,5341,ACTIVE_ROUND,18,10,9,79.000,,,s0pp,FUT Esports,chamber,True,100,50,0,8,1,7,True,shorty,sidearm,,0.8856,0.2667,xeus,FUT Esports,jett,False,,50,0,0,0,7,True,unknown,unknown,,,,sociablEE,FUT Esports,fade,True,100,50,0,1,1,7,False,odin,heavy,,0.6800,0.5178,yetujey,FUT Esports,astra,True,100,50,0,0,0,1,False,phantom,rifle,,0.6133,0.6433,KROSTALY,FUT Esports,kayo,True,100,50,1,2,0,2,False,vandal,rifle,,0.6156,0.5533,Chronicle,Team Vitality,chamber,True,100,50,0,8,0,1,False,operator,sniper,,0.5844,0.3578,Derke,Team Vitality,neon,True,100,50,1,1,1,7,False,operator,sniper,,0.8356,0.4533,Jamppi,Team Vitality,kayo,True,100,50,1,2,0,1,False,phantom,rifle,,0.1722,0.3122,Sayonara,Team Vitality,sova,True,100,50,0,2,1,4,False,phantom,rifle,,0.8411,0.4089,PROFEK,Team Vitality,astra,True,100,50,1,1,0,7,True,phantom,rifle,,0.6067,0.1922
2690.504,5342,ACTIVE_ROUND,18,10,9,79.000,,,s0pp,FUT Esports,chamber,True,100,50,0,8,1,7,True,shorty,sidearm,,0.8856,0.2667,xeus,FUT Esports,jett,False,,50,0,0,0,7,True,unknown,unknown,,,,sociablEE,FUT Esports,fade,True,100,50,0,1,1,7,False,odin,heavy,,0.6800,0.5178,yetujey,FUT Esports,astra,True,100,50,0,0,0,1,False,phantom,rifle,,0.6133,0.6433,KROSTALY,FUT Esports,kayo,True,100,50,1,2,0,2,False,vandal,rifle,,0.5667,0.6133,Chronicle,Team Vitality,chamber,True,100,50,0,8,0,1,False,operator,sniper,,0.5844,0.3578,Derke,Team Vitality,neon,True,100,50,1,1,1,7,False,operator,sniper,,0.8356,0.4533,Jamppi,Team Vitality,kayo,True,100,50,1,2,0,1,False,phantom,rifle,,0.1656,0.3100,Sayonara,Team Vitality,sova,True,100,50,0,2,1,4,False,phantom,rifle,,0.1967,0.3022,PROFEK,Team Vitality,astra,True,100,50,1,1,0,7,True,phantom,rifle,,0.6067,0.1922
2690.988,5343,ACTIVE_ROUND,18,10,9,78.000,,,s0pp,FUT Esports,chamber,True,100,50,0,8,1,7,True,shorty,sidearm,,0.4856,0.6178,xeus,FUT Esports,jett,False,,50,0,0,0,7,True,unknown,unknown,,,,sociablEE,FUT Esports,fade,True,100,50,0,1,1,7,False,odin,heavy,,0.6800,0.5178,yetujey,FUT Esports,astra,True,100,50,0,0,0,1,False,phantom,rifle,,0.6133,0.6433,KROSTALY,FUT Esports,kayo,True,100,50,1,2,0,2,False,vandal,rifle,,0.5667,0.6133,Chronicle,Team Vitality,chamber,True,100,50,0,8,0,1,False,operator,sniper,,0.5844,0.3578,Derke,Team Vitality,neon,True,100,50,1,1,1,7,False,operator,sniper,,0.8356,0.4533,Jamppi,Team Vitality,kayo,True,100,50,1,2,0,1,False,phantom,rifle,,0.1478,0.3300,Sayonara,Team Vitality,sova,True,100,50,0,2,1,4,False,phantom,rifle,,0.1967,0.3022,PROFEK,Team Vitality,astra,True,100,50,1,1,0,7,True,phantom,rifle,,0.6067,0.1922
2691.472,5344,ACTIVE_ROUND,18,10,9,78.000,,,s0pp,FUT Esports,chamber,True,100,50,0,8,1,7,True,shorty,sidearm,,0.5567,0.7156,xeus,FUT Esports,jett,False,,50,0,0,0,7,True,unknown,unknown,,,,sociablEE,FUT Esports,fade,True,100,50,0,1,1,7,False,odin,heavy,,0.6667,0.5200,yetujey,FUT Esports,astra,True,100,50,0,0,0,1,False,phantom,rifle,,0.6133,0.6433,KROSTALY,FUT Esports,kayo,True,100,50,1,2,0,2,False,vandal,rifle,,0.5667,0.6133,Chronicle,Team Vitality,chamber,True,100,50,0,8,0,1,False,operator,sniper,,0.5844,0.3578,Derke,Team Vitality,neon,True,100,50,1,1,1,7,False,operator,sniper,,0.8356,0.4533,Jamppi,Team Vitality,kayo,True,100,50,1,2,0,1,False,phantom,rifle,,0.1700,0.3122,Sayonara,Team Vitality,sova,True,100,50,0,2,1,4,False,phantom,rifle,,0.2011,0.3022,PROFEK,Team Vitality,astra,True,100,50,1,1,0,7,True,phantom,rifle,,0.5622,0.2189
2691.956,5345,ACTIVE_ROUND,18,10,9,77.000,,,s0pp,FUT Esports,chamber,True,100,50,0,8,1,7,True,shorty,sidearm,,0.5567,0.7156,xeus,FUT Esports,jett,False,,50,0,0,0,7,True,unknown,unknown,,,,sociablEE,FUT Esports,fade,True,100,50,0,1,1,7,False,odin,heavy,,0.6533,0.5289,yetujey,FUT Esports,astra,True,100,50,0,0,0,1,False,phantom,rifle,,0.3889,0.7900,KROSTALY,FUT Esports,kayo,True,100,50,1,2,0,2,False,vandal,rifle,,0.5667,0.6156,Chronicle,Team Vitality,chamber,True,100,50,0,8,0,1,False,operator,sniper,,0.5844,0.3578,Derke,Team Vitality,neon,True,100,50,1,1,1,7,False,operator,sniper,,0.8356,0.4533,Jamppi,Team Vitality,kayo,True,100,50,1,2,0,1,False,phantom,rifle,,0.1478,0.3300,Sayonara,Team Vitality,sova,True,100,50,0,2,1,4,False,phantom,rifle,,0.8122,0.3378,PROFEK,Team Vitality,astra,True,100,50,1,1,0,7,True,phantom,rifle,,0.5622,0.2189
2692.440,5346,ACTIVE_ROUND,18,10,9,77.000,,,s0pp,FUT Esports,chamber,True,100,50,0,8,1,7,True,shorty,sidearm,,0.5567,0.7156,xeus,FUT Esports,jett,False,,50,0,0,0,7,True,unknown,unknown,,,,sociablEE,FUT Esports,fade,True,100,50,0,1,1,7,False,odin,heavy,,0.6533,0.5156,yetujey,FUT Esports,astra,True,100,50,0,0,0,1,False,phantom,rifle,,0.3889,0.7900,KROSTALY,FUT Esports,kayo,True,100,50,1,2,0,2,False,vandal,rifle,,0.5667,0.6156,Chronicle,Team Vitality,chamber,True,100,50,0,8,0,1,False,operator,sniper,,0.5844,0.3578,Derke,Team Vitality,neon,True,100,50,1,1,1,7,False,operator,sniper,,0.8356,0.4533,Jamppi,Team Vitality,kayo,True,100,50,1,2,0,1,False,phantom,rifle,,0.2811,0.4233,Sayonara,Team Vitality,sova,True,100,50,0,2,1,4,False,phantom,rifle,,0.1989,0.3022,PROFEK,Team Vitality,astra,True,100,50,1,1,0,7,True,phantom,rifle,,0.5622,0.2189
2692.924,5347,ACTIVE_ROUND,18,10,9,76.000,,,s0pp,FUT Esports,chamber,True,100,50,0,8,1,7,True,shorty,sidearm,,0.9389,0.5556,xeus,FUT Esports,jett,False,,50,0,0,0,7,True,unknown,unknown,,,,sociablEE,FUT Esports,fade,True,100,50,0,1,1,7,False,odin,heavy,,0.6489,0.5178,yetujey,FUT Esports,astra,True,100,50,0,0,0,1,False,phantom,rifle,,0.3889,0.7900,KROSTALY,FUT Esports,kayo,True,100,50,1,2,0,2,False,vandal,rifle,,0.5667,0.6156,Chronicle,Team Vitality,chamber,True,100,50,0,8,0,1,False,operator,sniper,,0.5844,0.3578,Derke,Team Vitality,neon,True,100,50,1,1,1,7,False,operator,sniper,,0.8356,0.4533,Jamppi,Team Vitality,kayo,True,100,50,1,2,0,1,False,phantom,rifle,,0.1633,0.3100,Sayonara,Team Vitality,sova,True,100,50,0,2,1,4,False,phantom,rifle,,0.8367,0.3067,PROFEK,Team Vitality,astra,True,100,50,1,1,0,7,True,phantom,rifle,,0.5622,0.2189
2693.407,5348,ACTIVE_ROUND,18,10,9,76.000,,,s0pp,FUT Esports,chamber,True,100,50,0,8,1,7,True,shorty,sidearm,,0.9389,0.5556,xeus,FUT Esports,jett,False,,50,0,0,0,7,True,unknown,unknown,,,,sociablEE,FUT Esports,fade,True,100,50,0,1,1,7,False,odin,heavy,,0.6489,0.5156,yetujey,FUT Esports,astra,True,100,50,0,0,0,1,False,phantom,rifle,,0.3889,0.7900,KROSTALY,FUT Esports,kayo,True,100,50,1,2,0,2,False,vandal,rifle,,0.5578,0.5978,Chronicle,Team Vitality,chamber,True,100,50,0,8,0,1,False,operator,sniper,,0.5844,0.3578,Derke,Team Vitality,neon,True,100,50,1,1,1,7,False,operator,sniper,,0.8356,0.4533,Jamppi,Team Vitality,kayo,True,100,50,1,2,0,1,False,phantom,rifle,,0.5811,0.2922,Sayonara,Team Vitality,sova,True,100,50,0,2,1,4,False,phantom,rifle,,0.1944,0.3022,PROFEK,Team Vitality,astra,True,100,50,1,1,0,7,True,phantom,rifle,,0.5622,0.2189
2693.891,5349,ACTIVE_ROUND,18,10,9,75.000,,,s0pp,FUT Esports,chamber,True,100,50,0,8,1,7,True,shorty,sidearm,,0.4411,0.2578,xeus,FUT Esports,jett,False,,50,0,0,0,7,True,unknown,unknown,,,,sociablEE,FUT Esports,fade,True,100,50,0,1,1,7,False,odin,heavy,,0.6533,0.5156,yetujey,FUT Esports,astra,True,100,50,0,0,0,1,False,phantom,rifle,,0.3889,0.7900,KROSTALY,FUT Esports,kayo,True,100,50,1,2,0,2,False,vandal,rifle,,0.5578,0.5978,Chronicle,Team Vitality,chamber,True,100,50,0,8,0,1,False,operator,sniper,,0.5844,0.3578,Derke,Team Vitality,neon,True,100,50,1,1,1,7,False,operator,sniper,,0.8356,0.4533,Jamppi,Team Vitality,kayo,True,100,50,1,2,0,1,False,phantom,rifle,,0.5811,0.2944,Sayonara,Team Vitality,sova,True,100,50,0,2,1,4,False,phantom,rifle,,0.8633,0.2978,PROFEK,Team Vitality,astra,True,100,50,1,1,0,7,True,phantom,rifle,,0.5622,0.2189
2694.375,5350,ACTIVE_ROUND,18,10,9,75.000,,,s0pp,FUT Esports,chamber,True,100,50,0,8,1,7,True,shorty,sidearm,,0.4411,0.2578,xeus,FUT Esports,jett,False,,50,0,0,0,7,True,unknown,unknown,,,,sociablEE,FUT Esports,fade,True,100,50,0,1,1,7,False,odin,heavy,,0.6467,0.5156,yetujey,FUT Esports,astra,True,100,50,0,0,0,1,False,phantom,rifle,,0.5711,0.5433,KROSTALY,FUT Esports,kayo,True,100,50,1,2,0,2,False,vandal,rifle,,0.5600,0.5756,Chronicle,Team Vitality,chamber,True,100,50,0,8,0,1,False,operator,sniper,,0.5844,0.3578,Derke,Team Vitality,neon,True,100,50,1,1,1,7,False,operator,sniper,,0.8356,0.4533,Jamppi,Team Vitality,kayo,True,100,50,1,2,0,1,False,phantom,rifle,,0.1656,0.3144,Sayonara,Team Vitality,sova,True,100,50,0,2,1,4,False,phantom,rifle,,0.9033,0.2778,PROFEK,Team Vitality,astra,True,100,50,1,1,0,7,True,phantom,rifle,,0.4822,0.2478
2694.859,5351,ACTIVE_ROUND,18,10,9,74.000,,,s0pp,FUT Esports,chamber,True,100,50,0,8,1,7,True,shorty,sidearm,,0.5389,0.5511,xeus,FUT Esports,jett,False,,50,0,0,0,7,True,unknown,unknown,,,,sociablEE,FUT Esports,fade,True,100,50,0,1,1,7,False,odin,heavy,,0.6356,0.5289,yetujey,FUT Esports,astra,True,100,50,0,0,0,1,False,phantom,rifle,,0.3889,0.7922,KROSTALY,FUT Esports,kayo,True,100,50,1,2,0,2,False,vandal,rifle,,0.5600,0.5756,Chronicle,Team Vitality,chamber,True,100,50,0,8,0,1,False,operator,sniper,,0.5844,0.3578,Derke,Team Vitality,neon,True,100,50,1,1,1,7,False,operator,sniper,,0.8356,0.4533,Jamppi,Team Vitality,kayo,True,100,50,1,2,0,1,False,phantom,rifle,,0.1478,0.3300,Sayonara,Team Vitality,sova,True,100,50,0,2,1,4,False,phantom,rifle,,0.8878,0.2867,PROFEK,Team Vitality,astra,True,100,50,1,1,0,7,True,phantom,rifle,,0.4689,0.2522
2695.343,5352,ACTIVE_ROUND,18,10,9,74.000,,,s0pp,FUT Esports,chamber,True,100,50,0,8,1,7,True,shorty,sidearm,,0.5389,0.5511,xeus,FUT Esports,jett,False,,50,0,0,0,7,True,unknown,unknown,,,,sociablEE,FUT Esports,fade,True,100,50,0,1,1,7,False,odin,heavy,,0.6244,0.5422,yetujey,FUT Esports,astra,True,100,50,0,0,0,1,False,phantom,rifle,,0.5711,0.5433,KROSTALY,FUT Esports,kayo,True,100,50,1,1,0,2,False,vandal,rifle,,0.5489,0.5644,Chronicle,Team Vitality,chamber,True,100,50,0,8,0,1,False,operator,sniper,,0.6200,0.2156,Derke,Team Vitality,neon,True,100,50,1,1,1,7,False,operator,sniper,,0.8356,0.4533,Jamppi,Team Vitality,kayo,True,100,50,1,2,0,1,False,phantom,rifle,,0.1678,0.3056,Sayonara,Team Vitality,sova,True,100,50,0,2,1,4,False,phantom,rifle,,0.8411,0.4022,PROFEK,Team Vitality,astra,True,100,50,1,1,0,7,True,phantom,rifle,,0.4689,0.2522
2695.826,5353,ACTIVE_ROUND,18,10,9,73.000,,,s0pp,FUT Esports,chamber,True,100,50,0,8,1,7,True,shorty,sidearm,,0.5389,0.5511,xeus,FUT Esports,jett,False,,50,0,0,0,7,True,unknown,unknown,,,,sociablEE,FUT Esports,fade,True,100,50,0,1,1,7,False,odin,heavy,,0.6222,0.5600,yetujey,FUT Esports,astra,True,100,50,0,0,0,1,False,phantom,rifle,,0.5756,0.5878,KROSTALY,FUT Esports,kayo,True,100,50,1,1,0,2,False,vandal,rifle,,0.5400,0.5644,Chronicle,Team Vitality,chamber,True,100,50,0,8,0,1,False,operator,sniper,,0.6200,0.2156,Derke,Team Vitality,neon,True,100,50,1,1,1,7,False,operator,sniper,,0.8356,0.4533,Jamppi,Team Vitality,kayo,True,100,50,1,2,0,1,False,phantom,rifle,,0.1633,0.3122,Sayonara,Team Vitality,sova,True,100,50,0,2,1,4,False,phantom,rifle,,0.6144,0.1733,PROFEK,Team Vitality,astra,True,100,50,1,1,0,7,True,phantom,rifle,,0.4444,0.2656
2696.310,5354,ACTIVE_ROUND,18,10,9,73.000,,,s0pp,FUT Esports,chamber,True,100,50,0,8,1,7,True,shorty,sidearm,,0.3789,0.2889,xeus,FUT Esports,jett,False,,50,0,0,0,7,True,unknown,unknown,,,,sociablEE,FUT Esports,fade,True,100,50,0,1,1,7,False,odin,heavy,,0.6222,0.5600,yetujey,FUT Esports,astra,True,100,50,0,0,0,1,False,phantom,rifle,,0.5756,0.5878,KROSTALY,FUT Esports,kayo,True,100,50,1,1,0,2,False,vandal,rifle,,0.5400,0.5644,Chronicle,Team Vitality,chamber,True,100,50,0,8,0,1,False,operator,sniper,,0.5978,0.1978,Derke,Team Vitality,neon,True,100,50,1,1,1,7,False,operator,sniper,,0.8356,0.4533,Jamppi,Team Vitality,kayo,True,100,50,1,2,0,1,False,phantom,rifle,,0.1633,0.3122,Sayonara,Team Vitality,sova,True,100,50,0,2,1,4,False,phantom,rifle,,0.8967,0.2822,PROFEK,Team Vitality,astra,True,100,50,1,1,0,7,True,phantom,rifle,,0.4444,0.2656
2696.794,5355,ACTIVE_ROUND,18,10,9,72.000,,,s0pp,FUT Esports,chamber,True,100,50,0,8,1,7,True,shorty,sidearm,,0.3789,0.2889,xeus,FUT Esports,jett,False,,50,0,0,0,7,True,unknown,unknown,,,,sociablEE,FUT Esports,fade,True,100,50,0,1,1,7,False,odin,heavy,,0.6111,0.5867,yetujey,FUT Esports,astra,True,100,50,0,0,0,1,False,phantom,rifle,,0.5711,0.5456,KROSTALY,FUT Esports,kayo,True,100,50,1,1,0,2,False,vandal,rifle,,0.5378,0.5600,Chronicle,Team Vitality,chamber,True,100,50,0,8,0,1,False,operator,sniper,,0.5800,0.2067,Derke,Team Vitality,neon,True,100,50,1,1,1,7,False,operator,sniper,,0.8356,0.4533,Jamppi,Team Vitality,kayo,True,100,50,1,2,0,1,False,phantom,rifle,,0.1656,0.3056,Sayonara,Team Vitality,sova,True,100,50,0,2,1,4,False,phantom,rifle,,0.5856,0.1778,PROFEK,Team Vitality,astra,True,100,50,1,1,0,7,True,phantom,rifle,,0.4444,0.2656
2697.278,5356,ACTIVE_ROUND,18,10,9,72.000,,,s0pp,FUT Esports,chamber,True,100,50,0,8,1,7,True,shorty,sidearm,,0.8278,0.3333,xeus,FUT Esports,jett,False,,50,0,0,0,7,True,unknown,unknown,,,,sociablEE,FUT Esports,fade,True,100,50,0,1,1,7,False,odin,heavy,,0.6022,0.5956,yetujey,FUT Esports,astra,True,100,50,1,0,0,1,False,phantom,rifle,,0.5711,0.5456,KROSTALY,FUT Esports,kayo,True,100,50,1,1,0,2,False,vandal,rifle,,0.5378,0.5600,Chronicle,Team Vitality,chamber,True,100,50,0,8,0,1,False,operator,sniper,,0.5600,0.2200,Derke,Team Vitality,neon,True,100,50,1,1,1,7,False,operator,sniper,,0.8356,0.4533,Jamppi,Team Vitality,kayo,True,100,50,1,2,0,1,False,phantom,rifle,,0.1678,0.3167,Sayonara,Team Vitality,sova,True,100,50,0,2,1,4,False,phantom,rifle,,0.8944,0.2911,PROFEK,Team Vitality,astra,True,100,50,1,1,0,7,True,phantom,rifle,,0.4178,0.2856
2697.762,5357,ACTIVE_ROUND,18,10,9,72.000,,,s0pp,FUT Esports,chamber,True,100,50,0,8,1,7,True,shorty,sidearm,,0.8278,0.3356,xeus,FUT Esports,jett,False,,50,0,0,0,7,True,unknown,unknown,,,,sociablEE,FUT Esports,fade,True,100,50,0,1,1,7,False,odin,heavy,,0.5933,0.6044,yetujey,FUT Esports,astra,True,100,50,1,0,0,1,False,phantom,rifle,,0.5711,0.5456,KROSTALY,FUT Esports,kayo,True,100,50,1,1,0,2,False,vandal,rifle,,0.5378,0.5600,Chronicle,Team Vitality,chamber,True,100,50,0,8,0,1,False,operator,sniper,,0.5600,0.2200,Derke,Team Vitality,neon,True,100,50,1,1,1,7,False,operator,sniper,,0.8356,0.4533,Jamppi,Team Vitality,kayo,True,100,50,1,2,0,1,False,phantom,rifle,,0.1678,0.3167,Sayonara,Team Vitality,sova,True,100,50,0,2,1,4,False,phantom,rifle,,0.1944,0.3022,PROFEK,Team Vitality,astra,True,100,50,1,1,0,7,True,phantom,rifle,,0.4333,0.2878
2698.246,5358,ACTIVE_ROUND,18,10,9,71.000,,,s0pp,FUT Esports,chamber,True,100,50,0,8,1,7,True,shorty,sidearm,,0.4989,0.6178,xeus,FUT Esports,jett,False,,50,0,0,0,7,True,unknown,unknown,,,,sociablEE,FUT Esports,fade,True,100,50,0,1,1,7,False,odin,heavy,,0.5800,0.6111,yetujey,FUT Esports,astra,True,100,50,1,0,0,1,False,phantom,rifle,,0.5711,0.5456,KROSTALY,FUT Esports,kayo,True,100,50,1,1,0,2,False,vandal,rifle,,0.5378,0.5600,Chronicle,Team Vitality,chamber,True,100,50,0,8,0,1,False,operator,sniper,,0.5200,0.2378,Derke,Team Vitality,neon,True,100,50,1,1,1,7,False,operator,sniper,,0.8356,0.4533,Jamppi,Team Vitality,kayo,True,100,50,1,2,0,1,False,phantom,rifle,,0.1678,0.3167,Sayonara,Team Vitality,sova,True,100,50,0,2,1,4,False,phantom,rifle,,0.1989,0.3022,PROFEK,Team Vitality,astra,True,100,50,1,1,0,7,True,phantom,rifle,,0.4511,0.2856
2698.729,5359,ACTIVE_ROUND,18,10,9,71.000,,,s0pp,FUT Esports,chamber,True,100,50,0,8,1,7,True,shorty,sidearm,,0.4833,0.6267,xeus,FUT Esports,jett,False,,50,0,0,0,7,True,unknown,unknown,,,,sociablEE,FUT Esports,fade,True,100,50,0,1,1,7,False,odin,heavy,,0.5667,0.6133,yetujey,FUT Esports,astra,True,100,50,1,0,0,1,False,phantom,rifle,,0.5711,0.5456,KROSTALY,FUT Esports,kayo,True,100,50,1,1,0,2,False,vandal,rifle,,0.5378,0.5600,Chronicle,Team Vitality,chamber,True,100,50,0,8,0,1,False,operator,sniper,,0.5022,0.2422,Derke,Team Vitality,neon,True,100,50,1,1,1,7,False,operator,sniper,,0.8356,0.4533,Jamppi,Team Vitality,kayo,True,100,50,1,2,0,1,False,phantom,rifle,,0.1656,0.3122,Sayonara,Team Vitality,sova,True,100,50,0,2,1,4,False,phantom,rifle,,0.1989,0.3022,PROFEK,Team Vitality,astra,True,100,50,1,1,0,7,True,phantom,rifle,,0.4733,0.2722
2699.213,5360,ACTIVE_ROUND,18,10,9,70.000,,,s0pp,FUT Esports,chamber,True,100,50,0,8,1,7,True,shorty,sidearm,,0.4811,0.6178,xeus,FUT Esports,jett,False,,50,0,0,0,7,True,unknown,unknown,,,,sociablEE,FUT Esports,fade,True,100,50,0,1,1,7,False,odin,heavy,,0.5556,0.6044,yetujey,FUT Esports,astra,True,100,50,1,0,0,1,False,phantom,rifle,,0.5711,0.5456,KROSTALY,FUT Esports,kayo,True,100,50,1,1,0,2,False,vandal,rifle,,0.5378,0.5600,Chronicle,Team Vitality,chamber,True,100,50,0,8,0,1,False,operator,sniper,,0.5022,0.2422,Derke,Team Vitality,neon,True,100,50,1,1,1,7,False,operator,sniper,,0.8356,0.4533,Jamppi,Team Vitality,kayo,True,100,50,1,2,0,1,False,phantom,rifle,,0.1478,0.3300,Sayonara,Team Vitality,sova,True,100,50,0,2,1,4,False,phantom,rifle,,0.8389,0.4022,PROFEK,Team Vitality,astra,True,100,50,0,1,0,7,True,phantom,rifle,,0.4911,0.2611
2699.697,5361,ACTIVE_ROUND,18,10,9,70.000,,,s0pp,FUT Esports,chamber,True,100,50,0,8,1,7,True,shorty,sidearm,,0.2722,0.8133,xeus,FUT Esports,jett,False,,50,0,0,0,7,True,unknown,unknown,,,,sociablEE,FUT Esports,fade,True,100,50,0,1,1,7,False,odin,heavy,,0.5489,0.5911,yetujey,FUT Esports,astra,True,100,50,1,0,0,1,False,phantom,rifle,,0.5978,0.6011,KROSTALY,FUT Esports,kayo,True,100,50,1,1,0,2,False,vandal,rifle,,0.5378,0.5600,Chronicle,Team Vitality,chamber,True,100,50,0,8,0,1,False,operator,sniper,,0.4756,0.2511,Derke,Team Vitality,neon,True,100,50,1,1,1,7,False,operator,sniper,,0.8356,0.4533,Jamppi,Team Vitality,kayo,True,100,50,1,2,0,1,False,phantom,rifle,,0.1478,0.3300,Sayonara,Team Vitality,sova,True,100,50,0,2,1,4,False,phantom,rifle,,0.8989,0.2956,PROFEK,Team Vitality,astra,True,100,50,0,1,0,7,True,phantom,rifle,,0.5111,0.2500
2700.181,5362,ACTIVE_ROUND,18,10,9,69.000,,,s0pp,FUT Esports,chamber,True,100,50,0,8,1,7,True,shorty,sidearm,,0.4522,0.9267,xeus,FUT Esports,jett,False,,50,0,0,0,7,True,unknown,unknown,,,,sociablEE,FUT Esports,fade,True,100,50,0,1,1,7,False,odin,heavy,,0.5489,0.5911,yetujey,FUT Esports,astra,True,100,50,1,0,0,1,False,phantom,rifle,,0.5978,0.6011,KROSTALY,FUT Esports,kayo,True,100,50,1,1,0,2,False,vandal,rifle,,0.5378,0.5600,Chronicle,Team Vitality,chamber,True,100,50,0,8,0,1,False,operator,sniper,,0.4644,0.2556,Derke,Team Vitality,neon,True,100,50,1,1,1,7,False,operator,sniper,,0.8356,0.4533,Jamppi,Team Vitality,kayo,True,100,50,1,2,0,1,False,phantom,rifle,,0.1700,0.3144,Sayonara,Team Vitality,sova,True,100,50,0,2,1,4,False,phantom,rifle,,0.8967,0.2956,PROFEK,Team Vitality,astra,True,100,50,0,1,0,7,True,phantom,rifle,,0.5111,0.2500
2700.665,5363,ACTIVE_ROUND,18,10,9,69.000,,,s0pp,FUT Esports,chamber,True,100,50,0,8,1,7,True,shorty,sidearm,,0.2722,0.8133,xeus,FUT Esports,jett,False,,50,0,0,0,7,True,unknown,unknown,,,,sociablEE,FUT Esports,fade,True,100,50,0,1,1,7,False,odin,heavy,,0.5489,0.5911,yetujey,FUT Esports,astra,True,100,50,1,0,0,1,False,phantom,rifle,,0.5978,0.6033,KROSTALY,FUT Esports,kayo,True,100,50,1,1,0,2,False,vandal,rifle,,0.5378,0.5600,Chronicle,Team Vitality,chamber,True,100,50,0,8,0,1,False,operator,sniper,,0.4511,0.2622,Derke,Team Vitality,neon,True,100,50,1,1,1,7,False,operator,sniper,,0.8356,0.4533,Jamppi,Team Vitality,kayo,True,100,50,1,2,0,1,False,phantom,rifle,,0.1478,0.3322,Sayonara,Team Vitality,sova,True,100,50,0,2,1,4,False,phantom,rifle,,0.8789,0.3000,PROFEK,Team Vitality,astra,True,100,50,0,1,0,7,True,phantom,rifle,,0.5111,0.2500
2701.148,5364,ACTIVE_ROUND,18,10,9,68.000,,,s0pp,FUT Esports,chamber,True,100,50,0,8,1,7,True,shorty,sidearm,,0.3833,0.2733,xeus,FUT Esports,jett,False,,50,0,0,0,7,True,unknown,unknown,,,,sociablEE,FUT Esports,fade,True,100,50,0,1,1,7,False,odin,heavy,,0.5489,0.5911,yetujey,FUT Esports,astra,True,100,50,1,0,0,1,False,phantom,rifle,,0.5889,0.6122,KROSTALY,FUT Esports,kayo,True,100,50,1,1,0,2,False,vandal,rifle,,0.5378,0.5600,Chronicle,Team Vitality,chamber,True,100,50,0,8,0,1,False,operator,sniper,,0.4378,0.2689,Derke,Team Vitality,neon,True,100,50,1,1,1,7,False,operator,sniper,,0.8356,0.4533,Jamppi,Team Vitality,kayo,True,100,50,1,2,0,1,False,phantom,rifle,,0.1478,0.3300,Sayonara,Team Vitality,sova,True,100,50,0,2,1,4,False,phantom,rifle,,0.9033,0.2978,PROFEK,Team Vitality,astra,True,100,50,0,1,0,7,True,phantom,rifle,,0.5111,0.2500
2701.632,5365,ACTIVE_ROUND,18,10,9,68.000,,,s0pp,FUT Esports,chamber,True,100,50,0,8,1,7,True,shorty,sidearm,,0.4522,0.9267,xeus,FUT Esports,jett,False,,50,0,0,0,7,True,unknown,unknown,,,,sociablEE,FUT Esports,fade,True,100,50,0,1,1,7,False,odin,heavy,,0.5489,0.5911,yetujey,FUT Esports,astra,True,100,50,1,0,0,1,False,phantom,rifle,,0.5778,0.6144,KROSTALY,FUT Esports,kayo,True,100,50,1,1,0,2,False,vandal,rifle,,0.1756,0.3156,Chronicle,Team Vitality,chamber,True,100,50,0,8,0,1,False,operator,sniper,,0.4244,0.2756,Derke,Team Vitality,neon,True,100,50,1,1,1,7,False,operator,sniper,,0.8356,0.4533,Jamppi,Team Vitality,kayo,True,100,50,1,2,0,1,False,phantom,rifle,,0.1700,0.3144,Sayonara,Team Vitality,sova,True,100,50,0,2,1,4,False,phantom,rifle,,0.8767,0.5200,PROFEK,Team Vitality,astra,True,100,50,0,1,0,7,True,phantom,rifle,,0.5111,0.2500
2702.116,5366,ACTIVE_ROUND,18,10,9,67.000,,,s0pp,FUT Esports,chamber,True,100,50,0,8,1,7,True,shorty,sidearm,,0.2722,0.8089,xeus,FUT Esports,jett,False,,50,0,0,0,7,True,unknown,unknown,,,,sociablEE,FUT Esports,fade,True,100,50,0,1,1,7,False,odin,heavy,,0.5489,0.5911,yetujey,FUT Esports,astra,True,100,50,1,0,0,1,False,phantom,rifle,,0.5644,0.6100,KROSTALY,FUT Esports,kayo,True,100,50,1,1,0,2,False,vandal,rifle,,0.1756,0.3156,Chronicle,Team Vitality,chamber,True,100,50,0,8,0,1,False,operator,sniper,,0.4133,0.2822,Derke,Team Vitality,neon,True,100,50,1,1,1,7,False,operator,sniper,,0.8356,0.4533,Jamppi,Team Vitality,kayo,True,100,50,1,2,0,1,False,phantom,rifle,,0.1478,0.3300,Sayonara,Team Vitality,sova,True,100,50,0,2,1,4,False,phantom,rifle,,0.8811,0.3067,PROFEK,Team Vitality,astra,True,100,50,0,1,0,7,True,phantom,rifle,,0.5111,0.2500
2702.600,5367,ACTIVE_ROUND,18,10,9,67.000,,,s0pp,FUT Esports,chamber,True,100,50,0,8,1,7,True,shorty,sidearm,,0.1567,0.3600,xeus,FUT Esports,jett,False,,50,0,0,0,7,True,unknown,unknown,,,,sociablEE,FUT Esports,fade,True,100,50,0,1,1,7,False,odin,heavy,,0.5489,0.5911,yetujey,FUT Esports,astra,True,100,50,1,0,0,1,False,phantom,rifle,,0.5556,0.6056,KROSTALY,FUT Esports,kayo,True,100,50,1,1,0,2,False,vandal,rifle,,0.1756,0.3156,Chronicle,Team Vitality,chamber,True,100,50,0,8,0,1,False,operator,sniper,,0.4022,0.2889,Derke,Team Vitality,neon,True,100,50,1,1,1,7,False,operator,sniper,,0.8356,0.4533,Jamppi,Team Vitality,kayo,True,100,50,1,2,0,1,False,phantom,rifle,,0.5589,0.2078,Sayonara,Team Vitality,sova,True,100,50,0,2,1,4,False,phantom,rifle,,0.8833,0.3111,PROFEK,Team Vitality,astra,True,100,50,0,1,0,7,True,phantom,rifle,,0.5111,0.2500
2703.084,5368,ACTIVE_ROUND,18,10,9,66.000,,,s0pp,FUT Esports,chamber,True,100,50,0,8,1,7,True,shorty,sidearm,,0.2722,0.8000,xeus,FUT Esports,jett,False,,50,0,0,0,7,True,unknown,unknown,,,,sociablEE,FUT Esports,fade,True,100,50,0,1,1,7,False,odin,heavy,,0.5489,0.5911,yetujey,FUT Esports,astra,True,100,50,1,0,0,1,False,phantom,rifle,,0.5489,0.5944,KROSTALY,FUT Esports,kayo,True,100,50,1,1,0,2,False,vandal,rifle,,0.1756,0.3156,Chronicle,Team Vitality,chamber,True,100,50,0,8,0,1,False,operator,sniper,,0.4022,0.2889,Derke,Team Vitality,neon,True,100,50,1,1,1,7,False,operator,sniper,,0.8356,0.4533,Jamppi,Team Vitality,kayo,True,100,50,1,2,0,1,False,phantom,rifle,,0.1478,0.3256,Sayonara,Team Vitality,sova,True,100,50,0,2,1,4,False,phantom,rifle,,0.9056,0.3022,PROFEK,Team Vitality,astra,True,100,50,0,0,0,7,True,phantom,rifle,,0.5689,0.2056
2703.568,5369,ACTIVE_ROUND,18,10,9,66.000,,,s0pp,FUT Esports,chamber,True,100,50,0,8,1,7,True,shorty,sidearm,,0.5211,0.2133,xeus,FUT Esports,jett,False,,50,0,0,0,7,True,unknown,unknown,,,,sociablEE,FUT Esports,fade,True,100,50,0,1,1,7,False,odin,heavy,,0.5489,0.5911,yetujey,FUT Esports,astra,True,100,50,1,0,0,1,False,phantom,rifle,,0.5400,0.5878,KROSTALY,FUT Esports,kayo,True,100,50,1,1,0,2,False,vandal,rifle,,0.1756,0.3156,Chronicle,Team Vitality,chamber,True,100,50,0,8,0,1,False,operator,sniper,,0.3844,0.3111,Derke,Team Vitality,neon,True,100,50,1,1,1,7,False,operator,sniper,,0.8356,0.4533,Jamppi,Team Vitality,kayo,True,100,50,1,2,0,1,False,phantom,rifle,,0.1478,0.3256,Sayonara,Team Vitality,sova,True,100,50,0,2,1,4,False,phantom,rifle,,0.8811,0.2956,PROFEK,Team Vitality,astra,True,100,50,0,0,0,7,True,phantom,rifle,,0.5778,0.1967
2704.051,5370,ACTIVE_ROUND,18,10,9,65.000,,,s0pp,FUT Esports,chamber,True,100,50,0,8,1,7,True,shorty,sidearm,,0.5300,0.2044,xeus,FUT Esports,jett,False,,50,0,0,0,7,True,unknown,unknown,,,,sociablEE,FUT Esports,fade,True,100,50,0,1,1,7,False,odin,heavy,,0.5489,0.5911,yetujey,FUT Esports,astra,True,100,50,1,0,0,1,False,phantom,rifle,,0.5400,0.5878,KROSTALY,FUT Esports,kayo,True,100,50,1,1,0,2,False,vandal,rifle,,0.1756,0.3156,Chronicle,Team Vitality,chamber,True,100,50,0,8,0,1,False,operator,sniper,,0.3756,0.3222,Derke,Team Vitality,neon,True,100,50,1,1,1,7,False,operator,sniper,,0.8356,0.4533,Jamppi,Team Vitality,kayo,True,100,50,1,2,0,1,False,phantom,rifle,,0.1478,0.3300,Sayonara,Team Vitality,sova,True,100,50,0,2,1,4,False,phantom,rifle,,0.8967,0.2911,PROFEK,Team Vitality,astra,True,100,50,0,0,0,7,True,phantom,rifle,,0.5778,0.1967
2704.535,5371,ACTIVE_ROUND,18,10,9,65.000,,,s0pp,FUT Esports,chamber,True,100,50,0,8,1,7,True,shorty,sidearm,,0.5567,0.7222,xeus,FUT Esports,jett,False,,50,0,0,0,7,True,unknown,unknown,,,,sociablEE,FUT Esports,fade,True,100,50,0,1,1,7,False,odin,heavy,,0.5489,0.5911,yetujey,FUT Esports,astra,True,100,50,1,0,0,1,False,phantom,rifle,,0.5178,0.6011,KROSTALY,FUT Esports,kayo,True,100,50,1,1,0,2,False,vandal,rifle,,0.1756,0.3156,Chronicle,Team Vitality,chamber,True,100,50,0,8,0,1,False,operator,sniper,,0.3689,0.3311,Derke,Team Vitality,neon,True,100,50,1,1,1,7,False,operator,sniper,,0.8356,0.4533,Jamppi,Team Vitality,kayo,True,100,50,1,2,0,1,False,phantom,rifle,,0.1478,0.3300,Sayonara,Team Vitality,sova,True,100,50,0,2,1,4,False,phantom,rifle,,0.9011,0.2978,PROFEK,Team Vitality,astra,True,100,50,0,0,0,7,True,phantom,rifle,,0.5956,0.1878
2705.019,5372,ACTIVE_ROUND,18,10,9,64.000,,,s0pp,FUT Esports,chamber,True,100,50,0,8,1,7,True,shorty,sidearm,,0.5522,0.1956,xeus,FUT Esports,jett,False,,50,0,0,0,7,True,unknown,unknown,,,,sociablEE,FUT Esports,fade,True,100,50,0,1,1,7,False,odin,heavy,,0.5489,0.5911,yetujey,FUT Esports,astra,True,100,50,1,1,0,1,False,phantom,rifle,,0.5178,0.6011,KROSTALY,FUT Esports,kayo,True,100,50,1,1,0,2,False,vandal,rifle,,0.1756,0.3156,Chronicle,Team Vitality,chamber,True,100,50,0,8,0,1,False,operator,sniper,,0.3689,0.3422,Derke,Team Vitality,neon,True,100,50,1,1,1,7,False,operator,sniper,,0.8356,0.4533,Jamppi,Team Vitality,kayo,True,100,50,1,2,0,1,False,phantom,rifle,,0.1478,0.3300,Sayonara,Team Vitality,sova,True,100,50,0,2,1,4,False,phantom,rifle,,0.8433,0.4044,PROFEK,Team Vitality,astra,True,100,50,1,0,0,7,True,phantom,rifle,,0.6067,0.1878
2705.503,5373,ACTIVE_ROUND,18,10,9,64.000,,,s0pp,FUT Esports,chamber,True,100,50,0,8,1,7,True,shorty,sidearm,,0.4278,0.6356,xeus,FUT Esports,jett,False,,50,0,0,0,7,True,unknown,unknown,,,,sociablEE,FUT Esports,fade,True,100,50,0,1,1,7,False,odin,heavy,,0.5489,0.5911,yetujey,FUT Esports,astra,True,100,50,1,1,0,1,False,phantom,rifle,,0.5178,0.6011,KROSTALY,FUT Esports,kayo,True,100,50,1,1,0,2,False,vandal,rifle,,0.1756,0.3156,Chronicle,Team Vitality,chamber,True,100,50,0,8,0,1,False,operator,sniper,,0.3667,0.3511,Derke,Team Vitality,neon,True,100,50,1,1,1,7,False,operator,sniper,,0.8356,0.4533,Jamppi,Team Vitality,kayo,True,100,50,1,2,0,1,False,phantom,rifle,,0.6211,0.1856,Sayonara,Team Vitality,sova,True,100,50,0,2,1,4,False,phantom,rifle,,0.8433,0.4044,PROFEK,Team Vitality,astra,True,100,50,1,0,0,7,True,phantom,rifle,,0.6067,0.1878
2705.987,5374,ACTIVE_ROUND,18,10,9,63.000,,,s0pp,FUT Esports,chamber,True,100,50,0,8,1,7,True,shorty,sidearm,,0.2856,0.7600,xeus,FUT Esports,jett,False,,50,0,0,0,7,True,unknown,unknown,,,,sociablEE,FUT Esports,fade,True,100,50,0,1,1,7,False,odin,heavy,,0.5489,0.5911,yetujey,FUT Esports,astra,True,100,50,1,1,0,1,False,phantom,rifle,,0.4867,0.6300,KROSTALY,FUT Esports,kayo,True,100,50,1,1,0,2,False,vandal,rifle,,0.1756,0.3156,Chronicle,Team Vitality,chamber,True,100,50,0,8,0,1,False,operator,sniper,,0.3689,0.3556,Derke,Team Vitality,neon,True,100,50,1,1,1,7,False,operator,sniper,,0.8356,0.4533,Jamppi,Team Vitality,kayo,True,100,50,1,2,0,1,False,phantom,rifle,,0.6211,0.1856,Sayonara,Team Vitality,sova,True,100,50,0,2,1,4,False,phantom,rifle,,0.8878,0.2911,PROFEK,Team Vitality,astra,True,100,50,1,0,0,7,True,phantom,rifle,,0.6289,0.1878
2706.470,5375,ACTIVE_ROUND,18,10,9,63.000,,,s0pp,FUT Esports,chamber,True,100,50,0,8,1,7,True,shorty,sidearm,,0.4900,0.5044,xeus,FUT Esports,jett,False,,50,0,0,0,7,True,unknown,unknown,,,,sociablEE,FUT Esports,fade,True,100,50,0,1,1,7,False,odin,heavy,,0.5489,0.5911,yetujey,FUT Esports,astra,True,100,50,1,1,0,1,False,phantom,rifle,,0.4867,0.6300,KROSTALY,FUT Esports,kayo,True,100,50,1,1,0,2,False,vandal,rifle,,0.1756,0.3156,Chronicle,Team Vitality,chamber,True,100,50,0,8,0,1,False,operator,sniper,,0.3689,0.3556,Derke,Team Vitality,neon,True,100,50,1,1,1,7,False,operator,sniper,,0.8356,0.4533,Jamppi,Team Vitality,kayo,True,100,50,1,2,0,1,False,phantom,rifle,,0.1478,0.3278,Sayonara,Team Vitality,sova,True,100,50,0,2,1,4,False,phantom,rifle,,0.8767,0.3044,PROFEK,Team Vitality,astra,True,100,50,1,0,0,7,True,phantom,rifle,,0.6289,0.1878
2706.954,5376,ACTIVE_ROUND,18,10,9,62.000,,,s0pp,FUT Esports,chamber,True,100,50,0,8,1,7,True,shorty,sidearm,,0.3922,0.6667,xeus,FUT Esports,jett,False,,50,0,0,0,7,True,unknown,unknown,,,,sociablEE,FUT Esports,fade,True,100,50,0,1,1,7,False,odin,heavy,,0.5489,0.5911,yetujey,FUT Esports,astra,True,100,50,1,0,0,1,False,phantom,rifle,,0.4867,0.6300,KROSTALY,FUT Esports,kayo,True,100,50,1,1,0,2,False,vandal,rifle,,0.1756,0.3156,Chronicle,Team Vitality,chamber,True,100,50,0,8,0,1,False,operator,sniper,,0.3689,0.3556,Derke,Team Vitality,neon,True,100,50,1,1,1,7,False,operator,sniper,,0.8356,0.4533,Jamppi,Team Vitality,kayo,True,100,50,1,2,0,1,False,phantom,rifle,,0.1478,0.3278,Sayonara,Team Vitality,sova,True,100,50,0,2,1,4,False,phantom,rifle,,0.1989,0.3022,PROFEK,Team Vitality,astra,True,100,50,0,0,0,7,True,phantom,rifle,,0.6533,0.1944
2707.438,5377,ACTIVE_ROUND,18,10,9,62.000,,,s0pp,FUT Esports,chamber,True,100,50,0,8,1,7,True,shorty,sidearm,,0.5967,0.2067,xeus,FUT Esports,jett,False,,50,0,0,0,7,True,unknown,unknown,,,,sociablEE,FUT Esports,fade,True,100,50,0,1,1,7,False,odin,heavy,,0.5489,0.5911,yetujey,FUT Esports,astra,True,100,50,1,0,0,1,False,phantom,rifle,,0.4867,0.6300,KROSTALY,FUT Esports,kayo,True,100,50,1,1,0,2,False,vandal,rifle,,0.1756,0.3156,Chronicle,Team Vitality,chamber,True,100,50,0,8,0,1,False,operator,sniper,,0.3689,0.3467,Derke,Team Vitality,neon,True,100,50,1,1,1,7,False,operator,sniper,,0.8356,0.4533,Jamppi,Team Vitality,kayo,True,100,50,1,2,0,1,False,phantom,rifle,,0.1478,0.3278,Sayonara,Team Vitality,sova,True,100,50,0,2,1,4,False,phantom,rifle,,0.8522,0.4089,PROFEK,Team Vitality,astra,True,100,50,0,0,0,7,True,phantom,rifle,,0.6533,0.1944
2707.922,5378,ACTIVE_ROUND,18,10,9,61.000,,,s0pp,FUT Esports,chamber,True,100,50,0,8,1,7,True,shorty,sidearm,,0.5433,0.5911,xeus,FUT Esports,jett,False,,50,0,0,0,7,True,unknown,unknown,,,,sociablEE,FUT Esports,fade,True,100,50,0,1,1,7,False,odin,heavy,,0.5489,0.5911,yetujey,FUT Esports,astra,True,100,50,1,0,0,1,False,phantom,rifle,,0.4867,0.6300,KROSTALY,FUT Esports,kayo,True,100,50,1,1,0,2,False,vandal,rifle,,0.1756,0.3156,Chronicle,Team Vitality,chamber,True,100,50,0,8,0,1,False,operator,sniper,,0.3667,0.3378,Derke,Team Vitality,neon,True,100,50,1,1,1,7,False,operator,sniper,,0.8356,0.4533,Jamppi,Team Vitality,kayo,True,100,50,1,2,0,1,False,phantom,rifle,,0.1478,0.3278,Sayonara,Team Vitality,sova,True,100,50,0,2,1,4,False,phantom,rifle,,0.2033,0.3022,PROFEK,Team Vitality,astra,True,100,50,0,0,0,7,True,phantom,rifle,,0.6533,0.1944
2708.406,5379,ACTIVE_ROUND,18,10,9,61.000,,,s0pp,FUT Esports,chamber,True,100,50,0,8,1,7,True,shorty,sidearm,,0.3122,0.3556,xeus,FUT Esports,jett,False,,50,0,0,0,7,True,unknown,unknown,,,,sociablEE,FUT Esports,fade,True,100,50,0,1,1,7,False,odin,heavy,,0.5489,0.5911,yetujey,FUT Esports,astra,True,100,50,1,0,0,1,False,phantom,rifle,,0.4867,0.6300,KROSTALY,FUT Esports,kayo,True,100,50,1,1,0,2,False,vandal,rifle,,0.1756,0.3156,Chronicle,Team Vitality,chamber,True,100,50,0,8,0,1,False,operator,sniper,,0.3667,0.3400,Derke,Team Vitality,neon,True,100,50,1,1,1,7,False,operator,sniper,,0.8356,0.4533,Jamppi,Team Vitality,kayo,True,100,50,1,2,0,1,False,phantom,rifle,,0.1478,0.3278,Sayonara,Team Vitality,sova,True,100,50,0,2,1,4,False,phantom,rifle,,0.9100,0.3044,PROFEK,Team Vitality,astra,True,100,50,0,0,0,7,True,phantom,rifle,,0.6533,0.1944
2708.890,5380,ACTIVE_ROUND,18,10,9,60.000,,,s0pp,FUT Esports,chamber,True,100,50,0,8,1,7,True,shorty,sidearm,,0.5433,0.5911,xeus,FUT Esports,jett,False,,50,0,0,0,7,True,unknown,unknown,,,,sociablEE,FUT Esports,fade,True,100,50,0,1,1,7,False,odin,heavy,,0.5489,0.5911,yetujey,FUT Esports,astra,True,100,50,1,1,0,1,False,phantom,rifle,,0.4422,0.6967,KROSTALY,FUT Esports,kayo,True,100,50,1,1,0,2,False,vandal,rifle,,0.1756,0.3156,Chronicle,Team Vitality,chamber,True,100,50,0,8,1,1,False,operator,sniper,,0.3667,0.3467,Derke,Team Vitality,neon,True,100,50,1,1,1,7,False,operator,sniper,,0.8356,0.4533,Jamppi,Team Vitality,kayo,True,100,50,1,2,0,1,False,phantom,rifle,,0.1478,0.3278,Sayonara,Team Vitality,sova,True,100,50,0,2,1,4,False,phantom,rifle,,0.1989,0.3022,PROFEK,Team Vitality,astra,True,100,50,1,0,0,7,True,phantom,rifle,,0.6533,0.1944
2709.373,5381,ACTIVE_ROUND,18,10,9,60.000,,,s0pp,FUT Esports,chamber,True,100,50,0,8,1,7,True,shorty,sidearm,,0.7522,0.7422,xeus,FUT Esports,jett,False,,50,0,0,0,7,True,unknown,unknown,,,,sociablEE,FUT Esports,fade,True,100,50,0,1,1,7,False,odin,heavy,,0.5489,0.5911,yetujey,FUT Esports,astra,True,100,50,1,1,0,1,False,phantom,rifle,,0.4378,0.7078,KROSTALY,FUT Esports,kayo,True,100,50,1,1,0,2,False,vandal,rifle,,0.1756,0.3156,Chronicle,Team Vitality,chamber,True,100,50,0,8,1,1,False,operator,sniper,,0.3622,0.3600,Derke,Team Vitality,neon,True,100,50,1,1,1,7,False,operator,sniper,,0.8356,0.4533,Jamppi,Team Vitality,kayo,True,100,50,1,2,0,1,False,phantom,rifle,,0.1767,0.3033,Sayonara,Team Vitality,sova,True,100,50,0,2,1,4,False,phantom,rifle,,0.9011,0.2956,PROFEK,Team Vitality,astra,True,100,50,1,0,0,7,True,phantom,rifle,,0.6533,0.1944
2709.857,5382,ACTIVE_ROUND,18,10,9,59.000,,,s0pp,FUT Esports,chamber,True,100,50,0,8,1,7,True,shorty,sidearm,,0.6011,0.2022,xeus,FUT Esports,jett,False,,50,0,0,0,7,True,unknown,unknown,,,,sociablEE,FUT Esports,fade,True,100,50,0,1,1,7,False,odin,heavy,,0.5489,0.5911,yetujey,FUT Esports,astra,True,100,50,1,1,0,1,False,phantom,rifle,,0.4333,0.7211,KROSTALY,FUT Esports,kayo,True,100,50,1,1,0,2,False,vandal,rifle,,0.1756,0.3156,Chronicle,Team Vitality,chamber,True,100,50,0,8,1,1,False,operator,sniper,,0.3533,0.3622,Derke,Team Vitality,neon,True,100,50,1,1,1,7,False,operator,sniper,,0.8356,0.4533,Jamppi,Team Vitality,kayo,True,100,50,1,2,0,1,False,phantom,rifle,,0.1989,0.3056,Sayonara,Team Vitality,sova,True,100,50,0,2,1,4,False,phantom,rifle,,0.2300,0.3022,PROFEK,Team Vitality,astra,True,100,50,1,0,0,7,True,phantom,rifle,,0.6556,0.1878
2710.341,5383,ACTIVE_ROUND,18,10,9,59.000,,,s0pp,FUT Esports,chamber,True,100,50,0,8,1,7,True,shorty,sidearm,,0.6011,0.1911,xeus,FUT Esports,jett,False,,50,0,0,0,7,True,unknown,unknown,,,,sociablEE,FUT Esports,fade,True,100,50,0,1,1,7,False,odin,heavy,,0.3978,0.5444,yetujey,FUT Esports,astra,True,100,50,1,1,0,1,False,phantom,rifle,,0.4333,0.7211,KROSTALY,FUT Esports,kayo,True,100,50,1,1,0,2,False,vandal,rifle,,0.1756,0.3156,Chronicle,Team Vitality,chamber,True,100,50,0,8,1,1,False,operator,sniper,,0.3444,0.3667,Derke,Team Vitality,neon,True,100,50,1,1,1,7,False,operator,sniper,,0.8356,0.4533,Jamppi,Team Vitality,kayo,True,100,50,1,2,0,1,False,phantom,rifle,,0.2078,0.3078,Sayonara,Team Vitality,sova,True,100,50,0,2,1,4,False,phantom,rifle,,0.9167,0.3111,PROFEK,Team Vitality,astra,True,100,50,1,0,0,7,True,phantom,rifle,,0.6556,0.1767
2710.825,5384,ACTIVE_ROUND,18,10,9,58.000,,,s0pp,FUT Esports,chamber,True,100,50,0,8,1,7,True,shorty,sidearm,,0.6011,0.1867,xeus,FUT Esports,jett,False,,50,0,0,0,7,True,unknown,unknown,,,,sociablEE,FUT Esports,fade,True,100,50,0,1,1,7,False,odin,heavy,,0.3889,0.5467,yetujey,FUT Esports,astra,True,100,50,1,1,0,1,False,phantom,rifle,,0.4333,0.7211,KROSTALY,FUT Esports,kayo,True,100,50,1,1,0,2,False,vandal,rifle,,0.1756,0.3156,Chronicle,Team Vitality,chamber,True,100,50,0,8,1,1,False,operator,sniper,,0.3333,0.3711,Derke,Team Vitality,neon,True,100,50,1,1,1,7,False,operator,sniper,,0.8356,0.4533,Jamppi,Team Vitality,kayo,True,100,50,1,2,0,1,False,phantom,rifle,,0.1900,0.3056,Sayonara,Team Vitality,sova,True,100,50,0,2,1,4,False,phantom,rifle,,0.8811,0.3067,PROFEK,Team Vitality,astra,True,100,50,0,0,0,7,True,phantom,rifle,,0.6556,0.1744
2711.309,5385,ACTIVE_ROUND,18,10,9,58.000,,,s0pp,FUT Esports,chamber,True,100,50,0,8,1,7,True,shorty,sidearm,,0.5967,0.1844,xeus,FUT Esports,jett,False,,50,0,0,0,7,True,unknown,unknown,,,,sociablEE,FUT Esports,fade,True,100,50,0,1,1,7,False,odin,heavy,,0.3778,0.5467,yetujey,FUT Esports,astra,True,100,50,1,1,0,1,False,phantom,rifle,,0.4333,0.7211,KROSTALY,FUT Esports,kayo,True,100,50,1,1,0,2,False,vandal,rifle,,0.1756,0.3156,Chronicle,Team Vitality,chamber,True,100,50,0,8,1,1,False,operator,sniper,,0.3267,0.3778,Derke,Team Vitality,neon,True,100,50,1,1,1,7,False,operator,sniper,,0.8311,0.4422,Jamppi,Team Vitality,kayo,True,100,50,1,2,0,1,False,phantom,rifle,,0.1011,0.4744,Sayonara,Team Vitality,sova,True,100,50,0,2,1,4,False,phantom,rifle,,0.8900,0.3333,PROFEK,Team Vitality,astra,True,100,50,0,0,0,7,True,phantom,rifle,,0.6533,0.1722
2711.792,5386,ACTIVE_ROUND,18,10,9,57.000,,,s0pp,FUT Esports,chamber,True,100,50,0,8,1,7,True,shorty,sidearm,,0.5922,0.1867,xeus,FUT Esports,jett,False,,50,0,0,0,7,True,unknown,unknown,,,,sociablEE,FUT Esports,fade,True,100,50,0,1,1,7,False,odin,heavy,,0.3667,0.5467,yetujey,FUT Esports,astra,True,100,50,1,1,0,1,False,phantom,rifle,,0.4333,0.7211,KROSTALY,FUT Esports,kayo,True,100,50,1,1,0,2,False,vandal,rifle,,0.1756,0.3156,Chronicle,Team Vitality,chamber,True,100,50,0,8,1,1,False,operator,sniper,,0.3156,0.3800,Derke,Team Vitality,neon,True,100,50,1,1,1,7,False,operator,sniper,,0.8311,0.4422,Jamppi,Team Vitality,kayo,True,100,50,1,2,0,1,False,phantom,rifle,,0.1478,0.3300,Sayonara,Team Vitality,sova,True,100,50,0,2,1,4,False,phantom,rifle,,0.8900,0.3222,PROFEK,Team Vitality,astra,True,100,50,0,0,0,7,True,phantom,rifle,,0.6489,0.1722
2712.276,5387,ACTIVE_ROUND,18,10,9,57.000,,,s0pp,FUT Esports,chamber,True,100,50,0,8,1,7,True,shorty,sidearm,,0.5878,0.2178,xeus,FUT Esports,jett,False,,50,0,0,0,7,True,unknown,unknown,,,,sociablEE,FUT Esports,fade,True,100,50,0,1,1,7,False,odin,heavy,,0.3667,0.5467,yetujey,FUT Esports,astra,True,100,50,1,1,0,1,False,phantom,rifle,,0.4333,0.7211,KROSTALY,FUT Esports,kayo,True,100,50,1,1,0,2,False,vandal,rifle,,0.1756,0.3156,Chronicle,Team Vitality,chamber,True,100,50,0,8,1,1,False,operator,sniper,,0.3089,0.3800,Derke,Team Vitality,neon,True,100,50,1,1,1,7,False,operator,sniper,,0.8311,0.4422,Jamppi,Team Vitality,kayo,True,100,50,1,2,0,1,False,phantom,rifle,,0.1478,0.3300,Sayonara,Team Vitality,sova,True,100,50,0,2,1,4,False,phantom,rifle,,0.1989,0.3022,PROFEK,Team Vitality,astra,True,100,50,0,0,0,7,True,phantom,rifle,,0.6489,0.1722
2712.760,5388,ACTIVE_ROUND,18,10,9,57.000,,,s0pp,FUT Esports,chamber,True,100,50,0,8,1,7,True,shorty,sidearm,,0.5878,0.2178,xeus,FUT Esports,jett,False,,50,0,0,0,7,True,unknown,unknown,,,,sociablEE,FUT Esports,fade,True,100,50,0,1,1,7,False,odin,heavy,,0.3667,0.5467,yetujey,FUT Esports,astra,True,100,50,1,0,0,1,False,phantom,rifle,,0.3778,0.8167,KROSTALY,FUT Esports,kayo,True,100,50,1,1,0,2,False,vandal,rifle,,0.1756,0.3156,Chronicle,Team Vitality,chamber,True,100,50,0,8,1,1,False,operator,sniper,,0.3111,0.3800,Derke,Team Vitality,neon,True,100,50,1,1,1,7,False,operator,sniper,,0.8311,0.4422,Jamppi,Team Vitality,kayo,True,100,50,1,2,0,1,False,phantom,rifle,,0.1478,0.3300,Sayonara,Team Vitality,sova,True,100,50,0,2,1,4,False,phantom,rifle,,0.8922,0.2978,PROFEK,Team Vitality,astra,True,100,50,0,0,0,7,True,phantom,rifle,,0.6511,0.1722
2713.244,5389,ACTIVE_ROUND,18,10,9,56.000,,,s0pp,FUT Esports,chamber,True,100,50,0,8,1,7,True,shorty,sidearm,,0.5967,0.1889,xeus,FUT Esports,jett,False,,50,0,0,0,7,True,unknown,unknown,,,,sociablEE,FUT Esports,fade,True,100,50,0,1,1,7,False,odin,heavy,,0.3667,0.5467,yetujey,FUT Esports,astra,True,100,50,1,0,0,1,False,phantom,rifle,,0.3778,0.8167,KROSTALY,FUT Esports,kayo,True,100,50,1,1,0,2,False,vandal,rifle,,0.1756,0.3156,Chronicle,Team Vitality,chamber,True,100,50,0,8,1,1,False,operator,sniper,,0.3067,0.3844,Derke,Team Vitality,neon,True,100,50,1,1,1,7,False,operator,sniper,,0.8311,0.4422,Jamppi,Team Vitality,kayo,True,100,50,1,2,0,1,False,phantom,rifle,,0.1478,0.3300,Sayonara,Team Vitality,sova,True,100,50,0,2,1,4,False,phantom,rifle,,0.2011,0.3022,PROFEK,Team Vitality,astra,True,100,50,0,0,0,7,True,phantom,rifle,,0.6489,0.1722
2713.728,5390,ACTIVE_ROUND,18,10,9,56.000,,,s0pp,FUT Esports,chamber,True,100,50,0,8,1,7,True,shorty,sidearm,,0.5433,0.5911,xeus,FUT Esports,jett,False,,50,0,0,0,7,True,unknown,unknown,,,,sociablEE,FUT Esports,fade,True,100,50,0,1,1,7,False,odin,heavy,,0.3667,0.5467,yetujey,FUT Esports,astra,True,100,50,1,0,0,1,False,phantom,rifle,,0.3400,0.8122,KROSTALY,FUT Esports,kayo,True,100,50,1,1,0,2,False,vandal,rifle,,0.1756,0.3156,Chronicle,Team Vitality,chamber,True,100,50,0,8,1,1,False,operator,sniper,,0.3067,0.3844,Derke,Team Vitality,neon,True,100,50,1,1,1,7,False,operator,sniper,,0.8311,0.4422,Jamppi,Team Vitality,kayo,True,100,50,1,2,0,1,False,phantom,rifle,,0.1478,0.3300,Sayonara,Team Vitality,sova,True,100,50,0,2,1,4,False,phantom,rifle,,0.8456,0.4067,PROFEK,Team Vitality,astra,True,100,50,0,0,0,7,True,phantom,rifle,,0.6489,0.1722
2714.211,5391,ACTIVE_ROUND,18,10,9,55.000,,,s0pp,FUT Esports,chamber,True,100,50,0,8,1,7,True,shorty,sidearm,,0.2633,0.8267,xeus,FUT Esports,jett,False,,50,0,0,0,7,True,unknown,unknown,,,,sociablEE,FUT Esports,fade,True,100,50,0,1,1,7,False,odin,heavy,,0.3667,0.5467,yetujey,FUT Esports,astra,True,100,50,1,0,0,1,False,phantom,rifle,,0.3222,0.8056,KROSTALY,FUT Esports,kayo,True,100,50,1,1,0,2,False,vandal,rifle,,0.1756,0.3156,Chronicle,Team Vitality,chamber,True,100,50,0,8,1,1,False,operator,sniper,,0.3044,0.3911,Derke,Team Vitality,neon,True,100,50,1,1,1,7,False,operator,sniper,,0.8311,0.4422,Jamppi,Team Vitality,kayo,True,100,50,1,2,0,1,False,phantom,rifle,,0.1478,0.3300,Sayonara,Team Vitality,sova,True,100,50,0,2,1,4,False,phantom,rifle,,0.8878,0.3133,PROFEK,Team Vitality,astra,True,100,50,0,0,0,7,True,phantom,rifle,,0.6489,0.1722
2714.695,5392,ACTIVE_ROUND,18,10,9,55.000,,,s0pp,FUT Esports,chamber,True,100,50,0,8,1,7,True,shorty,sidearm,,0.2633,0.8267,xeus,FUT Esports,jett,False,,50,0,0,0,7,True,unknown,unknown,,,,sociablEE,FUT Esports,fade,True,100,50,0,1,1,7,False,odin,heavy,,0.3667,0.5467,yetujey,FUT Esports,astra,True,100,50,1,0,0,1,False,phantom,rifle,,0.3089,0.7944,KROSTALY,FUT Esports,kayo,True,100,50,0,0,0,2,False,unknown,unknown,,0.1756,0.3156,Chronicle,Team Vitality,chamber,True,100,50,0,8,1,1,False,operator,sniper,,0.3044,0.3911,Derke,Team Vitality,neon,True,100,50,1,1,1,7,False,operator,sniper,,0.8311,0.4422,Jamppi,Team Vitality,kayo,True,100,50,1,2,0,1,False,phantom,rifle,,0.1478,0.3300,Sayonara,Team Vitality,sova,True,100,50,0,2,1,4,False,phantom,rifle,,0.8789,0.3022,PROFEK,Team Vitality,astra,True,100,50,1,0,0,7,True,phantom,rifle,,0.6489,0.1722
2715.179,5393,ACTIVE_ROUND,18,10,9,54.000,,,s0pp,FUT Esports,chamber,True,100,50,0,8,1,7,True,shorty,sidearm,,0.3300,0.5133,xeus,FUT Esports,jett,False,,50,0,0,0,7,True,unknown,unknown,,,,sociablEE,FUT Esports,fade,True,100,50,0,1,1,7,False,odin,heavy,,0.3667,0.5467,yetujey,FUT Esports,astra,True,100,50,1,0,0,1,False,phantom,rifle,,0.3089,0.7944,KROSTALY,FUT Esports,kayo,False,,50,0,0,0,2,False,unknown,unknown,,0.1756,0.3156,Chronicle,Team Vitality,chamber,True,100,50,0,8,1,1,False,operator,sniper,,0.3200,0.3911,Derke,Team Vitality,neon,True,100,50,1,1,1,7,False,operator,sniper,,0.8311,0.4422,Jamppi,Team Vitality,kayo,True,100,50,1,2,0,1,False,phantom,rifle,,0.8233,0.3144,Sayonara,Team Vitality,sova,True,100,50,0,2,1,4,False,phantom,rifle,,0.8856,0.3289,PROFEK,Team Vitality,astra,True,100,50,1,0,0,7,True,phantom,rifle,,0.6467,0.1700
2715.663,5394,ACTIVE_ROUND,18,10,9,54.000,,,s0pp,FUT Esports,chamber,True,100,50,0,8,1,7,True,shorty,sidearm,,0.3144,0.5200,xeus,FUT Esports,jett,False,,50,0,0,0,7,True,unknown,unknown,,,,sociablEE,FUT Esports,fade,True,100,50,0,1,1,7,False,odin,heavy,,0.3667,0.5467,yetujey,FUT Esports,astra,True,100,50,1,0,0,1,False,phantom,rifle,,0.3089,0.7944,KROSTALY,FUT Esports,kayo,False,,50,0,0,0,2,False,unknown,unknown,,,,Chronicle,Team Vitality,chamber,True,100,50,0,8,1,1,False,operator,sniper,,0.3289,0.3867,Derke,Team Vitality,neon,True,100,50,1,1,1,7,False,operator,sniper,,0.8311,0.4422,Jamppi,Team Vitality,kayo,True,100,50,1,2,0,1,False,phantom,rifle,,0.8233,0.3144,Sayonara,Team Vitality,sova,True,100,50,0,2,1,4,False,phantom,rifle,,0.8833,0.3067,PROFEK,Team Vitality,astra,True,100,50,1,0,0,7,True,phantom,rifle,,0.6467,0.1700
2716.147,5395,ACTIVE_ROUND,18,10,9,53.000,,,s0pp,FUT Esports,chamber,True,100,50,0,8,1,7,True,shorty,sidearm,,0.3078,0.5200,xeus,FUT Esports,jett,False,,50,0,0,0,7,True,unknown,unknown,,,,sociablEE,FUT Esports,fade,True,100,50,0,1,1,7,False,odin,heavy,,0.3667,0.5467,yetujey,FUT Esports,astra,True,100,50,1,0,0,1,False,phantom,rifle,,0.3089,0.7944,KROSTALY,FUT Esports,kayo,False,,50,0,0,0,2,False,unknown,unknown,,,,Chronicle,Team Vitality,chamber,True,100,50,0,8,1,1,False,operator,sniper,,0.3311,0.3778,Derke,Team Vitality,neon,True,100,50,1,1,1,7,False,operator,sniper,,0.8311,0.4422,Jamppi,Team Vitality,kayo,True,100,50,1,2,0,1,False,phantom,rifle,,0.8233,0.3144,Sayonara,Team Vitality,sova,True,100,50,0,2,1,4,False,phantom,rifle,,0.8811,0.3067,PROFEK,Team Vitality,astra,True,100,50,1,0,0,7,True,phantom,rifle,,0.6378,0.1700
2716.631,5396,ACTIVE_ROUND,18,10,9,53.000,,,s0pp,FUT Esports,chamber,True,100,50,0,8,1,7,True,vandal,rifle,,0.3078,0.5200,xeus,FUT Esports,jett,False,,50,0,0,0,7,True,unknown,unknown,,,,sociablEE,FUT Esports,fade,True,100,50,0,1,1,7,False,odin,heavy,,0.2756,0.5333,yetujey,FUT Esports,astra,True,100,50,1,1,0,1,False,phantom,rifle,,0.3089,0.7944,KROSTALY,FUT Esports,kayo,False,,50,0,0,0,2,False,unknown,unknown,,,,Chronicle,Team Vitality,chamber,True,100,50,0,8,1,2,False,operator,sniper,,0.3289,0.3756,Derke,Team Vitality,neon,True,100,50,1,1,1,7,False,operator,sniper,,0.8311,0.4422,Jamppi,Team Vitality,kayo,True,100,50,1,2,0,1,False,phantom,rifle,,0.8233,0.3144,Sayonara,Team Vitality,sova,True,100,50,0,2,1,4,False,phantom,rifle,,0.2033,0.3022,PROFEK,Team Vitality,astra,True,100,50,0,0,0,7,True,phantom,rifle,,0.6267,0.1700
2717.114,5397,ACTIVE_ROUND,18,10,9,52.000,,,s0pp,FUT Esports,chamber,True,100,50,0,8,1,7,True,vandal,rifle,,0.3078,0.5200,xeus,FUT Esports,jett,False,,50,0,0,0,7,True,unknown,unknown,,,,sociablEE,FUT Esports,fade,True,100,50,0,1,1,7,False,odin,heavy,,0.2733,0.5311,yetujey,FUT Esports,astra,True,100,50,1,1,0,1,False,phantom,rifle,,0.3089,0.7944,KROSTALY,FUT Esports,kayo,False,,50,0,0,0,2,False,unknown,unknown,,,,Chronicle,Team Vitality,chamber,True,100,50,0,8,1,2,False,operator,sniper,,0.3289,0.3733,Derke,Team Vitality,neon,True,100,50,1,1,1,7,False,operator,sniper,,0.8422,0.4356,Jamppi,Team Vitality,kayo,True,100,50,1,2,0,1,False,phantom,rifle,,0.1633,0.3122,Sayonara,Team Vitality,sova,True,100,50,0,2,1,4,False,phantom,rifle,,0.8878,0.3289,PROFEK,Team Vitality,astra,True,100,50,0,0,0,7,True,phantom,rifle,,0.6089,0.1789
2717.598,5398,ACTIVE_ROUND,18,10,9,52.000,,,s0pp,FUT Esports,chamber,True,100,50,0,8,1,7,True,vandal,rifle,,0.3078,0.5200,xeus,FUT Esports,jett,False,,50,0,0,0,7,True,unknown,unknown,,,,sociablEE,FUT Esports,fade,True,100,50,0,1,1,7,False,odin,heavy,,0.2733,0.5311,yetujey,FUT Esports,astra,True,100,50,1,1,0,1,False,phantom,rifle,,0.3089,0.7944,KROSTALY,FUT Esports,kayo,False,,50,0,0,0,2,False,unknown,unknown,,,,Chronicle,Team Vitality,chamber,True,100,50,0,8,1,2,False,operator,sniper,,0.3289,0.3733,Derke,Team Vitality,neon,True,100,50,1,1,1,7,False,operator,sniper,,0.8489,0.4267,Jamppi,Team Vitality,kayo,True,100,50,1,2,0,1,False,phantom,rifle,,0.1633,0.3233,Sayonara,Team Vitality,sova,True,100,50,0,2,1,4,False,phantom,rifle,,0.1922,0.3089,PROFEK,Team Vitality,astra,True,100,50,0,0,0,7,True,phantom,rifle,,0.6089,0.1789
2718.082,5399,ACTIVE_ROUND,18,10,9,51.000,,,s0pp,FUT Esports,chamber,True,100,50,0,8,1,7,True,vandal,rifle,,0.5433,0.5911,xeus,FUT Esports,jett,False,,50,0,0,0,7,True,unknown,unknown,,,,sociablEE,FUT Esports,fade,True,100,50,0,1,1,7,False,odin,heavy,,0.2733,0.5311,yetujey,FUT Esports,astra,True,100,50,1,1,0,1,False,phantom,rifle,,0.3089,0.7944,KROSTALY,FUT Esports,kayo,False,,50,0,0,0,2,False,unknown,unknown,,,,Chronicle,Team Vitality,chamber,True,100,50,0,8,1,2,False,operator,sniper,,0.3289,0.3733,Derke,Team Vitality,neon,True,100,50,1,1,1,7,False,operator,sniper,,0.8578,0.4222,Jamppi,Team Vitality,kayo,True,100,50,1,2,0,1,False,phantom,rifle,,0.1656,0.3344,Sayonara,Team Vitality,sova,True,100,50,0,2,1,4,False,phantom,rifle,,0.8878,0.3267,PROFEK,Team Vitality,astra,True,100,50,0,0,0,7,True,phantom,rifle,,0.6089,0.1789
2718.566,5400,ACTIVE_ROUND,18,10,9,51.000,,,s0pp,FUT Esports,chamber,True,100,50,0,8,1,7,True,vandal,rifle,,0.5433,0.5911,xeus,FUT Esports,jett,False,,50,0,0,0,7,True,unknown,unknown,,,,sociablEE,FUT Esports,fade,True,100,50,0,1,1,7,False,odin,heavy,,0.2733,0.5311,yetujey,FUT Esports,astra,True,100,50,1,0,0,1,False,phantom,rifle,,0.3089,0.7944,KROSTALY,FUT Esports,kayo,False,,50,0,0,0,2,False,unknown,unknown,,,,Chronicle,Team Vitality,chamber,True,100,50,0,8,1,2,False,operator,sniper,,0.3289,0.3733,Derke,Team Vitality,neon,True,100,50,1,1,1,7,False,operator,sniper,,0.8622,0.4156,Jamppi,Team Vitality,kayo,True,100,50,1,2,0,1,False,phantom,rifle,,0.1744,0.3411,Sayonara,Team Vitality,sova,True,100,50,0,2,1,4,False,phantom,rifle,,0.9078,0.2889,PROFEK,Team Vitality,astra,True,100,50,1,0,0,7,True,phantom,rifle,,0.6089,0.1789
2719.050,5401,ACTIVE_ROUND,18,10,9,50.000,,,s0pp,FUT Esports,chamber,True,100,50,0,8,1,7,True,vandal,rifle,,0.5433,0.5911,xeus,FUT Esports,jett,False,,50,0,0,0,7,True,unknown,unknown,,,,sociablEE,FUT Esports,fade,True,100,50,0,1,1,7,False,odin,heavy,,0.2733,0.5311,yetujey,FUT Esports,astra,True,100,50,1,0,0,1,False,phantom,rifle,,0.3089,0.7944,KROSTALY,FUT Esports,kayo,False,,50,0,0,0,2,False,unknown,unknown,,,,Chronicle,Team Vitality,chamber,True,100,50,0,8,1,2,False,operator,sniper,,0.3356,0.3733,Derke,Team Vitality,neon,True,100,50,1,1,1,7,False,operator,sniper,,0.8667,0.4089,Jamppi,Team Vitality,kayo,True,100,50,1,2,0,1,False,phantom,rifle,,0.1767,0.3522,Sayonara,Team Vitality,sova,True,100,50,0,2,1,4,False,phantom,rifle,,0.9078,0.2800,PROFEK,Team Vitality,astra,True,100,50,1,0,0,7,True,phantom,rifle,,0.6089,0.1789
2719.533,5402,ACTIVE_ROUND,18,10,9,50.000,,,s0pp,FUT Esports,chamber,True,100,50,0,8,1,7,True,vandal,rifle,,0.3078,0.5200,xeus,FUT Esports,jett,False,,50,0,0,0,7,True,unknown,unknown,,,,sociablEE,FUT Esports,fade,True,100,50,0,1,1,7,False,odin,heavy,,0.2733,0.5311,yetujey,FUT Esports,astra,True,100,50,1,0,0,1,False,phantom,rifle,,0.3089,0.7944,KROSTALY,FUT Esports,kayo,False,,50,0,0,0,2,False,unknown,unknown,,,,Chronicle,Team Vitality,chamber,True,100,50,0,8,1,2,False,operator,sniper,,0.3333,0.3689,Derke,Team Vitality,neon,True,100,50,1,1,1,7,False,operator,sniper,,0.8711,0.4044,Jamppi,Team Vitality,kayo,True,100,50,1,2,0,1,False,phantom,rifle,,0.1722,0.3611,Sayonara,Team Vitality,sova,True,100,50,0,2,1,4,False,phantom,rifle,,0.8811,0.2911,PROFEK,Team Vitality,astra,True,100,50,1,0,0,7,True,phantom,rifle,,0.6089,0.1789
2720.017,5403,ACTIVE_ROUND,18,10,9,49.000,,,s0pp,FUT Esports,chamber,True,100,50,0,8,1,7,True,vandal,rifle,,0.3078,0.5200,xeus,FUT Esports,jett,False,,50,0,0,0,7,True,unknown,unknown,,,,sociablEE,FUT Esports,fade,True,100,50,0,1,1,7,False,odin,heavy,,0.2733,0.5311,yetujey,FUT Esports,astra,True,100,50,1,0,0,1,False,phantom,rifle,,0.3089,0.7944,KROSTALY,FUT Esports,kayo,False,,50,0,0,0,2,False,unknown,unknown,,,,Chronicle,Team Vitality,chamber,True,100,50,0,8,1,2,False,operator,sniper,,0.3378,0.3644,Derke,Team Vitality,neon,True,100,50,1,1,1,7,False,operator,sniper,,0.8733,0.3956,Jamppi,Team Vitality,kayo,True,100,50,1,2,0,1,False,phantom,rifle,,0.1700,0.3656,Sayonara,Team Vitality,sova,True,100,50,0,2,1,4,False,phantom,rifle,,0.8811,0.2778,PROFEK,Team Vitality,astra,True,100,50,1,0,0,7,True,phantom,rifle,,0.6089,0.1789
2720.501,5404,ACTIVE_ROUND,18,10,9,49.000,,,s0pp,FUT Esports,chamber,True,100,50,0,8,1,7,True,vandal,rifle,,0.3078,0.5200,xeus,FUT Esports,jett,False,,50,0,0,0,7,True,unknown,unknown,,,,sociablEE,FUT Esports,fade,True,100,50,0,1,0,7,False,odin,heavy,,0.2733,0.5311,yetujey,FUT Esports,astra,True,100,50,1,1,0,1,False,phantom,rifle,,0.3089,0.7944,KROSTALY,FUT Esports,kayo,False,,50,0,0,0,2,False,unknown,unknown,,,,Chronicle,Team Vitality,chamber,True,100,50,0,8,1,2,False,operator,sniper,,0.3422,0.3622,Derke,Team Vitality,neon,True,100,50,1,1,1,7,False,operator,sniper,,0.8756,0.3889,Jamppi,Team Vitality,kayo,True,100,50,1,2,0,1,False,phantom,rifle,,0.1678,0.3678,Sayonara,Team Vitality,sova,True,100,50,0,2,1,4,False,phantom,rifle,,0.5189,0.2400,PROFEK,Team Vitality,astra,True,100,50,0,0,0,7,True,phantom,rifle,,0.6089,0.1789
2720.985,5405,ACTIVE_ROUND,18,10,9,48.000,,,s0pp,FUT Esports,chamber,True,100,50,0,8,1,7,True,vandal,rifle,,0.4011,0.2756,xeus,FUT Esports,jett,False,,50,0,0,0,7,True,unknown,unknown,,,,sociablEE,FUT Esports,fade,True,100,50,0,1,0,7,False,odin,heavy,,0.2733,0.5311,yetujey,FUT Esports,astra,True,100,50,1,1,0,1,False,phantom,rifle,,0.1578,0.6611,KROSTALY,FUT Esports,kayo,False,,50,0,0,0,2,False,unknown,unknown,,,,Chronicle,Team Vitality,chamber,True,100,50,0,8,1,2,False,operator,sniper,,0.3422,0.3622,Derke,Team Vitality,neon,True,100,50,1,1,1,7,False,operator,sniper,,0.8756,0.3822,Jamppi,Team Vitality,kayo,True,100,50,1,2,0,1,False,phantom,rifle,,0.1700,0.3633,Sayonara,Team Vitality,sova,True,100,50,0,2,1,4,False,phantom,rifle,,0.4967,0.2400,PROFEK,Team Vitality,astra,True,100,50,0,0,0,7,True,phantom,rifle,,0.4556,0.2589
2721.469,5406,ACTIVE_ROUND,18,10,9,48.000,,,s0pp,FUT Esports,chamber,True,100,50,0,8,1,7,True,vandal,rifle,,0.2722,0.7822,xeus,FUT Esports,jett,False,,50,0,0,0,7,True,unknown,unknown,,,,sociablEE,FUT Esports,fade,True,100,50,0,1,0,7,False,odin,heavy,,0.2733,0.5311,yetujey,FUT Esports,astra,True,100,50,1,1,0,1,False,phantom,rifle,,0.1489,0.6522,KROSTALY,FUT Esports,kayo,False,,50,0,0,0,2,False,unknown,unknown,,,,Chronicle,Team Vitality,chamber,True,100,50,0,8,1,2,False,operator,sniper,,0.3422,0.3644,Derke,Team Vitality,neon,True,100,50,1,1,1,7,False,operator,sniper,,0.8733,0.3733,Jamppi,Team Vitality,kayo,True,100,50,1,2,0,1,False,phantom,rifle,,0.1700,0.3611,Sayonara,Team Vitality,sova,True,100,50,0,2,1,4,False,phantom,rifle,,0.4833,0.2511,PROFEK,Team Vitality,astra,True,100,50,0,0,0,7,True,phantom,rifle,,0.4444,0.2722
2721.953,5407,ACTIVE_ROUND,18,10,9,47.000,,,s0pp,FUT Esports,chamber,True,100,50,0,8,1,7,True,vandal,rifle,,0.2722,0.7822,xeus,FUT Esports,jett,False,,50,0,0,0,7,True,unknown,unknown,,,,sociablEE,FUT Esports,fade,True,100,50,0,1,0,7,False,odin,heavy,,0.2733,0.5311,yetujey,FUT Esports,astra,True,100,50,1,1,0,1,False,phantom,rifle,,0.1489,0.6411,KROSTALY,FUT Esports,kayo,False,,50,0,0,0,2,False,unknown,unknown,,,,Chronicle,Team Vitality,chamber,True,100,50,0,8,1,2,False,operator,sniper,,0.3400,0.3644,Derke,Team Vitality,neon,True,100,50,1,1,1,7,False,operator,sniper,,0.8733,0.3622,Jamppi,Team Vitality,kayo,True,100,50,1,2,0,1,False,phantom,rifle,,0.1722,0.3589,Sayonara,Team Vitality,sova,True,100,50,0,2,1,4,False,phantom,rifle,,0.4700,0.2578,PROFEK,Team Vitality,astra,True,100,50,0,0,0,7,True,phantom,rifle,,0.4311,0.2856
2722.436,5408,ACTIVE_ROUND,18,10,9,47.000,,,s0pp,FUT Esports,chamber,True,100,50,0,8,1,7,True,vandal,rifle,,0.2811,0.3689,xeus,FUT Esports,jett,False,,50,0,0,0,7,True,unknown,unknown,,,,sociablEE,FUT Esports,fade,False,,50,0,0,1,7,True,unknown,unknown,,0.2733,0.5311,yetujey,FUT Esports,astra,True,100,50,1,2,0,1,False,phantom,rifle,,0.1511,0.6278,KROSTALY,FUT Esports,kayo,False,,50,0,0,0,2,False,unknown,unknown,,,,Chronicle,Team Vitality,chamber,True,100,50,0,8,1,2,False,operator,sniper,,0.3333,0.3644,Derke,Team Vitality,neon,True,100,50,1,1,1,7,False,operator,sniper,,0.8756,0.3556,Jamppi,Team Vitality,kayo,True,100,50,1,2,0,2,False,phantom,rifle,,0.1744,0.3589,Sayonara,Team Vitality,sova,True,100,50,0,2,1,4,False,phantom,rifle,,0.4567,0.2844,PROFEK,Team Vitality,astra,True,100,50,0,0,0,7,True,phantom,rifle,,0.4222,0.2944
2722.920,5409,ACTIVE_ROUND,18,10,9,46.000,,,s0pp,FUT Esports,chamber,True,100,50,0,8,1,7,True,vandal,rifle,,0.5433,0.5911,xeus,FUT Esports,jett,False,,50,0,0,0,7,True,unknown,unknown,,,,sociablEE,FUT Esports,fade,False,,50,0,0,1,7,True,unknown,unknown,,,,yetujey,FUT Esports,astra,True,100,50,1,2,0,1,False,phantom,rifle,,0.1467,0.6100,KROSTALY,FUT Esports,kayo,False,,50,0,0,0,2,False,unknown,unknown,,,,Chronicle,Team Vitality,chamber,True,100,50,0,8,1,2,False,operator,sniper,,0.3289,0.3622,Derke,Team Vitality,neon,True,100,50,1,1,1,7,False,operator,sniper,,0.8733,0.3422,Jamppi,Team Vitality,kayo,True,100,50,1,2,0,2,False,phantom,rifle,,0.1789,0.3633,Sayonara,Team Vitality,sova,True,100,50,0,2,1,4,False,phantom,rifle,,0.8833,0.3044,PROFEK,Team Vitality,astra,True,100,50,0,0,0,7,True,phantom,rifle,,0.4200,0.2856
2723.404,5410,ACTIVE_ROUND,18,10,9,46.000,,,s0pp,FUT Esports,chamber,True,100,50,0,8,1,7,True,vandal,rifle,,0.3478,0.3022,xeus,FUT Esports,jett,False,,50,0,0,0,7,True,unknown,unknown,,,,sociablEE,FUT Esports,fade,False,,50,0,0,1,7,True,unknown,unknown,,,,yetujey,FUT Esports,astra,True,100,50,1,2,0,1,False,phantom,rifle,,0.1467,0.6100,KROSTALY,FUT Esports,kayo,False,,50,0,0,0,2,False,unknown,unknown,,,,Chronicle,Team Vitality,chamber,True,100,50,0,8,1,2,False,operator,sniper,,0.3244,0.3622,Derke,Team Vitality,neon,True,100,50,1,1,1,7,False,operator,sniper,,0.8689,0.3133,Jamppi,Team Vitality,kayo,True,100,50,1,2,0,2,False,phantom,rifle,,0.1878,0.3567,Sayonara,Team Vitality,sova,True,100,50,0,2,1,4,False,phantom,rifle,,0.8722,0.2800,PROFEK,Team Vitality,astra,True,100,50,0,0,0,7,True,phantom,rifle,,0.4022,0.2856
2723.888,5411,ACTIVE_ROUND,18,10,9,45.000,,,s0pp,FUT Esports,chamber,True,100,50,0,8,1,7,True,vandal,rifle,,0.5433,0.5911,xeus,FUT Esports,jett,False,,50,0,0,0,7,True,unknown,unknown,,,,sociablEE,FUT Esports,fade,False,,50,0,0,1,7,True,unknown,unknown,,,,yetujey,FUT Esports,astra,True,100,50,1,2,0,1,False,phantom,rifle,,0.1467,0.6100,KROSTALY,FUT Esports,kayo,False,,50,0,0,0,2,False,unknown,unknown,,,,Chronicle,Team Vitality,chamber,True,100,50,0,8,1,2,False,operator,sniper,,0.3222,0.3622,Derke,Team Vitality,neon,True,100,50,1,1,1,7,False,operator,sniper,,0.8711,0.2800,Jamppi,Team Vitality,kayo,True,100,50,1,2,0,2,False,phantom,rifle,,0.1856,0.3433,Sayonara,Team Vitality,sova,True,100,50,0,2,1,4,False,phantom,rifle,,0.8833,0.2422,PROFEK,Team Vitality,astra,True,100,50,0,0,0,7,True,phantom,rifle,,0.3800,0.2856
2724.372,5412,ACTIVE_ROUND,18,10,9,45.000,,,s0pp,FUT Esports,chamber,True,100,50,0,8,1,7,True,vandal,rifle,,0.5433,0.5911,xeus,FUT Esports,jett,False,,50,0,0,0,7,True,unknown,unknown,,,,sociablEE,FUT Esports,fade,False,,50,0,0,1,7,True,unknown,unknown,,,,yetujey,FUT Esports,astra,True,100,50,1,2,0,1,False,phantom,rifle,,0.1467,0.6100,KROSTALY,FUT Esports,kayo,False,,50,0,0,0,2,False,unknown,unknown,,,,Chronicle,Team Vitality,chamber,True,100,50,0,8,1,2,False,operator,sniper,,0.3267,0.3667,Derke,Team Vitality,neon,True,100,50,1,1,1,7,False,operator,sniper,,0.8711,0.2511,Jamppi,Team Vitality,kayo,True,100,50,0,2,0,2,False,phantom,rifle,,0.1833,0.3500,Sayonara,Team Vitality,sova,True,100,50,0,2,1,4,False,phantom,rifle,,0.8656,0.2178,PROFEK,Team Vitality,astra,True,100,50,0,0,0,7,True,phantom,rifle,,0.3578,0.2833
2724.855,5413,ACTIVE_ROUND,18,10,9,44.000,,,s0pp,FUT Esports,chamber,True,100,50,0,8,1,7,True,vandal,rifle,,0.2900,0.7600,xeus,FUT Esports,jett,False,,50,0,0,0,7,True,unknown,unknown,,,,sociablEE,FUT Esports,fade,False,,50,0,0,1,7,True,unknown,unknown,,,,yetujey,FUT Esports,astra,True,100,50,1,2,0,1,False,phantom,rifle,,0.1467,0.6100,KROSTALY,FUT Esports,kayo,False,,50,0,0,0,2,False,unknown,unknown,,,,Chronicle,Team Vitality,chamber,True,100,50,0,8,1,2,False,operator,sniper,,0.3244,0.3711,Derke,Team Vitality,neon,True,100,50,1,1,1,7,False,operator,sniper,,0.8489,0.2267,Jamppi,Team Vitality,kayo,True,100,50,0,2,0,2,False,phantom,rifle,,0.1744,0.3589,Sayonara,Team Vitality,sova,True,100,50,0,2,1,4,False,phantom,rifle,,0.7678,0.1578,PROFEK,Team Vitality,astra,True,100,50,0,0,0,7,True,phantom,rifle,,0.3578,0.2833
2725.339,5414,ACTIVE_ROUND,18,10,9,44.000,,,s0pp,FUT Esports,chamber,True,100,50,0,8,1,7,True,vandal,rifle,,0.7033,0.1689,xeus,FUT Esports,jett,False,,50,0,0,0,7,True,unknown,unknown,,,,sociablEE,FUT Esports,fade,False,,50,0,0,1,7,True,unknown,unknown,,,,yetujey,FUT Esports,astra,True,100,50,1,2,0,1,False,phantom,rifle,,0.1467,0.6100,KROSTALY,FUT Esports,kayo,False,,50,0,0,0,2,False,unknown,unknown,,,,Chronicle,Team Vitality,chamber,True,100,50,0,8,1,2,False,operator,sniper,,0.3133,0.3800,Derke,Team Vitality,neon,True,100,50,1,1,1,7,False,operator,sniper,,0.8267,0.2067,Jamppi,Team Vitality,kayo,True,100,50,0,2,0,2,False,phantom,rifle,,0.1633,0.3722,Sayonara,Team Vitality,sova,True,100,50,0,2,1,4,False,phantom,rifle,,0.7589,0.1533,PROFEK,Team Vitality,astra,True,100,50,0,0,0,7,True,phantom,rifle,,0.3578,0.2833
2725.823,5415,ACTIVE_ROUND,18,10,9,43.000,,,s0pp,FUT Esports,chamber,True,100,50,0,8,1,7,True,vandal,rifle,,0.2900,0.7600,xeus,FUT Esports,jett,False,,50,0,0,0,7,True,unknown,unknown,,,,sociablEE,FUT Esports,fade,False,,50,0,0,1,7,True,unknown,unknown,,,,yetujey,FUT Esports,astra,True,100,50,1,2,0,1,False,phantom,rifle,,0.1400,0.5344,KROSTALY,FUT Esports,kayo,False,,50,0,0,0,2,False,unknown,unknown,,,,Chronicle,Team Vitality,chamber,True,100,50,0,8,1,2,False,operator,sniper,,0.3200,0.3822,Derke,Team Vitality,neon,True,100,50,1,1,1,7,False,operator,sniper,,0.8267,0.2067,Jamppi,Team Vitality,kayo,True,100,50,0,2,0,2,False,phantom,rifle,,0.1522,0.3878,Sayonara,Team Vitality,sova,True,100,50,0,2,1,4,False,phantom,rifle,,0.7478,0.1511,PROFEK,Team Vitality,astra,True,100,50,0,0,0,7,True,phantom,rifle,,0.3378,0.3344
2726.307,5416,ACTIVE_ROUND,18,10,9,43.000,,,s0pp,FUT Esports,chamber,True,100,50,0,8,1,7,True,vandal,rifle,,0.5433,0.5911,xeus,FUT Esports,jett,False,,50,0,0,0,7,True,unknown,unknown,,,,sociablEE,FUT Esports,fade,False,,50,0,0,1,7,True,unknown,unknown,,,,yetujey,FUT Esports,astra,True,100,50,1,1,0,1,False,phantom,rifle,,0.1422,0.5211,KROSTALY,FUT Esports,kayo,False,,50,0,0,0,2,False,unknown,unknown,,,,Chronicle,Team Vitality,chamber,True,100,50,0,8,1,2,False,operator,sniper,,0.3222,0.3844,Derke,Team Vitality,neon,True,100,50,1,1,1,7,False,operator,sniper,,0.8267,0.2067,Jamppi,Team Vitality,kayo,True,100,50,0,2,0,2,False,phantom,rifle,,0.1522,0.3900,Sayonara,Team Vitality,sova,True,100,50,0,2,1,4,False,classic,sidearm,,0.7367,0.1511,PROFEK,Team Vitality,astra,True,100,50,0,0,0,7,True,phantom,rifle,,0.3311,0.3567
2726.791,5417,ACTIVE_ROUND,18,10,9,42.000,,,s0pp,FUT Esports,chamber,True,100,50,0,8,1,7,True,vandal,rifle,,0.2456,0.5333,xeus,FUT Esports,jett,False,,50,0,0,0,7,True,unknown,unknown,,,,sociablEE,FUT Esports,fade,False,,50,0,0,1,7,True,unknown,unknown,,,,yetujey,FUT Esports,astra,True,100,50,1,1,0,1,False,phantom,rifle,,0.1422,0.5078,KROSTALY,FUT Esports,kayo,False,,50,0,0,0,2,False,unknown,unknown,,,,Chronicle,Team Vitality,chamber,True,100,50,0,8,1,2,False,operator,sniper,,0.3222,0.3844,Derke,Team Vitality,neon,True,100,50,1,1,1,7,False,operator,sniper,,0.7467,0.1711,Jamppi,Team Vitality,kayo,True,100,50,0,2,0,2,False,phantom,rifle,,0.1522,0.3900,Sayonara,Team Vitality,sova,True,100,50,0,2,1,4,False,classic,sidearm,,0.7233,0.1511,PROFEK,Team Vitality,astra,True,100,50,0,0,0,7,True,phantom,rifle,,0.3311,0.3744
2727.275,5418,ACTIVE_ROUND,18,10,9,42.000,,,s0pp,FUT Esports,chamber,True,100,50,0,8,1,7,True,vandal,rifle,,0.2456,0.5333,xeus,FUT Esports,jett,False,,50,0,0,0,7,True,unknown,unknown,,,,sociablEE,FUT Esports,fade,False,,50,0,0,1,7,True,unknown,unknown,,,,yetujey,FUT Esports,astra,True,100,50,1,1,0,1,False,phantom,rifle,,0.1444,0.4944,KROSTALY,FUT Esports,kayo,False,,50,0,0,0,2,False,unknown,unknown,,,,Chronicle,Team Vitality,chamber,True,100,50,0,8,1,2,False,operator,sniper,,0.3244,0.3844,Derke,Team Vitality,neon,True,100,50,1,1,1,7,False,operator,sniper,,0.7156,0.1733,Jamppi,Team Vitality,kayo,True,100,50,0,2,0,2,False,phantom,rifle,,0.1633,0.3944,Sayonara,Team Vitality,sova,True,100,50,0,2,1,4,False,classic,sidearm,,0.1900,0.3778,PROFEK,Team Vitality,astra,True,100,50,0,0,0,7,True,phantom,rifle,,0.3311,0.3744
2727.758,5419,ACTIVE_ROUND,18,10,9,42.000,,,s0pp,FUT Esports,chamber,True,100,50,0,8,1,7,True,vandal,rifle,,0.2767,0.5133,xeus,FUT Esports,jett,False,,50,0,0,0,7,True,unknown,unknown,,,,sociablEE,FUT Esports,fade,False,,50,0,0,1,7,True,unknown,unknown,,,,yetujey,FUT Esports,astra,True,100,50,1,1,0,1,False,phantom,rifle,,0.1444,0.4944,KROSTALY,FUT Esports,kayo,False,,50,0,0,0,2,False,unknown,unknown,,,,Chronicle,Team Vitality,chamber,True,100,50,0,8,1,2,False,operator,sniper,,0.3200,0.3867,Derke,Team Vitality,neon,True,100,50,1,1,1,7,False,operator,sniper,,0.6844,0.1778,Jamppi,Team Vitality,kayo,True,100,50,0,2,0,2,False,phantom,rifle,,0.1633,0.4122,Sayonara,Team Vitality,sova,True,100,50,0,2,1,4,False,classic,sidearm,,0.7033,0.1511,PROFEK,Team Vitality,astra,True,100,50,0,0,0,7,True,phantom,rifle,,0.3311,0.3744
2728.242,5420,ACTIVE_ROUND,18,10,9,41.000,,,s0pp,FUT Esports,chamber,True,100,50,0,8,1,7,True,vandal,rifle,,0.5433,0.5911,xeus,FUT Esports,jett,False,,50,0,0,0,7,True,unknown,unknown,,,,sociablEE,FUT Esports,fade,False,,50,0,0,1,7,True,unknown,unknown,,,,yetujey,FUT Esports,astra,True,100,50,1,2,0,1,False,phantom,rifle,,0.1444,0.4944,KROSTALY,FUT Esports,kayo,False,,50,0,0,0,2,False,unknown,unknown,,,,Chronicle,Team Vitality,chamber,True,100,50,0,8,1,2,False,operator,sniper,,0.3200,0.3889,Derke,Team Vitality,neon,True,100,50,1,1,1,7,False,operator,sniper,,0.6578,0.1711,Jamppi,Team Vitality,kayo,True,100,50,0,2,0,2,False,phantom,rifle,,0.1633,0.4300,Sayonara,Team Vitality,sova,True,100,50,0,2,1,4,False,phantom,rifle,,0.6900,0.1511,PROFEK,Team Vitality,astra,True,100,50,0,0,0,7,True,phantom,rifle,,0.3222,0.4144
2728.726,5421,ACTIVE_ROUND,18,10,9,41.000,,,s0pp,FUT Esports,chamber,True,100,50,0,8,1,7,True,vandal,rifle,,0.5922,0.1911,xeus,FUT Esports,jett,False,,50,0,0,0,7,True,unknown,unknown,,,,sociablEE,FUT Esports,fade,False,,50,0,0,1,7,True,unknown,unknown,,,,yetujey,FUT Esports,astra,True,100,50,1,2,0,1,False,phantom,rifle,,0.1444,0.4944,KROSTALY,FUT Esports,kayo,False,,50,0,0,0,2,False,unknown,unknown,,,,Chronicle,Team Vitality,chamber,True,100,50,0,8,1,2,False,operator,sniper,,0.3178,0.3889,Derke,Team Vitality,neon,True,100,50,1,1,1,7,False,operator,sniper,,0.6378,0.1733,Jamppi,Team Vitality,kayo,False,,50,0,2,0,2,False,phantom,rifle,,0.2544,0.3989,Sayonara,Team Vitality,sova,True,100,50,0,2,1,4,False,phantom,rifle,,0.6811,0.1511,PROFEK,Team Vitality,astra,True,100,50,0,0,0,7,True,phantom,rifle,,0.3222,0.4144
2729.210,5422,ACTIVE_ROUND,18,10,9,40.000,,,s0pp,FUT Esports,chamber,True,100,50,0,8,1,7,True,vandal,rifle,,0.2967,0.7467,xeus,FUT Esports,jett,False,,50,0,0,0,7,True,unknown,unknown,,,,sociablEE,FUT Esports,fade,False,,50,0,0,1,7,True,unknown,unknown,,,,yetujey,FUT Esports,astra,True,100,50,1,2,0,1,False,phantom,rifle,,0.1444,0.4944,KROSTALY,FUT Esports,kayo,False,,50,0,0,0,2,False,unknown,unknown,,,,Chronicle,Team Vitality,chamber,True,100,50,0,8,1,2,False,operator,sniper,,0.3200,0.3844,Derke,Team Vitality,neon,True,100,50,1,1,1,7,False,operator,sniper,,0.6133,0.1800,Jamppi,Team Vitality,kayo,False,,50,0,2,0,2,False,phantom,rifle,,,,Sayonara,Team Vitality,sova,True,100,50,0,2,1,4,False,phantom,rifle,,0.6700,0.1533,PROFEK,Team Vitality,astra,True,100,50,0,0,0,7,True,phantom,rifle,,0.3156,0.4144
2729.694,5423,ACTIVE_ROUND,18,10,9,40.000,,,s0pp,FUT Esports,chamber,True,100,50,0,8,1,7,True,vandal,rifle,,0.5433,0.5911,xeus,FUT Esports,jett,False,,50,0,0,0,7,True,unknown,unknown,,,,sociablEE,FUT Esports,fade,False,,50,0,0,1,7,True,unknown,unknown,,,,yetujey,FUT Esports,astra,True,100,50,1,2,0,1,False,phantom,rifle,,0.1444,0.4944,KROSTALY,FUT Esports,kayo,False,,50,0,0,0,2,False,unknown,unknown,,,,Chronicle,Team Vitality,chamber,True,100,50,0,8,1,2,False,operator,sniper,,0.3222,0.3844,Derke,Team Vitality,neon,True,100,50,1,1,1,7,False,operator,sniper,,0.5867,0.1956,Jamppi,Team Vitality,kayo,False,,50,0,2,0,2,False,phantom,rifle,,,,Sayonara,Team Vitality,sova,True,100,50,0,2,1,4,False,phantom,rifle,,0.6567,0.1533,PROFEK,Team Vitality,astra,True,100,50,0,0,0,7,True,phantom,rifle,,0.3200,0.4233
2730.177,5424,ACTIVE_ROUND,18,10,9,39.000,,,s0pp,FUT Esports,chamber,True,100,50,0,8,1,7,True,vandal,rifle,,0.4522,0.9267,xeus,FUT Esports,jett,False,,50,0,0,0,7,True,unknown,unknown,,,,sociablEE,FUT Esports,fade,False,,50,0,0,1,7,True,unknown,unknown,,,,yetujey,FUT Esports,astra,True,100,50,0,0,0,3,False,unknown,unknown,,0.1444,0.4944,KROSTALY,FUT Esports,kayo,False,,50,0,0,0,2,False,unknown,unknown,,,,Chronicle,Team Vitality,chamber,True,100,50,0,8,1,3,False,operator,sniper,,0.3222,0.3800,Derke,Team Vitality,neon,True,100,50,1,1,1,7,False,operator,sniper,,0.5667,0.2200,Jamppi,Team Vitality,kayo,False,,50,0,2,0,2,False,phantom,rifle,,,,Sayonara,Team Vitality,sova,True,100,50,0,2,1,4,False,phantom,rifle,,0.6456,0.1511,PROFEK,Team Vitality,astra,True,100,50,0,0,0,7,True,phantom,rifle,,0.3200,0.4233
2730.661,5425,ACTIVE_ROUND,18,10,9,39.000,,,s0pp,FUT Esports,chamber,True,100,50,0,8,1,7,True,vandal,rifle,,0.5833,0.1467,xeus,FUT Esports,jett,False,,50,0,0,0,7,True,unknown,unknown,,,,sociablEE,FUT Esports,fade,False,,50,0,0,1,7,True,unknown,unknown,,,,yetujey,FUT Esports,astra,False,,50,0,0,0,3,False,unknown,unknown,,0.1444,0.4944,KROSTALY,FUT Esports,kayo,False,,50,0,0,0,2,False,unknown,unknown,,,,Chronicle,Team Vitality,chamber,True,100,50,0,8,1,3,False,operator,sniper,,0.3178,0.3822,Derke,Team Vitality,neon,True,100,50,1,1,1,7,False,operator,sniper,,0.5400,0.2378,Jamppi,Team Vitality,kayo,False,,50,0,2,0,2,False,phantom,rifle,,,,Sayonara,Team Vitality,sova,True,100,50,0,2,1,4,False,phantom,rifle,,0.6367,0.1467,PROFEK,Team Vitality,astra,True,100,50,0,0,0,7,True,phantom,rifle,,0.3156,0.4167
2731.145,5426,ACTIVE_ROUND,18,10,9,38.000,,,s0pp,FUT Esports,chamber,True,100,50,0,8,1,7,True,vandal,rifle,,0.2989,0.7467,xeus,FUT Esports,jett,False,,50,0,0,0,7,True,unknown,unknown,,,,sociablEE,FUT Esports,fade,False,,50,0,0,1,7,True,unknown,unknown,,,,yetujey,FUT Esports,astra,False,,50,0,0,0,3,False,unknown,unknown,,,,KROSTALY,FUT Esports,kayo,False,,50,0,0,0,2,False,unknown,unknown,,,,Chronicle,Team Vitality,chamber,True,100,50,0,8,1,3,False,operator,sniper,,0.3133,0.3844,Derke,Team Vitality,neon,True,100,50,1,1,1,7,False,operator,sniper,,0.5133,0.2533,Jamppi,Team Vitality,kayo,False,,50,0,2,0,2,False,phantom,rifle,,,,Sayonara,Team Vitality,sova,True,100,50,0,2,1,4,False,phantom,rifle,,0.6411,0.1378,PROFEK,Team Vitality,astra,True,100,50,0,0,0,7,True,phantom,rifle,,0.3111,0.4122
2731.629,5427,ACTIVE_ROUND,18,10,9,38.000,,,s0pp,FUT Esports,chamber,True,72,50,0,8,1,7,True,vandal,rifle,,0.4522,0.8844,xeus,FUT Esports,jett,False,,50,0,0,0,7,True,unknown,unknown,,,,sociablEE,FUT Esports,fade,False,,50,0,0,1,7,True,unknown,unknown,,,,yetujey,FUT Esports,astra,False,,50,0,0,0,3,False,unknown,unknown,,,,KROSTALY,FUT Esports,kayo,False,,50,0,0,0,2,False,unknown,unknown,,,,Chronicle,Team Vitality,chamber,True,100,50,0,8,1,3,False,operator,sniper,,0.3111,0.3822,Derke,Team Vitality,neon,True,100,50,1,1,1,7,False,operator,sniper,,0.4822,0.2556,Jamppi,Team Vitality,kayo,False,,50,0,2,0,2,False,phantom,rifle,,,,Sayonara,Team Vitality,sova,True,100,50,0,2,1,4,False,phantom,rifle,,0.5078,0.2400,PROFEK,Team Vitality,astra,True,100,50,0,0,0,7,True,phantom,rifle,,0.3111,0.4122
2732.113,5428,ACTIVE_ROUND,18,10,9,37.000,,,s0pp,FUT Esports,chamber,True,72,50,0,8,1,7,True,vandal,rifle,,0.1078,0.5733,xeus,FUT Esports,jett,False,,50,0,0,0,7,True,unknown,unknown,,,,sociablEE,FUT Esports,fade,False,,50,0,0,1,7,True,unknown,unknown,,,,yetujey,FUT Esports,astra,False,,50,0,0,0,3,False,unknown,unknown,,,,KROSTALY,FUT Esports,kayo,False,,50,0,0,0,2,False,unknown,unknown,,,,Chronicle,Team Vitality,chamber,True,100,50,0,7,1,3,False,operator,sniper,,0.2956,0.3867,Derke,Team Vitality,neon,True,100,50,1,1,1,7,False,operator,sniper,,0.4822,0.2556,Jamppi,Team Vitality,kayo,False,,50,0,2,0,2,False,phantom,rifle,,,,Sayonara,Team Vitality,sova,True,100,50,0,2,1,4,False,phantom,rifle,,0.4633,0.2711,PROFEK,Team Vitality,astra,True,100,50,0,0,0,7,True,phantom,rifle,,0.2911,0.4144
2732.597,5429,ACTIVE_ROUND,18,10,9,37.000,,,s0pp,FUT Esports,chamber,True,33,50,0,8,1,7,True,vandal,rifle,,0.0944,0.4400,xeus,FUT Esports,jett,False,,50,0,0,0,7,True,unknown,unknown,,,,sociablEE,FUT Esports,fade,False,,50,0,0,1,7,True,unknown,unknown,,,,yetujey,FUT Esports,astra,False,,50,0,0,0,3,False,unknown,unknown,,,,KROSTALY,FUT Esports,kayo,False,,50,0,0,0,2,False,unknown,unknown,,,,Chronicle,Team Vitality,chamber,True,100,50,0,7,1,3,False,operator,sniper,,0.2956,0.3889,Derke,Team Vitality,neon,True,100,50,1,1,1,7,False,operator,sniper,,0.4822,0.2556,Jamppi,Team Vitality,kayo,False,,50,0,2,0,2,False,phantom,rifle,,,,Sayonara,Team Vitality,sova,True,100,50,0,2,1,4,False,phantom,rifle,,0.4322,0.2822,PROFEK,Team Vitality,astra,True,100,50,0,0,0,7,True,phantom,rifle,,0.2911,0.4167
2733.080,5430,ACTIVE_ROUND,18,10,9,36.000,,,s0pp,FUT Esports,chamber,True,33,50,0,8,1,7,True,vandal,rifle,,0.2411,0.4267,xeus,FUT Esports,jett,False,,50,0,0,0,7,True,unknown,unknown,,,,sociablEE,FUT Esports,fade,False,,50,0,0,1,7,True,unknown,unknown,,,,yetujey,FUT Esports,astra,False,,50,0,0,0,3,False,unknown,unknown,,,,KROSTALY,FUT Esports,kayo,False,,50,0,0,0,2,False,unknown,unknown,,,,Chronicle,Team Vitality,chamber,True,100,50,0,7,1,3,False,operator,sniper,,0.2956,0.3956,Derke,Team Vitality,neon,True,100,50,1,1,1,7,False,operator,sniper,,0.3933,0.2844,Jamppi,Team Vitality,kayo,False,,50,0,2,0,2,False,phantom,rifle,,,,Sayonara,Team Vitality,sova,True,100,50,0,2,1,4,False,phantom,rifle,,0.1411,0.4133,PROFEK,Team Vitality,astra,True,100,50,0,0,0,7,True,phantom,rifle,,0.2911,0.4167
2733.564,5431,ACTIVE_ROUND,18,10,9,36.000,,,s0pp,FUT Esports,chamber,True,33,50,0,8,1,7,True,vandal,rifle,,0.0944,0.4400,xeus,FUT Esports,jett,False,,50,0,0,0,7,True,unknown,unknown,,,,sociablEE,FUT Esports,fade,False,,50,0,0,1,7,True,unknown,unknown,,,,yetujey,FUT Esports,astra,False,,50,0,0,0,3,False,unknown,unknown,,,,KROSTALY,FUT Esports,kayo,False,,50,0,0,0,2,False,unknown,unknown,,,,Chronicle,Team Vitality,chamber,True,100,50,0,7,1,3,False,operator,sniper,,0.2956,0.3956,Derke,Team Vitality,neon,True,100,50,1,1,1,7,False,operator,sniper,,0.3778,0.3111,Jamppi,Team Vitality,kayo,False,,50,0,2,0,2,False,phantom,rifle,,,,Sayonara,Team Vitality,sova,True,100,50,0,2,1,4,False,phantom,rifle,,0.6367,0.1378,PROFEK,Team Vitality,astra,True,100,50,0,0,0,7,True,phantom,rifle,,0.2911,0.4167
2734.048,5432,ACTIVE_ROUND,18,10,9,35.000,,,s0pp,FUT Esports,chamber,True,33,50,0,8,0,7,True,vandal,rifle,,0.2700,0.8067,xeus,FUT Esports,jett,False,,50,0,0,0,7,True,unknown,unknown,,,,sociablEE,FUT Esports,fade,False,,50,0,0,1,7,True,unknown,unknown,,,,yetujey,FUT Esports,astra,False,,50,0,0,0,3,False,unknown,unknown,,,,KROSTALY,FUT Esports,kayo,False,,50,0,0,0,2,False,unknown,unknown,,,,Chronicle,Team Vitality,chamber,True,100,50,0,4,1,3,False,operator,sniper,,0.2956,0.3956,Derke,Team Vitality,neon,True,100,50,1,1,1,7,False,operator,sniper,,0.3711,0.3422,Jamppi,Team Vitality,kayo,False,,50,0,2,0,2,False,phantom,rifle,,,,Sayonara,Team Vitality,sova,True,100,50,0,2,1,4,False,phantom,rifle,,0.1389,0.4133,PROFEK,Team Vitality,astra,True,100,50,0,0,0,7,True,phantom,rifle,,0.2911,0.4167
2734.532,5433,ACTIVE_ROUND,18,10,9,35.000,,,s0pp,FUT Esports,chamber,True,33,50,0,8,0,7,True,vandal,rifle,,0.2700,0.8067,xeus,FUT Esports,jett,False,,50,0,0,0,7,True,unknown,unknown,,,,sociablEE,FUT Esports,fade,False,,50,0,0,1,7,True,unknown,unknown,,,,yetujey,FUT Esports,astra,False,,50,0,0,0,3,False,unknown,unknown,,,,KROSTALY,FUT Esports,kayo,False,,50,0,0,0,2,False,unknown,unknown,,,,Chronicle,Team Vitality,chamber,True,100,50,0,4,1,3,False,operator,sniper,,0.2778,0.4444,Derke,Team Vitality,neon,True,100,50,1,1,1,7,False,operator,sniper,,0.3533,0.3644,Jamppi,Team Vitality,kayo,False,,50,0,2,0,2,False,phantom,rifle,,,,Sayonara,Team Vitality,sova,True,100,50,0,2,1,4,False,phantom,rifle,,0.8567,0.5156,PROFEK,Team Vitality,astra,True,100,50,0,0,0,7,True,phantom,rifle,,0.2911,0.4167
2735.016,5434,ACTIVE_ROUND,18,10,9,34.000,,,s0pp,FUT Esports,chamber,True,33,50,0,8,0,7,True,vandal,rifle,,0.2700,0.8067,xeus,FUT Esports,jett,False,,50,0,0,0,7,True,unknown,unknown,,,,sociablEE,FUT Esports,fade,False,,50,0,0,1,7,True,unknown,unknown,,,,yetujey,FUT Esports,astra,False,,50,0,0,0,3,False,unknown,unknown,,,,KROSTALY,FUT Esports,kayo,False,,50,0,0,0,2,False,unknown,unknown,,,,Chronicle,Team Vitality,chamber,True,100,50,0,4,1,3,False,operator,sniper,,0.2844,0.4467,Derke,Team Vitality,neon,True,100,50,1,1,1,7,False,operator,sniper,,0.3222,0.3667,Jamppi,Team Vitality,kayo,False,,50,0,2,0,2,False,phantom,rifle,,,,Sayonara,Team Vitality,sova,True,100,50,0,2,1,4,False,phantom,rifle,,0.1411,0.4133,PROFEK,Team Vitality,astra,True,100,50,0,0,0,7,True,phantom,rifle,,0.2911,0.4167
2735.499,5435,ACTIVE_ROUND,18,10,9,34.000,,,s0pp,FUT Esports,chamber,True,33,50,0,8,0,7,True,vandal,rifle,,0.2700,0.8067,xeus,FUT Esports,jett,False,,50,0,0,0,7,True,unknown,unknown,,,,sociablEE,FUT Esports,fade,False,,50,0,0,1,7,True,unknown,unknown,,,,yetujey,FUT Esports,astra,False,,50,0,0,0,3,False,unknown,unknown,,,,KROSTALY,FUT Esports,kayo,False,,50,0,0,0,2,False,unknown,unknown,,,,Chronicle,Team Vitality,chamber,True,100,50,0,4,1,3,False,operator,sniper,,0.2778,0.4467,Derke,Team Vitality,neon,True,100,50,1,1,1,7,False,operator,sniper,,0.3222,0.3667,Jamppi,Team Vitality,kayo,False,,50,0,2,0,2,False,phantom,rifle,,,,Sayonara,Team Vitality,sova,True,100,50,0,2,1,4,False,phantom,rifle,,0.1411,0.4133,PROFEK,Team Vitality,astra,True,100,50,0,0,0,7,True,phantom,rifle,,0.2956,0.4144
2735.983,5436,ACTIVE_ROUND,18,10,9,33.000,,,s0pp,FUT Esports,chamber,True,33,50,0,8,0,7,True,vandal,rifle,,0.8856,0.2822,xeus,FUT Esports,jett,False,,50,0,0,0,7,True,unknown,unknown,,,,sociablEE,FUT Esports,fade,False,,50,0,0,1,7,True,unknown,unknown,,,,yetujey,FUT Esports,astra,False,,50,0,0,0,3,False,unknown,unknown,,,,KROSTALY,FUT Esports,kayo,False,,50,0,0,0,2,False,unknown,unknown,,,,Chronicle,Team Vitality,chamber,True,100,50,0,4,1,3,False,operator,sniper,,0.2756,0.4489,Derke,Team Vitality,neon,True,100,50,1,1,1,7,False,operator,sniper,,0.2844,0.3756,Jamppi,Team Vitality,kayo,False,,50,0,2,0,2,False,phantom,rifle,,,,Sayonara,Team Vitality,sova,True,100,50,0,2,1,4,False,phantom,rifle,,0.1411,0.4133,PROFEK,Team Vitality,astra,True,100,50,0,0,0,7,True,phantom,rifle,,0.2956,0.4144
2736.467,5437,ACTIVE_ROUND,18,10,9,33.000,,,s0pp,FUT Esports,chamber,True,33,50,0,8,0,7,True,vandal,rifle,,0.5433,0.5911,xeus,FUT Esports,jett,False,,50,0,0,0,7,True,unknown,unknown,,,,sociablEE,FUT Esports,fade,False,,50,0,0,1,7,True,unknown,unknown,,,,yetujey,FUT Esports,astra,False,,50,0,0,0,3,False,unknown,unknown,,,,KROSTALY,FUT Esports,kayo,False,,50,0,0,0,2,False,unknown,unknown,,,,Chronicle,Team Vitality,chamber,True,100,50,0,4,1,3,False,operator,sniper,,0.2733,0.4444,Derke,Team Vitality,neon,True,100,50,1,1,1,7,False,operator,sniper,,0.2800,0.3778,Jamppi,Team Vitality,kayo,False,,50,0,2,0,2,False,phantom,rifle,,,,Sayonara,Team Vitality,sova,True,100,50,0,2,1,4,False,phantom,rifle,,0.6900,0.3333,PROFEK,Team Vitality,astra,True,100,50,0,0,0,7,True,phantom,rifle,,0.2822,0.4122
2736.951,5438,POST_ROUND,18,10,10,,,0.000,s0pp,FUT Esports,chamber,True,33,50,0,8,0,7,True,vandal,rifle,,0.5433,0.5911,xeus,FUT Esports,jett,False,,50,0,0,0,7,True,unknown,unknown,,,,sociablEE,FUT Esports,fade,False,,50,0,0,1,7,True,unknown,unknown,,,,yetujey,FUT Esports,astra,False,,50,0,0,0,3,False,unknown,unknown,,,,KROSTALY,FUT Esports,kayo,False,,50,0,0,0,2,False,unknown,unknown,,,,Chronicle,Team Vitality,chamber,True,100,50,0,4,1,3,False,operator,sniper,,0.2733,0.4444,Derke,Team Vitality,neon,True,100,50,1,1,1,7,False,operator,sniper,,0.2800,0.3778,Jamppi,Team Vitality,kayo,False,,50,0,2,0,2,False,phantom,rifle,,,,Sayonara,Team Vitality,sova,True,100,50,0,2,1,4,False,phantom,rifle,,0.6900,0.3333,PROFEK,Team Vitality,astra,True,100,50,0,0,0,7,True,phantom,rifle,,0.2822,0.4122
2737.435,5439,POST_ROUND,18,10,10,,,0.484,s0pp,FUT Esports,chamber,False,,50,0,8,0,7,True,vandal,rifle,,0.5433,0.5911,xeus,FUT Esports,jett,False,,50,0,0,0,7,True,unknown,unknown,,,,sociablEE,FUT Esports,fade,False,,50,0,0,1,7,True,unknown,unknown,,,,yetujey,FUT Esports,astra,False,,50,0,0,0,3,False,unknown,unknown,,,,KROSTALY,FUT Esports,kayo,False,,50,0,0,0,2,False,unknown,unknown,,,,Chronicle,Team Vitality,chamber,True,100,50,0,4,1,3,False,operator,sniper,,0.2733,0.4444,Derke,Team Vitality,neon,True,100,50,1,1,1,7,False,operator,sniper,,0.2800,0.3778,Jamppi,Team Vitality,kayo,False,,50,0,2,0,2,False,phantom,rifle,,,,Sayonara,Team Vitality,sova,True,100,50,0,2,1,4,False,phantom,rifle,,0.6900,0.3333,PROFEK,Team Vitality,astra,True,100,50,0,0,0,7,True,phantom,rifle,,0.2822,0.4122
2737.919,5440,POST_ROUND,18,10,10,,,0.968,s0pp,FUT Esports,chamber,False,,50,0,8,0,7,True,vandal,rifle,,0.5433,0.5911,xeus,FUT Esports,jett,False,,50,0,0,0,7,True,unknown,unknown,,,,sociablEE,FUT Esports,fade,False,,50,0,0,1,7,True,unknown,unknown,,,,yetujey,FUT Esports,astra,False,,50,0,0,0,3,False,unknown,unknown,,,,KROSTALY,FUT Esports,kayo,False,,50,0,0,0,2,False,unknown,unknown,,,,Chronicle,Team Vitality,chamber,True,100,50,0,4,1,4,False,operator,sniper,,0.2733,0.4444,Derke,Team Vitality,neon,True,100,50,1,0,1,7,False,operator,sniper,,0.2800,0.3778,Jamppi,Team Vitality,kayo,False,,50,0,2,0,2,False,phantom,rifle,,,,Sayonara,Team Vitality,sova,True,100,50,0,2,1,4,False,phantom,rifle,,0.6900,0.3333,PROFEK,Team Vitality,astra,True,100,50,0,0,0,7,True,phantom,rifle,,0.2822,0.4122
2738.402,5441,POST_ROUND,18,10,10,,,1.451,s0pp,FUT Esports,chamber,False,,50,0,8,0,7,True,vandal,rifle,,0.5433,0.5911,xeus,FUT Esports,jett,False,,50,0,0,0,7,True,unknown,unknown,,,,sociablEE,FUT Esports,fade,False,,50,0,0,1,7,True,unknown,unknown,,,,yetujey,FUT Esports,astra,False,,50,0,0,0,3,False,unknown,unknown,,,,KROSTALY,FUT Esports,kayo,False,,50,0,0,0,2,False,unknown,unknown,,,,Chronicle,Team Vitality,chamber,True,100,50,0,4,1,4,False,operator,sniper,,0.2733,0.4444,Derke,Team Vitality,neon,True,100,50,1,0,1,7,False,operator,sniper,,0.2800,0.3778,Jamppi,Team Vitality,kayo,False,,50,0,2,0,2,False,phantom,rifle,,,,Sayonara,Team Vitality,sova,True,100,50,0,2,1,4,False,phantom,rifle,,0.6900,0.3333,PROFEK,Team Vitality,astra,True,100,50,0,0,0,7,True,phantom,rifle,,0.2822,0.4122
2738.886,5442,POST_ROUND,18,10,10,,,1.935,s0pp,FUT Esports,chamber,False,,50,0,8,0,7,True,vandal,rifle,,0.5433,0.5911,xeus,FUT Esports,jett,False,,50,0,0,0,7,True,unknown,unknown,,,,sociablEE,FUT Esports,fade,False,,50,0,0,1,7,True,unknown,unknown,,,,yetujey,FUT Esports,astra,False,,50,0,0,0,3,False,unknown,unknown,,,,KROSTALY,FUT Esports,kayo,False,,50,0,0,0,2,False,unknown,unknown,,,,Chronicle,Team Vitality,chamber,True,100,50,0,4,1,4,False,operator,sniper,,0.2733,0.4444,Derke,Team Vitality,neon,True,100,50,1,0,1,7,False,operator,sniper,,0.2800,0.3778,Jamppi,Team Vitality,kayo,False,,50,0,2,0,2,False,phantom,rifle,,,,Sayonara,Team Vitality,sova,True,100,50,0,2,1,4,False,phantom,rifle,,0.6900,0.3333,PROFEK,Team Vitality,astra,True,100,50,0,0,0,7,True,phantom,rifle,,0.2822,0.4122
2819.200,5608,PREROUND,19,10,10,,,,s0pp,FUT Esports,chamber,True,,,0,8,1,0,False,,,,,,xeus,FUT Esports,jett,True,,,2,1,1,0,False,,,,,,sociablEE,FUT Esports,fade,True,,,2,1,1,7,True,,,,,,yetujey,FUT Esports,astra,True,,,1,3,1,3,False,,,,,,KROSTALY,FUT Esports,kayo,True,,,1,2,1,3,False,,,,,,Chronicle,Team Vitality,chamber,True,,,1,8,1,4,False,,,,,,Derke,Team Vitality,neon,True,,,1,1,1,7,False,,,,,,Jamppi,Team Vitality,kayo,True,,,1,2,1,3,False,,,,,,Sayonara,Team Vitality,sova,True,,,1,2,1,4,False,,,,,,PROFEK,Team Vitality,astra,True,,,2,2,1,7,True,,,,,
2819.684,5609,PREROUND,19,10,10,,,,s0pp,FUT Esports,chamber,True,,,0,8,1,0,False,,,,,,xeus,FUT Esports,jett,True,,,2,1,1,0,False,,,,,,sociablEE,FUT Esports,fade,True,,,2,1,1,7,True,,,,,,yetujey,FUT Esports,astra,True,,,1,3,1,3,False,,,,,,KROSTALY,FUT Esports,kayo,True,,,1,2,1,3,False,,,,,,Chronicle,Team Vitality,chamber,True,,,1,8,1,4,False,,,,,,Derke,Team Vitality,neon,True,,,1,1,1,7,False,,,,,,Jamppi,Team Vitality,kayo,True,,,1,2,1,3,False,,,,,,Sayonara,Team Vitality,sova,True,,,1,2,1,4,False,,,,,,PROFEK,Team Vitality,astra,True,,,1,2,1,7,True,,,,,
2820.167,5610,PREROUND,19,10,10,,,,s0pp,FUT Esports,chamber,True,,,0,8,1,0,False,,,,,,xeus,FUT Esports,jett,True,,,2,1,1,0,False,,,,,,sociablEE,FUT Esports,fade,True,,,2,1,1,7,True,,,,,,yetujey,FUT Esports,astra,True,,,1,3,1,3,False,,,,,,KROSTALY,FUT Esports,kayo,True,,,1,2,1,3,False,,,,,,Chronicle,Team Vitality,chamber,True,,,1,8,1,4,False,,,,,,Derke,Team Vitality,neon,True,,,1,1,1,7,False,,,,,,Jamppi,Team Vitality,kayo,True,,,1,2,1,3,False,,,,,,Sayonara,Team Vitality,sova,True,,,1,2,1,4,False,,,,,,PROFEK,Team Vitality,astra,True,,,1,2,1,7,True,,,,,
2820.651,5611,PREROUND,19,10,10,,,,s0pp,FUT Esports,chamber,True,,,0,8,1,0,False,,,,,,xeus,FUT Esports,jett,True,,,2,1,1,0,False,,,,,,sociablEE,FUT Esports,fade,True,,,2,1,1,7,True,,,,,,yetujey,FUT Esports,astra,True,,,1,3,1,3,False,,,,,,KROSTALY,FUT Esports,kayo,True,,,1,2,1,3,False,,,,,,Chronicle,Team Vitality,chamber,True,,,1,8,1,4,False,,,,,,Derke,Team Vitality,neon,True,,,1,1,1,7,False,,,,,,Jamppi,Team Vitality,kayo,True,,,1,2,1,3,False,,,,,,Sayonara,Team Vitality,sova,True,,,1,2,1,4,False,,,,,,PROFEK,Team Vitality,astra,True,,,1,2,1,7,True,,,,,
2821.135,5612,PREROUND,19,10,10,,,,s0pp,FUT Esports,chamber,True,,,0,8,1,0,False,,,,,,xeus,FUT Esports,jett,True,,,2,1,1,0,False,,,,,,sociablEE,FUT Esports,fade,True,,,2,1,1,7,True,,,,,,yetujey,FUT Esports,astra,True,,,1,3,1,3,False,,,,,,KROSTALY,FUT Esports,kayo,True,,,1,2,1,3,False,,,,,,Chronicle,Team Vitality,chamber,True,,,1,8,1,4,False,,,,,,Derke,Team Vitality,neon,True,,,1,1,1,7,False,,,,,,Jamppi,Team Vitality,kayo,True,,,1,2,1,3,False,,,,,,Sayonara,Team Vitality,sova,True,,,1,2,1,4,False,,,,,,PROFEK,Team Vitality,astra,True,,,1,2,1,7,True,,,,,
2821.619,5613,PREROUND,19,10,10,,,,s0pp,FUT Esports,chamber,True,,,0,8,1,0,False,,,,,,xeus,FUT Esports,jett,True,,,2,1,1,0,False,,,,,,sociablEE,FUT Esports,fade,True,,,2,1,1,7,True,,,,,,yetujey,FUT Esports,astra,True,,,1,3,1,3,False,,,,,,KROSTALY,FUT Esports,kayo,True,,,1,2,1,3,False,,,,,,Chronicle,Team Vitality,chamber,True,,,1,8,1,4,False,,,,,,Derke,Team Vitality,neon,True,,,1,1,1,7,False,,,,,,Jamppi,Team Vitality,kayo,True,,,1,2,1,3,False,,,,,,Sayonara,Team Vitality,sova,True,,,1,2,1,4,False,,,,,,PROFEK,Team Vitality,astra,True,,,1,2,1,7,True,,,,,
2822.103,5614,PREROUND,19,10,10,,,,s0pp,FUT Esports,chamber,True,,,0,8,1,0,False,,,,,,xeus,FUT Esports,jett,True,,,2,1,1,0,False,,,,,,sociablEE,FUT Esports,fade,True,,,2,1,1,7,True,,,,,,yetujey,FUT Esports,astra,True,,,1,3,1,3,False,,,,,,KROSTALY,FUT Esports,kayo,True,,,1,2,1,3,False,,,,,,Chronicle,Team Vitality,chamber,True,,,1,8,1,4,False,,,,,,Derke,Team Vitality,neon,True,,,1,1,1,7,False,,,,,,Jamppi,Team Vitality,kayo,True,,,1,2,1,3,False,,,,,,Sayonara,Team Vitality,sova,True,,,1,2,1,4,False,,,,,,PROFEK,Team Vitality,astra,True,,,1,2,1,7,True,,,,,
2822.586,5615,PREROUND,19,10,10,,,,s0pp,FUT Esports,chamber,True,,,0,8,1,0,False,,,,,,xeus,FUT Esports,jett,True,,,2,1,1,0,False,,,,,,sociablEE,FUT Esports,fade,True,,,2,1,1,7,True,,,,,,yetujey,FUT Esports,astra,True,,,1,3,1,3,False,,,,,,KROSTALY,FUT Esports,kayo,True,,,1,2,1,3,False,,,,,,Chronicle,Team Vitality,chamber,True,,,1,8,1,4,False,,,,,,Derke,Team Vitality,neon,True,,,1,1,1,7,False,,,,,,Jamppi,Team Vitality,kayo,True,,,1,2,1,3,False,,,,,,Sayonara,Team Vitality,sova,True,,,1,2,1,4,False,,,,,,PROFEK,Team Vitality,astra,True,,,1,2,1,7,True,,,,,
2823.070,5616,PREROUND,19,10,10,,,,s0pp,FUT Esports,chamber,True,,,0,8,1,0,False,,,,,,xeus,FUT Esports,jett,True,,,2,1,1,0,False,,,,,,sociablEE,FUT Esports,fade,True,,,2,1,1,7,True,,,,,,yetujey,FUT Esports,astra,True,,,1,3,1,3,False,,,,,,KROSTALY,FUT Esports,kayo,True,,,1,2,1,3,False,,,,,,Chronicle,Team Vitality,chamber,True,,,1,8,1,4,False,,,,,,Derke,Team Vitality,neon,True,,,1,1,1,7,False,,,,,,Jamppi,Team Vitality,kayo,True,,,1,2,1,3,False,,,,,,Sayonara,Team Vitality,sova,True,,,1,2,1,4,False,,,,,,PROFEK,Team Vitality,astra,True,,,1,2,1,7,True,,,,,
2823.554,5617,PREROUND,19,10,10,,,,s0pp,FUT Esports,chamber,True,,,0,8,1,0,False,,,,,,xeus,FUT Esports,jett,True,,,2,1,1,0,False,,,,,,sociablEE,FUT Esports,fade,True,,,2,1,1,7,True,,,,,,yetujey,FUT Esports,astra,True,,,1,3,1,3,False,,,,,,KROSTALY,FUT Esports,kayo,True,,,1,2,1,3,False,,,,,,Chronicle,Team Vitality,chamber,True,,,0,8,1,4,False,,,,,,Derke,Team Vitality,neon,True,,,1,1,1,7,False,,,,,,Jamppi,Team Vitality,kayo,True,,,1,2,1,3,False,,,,,,Sayonara,Team Vitality,sova,True,,,1,2,1,4,False,,,,,,PROFEK,Team Vitality,astra,True,,,1,2,1,7,True,,,,,
2824.038,5618,PREROUND,19,10,10,,,,s0pp,FUT Esports,chamber,True,,,0,8,1,0,False,,,,,,xeus,FUT Esports,jett,True,,,2,1,1,0,False,,,,,,sociablEE,FUT Esports,fade,True,,,2,1,1,7,True,,,,,,yetujey,FUT Esports,astra,True,,,1,3,1,3,False,,,,,,KROSTALY,FUT Esports,kayo,True,,,1,2,1,3,False,,,,,,Chronicle,Team Vitality,chamber,True,,,0,8,1,4,False,,,,,,Derke,Team Vitality,neon,True,,,1,1,1,7,False,,,,,,Jamppi,Team Vitality,kayo,True,,,1,2,1,3,False,,,,,,Sayonara,Team Vitality,sova,True,,,1,2,1,4,False,,,,,,PROFEK,Team Vitality,astra,True,,,1,2,1,7,True,,,,,
2824.522,5619,PREROUND,19,10,10,,,,s0pp,FUT Esports,chamber,True,,,0,8,1,0,False,,,,,,xeus,FUT Esports,jett,True,,,2,1,1,0,False,,,,,,sociablEE,FUT Esports,fade,True,,,2,1,1,7,True,,,,,,yetujey,FUT Esports,astra,True,,,1,3,1,3,False,,,,,,KROSTALY,FUT Esports,kayo,True,,,1,2,1,3,False,,,,,,Chronicle,Team Vitality,chamber,True,,,0,8,1,4,False,,,,,,Derke,Team Vitality,neon,True,,,1,1,1,7,False,,,,,,Jamppi,Team Vitality,kayo,True,,,1,2,1,3,False,,,,,,Sayonara,Team Vitality,sova,True,,,1,2,1,4,False,,,,,,PROFEK,Team Vitality,astra,True,,,1,2,1,7,True,,,,,
2825.006,5620,PREROUND,19,10,10,,,,s0pp,FUT Esports,chamber,True,,,0,8,1,0,False,,,,,,xeus,FUT Esports,jett,True,,,2,1,1,0,False,,,,,,sociablEE,FUT Esports,fade,True,,,2,1,1,7,True,,,,,,yetujey,FUT Esports,astra,True,,,1,3,1,3,False,,,,,,KROSTALY,FUT Esports,kayo,True,,,1,2,1,3,False,,,,,,Chronicle,Team Vitality,chamber,True,,,0,8,1,4,False,,,,,,Derke,Team Vitality,neon,True,,,1,1,1,7,False,,,,,,Jamppi,Team Vitality,kayo,True,,,1,2,1,3,False,,,,,,Sayonara,Team Vitality,sova,True,,,1,2,1,4,False,,,,,,PROFEK,Team Vitality,astra,True,,,1,2,1,7,True,,,,,
2825.489,5621,PREROUND,19,10,10,,,,s0pp,FUT Esports,chamber,True,,,0,8,1,0,False,,,,,,xeus,FUT Esports,jett,True,,,2,1,1,0,False,,,,,,sociablEE,FUT Esports,fade,True,,,2,1,1,7,True,,,,,,yetujey,FUT Esports,astra,True,,,1,3,1,3,False,,,,,,KROSTALY,FUT Esports,kayo,True,,,1,2,1,3,False,,,,,,Chronicle,Team Vitality,chamber,True,,,0,8,1,4,False,,,,,,Derke,Team Vitality,neon,True,,,1,1,1,7,False,,,,,,Jamppi,Team Vitality,kayo,True,,,1,2,1,3,False,,,,,,Sayonara,Team Vitality,sova,True,,,1,2,1,4,False,,,,,,PROFEK,Team Vitality,astra,True,,,1,2,1,7,True,,,,,
2825.973,5622,PREROUND,19,10,10,,,,s0pp,FUT Esports,chamber,True,,,0,8,1,0,False,,,,,,xeus,FUT Esports,jett,True,,,2,1,1,0,False,,,,,,sociablEE,FUT Esports,fade,True,,,2,1,1,7,True,,,,,,yetujey,FUT Esports,astra,True,,,1,3,1,3,False,,,,,,KROSTALY,FUT Esports,kayo,True,,,1,2,1,3,False,,,,,,Chronicle,Team Vitality,chamber,True,,,0,8,1,4,False,,,,,,Derke,Team Vitality,neon,True,,,1,1,1,7,False,,,,,,Jamppi,Team Vitality,kayo,True,,,1,2,1,3,False,,,,,,Sayonara,Team Vitality,sova,True,,,1,2,1,4,False,,,,,,PROFEK,Team Vitality,astra,True,,,1,2,1,7,True,,,,,
2826.457,5623,PREROUND,19,10,10,,,,s0pp,FUT Esports,chamber,True,,,0,8,1,0,False,,,,,,xeus,FUT Esports,jett,True,,,2,1,1,0,False,,,,,,sociablEE,FUT Esports,fade,True,,,2,1,1,7,True,,,,,,yetujey,FUT Esports,astra,True,,,1,3,1,3,False,,,,,,KROSTALY,FUT Esports,kayo,True,,,1,2,1,3,False,,,,,,Chronicle,Team Vitality,chamber,True,,,0,8,1,4,False,,,,,,Derke,Team Vitality,neon,True,,,1,1,1,7,False,,,,,,Jamppi,Team Vitality,kayo,True,,,1,2,1,3,False,,,,,,Sayonara,Team Vitality,sova,True,,,1,2,1,4,False,,,,,,PROFEK,Team Vitality,astra,True,,,1,2,1,7,True,,,,,
2826.941,5624,PREROUND,19,10,10,,,,s0pp,FUT Esports,chamber,True,,,0,8,1,0,False,,,,,,xeus,FUT Esports,jett,True,,,2,1,1,0,False,,,,,,sociablEE,FUT Esports,fade,True,,,2,1,1,7,True,,,,,,yetujey,FUT Esports,astra,True,,,1,3,1,3,False,,,,,,KROSTALY,FUT Esports,kayo,True,,,1,2,1,3,False,,,,,,Chronicle,Team Vitality,chamber,True,,,0,8,1,4,False,,,,,,Derke,Team Vitality,neon,True,,,1,1,1,7,False,,,,,,Jamppi,Team Vitality,kayo,True,,,1,2,1,3,False,,,,,,Sayonara,Team Vitality,sova,True,,,1,2,1,4,False,,,,,,PROFEK,Team Vitality,astra,True,,,1,2,1,7,True,,,,,
2827.425,5625,PREROUND,19,10,10,,,,s0pp,FUT Esports,chamber,True,,,0,8,1,0,False,,,,,,xeus,FUT Esports,jett,True,,,2,1,1,0,False,,,,,,sociablEE,FUT Esports,fade,True,,,2,1,1,7,True,,,,,,yetujey,FUT Esports,astra,True,,,1,3,1,3,False,,,,,,KROSTALY,FUT Esports,kayo,True,,,1,2,1,3,False,,,,,,Chronicle,Team Vitality,chamber,True,,,0,8,1,4,False,,,,,,Derke,Team Vitality,neon,True,,,1,1,1,7,False,,,,,,Jamppi,Team Vitality,kayo,True,,,1,2,1,3,False,,,,,,Sayonara,Team Vitality,sova,True,,,1,2,1,4,False,,,,,,PROFEK,Team Vitality,astra,True,,,1,2,1,7,True,,,,,
2827.908,5626,PREROUND,19,10,10,,,,s0pp,FUT Esports,chamber,True,,,0,8,1,0,False,,,,,,xeus,FUT Esports,jett,True,,,2,1,1,0,False,,,,,,sociablEE,FUT Esports,fade,True,,,2,1,1,7,True,,,,,,yetujey,FUT Esports,astra,True,,,1,3,1,3,False,,,,,,KROSTALY,FUT Esports,kayo,True,,,1,2,1,3,False,,,,,,Chronicle,Team Vitality,chamber,True,,,0,8,1,4,False,,,,,,Derke,Team Vitality,neon,True,,,1,1,1,7,False,,,,,,Jamppi,Team Vitality,kayo,True,,,1,2,1,3,False,,,,,,Sayonara,Team Vitality,sova,True,,,1,2,1,4,False,,,,,,PROFEK,Team Vitality,astra,True,,,1,2,1,7,True,,,,,
2828.392,5627,PREROUND,19,10,10,,,,s0pp,FUT Esports,chamber,True,,,0,8,1,0,False,,,,,,xeus,FUT Esports,jett,True,,,2,1,1,0,False,,,,,,sociablEE,FUT Esports,fade,True,,,2,1,1,7,True,,,,,,yetujey,FUT Esports,astra,True,,,1,3,1,3,False,,,,,,KROSTALY,FUT Esports,kayo,True,,,1,2,1,3,False,,,,,,Chronicle,Team Vitality,chamber,True,,,0,8,1,4,False,,,,,,Derke,Team Vitality,neon,True,,,1,1,1,7,False,,,,,,Jamppi,Team Vitality,kayo,True,,,1,2,1,3,False,,,,,,Sayonara,Team Vitality,sova,True,,,1,2,1,4,False,,,,,,PROFEK,Team Vitality,astra,True,,,1,2,1,7,True,,,,,
2828.876,5628,PREROUND,19,10,10,,,,s0pp,FUT Esports,chamber,True,,,0,8,1,0,False,,,,,,xeus,FUT Esports,jett,True,,,2,1,1,0,False,,,,,,sociablEE,FUT Esports,fade,True,,,2,1,1,7,True,,,,,,yetujey,FUT Esports,astra,True,,,1,3,1,3,False,,,,,,KROSTALY,FUT Esports,kayo,True,,,1,2,1,3,False,,,,,,Chronicle,Team Vitality,chamber,True,,,0,8,1,4,False,,,,,,Derke,Team Vitality,neon,True,,,1,1,1,7,False,,,,,,Jamppi,Team Vitality,kayo,True,,,1,2,1,3,False,,,,,,Sayonara,Team Vitality,sova,True,,,1,2,1,4,False,,,,,,PROFEK,Team Vitality,astra,True,,,2,2,1,7,True,,,,,
2829.360,5629,PREROUND,19,10,10,,,,s0pp,FUT Esports,chamber,True,,,0,8,1,0,False,,,,,,xeus,FUT Esports,jett,True,,,2,1,1,0,False,,,,,,sociablEE,FUT Esports,fade,True,,,2,1,1,7,True,,,,,,yetujey,FUT Esports,astra,True,,,1,3,1,3,False,,,,,,KROSTALY,FUT Esports,kayo,True,,,1,2,1,3,False,,,,,,Chronicle,Team Vitality,chamber,True,,,0,8,1,4,False,,,,,,Derke,Team Vitality,neon,True,,,1,1,1,7,False,,,,,,Jamppi,Team Vitality,kayo,True,,,1,2,1,3,False,,,,,,Sayonara,Team Vitality,sova,True,,,1,2,1,4,False,,,,,,PROFEK,Team Vitality,astra,True,,,2,2,1,7,True,,,,,
2829.844,5630,PREROUND,19,10,10,,,,s0pp,FUT Esports,chamber,True,,,0,8,1,0,False,,,,,,xeus,FUT Esports,jett,True,,,2,1,1,0,False,,,,,,sociablEE,FUT Esports,fade,True,,,2,1,1,7,True,,,,,,yetujey,FUT Esports,astra,True,,,1,3,1,3,False,,,,,,KROSTALY,FUT Esports,kayo,True,,,1,2,1,3,False,,,,,,Chronicle,Team Vitality,chamber,True,,,0,8,1,4,False,,,,,,Derke,Team Vitality,neon,True,,,1,1,1,7,False,,,,,,Jamppi,Team Vitality,kayo,True,,,1,2,1,3,False,,,,,,Sayonara,Team Vitality,sova,True,,,1,2,1,4,False,,,,,,PROFEK,Team Vitality,astra,True,,,2,2,1,7,True,,,,,
2830.327,5631,PREROUND,19,10,10,,,,s0pp,FUT Esports,chamber,True,,,0,8,1,0,False,,,,,,xeus,FUT Esports,jett,True,,,2,1,1,0,False,,,,,,sociablEE,FUT Esports,fade,True,,,2,1,1,7,True,,,,,,yetujey,FUT Esports,astra,True,,,1,3,2,3,False,,,,,,KROSTALY,FUT Esports,kayo,True,,,1,2,1,3,False,,,,,,Chronicle,Team Vitality,chamber,True,,,0,8,1,4,False,,,,,,Derke,Team Vitality,neon,True,,,1,1,1,7,False,,,,,,Jamppi,Team Vitality,kayo,True,,,1,2,1,3,False,,,,,,Sayonara,Team Vitality,sova,True,,,1,2,1,4,False,,,,,,PROFEK,Team Vitality,astra,True,,,2,2,1,7,True,,,,,
2830.811,5632,PREROUND,19,10,10,,,,s0pp,FUT Esports,chamber,True,,,0,8,1,0,False,,,,,,xeus,FUT Esports,jett,True,,,2,1,1,0,False,,,,,,sociablEE,FUT Esports,fade,True,,,2,1,1,7,True,,,,,,yetujey,FUT Esports,astra,True,,,1,3,2,3,False,,,,,,KROSTALY,FUT Esports,kayo,True,,,1,2,1,3,False,,,,,,Chronicle,Team Vitality,chamber,True,,,0,8,1,4,False,,,,,,Derke,Team Vitality,neon,True,,,1,1,1,7,False,,,,,,Jamppi,Team Vitality,kayo,True,,,1,2,1,3,False,,,,,,Sayonara,Team Vitality,sova,True,,,1,2,1,4,False,,,,,,PROFEK,Team Vitality,astra,True,,,2,2,1,7,True,,,,,
2831.295,5633,PREROUND,19,10,10,,,,s0pp,FUT Esports,chamber,True,,,0,8,1,0,False,,,,,,xeus,FUT Esports,jett,True,,,2,1,1,0,False,,,,,,sociablEE,FUT Esports,fade,True,,,2,1,1,7,True,,,,,,yetujey,FUT Esports,astra,True,,,1,3,2,3,False,,,,,,KROSTALY,FUT Esports,kayo,True,,,1,2,1,3,False,,,,,,Chronicle,Team Vitality,chamber,True,,,0,8,1,4,False,,,,,,Derke,Team Vitality,neon,True,,,1,1,1,7,False,,,,,,Jamppi,Team Vitality,kayo,True,,,1,2,1,3,False,,,,,,Sayonara,Team Vitality,sova,True,,,1,2,1,4,False,,,,,,PROFEK,Team Vitality,astra,True,,,2,2,1,7,True,,,,,
2831.779,5634,PREROUND,19,10,10,,,,s0pp,FUT Esports,chamber,True,,,0,8,1,0,False,,,,,,xeus,FUT Esports,jett,True,,,2,1,1,0,False,,,,,,sociablEE,FUT Esports,fade,True,,,2,1,1,7,True,,,,,,yetujey,FUT Esports,astra,True,,,1,3,2,3,False,,,,,,KROSTALY,FUT Esports,kayo,True,,,1,2,1,3,False,,,,,,Chronicle,Team Vitality,chamber,True,,,0,8,1,4,False,,,,,,Derke,Team Vitality,neon,True,,,1,1,1,7,False,,,,,,Jamppi,Team Vitality,kayo,True,,,1,2,1,3,False,,,,,,Sayonara,Team Vitality,sova,True,,,1,2,1,4,False,,,,,,PROFEK,Team Vitality,astra,True,,,2,2,1,7,True,,,,,
2832.263,5635,PREROUND,19,10,10,,,,s0pp,FUT Esports,chamber,True,,,0,8,1,0,False,,,,,,xeus,FUT Esports,jett,True,,,2,1,1,0,False,,,,,,sociablEE,FUT Esports,fade,True,,,2,1,1,7,True,,,,,,yetujey,FUT Esports,astra,True,,,1,3,2,3,False,,,,,,KROSTALY,FUT Esports,kayo,True,,,1,2,1,3,False,,,,,,Chronicle,Team Vitality,chamber,True,,,0,8,1,4,False,,,,,,Derke,Team Vitality,neon,True,,,1,1,1,7,False,,,,,,Jamppi,Team Vitality,kayo,True,,,1,2,1,3,False,,,,,,Sayonara,Team Vitality,sova,True,,,1,2,1,4,False,,,,,,PROFEK,Team Vitality,astra,True,,,2,2,1,7,True,,,,,
2832.747,5636,PREROUND,19,10,10,,,,s0pp,FUT Esports,chamber,True,,,0,8,1,0,False,,,,,,xeus,FUT Esports,jett,True,,,2,1,1,0,False,,,,,,sociablEE,FUT Esports,fade,True,,,2,1,1,7,True,,,,,,yetujey,FUT Esports,astra,True,,,1,3,2,3,False,,,,,,KROSTALY,FUT Esports,kayo,True,,,1,2,1,3,False,,,,,,Chronicle,Team Vitality,chamber,True,,,0,8,1,4,False,,,,,,Derke,Team Vitality,neon,True,,,1,1,1,7,False,,,,,,Jamppi,Team Vitality,kayo,True,,,1,2,1,3,False,,,,,,Sayonara,Team Vitality,sova,True,,,1,2,1,4,False,,,,,,PROFEK,Team Vitality,astra,True,,,2,2,1,7,True,,,,,
2833.230,5637,PREROUND,19,10,10,,,,s0pp,FUT Esports,chamber,True,,,0,8,1,0,False,,,,,,xeus,FUT Esports,jett,True,,,2,1,1,0,False,,,,,,sociablEE,FUT Esports,fade,True,,,2,1,1,7,True,,,,,,yetujey,FUT Esports,astra,True,,,1,3,2,3,False,,,,,,KROSTALY,FUT Esports,kayo,True,,,1,2,1,3,False,,,,,,Chronicle,Team Vitality,chamber,True,,,0,8,1,4,False,,,,,,Derke,Team Vitality,neon,True,,,1,1,1,7,False,,,,,,Jamppi,Team Vitality,kayo,True,,,1,2,1,3,False,,,,,,Sayonara,Team Vitality,sova,True,,,1,2,1,4,False,,,,,,PROFEK,Team Vitality,astra,True,,,2,2,1,7,True,,,,,
2833.714,5638,PREROUND,19,10,10,,,,s0pp,FUT Esports,chamber,True,,,0,8,1,0,False,,,,,,xeus,FUT Esports,jett,True,,,2,1,1,0,False,,,,,,sociablEE,FUT Esports,fade,True,,,2,1,1,7,True,,,,,,yetujey,FUT Esports,astra,True,,,1,3,1,3,False,,,,,,KROSTALY,FUT Esports,kayo,True,,,1,2,1,3,False,,,,,,Chronicle,Team Vitality,chamber,True,,,0,8,1,4,False,,,,,,Derke,Team Vitality,neon,True,,,1,1,1,7,False,,,,,,Jamppi,Team Vitality,kayo,True,,,1,2,1,3,False,,,,,,Sayonara,Team Vitality,sova,True,,,1,2,1,4,False,,,,,,PROFEK,Team Vitality,astra,True,,,1,2,1,7,True,,,,,
2834.198,5639,PREROUND,19,10,10,,,,s0pp,FUT Esports,chamber,True,,,1,8,1,0,False,,,,,,xeus,FUT Esports,jett,True,,,2,1,1,0,False,,,,,,sociablEE,FUT Esports,fade,True,,,2,1,1,7,True,,,,,,yetujey,FUT Esports,astra,True,,,1,3,1,3,False,,,,,,KROSTALY,FUT Esports,kayo,True,,,1,2,1,3,False,,,,,,Chronicle,Team Vitality,chamber,True,,,0,8,1,4,False,,,,,,Derke,Team Vitality,neon,True,,,1,1,1,7,False,,,,,,Jamppi,Team Vitality,kayo,True,,,1,2,1,3,False,,,,,,Sayonara,Team Vitality,sova,True,,,1,2,1,4,False,,,,,,PROFEK,Team Vitality,astra,True,,,1,2,1,7,True,,,,,
2834.682,5640,PREROUND,19,10,10,,,,s0pp,FUT Esports,chamber,True,,,1,8,1,0,False,,,,,,xeus,FUT Esports,jett,True,,,2,1,1,0,False,,,,,,sociablEE,FUT Esports,fade,True,,,2,1,1,7,True,,,,,,yetujey,FUT Esports,astra,True,,,1,3,1,3,False,,,,,,KROSTALY,FUT Esports,kayo,True,,,1,2,1,3,False,,,,,,Chronicle,Team Vitality,chamber,True,,,0,8,1,4,False,,,,,,Derke,Team Vitality,neon,True,,,1,1,1,7,False,,,,,,Jamppi,Team Vitality,kayo,True,,,1,2,1,3,False,,,,,,Sayonara,Team Vitality,sova,True,,,1,2,1,4,False,,,,,,PROFEK,Team Vitality,astra,True,,,1,2,1,7,True,,,,,
2835.166,5641,PREROUND,19,10,10,,,,s0pp,FUT Esports,chamber,True,,,1,8,1,0,False,,,,,,xeus,FUT Esports,jett,True,,,2,1,1,0,False,,,,,,sociablEE,FUT Esports,fade,True,,,2,1,1,7,True,,,,,,yetujey,FUT Esports,astra,True,,,1,3,1,3,False,,,,,,KROSTALY,FUT Esports,kayo,True,,,1,2,1,3,False,,,,,,Chronicle,Team Vitality,chamber,True,,,0,8,1,4,False,,,,,,Derke,Team Vitality,neon,True,,,1,1,1,7,False,,,,,,Jamppi,Team Vitality,kayo,True,,,1,2,1,3,False,,,,,,Sayonara,Team Vitality,sova,True,,,1,2,1,4,False,,,,,,PROFEK,Team Vitality,astra,True,,,1,2,1,7,True,,,,,
2835.649,5642,PREROUND,19,10,10,,,,s0pp,FUT Esports,chamber,True,,,1,8,1,0,False,,,,,,xeus,FUT Esports,jett,True,,,2,1,1,0,False,,,,,,sociablEE,FUT Esports,fade,True,,,2,1,1,7,True,,,,,,yetujey,FUT Esports,astra,True,,,1,3,1,3,False,,,,,,KROSTALY,FUT Esports,kayo,True,,,1,2,1,3,False,,,,,,Chronicle,Team Vitality,chamber,True,,,0,8,1,4,False,,,,,,Derke,Team Vitality,neon,True,,,1,1,1,7,False,,,,,,Jamppi,Team Vitality,kayo,True,,,1,2,1,3,False,,,,,,Sayonara,Team Vitality,sova,True,,,1,2,1,4,False,,,,,,PROFEK,Team Vitality,astra,True,,,1,2,1,7,True,,,,,
2836.133,5643,PREROUND,19,10,10,,,,s0pp,FUT Esports,chamber,True,,,1,8,1,0,False,,,,,,xeus,FUT Esports,jett,True,,,2,1,1,0,False,,,,,,sociablEE,FUT Esports,fade,True,,,2,1,1,7,True,,,,,,yetujey,FUT Esports,astra,True,,,1,3,1,3,False,,,,,,KROSTALY,FUT Esports,kayo,True,,,1,2,1,3,False,,,,,,Chronicle,Team Vitality,chamber,True,,,0,8,1,4,False,,,,,,Derke,Team Vitality,neon,True,,,1,1,1,7,False,,,,,,Jamppi,Team Vitality,kayo,True,,,1,2,1,3,False,,,,,,Sayonara,Team Vitality,sova,True,,,1,2,1,4,False,,,,,,PROFEK,Team Vitality,astra,True,,,1,2,1,7,True,,,,,
2836.617,5644,PREROUND,19,10,10,,,,s0pp,FUT Esports,chamber,True,,,1,8,1,0,False,,,,,,xeus,FUT Esports,jett,True,,,2,1,1,0,False,,,,,,sociablEE,FUT Esports,fade,True,,,2,1,1,7,True,,,,,,yetujey,FUT Esports,astra,True,,,1,3,1,3,False,,,,,,KROSTALY,FUT Esports,kayo,True,,,1,2,1,3,False,,,,,,Chronicle,Team Vitality,chamber,True,,,0,8,1,4,False,,,,,,Derke,Team Vitality,neon,True,,,1,1,1,7,False,,,,,,Jamppi,Team Vitality,kayo,True,,,1,2,1,3,False,,,,,,Sayonara,Team Vitality,sova,True,,,1,2,1,4,False,,,,,,PROFEK,Team Vitality,astra,True,,,1,2,1,7,True,,,,,
2837.101,5645,PREROUND,19,10,10,,,,s0pp,FUT Esports,chamber,True,,,1,8,1,0,False,,,,,,xeus,FUT Esports,jett,True,,,2,1,1,0,False,,,,,,sociablEE,FUT Esports,fade,True,,,2,1,1,7,True,,,,,,yetujey,FUT Esports,astra,True,,,1,3,1,3,False,,,,,,KROSTALY,FUT Esports,kayo,True,,,1,2,1,3,False,,,,,,Chronicle,Team Vitality,chamber,True,,,0,8,1,4,False,,,,,,Derke,Team Vitality,neon,True,,,1,1,1,7,False,,,,,,Jamppi,Team Vitality,kayo,True,,,1,2,1,3,False,,,,,,Sayonara,Team Vitality,sova,True,,,1,2,1,4,False,,,,,,PROFEK,Team Vitality,astra,True,,,1,2,1,7,True,,,,,
2837.585,5646,PREROUND,19,10,10,,,,s0pp,FUT Esports,chamber,True,,,1,8,1,0,False,,,,,,xeus,FUT Esports,jett,True,,,2,1,1,0,False,,,,,,sociablEE,FUT Esports,fade,True,,,2,1,1,7,True,,,,,,yetujey,FUT Esports,astra,True,,,1,3,1,3,False,,,,,,KROSTALY,FUT Esports,kayo,True,,,1,2,1,3,False,,,,,,Chronicle,Team Vitality,chamber,True,,,0,8,1,4,False,,,,,,Derke,Team Vitality,neon,True,,,1,1,1,7,False,,,,,,Jamppi,Team Vitality,kayo,True,,,1,2,1,3,False,,,,,,Sayonara,Team Vitality,sova,True,,,1,2,1,4,False,,,,,,PROFEK,Team Vitality,astra,True,,,1,2,1,7,True,,,,,
2838.069,5647,PREROUND,19,10,10,,,,s0pp,FUT Esports,chamber,True,,,1,8,1,0,False,,,,,,xeus,FUT Esports,jett,True,,,2,1,1,0,False,,,,,,sociablEE,FUT Esports,fade,True,,,2,1,1,7,True,,,,,,yetujey,FUT Esports,astra,True,,,1,3,1,3,False,,,,,,KROSTALY,FUT Esports,kayo,True,,,1,2,1,3,False,,,,,,Chronicle,Team Vitality,chamber,True,,,0,8,1,4,False,,,,,,Derke,Team Vitality,neon,True,,,1,1,1,7,False,,,,,,Jamppi,Team Vitality,kayo,True,,,1,2,1,3,False,,,,,,Sayonara,Team Vitality,sova,True,,,1,2,1,4,False,,,,,,PROFEK,Team Vitality,astra,True,,,1,2,1,7,True,,,,,
2838.552,5648,PREROUND,19,10,10,,,,s0pp,FUT Esports,chamber,True,,,1,8,1,0,False,,,,,,xeus,FUT Esports,jett,True,,,2,1,1,0,False,,,,,,sociablEE,FUT Esports,fade,True,,,2,1,1,7,True,,,,,,yetujey,FUT Esports,astra,True,,,1,3,1,3,False,,,,,,KROSTALY,FUT Esports,kayo,True,,,1,2,1,3,False,,,,,,Chronicle,Team Vitality,chamber,True,,,0,8,1,4,False,,,,,,Derke,Team Vitality,neon,True,,,1,1,1,7,False,,,,,,Jamppi,Team Vitality,kayo,True,,,1,2,1,3,False,,,,,,Sayonara,Team Vitality,sova,True,,,1,2,1,4,False,,,,,,PROFEK,Team Vitality,astra,True,,,2,2,1,7,True,,,,,
2839.036,5649,PREROUND,19,10,10,,,,s0pp,FUT Esports,chamber,True,,,1,8,1,0,False,,,,,,xeus,FUT Esports,jett,True,,,2,1,1,0,False,,,,,,sociablEE,FUT Esports,fade,True,,,2,1,1,7,True,,,,,,yetujey,FUT Esports,astra,True,,,1,3,1,3,False,,,,,,KROSTALY,FUT Esports,kayo,True,,,1,2,1,3,False,,,,,,Chronicle,Team Vitality,chamber,True,,,0,8,1,4,False,,,,,,Derke,Team Vitality,neon,True,,,1,1,1,7,False,,,,,,Jamppi,Team Vitality,kayo,True,,,1,2,1,3,False,,,,,,Sayonara,Team Vitality,sova,True,,,1,2,1,4,False,,,,,,PROFEK,Team Vitality,astra,True,,,2,2,1,7,True,,,,,
2839.520,5650,PREROUND,19,10,10,,,,s0pp,FUT Esports,chamber,True,,,1,8,1,0,False,,,,,,xeus,FUT Esports,jett,True,,,2,1,1,0,False,,,,,,sociablEE,FUT Esports,fade,True,,,2,1,1,7,True,,,,,,yetujey,FUT Esports,astra,True,,,1,3,1,3,False,,,,,,KROSTALY,FUT Esports,kayo,True,,,1,2,1,3,False,,,,,,Chronicle,Team Vitality,chamber,True,,,0,8,1,4,False,,,,,,Derke,Team Vitality,neon,True,,,1,1,1,7,False,,,,,,Jamppi,Team Vitality,kayo,True,,,1,2,1,3,False,,,,,,Sayonara,Team Vitality,sova,True,,,1,2,1,4,False,,,,,,PROFEK,Team Vitality,astra,True,,,2,2,1,7,True,,,,,
2840.004,5651,PREROUND,19,10,10,,,,s0pp,FUT Esports,chamber,True,,,1,8,1,0,False,,,,,,xeus,FUT Esports,jett,True,,,2,1,1,0,False,,,,,,sociablEE,FUT Esports,fade,True,,,2,1,1,7,True,,,,,,yetujey,FUT Esports,astra,True,,,1,3,1,3,False,,,,,,KROSTALY,FUT Esports,kayo,True,,,1,2,1,3,False,,,,,,Chronicle,Team Vitality,chamber,True,,,0,8,1,4,False,,,,,,Derke,Team Vitality,neon,True,,,1,1,1,7,False,,,,,,Jamppi,Team Vitality,kayo,True,,,1,2,1,3,False,,,,,,Sayonara,Team Vitality,sova,True,,,1,2,1,4,False,,,,,,PROFEK,Team Vitality,astra,True,,,2,2,1,7,True,,,,,
2840.488,5652,PREROUND,19,10,10,,,,s0pp,FUT Esports,chamber,True,,,1,8,1,0,False,,,,,,xeus,FUT Esports,jett,True,,,2,1,1,0,False,,,,,,sociablEE,FUT Esports,fade,True,,,2,1,1,7,True,,,,,,yetujey,FUT Esports,astra,True,,,1,3,1,3,False,,,,,,KROSTALY,FUT Esports,kayo,True,,,1,2,1,3,False,,,,,,Chronicle,Team Vitality,chamber,True,,,0,8,1,4,False,,,,,,Derke,Team Vitality,neon,True,,,1,1,1,7,False,,,,,,Jamppi,Team Vitality,kayo,True,,,1,2,1,3,False,,,,,,Sayonara,Team Vitality,sova,True,,,1,2,1,4,False,,,,,,PROFEK,Team Vitality,astra,True,,,2,2,1,7,True,,,,,
2840.971,5653,PREROUND,19,10,10,,,,s0pp,FUT Esports,chamber,True,,,1,8,1,0,False,,,,,,xeus,FUT Esports,jett,True,,,2,1,1,0,False,,,,,,sociablEE,FUT Esports,fade,True,,,2,1,1,7,True,,,,,,yetujey,FUT Esports,astra,True,,,0,3,1,3,False,,,,,,KROSTALY,FUT Esports,kayo,True,,,1,2,1,3,False,,,,,,Chronicle,Team Vitality,chamber,True,,,0,8,1,4,False,,,,,,Derke,Team Vitality,neon,True,,,1,1,1,7,False,,,,,,Jamppi,Team Vitality,kayo,True,,,1,2,1,3,False,,,,,,Sayonara,Team Vitality,sova,True,,,1,2,1,4,False,,,,,,PROFEK,Team Vitality,astra,True,,,2,2,1,7,True,,,,,
2841.455,5654,PREROUND,19,10,10,,,,s0pp,FUT Esports,chamber,True,,,1,8,1,0,False,,,,,,xeus,FUT Esports,jett,True,,,2,1,1,0,False,,,,,,sociablEE,FUT Esports,fade,True,,,2,1,1,7,True,,,,,,yetujey,FUT Esports,astra,True,,,0,3,1,3,False,,,,,,KROSTALY,FUT Esports,kayo,True,,,1,2,1,3,False,,,,,,Chronicle,Team Vitality,chamber,True,,,0,8,1,4,False,,,,,,Derke,Team Vitality,neon,True,,,1,1,1,7,False,,,,,,Jamppi,Team Vitality,kayo,True,,,1,2,1,3,False,,,,,,Sayonara,Team Vitality,sova,True,,,1,2,1,4,False,,,,,,PROFEK,Team Vitality,astra,True,,,2,2,1,7,True,,,,,
2841.939,5655,PREROUND,19,10,10,,,,s0pp,FUT Esports,chamber,True,,,1,8,1,0,False,,,,,,xeus,FUT Esports,jett,True,,,2,1,1,0,False,,,,,,sociablEE,FUT Esports,fade,True,,,2,1,1,7,True,,,,,,yetujey,FUT Esports,astra,True,,,0,3,1,3,False,,,,,,KROSTALY,FUT Esports,kayo,True,,,1,2,1,3,False,,,,,,Chronicle,Team Vitality,chamber,True,,,0,8,1,4,False,,,,,,Derke,Team Vitality,neon,True,,,1,1,1,7,False,,,,,,Jamppi,Team Vitality,kayo,True,,,1,2,1,3,False,,,,,,Sayonara,Team Vitality,sova,True,,,1,2,1,4,False,,,,,,PROFEK,Team Vitality,astra,True,,,2,2,1,7,True,,,,,
2842.423,5656,PREROUND,19,10,10,,,,s0pp,FUT Esports,chamber,True,,,1,8,1,0,False,,,,,,xeus,FUT Esports,jett,True,,,2,1,1,0,False,,,,,,sociablEE,FUT Esports,fade,True,,,2,1,1,7,True,,,,,,yetujey,FUT Esports,astra,True,,,0,3,1,3,False,,,,,,KROSTALY,FUT Esports,kayo,True,,,1,2,1,3,False,,,,,,Chronicle,Team Vitality,chamber,True,,,0,8,1,4,False,,,,,,Derke,Team Vitality,neon,True,,,1,1,1,7,False,,,,,,Jamppi,Team Vitality,kayo,True,,,1,2,1,3,False,,,,,,Sayonara,Team Vitality,sova,True,,,1,2,1,4,False,,,,,,PROFEK,Team Vitality,astra,True,,,2,2,1,7,True,,,,,
2842.907,5657,PREROUND,19,10,10,,,,s0pp,FUT Esports,chamber,True,,,1,8,1,0,False,,,,,,xeus,FUT Esports,jett,True,,,2,1,1,0,False,,,,,,sociablEE,FUT Esports,fade,True,,,2,1,1,7,True,,,,,,yetujey,FUT Esports,astra,True,,,1,3,1,3,False,,,,,,KROSTALY,FUT Esports,kayo,True,,,1,2,1,3,False,,,,,,Chronicle,Team Vitality,chamber,True,,,0,8,1,4,False,,,,,,Derke,Team Vitality,neon,True,,,1,1,1,7,False,,,,,,Jamppi,Team Vitality,kayo,True,,,1,2,1,3,False,,,,,,Sayonara,Team Vitality,sova,True,,,1,2,1,4,False,,,,,,PROFEK,Team Vitality,astra,True,,,2,2,1,7,True,,,,,
2843.391,5658,PREROUND,19,10,10,,,,s0pp,FUT Esports,chamber,True,,,1,8,1,0,False,,,,,,xeus,FUT Esports,jett,True,,,2,1,1,0,False,,,,,,sociablEE,FUT Esports,fade,True,,,2,1,1,7,True,,,,,,yetujey,FUT Esports,astra,True,,,0,3,1,3,False,,,,,,KROSTALY,FUT Esports,kayo,True,,,1,2,1,3,False,,,,,,Chronicle,Team Vitality,chamber,True,,,0,8,1,4,False,,,,,,Derke,Team Vitality,neon,True,,,1,1,1,7,False,,,,,,Jamppi,Team Vitality,kayo,True,,,1,2,1,3,False,,,,,,Sayonara,Team Vitality,sova,True,,,1,2,1,4,False,,,,,,PROFEK,Team Vitality,astra,True,,,2,2,1,7,True,,,,,
2843.874,5659,ACTIVE_ROUND,19,10,10,99.000,,,s0pp,FUT Esports,chamber,True,100,50,1,8,1,0,False,,,,,,xeus,FUT Esports,jett,True,100,50,2,1,1,0,False,,,,0.7944,0.6144,sociablEE,FUT Esports,fade,True,100,25,2,1,1,7,True,,,,,,yetujey,FUT Esports,astra,True,100,50,0,3,1,3,False,,,,,,KROSTALY,FUT Esports,kayo,True,100,50,1,2,1,3,False,,,,0.7422,0.6511,Chronicle,Team Vitality,chamber,True,100,50,0,8,1,4,False,,,,,,Derke,Team Vitality,neon,True,100,50,1,1,1,7,False,,,,0.1467,0.4889,Jamppi,Team Vitality,kayo,True,100,50,1,2,1,3,False,,,,0.1300,0.4300,Sayonara,Team Vitality,sova,True,100,50,1,2,1,4,False,,,,0.1567,0.4133,PROFEK,Team Vitality,astra,True,100,50,2,2,1,7,True,,,,0.8111,0.3833
2844.358,5660,ACTIVE_ROUND,19,10,10,98.000,,,s0pp,FUT Esports,chamber,True,100,50,1,8,1,0,False,vandal,rifle,,,,xeus,FUT Esports,jett,True,100,50,2,1,0,0,False,vandal,rifle,,0.8144,0.6033,sociablEE,FUT Esports,fade,True,100,25,2,1,1,7,True,classic,sidearm,,,,yetujey,FUT Esports,astra,True,100,50,1,2,0,3,False,phantom,rifle,,,,KROSTALY,FUT Esports,kayo,True,100,50,1,1,1,3,False,vandal,rifle,,0.7511,0.6467,Chronicle,Team Vitality,chamber,True,100,50,0,8,1,4,False,operator,sniper,,,,Derke,Team Vitality,neon,True,100,50,1,1,1,7,False,operator,sniper,,0.1467,0.5000,Jamppi,Team Vitality,kayo,True,100,50,1,2,1,3,False,phantom,rifle,,0.1344,0.4322,Sayonara,Team Vitality,sova,True,100,50,1,2,1,4,False,phantom,rifle,,0.1611,0.4133,PROFEK,Team Vitality,astra,True,100,50,1,1,0,7,True,phantom,rifle,,0.8111,0.3833
2844.842,5661,ACTIVE_ROUND,19,10,10,98.000,,,s0pp,FUT Esports,chamber,True,100,50,1,8,1,0,False,vandal,rifle,,,,xeus,FUT Esports,jett,True,100,50,2,1,0,0,False,vandal,rifle,,0.8344,0.5944,sociablEE,FUT Esports,fade,True,100,25,2,1,1,7,True,classic,sidearm,,,,yetujey,FUT Esports,astra,True,100,50,1,2,0,3,False,phantom,rifle,,,,KROSTALY,FUT Esports,kayo,True,100,50,1,1,1,3,False,vandal,rifle,,0.7511,0.6467,Chronicle,Team Vitality,chamber,True,100,50,0,8,1,4,False,operator,sniper,,0.7244,0.5244,Derke,Team Vitality,neon,True,100,50,1,1,1,7,False,operator,sniper,,0.1489,0.5067,Jamppi,Team Vitality,kayo,True,100,50,1,2,1,3,False,phantom,rifle,,0.1322,0.4322,Sayonara,Team Vitality,sova,True,100,50,1,2,1,4,False,phantom,rifle,,0.1611,0.4156,PROFEK,Team Vitality,astra,True,100,50,1,1,0,7,True,phantom,rifle,,0.8111,0.3833
2845.326,5662,ACTIVE_ROUND,19,10,10,97.000,,,s0pp,FUT Esports,chamber,True,100,50,1,8,1,0,False,vandal,rifle,,0.6944,0.6711,xeus,FUT Esports,jett,True,100,50,2,1,0,0,False,vandal,rifle,,0.8767,0.5700,sociablEE,FUT Esports,fade,True,100,25,2,1,1,7,True,classic,sidearm,,,,yetujey,FUT Esports,astra,True,100,50,1,2,0,3,False,phantom,rifle,,,,KROSTALY,FUT Esports,kayo,True,100,50,1,1,1,3,False,vandal,rifle,,0.7867,0.6222,Chronicle,Team Vitality,chamber,True,100,50,0,8,1,4,False,operator,sniper,,0.7222,0.5333,Derke,Team Vitality,neon,True,100,50,1,1,1,7,False,operator,sniper,,0.1489,0.5111,Jamppi,Team Vitality,kayo,True,100,50,1,2,1,3,False,phantom,rifle,,0.1300,0.4322,Sayonara,Team Vitality,sova,True,100,50,1,2,1,4,False,phantom,rifle,,0.1567,0.4178,PROFEK,Team Vitality,astra,True,100,50,1,1,0,7,True,phantom,rifle,,0.8111,0.3833
2845.810,5663,ACTIVE_ROUND,19,10,10,97.000,,,s0pp,FUT Esports,chamber,True,100,50,1,8,1,0,False,vandal,rifle,,0.6944,0.6711,xeus,FUT Esports,jett,True,100,50,2,1,0,0,False,vandal,rifle,,0.1811,0.6589,sociablEE,FUT Esports,fade,True,100,25,2,1,1,7,True,classic,sidearm,,,,yetujey,FUT Esports,astra,True,100,50,1,2,0,3,False,phantom,rifle,,,,KROSTALY,FUT Esports,kayo,True,100,50,1,1,1,3,False,vandal,rifle,,0.7867,0.6222,Chronicle,Team Vitality,chamber,True,100,50,0,8,1,4,False,operator,sniper,,0.7200,0.5356,Derke,Team Vitality,neon,True,100,50,1,1,1,7,False,operator,sniper,,0.1489,0.5178,Jamppi,Team Vitality,kayo,True,100,50,1,2,1,3,False,phantom,rifle,,0.7944,0.4078,Sayonara,Team Vitality,sova,True,100,50,1,2,1,4,False,phantom,rifle,,0.1567,0.4178,PROFEK,Team Vitality,astra,True,100,50,1,1,0,7,True,phantom,rifle,,0.8133,0.3767
2846.293,5664,ACTIVE_ROUND,19,10,10,96.000,,,s0pp,FUT Esports,chamber,True,100,50,1,8,1,0,False,vandal,rifle,,0.6078,0.6800,xeus,FUT Esports,jett,True,100,50,2,1,0,0,False,vandal,rifle,,0.1811,0.6589,sociablEE,FUT Esports,fade,True,100,25,2,1,1,7,True,classic,sidearm,,,,yetujey,FUT Esports,astra,True,100,50,1,0,0,3,False,phantom,rifle,,,,KROSTALY,FUT Esports,kayo,True,100,50,1,1,1,3,False,vandal,rifle,,0.8200,0.6067,Chronicle,Team Vitality,chamber,True,100,50,0,8,1,4,False,operator,sniper,,0.7200,0.5311,Derke,Team Vitality,neon,True,100,50,1,1,1,7,False,operator,sniper,,0.1511,0.5244,Jamppi,Team Vitality,kayo,True,100,50,1,2,1,3,False,phantom,rifle,,0.1300,0.4322,Sayonara,Team Vitality,sova,True,100,50,1,1,1,4,False,phantom,rifle,,0.6344,0.9133,PROFEK,Team Vitality,astra,True,100,50,1,1,0,7,True,phantom,rifle,,0.8133,0.3544
2846.777,5665,ACTIVE_ROUND,19,10,10,96.000,,,s0pp,FUT Esports,chamber,True,100,50,1,8,1,0,False,vandal,rifle,,0.6056,0.6689,xeus,FUT Esports,jett,True,100,50,2,1,0,0,False,vandal,rifle,,0.1811,0.6589,sociablEE,FUT Esports,fade,True,100,25,2,1,1,7,True,classic,sidearm,,,,yetujey,FUT Esports,astra,True,100,50,1,0,0,3,False,phantom,rifle,,,,KROSTALY,FUT Esports,kayo,True,100,50,1,1,1,3,False,vandal,rifle,,0.8378,0.6000,Chronicle,Team Vitality,chamber,True,100,50,0,8,1,4,False,operator,sniper,,0.7200,0.5244,Derke,Team Vitality,neon,True,100,50,1,1,1,7,False,operator,sniper,,0.1533,0.5311,Jamppi,Team Vitality,kayo,True,100,50,1,2,1,3,False,phantom,rifle,,0.1300,0.4322,Sayonara,Team Vitality,sova,False,,50,1,1,1,4,False,phantom,rifle,,0.1567,0.4178,PROFEK,Team Vitality,astra,True,100,50,1,1,0,7,True,phantom,rifle,,0.8133,0.3322
2847.261,5666,ACTIVE_ROUND,19,10,10,95.000,,,s0pp,FUT Esports,chamber,True,100,50,1,8,1,0,False,vandal,rifle,,0.6033,0.6578,xeus,FUT Esports,jett,True,100,50,2,1,0,0,False,vandal,rifle,,0.1811,0.6589,sociablEE,FUT Esports,fade,True,100,25,2,1,1,7,True,classic,sidearm,,,,yetujey,FUT Esports,astra,True,100,50,1,0,0,3,False,phantom,rifle,,,,KROSTALY,FUT Esports,kayo,True,100,50,1,1,1,3,False,vandal,rifle,,0.8378,0.6000,Chronicle,Team Vitality,chamber,True,100,50,0,8,1,4,False,operator,sniper,,0.7178,0.5156,Derke,Team Vitality,neon,True,100,50,1,1,1,7,False,operator,sniper,,0.1533,0.5356,Jamppi,Team Vitality,kayo,True,100,50,1,2,1,3,False,phantom,rifle,,0.1322,0.4367,Sayonara,Team Vitality,sova,False,,50,1,1,1,4,False,phantom,rifle,,,,PROFEK,Team Vitality,astra,True,100,50,1,1,0,7,True,phantom,rifle,,0.8156,0.3167
2847.745,5667,ACTIVE_ROUND,19,10,10,95.000,,,s0pp,FUT Esports,chamber,True,100,50,1,8,1,0,False,vandal,rifle,,0.5989,0.6489,xeus,FUT Esports,jett,True,100,50,2,1,0,0,False,vandal,rifle,,0.8944,0.5633,sociablEE,FUT Esports,fade,True,100,25,2,1,1,7,True,classic,sidearm,,0.6267,0.6600,yetujey,FUT Esports,astra,True,100,50,1,0,0,3,False,phantom,rifle,,,,KROSTALY,FUT Esports,kayo,True,100,50,1,1,1,3,False,vandal,rifle,,0.8378,0.6000,Chronicle,Team Vitality,chamber,True,100,50,0,8,1,4,False,operator,sniper,,0.7133,0.5000,Derke,Team Vitality,neon,True,100,50,1,1,1,7,False,operator,sniper,,0.1533,0.5356,Jamppi,Team Vitality,kayo,True,100,50,1,2,1,3,False,phantom,rifle,,0.1278,0.4544,Sayonara,Team Vitality,sova,False,,50,1,1,1,4,False,phantom,rifle,,,,PROFEK,Team Vitality,astra,True,100,50,1,1,0,7,True,phantom,rifle,,0.8156,0.3167
2848.229,5668,ACTIVE_ROUND,19,10,10,94.000,,,s0pp,FUT Esports,chamber,True,100,50,1,8,1,0,False,vandal,rifle,,0.5944,0.6467,xeus,FUT Esports,jett,True,100,50,2,1,0,1,False,vandal,rifle,,0.8767,0.5700,sociablEE,FUT Esports,fade,True,100,25,2,1,1,7,True,classic,sidearm,,0.6289,0.6489,yetujey,FUT Esports,astra,True,100,50,1,2,0,3,False,phantom,rifle,,,,KROSTALY,FUT Esports,kayo,True,100,50,1,1,1,3,False,vandal,rifle,,0.8733,0.5978,Chronicle,Team Vitality,chamber,True,100,50,0,8,1,4,False,operator,sniper,,0.7111,0.4867,Derke,Team Vitality,neon,True,100,50,1,1,1,7,False,operator,sniper,,0.1533,0.5356,Jamppi,Team Vitality,kayo,True,100,50,1,2,1,3,False,phantom,rifle,,0.1233,0.4678,Sayonara,Team Vitality,sova,False,,50,1,1,1,4,False,phantom,rifle,,,,PROFEK,Team Vitality,astra,True,100,50,2,1,0,7,True,phantom,rifle,,0.8222,0.3122
2848.713,5669,ACTIVE_ROUND,19,10,10,94.000,,,s0pp,FUT Esports,chamber,True,100,50,1,8,1,0,False,vandal,rifle,,0.5878,0.6400,xeus,FUT Esports,jett,True,100,50,2,1,0,1,False,vandal,rifle,,0.5789,0.6056,sociablEE,FUT Esports,fade,True,100,25,2,1,1,7,True,classic,sidearm,,0.6289,0.6378,yetujey,FUT Esports,astra,True,100,50,1,2,0,3,False,phantom,rifle,,,,KROSTALY,FUT Esports,kayo,True,100,50,1,1,1,3,False,vandal,rifle,,0.8733,0.5978,Chronicle,Team Vitality,chamber,True,100,50,0,8,1,4,False,operator,sniper,,0.7111,0.4733,Derke,Team Vitality,neon,True,100,50,1,1,1,7,False,operator,sniper,,0.1889,0.4533,Jamppi,Team Vitality,kayo,True,100,50,1,2,1,3,False,phantom,rifle,,0.1211,0.4789,Sayonara,Team Vitality,sova,False,,50,1,1,1,4,False,phantom,rifle,,,,PROFEK,Team Vitality,astra,True,100,50,2,1,0,7,True,phantom,rifle,,0.8222,0.3122
2849.196,5670,ACTIVE_ROUND,19,10,10,93.000,,,s0pp,FUT Esports,chamber,True,100,50,1,8,1,0,False,vandal,rifle,,0.5856,0.6378,xeus,FUT Esports,jett,True,100,50,2,1,0,1,False,vandal,rifle,,0.5767,0.6033,sociablEE,FUT Esports,fade,True,100,25,2,1,1,7,True,classic,sidearm,,0.6333,0.6267,yetujey,FUT Esports,astra,True,100,50,1,2,0,3,False,phantom,rifle,,,,KROSTALY,FUT Esports,kayo,True,100,50,1,1,1,3,False,vandal,rifle,,0.8733,0.5978,Chronicle,Team Vitality,chamber,True,100,50,0,8,1,4,False,operator,sniper,,0.7111,0.4600,Derke,Team Vitality,neon,True,100,50,1,1,1,7,False,operator,sniper,,0.2111,0.4311,Jamppi,Team Vitality,kayo,True,100,50,1,2,1,3,False,phantom,rifle,,0.1367,0.4878,Sayonara,Team Vitality,sova,False,,50,1,1,1,4,False,phantom,rifle,,,,PROFEK,Team Vitality,astra,True,100,50,2,1,0,7,True,phantom,rifle,,0.8311,0.3056
2849.680,5671,ACTIVE_ROUND,19,10,10,93.000,,,s0pp,FUT Esports,chamber,True,100,50,1,8,1,0,False,vandal,rifle,,0.5878,0.6289,xeus,FUT Esports,jett,True,100,50,2,1,0,1,False,vandal,rifle,,0.5767,0.5967,sociablEE,FUT Esports,fade,True,100,25,2,1,1,7,True,classic,sidearm,,0.6333,0.6156,yetujey,FUT Esports,astra,True,100,50,1,2,0,3,False,phantom,rifle,,0.6289,0.6411,KROSTALY,FUT Esports,kayo,True,100,50,1,1,1,3,False,vandal,rifle,,0.8733,0.5978,Chronicle,Team Vitality,chamber,True,100,50,0,8,1,4,False,operator,sniper,,0.7111,0.4444,Derke,Team Vitality,neon,True,100,50,1,1,1,7,False,operator,sniper,,0.2378,0.4111,Jamppi,Team Vitality,kayo,True,100,50,1,2,1,3,False,phantom,rifle,,0.1411,0.4989,Sayonara,Team Vitality,sova,False,,50,1,1,1,4,False,phantom,rifle,,,,PROFEK,Team Vitality,astra,True,100,50,2,1,0,7,True,phantom,rifle,,0.8378,0.2944
2850.164,5672,ACTIVE_ROUND,19,10,10,93.000,,,s0pp,FUT Esports,chamber,True,100,50,1,8,1,0,False,vandal,rifle,,0.5856,0.6244,xeus,FUT Esports,jett,True,100,50,2,1,0,1,False,vandal,rifle,,0.5767,0.5900,sociablEE,FUT Esports,fade,True,100,25,2,1,1,7,True,classic,sidearm,,0.6311,0.6022,yetujey,FUT Esports,astra,True,100,50,1,2,0,3,False,phantom,rifle,,0.6289,0.6411,KROSTALY,FUT Esports,kayo,True,100,50,1,1,1,3,False,vandal,rifle,,0.8733,0.5978,Chronicle,Team Vitality,chamber,True,100,50,0,8,1,4,False,operator,sniper,,0.7111,0.4311,Derke,Team Vitality,neon,True,100,50,1,1,1,7,False,operator,sniper,,0.2622,0.3956,Jamppi,Team Vitality,kayo,True,100,50,1,2,1,3,False,phantom,rifle,,0.1478,0.5078,Sayonara,Team Vitality,sova,False,,50,1,1,1,4,False,phantom,rifle,,,,PROFEK,Team Vitality,astra,True,100,50,0,0,0,7,True,phantom,rifle,,0.8378,0.2944
2850.648,5673,ACTIVE_ROUND,19,10,10,92.000,,,s0pp,FUT Esports,chamber,True,100,50,1,8,1,0,False,vandal,rifle,,0.5833,0.6200,xeus,FUT Esports,jett,True,100,50,2,1,0,1,False,vandal,rifle,,0.5767,0.5856,sociablEE,FUT Esports,fade,True,100,25,2,1,1,7,True,classic,sidearm,,0.6311,0.6022,yetujey,FUT Esports,astra,True,100,50,1,2,0,3,False,phantom,rifle,,0.6289,0.6411,KROSTALY,FUT Esports,kayo,True,100,50,1,1,1,3,False,vandal,rifle,,0.8733,0.5978,Chronicle,Team Vitality,chamber,True,100,50,0,8,1,4,False,operator,sniper,,0.7133,0.4156,Derke,Team Vitality,neon,True,100,50,1,1,1,7,False,operator,sniper,,0.2911,0.3844,Jamppi,Team Vitality,kayo,True,100,50,1,2,1,3,False,phantom,rifle,,0.1500,0.5211,Sayonara,Team Vitality,sova,False,,50,1,1,1,4,False,phantom,rifle,,,,PROFEK,Team Vitality,astra,True,100,50,0,0,0,7,True,phantom,rifle,,0.8667,0.2900
2851.132,5674,ACTIVE_ROUND,19,10,10,92.000,,,s0pp,FUT Esports,chamber,True,100,50,1,8,1,0,False,vandal,rifle,,0.5856,0.6200,xeus,FUT Esports,jett,True,100,50,2,1,0,1,False,vandal,rifle,,0.5767,0.5856,sociablEE,FUT Esports,fade,True,100,25,2,1,1,7,True,classic,sidearm,,0.6311,0.6022,yetujey,FUT Esports,astra,True,100,50,1,2,0,3,False,phantom,rifle,,0.6289,0.6411,KROSTALY,FUT Esports,kayo,True,100,50,1,1,1,3,False,vandal,rifle,,0.8733,0.5978,Chronicle,Team Vitality,chamber,True,100,50,0,8,1,4,False,operator,sniper,,0.7156,0.4022,Derke,Team Vitality,neon,True,100,50,1,1,1,7,False,operator,sniper,,0.3222,0.3733,Jamppi,Team Vitality,kayo,True,100,50,1,2,1,3,False,phantom,rifle,,0.1500,0.5322,Sayonara,Team Vitality,sova,False,,50,1,1,1,4,False,phantom,rifle,,,,PROFEK,Team Vitality,astra,True,100,50,0,0,0,7,True,phantom,rifle,,0.8778,0.2900
2851.615,5675,ACTIVE_ROUND,19,10,10,91.000,,,s0pp,FUT Esports,chamber,True,100,50,1,8,1,0,False,vandal,rifle,,0.5856,0.6111,xeus,FUT Esports,jett,True,100,50,2,1,0,1,False,vandal,rifle,,0.8656,0.2878,sociablEE,FUT Esports,fade,True,100,25,2,1,1,7,True,classic,sidearm,,0.6311,0.5378,yetujey,FUT Esports,astra,True,100,50,1,2,0,3,False,phantom,rifle,,0.6289,0.6411,KROSTALY,FUT Esports,kayo,True,100,50,1,1,1,3,False,vandal,rifle,,0.8733,0.5978,Chronicle,Team Vitality,chamber,True,100,50,0,8,1,4,False,operator,sniper,,0.7178,0.4022,Derke,Team Vitality,neon,True,100,50,1,1,1,7,False,operator,sniper,,0.3533,0.3644,Jamppi,Team Vitality,kayo,True,100,50,1,2,1,3,False,phantom,rifle,,0.1500,0.5433,Sayonara,Team Vitality,sova,False,,50,1,1,1,4,False,phantom,rifle,,,,PROFEK,Team Vitality,astra,True,100,50,0,0,0,7,True,phantom,rifle,,0.8867,0.2967
2852.099,5676,ACTIVE_ROUND,19,10,10,91.000,,,s0pp,FUT Esports,chamber,True,100,50,1,8,1,0,False,vandal,rifle,,0.5878,0.6000,xeus,FUT Esports,jett,True,100,50,1,1,0,1,False,vandal,rifle,,0.5967,0.5589,sociablEE,FUT Esports,fade,True,100,25,2,1,1,7,True,classic,sidearm,,0.6622,0.5378,yetujey,FUT Esports,astra,True,100,50,1,1,0,3,False,phantom,rifle,,0.6289,0.6411,KROSTALY,FUT Esports,kayo,True,100,50,1,1,1,3,False,vandal,rifle,,0.8733,0.5978,Chronicle,Team Vitality,chamber,True,100,50,0,8,1,4,False,operator,sniper,,0.7178,0.4022,Derke,Team Vitality,neon,True,100,50,1,1,1,7,False,operator,sniper,,0.3733,0.3444,Jamppi,Team Vitality,kayo,True,100,50,1,2,0,3,False,phantom,rifle,,0.1411,0.5500,Sayonara,Team Vitality,sova,False,,50,1,1,1,4,False,phantom,rifle,,,,PROFEK,Team Vitality,astra,True,100,50,0,0,0,7,True,phantom,rifle,,0.8911,0.3011
2852.583,5677,ACTIVE_ROUND,19,10,10,90.000,,,s0pp,FUT Esports,chamber,True,100,50,1,8,1,0,False,vandal,rifle,,0.7478,0.7422,xeus,FUT Esports,jett,True,100,50,1,1,0,1,False,vandal,rifle,,0.7989,0.3567,sociablEE,FUT Esports,fade,True,100,25,2,1,1,7,True,classic,sidearm,,0.6622,0.5378,yetujey,FUT Esports,astra,True,100,50,1,1,0,3,False,phantom,rifle,,0.6289,0.6411,KROSTALY,FUT Esports,kayo,True,100,50,1,1,1,3,False,vandal,rifle,,0.8733,0.5978,Chronicle,Team Vitality,chamber,True,100,50,0,8,1,4,False,operator,sniper,,0.7178,0.4022,Derke,Team Vitality,neon,True,100,50,1,1,1,7,False,operator,sniper,,0.3844,0.3333,Jamppi,Team Vitality,kayo,True,100,50,1,2,0,3,False,phantom,rifle,,0.1389,0.5500,Sayonara,Team Vitality,sova,False,,50,1,1,1,4,False,phantom,rifle,,,,PROFEK,Team Vitality,astra,True,100,50,0,0,0,7,True,phantom,rifle,,0.8911,0.3056
2853.067,5678,ACTIVE_ROUND,19,10,10,90.000,,,s0pp,FUT Esports,chamber,True,100,50,1,8,1,0,False,vandal,rifle,,0.3122,0.3689,xeus,FUT Esports,jett,True,100,50,1,1,0,1,False,vandal,rifle,,0.6456,0.6056,sociablEE,FUT Esports,fade,True,100,25,2,1,1,7,True,classic,sidearm,,0.6622,0.5378,yetujey,FUT Esports,astra,True,100,50,1,1,0,3,False,phantom,rifle,,0.6289,0.6411,KROSTALY,FUT Esports,kayo,True,100,50,1,1,1,3,False,vandal,rifle,,0.8733,0.5978,Chronicle,Team Vitality,chamber,True,100,50,0,8,1,4,False,operator,sniper,,0.7178,0.4022,Derke,Team Vitality,neon,True,100,50,1,1,1,7,False,operator,sniper,,0.3689,0.3556,Jamppi,Team Vitality,kayo,True,100,50,1,2,0,3,False,phantom,rifle,,0.1344,0.5500,Sayonara,Team Vitality,sova,False,,50,1,1,1,4,False,phantom,rifle,,,,PROFEK,Team Vitality,astra,True,100,50,0,0,0,7,True,phantom,rifle,,0.8844,0.3033
2853.551,5679,ACTIVE_ROUND,19,10,10,89.000,,,s0pp,FUT Esports,chamber,True,100,50,1,8,1,0,False,vandal,rifle,,0.3122,0.3689,xeus,FUT Esports,jett,True,100,50,1,1,0,1,False,vandal,rifle,,0.5833,0.5744,sociablEE,FUT Esports,fade,True,100,25,2,1,1,7,True,classic,sidearm,,0.6622,0.5378,yetujey,FUT Esports,astra,True,100,50,1,1,0,3,False,phantom,rifle,,0.6289,0.6411,KROSTALY,FUT Esports,kayo,True,100,50,1,1,1,3,False,vandal,rifle,,0.8733,0.5978,Chronicle,Team Vitality,chamber,True,100,50,0,8,1,4,False,operator,sniper,,0.7200,0.3956,Derke,Team Vitality,neon,True,100,50,1,1,1,7,False,operator,sniper,,0.3400,0.3711,Jamppi,Team Vitality,kayo,True,100,50,1,2,0,3,False,phantom,rifle,,0.1233,0.5544,Sayonara,Team Vitality,sova,False,,50,1,1,1,4,False,phantom,rifle,,,,PROFEK,Team Vitality,astra,True,100,50,0,0,0,7,True,phantom,rifle,,0.8756,0.3011
2854.035,5680,ACTIVE_ROUND,19,10,10,89.000,,,s0pp,FUT Esports,chamber,True,100,50,1,8,1,0,False,vandal,rifle,,0.3122,0.3689,xeus,FUT Esports,jett,True,100,50,1,1,0,1,False,vandal,rifle,,0.8900,0.6144,sociablEE,FUT Esports,fade,True,100,25,1,1,1,7,True,guardian,rifle,,0.6622,0.5378,yetujey,FUT Esports,astra,True,100,50,1,1,0,3,False,phantom,rifle,,0.6289,0.6411,KROSTALY,FUT Esports,kayo,True,100,50,1,1,1,3,False,vandal,rifle,,0.8733,0.5978,Chronicle,Team Vitality,chamber,True,100,50,0,8,1,4,False,operator,sniper,,0.7200,0.3956,Derke,Team Vitality,neon,True,100,50,1,1,1,7,False,operator,sniper,,0.3089,0.3800,Jamppi,Team Vitality,kayo,True,100,50,1,2,0,3,False,phantom,rifle,,0.1144,0.5589,Sayonara,Team Vitality,sova,False,,50,1,1,1,4,False,phantom,rifle,,,,PROFEK,Team Vitality,astra,True,100,50,0,0,0,7,True,phantom,rifle,,0.8689,0.2989
2854.518,5681,ACTIVE_ROUND,19,10,10,88.000,,,s0pp,FUT Esports,chamber,True,100,50,1,8,1,0,False,vandal,rifle,,0.6544,0.5333,xeus,FUT Esports,jett,True,100,50,1,1,0,1,False,vandal,rifle,,0.8944,0.6144,sociablEE,FUT Esports,fade,True,100,25,1,1,1,7,True,guardian,rifle,,0.6622,0.5378,yetujey,FUT Esports,astra,True,100,50,1,1,0,3,False,phantom,rifle,,0.6289,0.6411,KROSTALY,FUT Esports,kayo,True,100,50,1,1,1,3,False,vandal,rifle,,0.8733,0.5978,Chronicle,Team Vitality,chamber,True,100,50,0,8,1,4,False,operator,sniper,,0.7200,0.3956,Derke,Team Vitality,neon,True,100,50,1,1,1,7,False,operator,sniper,,0.2800,0.3889,Jamppi,Team Vitality,kayo,True,100,50,1,2,0,3,False,phantom,rifle,,0.1033,0.5656,Sayonara,Team Vitality,sova,False,,50,1,1,1,4,False,phantom,rifle,,,,PROFEK,Team Vitality,astra,True,100,50,0,0,0,7,True,phantom,rifle,,0.8689,0.2989
2855.002,5682,ACTIVE_ROUND,19,10,10,88.000,,,s0pp,FUT Esports,chamber,True,100,50,1,8,1,0,False,vandal,rifle,,0.6744,0.5267,xeus,FUT Esports,jett,True,100,50,1,1,0,1,False,vandal,rifle,,0.4411,0.2478,sociablEE,FUT Esports,fade,True,100,25,1,1,1,7,True,guardian,rifle,,0.6622,0.5378,yetujey,FUT Esports,astra,True,100,50,1,1,0,3,False,phantom,rifle,,0.6289,0.6411,KROSTALY,FUT Esports,kayo,True,100,50,1,1,1,3,False,vandal,rifle,,0.8733,0.5978,Chronicle,Team Vitality,chamber,True,100,50,0,8,1,4,False,operator,sniper,,0.7200,0.3956,Derke,Team Vitality,neon,True,100,50,1,1,1,7,False,operator,sniper,,0.2556,0.4000,Jamppi,Team Vitality,kayo,True,100,50,1,2,0,3,False,phantom,rifle,,0.0944,0.5722,Sayonara,Team Vitality,sova,False,,50,1,1,1,4,False,phantom,rifle,,,,PROFEK,Team Vitality,astra,True,100,50,0,0,0,7,True,phantom,rifle,,0.8533,0.2967
2855.486,5683,ACTIVE_ROUND,19,10,10,87.000,,,s0pp,FUT Esports,chamber,True,100,50,1,8,1,0,False,vandal,rifle,,0.6744,0.5267,xeus,FUT Esports,jett,True,100,50,1,1,0,1,False,vandal,rifle,,0.4411,0.2478,sociablEE,FUT Esports,fade,True,100,25,1,1,1,7,True,guardian,rifle,,0.6622,0.5378,yetujey,FUT Esports,astra,True,100,50,1,1,0,3,False,phantom,rifle,,0.6289,0.6411,KROSTALY,FUT Esports,kayo,True,100,50,1,1,1,3,False,vandal,rifle,,0.8911,0.6111,Chronicle,Team Vitality,chamber,True,100,50,0,8,1,4,False,operator,sniper,,0.7200,0.3956,Derke,Team Vitality,neon,True,100,50,1,1,1,7,False,operator,sniper,,0.2356,0.4111,Jamppi,Team Vitality,kayo,True,100,50,1,2,0,3,False,phantom,rifle,,0.0856,0.5789,Sayonara,Team Vitality,sova,False,,50,1,1,1,4,False,phantom,rifle,,,,PROFEK,Team Vitality,astra,True,100,50,0,0,0,7,True,phantom,rifle,,0.8644,0.2967
2855.970,5684,ACTIVE_ROUND,19,10,10,87.000,,,s0pp,FUT Esports,chamber,True,100,50,1,8,1,0,False,vandal,rifle,,0.6744,0.5267,xeus,FUT Esports,jett,True,100,50,1,1,0,1,False,vandal,rifle,,0.1211,0.3611,sociablEE,FUT Esports,fade,True,100,25,1,1,1,7,True,guardian,rifle,,0.6622,0.5378,yetujey,FUT Esports,astra,True,100,50,1,0,0,3,False,phantom,rifle,,0.6289,0.6411,KROSTALY,FUT Esports,kayo,True,100,50,1,1,1,3,False,vandal,rifle,,0.8956,0.6089,Chronicle,Team Vitality,chamber,True,100,50,0,8,1,4,False,operator,sniper,,0.7200,0.3956,Derke,Team Vitality,neon,True,100,50,1,1,1,7,False,operator,sniper,,0.2178,0.4267,Jamppi,Team Vitality,kayo,True,100,50,1,2,0,3,False,phantom,rifle,,0.0767,0.5833,Sayonara,Team Vitality,sova,False,,50,1,1,1,4,False,phantom,rifle,,,,PROFEK,Team Vitality,astra,True,100,50,0,0,0,7,True,phantom,rifle,,0.8733,0.2922
2856.454,5685,ACTIVE_ROUND,19,10,10,86.000,,,s0pp,FUT Esports,chamber,True,100,50,1,8,1,0,False,vandal,rifle,,0.6744,0.5267,xeus,FUT Esports,jett,True,100,50,1,1,0,1,False,vandal,rifle,,0.6633,0.4433,sociablEE,FUT Esports,fade,True,100,25,1,1,1,7,True,guardian,rifle,,0.6622,0.5378,yetujey,FUT Esports,astra,True,100,50,1,0,0,3,False,phantom,rifle,,0.6289,0.6411,KROSTALY,FUT Esports,kayo,True,100,50,1,1,1,3,False,vandal,rifle,,0.8956,0.6067,Chronicle,Team Vitality,chamber,True,100,50,0,8,1,4,False,operator,sniper,,0.7200,0.3956,Derke,Team Vitality,neon,True,100,50,1,1,1,7,False,operator,sniper,,0.2000,0.4400,Jamppi,Team Vitality,kayo,True,100,50,1,2,0,3,False,phantom,rifle,,0.1256,0.4367,Sayonara,Team Vitality,sova,False,,50,1,1,1,4,False,phantom,rifle,,,,PROFEK,Team Vitality,astra,True,100,50,0,0,0,7,True,phantom,rifle,,0.8822,0.2856
2856.937,5686,ACTIVE_ROUND,19,10,10,86.000,,,s0pp,FUT Esports,chamber,True,100,50,1,8,1,0,False,vandal,rifle,,0.6744,0.5267,xeus,FUT Esports,jett,True,100,50,1,1,0,1,False,vandal,rifle,,0.6633,0.4433,sociablEE,FUT Esports,fade,True,100,25,1,1,1,7,True,guardian,rifle,,0.6644,0.5178,yetujey,FUT Esports,astra,True,100,50,1,0,0,3,False,phantom,rifle,,0.6289,0.6411,KROSTALY,FUT Esports,kayo,True,100,50,1,1,1,3,False,vandal,rifle,,0.8978,0.6067,Chronicle,Team Vitality,chamber,True,100,50,0,8,1,4,False,operator,sniper,,0.7200,0.3956,Derke,Team Vitality,neon,True,100,50,1,1,1,7,False,operator,sniper,,0.1822,0.4489,Jamppi,Team Vitality,kayo,True,100,50,1,2,0,3,False,phantom,rifle,,0.0811,0.5767,Sayonara,Team Vitality,sova,False,,50,1,1,1,4,False,phantom,rifle,,,,PROFEK,Team Vitality,astra,True,100,50,0,0,0,7,True,phantom,rifle,,0.8822,0.2856
2857.421,5687,ACTIVE_ROUND,19,10,10,85.000,,,s0pp,FUT Esports,chamber,True,100,50,1,8,1,0,False,vandal,rifle,,0.6744,0.5267,xeus,FUT Esports,jett,True,100,50,1,1,0,1,False,vandal,rifle,,0.6144,0.4122,sociablEE,FUT Esports,fade,True,100,25,1,1,1,7,True,guardian,rifle,,0.6689,0.5133,yetujey,FUT Esports,astra,True,100,50,1,0,0,3,False,phantom,rifle,,0.6289,0.6411,KROSTALY,FUT Esports,kayo,True,100,50,1,1,1,3,False,vandal,rifle,,0.8978,0.6067,Chronicle,Team Vitality,chamber,True,100,50,0,8,1,4,False,operator,sniper,,0.7200,0.3956,Derke,Team Vitality,neon,True,100,50,1,1,1,7,False,operator,sniper,,0.1711,0.4622,Jamppi,Team Vitality,kayo,True,100,50,1,2,0,3,False,phantom,rifle,,0.0900,0.5700,Sayonara,Team Vitality,sova,False,,50,1,1,1,4,False,phantom,rifle,,,,PROFEK,Team Vitality,astra,True,100,50,0,0,0,7,True,phantom,rifle,,0.9044,0.2878
2857.905,5688,ACTIVE_ROUND,19,10,10,85.000,,,s0pp,FUT Esports,chamber,True,100,50,1,8,1,0,False,vandal,rifle,,0.6944,0.6711,xeus,FUT Esports,jett,True,100,50,1,1,0,1,False,vandal,rifle,,0.8144,0.2856,sociablEE,FUT Esports,fade,True,100,25,1,1,1,7,True,guardian,rifle,,0.6578,0.5133,yetujey,FUT Esports,astra,True,100,50,1,0,0,3,False,phantom,rifle,,0.6289,0.6411,KROSTALY,FUT Esports,kayo,True,100,50,1,1,1,3,False,vandal,rifle,,0.8978,0.6067,Chronicle,Team Vitality,chamber,True,100,50,0,8,1,4,False,operator,sniper,,0.7200,0.3956,Derke,Team Vitality,neon,True,100,50,1,1,1,7,False,operator,sniper,,0.1622,0.4867,Jamppi,Team Vitality,kayo,True,100,50,1,2,0,3,False,phantom,rifle,,0.0989,0.5633,Sayonara,Team Vitality,sova,False,,50,1,1,1,4,False,phantom,rifle,,,,PROFEK,Team Vitality,astra,True,100,50,0,0,0,7,True,phantom,rifle,,0.9044,0.2878
2858.389,5689,ACTIVE_ROUND,19,10,10,84.000,,,s0pp,FUT Esports,chamber,True,100,50,1,8,1,0,False,vandal,rifle,,0.6944,0.6711,xeus,FUT Esports,jett,True,100,50,1,1,0,1,False,vandal,rifle,,0.8144,0.2856,sociablEE,FUT Esports,fade,True,100,25,1,1,1,7,True,guardian,rifle,,0.6578,0.5133,yetujey,FUT Esports,astra,True,100,50,1,0,0,3,False,phantom,rifle,,0.6289,0.6411,KROSTALY,FUT Esports,kayo,True,100,50,1,1,1,3,False,vandal,rifle,,0.8978,0.6067,Chronicle,Team Vitality,chamber,True,100,50,0,8,1,4,False,operator,sniper,,0.7200,0.3956,Derke,Team Vitality,neon,True,100,50,1,1,1,7,False,operator,sniper,,0.1467,0.5133,Jamppi,Team Vitality,kayo,True,100,50,1,2,0,3,False,phantom,rifle,,0.1100,0.5500,Sayonara,Team Vitality,sova,False,,50,1,1,1,4,False,phantom,rifle,,,,PROFEK,Team Vitality,astra,True,100,50,0,0,0,7,True,phantom,rifle,,0.9044,0.2878
2858.873,5690,ACTIVE_ROUND,19,10,10,84.000,,,s0pp,FUT Esports,chamber,True,100,50,1,8,1,0,False,vandal,rifle,,0.6944,0.6711,xeus,FUT Esports,jett,True,100,50,1,1,0,1,False,vandal,rifle,,0.7700,0.2478,sociablEE,FUT Esports,fade,True,100,25,1,1,1,7,True,guardian,rifle,,0.6578,0.5133,yetujey,FUT Esports,astra,True,100,50,1,0,0,3,False,phantom,rifle,,0.6289,0.6411,KROSTALY,FUT Esports,kayo,True,100,50,1,1,1,3,False,vandal,rifle,,0.8978,0.6067,Chronicle,Team Vitality,chamber,True,100,50,0,8,1,4,False,operator,sniper,,0.7200,0.3956,Derke,Team Vitality,neon,True,100,50,1,1,1,7,False,operator,sniper,,0.1333,0.5422,Jamppi,Team Vitality,kayo,True,100,50,1,2,0,3,False,phantom,rifle,,0.1233,0.4633,Sayonara,Team Vitality,sova,False,,50,1,1,1,4,False,phantom,rifle,,,,PROFEK,Team Vitality,astra,True,100,50,0,0,0,7,True,phantom,rifle,,0.9044,0.2878
2859.356,5691,ACTIVE_ROUND,19,10,10,83.000,,,s0pp,FUT Esports,chamber,True,100,50,1,8,1,0,False,vandal,rifle,,0.6944,0.6711,xeus,FUT Esports,jett,True,100,50,1,1,0,1,False,vandal,rifle,,0.1211,0.3611,sociablEE,FUT Esports,fade,True,100,25,1,1,1,7,True,guardian,rifle,,0.6578,0.5133,yetujey,FUT Esports,astra,True,100,50,1,0,0,3,False,phantom,rifle,,0.6289,0.6411,KROSTALY,FUT Esports,kayo,True,100,50,1,1,1,3,False,vandal,rifle,,0.8978,0.6067,Chronicle,Team Vitality,chamber,True,100,50,0,8,1,4,False,operator,sniper,,0.7200,0.3956,Derke,Team Vitality,neon,True,100,50,1,1,1,7,False,operator,sniper,,0.1267,0.5711,Jamppi,Team Vitality,kayo,True,100,50,1,2,0,3,False,phantom,rifle,,0.1300,0.5100,Sayonara,Team Vitality,sova,False,,50,1,1,1,4,False,phantom,rifle,,,,PROFEK,Team Vitality,astra,True,100,50,0,0,0,7,True,phantom,rifle,,0.9044,0.2878
2859.840,5692,ACTIVE_ROUND,19,10,10,83.000,,,s0pp,FUT Esports,chamber,True,100,50,1,8,1,0,False,vandal,rifle,,0.6944,0.6711,xeus,FUT Esports,jett,True,100,50,1,1,0,1,False,vandal,rifle,,0.9078,0.3767,sociablEE,FUT Esports,fade,True,100,25,0,1,1,7,True,guardian,rifle,,0.6844,0.5244,yetujey,FUT Esports,astra,True,100,50,1,0,0,3,False,phantom,rifle,,0.6289,0.6411,KROSTALY,FUT Esports,kayo,True,100,50,1,1,1,3,False,vandal,rifle,,0.8978,0.6067,Chronicle,Team Vitality,chamber,True,100,50,0,8,1,4,False,operator,sniper,,0.7200,0.3956,Derke,Team Vitality,neon,True,100,50,1,1,1,7,False,operator,sniper,,0.6000,0.4756,Jamppi,Team Vitality,kayo,True,100,50,1,2,0,3,False,phantom,rifle,,0.1433,0.4900,Sayonara,Team Vitality,sova,False,,50,1,1,1,4,False,phantom,rifle,,,,PROFEK,Team Vitality,astra,True,100,50,0,0,0,7,True,phantom,rifle,,0.9044,0.2878
2860.324,5693,ACTIVE_ROUND,19,10,10,82.000,,,s0pp,FUT Esports,chamber,True,100,50,1,8,1,0,False,vandal,rifle,,0.6944,0.6711,xeus,FUT Esports,jett,True,100,50,1,1,0,1,False,vandal,rifle,,0.7522,0.1900,sociablEE,FUT Esports,fade,True,100,25,0,1,1,7,True,guardian,rifle,,0.7022,0.5200,yetujey,FUT Esports,astra,True,100,50,1,0,0,3,False,phantom,rifle,,0.6289,0.6411,KROSTALY,FUT Esports,kayo,True,100,50,1,1,1,3,False,vandal,rifle,,0.8978,0.6067,Chronicle,Team Vitality,chamber,True,100,50,0,8,1,4,False,operator,sniper,,0.7200,0.3956,Derke,Team Vitality,neon,True,100,50,1,1,1,7,False,operator,sniper,,0.6000,0.4756,Jamppi,Team Vitality,kayo,True,100,50,1,2,0,3,False,phantom,rifle,,0.1611,0.4744,Sayonara,Team Vitality,sova,False,,50,1,1,1,4,False,phantom,rifle,,,,PROFEK,Team Vitality,astra,True,100,50,0,0,0,7,True,phantom,rifle,,0.9044,0.2878
2860.808,5694,ACTIVE_ROUND,19,10,10,82.000,,,s0pp,FUT Esports,chamber,True,100,50,1,8,1,0,False,vandal,rifle,,0.6944,0.6711,xeus,FUT Esports,jett,True,100,50,1,1,0,1,False,vandal,rifle,,0.5744,0.1033,sociablEE,FUT Esports,fade,True,100,25,0,1,1,7,True,guardian,rifle,,0.7156,0.5200,yetujey,FUT Esports,astra,True,100,50,1,0,0,3,False,phantom,rifle,,0.6911,0.5389,KROSTALY,FUT Esports,kayo,True,100,50,1,1,1,3,False,vandal,rifle,,0.9000,0.6000,Chronicle,Team Vitality,chamber,True,100,50,0,8,1,4,False,operator,sniper,,0.7200,0.3956,Derke,Team Vitality,neon,True,100,50,1,1,1,7,False,operator,sniper,,0.6000,0.4756,Jamppi,Team Vitality,kayo,True,100,50,1,2,0,3,False,phantom,rifle,,0.1811,0.4611,Sayonara,Team Vitality,sova,False,,50,1,1,1,4,False,phantom,rifle,,,,PROFEK,Team Vitality,astra,True,100,50,0,0,0,7,True,phantom,rifle,,0.9044,0.2878
2861.292,5695,ACTIVE_ROUND,19,10,10,81.000,,,s0pp,FUT Esports,chamber,True,100,50,1,8,1,0,False,vandal,rifle,,0.7167,0.4978,xeus,FUT Esports,jett,True,100,50,1,1,0,1,False,vandal,rifle,,0.7300,0.5967,sociablEE,FUT Esports,fade,True,100,25,0,1,1,7,True,guardian,rifle,,0.7178,0.5222,yetujey,FUT Esports,astra,True,100,50,1,0,0,3,False,phantom,rifle,,0.6911,0.5389,KROSTALY,FUT Esports,kayo,True,100,50,1,1,1,3,False,vandal,rifle,,0.9000,0.6000,Chronicle,Team Vitality,chamber,True,100,50,0,8,1,4,False,operator,sniper,,0.7200,0.3956,Derke,Team Vitality,neon,True,100,50,1,1,1,7,False,operator,sniper,,0.6000,0.4756,Jamppi,Team Vitality,kayo,True,100,50,1,2,0,3,False,phantom,rifle,,0.1989,0.4478,Sayonara,Team Vitality,sova,False,,50,1,1,1,4,False,phantom,rifle,,,,PROFEK,Team Vitality,astra,True,100,50,0,0,0,7,True,phantom,rifle,,0.9044,0.2878
2861.776,5696,ACTIVE_ROUND,19,10,10,81.000,,,s0pp,FUT Esports,chamber,True,100,50,1,8,1,0,False,vandal,rifle,,0.6944,0.6689,xeus,FUT Esports,jett,True,100,50,1,1,0,1,False,vandal,rifle,,0.7278,0.5944,sociablEE,FUT Esports,fade,True,100,25,0,1,1,0,False,guardian,rifle,,0.7178,0.5222,yetujey,FUT Esports,astra,True,100,50,1,0,0,3,False,phantom,rifle,,0.7156,0.5122,KROSTALY,FUT Esports,kayo,True,100,50,1,1,1,3,False,vandal,rifle,,0.9000,0.6000,Chronicle,Team Vitality,chamber,True,100,50,0,8,0,4,False,operator,sniper,,0.7200,0.3956,Derke,Team Vitality,neon,True,100,50,1,1,1,7,False,operator,sniper,,0.6000,0.4756,Jamppi,Team Vitality,kayo,True,100,50,1,2,0,3,False,phantom,rifle,,0.2189,0.4344,Sayonara,Team Vitality,sova,False,,50,1,1,1,4,False,phantom,rifle,,,,PROFEK,Team Vitality,astra,True,100,50,0,0,0,7,True,phantom,rifle,,0.9044,0.2878
2862.259,5697,ACTIVE_ROUND,19,10,10,80.000,,,s0pp,FUT Esports,chamber,True,100,50,1,8,1,0,False,vandal,rifle,,0.6944,0.6689,xeus,FUT Esports,jett,True,100,50,1,1,0,1,False,vandal,rifle,,0.8833,0.4700,sociablEE,FUT Esports,fade,True,100,25,0,1,1,0,False,guardian,rifle,,0.7044,0.5089,yetujey,FUT Esports,astra,True,100,50,1,0,0,3,False,phantom,rifle,,0.7156,0.5122,KROSTALY,FUT Esports,kayo,True,100,50,1,1,1,3,False,vandal,rifle,,0.9000,0.6000,Chronicle,Team Vitality,chamber,True,100,50,0,8,0,4,False,operator,sniper,,0.7200,0.3956,Derke,Team Vitality,neon,True,100,50,1,1,1,7,False,operator,sniper,,0.6000,0.4756,Jamppi,Team Vitality,kayo,True,100,50,1,2,0,3,False,phantom,rifle,,0.2367,0.4189,Sayonara,Team Vitality,sova,False,,50,1,1,1,4,False,phantom,rifle,,,,PROFEK,Team Vitality,astra,True,100,50,0,0,0,7,True,phantom,rifle,,0.9044,0.2878
2862.743,5698,ACTIVE_ROUND,19,10,10,80.000,,,s0pp,FUT Esports,chamber,True,100,50,1,8,1,0,False,vandal,rifle,,0.6944,0.6689,xeus,FUT Esports,jett,True,100,50,1,1,0,1,False,vandal,rifle,,0.7278,0.5922,sociablEE,FUT Esports,fade,True,100,25,0,1,1,0,False,guardian,rifle,,0.6978,0.4978,yetujey,FUT Esports,astra,True,100,50,1,0,0,3,False,phantom,rifle,,0.7156,0.5122,KROSTALY,FUT Esports,kayo,True,100,50,1,1,1,3,False,vandal,rifle,,0.9067,0.5667,Chronicle,Team Vitality,chamber,True,100,50,0,8,0,4,False,operator,sniper,,0.7200,0.3956,Derke,Team Vitality,neon,True,100,50,1,1,1,7,False,operator,sniper,,0.1267,0.6200,Jamppi,Team Vitality,kayo,True,100,50,1,2,0,3,False,phantom,rifle,,0.2522,0.4033,Sayonara,Team Vitality,sova,False,,50,1,1,1,4,False,phantom,rifle,,,,PROFEK,Team Vitality,astra,True,100,50,0,0,0,7,True,phantom,rifle,,0.9044,0.2878
2863.227,5699,ACTIVE_ROUND,19,10,10,79.000,,,s0pp,FUT Esports,chamber,True,100,50,1,8,1,0,False,vandal,rifle,,0.6944,0.6689,xeus,FUT Esports,jett,True,100,50,1,1,0,1,False,vandal,rifle,,0.7544,0.1922,sociablEE,FUT Esports,fade,True,100,25,0,1,1,0,False,guardian,rifle,,0.6978,0.4978,yetujey,FUT Esports,astra,True,100,50,1,0,0,3,False,phantom,rifle,,0.7156,0.5122,KROSTALY,FUT Esports,kayo,True,100,50,1,1,1,3,False,vandal,rifle,,0.9067,0.5667,Chronicle,Team Vitality,chamber,True,100,50,0,8,0,4,False,operator,sniper,,0.7200,0.3956,Derke,Team Vitality,neon,True,100,50,1,1,1,7,False,operator,sniper,,0.1311,0.5911,Jamppi,Team Vitality,kayo,True,100,50,1,2,0,3,False,phantom,rifle,,0.2722,0.3900,Sayonara,Team Vitality,sova,False,,50,1,1,1,4,False,phantom,rifle,,,,PROFEK,Team Vitality,astra,True,100,50,0,0,0,7,True,phantom,rifle,,0.9044,0.2878
2863.711,5700,ACTIVE_ROUND,19,10,10,79.000,,,s0pp,FUT Esports,chamber,True,100,50,0,8,1,0,False,vandal,rifle,,0.6944,0.6689,xeus,FUT Esports,jett,True,100,50,1,1,0,1,False,vandal,rifle,,0.7544,0.1922,sociablEE,FUT Esports,fade,True,100,25,0,1,1,0,False,guardian,rifle,,0.6978,0.4978,yetujey,FUT Esports,astra,True,100,50,1,0,0,3,False,phantom,rifle,,0.7156,0.5122,KROSTALY,FUT Esports,kayo,True,100,50,1,1,1,3,False,vandal,rifle,,0.9067,0.5667,Chronicle,Team Vitality,chamber,True,100,50,0,8,0,4,False,operator,sniper,,0.7200,0.3956,Derke,Team Vitality,neon,True,100,50,1,1,1,7,False,operator,sniper,,0.1356,0.5800,Jamppi,Team Vitality,kayo,True,100,50,1,2,0,3,False,phantom,rifle,,0.2944,0.3833,Sayonara,Team Vitality,sova,False,,50,1,1,1,4,False,phantom,rifle,,,,PROFEK,Team Vitality,astra,True,100,50,0,0,0,7,True,phantom,rifle,,0.9044,0.2878
2864.195,5701,ACTIVE_ROUND,19,10,10,78.000,,,s0pp,FUT Esports,chamber,True,100,50,0,8,1,0,False,vandal,rifle,,0.6944,0.6689,xeus,FUT Esports,jett,True,100,50,1,1,0,1,False,vandal,rifle,,0.4233,0.2544,sociablEE,FUT Esports,fade,True,100,25,0,1,1,0,False,guardian,rifle,,0.6978,0.4667,yetujey,FUT Esports,astra,True,100,50,1,0,0,3,False,phantom,rifle,,0.7156,0.5122,KROSTALY,FUT Esports,kayo,True,100,50,1,1,1,3,False,vandal,rifle,,0.9067,0.5667,Chronicle,Team Vitality,chamber,True,100,50,0,8,0,4,False,operator,sniper,,0.7200,0.3956,Derke,Team Vitality,neon,True,100,50,1,1,1,7,False,operator,sniper,,0.1356,0.6089,Jamppi,Team Vitality,kayo,True,100,50,1,2,0,3,False,phantom,rifle,,0.3167,0.3744,Sayonara,Team Vitality,sova,False,,50,1,1,1,4,False,phantom,rifle,,,,PROFEK,Team Vitality,astra,True,100,50,0,0,0,7,True,phantom,rifle,,0.9044,0.2878
2864.678,5702,ACTIVE_ROUND,19,10,10,78.000,,,s0pp,FUT Esports,chamber,True,100,50,0,8,1,0,False,vandal,rifle,,0.6944,0.6689,xeus,FUT Esports,jett,True,100,50,1,1,0,1,False,vandal,rifle,,0.7700,0.2478,sociablEE,FUT Esports,fade,True,100,25,0,1,1,0,False,guardian,rifle,,0.7044,0.4511,yetujey,FUT Esports,astra,True,100,50,1,0,0,3,False,phantom,rifle,,0.7156,0.5122,KROSTALY,FUT Esports,kayo,True,100,50,1,1,1,3,False,vandal,rifle,,0.9067,0.5667,Chronicle,Team Vitality,chamber,True,100,50,0,8,0,4,False,operator,sniper,,0.7200,0.3956,Derke,Team Vitality,neon,True,100,50,1,1,1,7,False,operator,sniper,,0.1422,0.6400,Jamppi,Team Vitality,kayo,True,100,50,1,2,0,3,False,phantom,rifle,,0.3389,0.3678,Sayonara,Team Vitality,sova,False,,50,1,1,1,4,False,phantom,rifle,,,,PROFEK,Team Vitality,astra,True,100,50,0,0,0,7,True,phantom,rifle,,0.9044,0.2878
2865.162,5703,ACTIVE_ROUND,19,10,10,77.000,,,s0pp,FUT Esports,chamber,True,100,50,0,8,1,0,False,vandal,rifle,,0.7144,0.4000,xeus,FUT Esports,jett,True,100,50,1,1,0,1,False,vandal,rifle,,0.9144,0.3767,sociablEE,FUT Esports,fade,True,100,25,0,1,1,0,False,guardian,rifle,,0.6978,0.4333,yetujey,FUT Esports,astra,True,100,50,1,0,0,3,False,phantom,rifle,,0.7156,0.5122,KROSTALY,FUT Esports,kayo,True,100,50,1,1,1,3,False,vandal,rifle,,0.9133,0.5067,Chronicle,Team Vitality,chamber,True,100,50,0,8,0,4,False,operator,sniper,,0.7200,0.3956,Derke,Team Vitality,neon,True,100,50,1,1,1,7,False,operator,sniper,,0.1467,0.6667,Jamppi,Team Vitality,kayo,True,100,50,1,2,0,3,False,phantom,rifle,,0.3611,0.3611,Sayonara,Team Vitality,sova,False,,50,1,1,1,4,False,phantom,rifle,,,,PROFEK,Team Vitality,astra,True,100,50,0,0,0,7,True,phantom,rifle,,0.9044,0.2878
2865.646,5704,ACTIVE_ROUND,19,10,10,77.000,,,s0pp,FUT Esports,chamber,True,100,50,0,8,0,0,False,vandal,rifle,,0.7189,0.3822,xeus,FUT Esports,jett,True,100,50,1,1,0,1,False,vandal,rifle,,0.6056,0.2833,sociablEE,FUT Esports,fade,True,100,25,0,1,1,0,False,guardian,rifle,,0.6956,0.4133,yetujey,FUT Esports,astra,True,100,50,1,0,0,3,False,phantom,rifle,,0.7156,0.5122,KROSTALY,FUT Esports,kayo,True,100,50,1,1,1,3,False,vandal,rifle,,0.9133,0.5067,Chronicle,Team Vitality,chamber,True,100,50,0,8,0,4,False,operator,sniper,,0.7200,0.3956,Derke,Team Vitality,neon,True,100,50,1,1,1,7,False,operator,sniper,,0.1467,0.6667,Jamppi,Team Vitality,kayo,True,100,50,1,2,0,3,False,phantom,rifle,,0.3767,0.3433,Sayonara,Team Vitality,sova,False,,50,1,1,1,4,False,phantom,rifle,,,,PROFEK,Team Vitality,astra,True,100,50,0,0,0,7,True,phantom,rifle,,0.9044,0.2878
2866.130,5705,ACTIVE_ROUND,19,10,10,77.000,,,s0pp,FUT Esports,chamber,True,100,50,0,8,0,0,False,vandal,rifle,,0.7344,0.3667,xeus,FUT Esports,jett,True,100,50,1,1,0,1,False,vandal,rifle,,0.6144,0.4122,sociablEE,FUT Esports,fade,True,100,25,0,1,1,0,False,guardian,rifle,,0.7067,0.3978,yetujey,FUT Esports,astra,True,100,50,1,0,0,3,False,phantom,rifle,,0.7156,0.5122,KROSTALY,FUT Esports,kayo,True,100,50,1,1,1,3,False,vandal,rifle,,0.9133,0.5067,Chronicle,Team Vitality,chamber,True,100,50,0,8,0,4,False,operator,sniper,,0.7200,0.3956,Derke,Team Vitality,neon,True,100,50,1,1,1,7,False,operator,sniper,,0.1444,0.6978,Jamppi,Team Vitality,kayo,True,100,50,1,2,0,3,False,phantom,rifle,,0.1100,0.6744,Sayonara,Team Vitality,sova,False,,50,1,1,1,4,False,phantom,rifle,,,,PROFEK,Team Vitality,astra,True,100,50,0,0,0,7,True,phantom,rifle,,0.9044,0.2878
2866.614,5706,ACTIVE_ROUND,19,10,10,76.000,,,s0pp,FUT Esports,chamber,True,100,50,0,8,0,0,False,vandal,rifle,,0.3878,0.6378,xeus,FUT Esports,jett,True,100,50,1,1,0,1,False,vandal,rifle,,0.7967,0.3567,sociablEE,FUT Esports,fade,True,100,25,0,1,1,0,False,guardian,rifle,,0.7067,0.3978,yetujey,FUT Esports,astra,True,100,50,1,0,0,3,False,phantom,rifle,,0.7156,0.5122,KROSTALY,FUT Esports,kayo,True,100,50,1,1,1,3,False,vandal,rifle,,0.9133,0.5067,Chronicle,Team Vitality,chamber,True,100,50,0,8,0,4,False,operator,sniper,,0.7200,0.3956,Derke,Team Vitality,neon,True,100,50,1,1,1,7,False,operator,sniper,,0.1444,0.6978,Jamppi,Team Vitality,kayo,True,100,50,1,2,0,3,False,phantom,rifle,,0.1100,0.6744,Sayonara,Team Vitality,sova,False,,50,1,1,1,4,False,phantom,rifle,,,,PROFEK,Team Vitality,astra,True,100,50,0,0,0,7,True,phantom,rifle,,0.9044,0.2878
2867.098,5707,ACTIVE_ROUND,19,10,10,76.000,,,s0pp,FUT Esports,chamber,True,100,50,0,8,0,0,False,vandal,rifle,,0.2678,0.4578,xeus,FUT Esports,jett,True,100,50,1,1,0,1,False,vandal,rifle,,0.5767,0.1011,sociablEE,FUT Esports,fade,True,100,25,0,1,1,0,False,guardian,rifle,,0.7200,0.3933,yetujey,FUT Esports,astra,True,100,50,1,0,0,3,False,phantom,rifle,,0.7156,0.5122,KROSTALY,FUT Esports,kayo,True,100,50,1,1,1,3,False,vandal,rifle,,0.9133,0.5067,Chronicle,Team Vitality,chamber,True,100,50,0,8,0,4,False,operator,sniper,,0.7200,0.3956,Derke,Team Vitality,neon,True,100,50,1,1,1,7,False,operator,sniper,,0.1444,0.6978,Jamppi,Team Vitality,kayo,True,100,50,1,2,0,3,False,phantom,rifle,,0.4078,0.2856,Sayonara,Team Vitality,sova,False,,50,1,1,1,4,False,phantom,rifle,,,,PROFEK,Team Vitality,astra,True,100,50,0,0,0,7,True,phantom,rifle,,0.9044,0.2878
2867.581,5708,ACTIVE_ROUND,19,10,10,75.000,,,s0pp,FUT Esports,chamber,True,100,50,0,8,0,0,False,vandal,rifle,,0.2678,0.4578,xeus,FUT Esports,jett,True,100,50,0,1,0,1,False,vandal,rifle,,0.8878,0.4722,sociablEE,FUT Esports,fade,True,100,25,0,1,0,0,False,guardian,rifle,,0.7289,0.3800,yetujey,FUT Esports,astra,True,100,50,0,0,0,3,False,phantom,rifle,,0.7178,0.4056,KROSTALY,FUT Esports,kayo,True,100,50,1,0,1,3,False,vandal,rifle,,0.9133,0.5067,Chronicle,Team Vitality,chamber,True,100,50,0,8,0,4,False,operator,sniper,,0.7200,0.3956,Derke,Team Vitality,neon,True,100,50,1,1,1,7,False,operator,sniper,,0.1444,0.6978,Jamppi,Team Vitality,kayo,True,100,50,1,2,0,3,False,phantom,rifle,,0.4300,0.2767,Sayonara,Team Vitality,sova,False,,50,1,1,1,4,False,phantom,rifle,,,,PROFEK,Team Vitality,astra,True,100,50,0,0,0,7,True,phantom,rifle,,0.9044,0.2878
2868.065,5709,ACTIVE_ROUND,19,10,10,75.000,,,s0pp,FUT Esports,chamber,True,100,50,0,8,0,0,False,vandal,rifle,,0.2678,0.4578,xeus,FUT Esports,jett,True,100,50,0,1,0,1,False,vandal,rifle,,0.8233,0.4878,sociablEE,FUT Esports,fade,True,100,25,0,1,0,0,False,guardian,rifle,,0.7467,0.3756,yetujey,FUT Esports,astra,True,100,50,0,0,0,3,False,phantom,rifle,,0.7156,0.4078,KROSTALY,FUT Esports,kayo,True,100,50,1,0,1,3,False,vandal,rifle,,0.8467,0.5111,Chronicle,Team Vitality,chamber,True,100,50,0,8,0,4,False,operator,sniper,,0.6511,0.1933,Derke,Team Vitality,neon,True,100,50,1,1,1,7,False,operator,sniper,,0.1444,0.6978,Jamppi,Team Vitality,kayo,True,100,50,1,2,0,3,False,phantom,rifle,,0.4544,0.2722,Sayonara,Team Vitality,sova,False,,50,1,1,1,4,False,phantom,rifle,,,,PROFEK,Team Vitality,astra,True,100,50,0,0,0,7,True,phantom,rifle,,0.9044,0.2878
2868.549,5710,ACTIVE_ROUND,19,10,10,74.000,,,s0pp,FUT Esports,chamber,True,100,50,0,8,0,0,False,vandal,rifle,,0.8078,0.3444,xeus,FUT Esports,jett,True,100,50,0,1,0,1,False,vandal,rifle,,0.8189,0.4744,sociablEE,FUT Esports,fade,True,100,25,0,1,0,0,False,guardian,rifle,,0.7467,0.3756,yetujey,FUT Esports,astra,True,100,50,0,0,0,3,False,phantom,rifle,,0.7156,0.4078,KROSTALY,FUT Esports,kayo,True,100,50,1,0,1,3,False,vandal,rifle,,0.8467,0.5111,Chronicle,Team Vitality,chamber,True,100,50,0,8,0,4,False,operator,sniper,,0.6511,0.1933,Derke,Team Vitality,neon,True,100,50,1,1,1,7,False,operator,sniper,,0.1489,0.6711,Jamppi,Team Vitality,kayo,True,100,50,1,2,0,3,False,phantom,rifle,,0.4767,0.2678,Sayonara,Team Vitality,sova,False,,50,1,1,1,4,False,phantom,rifle,,,,PROFEK,Team Vitality,astra,True,100,50,0,0,0,7,True,phantom,rifle,,0.9044,0.2878
2869.033,5711,ACTIVE_ROUND,19,10,10,74.000,,,s0pp,FUT Esports,chamber,True,100,50,0,8,0,0,False,vandal,rifle,,0.8100,0.3267,xeus,FUT Esports,jett,True,100,50,0,1,0,1,False,vandal,rifle,,0.8944,0.2678,sociablEE,FUT Esports,fade,True,100,25,0,1,0,0,False,guardian,rifle,,0.7689,0.3800,yetujey,FUT Esports,astra,True,100,50,0,0,0,3,False,phantom,rifle,,0.7156,0.4078,KROSTALY,FUT Esports,kayo,True,100,50,1,0,1,3,False,vandal,rifle,,0.8467,0.5111,Chronicle,Team Vitality,chamber,True,100,50,0,8,0,4,False,operator,sniper,,0.6867,0.1889,Derke,Team Vitality,neon,True,100,50,1,1,1,7,False,operator,sniper,,0.1356,0.6422,Jamppi,Team Vitality,kayo,True,100,50,1,2,0,3,False,phantom,rifle,,0.4989,0.2633,Sayonara,Team Vitality,sova,False,,50,1,1,1,4,False,phantom,rifle,,,,PROFEK,Team Vitality,astra,True,100,50,0,0,0,7,True,phantom,rifle,,0.9044,0.2878
2869.517,5712,ACTIVE_ROUND,19,10,10,73.000,,,s0pp,FUT Esports,chamber,True,100,50,0,8,0,0,False,vandal,rifle,,0.8122,0.3133,xeus,FUT Esports,jett,True,100,50,0,1,0,1,False,vandal,rifle,,0.8167,0.4389,sociablEE,FUT Esports,fade,True,100,25,0,1,0,0,False,guardian,rifle,,0.7689,0.3800,yetujey,FUT Esports,astra,True,100,50,0,0,0,3,False,phantom,rifle,,0.7156,0.4078,KROSTALY,FUT Esports,kayo,True,100,50,1,0,0,3,False,vandal,rifle,,0.8467,0.5111,Chronicle,Team Vitality,chamber,True,100,50,0,8,0,4,False,operator,sniper,,0.7044,0.1889,Derke,Team Vitality,neon,True,100,50,1,1,1,7,True,operator,sniper,,0.1356,0.6422,Jamppi,Team Vitality,kayo,True,100,50,1,2,0,3,False,phantom,rifle,,0.5189,0.2544,Sayonara,Team Vitality,sova,False,,50,1,1,1,4,False,phantom,rifle,,,,PROFEK,Team Vitality,astra,True,100,50,0,0,0,7,True,phantom,rifle,,0.9044,0.2878
2870.000,5713,ACTIVE_ROUND,19,10,10,73.000,,,s0pp,FUT Esports,chamber,True,100,50,0,8,0,0,False,vandal,rifle,,0.8122,0.3133,xeus,FUT Esports,jett,True,100,50,0,1,0,1,False,vandal,rifle,,0.8167,0.4389,sociablEE,FUT Esports,fade,True,100,25,0,1,0,0,False,guardian,rifle,,0.7689,0.3800,yetujey,FUT Esports,astra,True,100,50,0,0,0,3,False,phantom,rifle,,0.7156,0.4078,KROSTALY,FUT Esports,kayo,True,100,50,1,0,0,3,False,vandal,rifle,,0.8467,0.5111,Chronicle,Team Vitality,chamber,True,100,50,0,8,0,4,False,operator,sniper,,0.7200,0.1889,Derke,Team Vitality,neon,True,100,50,1,1,1,7,True,operator,sniper,,0.1333,0.5822,Jamppi,Team Vitality,kayo,True,100,50,1,2,0,3,False,phantom,rifle,,0.5389,0.2411,Sayonara,Team Vitality,sova,False,,50,1,1,1,4,False,phantom,rifle,,,,PROFEK,Team Vitality,astra,False,,50,0,0,0,7,True,phantom,rifle,,0.9044,0.2878
2870.484,5714,ACTIVE_ROUND,19,10,10,72.000,,,s0pp,FUT Esports,chamber,True,100,50,0,8,0,0,False,vandal,rifle,,0.8122,0.3133,xeus,FUT Esports,jett,True,100,50,0,1,0,1,False,vandal,rifle,,0.8278,0.4322,sociablEE,FUT Esports,fade,True,100,25,0,1,0,0,False,guardian,rifle,,0.7689,0.3800,yetujey,FUT Esports,astra,True,100,50,0,0,0,3,False,phantom,rifle,,0.7156,0.4078,KROSTALY,FUT Esports,kayo,True,100,50,1,0,0,3,False,vandal,rifle,,0.8467,0.5111,Chronicle,Team Vitality,chamber,True,100,50,0,8,0,4,False,operator,sniper,,0.7333,0.1867,Derke,Team Vitality,neon,True,100,50,1,1,1,7,True,operator,sniper,,0.1400,0.5489,Jamppi,Team Vitality,kayo,True,100,50,1,2,0,3,False,phantom,rifle,,0.5544,0.2233,Sayonara,Team Vitality,sova,False,,50,1,1,1,4,False,phantom,rifle,,,,PROFEK,Team Vitality,astra,False,,50,0,0,0,7,True,phantom,rifle,,,
2870.968,5715,ACTIVE_ROUND,19,10,10,72.000,,,s0pp,FUT Esports,chamber,True,100,50,0,8,0,0,False,vandal,rifle,,0.8122,0.3133,xeus,FUT Esports,jett,True,100,50,0,1,0,1,False,vandal,rifle,,0.8411,0.4233,sociablEE,FUT Esports,fade,True,100,25,0,1,0,0,False,guardian,rifle,,0.8044,0.3867,yetujey,FUT Esports,astra,True,100,50,0,0,0,3,False,phantom,rifle,,0.7156,0.4078,KROSTALY,FUT Esports,kayo,True,100,50,1,0,0,3,False,vandal,rifle,,0.8200,0.4467,Chronicle,Team Vitality,chamber,True,100,50,0,8,0,4,False,operator,sniper,,0.7267,0.1911,Derke,Team Vitality,neon,True,100,50,1,1,1,7,True,operator,sniper,,0.1511,0.5200,Jamppi,Team Vitality,kayo,True,100,50,1,2,0,3,False,phantom,rifle,,0.5678,0.2056,Sayonara,Team Vitality,sova,False,,50,1,1,1,4,False,phantom,rifle,,,,PROFEK,Team Vitality,astra,False,,50,0,0,0,7,True,phantom,rifle,,,
2871.452,5716,ACTIVE_ROUND,19,10,10,71.000,,,s0pp,FUT Esports,chamber,True,100,50,0,8,0,1,False,vandal,rifle,,0.8122,0.3133,xeus,FUT Esports,jett,True,100,50,0,1,0,1,False,vandal,rifle,,0.8522,0.4167,sociablEE,FUT Esports,fade,True,100,25,0,1,0,0,False,classic,sidearm,,0.8178,0.3822,yetujey,FUT Esports,astra,True,100,50,0,0,0,3,False,phantom,rifle,,0.7156,0.4078,KROSTALY,FUT Esports,kayo,True,100,50,1,0,0,3,False,vandal,rifle,,0.8200,0.4467,Chronicle,Team Vitality,chamber,True,100,50,0,8,0,4,False,operator,sniper,,0.7156,0.1978,Derke,Team Vitality,neon,True,100,50,1,1,1,7,True,operator,sniper,,0.1511,0.5200,Jamppi,Team Vitality,kayo,True,100,50,1,2,0,3,False,phantom,rifle,,0.5900,0.1989,Sayonara,Team Vitality,sova,False,,50,1,1,1,4,False,phantom,rifle,,,,PROFEK,Team Vitality,astra,False,,50,0,0,0,7,True,phantom,rifle,,,
2871.936,5717,ACTIVE_ROUND,19,10,10,71.000,,,s0pp,FUT Esports,chamber,True,100,50,0,8,0,1,False,vandal,rifle,,0.8122,0.3133,xeus,FUT Esports,jett,True,100,50,0,1,0,1,False,vandal,rifle,,0.8656,0.4033,sociablEE,FUT Esports,fade,True,100,25,0,1,0,0,False,classic,sidearm,,0.8289,0.3689,yetujey,FUT Esports,astra,True,100,50,0,0,0,3,False,phantom,rifle,,0.7156,0.4078,KROSTALY,FUT Esports,kayo,True,100,50,1,0,0,3,False,vandal,rifle,,0.8200,0.4467,Chronicle,Team Vitality,chamber,True,100,50,0,8,0,4,False,operator,sniper,,0.7156,0.1978,Derke,Team Vitality,neon,True,100,50,1,1,1,7,True,operator,sniper,,0.1511,0.5200,Jamppi,Team Vitality,kayo,True,100,50,1,2,0,3,False,phantom,rifle,,0.6144,0.1967,Sayonara,Team Vitality,sova,False,,50,1,1,1,4,False,phantom,rifle,,,,PROFEK,Team Vitality,astra,False,,50,0,0,0,7,True,phantom,rifle,,,
2872.420,5718,ACTIVE_ROUND,19,10,10,70.000,,,s0pp,FUT Esports,chamber,True,100,50,0,8,0,1,False,vandal,rifle,,0.8122,0.3133,xeus,FUT Esports,jett,True,100,50,0,1,0,1,False,vandal,rifle,,0.8678,0.3811,sociablEE,FUT Esports,fade,True,100,25,0,1,0,0,False,classic,sidearm,,0.8289,0.3533,yetujey,FUT Esports,astra,True,100,50,0,0,0,3,False,phantom,rifle,,0.7111,0.5144,KROSTALY,FUT Esports,kayo,True,100,50,1,0,0,3,False,vandal,rifle,,0.8200,0.4467,Chronicle,Team Vitality,chamber,True,100,50,0,8,0,4,False,operator,sniper,,0.6933,0.1911,Derke,Team Vitality,neon,True,100,50,1,1,1,7,True,operator,sniper,,0.2022,0.4422,Jamppi,Team Vitality,kayo,True,100,50,1,2,0,3,False,phantom,rifle,,0.6344,0.1878,Sayonara,Team Vitality,sova,False,,50,1,1,1,4,False,phantom,rifle,,,,PROFEK,Team Vitality,astra,False,,50,0,0,0,7,True,phantom,rifle,,,
2872.903,5719,ACTIVE_ROUND,19,10,10,70.000,,,s0pp,FUT Esports,chamber,True,100,50,0,8,0,1,False,vandal,rifle,,0.8122,0.3133,xeus,FUT Esports,jett,True,100,50,0,1,0,1,False,vandal,rifle,,0.8700,0.3589,sociablEE,FUT Esports,fade,True,100,25,0,1,0,0,False,classic,sidearm,,0.8289,0.3533,yetujey,FUT Esports,astra,True,100,50,0,0,0,3,False,phantom,rifle,,0.7000,0.5144,KROSTALY,FUT Esports,kayo,True,100,50,1,0,0,3,False,vandal,rifle,,0.8422,0.3600,Chronicle,Team Vitality,chamber,True,100,50,0,8,0,4,False,operator,sniper,,0.6822,0.1889,Derke,Team Vitality,neon,True,100,50,1,1,1,7,True,operator,sniper,,0.2267,0.4200,Jamppi,Team Vitality,kayo,True,100,50,1,2,0,3,False,phantom,rifle,,0.6567,0.1944,Sayonara,Team Vitality,sova,False,,50,1,1,1,4,False,phantom,rifle,,,,PROFEK,Team Vitality,astra,False,,50,0,0,0,7,True,phantom,rifle,,,
2873.387,5720,ACTIVE_ROUND,19,10,10,69.000,,,s0pp,FUT Esports,chamber,True,100,50,0,8,0,1,False,vandal,rifle,,0.8122,0.3133,xeus,FUT Esports,jett,True,100,50,0,1,0,1,False,vandal,rifle,,0.6456,0.5256,sociablEE,FUT Esports,fade,True,100,25,0,0,0,0,False,guardian,rifle,,0.8289,0.3533,yetujey,FUT Esports,astra,True,100,50,1,1,0,3,False,phantom,rifle,,0.7000,0.5144,KROSTALY,FUT Esports,kayo,True,100,50,1,0,0,3,False,vandal,rifle,,0.8422,0.3600,Chronicle,Team Vitality,chamber,True,100,50,0,6,0,4,False,operator,sniper,,0.6667,0.1822,Derke,Team Vitality,neon,True,100,50,1,1,1,7,True,operator,sniper,,0.2511,0.4022,Jamppi,Team Vitality,kayo,True,100,50,1,2,0,3,False,phantom,rifle,,0.7878,0.4078,Sayonara,Team Vitality,sova,False,,50,1,1,1,4,False,phantom,rifle,,,,PROFEK,Team Vitality,astra,False,,50,0,0,0,7,True,phantom,rifle,,,
2873.871,5721,ACTIVE_ROUND,19,10,10,69.000,,,s0pp,FUT Esports,chamber,True,100,50,0,8,0,1,False,vandal,rifle,,0.8122,0.3133,xeus,FUT Esports,jett,True,100,50,0,1,0,1,False,vandal,rifle,,0.8367,0.3033,sociablEE,FUT Esports,fade,True,100,25,0,0,0,0,False,guardian,rifle,,0.8689,0.3267,yetujey,FUT Esports,astra,True,100,50,1,1,0,3,False,phantom,rifle,,0.7000,0.5144,KROSTALY,FUT Esports,kayo,True,100,50,1,0,0,3,False,vandal,rifle,,0.8400,0.3422,Chronicle,Team Vitality,chamber,True,100,50,0,6,0,4,False,operator,sniper,,0.6756,0.1689,Derke,Team Vitality,neon,True,100,50,1,1,1,7,True,operator,sniper,,0.2800,0.3889,Jamppi,Team Vitality,kayo,True,100,50,1,2,0,3,False,phantom,rifle,,0.7878,0.4078,Sayonara,Team Vitality,sova,False,,50,1,1,1,4,False,phantom,rifle,,,,PROFEK,Team Vitality,astra,False,,50,0,0,0,7,True,phantom,rifle,,,
2874.355,5722,ACTIVE_ROUND,19,10,10,68.000,,,s0pp,FUT Esports,chamber,True,100,50,0,8,0,1,False,vandal,rifle,,0.8122,0.3133,xeus,FUT Esports,jett,True,100,50,0,1,0,1,False,vandal,rifle,,0.8967,0.3056,sociablEE,FUT Esports,fade,True,100,25,0,0,0,0,False,guardian,rifle,,0.8711,0.3089,yetujey,FUT Esports,astra,True,100,50,1,1,0,3,False,phantom,rifle,,0.7000,0.5144,KROSTALY,FUT Esports,kayo,True,100,50,1,0,0,3,False,vandal,rifle,,0.8400,0.3422,Chronicle,Team Vitality,chamber,True,100,50,0,6,0,4,False,operator,sniper,,0.6911,0.1622,Derke,Team Vitality,neon,True,100,50,1,1,1,7,True,operator,sniper,,0.3022,0.3822,Jamppi,Team Vitality,kayo,True,100,50,1,2,0,3,False,phantom,rifle,,0.6922,0.1989,Sayonara,Team Vitality,sova,False,,50,1,1,1,4,False,phantom,rifle,,,,PROFEK,Team Vitality,astra,False,,50,0,0,0,7,True,phantom,rifle,,,
2874.839,5723,ACTIVE_ROUND,19,10,10,68.000,,,s0pp,FUT Esports,chamber,True,100,50,0,8,0,1,False,vandal,rifle,,0.8122,0.3133,xeus,FUT Esports,jett,True,100,50,0,1,0,1,False,vandal,rifle,,0.9011,0.3033,sociablEE,FUT Esports,fade,True,100,25,0,0,0,0,False,guardian,rifle,,0.8711,0.2978,yetujey,FUT Esports,astra,True,100,50,1,1,0,3,False,phantom,rifle,,0.7000,0.5144,KROSTALY,FUT Esports,kayo,True,100,50,1,0,0,3,False,vandal,rifle,,0.8400,0.3422,Chronicle,Team Vitality,chamber,True,100,50,0,6,0,4,False,operator,sniper,,0.7022,0.1556,Derke,Team Vitality,neon,True,100,50,1,1,1,7,True,operator,sniper,,0.3244,0.3756,Jamppi,Team Vitality,kayo,True,100,50,1,2,0,3,False,phantom,rifle,,0.7078,0.1989,Sayonara,Team Vitality,sova,False,,50,1,1,1,4,False,phantom,rifle,,,,PROFEK,Team Vitality,astra,False,,50,0,0,0,7,True,phantom,rifle,,,
2875.322,5724,ACTIVE_ROUND,19,10,10,67.000,,,s0pp,FUT Esports,chamber,True,100,50,0,8,0,1,False,vandal,rifle,,0.8122,0.3133,xeus,FUT Esports,jett,True,100,50,0,1,0,1,False,vandal,rifle,,0.9011,0.2922,sociablEE,FUT Esports,fade,True,100,25,0,0,0,0,False,guardian,rifle,,0.8733,0.2867,yetujey,FUT Esports,astra,True,100,50,1,0,0,3,False,phantom,rifle,,0.7000,0.5144,KROSTALY,FUT Esports,kayo,True,100,50,1,0,0,3,False,vandal,rifle,,0.8400,0.3422,Chronicle,Team Vitality,chamber,True,100,50,0,6,0,4,False,operator,sniper,,0.7089,0.1533,Derke,Team Vitality,neon,True,100,50,1,1,1,7,True,operator,sniper,,0.3467,0.3689,Jamppi,Team Vitality,kayo,True,100,50,0,2,0,3,False,phantom,rifle,,0.7233,0.2322,Sayonara,Team Vitality,sova,False,,50,1,1,1,4,False,phantom,rifle,,,,PROFEK,Team Vitality,astra,False,,50,0,0,0,7,True,phantom,rifle,,,
2875.806,5725,ACTIVE_ROUND,19,10,10,67.000,,,s0pp,FUT Esports,chamber,True,100,50,0,8,0,1,False,vandal,rifle,,0.8122,0.3133,xeus,FUT Esports,jett,True,100,50,0,1,0,1,False,vandal,rifle,,0.8989,0.2811,sociablEE,FUT Esports,fade,True,100,25,0,0,0,0,False,guardian,rifle,,0.8756,0.2756,yetujey,FUT Esports,astra,True,100,50,1,0,0,3,False,phantom,rifle,,0.7000,0.5144,KROSTALY,FUT Esports,kayo,True,100,50,1,0,0,3,False,vandal,rifle,,0.8400,0.3422,Chronicle,Team Vitality,chamber,True,100,50,0,6,0,4,False,operator,sniper,,0.7133,0.1511,Derke,Team Vitality,neon,True,100,50,1,1,1,7,True,operator,sniper,,0.3711,0.3622,Jamppi,Team Vitality,kayo,True,100,50,0,2,0,3,False,phantom,rifle,,0.7233,0.2322,Sayonara,Team Vitality,sova,False,,50,1,1,1,4,False,phantom,rifle,,,,PROFEK,Team Vitality,astra,False,,50,0,0,0,7,True,phantom,rifle,,,
2876.290,5726,ACTIVE_ROUND,19,10,10,66.000,,,s0pp,FUT Esports,chamber,True,100,50,0,8,0,1,False,vandal,rifle,,0.8122,0.3133,xeus,FUT Esports,jett,True,100,50,0,1,0,1,False,vandal,rifle,,0.8967,0.2700,sociablEE,FUT Esports,fade,True,100,25,0,0,0,0,False,guardian,rifle,,0.8756,0.2644,yetujey,FUT Esports,astra,True,100,50,1,0,0,3,False,phantom,rifle,,0.7000,0.5144,KROSTALY,FUT Esports,kayo,True,100,50,1,0,0,3,False,vandal,rifle,,0.8400,0.3422,Chronicle,Team Vitality,chamber,True,100,50,0,6,0,4,False,operator,sniper,,0.7200,0.1511,Derke,Team Vitality,neon,True,100,50,1,1,1,7,True,operator,sniper,,0.3867,0.3467,Jamppi,Team Vitality,kayo,True,100,50,0,2,0,3,False,phantom,rifle,,0.6744,0.2011,Sayonara,Team Vitality,sova,False,,50,1,1,1,4,False,phantom,rifle,,,,PROFEK,Team Vitality,astra,False,,50,0,0,0,7,True,phantom,rifle,,,
2876.774,5727,ACTIVE_ROUND,19,10,10,66.000,,,s0pp,FUT Esports,chamber,True,100,50,0,8,0,1,False,vandal,rifle,,0.8122,0.3133,xeus,FUT Esports,jett,True,100,50,0,1,0,1,False,vandal,rifle,,0.9767,0.5433,sociablEE,FUT Esports,fade,True,100,25,0,0,0,0,False,guardian,rifle,,0.8733,0.2533,yetujey,FUT Esports,astra,True,100,50,1,0,0,3,False,phantom,rifle,,0.7000,0.5144,KROSTALY,FUT Esports,kayo,True,100,50,1,0,0,3,False,vandal,rifle,,0.8400,0.3422,Chronicle,Team Vitality,chamber,True,100,50,0,6,0,4,False,operator,sniper,,0.7178,0.1556,Derke,Team Vitality,neon,True,100,50,1,1,1,7,True,operator,sniper,,0.3867,0.3467,Jamppi,Team Vitality,kayo,True,100,50,0,2,0,3,False,phantom,rifle,,0.6633,0.1878,Sayonara,Team Vitality,sova,False,,50,1,1,1,4,False,phantom,rifle,,,,PROFEK,Team Vitality,astra,False,,50,0,0,0,7,True,phantom,rifle,,,
2877.258,5728,ACTIVE_ROUND,19,10,10,65.000,,,s0pp,FUT Esports,chamber,True,100,50,0,0,0,2,False,unknown,unknown,,0.8122,0.3133,xeus,FUT Esports,jett,True,100,50,0,1,0,1,False,vandal,rifle,,0.6389,0.5211,sociablEE,FUT Esports,fade,True,100,25,0,0,0,0,False,guardian,rifle,,0.8622,0.2489,yetujey,FUT Esports,astra,True,100,50,1,0,0,3,False,phantom,rifle,,0.7000,0.5144,KROSTALY,FUT Esports,kayo,True,100,50,1,0,0,3,False,vandal,rifle,,0.8400,0.3422,Chronicle,Team Vitality,chamber,True,100,50,0,6,0,5,False,operator,sniper,,0.7178,0.1556,Derke,Team Vitality,neon,True,100,50,1,1,1,7,True,operator,sniper,,0.3867,0.3467,Jamppi,Team Vitality,kayo,True,100,50,0,2,0,3,False,phantom,rifle,,0.6656,0.1722,Sayonara,Team Vitality,sova,False,,50,1,1,1,4,False,phantom,rifle,,,,PROFEK,Team Vitality,astra,False,,50,0,0,0,7,True,phantom,rifle,,,
2878.225,5730,ACTIVE_ROUND,19,10,10,,0.000,,s0pp,FUT Esports,chamber,False,,50,0,0,0,2,False,unknown,unknown,,0.8122,0.3133,xeus,FUT Esports,jett,True,100,50,0,1,0,1,False,vandal,rifle,,0.6389,0.5211,sociablEE,FUT Esports,fade,True,100,25,0,0,0,0,False,guardian,rifle,,0.8622,0.2489,yetujey,FUT Esports,astra,True,100,50,1,0,0,3,False,phantom,rifle,,0.7000,0.5144,KROSTALY,FUT Esports,kayo,True,100,50,1,0,0,3,False,vandal,rifle,,0.8489,0.3556,Chronicle,Team Vitality,chamber,True,100,50,0,6,0,5,False,operator,sniper,,0.7178,0.1556,Derke,Team Vitality,neon,True,100,50,1,1,1,7,True,operator,sniper,,0.4222,0.2711,Jamppi,Team Vitality,kayo,True,100,50,0,2,0,3,False,phantom,rifle,,0.7011,0.1744,Sayonara,Team Vitality,sova,False,,50,1,1,1,4,False,phantom,rifle,,,,PROFEK,Team Vitality,astra,False,,50,0,0,0,7,True,phantom,rifle,,,
2878.709,5731,ACTIVE_ROUND,19,10,10,,0.484,,s0pp,FUT Esports,chamber,False,,50,0,0,0,2,False,unknown,unknown,,,,xeus,FUT Esports,jett,True,100,50,0,1,0,1,False,vandal,rifle,,0.6389,0.5211,sociablEE,FUT Esports,fade,True,100,25,0,0,0,0,False,guardian,rifle,,0.8622,0.2489,yetujey,FUT Esports,astra,True,100,50,1,0,0,3,False,phantom,rifle,,0.7000,0.5144,KROSTALY,FUT Esports,kayo,True,100,50,1,0,0,3,False,vandal,rifle,,0.8578,0.3644,Chronicle,Team Vitality,chamber,True,100,50,0,6,0,5,False,operator,sniper,,0.7178,0.1556,Derke,Team Vitality,neon,True,100,50,1,1,1,7,True,operator,sniper,,0.4444,0.2644,Jamppi,Team Vitality,kayo,True,100,50,0,2,0,3,False,phantom,rifle,,0.7211,0.1744,Sayonara,Team Vitality,sova,False,,50,1,1,1,4,False,phantom,rifle,,,,PROFEK,Team Vitality,astra,False,,50,0,0,0,7,True,phantom,rifle,,,
2879.193,5732,ACTIVE_ROUND,19,10,10,,0.968,,s0pp,FUT Esports,chamber,False,,50,0,0,0,2,False,unknown,unknown,,,,xeus,FUT Esports,jett,True,100,50,0,1,0,1,False,vandal,rifle,,0.6389,0.5211,sociablEE,FUT Esports,fade,True,100,25,0,0,0,0,False,guardian,rifle,,0.8622,0.2489,yetujey,FUT Esports,astra,True,100,50,1,0,0,3,False,phantom,rifle,,0.7000,0.5144,KROSTALY,FUT Esports,kayo,True,100,50,1,0,0,4,False,vandal,rifle,,0.8489,0.3511,Chronicle,Team Vitality,chamber,True,100,50,0,6,0,5,False,operator,sniper,,0.7178,0.1556,Derke,Team Vitality,neon,True,100,50,1,1,1,7,True,operator,sniper,,0.4667,0.2556,Jamppi,Team Vitality,kayo,True,100,50,0,2,0,3,False,phantom,rifle,,0.5700,0.7322,Sayonara,Team Vitality,sova,False,,50,1,1,1,4,False,phantom,rifle,,,,PROFEK,Team Vitality,astra,False,,50,0,0,0,7,True,phantom,rifle,,,
2879.677,5733,ACTIVE_ROUND,19,10,10,,1.451,,s0pp,FUT Esports,chamber,False,,50,0,0,0,2,False,unknown,unknown,,,,xeus,FUT Esports,jett,True,100,50,0,1,0,1,False,vandal,rifle,,0.6389,0.5211,sociablEE,FUT Esports,fade,True,100,25,0,0,0,0,False,guardian,rifle,,0.8622,0.2489,yetujey,FUT Esports,astra,True,100,50,1,0,0,3,False,phantom,rifle,,0.7000,0.5144,KROSTALY,FUT Esports,kayo,True,100,50,1,0,0,4,False,vandal,rifle,,0.8489,0.3511,Chronicle,Team Vitality,chamber,True,100,50,0,6,0,5,False,operator,sniper,,0.7178,0.1556,Derke,Team Vitality,neon,True,100,50,1,1,1,7,True,operator,sniper,,0.4667,0.2556,Jamppi,Team Vitality,kayo,True,100,50,0,2,0,3,False,phantom,rifle,,0.5811,0.2922,Sayonara,Team Vitality,sova,False,,50,1,1,1,4,False,phantom,rifle,,,,PROFEK,Team Vitality,astra,False,,50,0,0,0,7,True,phantom,rifle,,,
2880.161,5734,ACTIVE_ROUND,19,10,10,,1.935,,s0pp,FUT Esports,chamber,False,,50,0,0,0,2,False,unknown,unknown,,,,xeus,FUT Esports,jett,True,100,50,0,1,0,1,False,vandal,rifle,,0.6411,0.5278,sociablEE,FUT Esports,fade,True,100,25,0,0,0,0,False,guardian,rifle,,0.8622,0.2489,yetujey,FUT Esports,astra,True,100,50,1,0,0,3,False,phantom,rifle,,0.7000,0.5144,KROSTALY,FUT Esports,kayo,True,100,50,1,0,0,4,False,vandal,rifle,,0.8556,0.3556,Chronicle,Team Vitality,chamber,True,100,50,0,6,0,5,False,operator,sniper,,0.7178,0.1556,Derke,Team Vitality,neon,True,100,50,1,1,1,7,True,operator,sniper,,0.4667,0.2556,Jamppi,Team Vitality,kayo,True,100,50,0,2,0,3,False,phantom,rifle,,0.7033,0.1500,Sayonara,Team Vitality,sova,False,,50,1,1,1,4,False,phantom,rifle,,,,PROFEK,Team Vitality,astra,False,,50,0,0,0,7,True,phantom,rifle,,,
2880.644,5735,ACTIVE_ROUND,19,10,10,,2.419,,s0pp,FUT Esports,chamber,False,,50,0,0,0,2,False,unknown,unknown,,,,xeus,FUT Esports,jett,True,100,50,0,1,0,1,False,vandal,rifle,,0.8544,0.2544,sociablEE,FUT Esports,fade,True,100,25,0,0,0,0,False,guardian,rifle,,0.8622,0.2489,yetujey,FUT Esports,astra,True,100,50,1,0,0,3,False,phantom,rifle,,0.7000,0.5144,KROSTALY,FUT Esports,kayo,True,100,50,1,0,0,4,False,vandal,rifle,,0.8556,0.3556,Chronicle,Team Vitality,chamber,True,100,50,0,6,0,5,False,operator,sniper,,0.7178,0.1556,Derke,Team Vitality,neon,True,100,50,1,1,1,7,True,operator,sniper,,0.5356,0.2378,Jamppi,Team Vitality,kayo,True,100,50,0,2,0,3,False,phantom,rifle,,0.5344,0.1922,Sayonara,Team Vitality,sova,False,,50,1,1,1,4,False,phantom,rifle,,,,PROFEK,Team Vitality,astra,False,,50,0,0,0,7,True,phantom,rifle,,,
2881.128,5736,ACTIVE_ROUND,19,10,10,,2.903,,s0pp,FUT Esports,chamber,False,,50,0,0,0,2,False,unknown,unknown,,,,xeus,FUT Esports,jett,True,100,50,0,1,0,1,False,vandal,rifle,,0.8589,0.2500,sociablEE,FUT Esports,fade,True,100,25,0,0,0,0,False,guardian,rifle,,0.8622,0.2489,yetujey,FUT Esports,astra,True,100,50,1,0,0,3,False,phantom,rifle,,0.7000,0.5144,KROSTALY,FUT Esports,kayo,True,100,50,0,0,0,4,False,vandal,rifle,,0.8556,0.3556,Chronicle,Team Vitality,chamber,True,100,50,0,6,0,5,False,operator,sniper,,0.7178,0.1556,Derke,Team Vitality,neon,True,100,50,1,1,1,7,True,operator,sniper,,0.5356,0.2378,Jamppi,Team Vitality,kayo,True,100,50,0,1,0,3,False,phantom,rifle,,0.7300,0.1856,Sayonara,Team Vitality,sova,False,,50,1,1,1,4,False,phantom,rifle,,,,PROFEK,Team Vitality,astra,False,,50,0,0,0,7,True,phantom,rifle,,,
2881.612,5737,ACTIVE_ROUND,19,10,10,,3.387,,s0pp,FUT Esports,chamber,False,,50,0,0,0,2,False,unknown,unknown,,,,xeus,FUT Esports,jett,True,100,50,0,1,0,1,False,vandal,rifle,,0.8611,0.2144,sociablEE,FUT Esports,fade,True,100,25,0,0,0,0,False,guardian,rifle,,0.8622,0.2489,yetujey,FUT Esports,astra,True,100,50,1,0,0,3,False,phantom,rifle,,0.7000,0.5144,KROSTALY,FUT Esports,kayo,True,100,50,0,0,0,4,False,vandal,rifle,,0.8556,0.3556,Chronicle,Team Vitality,chamber,True,100,50,0,6,0,5,False,operator,sniper,,0.7178,0.1556,Derke,Team Vitality,neon,True,100,50,1,1,1,7,True,operator,sniper,,0.5644,0.2156,Jamppi,Team Vitality,kayo,False,,50,0,1,0,3,False,phantom,rifle,,0.7367,0.1522,Sayonara,Team Vitality,sova,False,,50,1,1,1,4,False,phantom,rifle,,,,PROFEK,Team Vitality,astra,False,,50,0,0,0,7,True,phantom,rifle,,,
2882.096,5738,ACTIVE_ROUND,19,10,10,,3.871,,s0pp,FUT Esports,chamber,False,,50,0,0,0,2,False,unknown,unknown,,,,xeus,FUT Esports,jett,True,100,50,0,1,0,1,False,vandal,rifle,,0.8567,0.2456,sociablEE,FUT Esports,fade,True,100,25,0,0,0,0,False,guardian,rifle,,0.8622,0.2489,yetujey,FUT Esports,astra,True,100,50,1,0,0,3,False,phantom,rifle,,0.7000,0.5144,KROSTALY,FUT Esports,kayo,True,100,50,0,0,0,4,False,vandal,rifle,,0.8867,0.3578,Chronicle,Team Vitality,chamber,True,100,50,0,6,0,5,False,operator,sniper,,0.7178,0.1556,Derke,Team Vitality,neon,True,100,50,1,1,1,7,True,operator,sniper,,0.5756,0.2022,Jamppi,Team Vitality,kayo,False,,50,0,1,0,3,False,phantom,rifle,,,,Sayonara,Team Vitality,sova,False,,50,1,1,1,4,False,phantom,rifle,,,,PROFEK,Team Vitality,astra,False,,50,0,0,0,7,True,phantom,rifle,,,
2882.580,5739,ACTIVE_ROUND,19,10,10,,4.354,,s0pp,FUT Esports,chamber,False,,50,0,0,0,2,False,unknown,unknown,,,,xeus,FUT Esports,jett,True,100,50,0,1,0,1,False,vandal,rifle,,0.6456,0.5211,sociablEE,FUT Esports,fade,True,100,25,0,0,0,0,False,guardian,rifle,,0.8622,0.2489,yetujey,FUT Esports,astra,True,100,50,1,0,0,3,False,phantom,rifle,,0.7000,0.5144,KROSTALY,FUT Esports,kayo,True,100,50,0,0,0,4,False,vandal,rifle,,0.8867,0.3578,Chronicle,Team Vitality,chamber,True,100,50,0,6,0,5,False,operator,sniper,,0.7178,0.1556,Derke,Team Vitality,neon,True,100,50,1,1,1,7,True,operator,sniper,,0.6933,0.1933,Jamppi,Team Vitality,kayo,False,,50,0,1,0,3,False,phantom,rifle,,,,Sayonara,Team Vitality,sova,False,,50,1,1,1,4,False,phantom,rifle,,,,PROFEK,Team Vitality,astra,False,,50,0,0,0,7,True,phantom,rifle,,,
2883.064,5740,ACTIVE_ROUND,19,10,10,,4.838,,s0pp,FUT Esports,chamber,False,,50,0,0,0,2,False,unknown,unknown,,,,xeus,FUT Esports,jett,True,100,50,0,0,0,2,False,vandal,rifle,,0.8678,0.3300,sociablEE,FUT Esports,fade,True,100,25,0,0,0,0,False,classic,sidearm,,0.8622,0.2489,yetujey,FUT Esports,astra,True,100,50,1,1,0,3,False,phantom,rifle,,0.7000,0.5144,KROSTALY,FUT Esports,kayo,True,100,50,0,0,0,4,False,vandal,rifle,,0.8978,0.3689,Chronicle,Team Vitality,chamber,True,100,50,0,5,0,5,False,operator,sniper,,0.7178,0.1556,Derke,Team Vitality,neon,True,100,50,1,1,1,7,True,operator,sniper,,0.6089,0.2489,Jamppi,Team Vitality,kayo,False,,50,0,1,0,3,False,phantom,rifle,,,,Sayonara,Team Vitality,sova,False,,50,1,1,1,4,False,phantom,rifle,,,,PROFEK,Team Vitality,astra,False,,50,0,0,0,7,True,phantom,rifle,,,
2883.547,5741,ACTIVE_ROUND,19,10,10,,5.322,,s0pp,FUT Esports,chamber,False,,50,0,0,0,2,False,unknown,unknown,,,,xeus,FUT Esports,jett,True,82,14,0,0,0,2,False,vandal,rifle,,0.8789,0.3367,sociablEE,FUT Esports,fade,True,100,25,0,0,0,0,False,classic,sidearm,,0.8622,0.2489,yetujey,FUT Esports,astra,True,100,50,1,1,0,3,False,phantom,rifle,,0.7000,0.5144,KROSTALY,FUT Esports,kayo,True,100,50,0,0,0,4,False,vandal,rifle,,0.9000,0.3711,Chronicle,Team Vitality,chamber,True,100,50,0,5,0,5,False,operator,sniper,,0.7178,0.1556,Derke,Team Vitality,neon,True,100,50,1,1,1,7,True,operator,sniper,,0.7667,0.1911,Jamppi,Team Vitality,kayo,False,,50,0,1,0,3,False,phantom,rifle,,,,Sayonara,Team Vitality,sova,False,,50,1,1,1,4,False,phantom,rifle,,,,PROFEK,Team Vitality,astra,False,,50,0,0,0,7,True,phantom,rifle,,,
2884.031,5742,ACTIVE_ROUND,19,10,10,,5.806,,s0pp,FUT Esports,chamber,False,,50,0,0,0,2,False,unknown,unknown,,,,xeus,FUT Esports,jett,True,82,14,0,0,0,2,False,vandal,rifle,,0.6544,0.5233,sociablEE,FUT Esports,fade,True,100,25,0,0,0,0,False,classic,sidearm,,0.8156,0.2000,yetujey,FUT Esports,astra,True,100,50,1,1,0,3,False,phantom,rifle,,0.7000,0.5144,KROSTALY,FUT Esports,kayo,True,100,50,0,0,0,4,False,vandal,rifle,,0.9044,0.3844,Chronicle,Team Vitality,chamber,True,100,50,0,5,0,5,False,operator,sniper,,0.7178,0.1556,Derke,Team Vitality,neon,True,100,50,1,1,1,7,True,operator,sniper,,0.6378,0.1778,Jamppi,Team Vitality,kayo,False,,50,0,1,0,3,False,phantom,rifle,,,,Sayonara,Team Vitality,sova,False,,50,1,1,1,4,False,phantom,rifle,,,,PROFEK,Team Vitality,astra,False,,50,0,0,0,7,True,phantom,rifle,,,
2884.515,5743,ACTIVE_ROUND,19,10,10,,6.290,,s0pp,FUT Esports,chamber,False,,50,0,0,0,2,False,unknown,unknown,,,,xeus,FUT Esports,jett,True,82,14,0,0,0,2,False,vandal,rifle,,0.8767,0.2233,sociablEE,FUT Esports,fade,True,100,25,0,0,0,0,False,classic,sidearm,,0.8156,0.2000,yetujey,FUT Esports,astra,True,100,50,1,1,0,3,False,phantom,rifle,,0.7000,0.5144,KROSTALY,FUT Esports,kayo,True,100,50,0,0,0,4,False,vandal,rifle,,0.9089,0.3933,Chronicle,Team Vitality,chamber,True,79,7,0,5,0,5,False,operator,sniper,,0.7178,0.1556,Derke,Team Vitality,neon,True,100,50,1,1,1,7,True,operator,sniper,,0.6533,0.1711,Jamppi,Team Vitality,kayo,False,,50,0,1,0,3,False,phantom,rifle,,,,Sayonara,Team Vitality,sova,False,,50,1,1,1,4,False,phantom,rifle,,,,PROFEK,Team Vitality,astra,False,,50,0,0,0,7,True,phantom,rifle,,,
2884.999,5744,ACTIVE_ROUND,19,10,10,,6.773,,s0pp,FUT Esports,chamber,False,,50,0,0,0,2,False,unknown,unknown,,,,xeus,FUT Esports,jett,True,82,14,0,0,0,2,False,vandal,rifle,,0.8611,0.2100,sociablEE,FUT Esports,fade,True,100,25,0,0,0,0,False,guardian,rifle,,0.8156,0.2000,yetujey,FUT Esports,astra,True,100,50,1,1,0,3,False,phantom,rifle,,0.7000,0.5144,KROSTALY,FUT Esports,kayo,True,100,50,0,0,0,4,False,vandal,rifle,,0.9089,0.4044,Chronicle,Team Vitality,chamber,True,79,7,0,0,0,5,False,operator,sniper,,0.7533,0.1711,Derke,Team Vitality,neon,True,100,50,1,1,1,7,True,operator,sniper,,0.6644,0.1622,Jamppi,Team Vitality,kayo,False,,50,0,1,0,3,False,phantom,rifle,,,,Sayonara,Team Vitality,sova,False,,50,1,1,1,4,False,phantom,rifle,,,,PROFEK,Team Vitality,astra,False,,50,0,0,0,7,True,phantom,rifle,,,
2885.483,5745,ACTIVE_ROUND,19,10,10,,7.257,,s0pp,FUT Esports,chamber,False,,50,0,0,0,2,False,unknown,unknown,,,,xeus,FUT Esports,jett,True,82,14,0,0,0,2,False,vandal,rifle,,0.8100,0.1633,sociablEE,FUT Esports,fade,False,,25,0,0,0,0,False,guardian,rifle,,0.8156,0.2000,yetujey,FUT Esports,astra,True,100,50,1,1,0,3,False,phantom,rifle,,0.7000,0.5144,KROSTALY,FUT Esports,kayo,True,100,50,0,0,0,4,False,vandal,rifle,,0.9067,0.4156,Chronicle,Team Vitality,chamber,True,1,7,0,0,0,5,False,operator,sniper,,0.7489,0.1733,Derke,Team Vitality,neon,True,100,50,1,1,1,7,True,operator,sniper,,0.6644,0.1622,Jamppi,Team Vitality,kayo,False,,50,0,1,0,3,False,phantom,rifle,,,,Sayonara,Team Vitality,sova,False,,50,1,1,1,4,False,phantom,rifle,,,,PROFEK,Team Vitality,astra,False,,50,0,0,0,7,True,phantom,rifle,,,
2885.966,5746,ACTIVE_ROUND,19,10,10,,7.741,,s0pp,FUT Esports,chamber,False,,50,0,0,0,2,False,unknown,unknown,,,,xeus,FUT Esports,jett,True,82,14,0,0,0,2,False,vandal,rifle,,0.8544,0.3967,sociablEE,FUT Esports,fade,False,,25,0,0,0,0,False,guardian,rifle,,,,yetujey,FUT Esports,astra,True,100,50,1,1,0,3,False,phantom,rifle,,0.7000,0.5144,KROSTALY,FUT Esports,kayo,True,100,50,0,0,0,4,False,vandal,rifle,,0.8978,0.4133,Chronicle,Team Vitality,chamber,True,1,7,0,0,0,5,False,operator,sniper,,0.7489,0.1667,Derke,Team Vitality,neon,True,100,50,1,1,1,7,True,operator,sniper,,0.6622,0.1800,Jamppi,Team Vitality,kayo,False,,50,0,1,0,3,False,phantom,rifle,,,,Sayonara,Team Vitality,sova,False,,50,1,1,1,4,False,phantom,rifle,,,,PROFEK,Team Vitality,astra,False,,50,0,0,0,7,True,phantom,rifle,,,
2886.450,5747,ACTIVE_ROUND,19,10,10,,8.225,,s0pp,FUT Esports,chamber,False,,50,0,0,0,2,False,unknown,unknown,,,,xeus,FUT Esports,jett,True,82,14,0,0,0,2,False,vandal,rifle,,0.6922,0.4833,sociablEE,FUT Esports,fade,False,,25,0,0,0,0,False,guardian,rifle,,,,yetujey,FUT Esports,astra,True,100,50,1,1,0,3,False,phantom,rifle,,0.7000,0.5144,KROSTALY,FUT Esports,kayo,True,100,50,0,0,0,4,False,vandal,rifle,,0.8822,0.4178,Chronicle,Team Vitality,chamber,True,1,7,0,0,0,5,False,operator,sniper,,0.7489,0.1667,Derke,Team Vitality,neon,True,100,50,1,1,1,7,True,operator,sniper,,0.6711,0.1978,Jamppi,Team Vitality,kayo,False,,50,0,1,0,3,False,phantom,rifle,,,,Sayonara,Team Vitality,sova,False,,50,1,1,1,4,False,phantom,rifle,,,,PROFEK,Team Vitality,astra,False,,50,0,0,0,7,True,phantom,rifle,,,
2886.934,5748,ACTIVE_ROUND,19,10,10,,8.709,,s0pp,FUT Esports,chamber,False,,50,0,0,0,2,False,unknown,unknown,,,,xeus,FUT Esports,jett,True,82,14,0,0,0,2,False,vandal,rifle,,0.8367,0.3833,sociablEE,FUT Esports,fade,False,,25,0,0,0,0,False,guardian,rifle,,,,yetujey,FUT Esports,astra,True,100,50,1,0,0,3,False,phantom,rifle,,0.6444,0.5256,KROSTALY,FUT Esports,kayo,True,100,50,0,0,0,4,False,vandal,rifle,,0.8600,0.4267,Chronicle,Team Vitality,chamber,False,,7,0,0,0,5,False,unknown,unknown,,0.7489,0.1667,Derke,Team Vitality,neon,True,100,50,1,1,1,7,True,operator,sniper,,0.6867,0.2044,Jamppi,Team Vitality,kayo,False,,50,0,1,0,3,False,phantom,rifle,,,,Sayonara,Team Vitality,sova,False,,50,1,1,1,4,False,phantom,rifle,,,,PROFEK,Team Vitality,astra,False,,50,0,0,0,7,True,phantom,rifle,,,
2887.418,5749,ACTIVE_ROUND,19,10,10,,9.193,,s0pp,FUT Esports,chamber,False,,50,0,0,0,2,False,unknown,unknown,,,,xeus,FUT Esports,jett,True,82,14,0,0,0,2,False,vandal,rifle,,0.8100,0.1611,sociablEE,FUT Esports,fade,False,,25,0,0,0,0,False,guardian,rifle,,,,yetujey,FUT Esports,astra,True,100,50,1,0,0,3,False,phantom,rifle,,0.6444,0.5256,KROSTALY,FUT Esports,kayo,True,100,50,0,0,0,4,False,vandal,rifle,,0.8422,0.4400,Chronicle,Team Vitality,chamber,False,,7,0,0,0,5,False,unknown,unknown,,,,Derke,Team Vitality,neon,True,100,50,1,1,1,7,True,operator,sniper,,0.7000,0.2044,Jamppi,Team Vitality,kayo,False,,50,0,1,0,3,False,phantom,rifle,,,,Sayonara,Team Vitality,sova,False,,50,1,1,1,4,False,phantom,rifle,,,,PROFEK,Team Vitality,astra,False,,50,0,0,0,7,True,phantom,rifle,,,
2887.902,5750,ACTIVE_ROUND,19,10,10,,9.676,,s0pp,FUT Esports,chamber,False,,50,0,0,0,2,False,unknown,unknown,,,,xeus,FUT Esports,jett,True,82,14,0,0,0,2,False,vandal,rifle,,0.8100,0.1611,sociablEE,FUT Esports,fade,False,,25,0,0,0,0,False,guardian,rifle,,,,yetujey,FUT Esports,astra,True,100,50,1,0,0,3,False,phantom,rifle,,0.6444,0.5256,KROSTALY,FUT Esports,kayo,True,100,50,0,0,0,4,False,vandal,rifle,,0.8467,0.4644,Chronicle,Team Vitality,chamber,False,,7,0,0,0,5,False,unknown,unknown,,,,Derke,Team Vitality,neon,True,100,50,1,1,1,7,True,operator,sniper,,0.7089,0.1978,Jamppi,Team Vitality,kayo,False,,50,0,1,0,3,False,phantom,rifle,,,,Sayonara,Team Vitality,sova,False,,50,1,1,1,4,False,phantom,rifle,,,,PROFEK,Team Vitality,astra,False,,50,0,0,0,7,True,phantom,rifle,,,
2888.385,5751,ACTIVE_ROUND,19,10,10,,10.160,,s0pp,FUT Esports,chamber,False,,50,0,0,0,2,False,unknown,unknown,,,,xeus,FUT Esports,jett,True,82,14,0,0,0,2,False,vandal,rifle,,0.8456,0.4478,sociablEE,FUT Esports,fade,False,,25,0,0,0,0,False,guardian,rifle,,,,yetujey,FUT Esports,astra,True,100,50,1,0,0,3,False,phantom,rifle,,0.6444,0.5256,KROSTALY,FUT Esports,kayo,True,100,50,0,0,0,4,False,vandal,rifle,,0.8644,0.4800,Chronicle,Team Vitality,chamber,False,,7,0,0,0,5,False,unknown,unknown,,,,Derke,Team Vitality,neon,True,100,50,1,1,1,7,True,operator,sniper,,0.7156,0.1911,Jamppi,Team Vitality,kayo,False,,50,0,1,0,3,False,phantom,rifle,,,,Sayonara,Team Vitality,sova,False,,50,1,1,1,4,False,phantom,rifle,,,,PROFEK,Team Vitality,astra,False,,50,0,0,0,7,True,phantom,rifle,,,
2888.869,5752,ACTIVE_ROUND,19,10,10,,10.644,,s0pp,FUT Esports,chamber,False,,50,0,0,0,2,False,unknown,unknown,,,,xeus,FUT Esports,jett,True,82,14,0,0,0,3,False,vandal,rifle,,0.8478,0.2211,sociablEE,FUT Esports,fade,False,,25,0,0,0,0,False,guardian,rifle,,,,yetujey,FUT Esports,astra,True,100,50,1,0,0,3,False,phantom,rifle,,0.6444,0.5256,KROSTALY,FUT Esports,kayo,True,100,50,0,0,0,4,False,vandal,rifle,,0.8867,0.4822,Chronicle,Team Vitality,chamber,False,,7,0,0,0,5,False,unknown,unknown,,,,Derke,Team Vitality,neon,True,100,50,1,1,1,7,True,operator,sniper,,0.7156,0.1911,Jamppi,Team Vitality,kayo,False,,50,0,1,0,3,False,phantom,rifle,,,,Sayonara,Team Vitality,sova,False,,50,1,1,1,4,False,phantom,rifle,,,,PROFEK,Team Vitality,astra,False,,50,0,0,0,7,True,phantom,rifle,,,
2889.353,5753,ACTIVE_ROUND,19,10,10,,11.128,,s0pp,FUT Esports,chamber,False,,50,0,0,0,2,False,unknown,unknown,,,,xeus,FUT Esports,jett,True,82,14,0,0,0,3,False,vandal,rifle,,0.8411,0.2300,sociablEE,FUT Esports,fade,False,,25,0,0,0,0,False,guardian,rifle,,,,yetujey,FUT Esports,astra,True,100,50,1,0,0,3,False,phantom,rifle,,0.6444,0.5256,KROSTALY,FUT Esports,kayo,True,100,50,0,0,0,4,False,vandal,rifle,,0.8933,0.4822,Chronicle,Team Vitality,chamber,False,,7,0,0,0,5,False,unknown,unknown,,,,Derke,Team Vitality,neon,True,100,50,1,1,1,7,True,operator,sniper,,0.7311,0.1889,Jamppi,Team Vitality,kayo,False,,50,0,1,0,3,False,phantom,rifle,,,,Sayonara,Team Vitality,sova,False,,50,1,1,1,4,False,phantom,rifle,,,,PROFEK,Team Vitality,astra,False,,50,0,0,0,7,True,phantom,rifle,,,
2889.837,5754,ACTIVE_ROUND,19,10,10,,11.612,,s0pp,FUT Esports,chamber,False,,50,0,0,0,2,False,unknown,unknown,,,,xeus,FUT Esports,jett,True,82,14,0,0,0,3,False,vandal,rifle,,0.8411,0.2367,sociablEE,FUT Esports,fade,False,,25,0,0,0,0,False,guardian,rifle,,,,yetujey,FUT Esports,astra,True,100,50,1,0,0,3,False,phantom,rifle,,0.6444,0.5256,KROSTALY,FUT Esports,kayo,True,100,50,0,0,0,4,False,vandal,rifle,,0.9022,0.4889,Chronicle,Team Vitality,chamber,False,,7,0,0,0,5,False,unknown,unknown,,,,Derke,Team Vitality,neon,True,100,50,1,1,1,7,True,operator,sniper,,0.7400,0.1867,Jamppi,Team Vitality,kayo,False,,50,0,1,0,3,False,phantom,rifle,,,,Sayonara,Team Vitality,sova,False,,50,1,1,1,4,False,phantom,rifle,,,,PROFEK,Team Vitality,astra,False,,50,0,0,0,7,True,phantom,rifle,,,
2890.321,5755,ACTIVE_ROUND,19,10,10,,12.095,,s0pp,FUT Esports,chamber,False,,50,0,0,0,2,False,unknown,unknown,,,,xeus,FUT Esports,jett,True,82,14,0,0,0,3,False,vandal,rifle,,0.8411,0.2367,sociablEE,FUT Esports,fade,False,,25,0,0,0,0,False,guardian,rifle,,,,yetujey,FUT Esports,astra,True,100,50,1,0,0,3,False,phantom,rifle,,0.6444,0.5256,KROSTALY,FUT Esports,kayo,True,100,50,0,0,0,4,False,vandal,rifle,,0.9022,0.4911,Chronicle,Team Vitality,chamber,False,,7,0,0,0,5,False,unknown,unknown,,,,Derke,Team Vitality,neon,True,100,50,1,1,1,7,True,operator,sniper,,0.7467,0.1867,Jamppi,Team Vitality,kayo,False,,50,0,1,0,3,False,phantom,rifle,,,,Sayonara,Team Vitality,sova,False,,50,1,1,1,4,False,phantom,rifle,,,,PROFEK,Team Vitality,astra,False,,50,0,0,0,7,True,phantom,rifle,,,
2890.805,5756,ACTIVE_ROUND,19,10,10,,12.579,,s0pp,FUT Esports,chamber,False,,50,0,0,0,2,False,unknown,unknown,,,,xeus,FUT Esports,jett,True,82,14,0,0,0,3,False,vandal,rifle,,0.8411,0.2367,sociablEE,FUT Esports,fade,False,,25,0,0,0,0,False,guardian,rifle,,,,yetujey,FUT Esports,astra,True,100,50,0,0,0,3,False,phantom,rifle,,0.6711,0.5278,KROSTALY,FUT Esports,kayo,True,100,50,0,0,0,4,False,vandal,rifle,,0.9022,0.4911,Chronicle,Team Vitality,chamber,False,,7,0,0,0,5,False,unknown,unknown,,,,Derke,Team Vitality,neon,True,100,50,1,1,1,7,True,operator,sniper,,0.7511,0.1867,Jamppi,Team Vitality,kayo,False,,50,0,1,0,3,False,phantom,rifle,,,,Sayonara,Team Vitality,sova,False,,50,1,1,1,4,False,phantom,rifle,,,,PROFEK,Team Vitality,astra,False,,50,0,0,0,7,True,phantom,rifle,,,
2891.288,5757,ACTIVE_ROUND,19,10,10,,13.063,,s0pp,FUT Esports,chamber,False,,50,0,0,0,2,False,unknown,unknown,,,,xeus,FUT Esports,jett,True,82,14,0,0,0,3,False,vandal,rifle,,0.8411,0.2367,sociablEE,FUT Esports,fade,False,,25,0,0,0,0,False,guardian,rifle,,,,yetujey,FUT Esports,astra,True,100,50,0,0,0,3,False,phantom,rifle,,0.6489,0.5344,KROSTALY,FUT Esports,kayo,True,100,50,0,0,0,4,False,vandal,rifle,,0.8978,0.4911,Chronicle,Team Vitality,chamber,False,,7,0,0,0,5,False,unknown,unknown,,,,Derke,Team Vitality,neon,True,100,50,1,1,1,7,True,operator,sniper,,0.7533,0.1867,Jamppi,Team Vitality,kayo,False,,50,0,1,0,3,False,phantom,rifle,,,,Sayonara,Team Vitality,sova,False,,50,1,1,1,4,False,phantom,rifle,,,,PROFEK,Team Vitality,astra,False,,50,0,0,0,7,True,phantom,rifle,,,
2891.772,5758,ACTIVE_ROUND,19,10,10,,13.547,,s0pp,FUT Esports,chamber,False,,50,0,0,0,2,False,unknown,unknown,,,,xeus,FUT Esports,jett,True,82,14,0,0,0,3,False,vandal,rifle,,0.8411,0.2367,sociablEE,FUT Esports,fade,False,,25,0,0,0,0,False,guardian,rifle,,,,yetujey,FUT Esports,astra,True,100,50,0,0,0,3,False,phantom,rifle,,0.6489,0.5344,KROSTALY,FUT Esports,kayo,True,100,50,0,0,0,4,False,vandal,rifle,,0.8911,0.4889,Chronicle,Team Vitality,chamber,False,,7,0,0,0,5,False,unknown,unknown,,,,Derke,Team Vitality,neon,True,100,50,1,1,1,7,True,operator,sniper,,0.7533,0.1800,Jamppi,Team Vitality,kayo,False,,50,0,1,0,3,False,phantom,rifle,,,,Sayonara,Team Vitality,sova,False,,50,1,1,1,4,False,phantom,rifle,,,,PROFEK,Team Vitality,astra,False,,50,0,0,0,7,True,phantom,rifle,,,
2892.256,5759,ACTIVE_ROUND,19,10,10,,14.031,,s0pp,FUT Esports,chamber,False,,50,0,0,0,2,False,unknown,unknown,,,,xeus,FUT Esports,jett,True,82,14,0,0,0,3,False,vandal,rifle,,0.8411,0.2344,sociablEE,FUT Esports,fade,False,,25,0,0,0,0,False,guardian,rifle,,,,yetujey,FUT Esports,astra,True,100,50,0,0,0,3,False,phantom,rifle,,0.6489,0.5344,KROSTALY,FUT Esports,kayo,True,100,50,0,0,0,4,False,vandal,rifle,,0.8911,0.4889,Chronicle,Team Vitality,chamber,False,,7,0,0,0,5,False,unknown,unknown,,,,Derke,Team Vitality,neon,True,100,50,1,1,1,7,True,operator,sniper,,0.6533,0.1933,Jamppi,Team Vitality,kayo,False,,50,0,1,0,3,False,phantom,rifle,,,,Sayonara,Team Vitality,sova,False,,50,1,1,1,4,False,phantom,rifle,,,,PROFEK,Team Vitality,astra,False,,50,0,0,0,7,True,phantom,rifle,,,
2892.740,5760,ACTIVE_ROUND,19,10,10,,14.514,,s0pp,FUT Esports,chamber,False,,50,0,0,0,2,False,unknown,unknown,,,,xeus,FUT Esports,jett,True,82,14,0,0,0,3,False,vandal,rifle,,0.8433,0.2344,sociablEE,FUT Esports,fade,False,,25,0,0,0,0,False,guardian,rifle,,,,yetujey,FUT Esports,astra,True,100,50,0,0,0,3,False,phantom,rifle,,0.6489,0.5344,KROSTALY,FUT Esports,kayo,True,100,50,0,0,0,4,False,vandal,rifle,,0.8911,0.4867,Chronicle,Team Vitality,chamber,False,,7,0,0,0,5,False,unknown,unknown,,,,Derke,Team Vitality,neon,True,100,50,1,1,1,7,True,operator,sniper,,0.7333,0.3978,Jamppi,Team Vitality,kayo,False,,50,0,1,0,3,False,phantom,rifle,,,,Sayonara,Team Vitality,sova,False,,50,1,1,1,4,False,phantom,rifle,,,,PROFEK,Team Vitality,astra,False,,50,0,0,0,7,True,phantom,rifle,,,
2893.224,5761,ACTIVE_ROUND,19,10,10,,14.998,,s0pp,FUT Esports,chamber,False,,50,0,0,0,2,False,unknown,unknown,,,,xeus,FUT Esports,jett,True,82,14,0,0,0,3,False,vandal,rifle,,0.8456,0.2300,sociablEE,FUT Esports,fade,False,,25,0,0,0,0,False,guardian,rifle,,,,yetujey,FUT Esports,astra,True,100,50,0,0,0,3,False,phantom,rifle,,0.6222,0.6122,KROSTALY,FUT Esports,kayo,True,100,50,0,0,0,4,False,vandal,rifle,,0.8911,0.4867,Chronicle,Team Vitality,chamber,False,,7,0,0,0,5,False,unknown,unknown,,,,Derke,Team Vitality,neon,True,100,50,1,1,1,7,True,operator,sniper,,0.7333,0.3978,Jamppi,Team Vitality,kayo,False,,50,0,1,0,3,False,phantom,rifle,,,,Sayonara,Team Vitality,sova,False,,50,1,1,1,4,False,phantom,rifle,,,,PROFEK,Team Vitality,astra,False,,50,0,0,0,7,True,phantom,rifle,,,
2893.707,5762,ACTIVE_ROUND,19,10,10,,15.482,,s0pp,FUT Esports,chamber,False,,50,0,0,0,2,False,unknown,unknown,,,,xeus,FUT Esports,jett,True,82,14,0,0,0,3,False,vandal,rifle,,0.8478,0.2278,sociablEE,FUT Esports,fade,False,,25,0,0,0,0,False,guardian,rifle,,,,yetujey,FUT Esports,astra,True,100,50,0,0,0,3,False,phantom,rifle,,0.6200,0.6367,KROSTALY,FUT Esports,kayo,True,100,50,0,0,0,4,False,vandal,rifle,,0.8911,0.4867,Chronicle,Team Vitality,chamber,False,,7,0,0,0,5,False,unknown,unknown,,,,Derke,Team Vitality,neon,True,100,50,1,1,1,7,True,operator,sniper,,0.7556,0.1667,Jamppi,Team Vitality,kayo,False,,50,0,1,0,3,False,phantom,rifle,,,,Sayonara,Team Vitality,sova,False,,50,1,1,1,4,False,phantom,rifle,,,,PROFEK,Team Vitality,astra,False,,50,0,0,0,7,True,phantom,rifle,,,
2894.191,5763,ACTIVE_ROUND,19,10,10,,15.966,,s0pp,FUT Esports,chamber,False,,50,0,0,0,2,False,unknown,unknown,,,,xeus,FUT Esports,jett,True,82,14,0,0,0,3,False,vandal,rifle,,0.8522,0.2233,sociablEE,FUT Esports,fade,False,,25,0,0,0,0,False,guardian,rifle,,,,yetujey,FUT Esports,astra,True,100,50,0,0,0,3,False,phantom,rifle,,0.6200,0.6367,KROSTALY,FUT Esports,kayo,True,100,50,0,0,0,4,False,vandal,rifle,,0.8911,0.4867,Chronicle,Team Vitality,chamber,False,,7,0,0,0,5,False,unknown,unknown,,,,Derke,Team Vitality,neon,True,100,50,1,1,1,7,True,operator,sniper,,0.3444,0.4044,Jamppi,Team Vitality,kayo,False,,50,0,1,0,3,False,phantom,rifle,,,,Sayonara,Team Vitality,sova,False,,50,1,1,1,4,False,phantom,rifle,,,,PROFEK,Team Vitality,astra,False,,50,0,0,0,7,True,phantom,rifle,,,
2894.675,5764,ACTIVE_ROUND,19,10,10,,16.450,,s0pp,FUT Esports,chamber,False,,50,0,0,0,2,False,unknown,unknown,,,,xeus,FUT Esports,jett,True,82,14,0,0,0,3,False,vandal,rifle,,0.8544,0.2233,sociablEE,FUT Esports,fade,False,,25,0,0,0,0,False,guardian,rifle,,,,yetujey,FUT Esports,astra,True,100,50,0,0,0,3,False,phantom,rifle,,0.6200,0.6367,KROSTALY,FUT Esports,kayo,True,100,50,0,0,0,4,False,vandal,rifle,,0.8911,0.4867,Chronicle,Team Vitality,chamber,False,,7,0,0,0,5,False,unknown,unknown,,,,Derke,Team Vitality,neon,True,100,50,1,1,1,7,True,operator,sniper,,0.3444,0.4044,Jamppi,Team Vitality,kayo,False,,50,0,1,0,3,False,phantom,rifle,,,,Sayonara,Team Vitality,sova,False,,50,1,1,1,4,False,phantom,rifle,,,,PROFEK,Team Vitality,astra,False,,50,0,0,0,7,True,phantom,rifle,,,
2895.159,5765,POST_ROUND,19,11,10,,,0.000,s0pp,FUT Esports,chamber,False,,50,0,0,0,2,False,unknown,unknown,,,,xeus,FUT Esports,jett,True,82,14,0,0,0,3,False,vandal,rifle,,0.8544,0.2233,sociablEE,FUT Esports,fade,False,,25,0,0,0,0,False,guardian,rifle,,,,yetujey,FUT Esports,astra,True,100,50,0,0,0,3,False,phantom,rifle,,0.6200,0.6367,KROSTALY,FUT Esports,kayo,True,100,50,0,0,0,4,False,vandal,rifle,,0.8911,0.4867,Chronicle,Team Vitality,chamber,False,,7,0,0,0,5,False,unknown,unknown,,,,Derke,Team Vitality,neon,False,,50,1,1,1,7,True,operator,sniper,,0.3444,0.4044,Jamppi,Team Vitality,kayo,False,,50,0,1,0,3,False,phantom,rifle,,,,Sayonara,Team Vitality,sova,False,,50,1,1,1,4,False,phantom,rifle,,,,PROFEK,Team Vitality,astra,False,,50,0,0,0,7,True,phantom,rifle,,,
2895.643,5766,POST_ROUND,19,11,10,,,0.484,s0pp,FUT Esports,chamber,False,,50,0,0,0,2,False,unknown,unknown,,,,xeus,FUT Esports,jett,True,82,14,0,0,0,3,False,vandal,rifle,,0.8544,0.2233,sociablEE,FUT Esports,fade,False,,25,0,0,0,0,False,guardian,rifle,,,,yetujey,FUT Esports,astra,True,100,50,0,0,0,3,False,phantom,rifle,,0.6200,0.6367,KROSTALY,FUT Esports,kayo,True,100,50,0,0,0,4,False,vandal,rifle,,0.8911,0.4867,Chronicle,Team Vitality,chamber,False,,7,0,0,0,5,False,unknown,unknown,,,,Derke,Team Vitality,neon,False,,50,1,1,1,7,True,operator,sniper,,0.3444,0.4044,Jamppi,Team Vitality,kayo,False,,50,0,1,0,3,False,phantom,rifle,,,,Sayonara,Team Vitality,sova,False,,50,1,1,1,4,False,phantom,rifle,,,,PROFEK,Team Vitality,astra,False,,50,0,0,0,7,True,phantom,rifle,,,
2896.127,5767,POST_ROUND,19,11,10,,,0.968,s0pp,FUT Esports,chamber,False,,50,0,0,0,2,False,unknown,unknown,,,,xeus,FUT Esports,jett,True,82,14,0,0,0,3,False,vandal,rifle,,0.8544,0.2233,sociablEE,FUT Esports,fade,False,,25,0,0,0,0,False,guardian,rifle,,,,yetujey,FUT Esports,astra,True,100,50,0,0,0,3,False,phantom,rifle,,0.6200,0.6367,KROSTALY,FUT Esports,kayo,True,100,50,0,0,0,4,False,vandal,rifle,,0.8911,0.4867,Chronicle,Team Vitality,chamber,False,,7,0,0,0,5,False,unknown,unknown,,,,Derke,Team Vitality,neon,False,,50,1,1,1,7,True,operator,sniper,,0.3444,0.4044,Jamppi,Team Vitality,kayo,False,,50,0,1,0,3,False,phantom,rifle,,,,Sayonara,Team Vitality,sova,False,,50,1,1,1,4,False,phantom,rifle,,,,PROFEK,Team Vitality,astra,False,,50,0,0,0,7,True,phantom,rifle,,,
2896.610,5768,POST_ROUND,19,11,10,,,1.451,s0pp,FUT Esports,chamber,False,,50,0,0,0,2,False,unknown,unknown,,,,xeus,FUT Esports,jett,True,82,14,0,0,0,4,False,vandal,rifle,,0.8544,0.2233,sociablEE,FUT Esports,fade,False,,25,0,0,0,0,False,guardian,rifle,,,,yetujey,FUT Esports,astra,True,100,50,0,0,0,3,False,phantom,rifle,,0.6200,0.6367,KROSTALY,FUT Esports,kayo,True,100,50,0,0,0,4,False,vandal,rifle,,0.8911,0.4867,Chronicle,Team Vitality,chamber,False,,7,0,0,0,5,False,unknown,unknown,,,,Derke,Team Vitality,neon,False,,50,1,1,1,7,True,operator,sniper,,0.3444,0.4044,Jamppi,Team Vitality,kayo,False,,50,0,1,0,3,False,phantom,rifle,,,,Sayonara,Team Vitality,sova,False,,50,1,1,1,4,False,phantom,rifle,,,,PROFEK,Team Vitality,astra,False,,50,0,0,0,7,True,phantom,rifle,,,
2897.094,5769,POST_ROUND,19,11,10,,,1.935,s0pp,FUT Esports,chamber,False,,50,0,0,0,2,False,unknown,unknown,,,,xeus,FUT Esports,jett,True,82,14,0,0,0,4,False,vandal,rifle,,0.8544,0.2233,sociablEE,FUT Esports,fade,False,,25,0,0,0,0,False,guardian,rifle,,,,yetujey,FUT Esports,astra,True,100,50,0,0,0,3,False,phantom,rifle,,0.6200,0.6367,KROSTALY,FUT Esports,kayo,True,100,50,0,0,0,4,False,vandal,rifle,,0.8911,0.4867,Chronicle,Team Vitality,chamber,False,,7,0,0,0,5,False,unknown,unknown,,,,Derke,Team Vitality,neon,False,,50,1,1,1,7,True,operator,sniper,,0.3444,0.4044,Jamppi,Team Vitality,kayo,False,,50,0,1,0,3,False,phantom,rifle,,,,Sayonara,Team Vitality,sova,False,,50,1,1,1,4,False,phantom,rifle,,,,PROFEK,Team Vitality,astra,False,,50,0,0,0,7,True,phantom,rifle,,,
2897.578,5770,POST_ROUND,19,11,10,,,2.419,s0pp,FUT Esports,chamber,False,,50,0,0,0,2,False,unknown,unknown,,,,xeus,FUT Esports,jett,True,82,14,0,0,0,4,False,vandal,rifle,,0.8544,0.2233,sociablEE,FUT Esports,fade,False,,25,0,0,0,0,False,guardian,rifle,,,,yetujey,FUT Esports,astra,True,100,50,0,0,0,3,False,phantom,rifle,,0.6200,0.6367,KROSTALY,FUT Esports,kayo,True,100,50,0,0,0,4,False,vandal,rifle,,0.8911,0.4867,Chronicle,Team Vitality,chamber,False,,7,0,0,0,5,False,unknown,unknown,,,,Derke,Team Vitality,neon,False,,50,1,1,1,7,True,operator,sniper,,0.3444,0.4044,Jamppi,Team Vitality,kayo,False,,50,0,1,0,3,False,phantom,rifle,,,,Sayonara,Team Vitality,sova,False,,50,1,1,1,4,False,phantom,rifle,,,,PROFEK,Team Vitality,astra,False,,50,0,0,0,7,True,phantom,rifle,,,
2898.062,5771,POST_ROUND,19,11,10,,,2.903,s0pp,FUT Esports,chamber,False,,50,0,0,0,2,False,unknown,unknown,,,,xeus,FUT Esports,jett,True,82,14,0,0,0,4,False,vandal,rifle,,0.8544,0.2233,sociablEE,FUT Esports,fade,False,,25,0,0,0,0,False,guardian,rifle,,,,yetujey,FUT Esports,astra,True,100,50,0,0,0,3,False,phantom,rifle,,0.6200,0.6367,KROSTALY,FUT Esports,kayo,True,100,50,0,0,0,4,False,vandal,rifle,,0.8911,0.4867,Chronicle,Team Vitality,chamber,False,,7,0,0,0,5,False,unknown,unknown,,,,Derke,Team Vitality,neon,False,,50,1,1,1,7,True,operator,sniper,,0.3444,0.4044,Jamppi,Team Vitality,kayo,False,,50,0,1,0,3,False,phantom,rifle,,,,Sayonara,Team Vitality,sova,False,,50,1,1,1,4,False,phantom,rifle,,,,PROFEK,Team Vitality,astra,False,,50,0,0,0,7,True,phantom,rifle,,,
2898.546,5772,POST_ROUND,19,11,10,,,3.387,s0pp,FUT Esports,chamber,False,,50,0,0,0,2,False,unknown,unknown,,,,xeus,FUT Esports,jett,True,82,14,0,0,0,4,False,operator,sniper,,0.8544,0.2233,sociablEE,FUT Esports,fade,False,,25,0,0,0,0,False,guardian,rifle,,,,yetujey,FUT Esports,astra,True,100,50,0,0,0,3,False,phantom,rifle,,0.6200,0.6367,KROSTALY,FUT Esports,kayo,True,100,50,0,0,0,4,False,vandal,rifle,,0.8911,0.4867,Chronicle,Team Vitality,chamber,False,,7,0,0,0,5,False,unknown,unknown,,,,Derke,Team Vitality,neon,False,,50,1,1,1,7,True,operator,sniper,,0.3444,0.4044,Jamppi,Team Vitality,kayo,False,,50,0,1,0,3,False,phantom,rifle,,,,Sayonara,Team Vitality,sova,False,,50,1,1,1,4,False,phantom,rifle,,,,PROFEK,Team Vitality,astra,False,,50,0,0,0,7,True,phantom,rifle,,,
2899.029,5773,POST_ROUND,19,11,10,,,3.871,s0pp,FUT Esports,chamber,False,,50,0,0,0,2,False,unknown,unknown,,,,xeus,FUT Esports,jett,True,82,14,0,0,0,4,False,operator,sniper,,0.8544,0.2233,sociablEE,FUT Esports,fade,False,,25,0,0,0,0,False,guardian,rifle,,,,yetujey,FUT Esports,astra,True,100,50,0,0,0,3,False,phantom,rifle,,0.6200,0.6367,KROSTALY,FUT Esports,kayo,True,100,50,0,0,0,4,False,vandal,rifle,,0.8911,0.4867,Chronicle,Team Vitality,chamber,False,,7,0,0,0,5,False,unknown,unknown,,,,Derke,Team Vitality,neon,False,,50,1,1,1,7,True,operator,sniper,,0.3444,0.4044,Jamppi,Team Vitality,kayo,False,,50,0,1,0,3,False,phantom,rifle,,,,Sayonara,Team Vitality,sova,False,,50,1,1,1,4,False,phantom,rifle,,,,PROFEK,Team Vitality,astra,False,,50,0,0,0,7,True,phantom,rifle,,,
2899.513,5774,POST_ROUND,19,11,10,,,4.354,s0pp,FUT Esports,chamber,False,,50,0,0,0,2,False,unknown,unknown,,,,xeus,FUT Esports,jett,True,82,14,0,0,0,4,False,operator,sniper,,0.8544,0.2233,sociablEE,FUT Esports,fade,False,,25,0,0,0,0,False,guardian,rifle,,,,yetujey,FUT Esports,astra,True,100,50,0,0,0,3,False,phantom,rifle,,0.6200,0.6367,KROSTALY,FUT Esports,kayo,True,100,50,0,0,0,4,False,vandal,rifle,,0.8911,0.4867,Chronicle,Team Vitality,chamber,False,,7,0,0,0,5,False,unknown,unknown,,,,Derke,Team Vitality,neon,False,,50,1,1,1,7,True,operator,sniper,,0.3444,0.4044,Jamppi,Team Vitality,kayo,False,,50,0,1,0,3,False,phantom,rifle,,,,Sayonara,Team Vitality,sova,False,,50,1,1,1,4,False,phantom,rifle,,,,PROFEK,Team Vitality,astra,False,,50,0,0,0,7,True,phantom,rifle,,,
2899.997,5775,POST_ROUND,19,11,10,,,4.838,s0pp,FUT Esports,chamber,False,,50,0,0,0,2,False,unknown,unknown,,,,xeus,FUT Esports,jett,True,82,14,0,0,0,4,False,operator,sniper,,0.8544,0.2233,sociablEE,FUT Esports,fade,False,,25,0,0,0,0,False,guardian,rifle,,,,yetujey,FUT Esports,astra,True,100,50,0,0,0,3,False,phantom,rifle,,0.6200,0.6367,KROSTALY,FUT Esports,kayo,True,100,50,0,0,0,4,False,vandal,rifle,,0.8911,0.4867,Chronicle,Team Vitality,chamber,False,,7,0,0,0,5,False,unknown,unknown,,,,Derke,Team Vitality,neon,False,,50,1,1,1,7,True,operator,sniper,,0.3444,0.4044,Jamppi,Team Vitality,kayo,False,,50,0,1,0,3,False,phantom,rifle,,,,Sayonara,Team Vitality,sova,False,,50,1,1,1,4,False,phantom,rifle,,,,PROFEK,Team Vitality,astra,False,,50,0,0,0,7,True,phantom,rifle,,,
2927.575,5832,PREROUND,20,11,10,,,,s0pp,FUT Esports,chamber,True,,,0,8,1,2,False,,,,,,xeus,FUT Esports,jett,True,,,2,1,1,4,False,,,,,,sociablEE,FUT Esports,fade,True,,,2,1,1,1,False,,,,,,yetujey,FUT Esports,astra,True,,,1,3,1,3,False,,,,,,KROSTALY,FUT Esports,kayo,True,,,1,2,1,4,False,,,,,,Chronicle,Team Vitality,chamber,True,,,0,5,1,6,False,,,,,,Derke,Team Vitality,neon,True,,,1,1,1,7,True,,,,,,Jamppi,Team Vitality,kayo,True,,,1,2,1,4,False,,,,,,Sayonara,Team Vitality,sova,True,,,1,2,1,5,False,,,,,,PROFEK,Team Vitality,astra,True,,,2,4,1,7,True,,,,,
2928.058,5833,PREROUND,20,11,10,,,,s0pp,FUT Esports,chamber,True,,,0,8,1,2,False,,,,,,xeus,FUT Esports,jett,True,,,2,1,1,4,False,,,,,,sociablEE,FUT Esports,fade,True,,,2,1,1,1,False,,,,,,yetujey,FUT Esports,astra,True,,,1,3,1,3,False,,,,,,KROSTALY,FUT Esports,kayo,True,,,1,2,1,4,False,,,,,,Chronicle,Team Vitality,chamber,True,,,0,5,1,6,False,,,,,,Derke,Team Vitality,neon,True,,,1,1,1,7,True,,,,,,Jamppi,Team Vitality,kayo,True,,,1,2,1,4,False,,,,,,Sayonara,Team Vitality,sova,True,,,1,2,1,5,False,,,,,,PROFEK,Team Vitality,astra,True,,,2,2,1,7,True,,,,,
2928.542,5834,PREROUND,20,11,10,,,,s0pp,FUT Esports,chamber,True,,,0,8,1,2,False,,,,,,xeus,FUT Esports,jett,True,,,2,1,1,4,False,,,,,,sociablEE,FUT Esports,fade,True,,,2,1,1,1,False,,,,,,yetujey,FUT Esports,astra,True,,,1,3,1,3,False,,,,,,KROSTALY,FUT Esports,kayo,True,,,1,2,1,4,False,,,,,,Chronicle,Team Vitality,chamber,True,,,0,5,1,6,False,,,,,,Derke,Team Vitality,neon,True,,,1,1,1,7,True,,,,,,Jamppi,Team Vitality,kayo,True,,,1,2,1,4,False,,,,,,Sayonara,Team Vitality,sova,True,,,1,2,1,5,False,,,,,,PROFEK,Team Vitality,astra,True,,,1,2,1,7,True,,,,,
2929.026,5835,PREROUND,20,11,10,,,,s0pp,FUT Esports,chamber,True,,,0,8,1,2,False,,,,,,xeus,FUT Esports,jett,True,,,2,1,1,4,False,,,,,,sociablEE,FUT Esports,fade,True,,,2,1,1,1,False,,,,,,yetujey,FUT Esports,astra,True,,,1,3,1,3,False,,,,,,KROSTALY,FUT Esports,kayo,True,,,1,2,1,4,False,,,,,,Chronicle,Team Vitality,chamber,True,,,0,5,1,6,False,,,,,,Derke,Team Vitality,neon,True,,,1,1,1,7,True,,,,,,Jamppi,Team Vitality,kayo,True,,,1,2,1,4,False,,,,,,Sayonara,Team Vitality,sova,True,,,1,2,1,5,False,,,,,,PROFEK,Team Vitality,astra,True,,,1,2,1,7,True,,,,,
2929.510,5836,PREROUND,20,11,10,,,,s0pp,FUT Esports,chamber,True,,,0,8,1,2,False,,,,,,xeus,FUT Esports,jett,True,,,2,1,1,4,False,,,,,,sociablEE,FUT Esports,fade,True,,,2,1,1,1,False,,,,,,yetujey,FUT Esports,astra,True,,,1,3,1,3,False,,,,,,KROSTALY,FUT Esports,kayo,True,,,1,2,1,4,False,,,,,,Chronicle,Team Vitality,chamber,True,,,0,5,1,6,False,,,,,,Derke,Team Vitality,neon,True,,,1,1,1,7,True,,,,,,Jamppi,Team Vitality,kayo,True,,,1,2,1,4,False,,,,,,Sayonara,Team Vitality,sova,True,,,1,2,1,5,False,,,,,,PROFEK,Team Vitality,astra,True,,,1,2,1,7,True,,,,,
2929.994,5837,PREROUND,20,11,10,,,,s0pp,FUT Esports,chamber,True,,,0,8,1,2,False,,,,,,xeus,FUT Esports,jett,True,,,2,1,1,4,False,,,,,,sociablEE,FUT Esports,fade,True,,,2,1,1,1,False,,,,,,yetujey,FUT Esports,astra,True,,,1,3,1,3,False,,,,,,KROSTALY,FUT Esports,kayo,True,,,1,2,1,4,False,,,,,,Chronicle,Team Vitality,chamber,True,,,0,5,1,6,False,,,,,,Derke,Team Vitality,neon,True,,,1,1,1,7,True,,,,,,Jamppi,Team Vitality,kayo,True,,,1,2,1,4,False,,,,,,Sayonara,Team Vitality,sova,True,,,1,2,1,5,False,,,,,,PROFEK,Team Vitality,astra,True,,,2,2,1,7,True,,,,,
2930.478,5838,PREROUND,20,11,10,,,,s0pp,FUT Esports,chamber,True,,,0,8,1,2,False,,,,,,xeus,FUT Esports,jett,True,,,2,1,1,4,False,,,,,,sociablEE,FUT Esports,fade,True,,,2,1,1,1,False,,,,,,yetujey,FUT Esports,astra,True,,,1,3,1,3,False,,,,,,KROSTALY,FUT Esports,kayo,True,,,1,2,1,4,False,,,,,,Chronicle,Team Vitality,chamber,True,,,0,5,1,6,False,,,,,,Derke,Team Vitality,neon,True,,,1,1,1,7,True,,,,,,Jamppi,Team Vitality,kayo,True,,,1,2,1,4,False,,,,,,Sayonara,Team Vitality,sova,True,,,1,2,1,5,False,,,,,,PROFEK,Team Vitality,astra,True,,,2,2,1,7,True,,,,,
2930.961,5839,PREROUND,20,11,10,,,,s0pp,FUT Esports,chamber,True,,,0,8,1,2,False,,,,,,xeus,FUT Esports,jett,True,,,2,1,1,4,False,,,,,,sociablEE,FUT Esports,fade,True,,,2,1,1,1,False,,,,,,yetujey,FUT Esports,astra,True,,,1,3,1,3,False,,,,,,KROSTALY,FUT Esports,kayo,True,,,1,2,1,4,False,,,,,,Chronicle,Team Vitality,chamber,True,,,0,5,1,6,False,,,,,,Derke,Team Vitality,neon,True,,,1,1,1,7,True,,,,,,Jamppi,Team Vitality,kayo,True,,,1,2,1,4,False,,,,,,Sayonara,Team Vitality,sova,True,,,1,2,1,5,False,,,,,,PROFEK,Team Vitality,astra,True,,,2,2,1,7,True,,,,,
2931.445,5840,PREROUND,20,11,10,,,,s0pp,FUT Esports,chamber,True,,,0,8,1,2,False,,,,,,xeus,FUT Esports,jett,True,,,2,1,1,4,False,,,,,,sociablEE,FUT Esports,fade,True,,,2,1,1,1,False,,,,,,yetujey,FUT Esports,astra,True,,,1,3,1,3,False,,,,,,KROSTALY,FUT Esports,kayo,True,,,1,2,1,4,False,,,,,,Chronicle,Team Vitality,chamber,True,,,0,5,1,6,False,,,,,,Derke,Team Vitality,neon,True,,,1,1,1,7,True,,,,,,Jamppi,Team Vitality,kayo,True,,,1,2,1,4,False,,,,,,Sayonara,Team Vitality,sova,True,,,1,2,1,5,False,,,,,,PROFEK,Team Vitality,astra,True,,,2,2,1,7,True,,,,,
2931.929,5841,PREROUND,20,11,10,,,,s0pp,FUT Esports,chamber,True,,,0,8,1,2,False,,,,,,xeus,FUT Esports,jett,True,,,2,1,1,4,False,,,,,,sociablEE,FUT Esports,fade,True,,,2,1,1,1,False,,,,,,yetujey,FUT Esports,astra,True,,,1,3,1,3,False,,,,,,KROSTALY,FUT Esports,kayo,True,,,1,2,1,4,False,,,,,,Chronicle,Team Vitality,chamber,True,,,0,5,1,6,False,,,,,,Derke,Team Vitality,neon,True,,,1,1,1,7,True,,,,,,Jamppi,Team Vitality,kayo,True,,,1,2,1,4,False,,,,,,Sayonara,Team Vitality,sova,True,,,1,2,1,5,False,,,,,,PROFEK,Team Vitality,astra,True,,,1,2,1,7,True,,,,,
2932.413,5842,ACTIVE_ROUND,20,11,10,99.000,,,s0pp,FUT Esports,chamber,True,100,50,0,8,1,2,False,,,,,,xeus,FUT Esports,jett,True,100,50,2,1,1,4,False,,,,0.9211,0.4722,sociablEE,FUT Esports,fade,True,100,50,2,1,1,1,False,,,,,,yetujey,FUT Esports,astra,True,100,50,1,3,1,3,False,,,,0.6311,0.7900,KROSTALY,FUT Esports,kayo,True,100,50,1,2,1,4,False,,,,0.7422,0.6511,Chronicle,Team Vitality,chamber,True,100,25,0,5,1,6,False,,,,0.5111,0.4978,Derke,Team Vitality,neon,True,100,50,1,1,1,7,True,,,,,,Jamppi,Team Vitality,kayo,True,100,50,1,2,1,4,False,,,,0.6811,0.4211,Sayonara,Team Vitality,sova,True,100,50,1,2,1,5,False,,,,0.7278,0.3511,PROFEK,Team Vitality,astra,True,100,50,1,2,1,7,True,,,,0.2933,0.4122
2932.897,5843,ACTIVE_ROUND,20,11,10,98.000,,,s0pp,FUT Esports,chamber,True,100,50,0,8,1,2,False,,,,,,xeus,FUT Esports,jett,True,100,50,2,1,1,4,False,,,,0.7611,0.6100,sociablEE,FUT Esports,fade,True,100,50,2,1,1,1,False,,,,,,yetujey,FUT Esports,astra,True,100,50,1,3,1,3,False,,,,0.6311,0.7900,KROSTALY,FUT Esports,kayo,True,100,50,1,2,1,4,False,,,,0.7511,0.6467,Chronicle,Team Vitality,chamber,True,100,25,0,5,1,6,False,,,,0.5289,0.5044,Derke,Team Vitality,neon,True,100,50,1,1,1,7,True,,,,,,Jamppi,Team Vitality,kayo,True,100,50,1,2,1,4,False,,,,0.6856,0.4344,Sayonara,Team Vitality,sova,True,100,50,1,2,1,5,False,,,,0.7278,0.3511,PROFEK,Team Vitality,astra,True,100,50,1,2,1,7,True,,,,0.2911,0.4122
2933.380,5844,ACTIVE_ROUND,20,11,10,98.000,,,s0pp,FUT Esports,chamber,True,100,50,0,8,1,2,False,operator,sniper,,,,xeus,FUT Esports,jett,True,100,50,2,1,1,4,False,vandal,rifle,,0.7589,0.6078,sociablEE,FUT Esports,fade,True,100,50,2,1,1,1,False,phantom,rifle,,,,yetujey,FUT Esports,astra,True,100,50,1,2,1,3,False,phantom,rifle,,0.6333,0.7900,KROSTALY,FUT Esports,kayo,True,100,50,1,1,1,4,False,vandal,rifle,,0.7600,0.6400,Chronicle,Team Vitality,chamber,True,100,25,0,5,1,6,False,operator,sniper,,0.5289,0.5044,Derke,Team Vitality,neon,True,100,50,1,1,1,7,True,vandal,rifle,,,,Jamppi,Team Vitality,kayo,True,100,50,1,1,1,4,False,vandal,rifle,,0.6967,0.4478,Sayonara,Team Vitality,sova,True,100,50,1,2,1,5,False,phantom,rifle,,0.7300,0.3511,PROFEK,Team Vitality,astra,True,100,50,1,1,0,7,True,vandal,rifle,,0.2911,0.4100
2933.864,5845,ACTIVE_ROUND,20,11,10,97.000,,,s0pp,FUT Esports,chamber,True,100,50,0,8,1,2,False,operator,sniper,,0.7344,0.6356,xeus,FUT Esports,jett,True,100,50,2,1,1,4,False,vandal,rifle,,0.8633,0.4944,sociablEE,FUT Esports,fade,True,100,50,2,1,1,1,False,phantom,rifle,,,,yetujey,FUT Esports,astra,True,100,50,1,2,1,3,False,phantom,rifle,,0.6333,0.7900,KROSTALY,FUT Esports,kayo,True,100,50,1,1,1,4,False,vandal,rifle,,0.7600,0.6400,Chronicle,Team Vitality,chamber,True,100,25,0,5,1,6,False,operator,sniper,,0.5289,0.5044,Derke,Team Vitality,neon,True,100,50,1,1,1,7,True,vandal,rifle,,,,Jamppi,Team Vitality,kayo,True,100,50,1,1,1,4,False,vandal,rifle,,0.2833,0.3922,Sayonara,Team Vitality,sova,True,100,50,1,2,1,5,False,phantom,rifle,,0.3233,0.4000,PROFEK,Team Vitality,astra,True,100,50,1,1,0,7,True,vandal,rifle,,0.2911,0.4100
2934.348,5846,ACTIVE_ROUND,20,11,10,97.000,,,s0pp,FUT Esports,chamber,True,100,50,0,8,1,2,False,operator,sniper,,0.7344,0.6356,xeus,FUT Esports,jett,True,100,50,2,1,1,4,False,vandal,rifle,,0.9367,0.5678,sociablEE,FUT Esports,fade,True,100,50,2,1,1,1,False,phantom,rifle,,,,yetujey,FUT Esports,astra,True,100,50,1,2,1,3,False,phantom,rifle,,0.6200,0.7989,KROSTALY,FUT Esports,kayo,True,100,50,1,1,1,4,False,vandal,rifle,,0.7800,0.6289,Chronicle,Team Vitality,chamber,True,100,25,0,5,1,6,False,operator,sniper,,0.5289,0.5044,Derke,Team Vitality,neon,True,100,50,1,1,1,7,True,vandal,rifle,,,,Jamppi,Team Vitality,kayo,True,100,50,1,1,1,4,False,vandal,rifle,,0.2944,0.3989,Sayonara,Team Vitality,sova,True,100,50,1,2,1,5,False,phantom,rifle,,0.3233,0.3911,PROFEK,Team Vitality,astra,True,100,50,1,1,0,7,True,vandal,rifle,,0.2911,0.4100
2934.832,5847,ACTIVE_ROUND,20,11,10,96.000,,,s0pp,FUT Esports,chamber,True,100,50,0,8,1,2,False,operator,sniper,,0.8744,0.6022,xeus,FUT Esports,jett,True,100,50,2,1,1,4,False,vandal,rifle,,0.9389,0.5633,sociablEE,FUT Esports,fade,True,100,50,2,1,1,1,False,phantom,rifle,,,,yetujey,FUT Esports,astra,True,100,50,1,2,1,3,False,phantom,rifle,,0.6022,0.8122,KROSTALY,FUT Esports,kayo,True,100,50,1,1,1,4,False,vandal,rifle,,0.7800,0.6289,Chronicle,Team Vitality,chamber,True,100,25,0,5,1,6,False,operator,sniper,,0.5289,0.5044,Derke,Team Vitality,neon,True,100,50,1,1,1,7,True,vandal,rifle,,,,Jamppi,Team Vitality,kayo,True,100,50,1,1,1,4,False,vandal,rifle,,0.7100,0.4589,Sayonara,Team Vitality,sova,True,100,50,1,2,1,5,False,phantom,rifle,,0.3278,0.4000,PROFEK,Team Vitality,astra,True,100,50,1,1,0,7,True,vandal,rifle,,0.6733,0.4744
2935.316,5848,ACTIVE_ROUND,20,11,10,96.000,,,s0pp,FUT Esports,chamber,True,89,26,0,8,1,2,False,operator,sniper,,0.8789,0.6111,xeus,FUT Esports,jett,True,100,50,1,1,0,4,False,vandal,rifle,,0.9389,0.5633,sociablEE,FUT Esports,fade,True,100,50,2,1,0,1,False,phantom,rifle,,,,yetujey,FUT Esports,astra,True,100,50,1,0,0,3,False,phantom,rifle,,0.5822,0.8122,KROSTALY,FUT Esports,kayo,True,100,50,1,1,1,4,False,vandal,rifle,,0.7800,0.6289,Chronicle,Team Vitality,chamber,True,100,25,0,5,1,6,False,operator,sniper,,0.5289,0.5044,Derke,Team Vitality,neon,True,100,50,1,0,0,7,True,vandal,rifle,,,,Jamppi,Team Vitality,kayo,True,100,50,1,1,1,4,False,vandal,rifle,,0.7033,0.4411,Sayonara,Team Vitality,sova,True,100,50,1,2,0,5,False,classic,sidearm,,0.8144,0.3689,PROFEK,Team Vitality,astra,True,100,50,1,1,0,7,True,vandal,rifle,,0.6733,0.4744
2935.800,5849,ACTIVE_ROUND,20,11,10,95.000,,,s0pp,FUT Esports,chamber,True,89,26,0,8,1,2,False,operator,sniper,,0.7900,0.6244,xeus,FUT Esports,jett,True,100,50,1,1,0,4,False,vandal,rifle,,0.9367,0.5633,sociablEE,FUT Esports,fade,True,100,50,2,1,0,1,False,phantom,rifle,,,,yetujey,FUT Esports,astra,True,100,50,1,0,0,3,False,phantom,rifle,,0.5711,0.8056,KROSTALY,FUT Esports,kayo,True,100,50,1,1,1,4,False,vandal,rifle,,0.7800,0.6289,Chronicle,Team Vitality,chamber,True,100,25,0,5,1,6,False,operator,sniper,,0.5289,0.5044,Derke,Team Vitality,neon,True,100,50,1,0,0,7,True,vandal,rifle,,,,Jamppi,Team Vitality,kayo,True,100,50,1,1,1,4,False,vandal,rifle,,0.6944,0.4256,Sayonara,Team Vitality,sova,True,100,50,1,2,0,5,False,classic,sidearm,,0.8389,0.3822,PROFEK,Team Vitality,astra,True,100,50,1,1,0,7,True,vandal,rifle,,0.6733,0.4744
2936.283,5850,ACTIVE_ROUND,20,11,10,95.000,,,s0pp,FUT Esports,chamber,True,89,26,0,8,1,2,False,operator,sniper,,0.7900,0.6244,xeus,FUT Esports,jett,True,100,50,1,1,0,4,False,vandal,rifle,,0.9389,0.5633,sociablEE,FUT Esports,fade,True,100,50,2,1,0,1,False,phantom,rifle,,,,yetujey,FUT Esports,astra,True,100,50,1,0,0,3,False,phantom,rifle,,0.5578,0.8033,KROSTALY,FUT Esports,kayo,True,100,50,1,1,1,4,False,vandal,rifle,,0.7800,0.6289,Chronicle,Team Vitality,chamber,True,100,25,0,5,1,6,False,operator,sniper,,0.5289,0.5044,Derke,Team Vitality,neon,False,,50,1,0,0,7,True,vandal,rifle,,,,Jamppi,Team Vitality,kayo,True,100,50,1,1,1,4,False,vandal,rifle,,0.6922,0.4078,Sayonara,Team Vitality,sova,True,100,50,1,2,0,5,False,classic,sidearm,,0.3411,0.3689,PROFEK,Team Vitality,astra,True,100,50,1,1,0,7,True,vandal,rifle,,0.6733,0.4744
2936.767,5851,ACTIVE_ROUND,20,11,10,94.000,,,s0pp,FUT Esports,chamber,True,89,26,0,8,1,2,False,operator,sniper,,0.7900,0.6244,xeus,FUT Esports,jett,True,100,50,1,1,0,4,False,vandal,rifle,,0.9456,0.5589,sociablEE,FUT Esports,fade,True,100,50,2,1,0,1,False,phantom,rifle,,,,yetujey,FUT Esports,astra,True,100,50,1,0,0,3,False,phantom,rifle,,0.5444,0.8078,KROSTALY,FUT Esports,kayo,True,100,50,1,1,1,4,False,vandal,rifle,,0.7933,0.6489,Chronicle,Team Vitality,chamber,True,100,25,0,5,1,6,False,operator,sniper,,0.5289,0.5044,Derke,Team Vitality,neon,False,,50,1,0,0,7,True,vandal,rifle,,,,Jamppi,Team Vitality,kayo,True,100,50,1,1,1,4,False,vandal,rifle,,0.6967,0.3900,Sayonara,Team Vitality,sova,True,100,50,1,2,0,5,False,classic,sidearm,,0.7256,0.3711,PROFEK,Team Vitality,astra,True,100,50,1,1,0,7,True,vandal,rifle,,0.6733,0.4744
2937.251,5852,ACTIVE_ROUND,20,11,10,94.000,,,s0pp,FUT Esports,chamber,True,89,26,0,7,0,2,False,operator,sniper,,0.7900,0.6244,xeus,FUT Esports,jett,True,100,50,0,1,0,5,False,vandal,rifle,,0.9500,0.5589,sociablEE,FUT Esports,fade,True,100,50,2,1,0,1,False,phantom,rifle,,,,yetujey,FUT Esports,astra,True,100,50,1,0,0,3,False,phantom,rifle,,0.5444,0.8078,KROSTALY,FUT Esports,kayo,True,100,50,1,1,1,4,False,vandal,rifle,,0.7933,0.6489,Chronicle,Team Vitality,chamber,True,100,25,0,5,1,6,False,operator,sniper,,0.5289,0.5044,Derke,Team Vitality,neon,False,,50,1,0,0,7,True,vandal,rifle,,,,Jamppi,Team Vitality,kayo,True,100,50,1,1,1,4,False,vandal,rifle,,0.7100,0.3744,Sayonara,Team Vitality,sova,True,100,50,1,2,0,5,False,classic,sidearm,,0.3856,0.3511,PROFEK,Team Vitality,astra,True,100,50,1,1,0,7,True,vandal,rifle,,0.3489,0.3611
2937.735,5853,ACTIVE_ROUND,20,11,10,93.000,,,s0pp,FUT Esports,chamber,True,89,26,0,7,0,2,False,operator,sniper,,0.8033,0.6156,xeus,FUT Esports,jett,True,100,50,0,1,0,5,False,vandal,rifle,,0.9433,0.5611,sociablEE,FUT Esports,fade,True,100,50,2,1,0,1,False,phantom,rifle,,,,yetujey,FUT Esports,astra,True,100,50,1,0,0,3,False,phantom,rifle,,0.5444,0.8078,KROSTALY,FUT Esports,kayo,True,100,50,1,1,1,4,False,vandal,rifle,,0.7711,0.6378,Chronicle,Team Vitality,chamber,True,100,25,0,5,1,6,False,operator,sniper,,0.5289,0.5044,Derke,Team Vitality,neon,False,,50,1,0,0,7,True,vandal,rifle,,,,Jamppi,Team Vitality,kayo,True,100,50,1,1,1,4,False,vandal,rifle,,0.7300,0.3633,Sayonara,Team Vitality,sova,True,100,50,1,2,0,5,False,classic,sidearm,,0.3856,0.3489,PROFEK,Team Vitality,astra,True,100,50,1,1,0,7,True,vandal,rifle,,0.3489,0.3611
2938.219,5854,ACTIVE_ROUND,20,11,10,93.000,,,s0pp,FUT Esports,chamber,True,89,26,0,7,0,2,False,operator,sniper,,0.8033,0.6156,xeus,FUT Esports,jett,True,100,50,0,1,0,5,False,vandal,rifle,,0.9433,0.5567,sociablEE,FUT Esports,fade,True,100,50,2,1,0,1,False,phantom,rifle,,,,yetujey,FUT Esports,astra,True,100,50,1,0,0,3,False,phantom,rifle,,0.5444,0.8078,KROSTALY,FUT Esports,kayo,True,100,50,1,1,1,4,False,vandal,rifle,,0.7711,0.6378,Chronicle,Team Vitality,chamber,True,100,25,0,5,1,6,False,operator,sniper,,0.5289,0.5044,Derke,Team Vitality,neon,False,,50,1,0,0,7,True,vandal,rifle,,,,Jamppi,Team Vitality,kayo,True,100,50,1,1,1,4,False,vandal,rifle,,0.7500,0.3633,Sayonara,Team Vitality,sova,True,100,50,1,2,0,5,False,classic,sidearm,,0.3856,0.3489,PROFEK,Team Vitality,astra,True,100,50,1,1,0,7,True,vandal,rifle,,0.3489,0.3611
2938.702,5855,ACTIVE_ROUND,20,11,10,93.000,,,s0pp,FUT Esports,chamber,True,89,26,0,7,0,2,False,operator,sniper,,0.8233,0.6178,xeus,FUT Esports,jett,True,100,50,0,1,0,5,False,vandal,rifle,,0.7544,0.1900,sociablEE,FUT Esports,fade,True,100,50,2,1,0,1,False,phantom,rifle,,,,yetujey,FUT Esports,astra,True,100,50,1,0,0,3,False,phantom,rifle,,0.5444,0.8078,KROSTALY,FUT Esports,kayo,True,100,50,1,1,1,4,False,vandal,rifle,,0.7711,0.6378,Chronicle,Team Vitality,chamber,True,100,25,0,5,1,6,False,operator,sniper,,0.5289,0.5044,Derke,Team Vitality,neon,False,,50,1,0,0,7,True,vandal,rifle,,,,Jamppi,Team Vitality,kayo,True,100,50,1,1,1,4,False,vandal,rifle,,0.7633,0.3656,Sayonara,Team Vitality,sova,True,100,50,1,2,0,5,False,classic,sidearm,,0.8967,0.3067,PROFEK,Team Vitality,astra,True,100,50,1,1,0,7,True,vandal,rifle,,0.3644,0.3611
2939.186,5856,ACTIVE_ROUND,20,11,10,92.000,,,s0pp,FUT Esports,chamber,True,89,26,0,7,0,2,False,operator,sniper,,0.8300,0.6178,xeus,FUT Esports,jett,True,100,50,0,1,0,5,False,vandal,rifle,,0.5967,0.0944,sociablEE,FUT Esports,fade,True,100,50,2,1,0,1,False,phantom,rifle,,0.7889,0.6133,yetujey,FUT Esports,astra,True,100,50,1,0,0,3,False,phantom,rifle,,0.5444,0.8078,KROSTALY,FUT Esports,kayo,True,100,50,1,1,1,4,False,vandal,rifle,,0.7711,0.6378,Chronicle,Team Vitality,chamber,True,100,25,0,5,1,6,False,operator,sniper,,0.5289,0.5044,Derke,Team Vitality,neon,False,,50,1,0,0,7,True,vandal,rifle,,,,Jamppi,Team Vitality,kayo,True,100,50,1,1,1,4,False,vandal,rifle,,0.7656,0.3678,Sayonara,Team Vitality,sova,True,100,50,1,2,0,5,False,phantom,rifle,,0.8033,0.3578,PROFEK,Team Vitality,astra,True,100,50,0,0,0,7,True,vandal,rifle,,0.3822,0.3522
2939.670,5857,ACTIVE_ROUND,20,11,10,92.000,,,s0pp,FUT Esports,chamber,True,89,26,0,7,0,2,False,operator,sniper,,0.8322,0.6156,xeus,FUT Esports,jett,True,100,50,0,1,0,5,False,vandal,rifle,,0.5211,0.8367,sociablEE,FUT Esports,fade,True,100,50,2,1,0,1,False,phantom,rifle,,0.8044,0.5978,yetujey,FUT Esports,astra,True,100,50,1,0,0,3,False,phantom,rifle,,0.5444,0.8078,KROSTALY,FUT Esports,kayo,True,100,50,1,1,1,4,False,vandal,rifle,,0.7511,0.6244,Chronicle,Team Vitality,chamber,True,100,25,0,5,1,6,False,operator,sniper,,0.5289,0.5044,Derke,Team Vitality,neon,False,,50,1,0,0,7,True,vandal,rifle,,,,Jamppi,Team Vitality,kayo,True,100,50,1,1,1,4,False,vandal,rifle,,0.7544,0.3700,Sayonara,Team Vitality,sova,True,100,50,1,2,0,5,False,phantom,rifle,,0.8922,0.2444,PROFEK,Team Vitality,astra,True,100,50,0,0,0,7,True,vandal,rifle,,0.3822,0.3522
2940.154,5858,ACTIVE_ROUND,20,11,10,91.000,,,s0pp,FUT Esports,chamber,True,89,26,0,7,0,2,False,operator,sniper,,0.8322,0.6156,xeus,FUT Esports,jett,True,100,50,0,1,0,5,False,vandal,rifle,,0.5167,0.8344,sociablEE,FUT Esports,fade,True,100,50,2,1,0,1,False,phantom,rifle,,0.8222,0.5867,yetujey,FUT Esports,astra,True,100,50,1,0,0,3,False,phantom,rifle,,0.5444,0.8078,KROSTALY,FUT Esports,kayo,True,100,50,1,1,1,4,False,vandal,rifle,,0.7511,0.6244,Chronicle,Team Vitality,chamber,True,100,25,0,5,1,6,False,operator,sniper,,0.5289,0.5044,Derke,Team Vitality,neon,False,,50,1,0,0,7,True,vandal,rifle,,,,Jamppi,Team Vitality,kayo,True,100,50,1,1,1,4,False,vandal,rifle,,0.7433,0.3722,Sayonara,Team Vitality,sova,True,100,50,1,2,0,5,False,phantom,rifle,,0.5900,0.5556,PROFEK,Team Vitality,astra,True,100,50,0,0,0,7,True,vandal,rifle,,0.3822,0.3522
2940.638,5859,ACTIVE_ROUND,20,11,10,91.000,,,s0pp,FUT Esports,chamber,True,89,26,0,7,0,2,False,operator,sniper,,0.8344,0.6133,xeus,FUT Esports,jett,True,100,50,0,1,0,5,False,vandal,rifle,,0.8856,0.5678,sociablEE,FUT Esports,fade,True,100,50,2,1,0,1,False,phantom,rifle,,0.8422,0.5778,yetujey,FUT Esports,astra,True,100,50,1,0,0,3,False,phantom,rifle,,0.5444,0.8078,KROSTALY,FUT Esports,kayo,True,100,50,1,1,1,4,False,vandal,rifle,,0.7511,0.6244,Chronicle,Team Vitality,chamber,True,100,25,0,5,1,6,False,operator,sniper,,0.5289,0.5044,Derke,Team Vitality,neon,False,,50,1,0,0,7,True,vandal,rifle,,,,Jamppi,Team Vitality,kayo,True,100,50,1,1,1,4,False,vandal,rifle,,0.7344,0.3789,Sayonara,Team Vitality,sova,True,100,50,1,2,0,5,False,phantom,rifle,,0.5900,0.5556,PROFEK,Team Vitality,astra,True,100,50,0,0,0,7,True,vandal,rifle,,0.4000,0.2856
2941.122,5860,ACTIVE_ROUND,20,11,10,90.000,,,s0pp,FUT Esports,chamber,True,89,26,0,7,0,2,False,operator,sniper,,0.8344,0.6133,xeus,FUT Esports,jett,True,100,50,0,1,0,5,False,vandal,rifle,,0.7300,0.6011,sociablEE,FUT Esports,fade,True,100,50,2,1,0,1,False,phantom,rifle,,0.8622,0.5711,yetujey,FUT Esports,astra,True,100,50,1,0,0,3,False,phantom,rifle,,0.4933,0.8367,KROSTALY,FUT Esports,kayo,True,100,50,1,1,1,4,False,vandal,rifle,,0.7511,0.6267,Chronicle,Team Vitality,chamber,True,100,25,0,5,1,6,False,operator,sniper,,0.5289,0.5044,Derke,Team Vitality,neon,False,,50,1,0,0,7,True,vandal,rifle,,,,Jamppi,Team Vitality,kayo,True,100,50,1,1,1,4,False,vandal,rifle,,0.7233,0.3856,Sayonara,Team Vitality,sova,True,100,50,1,2,0,5,False,phantom,rifle,,0.4344,0.2844,PROFEK,Team Vitality,astra,True,100,50,0,0,0,7,True,vandal,rifle,,0.3978,0.2922
2941.605,5861,ACTIVE_ROUND,20,11,10,90.000,,,s0pp,FUT Esports,chamber,True,89,26,0,7,0,2,False,operator,sniper,,0.8344,0.6133,xeus,FUT Esports,jett,True,100,50,0,1,0,5,False,vandal,rifle,,0.6367,0.9233,sociablEE,FUT Esports,fade,True,100,50,2,1,0,1,False,phantom,rifle,,0.8622,0.5644,yetujey,FUT Esports,astra,True,100,50,1,0,0,3,False,phantom,rifle,,0.4978,0.8456,KROSTALY,FUT Esports,kayo,True,100,50,1,1,1,4,False,vandal,rifle,,0.7511,0.6267,Chronicle,Team Vitality,chamber,True,100,25,0,5,1,6,False,operator,sniper,,0.5289,0.5044,Derke,Team Vitality,neon,False,,50,1,0,0,7,True,vandal,rifle,,,,Jamppi,Team Vitality,kayo,True,100,50,1,1,1,4,False,vandal,rifle,,0.7189,0.3922,Sayonara,Team Vitality,sova,True,100,50,1,2,0,5,False,phantom,rifle,,0.8656,0.2222,PROFEK,Team Vitality,astra,True,100,50,0,0,0,7,True,vandal,rifle,,0.3911,0.2989
2942.089,5862,ACTIVE_ROUND,20,11,10,89.000,,,s0pp,FUT Esports,chamber,True,89,26,0,7,0,2,False,operator,sniper,,0.8500,0.5978,xeus,FUT Esports,jett,True,100,50,0,1,0,5,False,vandal,rifle,,0.7300,0.5967,sociablEE,FUT Esports,fade,True,100,50,2,1,0,1,False,phantom,rifle,,0.8622,0.5644,yetujey,FUT Esports,astra,True,100,50,1,0,0,3,False,phantom,rifle,,0.4956,0.8544,KROSTALY,FUT Esports,kayo,True,100,50,1,1,1,4,False,vandal,rifle,,0.7511,0.6267,Chronicle,Team Vitality,chamber,True,100,25,0,5,1,6,False,operator,sniper,,0.5289,0.5044,Derke,Team Vitality,neon,False,,50,1,0,0,7,True,vandal,rifle,,,,Jamppi,Team Vitality,kayo,True,100,50,1,1,1,4,False,vandal,rifle,,0.7167,0.3967,Sayonara,Team Vitality,sova,True,100,50,1,2,0,5,False,phantom,rifle,,0.8700,0.2178,PROFEK,Team Vitality,astra,True,100,50,0,0,0,7,True,vandal,rifle,,0.3911,0.2989
2942.573,5863,ACTIVE_ROUND,20,11,10,89.000,,,s0pp,FUT Esports,chamber,True,89,26,0,7,0,2,False,operator,sniper,,0.4522,0.8889,xeus,FUT Esports,jett,True,100,50,0,1,0,5,False,vandal,rifle,,0.7300,0.5967,sociablEE,FUT Esports,fade,True,100,50,2,1,0,1,False,phantom,rifle,,0.8667,0.5667,yetujey,FUT Esports,astra,True,100,50,1,0,0,3,False,phantom,rifle,,0.4978,0.8500,KROSTALY,FUT Esports,kayo,True,100,50,1,1,1,4,False,vandal,rifle,,0.7622,0.6222,Chronicle,Team Vitality,chamber,True,100,25,0,5,1,6,False,operator,sniper,,0.5289,0.5044,Derke,Team Vitality,neon,False,,50,1,0,0,7,True,vandal,rifle,,,,Jamppi,Team Vitality,kayo,True,100,50,1,1,1,4,False,vandal,rifle,,0.7189,0.3922,Sayonara,Team Vitality,sova,True,100,50,1,2,0,5,False,phantom,rifle,,0.8700,0.2178,PROFEK,Team Vitality,astra,True,100,50,0,0,0,7,True,vandal,rifle,,0.3911,0.2989
2943.057,5864,ACTIVE_ROUND,20,11,10,88.000,,,s0pp,FUT Esports,chamber,True,89,26,0,7,0,2,False,operator,sniper,,0.8233,0.2311,xeus,FUT Esports,jett,True,100,50,0,1,0,5,False,vandal,rifle,,0.3611,0.7167,sociablEE,FUT Esports,fade,True,100,50,1,1,0,1,False,phantom,rifle,,0.8711,0.5667,yetujey,FUT Esports,astra,True,100,50,1,1,0,3,False,phantom,rifle,,0.4978,0.8500,KROSTALY,FUT Esports,kayo,True,100,50,1,1,1,4,False,vandal,rifle,,0.7756,0.6178,Chronicle,Team Vitality,chamber,True,100,25,0,5,1,6,False,operator,sniper,,0.5289,0.5044,Derke,Team Vitality,neon,False,,50,1,0,0,7,True,vandal,rifle,,,,Jamppi,Team Vitality,kayo,True,100,50,1,1,1,4,False,vandal,rifle,,0.7211,0.3878,Sayonara,Team Vitality,sova,True,100,50,1,2,0,5,False,phantom,rifle,,0.4411,0.2822,PROFEK,Team Vitality,astra,True,100,50,1,0,0,7,True,vandal,rifle,,0.4044,0.2900
2943.541,5865,ACTIVE_ROUND,20,11,10,88.000,,,s0pp,FUT Esports,chamber,True,89,26,0,7,0,2,False,operator,sniper,,0.9011,0.5756,xeus,FUT Esports,jett,True,100,50,0,1,0,5,False,vandal,rifle,,0.3989,0.2922,sociablEE,FUT Esports,fade,True,100,50,1,1,0,1,False,phantom,rifle,,0.8600,0.5711,yetujey,FUT Esports,astra,True,100,50,1,1,0,3,False,phantom,rifle,,0.4978,0.8500,KROSTALY,FUT Esports,kayo,True,100,50,1,1,1,4,False,vandal,rifle,,0.7911,0.6156,Chronicle,Team Vitality,chamber,True,100,25,0,5,1,6,False,operator,sniper,,0.5289,0.5044,Derke,Team Vitality,neon,False,,50,1,0,0,7,True,vandal,rifle,,,,Jamppi,Team Vitality,kayo,True,100,50,1,1,1,4,False,vandal,rifle,,0.7233,0.3833,Sayonara,Team Vitality,sova,True,100,50,1,2,0,5,False,phantom,rifle,,0.8722,0.2178,PROFEK,Team Vitality,astra,True,100,50,1,0,0,7,True,vandal,rifle,,0.4200,0.2767
2944.024,5866,ACTIVE_ROUND,20,11,10,87.000,,,s0pp,FUT Esports,chamber,True,89,26,0,7,0,2,False,operator,sniper,,0.9189,0.5733,xeus,FUT Esports,jett,True,100,50,0,1,0,5,False,vandal,rifle,,0.4633,0.2856,sociablEE,FUT Esports,fade,True,100,50,1,1,0,1,False,phantom,rifle,,0.8556,0.5844,yetujey,FUT Esports,astra,True,100,50,1,1,0,3,False,phantom,rifle,,0.4978,0.8500,KROSTALY,FUT Esports,kayo,True,100,50,1,1,1,4,False,vandal,rifle,,0.8089,0.6089,Chronicle,Team Vitality,chamber,True,100,25,0,5,1,6,False,operator,sniper,,0.5289,0.5044,Derke,Team Vitality,neon,False,,50,1,0,0,7,True,vandal,rifle,,,,Jamppi,Team Vitality,kayo,True,100,50,1,1,1,4,False,vandal,rifle,,0.7211,0.3878,Sayonara,Team Vitality,sova,True,100,50,1,2,0,5,False,phantom,rifle,,0.4722,0.2533,PROFEK,Team Vitality,astra,True,100,50,1,0,0,7,True,vandal,rifle,,0.4422,0.2700
2944.508,5867,ACTIVE_ROUND,20,11,10,87.000,,,s0pp,FUT Esports,chamber,True,89,26,0,7,0,2,False,operator,sniper,,0.9233,0.5756,xeus,FUT Esports,jett,True,100,50,0,1,0,5,False,vandal,rifle,,0.7656,0.6078,sociablEE,FUT Esports,fade,True,100,50,1,1,0,1,False,phantom,rifle,,0.8511,0.5867,yetujey,FUT Esports,astra,True,100,50,1,1,0,3,False,phantom,rifle,,0.4978,0.8500,KROSTALY,FUT Esports,kayo,True,100,50,1,1,1,4,False,vandal,rifle,,0.8222,0.6067,Chronicle,Team Vitality,chamber,True,100,25,0,5,1,6,False,operator,sniper,,0.5289,0.5044,Derke,Team Vitality,neon,False,,50,1,0,0,7,True,vandal,rifle,,,,Jamppi,Team Vitality,kayo,True,100,50,1,1,1,4,False,vandal,rifle,,0.7167,0.3967,Sayonara,Team Vitality,sova,True,100,50,1,2,0,5,False,phantom,rifle,,0.8700,0.2178,PROFEK,Team Vitality,astra,True,100,50,1,0,0,7,True,vandal,rifle,,0.4533,0.2633
2944.992,5868,ACTIVE_ROUND,20,11,10,86.000,,,s0pp,FUT Esports,chamber,True,89,26,0,7,0,2,False,operator,sniper,,0.9233,0.5778,xeus,FUT Esports,jett,True,100,50,0,1,0,5,False,vandal,rifle,,0.8011,0.5856,sociablEE,FUT Esports,fade,True,100,50,1,1,0,1,False,phantom,rifle,,0.8511,0.5867,yetujey,FUT Esports,astra,True,100,50,1,0,0,3,False,phantom,rifle,,0.4978,0.8500,KROSTALY,FUT Esports,kayo,True,100,50,1,1,1,4,False,vandal,rifle,,0.8356,0.6067,Chronicle,Team Vitality,chamber,True,100,25,0,5,1,6,False,operator,sniper,,0.5289,0.5044,Derke,Team Vitality,neon,False,,50,1,0,0,7,True,vandal,rifle,,,,Jamppi,Team Vitality,kayo,True,100,50,1,1,1,4,False,vandal,rifle,,0.7189,0.4100,Sayonara,Team Vitality,sova,True,100,50,1,2,0,5,False,phantom,rifle,,0.8678,0.2178,PROFEK,Team Vitality,astra,True,100,50,0,0,0,7,True,vandal,rifle,,0.4422,0.2700
2945.476,5869,ACTIVE_ROUND,20,11,10,86.000,,,s0pp,FUT Esports,chamber,True,89,26,0,7,0,2,False,operator,sniper,,0.9233,0.5800,xeus,FUT Esports,jett,True,100,50,0,1,0,5,False,vandal,rifle,,0.8878,0.5700,sociablEE,FUT Esports,fade,True,100,50,1,1,0,1,False,phantom,rifle,,0.8511,0.5867,yetujey,FUT Esports,astra,True,100,50,1,0,0,3,False,phantom,rifle,,0.4978,0.8500,KROSTALY,FUT Esports,kayo,True,100,50,1,1,1,4,False,vandal,rifle,,0.8400,0.6133,Chronicle,Team Vitality,chamber,True,100,25,0,5,1,6,False,operator,sniper,,0.5289,0.5044,Derke,Team Vitality,neon,False,,50,1,0,0,7,True,vandal,rifle,,,,Jamppi,Team Vitality,kayo,True,100,50,1,1,1,4,False,vandal,rifle,,0.5411,0.1056,Sayonara,Team Vitality,sova,True,100,50,1,2,0,5,False,phantom,rifle,,0.8700,0.2244,PROFEK,Team Vitality,astra,True,100,50,0,0,0,7,True,vandal,rifle,,0.4422,0.2700
2945.960,5870,ACTIVE_ROUND,20,11,10,85.000,,,s0pp,FUT Esports,chamber,True,89,26,0,7,0,2,False,operator,sniper,,0.9211,0.5800,xeus,FUT Esports,jett,True,100,50,0,1,0,5,False,vandal,rifle,,0.7878,0.5856,sociablEE,FUT Esports,fade,True,100,50,1,1,0,1,False,phantom,rifle,,0.8511,0.5867,yetujey,FUT Esports,astra,True,100,50,1,0,0,3,False,phantom,rifle,,0.4978,0.8500,KROSTALY,FUT Esports,kayo,True,100,50,1,1,1,4,False,vandal,rifle,,0.8444,0.6044,Chronicle,Team Vitality,chamber,True,100,25,0,5,1,6,False,operator,sniper,,0.5289,0.5044,Derke,Team Vitality,neon,False,,50,1,0,0,7,True,vandal,rifle,,,,Jamppi,Team Vitality,kayo,True,100,50,1,1,1,4,False,vandal,rifle,,0.6767,0.4011,Sayonara,Team Vitality,sova,True,100,50,1,2,0,5,False,phantom,rifle,,0.8678,0.2200,PROFEK,Team Vitality,astra,True,100,50,0,0,0,7,True,vandal,rifle,,0.4178,0.2833
2946.443,5871,ACTIVE_ROUND,20,11,10,85.000,,,s0pp,FUT Esports,chamber,True,89,26,0,7,0,2,False,operator,sniper,,0.9211,0.5800,xeus,FUT Esports,jett,True,100,50,0,1,0,5,False,vandal,rifle,,0.7567,0.6144,sociablEE,FUT Esports,fade,True,100,50,1,1,0,1,False,phantom,rifle,,0.8067,0.6089,yetujey,FUT Esports,astra,True,100,50,1,0,0,3,False,phantom,rifle,,0.4978,0.8500,KROSTALY,FUT Esports,kayo,True,100,50,1,1,1,4,False,vandal,rifle,,0.8533,0.6000,Chronicle,Team Vitality,chamber,True,100,25,0,5,1,6,False,operator,sniper,,0.5289,0.5044,Derke,Team Vitality,neon,False,,50,1,0,0,7,True,vandal,rifle,,,,Jamppi,Team Vitality,kayo,True,100,50,1,1,1,4,False,vandal,rifle,,0.1478,0.2989,Sayonara,Team Vitality,sova,True,100,50,1,2,0,5,False,phantom,rifle,,0.8700,0.2178,PROFEK,Team Vitality,astra,True,100,50,0,0,0,7,True,vandal,rifle,,0.4044,0.2856
2946.927,5872,ACTIVE_ROUND,20,11,10,84.000,,,s0pp,FUT Esports,chamber,True,89,26,0,7,0,2,False,operator,sniper,,0.9211,0.5800,xeus,FUT Esports,jett,True,100,50,0,1,0,5,False,vandal,rifle,,0.3678,0.3011,sociablEE,FUT Esports,fade,True,100,50,1,1,0,1,False,phantom,rifle,,0.7933,0.6156,yetujey,FUT Esports,astra,True,100,50,1,0,0,3,False,phantom,rifle,,0.4978,0.8500,KROSTALY,FUT Esports,kayo,True,100,50,1,1,1,4,False,vandal,rifle,,0.8644,0.6044,Chronicle,Team Vitality,chamber,True,100,25,0,5,1,6,False,operator,sniper,,0.5289,0.5044,Derke,Team Vitality,neon,False,,50,1,0,0,7,True,vandal,rifle,,,,Jamppi,Team Vitality,kayo,True,100,50,1,1,1,4,False,vandal,rifle,,0.1478,0.2989,Sayonara,Team Vitality,sova,True,100,50,1,2,0,5,False,phantom,rifle,,0.7122,0.3978,PROFEK,Team Vitality,astra,True,100,50,0,0,0,7,True,vandal,rifle,,0.4044,0.2856
2947.411,5873,ACTIVE_ROUND,20,11,10,84.000,,,s0pp,FUT Esports,chamber,True,89,26,0,7,0,2,False,operator,sniper,,0.9211,0.5800,xeus,FUT Esports,jett,True,100,50,0,1,0,5,False,vandal,rifle,,0.8856,0.5700,sociablEE,FUT Esports,fade,True,100,50,1,1,0,1,False,phantom,rifle,,0.7867,0.6289,yetujey,FUT Esports,astra,True,100,50,1,0,0,3,False,phantom,rifle,,0.4978,0.8500,KROSTALY,FUT Esports,kayo,True,100,50,1,1,1,4,False,vandal,rifle,,0.8756,0.6044,Chronicle,Team Vitality,chamber,True,100,25,0,5,1,6,False,operator,sniper,,0.5289,0.5044,Derke,Team Vitality,neon,False,,50,1,0,0,7,True,vandal,rifle,,,,Jamppi,Team Vitality,kayo,True,100,50,1,1,1,4,False,vandal,rifle,,0.1478,0.2989,Sayonara,Team Vitality,sova,True,100,50,1,2,0,5,False,phantom,rifle,,0.8678,0.2133,PROFEK,Team Vitality,astra,True,100,50,0,0,0,7,True,vandal,rifle,,0.4044,0.2856
2947.895,5874,ACTIVE_ROUND,20,11,10,83.000,,,s0pp,FUT Esports,chamber,True,89,26,0,7,0,2,False,operator,sniper,,0.9211,0.5800,xeus,FUT Esports,jett,True,100,50,0,1,0,5,False,vandal,rifle,,0.7767,0.5944,sociablEE,FUT Esports,fade,True,100,50,1,1,0,1,False,phantom,rifle,,0.7822,0.6422,yetujey,FUT Esports,astra,True,100,50,1,0,0,3,False,phantom,rifle,,0.4978,0.8500,KROSTALY,FUT Esports,kayo,True,100,50,1,1,1,4,False,vandal,rifle,,0.8844,0.6044,Chronicle,Team Vitality,chamber,True,100,25,0,5,1,6,False,operator,sniper,,0.5289,0.5044,Derke,Team Vitality,neon,False,,50,1,0,0,7,True,vandal,rifle,,,,Jamppi,Team Vitality,kayo,True,100,50,1,1,1,4,False,vandal,rifle,,0.1478,0.2989,Sayonara,Team Vitality,sova,True,100,50,1,2,0,5,False,phantom,rifle,,0.3922,0.2689,PROFEK,Team Vitality,astra,True,100,50,0,0,0,7,True,vandal,rifle,,0.4044,0.2856
2948.379,5875,ACTIVE_ROUND,20,11,10,83.000,,,s0pp,FUT Esports,chamber,True,89,26,0,7,0,2,False,operator,sniper,,0.9211,0.5800,xeus,FUT Esports,jett,True,100,50,0,1,0,5,False,vandal,rifle,,0.9678,0.5233,sociablEE,FUT Esports,fade,True,100,50,1,1,0,1,False,phantom,rifle,,0.7822,0.6422,yetujey,FUT Esports,astra,True,100,50,1,0,0,3,False,phantom,rifle,,0.4978,0.8500,KROSTALY,FUT Esports,kayo,True,100,50,1,1,1,4,False,vandal,rifle,,0.8733,0.6000,Chronicle,Team Vitality,chamber,True,100,25,0,5,1,6,False,operator,sniper,,0.5289,0.5044,Derke,Team Vitality,neon,False,,50,1,0,0,7,True,vandal,rifle,,,,Jamppi,Team Vitality,kayo,True,100,50,1,1,1,4,False,vandal,rifle,,0.3522,0.2833,Sayonara,Team Vitality,sova,True,100,50,1,2,0,5,False,phantom,rifle,,0.8722,0.2156,PROFEK,Team Vitality,astra,True,100,50,0,0,0,7,True,vandal,rifle,,0.4044,0.2856
2948.863,5876,ACTIVE_ROUND,20,11,10,82.000,,,s0pp,FUT Esports,chamber,True,89,26,0,7,0,2,False,operator,sniper,,0.9211,0.5800,xeus,FUT Esports,jett,True,100,50,0,1,0,5,False,vandal,rifle,,0.9633,0.5367,sociablEE,FUT Esports,fade,True,100,50,1,1,0,1,False,phantom,rifle,,0.7733,0.6689,yetujey,FUT Esports,astra,True,100,50,1,1,0,3,False,phantom,rifle,,0.4978,0.8500,KROSTALY,FUT Esports,kayo,True,100,50,1,1,1,4,False,vandal,rifle,,0.8733,0.6000,Chronicle,Team Vitality,chamber,True,100,25,0,5,1,6,False,operator,sniper,,0.5289,0.5044,Derke,Team Vitality,neon,False,,50,1,0,0,7,True,vandal,rifle,,,,Jamppi,Team Vitality,kayo,True,100,50,1,1,1,4,False,vandal,rifle,,0.5033,0.5100,Sayonara,Team Vitality,sova,True,100,50,1,2,0,5,False,phantom,rifle,,0.8478,0.2000,PROFEK,Team Vitality,astra,True,100,50,0,0,0,7,True,vandal,rifle,,0.4044,0.2856
2949.346,5877,ACTIVE_ROUND,20,11,10,82.000,,,s0pp,FUT Esports,chamber,True,89,26,0,7,0,2,False,operator,sniper,,0.9211,0.5800,xeus,FUT Esports,jett,True,100,50,0,1,0,5,False,vandal,rifle,,0.9567,0.5478,sociablEE,FUT Esports,fade,True,100,50,1,1,0,1,False,phantom,rifle,,0.7711,0.6822,yetujey,FUT Esports,astra,True,100,50,1,1,0,3,False,phantom,rifle,,0.4978,0.8500,KROSTALY,FUT Esports,kayo,True,100,50,1,1,1,4,False,vandal,rifle,,0.8444,0.6000,Chronicle,Team Vitality,chamber,True,100,25,0,5,1,6,False,operator,sniper,,0.5289,0.5044,Derke,Team Vitality,neon,False,,50,1,0,0,7,True,vandal,rifle,,,,Jamppi,Team Vitality,kayo,True,100,50,1,1,1,4,False,vandal,rifle,,0.6856,0.4456,Sayonara,Team Vitality,sova,True,100,50,1,2,0,5,False,phantom,rifle,,0.8500,0.2022,PROFEK,Team Vitality,astra,True,100,50,0,0,0,7,True,vandal,rifle,,0.4044,0.2856
2949.830,5878,ACTIVE_ROUND,20,11,10,81.000,,,s0pp,FUT Esports,chamber,True,89,26,0,7,0,2,False,operator,sniper,,0.9211,0.5800,xeus,FUT Esports,jett,True,100,50,0,1,0,5,False,vandal,rifle,,0.9478,0.5567,sociablEE,FUT Esports,fade,True,100,50,1,1,0,1,False,phantom,rifle,,0.7733,0.6933,yetujey,FUT Esports,astra,True,100,50,1,1,0,3,False,phantom,rifle,,0.4978,0.8500,KROSTALY,FUT Esports,kayo,True,100,50,1,1,1,4,False,vandal,rifle,,0.8333,0.6067,Chronicle,Team Vitality,chamber,True,100,25,0,5,1,6,False,operator,sniper,,0.5289,0.5044,Derke,Team Vitality,neon,False,,50,1,0,0,7,True,vandal,rifle,,,,Jamppi,Team Vitality,kayo,True,100,50,1,1,1,4,False,vandal,rifle,,0.6856,0.4456,Sayonara,Team Vitality,sova,True,100,50,1,2,0,5,False,phantom,rifle,,0.8767,0.2156,PROFEK,Team Vitality,astra,True,100,50,0,0,0,7,True,vandal,rifle,,0.3467,0.3256
2950.314,5879,ACTIVE_ROUND,20,11,10,81.000,,,s0pp,FUT Esports,chamber,True,89,26,0,7,0,2,False,operator,sniper,,0.9211,0.5800,xeus,FUT Esports,jett,True,100,50,0,1,0,5,False,vandal,rifle,,0.9389,0.5633,sociablEE,FUT Esports,fade,True,100,50,1,1,0,1,False,phantom,rifle,,0.7733,0.7044,yetujey,FUT Esports,astra,True,100,50,1,1,0,3,False,phantom,rifle,,0.4978,0.8500,KROSTALY,FUT Esports,kayo,True,100,50,1,1,1,4,False,vandal,rifle,,0.8178,0.6111,Chronicle,Team Vitality,chamber,True,100,25,0,5,1,6,False,operator,sniper,,0.5289,0.5044,Derke,Team Vitality,neon,False,,50,1,0,0,7,True,vandal,rifle,,,,Jamppi,Team Vitality,kayo,True,100,50,1,1,1,4,False,vandal,rifle,,0.2900,0.3233,Sayonara,Team Vitality,sova,True,100,50,1,2,0,5,False,phantom,rifle,,0.8456,0.2000,PROFEK,Team Vitality,astra,True,100,50,0,0,0,7,True,vandal,rifle,,0.3444,0.3411
2950.798,5880,ACTIVE_ROUND,20,11,10,80.000,,,s0pp,FUT Esports,chamber,True,89,26,0,7,0,2,False,operator,sniper,,0.9211,0.5800,xeus,FUT Esports,jett,True,100,50,0,1,0,5,False,vandal,rifle,,0.6833,0.7433,sociablEE,FUT Esports,fade,True,100,50,1,1,0,1,False,phantom,rifle,,0.7711,0.7156,yetujey,FUT Esports,astra,True,100,50,1,0,0,3,False,phantom,rifle,,0.4978,0.8500,KROSTALY,FUT Esports,kayo,True,100,50,1,1,1,4,False,vandal,rifle,,0.8044,0.6111,Chronicle,Team Vitality,chamber,True,100,25,0,5,1,6,False,operator,sniper,,0.3444,0.3533,Derke,Team Vitality,neon,False,,50,1,0,0,7,True,vandal,rifle,,,,Jamppi,Team Vitality,kayo,True,100,50,1,1,1,4,False,vandal,rifle,,0.6856,0.4456,Sayonara,Team Vitality,sova,True,100,50,1,2,0,5,False,phantom,rifle,,0.8456,0.1978,PROFEK,Team Vitality,astra,True,100,50,1,0,0,7,True,vandal,rifle,,0.3444,0.3411
2951.282,5881,ACTIVE_ROUND,20,11,10,80.000,,,s0pp,FUT Esports,chamber,True,89,26,0,7,0,2,False,operator,sniper,,0.9211,0.5800,xeus,FUT Esports,jett,True,100,50,0,1,0,5,False,vandal,rifle,,0.9144,0.5744,sociablEE,FUT Esports,fade,True,100,50,1,1,0,1,False,phantom,rifle,,0.7711,0.7156,yetujey,FUT Esports,astra,True,100,50,1,0,0,3,False,phantom,rifle,,0.4978,0.8500,KROSTALY,FUT Esports,kayo,True,100,50,1,1,1,4,False,vandal,rifle,,0.7933,0.6200,Chronicle,Team Vitality,chamber,True,100,25,0,5,1,6,False,operator,sniper,,0.3444,0.3533,Derke,Team Vitality,neon,False,,50,1,0,0,7,True,vandal,rifle,,,,Jamppi,Team Vitality,kayo,True,100,50,1,1,1,4,False,vandal,rifle,,0.6856,0.4456,Sayonara,Team Vitality,sova,True,100,50,1,2,0,5,False,phantom,rifle,,0.3367,0.3333,PROFEK,Team Vitality,astra,True,100,50,1,0,0,7,True,vandal,rifle,,0.3467,0.3656
2951.765,5882,ACTIVE_ROUND,20,11,10,79.000,,,s0pp,FUT Esports,chamber,True,89,26,0,7,0,2,False,operator,sniper,,0.9211,0.5800,xeus,FUT Esports,jett,True,100,50,0,1,0,5,False,vandal,rifle,,0.9011,0.5789,sociablEE,FUT Esports,fade,True,100,50,1,1,0,1,False,phantom,rifle,,0.7711,0.7156,yetujey,FUT Esports,astra,True,100,50,1,0,0,3,False,phantom,rifle,,0.4978,0.8500,KROSTALY,FUT Esports,kayo,True,100,50,1,1,1,4,False,vandal,rifle,,0.7889,0.6333,Chronicle,Team Vitality,chamber,True,100,25,0,5,1,6,False,operator,sniper,,0.3489,0.3756,Derke,Team Vitality,neon,False,,50,1,0,0,7,True,vandal,rifle,,,,Jamppi,Team Vitality,kayo,True,100,50,1,1,1,4,False,vandal,rifle,,0.6833,0.4456,Sayonara,Team Vitality,sova,True,100,50,1,2,0,5,False,phantom,rifle,,0.8767,0.2133,PROFEK,Team Vitality,astra,True,100,50,1,0,0,7,True,vandal,rifle,,0.3467,0.3656
2952.249,5883,ACTIVE_ROUND,20,11,10,79.000,,,s0pp,FUT Esports,chamber,True,89,26,0,7,0,2,False,operator,sniper,,0.9211,0.5800,xeus,FUT Esports,jett,True,100,50,0,1,0,5,False,vandal,rifle,,0.8878,0.5833,sociablEE,FUT Esports,fade,True,100,50,1,1,0,1,False,phantom,rifle,,0.7711,0.7156,yetujey,FUT Esports,astra,True,100,50,1,0,0,3,False,phantom,rifle,,0.4978,0.8500,KROSTALY,FUT Esports,kayo,True,100,50,1,1,1,4,False,vandal,rifle,,0.7889,0.6333,Chronicle,Team Vitality,chamber,True,100,25,0,5,1,6,False,operator,sniper,,0.3489,0.3756,Derke,Team Vitality,neon,False,,50,1,0,0,7,True,vandal,rifle,,,,Jamppi,Team Vitality,kayo,True,100,50,1,1,1,4,False,vandal,rifle,,0.2900,0.3678,Sayonara,Team Vitality,sova,True,100,50,1,2,0,5,False,phantom,rifle,,0.8767,0.2133,PROFEK,Team Vitality,astra,True,100,50,1,0,0,7,True,vandal,rifle,,0.3467,0.3656
2952.733,5884,ACTIVE_ROUND,20,11,10,79.000,,,s0pp,FUT Esports,chamber,True,89,26,0,7,0,2,False,operator,sniper,,0.9211,0.5800,xeus,FUT Esports,jett,True,100,50,0,1,0,5,False,vandal,rifle,,0.8744,0.5878,sociablEE,FUT Esports,fade,True,100,50,1,1,0,1,False,phantom,rifle,,0.7711,0.7156,yetujey,FUT Esports,astra,True,100,50,1,1,0,3,False,phantom,rifle,,0.4978,0.8500,KROSTALY,FUT Esports,kayo,True,100,50,1,1,1,4,False,vandal,rifle,,0.7822,0.6622,Chronicle,Team Vitality,chamber,True,100,25,0,5,1,6,False,operator,sniper,,0.3489,0.3756,Derke,Team Vitality,neon,False,,50,1,0,0,7,True,vandal,rifle,,,,Jamppi,Team Vitality,kayo,True,100,50,1,1,1,4,False,vandal,rifle,,0.5811,0.2922,Sayonara,Team Vitality,sova,True,100,50,1,2,0,5,False,phantom,rifle,,0.9056,0.5311,PROFEK,Team Vitality,astra,True,100,50,1,0,0,7,True,vandal,rifle,,0.3467,0.3656
2953.217,5885,ACTIVE_ROUND,20,11,10,78.000,,,s0pp,FUT Esports,chamber,True,89,26,0,7,0,2,False,operator,sniper,,0.9211,0.5800,xeus,FUT Esports,jett,True,100,50,0,1,0,5,False,vandal,rifle,,0.8611,0.5900,sociablEE,FUT Esports,fade,True,100,50,1,1,0,1,False,phantom,rifle,,0.7711,0.7156,yetujey,FUT Esports,astra,True,100,50,1,1,0,3,False,phantom,rifle,,0.4978,0.8500,KROSTALY,FUT Esports,kayo,True,100,50,1,1,1,4,False,vandal,rifle,,0.7822,0.6622,Chronicle,Team Vitality,chamber,True,100,25,0,5,1,6,False,operator,sniper,,0.3489,0.3756,Derke,Team Vitality,neon,False,,50,1,0,0,7,True,vandal,rifle,,,,Jamppi,Team Vitality,kayo,True,100,50,1,1,1,4,False,vandal,rifle,,0.5811,0.2922,Sayonara,Team Vitality,sova,True,100,50,1,2,0,5,False,phantom,rifle,,0.9056,0.5311,PROFEK,Team Vitality,astra,True,100,50,1,0,0,7,True,vandal,rifle,,0.3467,0.3656
2953.701,5886,ACTIVE_ROUND,20,11,10,78.000,,,s0pp,FUT Esports,chamber,True,89,26,0,7,0,2,False,operator,sniper,,0.9211,0.5800,xeus,FUT Esports,jett,True,100,50,0,1,0,5,False,vandal,rifle,,0.8478,0.5944,sociablEE,FUT Esports,fade,True,100,50,1,1,0,1,False,phantom,rifle,,0.7711,0.7156,yetujey,FUT Esports,astra,True,100,50,1,1,0,3,False,phantom,rifle,,0.4978,0.8500,KROSTALY,FUT Esports,kayo,True,100,50,1,1,1,4,False,vandal,rifle,,0.7822,0.6622,Chronicle,Team Vitality,chamber,True,100,25,0,5,1,6,False,operator,sniper,,0.3489,0.3756,Derke,Team Vitality,neon,False,,50,1,0,0,7,True,vandal,rifle,,,,Jamppi,Team Vitality,kayo,True,100,50,1,1,1,4,False,vandal,rifle,,0.6567,0.4100,Sayonara,Team Vitality,sova,True,100,50,1,2,0,5,False,phantom,rifle,,0.9056,0.5311,PROFEK,Team Vitality,astra,True,100,50,1,0,0,7,True,vandal,rifle,,0.3467,0.3656
2954.185,5887,ACTIVE_ROUND,20,11,10,77.000,,,s0pp,FUT Esports,chamber,True,89,26,0,7,0,2,False,operator,sniper,,0.9211,0.5800,xeus,FUT Esports,jett,True,100,50,0,1,0,5,False,vandal,rifle,,0.8344,0.5989,sociablEE,FUT Esports,fade,True,100,50,1,1,0,1,False,phantom,rifle,,0.7711,0.7156,yetujey,FUT Esports,astra,True,100,50,1,1,0,3,False,phantom,rifle,,0.4978,0.8500,KROSTALY,FUT Esports,kayo,True,100,50,1,1,1,4,False,vandal,rifle,,0.7822,0.6622,Chronicle,Team Vitality,chamber,True,100,25,0,5,1,6,False,operator,sniper,,0.3222,0.4067,Derke,Team Vitality,neon,False,,50,1,0,0,7,True,vandal,rifle,,,,Jamppi,Team Vitality,kayo,True,100,50,1,1,1,4,False,vandal,rifle,,0.7167,0.4811,Sayonara,Team Vitality,sova,True,100,50,1,2,0,5,False,phantom,rifle,,0.6878,0.3400,PROFEK,Team Vitality,astra,True,100,50,1,0,0,7,True,vandal,rifle,,0.3467,0.3656
2954.668,5888,ACTIVE_ROUND,20,11,10,77.000,,,s0pp,FUT Esports,chamber,True,89,26,0,7,0,2,False,operator,sniper,,0.9211,0.5800,xeus,FUT Esports,jett,True,100,50,0,1,0,5,False,vandal,rifle,,0.8211,0.6033,sociablEE,FUT Esports,fade,True,100,50,1,1,0,1,False,phantom,rifle,,0.7711,0.7156,yetujey,FUT Esports,astra,True,100,50,1,1,0,3,False,phantom,rifle,,0.4978,0.8500,KROSTALY,FUT Esports,kayo,True,100,50,1,1,1,4,False,vandal,rifle,,0.7711,0.7133,Chronicle,Team Vitality,chamber,True,100,25,0,5,1,6,False,operator,sniper,,0.3133,0.4044,Derke,Team Vitality,neon,False,,50,1,0,0,7,True,vandal,rifle,,,,Jamppi,Team Vitality,kayo,True,100,50,1,1,1,4,False,vandal,rifle,,0.7078,0.4878,Sayonara,Team Vitality,sova,True,100,50,1,2,0,5,False,phantom,rifle,,0.6878,0.3400,PROFEK,Team Vitality,astra,True,100,50,1,0,0,7,True,vandal,rifle,,0.3467,0.3656
2955.152,5889,ACTIVE_ROUND,20,11,10,76.000,,,s0pp,FUT Esports,chamber,True,89,26,0,7,0,2,False,operator,sniper,,0.9211,0.5800,xeus,FUT Esports,jett,True,100,50,0,1,0,5,False,vandal,rifle,,0.8078,0.6078,sociablEE,FUT Esports,fade,True,100,50,1,1,0,1,False,phantom,rifle,,0.7711,0.7156,yetujey,FUT Esports,astra,True,100,50,1,1,0,3,False,phantom,rifle,,0.4978,0.8500,KROSTALY,FUT Esports,kayo,True,100,50,1,1,1,4,False,vandal,rifle,,0.7711,0.7133,Chronicle,Team Vitality,chamber,True,100,25,0,5,1,6,False,operator,sniper,,0.3133,0.4044,Derke,Team Vitality,neon,False,,50,1,0,0,7,True,vandal,rifle,,,,Jamppi,Team Vitality,kayo,True,100,50,1,1,1,4,False,vandal,rifle,,0.6967,0.4922,Sayonara,Team Vitality,sova,True,100,50,1,2,0,5,False,phantom,rifle,,0.6878,0.3400,PROFEK,Team Vitality,astra,True,100,50,1,0,0,7,True,vandal,rifle,,0.3467,0.3656
2955.636,5890,ACTIVE_ROUND,20,11,10,76.000,,,s0pp,FUT Esports,chamber,True,89,26,0,7,0,2,False,operator,sniper,,0.9211,0.5800,xeus,FUT Esports,jett,True,100,50,0,1,0,5,False,vandal,rifle,,0.7944,0.6122,sociablEE,FUT Esports,fade,True,100,50,1,1,0,1,False,phantom,rifle,,0.7711,0.7156,yetujey,FUT Esports,astra,True,100,50,1,1,0,3,False,phantom,rifle,,0.4978,0.8500,KROSTALY,FUT Esports,kayo,True,100,50,1,1,1,4,False,vandal,rifle,,0.7622,0.7422,Chronicle,Team Vitality,chamber,True,100,25,0,5,1,6,False,operator,sniper,,0.2911,0.4111,Derke,Team Vitality,neon,False,,50,1,0,0,7,True,vandal,rifle,,,,Jamppi,Team Vitality,kayo,True,100,50,1,1,1,4,False,vandal,rifle,,0.5700,0.7322,Sayonara,Team Vitality,sova,True,100,50,1,2,0,5,False,phantom,rifle,,0.6878,0.3400,PROFEK,Team Vitality,astra,True,100,50,1,0,0,7,True,vandal,rifle,,0.3467,0.3656
2956.120,5891,ACTIVE_ROUND,20,11,10,75.000,,,s0pp,FUT Esports,chamber,True,89,26,0,7,0,2,False,operator,sniper,,0.9211,0.5800,xeus,FUT Esports,jett,True,100,50,0,1,0,5,False,vandal,rifle,,0.7878,0.6233,sociablEE,FUT Esports,fade,True,100,50,1,1,0,1,False,phantom,rifle,,0.7711,0.7156,yetujey,FUT Esports,astra,True,100,50,1,1,0,3,False,phantom,rifle,,0.4978,0.8500,KROSTALY,FUT Esports,kayo,True,100,50,1,1,1,4,False,vandal,rifle,,0.7533,0.7533,Chronicle,Team Vitality,chamber,True,100,25,0,5,1,6,False,operator,sniper,,0.2911,0.4111,Derke,Team Vitality,neon,False,,50,1,0,0,7,True,vandal,rifle,,,,Jamppi,Team Vitality,kayo,True,100,50,1,1,1,4,False,vandal,rifle,,0.6856,0.5100,Sayonara,Team Vitality,sova,True,100,50,1,2,0,5,False,phantom,rifle,,0.3544,0.7089,PROFEK,Team Vitality,astra,True,100,50,1,0,0,7,True,vandal,rifle,,0.3467,0.3656
2956.604,5892,ACTIVE_ROUND,20,11,10,75.000,,,s0pp,FUT Esports,chamber,True,89,26,0,7,0,2,False,operator,sniper,,0.9211,0.5800,xeus,FUT Esports,jett,True,100,50,0,1,0,5,False,vandal,rifle,,0.7833,0.6367,sociablEE,FUT Esports,fade,True,100,50,1,1,0,1,False,phantom,rifle,,0.7711,0.7156,yetujey,FUT Esports,astra,True,100,50,1,1,0,3,False,phantom,rifle,,0.4978,0.8500,KROSTALY,FUT Esports,kayo,True,100,50,1,1,1,4,False,vandal,rifle,,0.7489,0.7622,Chronicle,Team Vitality,chamber,True,100,25,0,5,1,6,False,operator,sniper,,0.2911,0.4111,Derke,Team Vitality,neon,False,,50,1,0,0,7,True,vandal,rifle,,,,Jamppi,Team Vitality,kayo,True,100,50,1,1,1,4,False,vandal,rifle,,0.6744,0.5144,Sayonara,Team Vitality,sova,True,100,50,1,2,0,5,False,phantom,rifle,,0.3100,0.4044,PROFEK,Team Vitality,astra,True,100,50,0,0,0,7,True,vandal,rifle,,0.3467,0.3656
2957.087,5893,ACTIVE_ROUND,20,11,10,74.000,,,s0pp,FUT Esports,chamber,True,89,26,0,7,0,2,False,operator,sniper,,0.9211,0.5800,xeus,FUT Esports,jett,True,100,50,0,1,0,5,False,vandal,rifle,,0.7789,0.6500,sociablEE,FUT Esports,fade,True,100,50,1,1,0,1,False,phantom,rifle,,0.7711,0.7156,yetujey,FUT Esports,astra,True,100,50,1,1,0,3,False,phantom,rifle,,0.4978,0.8500,KROSTALY,FUT Esports,kayo,True,100,50,1,1,1,4,False,vandal,rifle,,0.7422,0.7689,Chronicle,Team Vitality,chamber,True,100,25,0,5,1,6,False,operator,sniper,,0.2911,0.4111,Derke,Team Vitality,neon,False,,50,1,0,0,7,True,vandal,rifle,,,,Jamppi,Team Vitality,kayo,True,100,50,1,1,1,4,False,vandal,rifle,,0.2100,0.3922,Sayonara,Team Vitality,sova,True,100,50,1,2,0,5,False,phantom,rifle,,0.8744,0.2133,PROFEK,Team Vitality,astra,True,100,50,0,0,0,7,True,vandal,rifle,,0.2622,0.4078
2957.571,5894,ACTIVE_ROUND,20,11,10,74.000,,,s0pp,FUT Esports,chamber,True,89,26,0,7,0,2,False,operator,sniper,,0.9211,0.5800,xeus,FUT Esports,jett,True,100,50,0,1,0,5,False,vandal,rifle,,0.7744,0.6633,sociablEE,FUT Esports,fade,True,100,50,1,1,0,1,False,phantom,rifle,,0.7711,0.7156,yetujey,FUT Esports,astra,True,100,50,1,1,0,3,False,phantom,rifle,,0.4978,0.8500,KROSTALY,FUT Esports,kayo,True,100,50,1,1,1,4,False,vandal,rifle,,0.7356,0.7733,Chronicle,Team Vitality,chamber,True,100,25,0,5,1,6,False,operator,sniper,,0.2911,0.4111,Derke,Team Vitality,neon,False,,50,1,0,0,7,True,vandal,rifle,,,,Jamppi,Team Vitality,kayo,True,100,50,1,1,1,4,False,vandal,rifle,,0.2633,0.4056,Sayonara,Team Vitality,sova,True,100,50,1,2,0,5,False,phantom,rifle,,0.3100,0.4044,PROFEK,Team Vitality,astra,True,100,50,0,0,0,7,True,vandal,rifle,,0.2622,0.4078
2958.055,5895,ACTIVE_ROUND,20,11,10,73.000,,,s0pp,FUT Esports,chamber,True,89,26,0,7,0,2,False,operator,sniper,,0.9211,0.5800,xeus,FUT Esports,jett,True,100,50,0,1,0,5,False,vandal,rifle,,0.7678,0.6767,sociablEE,FUT Esports,fade,True,100,50,1,1,0,1,False,phantom,rifle,,0.7711,0.7156,yetujey,FUT Esports,astra,True,100,50,1,1,0,3,False,phantom,rifle,,0.4978,0.8500,KROSTALY,FUT Esports,kayo,True,100,50,1,1,1,4,False,vandal,rifle,,0.7311,0.7778,Chronicle,Team Vitality,chamber,True,100,25,0,5,1,6,False,operator,sniper,,0.2911,0.4111,Derke,Team Vitality,neon,False,,50,1,0,0,7,True,vandal,rifle,,,,Jamppi,Team Vitality,kayo,True,100,50,1,1,1,4,False,vandal,rifle,,0.2056,0.3922,Sayonara,Team Vitality,sova,True,100,50,1,2,0,5,False,phantom,rifle,,0.3100,0.4044,PROFEK,Team Vitality,astra,True,100,50,0,0,0,7,True,vandal,rifle,,0.2622,0.4078
2958.539,5896,ACTIVE_ROUND,20,11,10,73.000,,,s0pp,FUT Esports,chamber,True,89,26,0,7,0,2,False,operator,sniper,,0.9211,0.5800,xeus,FUT Esports,jett,True,100,50,0,1,0,5,False,vandal,rifle,,0.7611,0.6900,sociablEE,FUT Esports,fade,True,100,50,1,1,0,1,False,phantom,rifle,,0.7711,0.7156,yetujey,FUT Esports,astra,True,100,50,1,1,0,3,False,phantom,rifle,,0.4978,0.8500,KROSTALY,FUT Esports,kayo,True,100,50,1,1,1,4,False,vandal,rifle,,0.7311,0.7778,Chronicle,Team Vitality,chamber,True,100,25,0,5,1,6,False,operator,sniper,,0.2911,0.4111,Derke,Team Vitality,neon,False,,50,1,0,0,7,True,vandal,rifle,,,,Jamppi,Team Vitality,kayo,True,100,50,1,1,1,4,False,vandal,rifle,,0.6367,0.5167,Sayonara,Team Vitality,sova,True,100,50,1,2,0,5,False,phantom,rifle,,0.3100,0.4044,PROFEK,Team Vitality,astra,True,100,50,1,0,0,7,True,vandal,rifle,,0.2622,0.4078
2959.023,5897,ACTIVE_ROUND,20,11,10,72.000,,,s0pp,FUT Esports,chamber,True,89,26,0,7,0,2,False,operator,sniper,,0.9211,0.5800,xeus,FUT Esports,jett,True,100,50,0,1,0,5,False,vandal,rifle,,0.7567,0.7033,sociablEE,FUT Esports,fade,True,100,50,1,1,0,1,False,phantom,rifle,,0.7711,0.7156,yetujey,FUT Esports,astra,True,100,50,1,1,0,3,False,phantom,rifle,,0.4978,0.8500,KROSTALY,FUT Esports,kayo,True,100,50,1,1,1,4,False,vandal,rifle,,0.7311,0.7778,Chronicle,Team Vitality,chamber,True,100,25,0,5,1,6,False,operator,sniper,,0.2911,0.4111,Derke,Team Vitality,neon,False,,50,1,0,0,7,True,vandal,rifle,,,,Jamppi,Team Vitality,kayo,True,100,50,1,1,1,4,False,vandal,rifle,,0.2122,0.3789,Sayonara,Team Vitality,sova,True,100,50,1,2,0,5,False,phantom,rifle,,0.3100,0.4044,PROFEK,Team Vitality,astra,True,100,50,1,0,0,7,True,vandal,rifle,,0.2600,0.4056
2959.507,5898,ACTIVE_ROUND,20,11,10,72.000,,,s0pp,FUT Esports,chamber,True,89,26,0,7,0,2,False,operator,sniper,,0.9211,0.5800,xeus,FUT Esports,jett,True,100,50,0,1,0,5,False,vandal,rifle,,0.7500,0.7144,sociablEE,FUT Esports,fade,True,100,50,1,1,0,1,False,phantom,rifle,,0.7711,0.7156,yetujey,FUT Esports,astra,True,100,50,1,1,0,3,False,phantom,rifle,,0.4978,0.8500,KROSTALY,FUT Esports,kayo,True,100,50,1,1,1,4,False,vandal,rifle,,0.7311,0.7778,Chronicle,Team Vitality,chamber,True,100,25,0,5,1,6,False,operator,sniper,,0.2600,0.4067,Derke,Team Vitality,neon,False,,50,1,0,0,7,True,vandal,rifle,,,,Jamppi,Team Vitality,kayo,True,100,50,1,1,1,4,False,vandal,rifle,,0.6233,0.5233,Sayonara,Team Vitality,sova,True,100,50,1,2,0,5,False,phantom,rifle,,0.2500,0.3756,PROFEK,Team Vitality,astra,True,100,50,1,0,0,7,True,vandal,rifle,,0.2600,0.4056
2959.990,5899,ACTIVE_ROUND,20,11,10,71.000,,,s0pp,FUT Esports,chamber,True,89,26,0,7,0,2,False,operator,sniper,,0.9211,0.5800,xeus,FUT Esports,jett,True,100,50,0,1,0,5,False,vandal,rifle,,0.7433,0.7278,sociablEE,FUT Esports,fade,True,100,50,1,1,0,1,False,phantom,rifle,,0.7711,0.7156,yetujey,FUT Esports,astra,True,100,50,1,1,0,3,False,phantom,rifle,,0.4511,0.7944,KROSTALY,FUT Esports,kayo,True,100,50,1,1,1,4,False,vandal,rifle,,0.7311,0.7778,Chronicle,Team Vitality,chamber,True,100,25,0,5,1,6,False,operator,sniper,,0.2600,0.4067,Derke,Team Vitality,neon,False,,50,1,0,0,7,True,vandal,rifle,,,,Jamppi,Team Vitality,kayo,True,100,50,1,1,1,4,False,vandal,rifle,,0.6189,0.5344,Sayonara,Team Vitality,sova,True,100,50,1,2,0,5,False,phantom,rifle,,0.2500,0.3756,PROFEK,Team Vitality,astra,True,100,50,1,0,0,7,True,vandal,rifle,,0.2600,0.4056
2960.474,5900,ACTIVE_ROUND,20,11,10,71.000,,,s0pp,FUT Esports,chamber,True,89,26,0,7,0,2,False,operator,sniper,,0.9211,0.5800,xeus,FUT Esports,jett,True,100,50,0,1,0,5,False,vandal,rifle,,0.7367,0.7389,sociablEE,FUT Esports,fade,True,100,50,1,1,0,1,False,phantom,rifle,,0.7711,0.7156,yetujey,FUT Esports,astra,True,100,50,1,1,0,3,False,phantom,rifle,,0.4422,0.7856,KROSTALY,FUT Esports,kayo,True,100,50,1,1,1,4,False,vandal,rifle,,0.7311,0.7778,Chronicle,Team Vitality,chamber,True,100,25,0,5,1,6,False,operator,sniper,,0.2600,0.4067,Derke,Team Vitality,neon,False,,50,1,0,0,7,True,vandal,rifle,,,,Jamppi,Team Vitality,kayo,True,100,50,1,1,1,4,False,vandal,rifle,,0.2278,0.4233,Sayonara,Team Vitality,sova,True,100,50,1,2,0,5,False,phantom,rifle,,0.2500,0.3756,PROFEK,Team Vitality,astra,True,100,50,0,0,0,7,True,vandal,rifle,,0.2600,0.4056
2960.958,5901,ACTIVE_ROUND,20,11,10,70.000,,,s0pp,FUT Esports,chamber,True,89,26,0,7,0,2,False,operator,sniper,,0.9211,0.5800,xeus,FUT Esports,jett,True,100,50,0,1,0,5,False,vandal,rifle,,0.7300,0.7478,sociablEE,FUT Esports,fade,True,100,50,1,1,0,1,False,phantom,rifle,,0.7711,0.7156,yetujey,FUT Esports,astra,True,100,50,1,1,0,3,False,phantom,rifle,,0.4378,0.7767,KROSTALY,FUT Esports,kayo,True,100,50,1,1,1,4,False,vandal,rifle,,0.7311,0.7778,Chronicle,Team Vitality,chamber,True,100,25,0,5,1,6,False,operator,sniper,,0.2600,0.4067,Derke,Team Vitality,neon,False,,50,1,0,0,7,True,vandal,rifle,,,,Jamppi,Team Vitality,kayo,True,100,50,1,1,1,4,False,vandal,rifle,,0.6033,0.5500,Sayonara,Team Vitality,sova,True,100,50,1,2,0,5,False,phantom,rifle,,0.6322,0.5333,PROFEK,Team Vitality,astra,True,100,50,0,0,0,7,True,vandal,rifle,,0.2600,0.4056
2961.442,5902,ACTIVE_ROUND,20,11,10,70.000,,,s0pp,FUT Esports,chamber,True,89,26,0,7,0,2,False,operator,sniper,,0.9211,0.5800,xeus,FUT Esports,jett,True,100,50,0,1,0,5,False,vandal,rifle,,0.8811,0.4722,sociablEE,FUT Esports,fade,True,100,50,1,1,0,1,False,phantom,rifle,,0.7711,0.7156,yetujey,FUT Esports,astra,True,100,50,1,1,0,3,False,phantom,rifle,,0.4333,0.7678,KROSTALY,FUT Esports,kayo,True,100,50,1,1,1,4,False,vandal,rifle,,0.7311,0.7778,Chronicle,Team Vitality,chamber,True,100,25,0,5,1,6,False,operator,sniper,,0.2600,0.4067,Derke,Team Vitality,neon,False,,50,1,0,0,7,True,vandal,rifle,,,,Jamppi,Team Vitality,kayo,True,100,50,1,1,1,4,False,vandal,rifle,,0.5967,0.5567,Sayonara,Team Vitality,sova,True,100,50,1,2,0,5,False,phantom,rifle,,0.6322,0.5333,PROFEK,Team Vitality,astra,True,100,50,0,0,0,7,True,vandal,rifle,,0.2600,0.4056
2961.926,5903,ACTIVE_ROUND,20,11,10,69.000,,,s0pp,FUT Esports,chamber,True,89,26,0,7,0,2,False,operator,sniper,,0.9211,0.5800,xeus,FUT Esports,jett,True,100,50,0,1,0,5,False,vandal,rifle,,0.8811,0.4722,sociablEE,FUT Esports,fade,True,100,50,1,1,0,1,False,phantom,rifle,,0.7711,0.7156,yetujey,FUT Esports,astra,True,100,50,1,1,0,3,False,phantom,rifle,,0.4333,0.7678,KROSTALY,FUT Esports,kayo,True,100,50,1,1,1,4,False,vandal,rifle,,0.7311,0.7778,Chronicle,Team Vitality,chamber,True,100,25,0,5,1,6,False,operator,sniper,,0.2600,0.4067,Derke,Team Vitality,neon,False,,50,1,0,0,7,True,vandal,rifle,,,,Jamppi,Team Vitality,kayo,True,100,50,1,1,1,4,False,vandal,rifle,,0.5944,0.5678,Sayonara,Team Vitality,sova,True,100,50,1,2,0,5,False,phantom,rifle,,0.8744,0.2133,PROFEK,Team Vitality,astra,True,100,50,0,0,0,7,True,vandal,rifle,,0.2667,0.4100
2962.409,5904,ACTIVE_ROUND,20,11,10,69.000,,,s0pp,FUT Esports,chamber,True,89,26,0,7,0,2,False,operator,sniper,,0.9211,0.5800,xeus,FUT Esports,jett,True,100,50,0,1,0,5,False,vandal,rifle,,0.7056,0.7811,sociablEE,FUT Esports,fade,True,100,50,1,1,0,1,False,phantom,rifle,,0.7711,0.7156,yetujey,FUT Esports,astra,True,100,50,1,2,0,3,False,phantom,rifle,,0.4333,0.7678,KROSTALY,FUT Esports,kayo,True,100,50,1,1,1,4,False,vandal,rifle,,0.7311,0.7778,Chronicle,Team Vitality,chamber,True,100,25,0,5,1,6,False,operator,sniper,,0.2600,0.4067,Derke,Team Vitality,neon,False,,50,1,0,0,7,True,vandal,rifle,,,,Jamppi,Team Vitality,kayo,True,100,50,1,1,1,4,False,vandal,rifle,,0.2811,0.4100,Sayonara,Team Vitality,sova,True,100,50,1,2,0,5,False,phantom,rifle,,0.6833,0.4311,PROFEK,Team Vitality,astra,True,100,50,1,0,0,7,True,vandal,rifle,,0.2667,0.4100
2962.893,5905,ACTIVE_ROUND,20,11,10,68.000,,,s0pp,FUT Esports,chamber,True,89,26,0,7,0,2,False,operator,sniper,,0.9211,0.5800,xeus,FUT Esports,jett,True,100,50,0,1,0,5,False,vandal,rifle,,0.6989,0.7833,sociablEE,FUT Esports,fade,True,100,50,1,1,0,1,False,phantom,rifle,,0.7711,0.7156,yetujey,FUT Esports,astra,True,100,50,1,2,0,3,False,phantom,rifle,,0.4333,0.7678,KROSTALY,FUT Esports,kayo,True,100,50,1,1,1,4,False,vandal,rifle,,0.7311,0.7778,Chronicle,Team Vitality,chamber,True,100,25,0,5,1,6,False,operator,sniper,,0.5444,0.5444,Derke,Team Vitality,neon,False,,50,1,0,0,7,True,vandal,rifle,,,,Jamppi,Team Vitality,kayo,True,100,50,1,1,1,4,False,vandal,rifle,,0.2278,0.4011,Sayonara,Team Vitality,sova,True,100,50,1,2,0,5,False,phantom,rifle,,0.3189,0.3911,PROFEK,Team Vitality,astra,True,100,50,1,0,0,7,True,vandal,rifle,,0.2889,0.4100
2963.377,5906,ACTIVE_ROUND,20,11,10,68.000,,,s0pp,FUT Esports,chamber,True,89,26,0,7,0,2,False,operator,sniper,,0.9211,0.5800,xeus,FUT Esports,jett,True,100,50,0,1,0,5,False,vandal,rifle,,0.7811,0.5944,sociablEE,FUT Esports,fade,True,100,50,1,1,0,1,False,phantom,rifle,,0.7711,0.7156,yetujey,FUT Esports,astra,True,100,50,1,2,0,3,False,phantom,rifle,,0.4333,0.7500,KROSTALY,FUT Esports,kayo,True,100,50,1,1,1,4,False,vandal,rifle,,0.7311,0.7778,Chronicle,Team Vitality,chamber,True,100,25,0,5,1,6,False,operator,sniper,,0.5444,0.5444,Derke,Team Vitality,neon,False,,50,1,0,0,7,True,vandal,rifle,,,,Jamppi,Team Vitality,kayo,True,100,50,1,1,1,4,False,vandal,rifle,,0.2278,0.4011,Sayonara,Team Vitality,sova,True,100,50,1,2,0,5,False,phantom,rifle,,0.2833,0.3844,PROFEK,Team Vitality,astra,True,100,50,1,0,0,7,True,vandal,rifle,,0.3000,0.4122
2963.861,5907,ACTIVE_ROUND,20,11,10,67.000,,,s0pp,FUT Esports,chamber,True,89,26,0,7,0,2,False,operator,sniper,,0.9211,0.5800,xeus,FUT Esports,jett,True,100,50,0,1,0,5,False,vandal,rifle,,0.7833,0.5922,sociablEE,FUT Esports,fade,True,100,50,1,1,0,1,False,phantom,rifle,,0.7711,0.7156,yetujey,FUT Esports,astra,True,100,50,1,2,0,3,False,phantom,rifle,,0.4356,0.7389,KROSTALY,FUT Esports,kayo,True,100,50,1,1,1,4,False,vandal,rifle,,0.7311,0.7778,Chronicle,Team Vitality,chamber,True,100,25,0,5,1,6,False,operator,sniper,,0.5444,0.5444,Derke,Team Vitality,neon,False,,50,1,0,0,7,True,vandal,rifle,,,,Jamppi,Team Vitality,kayo,True,100,50,1,1,1,4,False,vandal,rifle,,0.4989,0.5100,Sayonara,Team Vitality,sova,True,100,50,1,2,0,5,False,phantom,rifle,,0.5411,0.5089,PROFEK,Team Vitality,astra,True,100,50,1,0,0,7,True,vandal,rifle,,0.3111,0.4078
2964.345,5908,ACTIVE_ROUND,20,11,10,67.000,,,s0pp,FUT Esports,chamber,True,89,26,0,7,0,2,False,operator,sniper,,0.9211,0.5800,xeus,FUT Esports,jett,True,100,50,0,1,0,5,False,vandal,rifle,,0.8856,0.5722,sociablEE,FUT Esports,fade,True,100,50,0,1,0,1,False,phantom,rifle,,0.7711,0.7156,yetujey,FUT Esports,astra,True,100,50,1,1,0,3,False,phantom,rifle,,0.4378,0.7278,KROSTALY,FUT Esports,kayo,True,100,50,1,1,1,4,False,vandal,rifle,,0.7311,0.7778,Chronicle,Team Vitality,chamber,True,100,25,0,5,1,6,False,operator,sniper,,0.3200,0.4022,Derke,Team Vitality,neon,False,,50,1,0,0,7,True,vandal,rifle,,,,Jamppi,Team Vitality,kayo,True,100,50,1,1,1,4,False,vandal,rifle,,0.4989,0.5100,Sayonara,Team Vitality,sova,True,100,50,1,2,0,5,False,phantom,rifle,,0.5411,0.5044,PROFEK,Team Vitality,astra,True,100,50,1,0,0,7,True,vandal,rifle,,0.3111,0.4078
2964.829,5909,ACTIVE_ROUND,20,11,10,66.000,,,s0pp,FUT Esports,chamber,True,89,26,0,7,0,2,False,operator,sniper,,0.9211,0.5800,xeus,FUT Esports,jett,True,100,50,0,1,0,5,False,vandal,rifle,,0.4522,0.6722,sociablEE,FUT Esports,fade,True,100,50,0,1,0,1,False,phantom,rifle,,0.7711,0.7156,yetujey,FUT Esports,astra,True,100,50,1,1,0,3,False,phantom,rifle,,0.4400,0.7167,KROSTALY,FUT Esports,kayo,True,100,50,1,1,1,4,False,vandal,rifle,,0.7311,0.7778,Chronicle,Team Vitality,chamber,True,100,25,0,5,1,6,False,operator,sniper,,0.3200,0.4022,Derke,Team Vitality,neon,False,,50,1,0,0,7,True,vandal,rifle,,,,Jamppi,Team Vitality,kayo,True,100,50,1,1,1,4,False,vandal,rifle,,0.4989,0.5078,Sayonara,Team Vitality,sova,True,100,50,1,2,0,5,False,phantom,rifle,,0.3189,0.3622,PROFEK,Team Vitality,astra,True,100,50,1,0,0,7,True,vandal,rifle,,0.3267,0.3922
2965.312,5910,ACTIVE_ROUND,20,11,10,66.000,,,s0pp,FUT Esports,chamber,True,89,26,0,7,0,2,False,operator,sniper,,0.9211,0.5800,xeus,FUT Esports,jett,True,100,50,0,1,0,5,False,vandal,rifle,,0.4700,0.7989,sociablEE,FUT Esports,fade,True,100,50,0,1,0,1,False,phantom,rifle,,0.7711,0.7156,yetujey,FUT Esports,astra,True,100,50,1,1,0,3,False,phantom,rifle,,0.4378,0.7078,KROSTALY,FUT Esports,kayo,True,100,50,1,1,1,4,False,vandal,rifle,,0.7311,0.7778,Chronicle,Team Vitality,chamber,True,100,25,0,5,1,6,False,operator,sniper,,0.3200,0.4022,Derke,Team Vitality,neon,False,,50,1,0,0,7,True,vandal,rifle,,,,Jamppi,Team Vitality,kayo,True,100,50,1,1,1,4,False,vandal,rifle,,0.6300,0.5367,Sayonara,Team Vitality,sova,True,100,50,1,2,0,5,False,phantom,rifle,,0.8722,0.2133,PROFEK,Team Vitality,astra,True,100,50,1,0,0,7,True,vandal,rifle,,0.3333,0.3856
2965.796,5911,ACTIVE_ROUND,20,11,10,65.000,,,s0pp,FUT Esports,chamber,True,89,26,0,7,0,2,False,operator,sniper,,0.9211,0.5800,xeus,FUT Esports,jett,True,100,50,0,1,0,5,False,vandal,rifle,,0.6389,0.9189,sociablEE,FUT Esports,fade,True,100,50,0,1,0,1,False,phantom,rifle,,0.7711,0.7156,yetujey,FUT Esports,astra,True,100,50,1,1,0,3,False,phantom,rifle,,0.4378,0.7078,KROSTALY,FUT Esports,kayo,True,100,50,1,1,1,4,False,vandal,rifle,,0.7311,0.7778,Chronicle,Team Vitality,chamber,True,100,25,0,5,1,6,False,operator,sniper,,0.3200,0.4022,Derke,Team Vitality,neon,False,,50,1,0,0,7,True,vandal,rifle,,,,Jamppi,Team Vitality,kayo,True,100,50,1,1,1,4,False,vandal,rifle,,0.4989,0.5011,Sayonara,Team Vitality,sova,True,100,50,1,2,0,5,False,phantom,rifle,,0.8722,0.2133,PROFEK,Team Vitality,astra,True,100,50,1,0,0,7,True,vandal,rifle,,0.3400,0.3789
2966.280,5912,ACTIVE_ROUND,20,11,10,65.000,,,s0pp,FUT Esports,chamber,True,89,26,0,7,0,2,False,operator,sniper,,0.9211,0.5800,xeus,FUT Esports,jett,True,100,50,0,1,0,5,False,vandal,rifle,,0.6367,0.9233,sociablEE,FUT Esports,fade,True,100,50,0,1,0,1,False,phantom,rifle,,0.6467,0.7778,yetujey,FUT Esports,astra,True,100,50,1,2,0,3,False,phantom,rifle,,0.4378,0.7078,KROSTALY,FUT Esports,kayo,True,100,50,1,1,1,4,False,vandal,rifle,,0.7311,0.7778,Chronicle,Team Vitality,chamber,True,100,25,0,5,1,6,False,operator,sniper,,0.3200,0.4022,Derke,Team Vitality,neon,False,,50,1,0,0,7,True,vandal,rifle,,,,Jamppi,Team Vitality,kayo,True,100,50,1,1,1,4,False,vandal,rifle,,0.2811,0.3722,Sayonara,Team Vitality,sova,True,100,50,1,2,0,5,False,phantom,rifle,,0.8722,0.2133,PROFEK,Team Vitality,astra,True,100,50,1,0,0,7,True,vandal,rifle,,0.3400,0.3789
2966.764,5913,ACTIVE_ROUND,20,11,10,64.000,,,s0pp,FUT Esports,chamber,True,89,26,0,7,0,2,False,operator,sniper,,0.9211,0.5778,xeus,FUT Esports,jett,True,100,50,0,1,0,5,False,vandal,rifle,,0.7611,0.6078,sociablEE,FUT Esports,fade,True,100,50,0,1,0,1,False,phantom,rifle,,0.6378,0.7889,yetujey,FUT Esports,astra,True,100,50,1,2,0,3,False,phantom,rifle,,0.4378,0.7078,KROSTALY,FUT Esports,kayo,True,100,50,1,1,1,4,False,vandal,rifle,,0.7311,0.7778,Chronicle,Team Vitality,chamber,True,100,25,0,5,1,6,False,operator,sniper,,0.3200,0.4022,Derke,Team Vitality,neon,False,,50,1,0,0,7,True,vandal,rifle,,,,Jamppi,Team Vitality,kayo,True,100,50,1,1,1,4,False,vandal,rifle,,0.6544,0.5278,Sayonara,Team Vitality,sova,True,100,50,1,2,0,5,False,phantom,rifle,,0.8744,0.2133,PROFEK,Team Vitality,astra,True,100,50,1,0,0,7,True,vandal,rifle,,0.3400,0.3789
2967.248,5914,ACTIVE_ROUND,20,11,10,64.000,,,s0pp,FUT Esports,chamber,True,89,26,0,7,0,2,False,operator,sniper,,0.9211,0.5778,xeus,FUT Esports,jett,True,100,50,0,1,0,5,False,vandal,rifle,,0.8856,0.5722,sociablEE,FUT Esports,fade,True,100,50,0,1,0,1,False,phantom,rifle,,0.6422,0.7889,yetujey,FUT Esports,astra,True,100,50,1,2,0,3,False,phantom,rifle,,0.4378,0.7078,KROSTALY,FUT Esports,kayo,True,100,50,1,1,1,4,False,vandal,rifle,,0.7311,0.7778,Chronicle,Team Vitality,chamber,True,100,25,0,5,1,6,False,operator,sniper,,0.3200,0.4022,Derke,Team Vitality,neon,False,,50,1,0,0,7,True,vandal,rifle,,,,Jamppi,Team Vitality,kayo,True,100,50,1,1,1,4,False,vandal,rifle,,0.6767,0.4722,Sayonara,Team Vitality,sova,True,100,50,1,2,0,5,False,phantom,rifle,,0.8744,0.2133,PROFEK,Team Vitality,astra,True,100,50,1,0,0,7,True,vandal,rifle,,0.3400,0.3789
2967.731,5915,ACTIVE_ROUND,20,11,10,63.000,,,s0pp,FUT Esports,chamber,True,89,26,0,7,0,2,False,operator,sniper,,0.9189,0.5778,xeus,FUT Esports,jett,True,100,50,0,1,0,5,False,vandal,rifle,,0.8856,0.5722,sociablEE,FUT Esports,fade,True,100,50,0,1,0,1,False,phantom,rifle,,0.6422,0.7889,yetujey,FUT Esports,astra,True,100,50,1,2,0,3,False,phantom,rifle,,0.4378,0.7078,KROSTALY,FUT Esports,kayo,True,100,50,1,1,1,4,False,vandal,rifle,,0.7311,0.7778,Chronicle,Team Vitality,chamber,True,100,25,0,5,1,6,False,operator,sniper,,0.3200,0.4022,Derke,Team Vitality,neon,False,,50,1,0,0,7,True,vandal,rifle,,,,Jamppi,Team Vitality,kayo,True,100,50,1,1,1,4,False,vandal,rifle,,0.6722,0.5167,Sayonara,Team Vitality,sova,True,100,50,1,2,0,5,False,phantom,rifle,,0.7033,0.5000,PROFEK,Team Vitality,astra,True,100,50,1,0,0,7,True,vandal,rifle,,0.3400,0.3789
2968.215,5916,ACTIVE_ROUND,20,11,10,63.000,,,s0pp,FUT Esports,chamber,True,89,28,0,7,1,2,False,operator,sniper,,0.9189,0.5778,xeus,FUT Esports,jett,True,100,50,0,1,0,5,False,vandal,rifle,,0.7567,0.6144,sociablEE,FUT Esports,fade,True,100,50,0,1,0,1,False,phantom,rifle,,0.6422,0.7889,yetujey,FUT Esports,astra,True,100,50,1,2,0,3,False,phantom,rifle,,0.4378,0.7078,KROSTALY,FUT Esports,kayo,True,100,50,1,1,1,4,False,vandal,rifle,,0.7311,0.7778,Chronicle,Team Vitality,chamber,True,100,25,0,5,1,6,False,operator,sniper,,0.3200,0.4022,Derke,Team Vitality,neon,False,,50,1,0,0,7,True,vandal,rifle,,,,Jamppi,Team Vitality,kayo,True,100,50,1,1,1,4,False,vandal,rifle,,0.6633,0.5211,Sayonara,Team Vitality,sova,True,100,50,1,2,0,5,False,phantom,rifle,,0.8722,0.2133,PROFEK,Team Vitality,astra,True,100,50,0,0,0,7,True,vandal,rifle,,0.3400,0.3789
2968.699,5917,ACTIVE_ROUND,20,11,10,63.000,,,s0pp,FUT Esports,chamber,True,89,28,0,7,1,2,False,operator,sniper,,0.9189,0.5778,xeus,FUT Esports,jett,True,100,50,0,1,0,5,False,vandal,rifle,,0.6456,0.7611,sociablEE,FUT Esports,fade,True,100,50,0,1,0,1,False,phantom,rifle,,0.6800,0.7822,yetujey,FUT Esports,astra,True,100,50,1,2,0,3,False,phantom,rifle,,0.4378,0.7078,KROSTALY,FUT Esports,kayo,True,100,50,1,1,1,4,False,vandal,rifle,,0.7311,0.7778,Chronicle,Team Vitality,chamber,True,100,25,0,5,1,6,False,operator,sniper,,0.3200,0.4022,Derke,Team Vitality,neon,False,,50,1,0,0,7,True,vandal,rifle,,,,Jamppi,Team Vitality,kayo,True,100,50,1,1,1,4,False,vandal,rifle,,0.6678,0.5144,Sayonara,Team Vitality,sova,True,100,50,1,2,0,5,False,phantom,rifle,,0.6989,0.5022,PROFEK,Team Vitality,astra,True,100,50,0,0,0,7,True,vandal,rifle,,0.3400,0.3789
2969.183,5918,ACTIVE_ROUND,20,11,10,62.000,,,s0pp,FUT Esports,chamber,True,89,28,0,7,1,2,False,operator,sniper,,0.9189,0.5778,xeus,FUT Esports,jett,True,100,50,0,1,0,5,False,vandal,rifle,,0.6478,0.7633,sociablEE,FUT Esports,fade,True,100,50,0,1,0,1,False,phantom,rifle,,0.6800,0.7822,yetujey,FUT Esports,astra,True,100,50,1,2,0,3,False,phantom,rifle,,0.4378,0.7078,KROSTALY,FUT Esports,kayo,True,100,50,1,1,1,4,False,vandal,rifle,,0.7311,0.7778,Chronicle,Team Vitality,chamber,True,100,25,0,5,1,6,False,operator,sniper,,0.3200,0.4022,Derke,Team Vitality,neon,False,,50,1,0,0,7,True,vandal,rifle,,,,Jamppi,Team Vitality,kayo,True,100,50,1,1,1,4,False,vandal,rifle,,0.6878,0.5100,Sayonara,Team Vitality,sova,True,100,50,1,2,0,5,False,phantom,rifle,,0.7100,0.4756,PROFEK,Team Vitality,astra,True,100,50,0,0,0,7,True,vandal,rifle,,0.3400,0.3789
2969.667,5919,ACTIVE_ROUND,20,11,10,62.000,,,s0pp,FUT Esports,chamber,True,89,28,0,7,1,2,False,operator,sniper,,0.9189,0.5778,xeus,FUT Esports,jett,True,100,50,0,1,0,5,False,vandal,rifle,,0.8856,0.5722,sociablEE,FUT Esports,fade,True,100,50,0,1,0,1,False,phantom,rifle,,0.6800,0.7822,yetujey,FUT Esports,astra,True,100,50,1,2,0,3,False,phantom,rifle,,0.4378,0.7078,KROSTALY,FUT Esports,kayo,True,100,50,1,1,1,4,False,vandal,rifle,,0.7311,0.7778,Chronicle,Team Vitality,chamber,True,100,25,0,5,1,6,False,operator,sniper,,0.3200,0.4022,Derke,Team Vitality,neon,False,,50,1,0,0,7,True,vandal,rifle,,,,Jamppi,Team Vitality,kayo,True,100,50,1,1,1,4,False,vandal,rifle,,0.6944,0.4989,Sayonara,Team Vitality,sova,True,100,50,1,2,0,5,False,phantom,rifle,,0.7144,0.4622,PROFEK,Team Vitality,astra,True,100,50,0,0,0,7,True,vandal,rifle,,0.3400,0.3789
2970.151,5920,ACTIVE_ROUND,20,11,10,61.000,,,s0pp,FUT Esports,chamber,True,89,28,0,7,1,2,False,operator,sniper,,0.9189,0.5778,xeus,FUT Esports,jett,True,100,50,0,1,0,5,False,vandal,rifle,,0.7811,0.5944,sociablEE,FUT Esports,fade,True,100,50,0,1,0,1,False,phantom,rifle,,0.7000,0.7756,yetujey,FUT Esports,astra,True,100,50,1,2,0,3,False,phantom,rifle,,0.4378,0.7078,KROSTALY,FUT Esports,kayo,True,100,50,1,1,1,4,False,vandal,rifle,,0.7311,0.7778,Chronicle,Team Vitality,chamber,True,100,25,0,5,1,6,False,operator,sniper,,0.3200,0.4022,Derke,Team Vitality,neon,False,,50,1,0,0,7,True,vandal,rifle,,,,Jamppi,Team Vitality,kayo,True,100,50,1,1,0,4,False,vandal,rifle,,0.6989,0.4878,Sayonara,Team Vitality,sova,True,100,50,1,2,0,5,False,phantom,rifle,,0.7189,0.4489,PROFEK,Team Vitality,astra,True,100,50,1,0,0,7,True,vandal,rifle,,0.3400,0.3789
2970.634,5921,ACTIVE_ROUND,20,11,10,61.000,,,s0pp,FUT Esports,chamber,True,89,26,0,7,1,2,False,operator,sniper,,0.9189,0.5778,xeus,FUT Esports,jett,True,100,50,0,1,0,5,False,vandal,rifle,,0.4522,0.6744,sociablEE,FUT Esports,fade,True,100,50,0,1,0,1,False,phantom,rifle,,0.7000,0.7756,yetujey,FUT Esports,astra,True,100,50,1,2,0,3,False,phantom,rifle,,0.4422,0.7033,KROSTALY,FUT Esports,kayo,True,100,50,1,1,1,4,False,vandal,rifle,,0.7311,0.7778,Chronicle,Team Vitality,chamber,True,100,25,0,5,1,6,False,operator,sniper,,0.3200,0.4022,Derke,Team Vitality,neon,False,,50,1,0,0,7,True,vandal,rifle,,,,Jamppi,Team Vitality,kayo,True,100,50,1,1,0,4,False,vandal,rifle,,0.2856,0.4189,Sayonara,Team Vitality,sova,True,100,50,1,2,0,5,False,phantom,rifle,,0.7233,0.4333,PROFEK,Team Vitality,astra,True,100,50,1,0,0,7,True,vandal,rifle,,0.7022,0.4722
2971.118,5922,ACTIVE_ROUND,20,11,10,60.000,,,s0pp,FUT Esports,chamber,True,89,26,0,7,1,2,False,operator,sniper,,0.9189,0.5778,xeus,FUT Esports,jett,True,100,50,0,1,0,5,False,vandal,rifle,,0.6856,0.7211,sociablEE,FUT Esports,fade,True,100,50,0,1,0,1,False,phantom,rifle,,0.7000,0.7756,yetujey,FUT Esports,astra,True,100,50,1,2,0,3,False,phantom,rifle,,0.4400,0.7122,KROSTALY,FUT Esports,kayo,True,100,50,1,1,1,4,False,vandal,rifle,,0.7311,0.7778,Chronicle,Team Vitality,chamber,True,100,25,0,5,1,6,False,operator,sniper,,0.3200,0.4022,Derke,Team Vitality,neon,False,,50,1,0,0,7,True,vandal,rifle,,,,Jamppi,Team Vitality,kayo,True,100,50,1,1,0,4,False,vandal,rifle,,0.7033,0.4567,Sayonara,Team Vitality,sova,True,100,50,1,2,0,5,False,phantom,rifle,,0.3344,0.3978,PROFEK,Team Vitality,astra,True,100,50,1,0,0,7,True,vandal,rifle,,0.7022,0.4722
2971.602,5923,ACTIVE_ROUND,20,11,10,60.000,,,s0pp,FUT Esports,chamber,True,89,26,0,7,1,2,False,operator,sniper,,0.9189,0.5778,xeus,FUT Esports,jett,True,100,50,0,1,0,5,False,vandal,rifle,,0.4522,0.6967,sociablEE,FUT Esports,fade,True,100,50,0,1,0,1,False,phantom,rifle,,0.7178,0.7556,yetujey,FUT Esports,astra,True,100,50,1,2,0,3,False,phantom,rifle,,0.4400,0.7122,KROSTALY,FUT Esports,kayo,True,100,50,1,1,1,4,False,vandal,rifle,,0.7311,0.7778,Chronicle,Team Vitality,chamber,True,100,25,0,5,1,6,False,operator,sniper,,0.3200,0.4022,Derke,Team Vitality,neon,False,,50,1,0,0,7,True,vandal,rifle,,,,Jamppi,Team Vitality,kayo,True,100,50,1,1,0,4,False,vandal,rifle,,0.7078,0.4433,Sayonara,Team Vitality,sova,True,100,50,1,2,0,5,False,phantom,rifle,,0.7256,0.4067,PROFEK,Team Vitality,astra,True,100,50,1,0,0,7,True,vandal,rifle,,0.7022,0.4722
2972.086,5924,ACTIVE_ROUND,20,11,10,59.000,,,s0pp,FUT Esports,chamber,True,89,26,0,7,1,2,False,operator,sniper,,0.9189,0.5778,xeus,FUT Esports,jett,True,100,50,0,1,0,5,False,vandal,rifle,,0.7811,0.5944,sociablEE,FUT Esports,fade,True,100,50,0,1,0,1,False,phantom,rifle,,0.7178,0.7556,yetujey,FUT Esports,astra,True,100,50,1,2,0,3,False,phantom,rifle,,0.4467,0.7344,KROSTALY,FUT Esports,kayo,True,100,50,1,1,1,4,False,vandal,rifle,,0.7311,0.7778,Chronicle,Team Vitality,chamber,True,100,25,0,5,1,6,False,operator,sniper,,0.3200,0.4022,Derke,Team Vitality,neon,False,,50,1,0,0,7,True,vandal,rifle,,,,Jamppi,Team Vitality,kayo,True,100,50,1,1,0,4,False,vandal,rifle,,0.7100,0.4322,Sayonara,Team Vitality,sova,True,100,50,1,2,0,5,False,phantom,rifle,,0.7278,0.3911,PROFEK,Team Vitality,astra,True,100,50,0,0,0,7,True,vandal,rifle,,0.7022,0.4722
2972.570,5925,ACTIVE_ROUND,20,11,10,59.000,,,s0pp,FUT Esports,chamber,True,89,26,0,7,1,2,False,operator,sniper,,0.9189,0.5778,xeus,FUT Esports,jett,True,100,50,0,1,0,5,False,vandal,rifle,,0.8856,0.5678,sociablEE,FUT Esports,fade,True,100,50,0,1,0,1,False,phantom,rifle,,0.7178,0.7556,yetujey,FUT Esports,astra,True,100,50,1,2,0,3,False,phantom,rifle,,0.4467,0.7456,KROSTALY,FUT Esports,kayo,True,100,50,1,1,1,4,False,vandal,rifle,,0.7311,0.7778,Chronicle,Team Vitality,chamber,True,100,25,0,5,1,6,False,operator,sniper,,0.3200,0.4022,Derke,Team Vitality,neon,False,,50,1,0,0,7,True,vandal,rifle,,,,Jamppi,Team Vitality,kayo,True,100,50,1,1,0,4,False,vandal,rifle,,0.7122,0.4189,Sayonara,Team Vitality,sova,True,100,50,1,2,0,5,False,phantom,rifle,,0.7278,0.3911,PROFEK,Team Vitality,astra,True,100,50,0,0,0,7,True,vandal,rifle,,0.7022,0.4722
2973.053,5926,ACTIVE_ROUND,20,11,10,58.000,,,s0pp,FUT Esports,chamber,True,89,26,0,7,1,2,False,operator,sniper,,0.9189,0.5778,xeus,FUT Esports,jett,True,100,50,0,1,0,5,False,vandal,rifle,,0.7811,0.5944,sociablEE,FUT Esports,fade,True,100,50,0,1,0,1,False,phantom,rifle,,0.7444,0.7356,yetujey,FUT Esports,astra,True,100,50,1,2,0,3,False,phantom,rifle,,0.4467,0.7567,KROSTALY,FUT Esports,kayo,True,100,50,1,1,1,4,False,vandal,rifle,,0.7311,0.7778,Chronicle,Team Vitality,chamber,True,100,25,0,5,1,6,False,operator,sniper,,0.3200,0.4022,Derke,Team Vitality,neon,False,,50,1,0,0,7,True,vandal,rifle,,,,Jamppi,Team Vitality,kayo,True,100,50,1,1,0,4,False,vandal,rifle,,0.7167,0.4033,Sayonara,Team Vitality,sova,True,100,50,1,2,0,5,False,phantom,rifle,,0.7278,0.3911,PROFEK,Team Vitality,astra,True,100,50,0,0,0,7,True,vandal,rifle,,0.7022,0.4722
2973.537,5927,ACTIVE_ROUND,20,11,10,58.000,,,s0pp,FUT Esports,chamber,True,89,26,0,7,1,2,False,operator,sniper,,0.9189,0.5778,xeus,FUT Esports,jett,True,100,50,0,1,0,5,False,vandal,rifle,,0.3633,0.7678,sociablEE,FUT Esports,fade,True,100,50,0,1,0,1,False,phantom,rifle,,0.7533,0.7289,yetujey,FUT Esports,astra,True,100,50,1,2,0,3,False,phantom,rifle,,0.4556,0.7633,KROSTALY,FUT Esports,kayo,True,100,50,1,1,1,4,False,vandal,rifle,,0.7311,0.7778,Chronicle,Team Vitality,chamber,True,100,25,0,5,1,6,False,operator,sniper,,0.3111,0.3978,Derke,Team Vitality,neon,False,,50,1,0,0,7,True,vandal,rifle,,,,Jamppi,Team Vitality,kayo,True,100,50,1,1,0,4,False,vandal,rifle,,0.7189,0.3944,Sayonara,Team Vitality,sova,True,100,50,1,2,0,5,False,phantom,rifle,,0.7344,0.3578,PROFEK,Team Vitality,astra,True,100,50,0,0,0,7,True,vandal,rifle,,0.7022,0.4722
2974.021,5928,ACTIVE_ROUND,20,11,10,57.000,,,s0pp,FUT Esports,chamber,True,89,26,0,7,1,2,False,operator,sniper,,0.9189,0.5778,xeus,FUT Esports,jett,True,100,50,0,1,0,5,False,vandal,rifle,,0.8856,0.5700,sociablEE,FUT Esports,fade,True,100,50,0,1,0,1,False,phantom,rifle,,0.7533,0.7289,yetujey,FUT Esports,astra,True,100,50,1,1,0,3,False,phantom,rifle,,0.4578,0.7700,KROSTALY,FUT Esports,kayo,True,100,50,1,1,1,4,False,vandal,rifle,,0.7311,0.7778,Chronicle,Team Vitality,chamber,True,100,25,0,5,1,6,False,operator,sniper,,0.3111,0.3978,Derke,Team Vitality,neon,False,,50,1,0,0,7,True,vandal,rifle,,,,Jamppi,Team Vitality,kayo,True,100,50,1,1,0,4,False,vandal,rifle,,0.7256,0.3856,Sayonara,Team Vitality,sova,True,100,50,1,2,0,5,False,phantom,rifle,,0.7633,0.3689,PROFEK,Team Vitality,astra,True,100,50,0,0,0,7,True,vandal,rifle,,0.3000,0.4056
2974.505,5929,ACTIVE_ROUND,20,11,10,57.000,,,s0pp,FUT Esports,chamber,True,89,26,0,7,1,2,False,operator,sniper,,0.9189,0.5778,xeus,FUT Esports,jett,True,100,50,0,1,0,5,False,vandal,rifle,,0.3611,0.7700,sociablEE,FUT Esports,fade,True,100,50,0,1,0,1,False,phantom,rifle,,0.7644,0.7089,yetujey,FUT Esports,astra,True,100,50,1,1,0,3,False,phantom,rifle,,0.4578,0.7700,KROSTALY,FUT Esports,kayo,True,100,50,1,1,1,4,False,vandal,rifle,,0.7467,0.7311,Chronicle,Team Vitality,chamber,True,100,25,0,5,1,6,False,operator,sniper,,0.3111,0.3978,Derke,Team Vitality,neon,False,,50,1,0,0,7,True,vandal,rifle,,,,Jamppi,Team Vitality,kayo,True,100,50,1,1,0,4,False,vandal,rifle,,0.2322,0.3944,Sayonara,Team Vitality,sova,True,100,50,1,2,0,5,False,phantom,rifle,,0.7700,0.3667,PROFEK,Team Vitality,astra,True,100,50,0,0,0,7,True,vandal,rifle,,0.2889,0.4078
2974.989,5930,ACTIVE_ROUND,20,11,10,56.000,,,s0pp,FUT Esports,chamber,True,89,26,0,7,1,2,False,operator,sniper,,0.9189,0.5778,xeus,FUT Esports,jett,True,100,50,0,1,0,5,False,vandal,rifle,,0.3611,0.7700,sociablEE,FUT Esports,fade,True,100,50,0,1,0,1,False,phantom,rifle,,0.7644,0.7089,yetujey,FUT Esports,astra,True,100,50,1,1,0,3,False,phantom,rifle,,0.4578,0.7700,KROSTALY,FUT Esports,kayo,True,100,50,1,1,1,4,False,vandal,rifle,,0.7511,0.7200,Chronicle,Team Vitality,chamber,True,100,25,0,5,1,6,False,operator,sniper,,0.3111,0.3978,Derke,Team Vitality,neon,False,,50,1,0,0,7,True,vandal,rifle,,,,Jamppi,Team Vitality,kayo,True,100,50,1,1,0,4,False,vandal,rifle,,0.2811,0.4056,Sayonara,Team Vitality,sova,True,100,50,1,2,0,5,False,phantom,rifle,,0.7811,0.3667,PROFEK,Team Vitality,astra,True,100,50,0,0,0,7,True,vandal,rifle,,0.2889,0.4078
2975.472,5931,ACTIVE_ROUND,20,11,10,56.000,,,s0pp,FUT Esports,chamber,True,89,26,0,7,1,2,False,operator,sniper,,0.9189,0.5778,xeus,FUT Esports,jett,True,100,50,0,1,0,5,False,vandal,rifle,,0.3611,0.7722,sociablEE,FUT Esports,fade,True,100,50,0,1,0,1,False,phantom,rifle,,0.7644,0.7089,yetujey,FUT Esports,astra,True,100,50,1,1,0,3,False,phantom,rifle,,0.4578,0.7700,KROSTALY,FUT Esports,kayo,True,100,50,1,1,1,4,False,vandal,rifle,,0.7511,0.7200,Chronicle,Team Vitality,chamber,True,100,25,0,5,1,6,False,operator,sniper,,0.5378,0.5467,Derke,Team Vitality,neon,False,,50,1,0,0,7,True,vandal,rifle,,,,Jamppi,Team Vitality,kayo,True,100,50,1,1,0,4,False,vandal,rifle,,0.2144,0.3900,Sayonara,Team Vitality,sova,True,100,50,1,2,0,5,False,phantom,rifle,,0.7944,0.3667,PROFEK,Team Vitality,astra,True,100,50,0,0,0,7,True,vandal,rifle,,0.2889,0.4078
2975.956,5932,ACTIVE_ROUND,20,11,10,55.000,,,s0pp,FUT Esports,chamber,True,89,26,0,7,1,2,False,operator,sniper,,0.9189,0.5778,xeus,FUT Esports,jett,True,100,50,0,1,0,5,False,vandal,rifle,,0.3611,0.7722,sociablEE,FUT Esports,fade,True,100,50,0,1,0,1,False,phantom,rifle,,0.7644,0.7089,yetujey,FUT Esports,astra,True,100,50,1,2,0,3,False,phantom,rifle,,0.4578,0.7700,KROSTALY,FUT Esports,kayo,True,100,50,1,1,1,4,False,vandal,rifle,,0.7511,0.7200,Chronicle,Team Vitality,chamber,True,100,25,0,5,1,6,False,operator,sniper,,0.5378,0.5467,Derke,Team Vitality,neon,False,,50,1,0,0,7,True,vandal,rifle,,,,Jamppi,Team Vitality,kayo,True,100,50,1,1,0,4,False,vandal,rifle,,0.2144,0.3900,Sayonara,Team Vitality,sova,True,100,50,1,2,0,5,False,phantom,rifle,,0.8078,0.3711,PROFEK,Team Vitality,astra,True,100,50,0,0,0,7,True,vandal,rifle,,0.2622,0.4056
2976.440,5933,ACTIVE_ROUND,20,11,10,55.000,,,s0pp,FUT Esports,chamber,True,89,26,0,7,1,2,False,operator,sniper,,0.9189,0.5778,xeus,FUT Esports,jett,True,100,50,0,1,0,5,False,vandal,rifle,,0.3611,0.7767,sociablEE,FUT Esports,fade,True,100,50,0,1,0,1,False,phantom,rifle,,0.7644,0.7089,yetujey,FUT Esports,astra,True,100,50,1,2,0,3,False,phantom,rifle,,0.4578,0.7700,KROSTALY,FUT Esports,kayo,True,100,50,1,1,1,4,False,vandal,rifle,,0.7511,0.7200,Chronicle,Team Vitality,chamber,True,100,25,0,5,1,6,False,operator,sniper,,0.5378,0.5467,Derke,Team Vitality,neon,False,,50,1,0,0,7,True,vandal,rifle,,,,Jamppi,Team Vitality,kayo,True,100,50,1,1,0,4,False,vandal,rifle,,0.7678,0.3789,Sayonara,Team Vitality,sova,True,100,50,1,2,0,5,False,phantom,rifle,,0.8078,0.3711,PROFEK,Team Vitality,astra,True,100,50,0,0,0,7,True,vandal,rifle,,0.2622,0.4056
2976.924,5934,ACTIVE_ROUND,20,11,10,54.000,,,s0pp,FUT Esports,chamber,True,89,26,0,7,1,2,False,operator,sniper,,0.9189,0.5778,xeus,FUT Esports,jett,True,100,50,0,1,0,5,False,vandal,rifle,,0.3611,0.7767,sociablEE,FUT Esports,fade,True,100,50,0,1,0,1,False,phantom,rifle,,0.7644,0.7089,yetujey,FUT Esports,astra,True,100,50,1,2,0,3,False,phantom,rifle,,0.4578,0.7700,KROSTALY,FUT Esports,kayo,True,100,50,1,1,1,4,False,vandal,rifle,,0.7511,0.7200,Chronicle,Team Vitality,chamber,True,100,25,0,5,1,6,False,operator,sniper,,0.5400,0.5444,Derke,Team Vitality,neon,False,,50,1,0,0,7,True,vandal,rifle,,,,Jamppi,Team Vitality,kayo,True,100,50,1,1,0,4,False,vandal,rifle,,0.7656,0.3767,Sayonara,Team Vitality,sova,True,100,50,1,2,0,5,False,phantom,rifle,,0.7967,0.3578,PROFEK,Team Vitality,astra,True,100,50,0,0,0,7,True,vandal,rifle,,0.2622,0.4056
2977.408,5935,ACTIVE_ROUND,20,11,10,54.000,,,s0pp,FUT Esports,chamber,True,89,26,0,7,1,2,False,operator,sniper,,0.9189,0.5778,xeus,FUT Esports,jett,True,100,50,0,1,0,5,False,vandal,rifle,,0.3611,0.7722,sociablEE,FUT Esports,fade,True,100,50,0,1,0,1,False,phantom,rifle,,0.7644,0.7089,yetujey,FUT Esports,astra,True,100,50,1,2,0,3,False,phantom,rifle,,0.4578,0.7700,KROSTALY,FUT Esports,kayo,True,100,50,1,1,1,4,False,vandal,rifle,,0.7511,0.7200,Chronicle,Team Vitality,chamber,True,100,25,0,5,1,6,False,operator,sniper,,0.5400,0.5444,Derke,Team Vitality,neon,False,,50,1,0,0,7,True,vandal,rifle,,,,Jamppi,Team Vitality,kayo,True,100,50,1,1,0,4,False,vandal,rifle,,0.7656,0.3767,Sayonara,Team Vitality,sova,True,100,50,1,2,0,5,False,phantom,rifle,,0.8744,0.2156,PROFEK,Team Vitality,astra,True,100,50,0,0,0,7,True,vandal,rifle,,0.2644,0.4056
2977.892,5936,ACTIVE_ROUND,20,11,10,53.000,,,s0pp,FUT Esports,chamber,True,89,26,0,7,1,2,False,operator,sniper,,0.9189,0.5778,xeus,FUT Esports,jett,True,100,50,0,1,0,5,False,vandal,rifle,,0.8856,0.5700,sociablEE,FUT Esports,fade,True,100,50,0,1,0,1,False,phantom,rifle,,0.7644,0.7089,yetujey,FUT Esports,astra,True,100,50,1,2,0,3,False,phantom,rifle,,0.4933,0.8344,KROSTALY,FUT Esports,kayo,True,100,50,1,1,1,4,False,vandal,rifle,,0.7511,0.7200,Chronicle,Team Vitality,chamber,True,100,25,0,5,1,6,False,operator,sniper,,0.5400,0.5444,Derke,Team Vitality,neon,False,,50,1,0,0,7,True,vandal,rifle,,,,Jamppi,Team Vitality,kayo,True,100,50,1,1,0,4,False,vandal,rifle,,0.2856,0.4100,Sayonara,Team Vitality,sova,True,100,50,1,2,0,5,False,phantom,rifle,,0.8100,0.3711,PROFEK,Team Vitality,astra,True,100,50,1,0,0,7,True,vandal,rifle,,0.2644,0.4056
2978.375,5937,ACTIVE_ROUND,20,11,10,53.000,,,s0pp,FUT Esports,chamber,True,89,26,0,7,1,2,False,operator,sniper,,0.9189,0.5778,xeus,FUT Esports,jett,True,100,50,0,1,0,5,False,vandal,rifle,,0.3611,0.7144,sociablEE,FUT Esports,fade,True,100,50,0,1,0,1,False,phantom,rifle,,0.7644,0.7089,yetujey,FUT Esports,astra,True,100,50,1,2,0,3,False,phantom,rifle,,0.4933,0.8344,KROSTALY,FUT Esports,kayo,True,100,50,1,1,1,4,False,vandal,rifle,,0.7511,0.7200,Chronicle,Team Vitality,chamber,True,100,25,0,5,1,6,False,operator,sniper,,0.5400,0.5444,Derke,Team Vitality,neon,False,,50,1,0,0,7,True,vandal,rifle,,,,Jamppi,Team Vitality,kayo,True,100,50,1,1,0,4,False,vandal,rifle,,0.5033,0.5100,Sayonara,Team Vitality,sova,True,100,50,1,2,0,5,False,phantom,rifle,,0.8122,0.3711,PROFEK,Team Vitality,astra,True,100,50,1,0,0,7,True,vandal,rifle,,0.3044,0.4078
2978.859,5938,ACTIVE_ROUND,20,11,10,52.000,,,s0pp,FUT Esports,chamber,True,89,26,0,7,1,2,False,operator,sniper,,0.9189,0.5778,xeus,FUT Esports,jett,True,100,50,0,1,0,5,False,vandal,rifle,,0.8856,0.5722,sociablEE,FUT Esports,fade,True,100,50,0,1,0,1,False,phantom,rifle,,0.7644,0.7089,yetujey,FUT Esports,astra,True,100,50,1,2,0,3,False,phantom,rifle,,0.4933,0.8344,KROSTALY,FUT Esports,kayo,True,100,50,1,1,1,4,False,vandal,rifle,,0.7822,0.6333,Chronicle,Team Vitality,chamber,True,100,25,0,5,1,6,False,operator,sniper,,0.5400,0.5444,Derke,Team Vitality,neon,False,,50,1,0,0,7,True,vandal,rifle,,,,Jamppi,Team Vitality,kayo,True,100,50,1,1,0,4,False,vandal,rifle,,0.5033,0.5100,Sayonara,Team Vitality,sova,True,100,50,1,2,0,5,False,phantom,rifle,,0.8122,0.3711,PROFEK,Team Vitality,astra,True,100,50,1,0,0,7,True,vandal,rifle,,0.3200,0.3922
2979.343,5939,ACTIVE_ROUND,20,11,10,52.000,,,s0pp,FUT Esports,chamber,True,89,26,0,7,1,2,False,operator,sniper,,0.9189,0.5778,xeus,FUT Esports,jett,True,100,50,0,1,0,5,False,vandal,rifle,,0.8856,0.5700,sociablEE,FUT Esports,fade,True,100,50,0,1,0,1,False,phantom,rifle,,0.8022,0.6133,yetujey,FUT Esports,astra,True,100,50,1,2,0,3,False,phantom,rifle,,0.4933,0.8344,KROSTALY,FUT Esports,kayo,True,100,50,1,1,1,4,False,vandal,rifle,,0.7822,0.6333,Chronicle,Team Vitality,chamber,True,100,25,0,5,1,6,False,operator,sniper,,0.5400,0.5444,Derke,Team Vitality,neon,False,,50,1,0,0,7,True,vandal,rifle,,,,Jamppi,Team Vitality,kayo,True,100,50,1,1,0,4,False,vandal,rifle,,0.2722,0.3456,Sayonara,Team Vitality,sova,True,100,50,1,2,0,5,False,phantom,rifle,,0.8122,0.3711,PROFEK,Team Vitality,astra,True,100,50,1,0,0,7,True,vandal,rifle,,0.3200,0.3722
2979.827,5940,ACTIVE_ROUND,20,11,10,51.000,,,s0pp,FUT Esports,chamber,True,89,26,0,7,1,2,False,operator,sniper,,0.9189,0.5778,xeus,FUT Esports,jett,True,100,50,0,1,0,5,False,vandal,rifle,,0.1811,0.6700,sociablEE,FUT Esports,fade,True,100,50,0,1,0,1,False,phantom,rifle,,0.8022,0.6133,yetujey,FUT Esports,astra,True,100,50,1,2,0,3,False,phantom,rifle,,0.4933,0.8344,KROSTALY,FUT Esports,kayo,True,100,50,1,1,1,4,False,vandal,rifle,,0.7822,0.6333,Chronicle,Team Vitality,chamber,True,100,25,0,5,1,6,False,operator,sniper,,0.5400,0.5444,Derke,Team Vitality,neon,False,,50,1,0,0,7,True,vandal,rifle,,,,Jamppi,Team Vitality,kayo,True,100,50,1,1,0,4,False,vandal,rifle,,0.2722,0.3456,Sayonara,Team Vitality,sova,True,100,50,1,2,0,5,False,phantom,rifle,,0.8122,0.3711,PROFEK,Team Vitality,astra,True,100,50,1,0,0,7,True,vandal,rifle,,0.3200,0.3700
2980.311,5941,ACTIVE_ROUND,20,11,10,51.000,,,s0pp,FUT Esports,chamber,True,89,26,0,7,1,2,False,operator,sniper,,0.9189,0.5778,xeus,FUT Esports,jett,True,100,50,0,1,0,5,False,vandal,rifle,,0.1478,0.6900,sociablEE,FUT Esports,fade,True,100,50,0,1,0,1,False,phantom,rifle,,0.8022,0.6133,yetujey,FUT Esports,astra,True,100,50,1,2,0,3,False,phantom,rifle,,0.4933,0.8344,KROSTALY,FUT Esports,kayo,True,100,50,1,1,1,4,False,vandal,rifle,,0.7822,0.6333,Chronicle,Team Vitality,chamber,True,100,25,0,5,1,6,False,operator,sniper,,0.5400,0.5444,Derke,Team Vitality,neon,False,,50,1,0,0,7,True,vandal,rifle,,,,Jamppi,Team Vitality,kayo,True,100,50,1,1,0,4,False,vandal,rifle,,0.2722,0.3456,Sayonara,Team Vitality,sova,True,100,50,1,2,0,5,False,phantom,rifle,,0.8122,0.3556,PROFEK,Team Vitality,astra,True,100,50,1,0,0,7,True,vandal,rifle,,0.3200,0.3700
2980.794,5942,ACTIVE_ROUND,20,11,10,50.000,,,s0pp,FUT Esports,chamber,True,89,26,0,7,1,2,False,operator,sniper,,0.9189,0.5778,xeus,FUT Esports,jett,True,100,50,0,1,0,5,False,vandal,rifle,,0.1478,0.6900,sociablEE,FUT Esports,fade,True,100,50,0,1,0,1,False,phantom,rifle,,0.8400,0.6000,yetujey,FUT Esports,astra,True,100,50,1,2,0,3,False,phantom,rifle,,0.4933,0.8344,KROSTALY,FUT Esports,kayo,True,100,50,1,1,1,4,False,vandal,rifle,,0.7822,0.6333,Chronicle,Team Vitality,chamber,True,100,25,0,5,1,6,False,operator,sniper,,0.5400,0.5444,Derke,Team Vitality,neon,False,,50,1,0,0,7,True,vandal,rifle,,,,Jamppi,Team Vitality,kayo,True,100,50,1,1,0,4,False,vandal,rifle,,0.2722,0.3456,Sayonara,Team Vitality,sova,True,100,50,1,2,0,5,False,phantom,rifle,,0.8122,0.3556,PROFEK,Team Vitality,astra,True,100,50,1,0,0,7,True,vandal,rifle,,0.3200,0.3700
2981.278,5943,ACTIVE_ROUND,20,11,10,50.000,,,s0pp,FUT Esports,chamber,True,89,26,0,7,1,2,False,operator,sniper,,0.9189,0.5778,xeus,FUT Esports,jett,True,100,50,0,1,0,5,False,vandal,rifle,,0.8833,0.5722,sociablEE,FUT Esports,fade,True,100,50,0,1,0,1,False,phantom,rifle,,0.8533,0.6000,yetujey,FUT Esports,astra,True,100,50,1,2,0,3,False,phantom,rifle,,0.5378,0.8122,KROSTALY,FUT Esports,kayo,True,100,50,1,1,1,4,False,vandal,rifle,,0.7822,0.6333,Chronicle,Team Vitality,chamber,True,100,25,0,5,1,6,False,operator,sniper,,0.5400,0.5444,Derke,Team Vitality,neon,False,,50,1,0,0,7,True,vandal,rifle,,,,Jamppi,Team Vitality,kayo,True,100,50,1,1,0,4,False,vandal,rifle,,0.2722,0.3456,Sayonara,Team Vitality,sova,True,100,50,1,2,0,5,False,phantom,rifle,,0.8078,0.3578,PROFEK,Team Vitality,astra,True,100,50,1,0,0,7,True,vandal,rifle,,0.3200,0.3700
2981.762,5944,ACTIVE_ROUND,20,11,10,49.000,,,s0pp,FUT Esports,chamber,True,89,26,0,7,1,2,False,operator,sniper,,0.9189,0.5778,xeus,FUT Esports,jett,True,100,50,0,1,0,5,False,vandal,rifle,,0.5344,0.7767,sociablEE,FUT Esports,fade,True,100,50,0,1,0,1,False,phantom,rifle,,0.8667,0.5956,yetujey,FUT Esports,astra,True,100,50,1,1,0,3,False,phantom,rifle,,0.5489,0.8056,KROSTALY,FUT Esports,kayo,True,100,50,1,1,1,4,False,vandal,rifle,,0.8356,0.6067,Chronicle,Team Vitality,chamber,True,100,25,0,5,1,6,False,operator,sniper,,0.5400,0.5444,Derke,Team Vitality,neon,False,,50,1,0,0,7,True,vandal,rifle,,,,Jamppi,Team Vitality,kayo,True,100,50,1,1,0,4,False,vandal,rifle,,0.2722,0.3456,Sayonara,Team Vitality,sova,True,100,50,1,2,0,5,False,phantom,rifle,,0.8056,0.3578,PROFEK,Team Vitality,astra,True,100,50,0,0,0,7,True,vandal,rifle,,0.3200,0.3700
2982.246,5945,ACTIVE_ROUND,20,11,10,49.000,,,s0pp,FUT Esports,chamber,True,89,26,0,7,1,2,False,operator,sniper,,0.9189,0.5778,xeus,FUT Esports,jett,True,100,50,0,1,0,5,False,vandal,rifle,,0.7789,0.5944,sociablEE,FUT Esports,fade,True,100,50,0,1,0,1,False,phantom,rifle,,0.8778,0.5867,yetujey,FUT Esports,astra,True,100,50,1,1,0,3,False,phantom,rifle,,0.5600,0.8011,KROSTALY,FUT Esports,kayo,True,100,50,1,1,1,4,False,vandal,rifle,,0.8356,0.6067,Chronicle,Team Vitality,chamber,True,100,25,0,5,1,6,False,operator,sniper,,0.5400,0.5444,Derke,Team Vitality,neon,False,,50,1,0,0,7,True,vandal,rifle,,,,Jamppi,Team Vitality,kayo,True,100,50,1,1,0,4,False,vandal,rifle,,0.2722,0.3478,Sayonara,Team Vitality,sova,True,100,50,1,2,0,5,False,phantom,rifle,,0.8078,0.3578,PROFEK,Team Vitality,astra,True,100,50,0,0,0,7,True,vandal,rifle,,0.7778,0.3789
2982.730,5946,ACTIVE_ROUND,20,11,10,49.000,,,s0pp,FUT Esports,chamber,True,89,26,0,7,1,2,False,operator,sniper,,0.9189,0.5778,xeus,FUT Esports,jett,True,100,50,0,1,0,5,False,vandal,rifle,,0.7833,0.5944,sociablEE,FUT Esports,fade,True,100,50,0,1,0,1,False,phantom,rifle,,0.8911,0.5800,yetujey,FUT Esports,astra,True,100,50,1,1,0,3,False,phantom,rifle,,0.5711,0.7967,KROSTALY,FUT Esports,kayo,True,100,50,1,1,1,4,False,vandal,rifle,,0.8356,0.6067,Chronicle,Team Vitality,chamber,True,100,25,0,5,1,6,False,operator,sniper,,0.5400,0.5444,Derke,Team Vitality,neon,False,,50,1,0,0,7,True,vandal,rifle,,,,Jamppi,Team Vitality,kayo,True,100,50,1,1,0,4,False,vandal,rifle,,0.2767,0.3611,Sayonara,Team Vitality,sova,True,100,50,1,2,0,5,False,phantom,rifle,,0.8078,0.3556,PROFEK,Team Vitality,astra,True,100,50,0,0,0,7,True,vandal,rifle,,0.7778,0.3767
2983.214,5947,ACTIVE_ROUND,20,11,10,48.000,,,s0pp,FUT Esports,chamber,True,89,26,0,7,1,2,False,operator,sniper,,0.9189,0.5778,xeus,FUT Esports,jett,True,100,50,0,1,0,5,False,vandal,rifle,,0.7833,0.5944,sociablEE,FUT Esports,fade,True,100,50,0,1,0,1,False,phantom,rifle,,0.8978,0.5711,yetujey,FUT Esports,astra,True,100,50,1,1,0,3,False,phantom,rifle,,0.5800,0.7922,KROSTALY,FUT Esports,kayo,True,100,50,1,1,1,4,False,vandal,rifle,,0.8356,0.6067,Chronicle,Team Vitality,chamber,True,100,25,0,5,1,6,False,operator,sniper,,0.5400,0.5444,Derke,Team Vitality,neon,False,,50,1,0,0,7,True,vandal,rifle,,,,Jamppi,Team Vitality,kayo,True,100,50,1,1,0,4,False,vandal,rifle,,0.7767,0.3722,Sayonara,Team Vitality,sova,True,100,50,1,2,0,5,False,phantom,rifle,,0.8100,0.3556,PROFEK,Team Vitality,astra,True,100,50,0,0,0,7,True,vandal,rifle,,0.3378,0.3811
2983.697,5948,ACTIVE_ROUND,20,11,10,48.000,,,s0pp,FUT Esports,chamber,True,89,26,0,7,1,2,False,operator,sniper,,0.9211,0.5778,xeus,FUT Esports,jett,True,100,50,0,1,0,5,False,vandal,rifle,,0.7833,0.5944,sociablEE,FUT Esports,fade,True,100,50,0,1,0,1,False,phantom,rifle,,0.8978,0.5600,yetujey,FUT Esports,astra,True,100,50,1,0,0,3,False,phantom,rifle,,0.5911,0.7922,KROSTALY,FUT Esports,kayo,True,100,50,1,1,1,4,False,vandal,rifle,,0.8356,0.6067,Chronicle,Team Vitality,chamber,True,100,25,0,5,1,6,False,operator,sniper,,0.5400,0.5444,Derke,Team Vitality,neon,False,,50,1,0,0,7,True,vandal,rifle,,,,Jamppi,Team Vitality,kayo,True,100,50,1,1,0,4,False,vandal,rifle,,0.7767,0.3722,Sayonara,Team Vitality,sova,True,100,50,1,2,0,5,False,phantom,rifle,,0.8078,0.3556,PROFEK,Team Vitality,astra,True,100,50,0,0,0,7,True,vandal,rifle,,0.3378,0.3811
2984.181,5949,ACTIVE_ROUND,20,11,10,47.000,,,s0pp,FUT Esports,chamber,True,89,26,0,7,1,2,False,operator,sniper,,0.9189,0.5778,xeus,FUT Esports,jett,True,100,50,0,1,0,5,False,vandal,rifle,,0.7833,0.5944,sociablEE,FUT Esports,fade,True,100,50,0,1,0,1,False,phantom,rifle,,0.9000,0.5489,yetujey,FUT Esports,astra,True,100,50,1,0,0,3,False,phantom,rifle,,0.6022,0.7900,KROSTALY,FUT Esports,kayo,True,100,50,1,1,1,4,False,vandal,rifle,,0.8911,0.5956,Chronicle,Team Vitality,chamber,True,100,25,0,5,1,6,False,operator,sniper,,0.5400,0.5444,Derke,Team Vitality,neon,False,,50,1,0,0,7,True,vandal,rifle,,,,Jamppi,Team Vitality,kayo,True,100,50,1,1,0,4,False,vandal,rifle,,0.7789,0.3767,Sayonara,Team Vitality,sova,True,100,50,1,2,0,5,False,phantom,rifle,,0.8078,0.3600,PROFEK,Team Vitality,astra,True,100,50,0,0,0,7,True,vandal,rifle,,0.3378,0.3811
2984.665,5950,ACTIVE_ROUND,20,11,10,47.000,,,s0pp,FUT Esports,chamber,True,89,26,0,7,1,2,False,operator,sniper,,0.9189,0.5778,xeus,FUT Esports,jett,True,100,50,0,1,0,5,False,vandal,rifle,,0.7833,0.5944,sociablEE,FUT Esports,fade,True,100,50,0,1,0,1,False,phantom,rifle,,0.9044,0.5467,yetujey,FUT Esports,astra,True,100,50,1,0,0,3,False,phantom,rifle,,0.6133,0.7922,KROSTALY,FUT Esports,kayo,True,100,50,1,1,1,4,False,vandal,rifle,,0.8911,0.5956,Chronicle,Team Vitality,chamber,True,100,25,0,5,1,6,False,operator,sniper,,0.5400,0.5444,Derke,Team Vitality,neon,False,,50,1,0,0,7,True,vandal,rifle,,,,Jamppi,Team Vitality,kayo,True,100,50,1,1,0,4,False,vandal,rifle,,0.3167,0.3989,Sayonara,Team Vitality,sova,True,100,50,1,2,0,5,False,phantom,rifle,,0.8078,0.3578,PROFEK,Team Vitality,astra,True,100,50,0,0,0,7,True,vandal,rifle,,0.7778,0.3789
2985.149,5951,ACTIVE_ROUND,20,11,10,46.000,,,s0pp,FUT Esports,chamber,True,89,26,0,7,1,2,False,operator,sniper,,0.9189,0.5778,xeus,FUT Esports,jett,True,100,50,0,1,0,5,False,vandal,rifle,,0.6056,0.7700,sociablEE,FUT Esports,fade,True,100,50,0,1,0,1,False,phantom,rifle,,0.9089,0.5400,yetujey,FUT Esports,astra,True,100,50,1,0,0,3,False,phantom,rifle,,0.6244,0.7944,KROSTALY,FUT Esports,kayo,True,100,50,1,1,1,4,False,vandal,rifle,,0.9044,0.5800,Chronicle,Team Vitality,chamber,True,100,25,0,5,1,6,False,operator,sniper,,0.5400,0.5444,Derke,Team Vitality,neon,False,,50,1,0,0,7,True,vandal,rifle,,,,Jamppi,Team Vitality,kayo,True,100,50,1,1,0,4,False,vandal,rifle,,0.5033,0.5100,Sayonara,Team Vitality,sova,True,100,50,1,2,0,5,False,phantom,rifle,,0.8722,0.2156,PROFEK,Team Vitality,astra,True,100,50,0,0,0,7,True,vandal,rifle,,0.2978,0.3856
2985.633,5952,ACTIVE_ROUND,20,11,10,46.000,,,s0pp,FUT Esports,chamber,True,89,26,0,7,1,2,False,operator,sniper,,0.9189,0.5778,xeus,FUT Esports,jett,True,100,50,0,1,0,5,False,vandal,rifle,,0.6433,0.7611,sociablEE,FUT Esports,fade,True,100,50,0,1,0,1,False,phantom,rifle,,0.9089,0.5289,yetujey,FUT Esports,astra,True,100,50,1,0,0,3,False,phantom,rifle,,0.6244,0.7944,KROSTALY,FUT Esports,kayo,True,100,50,1,1,1,4,False,vandal,rifle,,0.9044,0.5800,Chronicle,Team Vitality,chamber,True,100,25,0,5,1,6,False,operator,sniper,,0.5400,0.5444,Derke,Team Vitality,neon,False,,50,1,0,0,7,True,vandal,rifle,,,,Jamppi,Team Vitality,kayo,True,100,50,1,1,0,4,False,vandal,rifle,,0.5033,0.5100,Sayonara,Team Vitality,sova,True,100,50,1,2,0,5,False,phantom,rifle,,0.8167,0.3711,PROFEK,Team Vitality,astra,True,100,50,0,0,0,7,True,vandal,rifle,,0.2978,0.3856
2986.116,5953,ACTIVE_ROUND,20,11,10,45.000,,,s0pp,FUT Esports,chamber,True,89,26,0,7,1,2,False,operator,sniper,,0.9189,0.5778,xeus,FUT Esports,jett,True,100,50,0,1,0,5,False,vandal,rifle,,0.6456,0.7611,sociablEE,FUT Esports,fade,True,100,50,0,1,0,1,False,phantom,rifle,,0.9089,0.5156,yetujey,FUT Esports,astra,True,100,50,1,0,0,3,False,phantom,rifle,,0.6244,0.7944,KROSTALY,FUT Esports,kayo,True,100,50,1,1,1,4,False,vandal,rifle,,0.9111,0.5667,Chronicle,Team Vitality,chamber,True,100,25,0,5,1,6,False,operator,sniper,,0.5400,0.5444,Derke,Team Vitality,neon,False,,50,1,0,0,7,True,vandal,rifle,,,,Jamppi,Team Vitality,kayo,True,100,50,1,1,0,4,False,vandal,rifle,,0.5033,0.5100,Sayonara,Team Vitality,sova,True,100,50,1,2,0,5,False,phantom,rifle,,0.8056,0.3600,PROFEK,Team Vitality,astra,True,100,50,0,0,0,7,True,vandal,rifle,,0.7733,0.3767
2986.600,5954,ACTIVE_ROUND,20,11,10,45.000,,,s0pp,FUT Esports,chamber,True,89,26,0,7,1,2,False,operator,sniper,,0.7767,0.4244,xeus,FUT Esports,jett,True,100,50,0,1,0,5,False,vandal,rifle,,0.6278,0.7856,sociablEE,FUT Esports,fade,True,100,50,0,1,0,1,False,phantom,rifle,,0.9089,0.5044,yetujey,FUT Esports,astra,True,100,50,1,0,0,3,False,phantom,rifle,,0.6244,0.7944,KROSTALY,FUT Esports,kayo,True,100,50,1,1,1,4,False,vandal,rifle,,0.9178,0.5578,Chronicle,Team Vitality,chamber,True,100,25,0,5,1,6,False,operator,sniper,,0.5400,0.5444,Derke,Team Vitality,neon,False,,50,1,0,0,7,True,vandal,rifle,,,,Jamppi,Team Vitality,kayo,True,100,50,1,1,0,4,False,vandal,rifle,,0.7611,0.3700,Sayonara,Team Vitality,sova,True,100,50,1,2,0,5,False,phantom,rifle,,0.8722,0.2156,PROFEK,Team Vitality,astra,True,100,50,0,0,0,7,True,vandal,rifle,,0.7733,0.3767
2987.084,5955,ACTIVE_ROUND,20,11,10,44.000,,,s0pp,FUT Esports,chamber,True,89,26,0,7,1,2,False,operator,sniper,,0.7767,0.4244,xeus,FUT Esports,jett,True,100,50,0,1,0,5,False,vandal,rifle,,0.6500,0.7678,sociablEE,FUT Esports,fade,True,100,50,0,1,0,1,False,phantom,rifle,,0.9022,0.4956,yetujey,FUT Esports,astra,True,100,50,1,0,0,3,False,phantom,rifle,,0.6244,0.7944,KROSTALY,FUT Esports,kayo,True,100,50,1,1,1,4,False,vandal,rifle,,0.9178,0.5578,Chronicle,Team Vitality,chamber,True,100,25,0,5,1,6,False,operator,sniper,,0.5400,0.5444,Derke,Team Vitality,neon,False,,50,1,0,0,7,True,vandal,rifle,,,,Jamppi,Team Vitality,kayo,True,100,50,1,1,0,4,False,vandal,rifle,,0.7611,0.3678,Sayonara,Team Vitality,sova,True,100,50,1,2,0,5,False,phantom,rifle,,0.7967,0.3556,PROFEK,Team Vitality,astra,True,100,50,0,0,0,7,True,vandal,rifle,,0.2756,0.3189
2987.568,5956,ACTIVE_ROUND,20,11,10,44.000,,,s0pp,FUT Esports,chamber,True,89,26,0,7,1,2,False,operator,sniper,,0.7767,0.4244,xeus,FUT Esports,jett,True,100,50,0,1,0,5,False,vandal,rifle,,0.7878,0.3833,sociablEE,FUT Esports,fade,True,100,50,0,1,0,1,False,phantom,rifle,,0.8978,0.4867,yetujey,FUT Esports,astra,True,100,50,1,1,0,3,False,phantom,rifle,,0.6244,0.7944,KROSTALY,FUT Esports,kayo,True,100,50,1,1,1,4,False,vandal,rifle,,0.9178,0.5578,Chronicle,Team Vitality,chamber,True,100,25,0,5,1,6,False,operator,sniper,,0.5400,0.5444,Derke,Team Vitality,neon,False,,50,1,0,0,7,True,vandal,rifle,,,,Jamppi,Team Vitality,kayo,True,100,50,1,1,0,4,False,vandal,rifle,,0.7700,0.3722,Sayonara,Team Vitality,sova,True,100,50,1,2,0,5,False,phantom,rifle,,0.8056,0.3600,PROFEK,Team Vitality,astra,True,100,50,0,0,0,7,True,vandal,rifle,,0.2533,0.3144
2988.052,5957,ACTIVE_ROUND,20,11,10,43.000,,,s0pp,FUT Esports,chamber,True,89,26,0,7,1,2,False,operator,sniper,,0.7767,0.4244,xeus,FUT Esports,jett,True,100,50,0,1,0,5,False,vandal,rifle,,0.7967,0.3856,sociablEE,FUT Esports,fade,True,100,50,0,1,0,1,False,phantom,rifle,,0.8911,0.4778,yetujey,FUT Esports,astra,True,100,50,1,1,0,3,False,phantom,rifle,,0.6244,0.7944,KROSTALY,FUT Esports,kayo,True,100,50,1,1,1,4,False,vandal,rifle,,0.9178,0.5578,Chronicle,Team Vitality,chamber,True,100,25,0,5,1,6,False,operator,sniper,,0.5400,0.5444,Derke,Team Vitality,neon,False,,50,1,0,0,7,True,vandal,rifle,,,,Jamppi,Team Vitality,kayo,True,100,50,1,1,0,4,False,vandal,rifle,,0.7744,0.3744,Sayonara,Team Vitality,sova,True,100,50,1,2,0,5,False,phantom,rifle,,0.8078,0.3578,PROFEK,Team Vitality,astra,True,100,50,0,0,0,7,True,vandal,rifle,,0.2533,0.3144
2988.536,5958,ACTIVE_ROUND,20,11,10,43.000,,,s0pp,FUT Esports,chamber,True,89,26,0,7,1,2,False,operator,sniper,,0.7767,0.4244,xeus,FUT Esports,jett,True,100,50,0,1,0,5,False,vandal,rifle,,0.7767,0.5944,sociablEE,FUT Esports,fade,True,100,50,0,1,0,1,False,phantom,rifle,,0.8911,0.4756,yetujey,FUT Esports,astra,True,100,50,1,1,0,3,False,phantom,rifle,,0.7000,0.7833,KROSTALY,FUT Esports,kayo,True,100,50,1,1,1,4,False,vandal,rifle,,0.9178,0.5578,Chronicle,Team Vitality,chamber,True,100,25,0,5,1,6,False,operator,sniper,,0.2067,0.3044,Derke,Team Vitality,neon,False,,50,1,0,0,7,True,vandal,rifle,,,,Jamppi,Team Vitality,kayo,True,100,50,1,1,0,4,False,vandal,rifle,,0.5033,0.5100,Sayonara,Team Vitality,sova,True,100,50,1,2,0,5,False,phantom,rifle,,0.8056,0.3578,PROFEK,Team Vitality,astra,True,100,50,0,0,0,7,True,vandal,rifle,,0.7733,0.3744
2989.019,5959,ACTIVE_ROUND,20,11,10,42.000,,,s0pp,FUT Esports,chamber,True,89,26,0,7,1,2,False,operator,sniper,,0.7767,0.4244,xeus,FUT Esports,jett,True,100,50,0,1,0,5,False,vandal,rifle,,0.7767,0.5944,sociablEE,FUT Esports,fade,True,100,50,0,1,0,1,False,phantom,rifle,,0.8956,0.4733,yetujey,FUT Esports,astra,True,100,50,1,1,0,3,False,phantom,rifle,,0.7089,0.7789,KROSTALY,FUT Esports,kayo,True,100,50,1,1,1,4,False,vandal,rifle,,0.9178,0.5578,Chronicle,Team Vitality,chamber,True,100,25,0,5,1,6,False,operator,sniper,,0.2067,0.3044,Derke,Team Vitality,neon,False,,50,1,0,0,7,True,vandal,rifle,,,,Jamppi,Team Vitality,kayo,True,100,50,1,1,0,4,False,vandal,rifle,,0.5033,0.5100,Sayonara,Team Vitality,sova,True,100,50,1,2,0,5,False,phantom,rifle,,0.7989,0.3556,PROFEK,Team Vitality,astra,True,100,50,0,0,0,7,True,vandal,rifle,,0.7689,0.3744
2989.503,5960,ACTIVE_ROUND,20,11,10,42.000,,,s0pp,FUT Esports,chamber,True,89,26,0,7,1,2,False,operator,sniper,,0.7767,0.4244,xeus,FUT Esports,jett,True,100,50,0,1,0,5,False,vandal,rifle,,0.6833,0.7389,sociablEE,FUT Esports,fade,True,100,50,0,1,0,1,False,phantom,rifle,,0.8889,0.4778,yetujey,FUT Esports,astra,True,100,50,1,2,0,3,False,phantom,rifle,,0.7089,0.7789,KROSTALY,FUT Esports,kayo,True,100,50,1,1,1,4,False,vandal,rifle,,0.9400,0.5067,Chronicle,Team Vitality,chamber,True,100,25,0,5,1,6,False,operator,sniper,,0.2067,0.3044,Derke,Team Vitality,neon,False,,50,1,0,0,7,True,vandal,rifle,,,,Jamppi,Team Vitality,kayo,True,100,50,1,1,0,4,False,vandal,rifle,,0.7656,0.3700,Sayonara,Team Vitality,sova,True,100,50,1,2,0,5,False,phantom,rifle,,0.8033,0.3600,PROFEK,Team Vitality,astra,True,100,50,0,0,0,7,True,vandal,rifle,,0.2111,0.3189
2989.987,5961,ACTIVE_ROUND,20,11,10,41.000,,,s0pp,FUT Esports,chamber,True,89,26,0,7,1,2,False,operator,sniper,,0.7767,0.4244,xeus,FUT Esports,jett,True,100,50,0,1,0,5,False,vandal,rifle,,0.2411,0.3056,sociablEE,FUT Esports,fade,True,100,50,0,1,0,1,False,phantom,rifle,,0.8956,0.4800,yetujey,FUT Esports,astra,True,100,50,1,2,0,3,False,phantom,rifle,,0.7089,0.7789,KROSTALY,FUT Esports,kayo,True,100,50,1,1,1,4,False,vandal,rifle,,0.9400,0.5067,Chronicle,Team Vitality,chamber,True,100,25,0,5,1,6,False,operator,sniper,,0.2067,0.3044,Derke,Team Vitality,neon,False,,50,1,0,0,7,True,vandal,rifle,,,,Jamppi,Team Vitality,kayo,True,100,50,1,1,0,4,False,vandal,rifle,,0.7633,0.3678,Sayonara,Team Vitality,sova,True,100,50,1,2,0,5,False,phantom,rifle,,0.3544,0.7089,PROFEK,Team Vitality,astra,True,100,50,0,0,0,7,True,vandal,rifle,,0.2111,0.3189
2990.471,5962,ACTIVE_ROUND,20,11,10,41.000,,,s0pp,FUT Esports,chamber,True,89,26,0,7,1,2,False,operator,sniper,,0.7767,0.4244,xeus,FUT Esports,jett,True,100,50,0,1,0,5,False,vandal,rifle,,0.2189,0.3056,sociablEE,FUT Esports,fade,True,100,50,0,1,0,1,False,phantom,rifle,,0.8889,0.4800,yetujey,FUT Esports,astra,True,100,50,1,2,0,3,False,phantom,rifle,,0.7356,0.7500,KROSTALY,FUT Esports,kayo,True,100,50,1,1,1,4,False,vandal,rifle,,0.9400,0.5067,Chronicle,Team Vitality,chamber,True,100,25,0,5,1,6,False,operator,sniper,,0.2067,0.3044,Derke,Team Vitality,neon,False,,50,1,0,0,7,True,vandal,rifle,,,,Jamppi,Team Vitality,kayo,True,100,50,1,1,0,4,False,vandal,rifle,,0.7678,0.3700,Sayonara,Team Vitality,sova,True,100,50,1,2,0,5,False,phantom,rifle,,0.3544,0.7156,PROFEK,Team Vitality,astra,True,100,50,0,0,0,7,True,vandal,rifle,,0.2111,0.3189
2990.955,5963,ACTIVE_ROUND,20,11,10,40.000,,,s0pp,FUT Esports,chamber,True,89,26,0,7,1,2,False,operator,sniper,,0.7767,0.4244,xeus,FUT Esports,jett,True,100,50,0,1,0,5,False,vandal,rifle,,0.7811,0.5944,sociablEE,FUT Esports,fade,True,100,50,0,1,0,1,False,phantom,rifle,,0.8800,0.4778,yetujey,FUT Esports,astra,True,100,50,1,2,0,3,False,phantom,rifle,,0.7422,0.7389,KROSTALY,FUT Esports,kayo,True,100,50,1,1,1,4,False,vandal,rifle,,0.9400,0.5067,Chronicle,Team Vitality,chamber,True,100,25,0,5,1,6,False,operator,sniper,,0.2067,0.3044,Derke,Team Vitality,neon,False,,50,1,0,0,7,True,vandal,rifle,,,,Jamppi,Team Vitality,kayo,True,100,50,1,1,0,4,False,vandal,rifle,,0.7678,0.3700,Sayonara,Team Vitality,sova,True,100,50,1,2,0,5,False,phantom,rifle,,0.3544,0.7156,PROFEK,Team Vitality,astra,True,100,50,0,0,0,7,True,vandal,rifle,,0.2044,0.3211
2991.438,5964,ACTIVE_ROUND,20,11,10,40.000,,,s0pp,FUT Esports,chamber,True,89,26,0,7,1,2,False,operator,sniper,,0.7767,0.4244,xeus,FUT Esports,jett,True,100,50,0,1,0,5,False,vandal,rifle,,0.8811,0.5678,sociablEE,FUT Esports,fade,True,100,50,0,1,0,1,False,phantom,rifle,,0.8889,0.4800,yetujey,FUT Esports,astra,True,100,50,1,2,0,3,False,phantom,rifle,,0.7467,0.7256,KROSTALY,FUT Esports,kayo,True,100,50,1,1,1,4,False,vandal,rifle,,0.9400,0.5067,Chronicle,Team Vitality,chamber,True,100,25,0,5,1,6,False,operator,sniper,,0.2067,0.3044,Derke,Team Vitality,neon,False,,50,1,0,0,7,True,vandal,rifle,,,,Jamppi,Team Vitality,kayo,True,100,50,1,1,0,4,False,vandal,rifle,,0.7700,0.3678,Sayonara,Team Vitality,sova,True,100,50,1,2,0,5,False,phantom,rifle,,0.3544,0.7156,PROFEK,Team Vitality,astra,True,100,50,0,0,0,7,True,vandal,rifle,,0.2044,0.3211
2991.922,5965,ACTIVE_ROUND,20,11,10,39.000,,,s0pp,FUT Esports,chamber,True,89,26,0,7,1,2,False,operator,sniper,,0.7767,0.4244,xeus,FUT Esports,jett,True,100,50,0,1,0,5,False,vandal,rifle,,0.8811,0.5678,sociablEE,FUT Esports,fade,True,100,50,0,1,0,1,False,phantom,rifle,,0.8867,0.4822,yetujey,FUT Esports,astra,True,100,50,1,2,0,3,False,phantom,rifle,,0.7467,0.7100,KROSTALY,FUT Esports,kayo,True,100,50,1,1,1,4,False,vandal,rifle,,0.9400,0.5067,Chronicle,Team Vitality,chamber,True,100,25,0,5,1,6,False,operator,sniper,,0.2067,0.3044,Derke,Team Vitality,neon,False,,50,1,0,0,7,True,vandal,rifle,,,,Jamppi,Team Vitality,kayo,True,100,50,1,1,0,4,False,vandal,rifle,,0.7678,0.3611,Sayonara,Team Vitality,sova,True,100,50,1,2,0,5,False,phantom,rifle,,0.3544,0.7156,PROFEK,Team Vitality,astra,True,100,50,0,0,0,7,True,vandal,rifle,,0.2044,0.3211
2992.406,5966,ACTIVE_ROUND,20,11,10,39.000,,,s0pp,FUT Esports,chamber,True,89,26,0,7,1,2,False,operator,sniper,,0.7767,0.4244,xeus,FUT Esports,jett,True,100,50,0,1,0,5,False,vandal,rifle,,0.7767,0.5944,sociablEE,FUT Esports,fade,True,100,50,0,1,0,1,False,phantom,rifle,,0.8822,0.4822,yetujey,FUT Esports,astra,True,100,50,1,2,0,3,False,phantom,rifle,,0.7444,0.6989,KROSTALY,FUT Esports,kayo,True,100,50,1,1,1,4,False,vandal,rifle,,0.9400,0.5067,Chronicle,Team Vitality,chamber,True,100,25,0,5,1,6,False,operator,sniper,,0.2067,0.3044,Derke,Team Vitality,neon,False,,50,1,0,0,7,True,vandal,rifle,,,,Jamppi,Team Vitality,kayo,True,100,50,1,1,0,4,False,vandal,rifle,,0.7678,0.3611,Sayonara,Team Vitality,sova,True,100,50,1,2,0,5,False,phantom,rifle,,0.3544,0.7156,PROFEK,Team Vitality,astra,True,100,50,0,0,0,7,True,vandal,rifle,,0.1956,0.3211
2992.890,5967,ACTIVE_ROUND,20,11,10,38.000,,,s0pp,FUT Esports,chamber,True,89,26,0,7,1,2,False,operator,sniper,,0.7767,0.4244,xeus,FUT Esports,jett,True,100,50,0,1,0,5,False,vandal,rifle,,0.7767,0.5944,sociablEE,FUT Esports,fade,True,100,50,0,1,0,1,False,phantom,rifle,,0.8844,0.4800,yetujey,FUT Esports,astra,True,100,50,1,2,0,3,False,phantom,rifle,,0.7422,0.6878,KROSTALY,FUT Esports,kayo,True,100,50,1,1,1,4,False,vandal,rifle,,0.9378,0.5089,Chronicle,Team Vitality,chamber,True,100,25,0,5,1,6,False,operator,sniper,,0.2067,0.3044,Derke,Team Vitality,neon,False,,50,1,0,0,7,True,vandal,rifle,,,,Jamppi,Team Vitality,kayo,True,100,50,1,1,0,4,False,vandal,rifle,,0.7678,0.3611,Sayonara,Team Vitality,sova,True,100,50,1,2,0,5,False,phantom,rifle,,0.3544,0.7156,PROFEK,Team Vitality,astra,True,100,50,0,0,0,7,True,vandal,rifle,,0.2222,0.3189
2993.374,5968,ACTIVE_ROUND,20,11,10,38.000,,,s0pp,FUT Esports,chamber,True,89,26,0,7,1,2,False,operator,sniper,,0.7767,0.4244,xeus,FUT Esports,jett,True,100,50,0,1,0,5,False,vandal,rifle,,0.2233,0.3078,sociablEE,FUT Esports,fade,True,100,50,0,1,1,1,False,phantom,rifle,,0.8800,0.4800,yetujey,FUT Esports,astra,True,100,50,1,2,0,3,False,phantom,rifle,,0.7422,0.6878,KROSTALY,FUT Esports,kayo,True,100,50,1,1,1,4,False,vandal,rifle,,0.9378,0.5089,Chronicle,Team Vitality,chamber,True,100,25,0,5,1,6,False,operator,sniper,,0.2067,0.3044,Derke,Team Vitality,neon,False,,50,1,0,0,7,True,vandal,rifle,,,,Jamppi,Team Vitality,kayo,True,100,50,1,1,0,4,False,vandal,rifle,,0.7678,0.3611,Sayonara,Team Vitality,sova,True,100,50,1,2,0,5,False,phantom,rifle,,0.3544,0.7156,PROFEK,Team Vitality,astra,True,100,50,0,0,0,7,True,vandal,rifle,,0.2444,0.3189
2993.858,5969,ACTIVE_ROUND,20,11,10,37.000,,,s0pp,FUT Esports,chamber,True,89,26,0,7,1,2,False,operator,sniper,,0.7767,0.4244,xeus,FUT Esports,jett,True,100,50,0,1,0,5,False,vandal,rifle,,0.8878,0.5656,sociablEE,FUT Esports,fade,True,100,50,0,1,1,1,False,phantom,rifle,,0.8800,0.4800,yetujey,FUT Esports,astra,True,100,50,1,2,0,3,False,phantom,rifle,,0.7422,0.6878,KROSTALY,FUT Esports,kayo,True,100,50,1,1,1,4,False,vandal,rifle,,0.9378,0.5089,Chronicle,Team Vitality,chamber,True,100,25,0,5,1,6,False,operator,sniper,,0.2067,0.3044,Derke,Team Vitality,neon,False,,50,1,0,0,7,True,vandal,rifle,,,,Jamppi,Team Vitality,kayo,True,100,50,1,1,0,4,False,vandal,rifle,,0.7678,0.3611,Sayonara,Team Vitality,sova,True,100,50,1,2,0,5,False,phantom,rifle,,0.1656,0.5556,PROFEK,Team Vitality,astra,True,100,50,0,0,0,7,True,vandal,rifle,,0.2600,0.3189
2994.341,5970,ACTIVE_ROUND,20,11,10,37.000,,,s0pp,FUT Esports,chamber,True,89,26,0,7,1,2,False,operator,sniper,,0.2722,0.8089,xeus,FUT Esports,jett,True,100,50,0,1,0,5,False,vandal,rifle,,0.9100,0.4211,sociablEE,FUT Esports,fade,True,100,50,0,1,1,1,False,phantom,rifle,,0.8822,0.4867,yetujey,FUT Esports,astra,True,100,50,1,2,0,3,False,phantom,rifle,,0.7422,0.6878,KROSTALY,FUT Esports,kayo,True,100,50,1,1,1,4,False,vandal,rifle,,0.9378,0.5067,Chronicle,Team Vitality,chamber,True,100,25,0,5,1,6,False,operator,sniper,,0.2067,0.3044,Derke,Team Vitality,neon,False,,50,1,0,0,7,True,vandal,rifle,,,,Jamppi,Team Vitality,kayo,True,100,50,1,1,0,4,False,vandal,rifle,,0.7678,0.3611,Sayonara,Team Vitality,sova,True,100,50,1,2,0,5,False,phantom,rifle,,0.8078,0.3578,PROFEK,Team Vitality,astra,True,100,50,0,0,0,7,True,vandal,rifle,,0.2800,0.3256
2994.825,5971,ACTIVE_ROUND,20,11,10,36.000,,,s0pp,FUT Esports,chamber,True,89,26,0,7,1,2,False,operator,sniper,,0.2722,0.8089,xeus,FUT Esports,jett,True,100,50,0,1,0,5,False,vandal,rifle,,0.7611,0.6078,sociablEE,FUT Esports,fade,True,100,50,0,1,1,1,False,phantom,rifle,,0.8822,0.4867,yetujey,FUT Esports,astra,True,100,50,1,2,0,3,False,phantom,rifle,,0.7422,0.6878,KROSTALY,FUT Esports,kayo,True,100,50,1,1,1,4,False,vandal,rifle,,0.9378,0.5089,Chronicle,Team Vitality,chamber,True,100,25,0,5,1,6,False,operator,sniper,,0.2067,0.3044,Derke,Team Vitality,neon,False,,50,1,0,0,7,True,vandal,rifle,,,,Jamppi,Team Vitality,kayo,True,100,50,1,1,0,4,False,vandal,rifle,,0.7678,0.3611,Sayonara,Team Vitality,sova,True,100,50,1,2,0,5,False,phantom,rifle,,0.8078,0.3578,PROFEK,Team Vitality,astra,True,100,50,0,0,0,7,True,vandal,rifle,,0.2911,0.3456
2995.309,5972,ACTIVE_ROUND,20,11,10,36.000,,,s0pp,FUT Esports,chamber,True,89,26,0,7,1,2,False,operator,sniper,,0.2722,0.8089,xeus,FUT Esports,jett,True,100,50,0,1,0,5,False,vandal,rifle,,0.7611,0.6078,sociablEE,FUT Esports,fade,True,100,50,0,1,1,1,False,phantom,rifle,,0.8756,0.4867,yetujey,FUT Esports,astra,True,100,50,1,2,0,3,False,phantom,rifle,,0.7422,0.6878,KROSTALY,FUT Esports,kayo,True,100,50,1,1,1,4,False,vandal,rifle,,0.9378,0.5089,Chronicle,Team Vitality,chamber,True,100,25,0,5,1,6,False,operator,sniper,,0.2067,0.3044,Derke,Team Vitality,neon,False,,50,1,0,0,7,True,vandal,rifle,,,,Jamppi,Team Vitality,kayo,True,100,50,1,1,0,4,False,vandal,rifle,,0.7678,0.3611,Sayonara,Team Vitality,sova,True,100,50,1,2,1,5,False,phantom,rifle,,0.8078,0.3556,PROFEK,Team Vitality,astra,True,100,50,0,0,0,7,True,vandal,rifle,,0.3067,0.3633
2995.793,5973,ACTIVE_ROUND,20,11,10,35.000,,,s0pp,FUT Esports,chamber,True,89,26,0,7,1,2,False,operator,sniper,,0.8611,0.5178,xeus,FUT Esports,jett,True,100,50,0,1,0,5,False,vandal,rifle,,0.8767,0.4922,sociablEE,FUT Esports,fade,True,100,50,0,1,1,1,False,phantom,rifle,,0.8556,0.4844,yetujey,FUT Esports,astra,True,100,50,1,2,0,3,False,phantom,rifle,,0.7422,0.6878,KROSTALY,FUT Esports,kayo,True,100,50,1,1,1,4,False,vandal,rifle,,0.9378,0.5089,Chronicle,Team Vitality,chamber,True,100,25,0,5,1,6,False,operator,sniper,,0.2067,0.3044,Derke,Team Vitality,neon,False,,50,1,0,0,7,True,vandal,rifle,,,,Jamppi,Team Vitality,kayo,True,100,50,1,1,0,4,False,vandal,rifle,,0.7767,0.3611,Sayonara,Team Vitality,sova,True,100,50,1,2,1,5,False,phantom,rifle,,0.8122,0.3467,PROFEK,Team Vitality,astra,True,100,50,0,0,0,7,True,vandal,rifle,,0.3289,0.3700
2996.277,5974,ACTIVE_ROUND,20,11,10,35.000,,,s0pp,FUT Esports,chamber,True,89,26,0,7,1,2,False,operator,sniper,,0.8611,0.5178,xeus,FUT Esports,jett,True,100,50,0,1,0,5,False,vandal,rifle,,0.7456,0.2456,sociablEE,FUT Esports,fade,True,100,50,0,1,1,1,False,phantom,rifle,,0.8556,0.4844,yetujey,FUT Esports,astra,True,100,50,1,2,0,3,False,phantom,rifle,,0.7400,0.6767,KROSTALY,FUT Esports,kayo,True,100,50,1,1,1,4,False,vandal,rifle,,0.9356,0.5067,Chronicle,Team Vitality,chamber,True,100,25,0,5,1,6,False,operator,sniper,,0.2067,0.3044,Derke,Team Vitality,neon,False,,50,1,0,0,7,True,vandal,rifle,,,,Jamppi,Team Vitality,kayo,True,100,50,1,1,0,4,False,vandal,rifle,,0.7722,0.3722,Sayonara,Team Vitality,sova,True,100,50,1,2,1,5,False,phantom,rifle,,0.8056,0.3556,PROFEK,Team Vitality,astra,True,100,50,0,0,0,7,True,vandal,rifle,,0.3533,0.3656
2996.760,5975,ACTIVE_ROUND,20,11,10,34.000,,,s0pp,FUT Esports,chamber,True,89,26,0,7,1,2,False,operator,sniper,,0.8589,0.5178,xeus,FUT Esports,jett,True,100,50,0,1,0,5,False,vandal,rifle,,0.7789,0.5944,sociablEE,FUT Esports,fade,True,100,50,0,1,1,1,False,phantom,rifle,,0.8556,0.4844,yetujey,FUT Esports,astra,True,100,50,1,2,0,3,False,phantom,rifle,,0.7400,0.6656,KROSTALY,FUT Esports,kayo,True,100,50,1,1,1,4,False,vandal,rifle,,0.9178,0.5089,Chronicle,Team Vitality,chamber,True,100,25,0,5,1,6,False,operator,sniper,,0.2067,0.3044,Derke,Team Vitality,neon,False,,50,1,0,0,7,True,vandal,rifle,,,,Jamppi,Team Vitality,kayo,True,100,50,1,1,0,4,False,vandal,rifle,,0.7589,0.3722,Sayonara,Team Vitality,sova,True,100,50,1,2,1,5,False,phantom,rifle,,0.7922,0.3556,PROFEK,Team Vitality,astra,True,100,50,0,0,0,7,True,vandal,rifle,,0.3711,0.3522
2997.244,5976,ACTIVE_ROUND,20,11,10,34.000,,,s0pp,FUT Esports,chamber,True,89,26,0,7,1,2,False,operator,sniper,,0.8589,0.5178,xeus,FUT Esports,jett,True,100,50,0,1,0,5,False,vandal,rifle,,0.7856,0.5922,sociablEE,FUT Esports,fade,True,100,50,0,1,0,1,False,phantom,rifle,,0.8600,0.4889,yetujey,FUT Esports,astra,True,100,50,0,0,0,3,False,phantom,rifle,,0.7444,0.6544,KROSTALY,FUT Esports,kayo,True,100,50,1,0,1,4,False,vandal,rifle,,0.8956,0.5067,Chronicle,Team Vitality,chamber,True,100,25,0,5,1,6,False,operator,sniper,,0.2067,0.3044,Derke,Team Vitality,neon,False,,50,1,0,0,7,True,vandal,rifle,,,,Jamppi,Team Vitality,kayo,True,100,50,0,1,0,4,False,vandal,rifle,,0.7589,0.3656,Sayonara,Team Vitality,sova,True,100,50,1,2,1,5,False,phantom,rifle,,0.8678,0.2133,PROFEK,Team Vitality,astra,True,100,50,0,0,0,7,True,vandal,rifle,,0.3822,0.3344
2997.728,5977,ACTIVE_ROUND,20,11,10,34.000,,,s0pp,FUT Esports,chamber,True,89,26,0,7,1,2,False,operator,sniper,,0.8589,0.5178,xeus,FUT Esports,jett,True,100,50,0,1,0,5,False,vandal,rifle,,0.8522,0.4789,sociablEE,FUT Esports,fade,True,100,50,0,1,0,1,False,phantom,rifle,,0.8600,0.4889,yetujey,FUT Esports,astra,True,100,50,0,0,0,3,False,phantom,rifle,,0.7467,0.6411,KROSTALY,FUT Esports,kayo,True,100,50,1,0,1,4,False,vandal,rifle,,0.8956,0.5067,Chronicle,Team Vitality,chamber,True,100,25,0,5,1,6,False,operator,sniper,,0.2067,0.3044,Derke,Team Vitality,neon,False,,50,1,0,0,7,True,vandal,rifle,,,,Jamppi,Team Vitality,kayo,True,100,50,0,1,0,4,False,vandal,rifle,,0.7611,0.3589,Sayonara,Team Vitality,sova,True,100,50,1,2,1,5,False,phantom,rifle,,0.8700,0.2311,PROFEK,Team Vitality,astra,True,100,50,0,0,0,7,True,vandal,rifle,,0.3822,0.3344
2998.212,5978,ACTIVE_ROUND,20,11,10,33.000,,,s0pp,FUT Esports,chamber,True,89,26,0,7,1,2,False,operator,sniper,,0.8589,0.5178,xeus,FUT Esports,jett,True,100,50,0,1,0,5,False,vandal,rifle,,0.8456,0.4611,sociablEE,FUT Esports,fade,True,100,50,0,1,0,1,False,phantom,rifle,,0.8689,0.5000,yetujey,FUT Esports,astra,True,100,50,0,0,0,3,False,phantom,rifle,,0.7467,0.6411,KROSTALY,FUT Esports,kayo,True,100,50,1,0,1,4,False,vandal,rifle,,0.8956,0.5067,Chronicle,Team Vitality,chamber,True,100,25,0,5,1,6,False,operator,sniper,,0.2067,0.3044,Derke,Team Vitality,neon,False,,50,1,0,0,7,True,vandal,rifle,,,,Jamppi,Team Vitality,kayo,True,100,50,0,1,0,4,False,vandal,rifle,,0.7633,0.3567,Sayonara,Team Vitality,sova,True,100,50,1,2,1,5,False,phantom,rifle,,0.4344,0.2711,PROFEK,Team Vitality,astra,True,100,50,0,0,0,7,True,vandal,rifle,,0.3822,0.3344
2998.696,5979,ACTIVE_ROUND,20,11,10,33.000,,,s0pp,FUT Esports,chamber,True,89,26,0,7,1,2,False,operator,sniper,,0.7722,0.3333,xeus,FUT Esports,jett,True,100,50,0,1,0,5,False,vandal,rifle,,0.8389,0.3900,sociablEE,FUT Esports,fade,True,100,50,0,1,0,1,False,phantom,rifle,,0.8689,0.5000,yetujey,FUT Esports,astra,True,100,50,0,0,0,3,False,phantom,rifle,,0.7467,0.6411,KROSTALY,FUT Esports,kayo,True,100,50,1,0,1,4,False,vandal,rifle,,0.8956,0.5067,Chronicle,Team Vitality,chamber,True,100,25,0,5,1,6,False,operator,sniper,,0.2067,0.3044,Derke,Team Vitality,neon,False,,50,1,0,0,7,True,vandal,rifle,,,,Jamppi,Team Vitality,kayo,True,100,50,0,1,0,4,False,vandal,rifle,,0.7633,0.3544,Sayonara,Team Vitality,sova,True,100,50,1,2,1,5,False,phantom,rifle,,0.8789,0.2578,PROFEK,Team Vitality,astra,True,100,50,0,0,0,7,True,vandal,rifle,,0.4111,0.2789
2999.180,5980,ACTIVE_ROUND,20,11,10,32.000,,,s0pp,FUT Esports,chamber,True,89,26,0,7,1,2,False,operator,sniper,,0.8367,0.5133,xeus,FUT Esports,jett,True,87,23,0,0,0,5,False,vandal,rifle,,0.8589,0.4233,sociablEE,FUT Esports,fade,True,100,50,0,0,0,1,False,phantom,rifle,,0.8689,0.5000,yetujey,FUT Esports,astra,True,100,50,0,0,0,3,False,phantom,rifle,,0.7467,0.6411,KROSTALY,FUT Esports,kayo,True,100,50,1,0,0,4,False,vandal,rifle,,0.8956,0.5067,Chronicle,Team Vitality,chamber,True,100,25,0,5,1,6,False,operator,sniper,,0.2067,0.3044,Derke,Team Vitality,neon,False,,50,1,0,0,7,True,vandal,rifle,,,,Jamppi,Team Vitality,kayo,True,100,50,0,1,0,4,False,vandal,rifle,,0.7633,0.3544,Sayonara,Team Vitality,sova,True,100,50,1,2,0,5,False,phantom,rifle,,0.4678,0.2467,PROFEK,Team Vitality,astra,True,100,50,0,0,0,7,True,vandal,rifle,,0.4311,0.2722
2999.663,5981,ACTIVE_ROUND,20,11,10,32.000,,,s0pp,FUT Esports,chamber,True,89,26,0,7,1,2,False,operator,sniper,,0.8344,0.5133,xeus,FUT Esports,jett,True,87,23,0,0,0,5,False,vandal,rifle,,0.3611,0.7122,sociablEE,FUT Esports,fade,True,100,50,0,0,0,1,False,phantom,rifle,,0.8689,0.5000,yetujey,FUT Esports,astra,True,100,50,0,0,0,3,False,phantom,rifle,,0.7467,0.6411,KROSTALY,FUT Esports,kayo,True,100,50,1,0,0,4,False,vandal,rifle,,0.8956,0.5067,Chronicle,Team Vitality,chamber,True,100,25,0,5,1,6,False,operator,sniper,,0.2067,0.3044,Derke,Team Vitality,neon,False,,50,1,0,0,7,True,vandal,rifle,,,,Jamppi,Team Vitality,kayo,True,100,50,0,1,0,4,False,vandal,rifle,,0.7633,0.3544,Sayonara,Team Vitality,sova,True,100,50,1,2,0,5,False,phantom,rifle,,0.8011,0.3489,PROFEK,Team Vitality,astra,True,100,50,0,0,0,7,True,vandal,rifle,,0.4533,0.2611
3000.147,5982,ACTIVE_ROUND,20,11,10,31.000,,,s0pp,FUT Esports,chamber,True,89,26,0,7,1,2,False,operator,sniper,,0.8300,0.5111,xeus,FUT Esports,jett,False,,23,0,0,0,5,False,vandal,rifle,,0.4522,0.2456,sociablEE,FUT Esports,fade,True,100,50,0,0,0,1,False,phantom,rifle,,0.8689,0.5000,yetujey,FUT Esports,astra,True,100,50,0,0,0,3,False,phantom,rifle,,0.7467,0.6411,KROSTALY,FUT Esports,kayo,True,100,50,1,0,0,4,False,vandal,rifle,,0.8956,0.5067,Chronicle,Team Vitality,chamber,True,100,25,0,5,1,6,False,operator,sniper,,0.2067,0.3044,Derke,Team Vitality,neon,False,,50,1,0,0,7,True,vandal,rifle,,,,Jamppi,Team Vitality,kayo,True,100,50,0,1,0,4,False,vandal,rifle,,0.7633,0.3544,Sayonara,Team Vitality,sova,True,100,50,1,2,0,5,False,phantom,rifle,,0.8856,0.2600,PROFEK,Team Vitality,astra,True,100,50,0,0,0,7,True,vandal,rifle,,0.4756,0.2522
3000.631,5983,ACTIVE_ROUND,20,11,10,31.000,,,s0pp,FUT Esports,chamber,True,89,20,0,7,1,2,False,operator,sniper,,0.8122,0.5044,xeus,FUT Esports,jett,False,,23,0,0,0,5,False,vandal,rifle,,,,sociablEE,FUT Esports,fade,True,100,50,0,0,0,1,False,phantom,rifle,,0.8556,0.4889,yetujey,FUT Esports,astra,True,100,50,0,0,0,3,False,phantom,rifle,,0.8667,0.3456,KROSTALY,FUT Esports,kayo,True,100,50,1,0,0,4,False,vandal,rifle,,0.8778,0.5022,Chronicle,Team Vitality,chamber,True,100,25,0,5,1,6,False,operator,sniper,,0.2067,0.3044,Derke,Team Vitality,neon,False,,50,1,0,0,7,True,vandal,rifle,,,,Jamppi,Team Vitality,kayo,True,74,1,0,1,0,4,False,vandal,rifle,,0.7589,0.3633,Sayonara,Team Vitality,sova,True,100,50,1,2,0,5,False,phantom,rifle,,0.7967,0.3511,PROFEK,Team Vitality,astra,True,100,50,0,0,0,7,True,vandal,rifle,,0.4756,0.2522
3001.115,5984,ACTIVE_ROUND,20,11,10,30.000,,,s0pp,FUT Esports,chamber,True,89,26,0,7,1,2,False,operator,sniper,,0.7767,0.4356,xeus,FUT Esports,jett,False,,23,0,0,0,5,False,vandal,rifle,,,,sociablEE,FUT Esports,fade,True,100,50,0,0,0,1,False,phantom,rifle,,0.8578,0.4911,yetujey,FUT Esports,astra,True,100,50,0,0,0,3,False,phantom,rifle,,0.8667,0.3456,KROSTALY,FUT Esports,kayo,True,100,50,1,0,0,4,False,vandal,rifle,,0.8844,0.5111,Chronicle,Team Vitality,chamber,True,100,25,0,5,1,6,False,operator,sniper,,0.2067,0.3044,Derke,Team Vitality,neon,False,,50,1,0,0,7,True,vandal,rifle,,,,Jamppi,Team Vitality,kayo,True,74,1,0,1,0,4,False,vandal,rifle,,0.7611,0.3678,Sayonara,Team Vitality,sova,True,100,50,1,2,0,6,False,phantom,rifle,,0.8922,0.2622,PROFEK,Team Vitality,astra,True,100,50,0,0,0,7,True,vandal,rifle,,0.4756,0.2522
3001.599,5985,ACTIVE_ROUND,20,11,10,30.000,,,s0pp,FUT Esports,chamber,True,89,26,0,7,1,2,False,operator,sniper,,0.7456,0.7022,xeus,FUT Esports,jett,False,,23,0,0,0,5,False,vandal,rifle,,,,sociablEE,FUT Esports,fade,True,100,50,0,0,0,1,False,phantom,rifle,,0.8578,0.4956,yetujey,FUT Esports,astra,True,100,50,0,0,0,3,False,phantom,rifle,,0.8667,0.3456,KROSTALY,FUT Esports,kayo,True,100,50,1,0,0,4,False,vandal,rifle,,0.8844,0.5111,Chronicle,Team Vitality,chamber,True,100,25,0,5,1,6,False,operator,sniper,,0.2067,0.3044,Derke,Team Vitality,neon,False,,50,1,0,0,7,True,vandal,rifle,,,,Jamppi,Team Vitality,kayo,True,87,1,0,1,0,4,False,vandal,rifle,,0.7633,0.3567,Sayonara,Team Vitality,sova,True,100,50,1,2,0,6,False,phantom,rifle,,0.8033,0.3511,PROFEK,Team Vitality,astra,True,100,50,0,0,0,7,True,vandal,rifle,,0.5422,0.2322
3002.082,5986,ACTIVE_ROUND,20,11,10,29.000,,,s0pp,FUT Esports,chamber,True,89,26,0,7,1,2,False,operator,sniper,,0.7522,0.7067,xeus,FUT Esports,jett,False,,23,0,0,0,5,False,vandal,rifle,,,,sociablEE,FUT Esports,fade,True,100,50,0,0,0,1,False,phantom,rifle,,0.8600,0.5000,yetujey,FUT Esports,astra,True,100,50,0,0,0,3,False,phantom,rifle,,0.8667,0.3456,KROSTALY,FUT Esports,kayo,True,100,50,1,0,0,4,False,vandal,rifle,,0.8844,0.5111,Chronicle,Team Vitality,chamber,True,100,25,0,5,1,6,False,operator,sniper,,0.2067,0.3044,Derke,Team Vitality,neon,False,,50,1,0,0,7,True,vandal,rifle,,,,Jamppi,Team Vitality,kayo,True,87,1,0,1,0,4,False,vandal,rifle,,0.7567,0.3700,Sayonara,Team Vitality,sova,True,100,50,1,2,0,6,False,phantom,rifle,,0.9122,0.2733,PROFEK,Team Vitality,astra,True,100,50,0,0,0,7,True,vandal,rifle,,0.5622,0.2189
3002.566,5987,ACTIVE_ROUND,20,11,10,29.000,,,s0pp,FUT Esports,chamber,True,89,26,0,7,1,2,False,operator,sniper,,0.7522,0.7422,xeus,FUT Esports,jett,False,,23,0,0,0,5,False,vandal,rifle,,,,sociablEE,FUT Esports,fade,True,100,50,0,0,0,1,False,phantom,rifle,,0.8600,0.5044,yetujey,FUT Esports,astra,True,100,50,0,0,0,3,False,phantom,rifle,,0.8667,0.3456,KROSTALY,FUT Esports,kayo,True,100,50,1,0,0,4,False,vandal,rifle,,0.8978,0.5244,Chronicle,Team Vitality,chamber,True,100,25,0,5,1,6,False,operator,sniper,,0.2067,0.3044,Derke,Team Vitality,neon,False,,50,1,0,0,7,True,vandal,rifle,,,,Jamppi,Team Vitality,kayo,True,100,14,0,1,0,4,False,vandal,rifle,,0.7589,0.3744,Sayonara,Team Vitality,sova,True,100,50,1,2,0,6,False,phantom,rifle,,0.7967,0.3600,PROFEK,Team Vitality,astra,True,100,50,0,0,0,7,True,vandal,rifle,,0.5622,0.2189
3003.050,5988,ACTIVE_ROUND,20,11,10,28.000,,,s0pp,FUT Esports,chamber,True,89,26,0,7,1,2,False,operator,sniper,,0.7522,0.7422,xeus,FUT Esports,jett,False,,23,0,0,0,5,False,vandal,rifle,,,,sociablEE,FUT Esports,fade,True,100,50,0,0,0,1,False,phantom,rifle,,0.8667,0.4911,yetujey,FUT Esports,astra,True,100,50,0,0,0,3,False,phantom,rifle,,0.8044,0.6011,KROSTALY,FUT Esports,kayo,True,100,50,1,0,0,4,False,vandal,rifle,,0.9067,0.5200,Chronicle,Team Vitality,chamber,True,100,25,0,5,1,6,False,operator,sniper,,0.2067,0.3044,Derke,Team Vitality,neon,False,,50,1,0,0,7,True,vandal,rifle,,,,Jamppi,Team Vitality,kayo,True,100,14,0,1,0,4,False,vandal,rifle,,0.7611,0.3722,Sayonara,Team Vitality,sova,True,100,50,1,2,0,6,False,phantom,rifle,,0.9100,0.2689,PROFEK,Team Vitality,astra,True,100,50,0,0,0,7,True,vandal,rifle,,0.6000,0.1922
3003.534,5989,ACTIVE_ROUND,20,11,10,28.000,,,s0pp,FUT Esports,chamber,True,89,26,0,7,1,2,False,operator,sniper,,0.7633,0.5044,xeus,FUT Esports,jett,False,,23,0,0,0,5,False,vandal,rifle,,,,sociablEE,FUT Esports,fade,True,100,50,0,0,0,1,False,phantom,rifle,,0.8667,0.4844,yetujey,FUT Esports,astra,True,100,50,0,0,0,3,False,phantom,rifle,,0.7956,0.6100,KROSTALY,FUT Esports,kayo,True,100,50,1,0,0,4,False,vandal,rifle,,0.9022,0.5111,Chronicle,Team Vitality,chamber,True,100,25,0,5,1,6,False,operator,sniper,,0.2067,0.3044,Derke,Team Vitality,neon,False,,50,1,0,0,7,True,vandal,rifle,,,,Jamppi,Team Vitality,kayo,True,100,29,0,1,0,4,False,vandal,rifle,,0.7611,0.3722,Sayonara,Team Vitality,sova,True,100,50,1,2,0,6,False,phantom,rifle,,0.9144,0.2711,PROFEK,Team Vitality,astra,True,100,50,0,0,0,7,True,vandal,rifle,,0.6222,0.1856
3004.018,5990,ACTIVE_ROUND,20,11,10,27.000,,,s0pp,FUT Esports,chamber,True,89,26,0,7,1,2,False,operator,sniper,,0.7189,0.6356,xeus,FUT Esports,jett,False,,23,0,0,0,5,False,vandal,rifle,,,,sociablEE,FUT Esports,fade,True,100,50,0,0,0,1,False,phantom,rifle,,0.8644,0.4822,yetujey,FUT Esports,astra,True,100,50,0,0,0,3,False,phantom,rifle,,0.7956,0.6100,KROSTALY,FUT Esports,kayo,True,100,50,1,0,0,4,False,vandal,rifle,,0.8956,0.5067,Chronicle,Team Vitality,chamber,True,100,25,0,5,1,6,False,operator,sniper,,0.2067,0.3044,Derke,Team Vitality,neon,False,,50,1,0,0,7,True,vandal,rifle,,,,Jamppi,Team Vitality,kayo,True,100,29,0,1,0,4,False,vandal,rifle,,0.7611,0.3722,Sayonara,Team Vitality,sova,True,100,50,1,2,0,6,False,phantom,rifle,,0.9144,0.2711,PROFEK,Team Vitality,astra,True,100,50,0,0,0,7,True,vandal,rifle,,0.6444,0.1856
3004.501,5991,ACTIVE_ROUND,20,11,10,27.000,,,s0pp,FUT Esports,chamber,True,89,26,0,7,1,2,False,operator,sniper,,0.7189,0.6356,xeus,FUT Esports,jett,False,,23,0,0,0,5,False,vandal,rifle,,,,sociablEE,FUT Esports,fade,True,100,50,0,0,0,1,False,phantom,rifle,,0.8533,0.4733,yetujey,FUT Esports,astra,True,100,50,0,0,0,3,False,phantom,rifle,,0.8022,0.6100,KROSTALY,FUT Esports,kayo,True,100,50,1,0,0,4,False,vandal,rifle,,0.8778,0.4933,Chronicle,Team Vitality,chamber,True,100,25,0,5,1,6,False,operator,sniper,,0.2067,0.3044,Derke,Team Vitality,neon,False,,50,1,0,0,7,True,vandal,rifle,,,,Jamppi,Team Vitality,kayo,True,100,44,0,1,0,4,False,vandal,rifle,,0.7611,0.3722,Sayonara,Team Vitality,sova,True,100,50,1,2,0,6,False,phantom,rifle,,0.9122,0.2689,PROFEK,Team Vitality,astra,True,100,50,0,0,0,7,True,vandal,rifle,,0.6667,0.1767
3004.985,5992,ACTIVE_ROUND,20,11,10,26.000,,,s0pp,FUT Esports,chamber,True,89,26,0,7,0,2,False,operator,sniper,,0.7189,0.6356,xeus,FUT Esports,jett,False,,23,0,0,0,5,False,vandal,rifle,,,,sociablEE,FUT Esports,fade,True,100,50,0,0,0,1,False,phantom,rifle,,0.8533,0.4733,yetujey,FUT Esports,astra,True,100,50,0,0,0,3,False,phantom,rifle,,0.8222,0.5989,KROSTALY,FUT Esports,kayo,True,100,50,1,0,0,4,False,vandal,rifle,,0.8200,0.4444,Chronicle,Team Vitality,chamber,True,100,25,0,5,1,6,False,operator,sniper,,0.2067,0.3044,Derke,Team Vitality,neon,False,,50,1,0,0,7,True,vandal,rifle,,,,Jamppi,Team Vitality,kayo,True,100,44,0,1,0,4,False,vandal,rifle,,0.7611,0.3744,Sayonara,Team Vitality,sova,True,100,50,1,2,0,6,False,phantom,rifle,,0.9167,0.2711,PROFEK,Team Vitality,astra,True,100,50,0,0,0,7,True,vandal,rifle,,0.6889,0.1722
3005.469,5993,ACTIVE_ROUND,20,11,10,26.000,,,s0pp,FUT Esports,chamber,True,89,26,0,7,0,2,False,operator,sniper,,0.7700,0.6022,xeus,FUT Esports,jett,False,,23,0,0,0,5,False,vandal,rifle,,,,sociablEE,FUT Esports,fade,True,100,50,0,0,0,1,False,phantom,rifle,,0.8533,0.4733,yetujey,FUT Esports,astra,True,100,50,0,0,0,3,False,phantom,rifle,,0.8222,0.5989,KROSTALY,FUT Esports,kayo,True,100,50,1,0,0,4,False,vandal,rifle,,0.8200,0.4444,Chronicle,Team Vitality,chamber,True,100,25,0,5,1,6,False,operator,sniper,,0.2067,0.3044,Derke,Team Vitality,neon,False,,50,1,0,0,7,True,vandal,rifle,,,,Jamppi,Team Vitality,kayo,True,100,50,0,1,0,4,False,vandal,rifle,,0.7611,0.3744,Sayonara,Team Vitality,sova,True,100,50,1,2,0,6,False,phantom,rifle,,0.9122,0.2689,PROFEK,Team Vitality,astra,True,100,50,0,0,0,7,True,vandal,rifle,,0.7111,0.1700
3005.953,5994,ACTIVE_ROUND,20,11,10,25.000,,,s0pp,FUT Esports,chamber,True,89,26,0,7,0,2,False,operator,sniper,,0.7700,0.6022,xeus,FUT Esports,jett,False,,23,0,0,0,5,False,vandal,rifle,,,,sociablEE,FUT Esports,fade,True,100,50,0,0,0,1,False,phantom,rifle,,0.8533,0.4733,yetujey,FUT Esports,astra,True,100,50,0,0,0,3,False,phantom,rifle,,0.8622,0.5789,KROSTALY,FUT Esports,kayo,True,100,50,1,0,0,4,False,vandal,rifle,,0.8422,0.4644,Chronicle,Team Vitality,chamber,True,100,25,0,5,1,6,False,operator,sniper,,0.2067,0.3044,Derke,Team Vitality,neon,False,,50,1,0,0,7,True,vandal,rifle,,,,Jamppi,Team Vitality,kayo,True,100,50,0,1,0,4,False,vandal,rifle,,0.7589,0.3744,Sayonara,Team Vitality,sova,True,100,50,1,2,0,6,False,phantom,rifle,,0.9122,0.2689,PROFEK,Team Vitality,astra,True,100,50,0,0,0,7,True,vandal,rifle,,0.7356,0.1700
3006.437,5995,ACTIVE_ROUND,20,11,10,25.000,,,s0pp,FUT Esports,chamber,True,89,26,0,7,0,2,False,operator,sniper,,0.7767,0.4222,xeus,FUT Esports,jett,False,,23,0,0,0,5,False,vandal,rifle,,,,sociablEE,FUT Esports,fade,True,100,50,0,0,0,1,False,phantom,rifle,,0.8844,0.4644,yetujey,FUT Esports,astra,True,100,50,0,0,0,3,False,phantom,rifle,,0.8622,0.5789,KROSTALY,FUT Esports,kayo,True,100,50,1,0,0,4,False,vandal,rifle,,0.8378,0.4511,Chronicle,Team Vitality,chamber,True,100,25,0,5,1,6,False,operator,sniper,,0.2067,0.3044,Derke,Team Vitality,neon,False,,50,1,0,0,7,True,vandal,rifle,,,,Jamppi,Team Vitality,kayo,True,100,50,0,1,0,4,False,vandal,rifle,,0.7589,0.3611,Sayonara,Team Vitality,sova,True,100,50,1,2,0,6,False,phantom,rifle,,0.9100,0.2667,PROFEK,Team Vitality,astra,True,100,50,0,0,0,7,True,vandal,rifle,,0.7356,0.1700
3006.921,5996,ACTIVE_ROUND,20,11,10,24.000,,,s0pp,FUT Esports,chamber,True,89,28,0,7,0,2,False,operator,sniper,,0.3211,0.8089,xeus,FUT Esports,jett,False,,23,0,0,0,5,False,vandal,rifle,,,,sociablEE,FUT Esports,fade,True,100,50,0,0,0,1,False,phantom,rifle,,0.8444,0.4267,yetujey,FUT Esports,astra,True,100,50,0,0,0,3,False,phantom,rifle,,0.8622,0.5789,KROSTALY,FUT Esports,kayo,True,100,50,1,0,0,4,False,vandal,rifle,,0.8378,0.4511,Chronicle,Team Vitality,chamber,True,100,25,0,5,1,6,False,operator,sniper,,0.2067,0.3044,Derke,Team Vitality,neon,False,,50,1,0,0,7,True,vandal,rifle,,,,Jamppi,Team Vitality,kayo,True,100,50,0,1,0,4,False,vandal,rifle,,0.5033,0.5100,Sayonara,Team Vitality,sova,True,100,50,1,2,0,6,False,phantom,rifle,,0.9122,0.2689,PROFEK,Team Vitality,astra,True,100,50,0,0,0,7,True,vandal,rifle,,0.7600,0.3656
3007.404,5997,ACTIVE_ROUND,20,11,10,24.000,,,s0pp,FUT Esports,chamber,True,78,4,0,7,0,2,False,operator,sniper,,0.8011,0.3800,xeus,FUT Esports,jett,False,,23,0,0,0,5,False,vandal,rifle,,,,sociablEE,FUT Esports,fade,True,100,50,0,0,0,1,False,phantom,rifle,,0.8600,0.4222,yetujey,FUT Esports,astra,True,100,50,0,0,0,3,False,phantom,rifle,,0.8622,0.5789,KROSTALY,FUT Esports,kayo,True,100,50,1,0,0,4,False,vandal,rifle,,0.8156,0.4222,Chronicle,Team Vitality,chamber,True,100,25,0,5,1,6,False,operator,sniper,,0.2067,0.3044,Derke,Team Vitality,neon,False,,50,1,0,0,7,True,vandal,rifle,,,,Jamppi,Team Vitality,kayo,True,100,50,0,1,0,4,False,vandal,rifle,,0.7544,0.3722,Sayonara,Team Vitality,sova,True,100,50,1,2,0,6,False,phantom,rifle,,0.9167,0.2733,PROFEK,Team Vitality,astra,True,100,50,0,0,0,7,True,vandal,rifle,,0.7600,0.3656
3007.888,5998,ACTIVE_ROUND,20,11,10,23.000,,,s0pp,FUT Esports,chamber,True,78,4,0,7,0,2,False,operator,sniper,,0.7922,0.3778,xeus,FUT Esports,jett,False,,23,0,0,0,5,False,vandal,rifle,,,,sociablEE,FUT Esports,fade,True,100,50,0,0,0,1,False,phantom,rifle,,0.8733,0.4178,yetujey,FUT Esports,astra,True,100,50,0,0,0,3,False,phantom,rifle,,0.9044,0.5478,KROSTALY,FUT Esports,kayo,True,100,50,1,0,0,4,False,vandal,rifle,,0.8156,0.4178,Chronicle,Team Vitality,chamber,True,100,25,0,5,1,6,False,operator,sniper,,0.2067,0.3044,Derke,Team Vitality,neon,False,,50,1,0,0,7,True,vandal,rifle,,,,Jamppi,Team Vitality,kayo,True,100,50,0,1,0,4,False,vandal,rifle,,0.5033,0.5100,Sayonara,Team Vitality,sova,False,,50,1,2,0,6,False,phantom,rifle,,0.5411,0.5089,PROFEK,Team Vitality,astra,True,100,50,0,0,0,7,True,vandal,rifle,,0.7600,0.3656
3008.372,5999,ACTIVE_ROUND,20,11,10,23.000,,,s0pp,FUT Esports,chamber,False,,4,0,7,0,2,False,operator,sniper,,0.7833,0.2111,xeus,FUT Esports,jett,False,,23,0,0,0,5,False,vandal,rifle,,,,sociablEE,FUT Esports,fade,True,100,50,0,0,0,1,False,phantom,rifle,,0.8867,0.4133,yetujey,FUT Esports,astra,True,100,50,0,0,0,3,False,phantom,rifle,,0.9044,0.5478,KROSTALY,FUT Esports,kayo,True,100,50,1,0,0,4,False,vandal,rifle,,0.8111,0.1933,Chronicle,Team Vitality,chamber,True,100,25,0,5,1,6,False,operator,sniper,,0.2067,0.3044,Derke,Team Vitality,neon,False,,50,1,0,0,7,True,vandal,rifle,,,,Jamppi,Team Vitality,kayo,True,100,50,0,1,0,4,False,vandal,rifle,,0.7544,0.3767,Sayonara,Team Vitality,sova,False,,50,1,2,0,6,False,phantom,rifle,,,,PROFEK,Team Vitality,astra,True,100,50,0,0,0,7,True,vandal,rifle,,0.7600,0.3656
3008.856,6000,ACTIVE_ROUND,20,11,10,22.000,,,s0pp,FUT Esports,chamber,False,,4,0,7,0,2,False,operator,sniper,,,,xeus,FUT Esports,jett,False,,23,0,0,0,5,False,vandal,rifle,,,,sociablEE,FUT Esports,fade,True,100,50,0,0,0,1,False,phantom,rifle,,0.8889,0.4089,yetujey,FUT Esports,astra,True,100,50,0,0,0,3,False,phantom,rifle,,0.8800,0.5189,KROSTALY,FUT Esports,kayo,True,89,27,1,0,0,5,False,vandal,rifle,,0.8200,0.4000,Chronicle,Team Vitality,chamber,True,100,25,0,5,1,6,False,operator,sniper,,0.2067,0.3044,Derke,Team Vitality,neon,False,,50,1,0,0,7,True,vandal,rifle,,,,Jamppi,Team Vitality,kayo,True,100,50,0,1,0,5,False,vandal,rifle,,0.7567,0.3589,Sayonara,Team Vitality,sova,False,,50,1,2,0,6,False,phantom,rifle,,,,PROFEK,Team Vitality,astra,True,100,50,0,0,0,7,True,vandal,rifle,,0.7600,0.3656
3009.340,6001,ACTIVE_ROUND,20,11,10,22.000,,,s0pp,FUT Esports,chamber,False,,4,0,7,0,2,False,operator,sniper,,,,xeus,FUT Esports,jett,False,,23,0,0,0,5,False,vandal,rifle,,,,sociablEE,FUT Esports,fade,True,100,50,0,0,0,1,False,phantom,rifle,,0.8911,0.4044,yetujey,FUT Esports,astra,True,100,50,0,0,0,3,False,phantom,rifle,,0.8711,0.5033,KROSTALY,FUT Esports,kayo,True,89,27,1,0,0,5,False,vandal,rifle,,0.8222,0.3933,Chronicle,Team Vitality,chamber,True,100,25,0,5,1,6,False,operator,sniper,,0.2067,0.3044,Derke,Team Vitality,neon,False,,50,1,0,0,7,True,vandal,rifle,,,,Jamppi,Team Vitality,kayo,True,100,50,0,1,0,5,False,vandal,rifle,,0.7589,0.3544,Sayonara,Team Vitality,sova,False,,50,1,2,0,6,False,phantom,rifle,,,,PROFEK,Team Vitality,astra,True,100,50,0,0,0,7,True,vandal,rifle,,0.8244,0.1967
3009.823,6002,ACTIVE_ROUND,20,11,10,21.000,,,s0pp,FUT Esports,chamber,False,,4,0,7,0,2,False,operator,sniper,,,,xeus,FUT Esports,jett,False,,23,0,0,0,5,False,vandal,rifle,,,,sociablEE,FUT Esports,fade,True,100,50,0,0,0,1,False,phantom,rifle,,0.8933,0.3978,yetujey,FUT Esports,astra,True,100,50,0,0,0,3,False,phantom,rifle,,0.8689,0.4833,KROSTALY,FUT Esports,kayo,True,89,27,1,0,0,5,False,vandal,rifle,,0.8200,0.3956,Chronicle,Team Vitality,chamber,True,100,25,0,5,1,6,False,operator,sniper,,0.2067,0.3044,Derke,Team Vitality,neon,False,,50,1,0,0,7,True,vandal,rifle,,,,Jamppi,Team Vitality,kayo,True,100,50,0,1,0,5,False,vandal,rifle,,0.7544,0.3656,Sayonara,Team Vitality,sova,False,,50,1,2,0,6,False,phantom,rifle,,,,PROFEK,Team Vitality,astra,True,100,50,0,0,0,7,True,vandal,rifle,,0.8400,0.2122
3010.307,6003,ACTIVE_ROUND,20,11,10,21.000,,,s0pp,FUT Esports,chamber,False,,4,0,7,0,2,False,operator,sniper,,,,xeus,FUT Esports,jett,False,,23,0,0,0,5,False,vandal,rifle,,,,sociablEE,FUT Esports,fade,True,100,50,0,0,0,1,False,phantom,rifle,,0.9000,0.3889,yetujey,FUT Esports,astra,True,100,50,0,0,0,3,False,phantom,rifle,,0.8689,0.4767,KROSTALY,FUT Esports,kayo,True,89,27,1,0,0,5,False,vandal,rifle,,0.8133,0.4022,Chronicle,Team Vitality,chamber,True,100,25,0,5,1,6,False,operator,sniper,,0.2067,0.3044,Derke,Team Vitality,neon,False,,50,1,0,0,7,True,vandal,rifle,,,,Jamppi,Team Vitality,kayo,True,100,50,0,1,0,5,False,vandal,rifle,,0.7567,0.3722,Sayonara,Team Vitality,sova,False,,50,1,2,0,6,False,phantom,rifle,,,,PROFEK,Team Vitality,astra,True,100,50,0,0,0,7,True,vandal,rifle,,0.8400,0.2122
3010.791,6004,ACTIVE_ROUND,20,11,10,20.000,,,s0pp,FUT Esports,chamber,False,,4,0,7,0,2,False,operator,sniper,,,,xeus,FUT Esports,jett,False,,23,0,0,0,5,False,vandal,rifle,,,,sociablEE,FUT Esports,fade,True,100,50,0,0,0,1,False,phantom,rifle,,0.9000,0.3889,yetujey,FUT Esports,astra,True,100,50,0,0,0,3,False,phantom,rifle,,0.8667,0.4767,KROSTALY,FUT Esports,kayo,True,89,27,1,0,0,5,False,vandal,rifle,,0.8178,0.3956,Chronicle,Team Vitality,chamber,True,100,25,0,5,1,6,False,operator,sniper,,0.2067,0.3044,Derke,Team Vitality,neon,False,,50,1,0,0,7,True,vandal,rifle,,,,Jamppi,Team Vitality,kayo,True,89,20,0,1,0,5,False,vandal,rifle,,0.8233,0.2011,Sayonara,Team Vitality,sova,False,,50,1,2,0,6,False,phantom,rifle,,,,PROFEK,Team Vitality,astra,True,100,50,0,0,0,7,True,vandal,rifle,,0.8400,0.2122
3011.275,6005,ACTIVE_ROUND,20,11,10,20.000,,,s0pp,FUT Esports,chamber,False,,4,0,7,0,2,False,operator,sniper,,,,xeus,FUT Esports,jett,False,,23,0,0,0,5,False,vandal,rifle,,,,sociablEE,FUT Esports,fade,True,100,50,0,0,0,1,False,phantom,rifle,,0.9000,0.3889,yetujey,FUT Esports,astra,True,100,50,0,0,0,3,False,phantom,rifle,,0.8667,0.4767,KROSTALY,FUT Esports,kayo,True,89,27,1,0,0,5,False,vandal,rifle,,0.8178,0.3956,Chronicle,Team Vitality,chamber,True,100,25,0,5,1,6,False,operator,sniper,,0.2067,0.3044,Derke,Team Vitality,neon,False,,50,1,0,0,7,True,vandal,rifle,,,,Jamppi,Team Vitality,kayo,True,89,26,0,1,0,5,False,vandal,rifle,,0.8500,0.2256,Sayonara,Team Vitality,sova,False,,50,1,2,0,6,False,phantom,rifle,,,,PROFEK,Team Vitality,astra,True,100,50,0,0,0,7,True,vandal,rifle,,0.8400,0.2122
3011.759,6006,ACTIVE_ROUND,20,11,10,19.000,,,s0pp,FUT Esports,chamber,False,,4,0,7,0,2,False,operator,sniper,,,,xeus,FUT Esports,jett,False,,23,0,0,0,5,False,vandal,rifle,,,,sociablEE,FUT Esports,fade,True,100,50,0,0,0,1,False,phantom,rifle,,0.9000,0.3889,yetujey,FUT Esports,astra,True,100,50,0,0,0,3,False,phantom,rifle,,0.8622,0.4078,KROSTALY,FUT Esports,kayo,True,89,27,1,0,0,5,False,vandal,rifle,,0.8178,0.3956,Chronicle,Team Vitality,chamber,True,100,25,0,5,1,6,False,operator,sniper,,0.2067,0.3044,Derke,Team Vitality,neon,False,,50,1,0,0,7,True,vandal,rifle,,,,Jamppi,Team Vitality,kayo,True,89,26,0,1,0,5,False,vandal,rifle,,0.9033,0.2967,Sayonara,Team Vitality,sova,False,,50,1,2,0,6,False,phantom,rifle,,,,PROFEK,Team Vitality,astra,True,100,50,0,0,0,7,True,vandal,rifle,,0.8400,0.2122
3012.243,6007,ACTIVE_ROUND,20,11,10,19.000,,,s0pp,FUT Esports,chamber,False,,4,0,7,0,2,False,operator,sniper,,,,xeus,FUT Esports,jett,False,,23,0,0,0,5,False,vandal,rifle,,,,sociablEE,FUT Esports,fade,True,100,50,0,0,0,1,False,phantom,rifle,,0.9000,0.3889,yetujey,FUT Esports,astra,True,100,50,0,0,0,3,False,phantom,rifle,,0.8622,0.4078,KROSTALY,FUT Esports,kayo,True,89,27,1,0,0,5,False,vandal,rifle,,0.7267,0.4000,Chronicle,Team Vitality,chamber,True,100,25,0,5,1,6,False,operator,sniper,,0.2067,0.3044,Derke,Team Vitality,neon,False,,50,1,0,0,7,True,vandal,rifle,,,,Jamppi,Team Vitality,kayo,False,,26,0,1,0,5,False,vandal,rifle,,0.4856,0.5589,Sayonara,Team Vitality,sova,False,,50,1,2,0,6,False,phantom,rifle,,,,PROFEK,Team Vitality,astra,True,100,50,0,0,0,7,True,vandal,rifle,,0.8400,0.2122
3012.726,6008,ACTIVE_ROUND,20,11,10,19.000,,,s0pp,FUT Esports,chamber,False,,4,0,7,0,2,False,operator,sniper,,,,xeus,FUT Esports,jett,False,,23,0,0,0,5,False,vandal,rifle,,,,sociablEE,FUT Esports,fade,True,100,50,0,0,0,1,False,phantom,rifle,,0.9000,0.3889,yetujey,FUT Esports,astra,True,100,50,0,0,0,3,False,phantom,rifle,,0.8622,0.4078,KROSTALY,FUT Esports,kayo,True,89,27,1,0,0,6,False,vandal,rifle,,0.8311,0.3556,Chronicle,Team Vitality,chamber,True,100,25,0,5,1,6,False,operator,sniper,,0.5444,0.5667,Derke,Team Vitality,neon,False,,50,1,0,0,7,True,vandal,rifle,,,,Jamppi,Team Vitality,kayo,False,,26,0,1,0,5,False,vandal,rifle,,,,Sayonara,Team Vitality,sova,False,,50,1,2,0,6,False,phantom,rifle,,,,PROFEK,Team Vitality,astra,True,100,50,0,0,0,7,True,vandal,rifle,,0.8400,0.2122
3013.210,6009,ACTIVE_ROUND,20,11,10,18.000,,,s0pp,FUT Esports,chamber,False,,4,0,7,0,2,False,operator,sniper,,,,xeus,FUT Esports,jett,False,,23,0,0,0,5,False,vandal,rifle,,,,sociablEE,FUT Esports,fade,True,100,50,0,0,0,1,False,phantom,rifle,,0.9156,0.3600,yetujey,FUT Esports,astra,True,100,50,0,0,0,3,False,phantom,rifle,,0.8622,0.4078,KROSTALY,FUT Esports,kayo,True,89,27,1,0,0,6,False,vandal,rifle,,0.8467,0.4378,Chronicle,Team Vitality,chamber,True,100,25,0,5,1,6,False,operator,sniper,,0.5489,0.5733,Derke,Team Vitality,neon,False,,50,1,0,0,7,True,vandal,rifle,,,,Jamppi,Team Vitality,kayo,False,,26,0,1,0,5,False,vandal,rifle,,,,Sayonara,Team Vitality,sova,False,,50,1,2,0,6,False,phantom,rifle,,,,PROFEK,Team Vitality,astra,True,100,50,0,0,0,7,True,vandal,rifle,,0.8400,0.2122
3013.694,6010,ACTIVE_ROUND,20,11,10,18.000,,,s0pp,FUT Esports,chamber,False,,4,0,7,0,2,False,operator,sniper,,,,xeus,FUT Esports,jett,False,,23,0,0,0,5,False,vandal,rifle,,,,sociablEE,FUT Esports,fade,True,100,50,0,0,0,1,False,phantom,rifle,,0.9156,0.3600,yetujey,FUT Esports,astra,True,100,50,0,0,0,3,False,phantom,rifle,,0.8622,0.4078,KROSTALY,FUT Esports,kayo,False,,27,1,0,0,6,False,vandal,rifle,,0.8311,0.3556,Chronicle,Team Vitality,chamber,True,100,25,0,5,1,6,False,operator,sniper,,0.5511,0.5800,Derke,Team Vitality,neon,False,,50,1,0,0,7,True,vandal,rifle,,,,Jamppi,Team Vitality,kayo,False,,26,0,1,0,5,False,vandal,rifle,,,,Sayonara,Team Vitality,sova,False,,50,1,2,0,6,False,phantom,rifle,,,,PROFEK,Team Vitality,astra,True,100,50,0,0,0,7,True,vandal,rifle,,0.8400,0.2122
3014.178,6011,ACTIVE_ROUND,20,11,10,17.000,,,s0pp,FUT Esports,chamber,False,,4,0,7,0,2,False,operator,sniper,,,,xeus,FUT Esports,jett,False,,23,0,0,0,5,False,vandal,rifle,,,,sociablEE,FUT Esports,fade,True,100,50,0,0,0,1,False,phantom,rifle,,0.8800,0.4622,yetujey,FUT Esports,astra,False,,50,0,0,0,3,False,phantom,rifle,,0.8622,0.4078,KROSTALY,FUT Esports,kayo,False,,27,1,0,0,6,False,vandal,rifle,,,,Chronicle,Team Vitality,chamber,True,100,25,0,5,1,6,False,operator,sniper,,0.5533,0.5889,Derke,Team Vitality,neon,False,,50,1,0,0,7,True,vandal,rifle,,,,Jamppi,Team Vitality,kayo,False,,26,0,1,0,5,False,vandal,rifle,,,,Sayonara,Team Vitality,sova,False,,50,1,2,0,6,False,phantom,rifle,,,,PROFEK,Team Vitality,astra,True,100,50,0,0,0,7,True,vandal,rifle,,0.5222,0.6011
3014.662,6012,ACTIVE_ROUND,20,11,10,17.000,,,s0pp,FUT Esports,chamber,False,,4,0,7,0,2,False,operator,sniper,,,,xeus,FUT Esports,jett,False,,23,0,0,0,5,False,vandal,rifle,,,,sociablEE,FUT Esports,fade,True,100,50,0,0,0,1,False,phantom,rifle,,0.8800,0.4622,yetujey,FUT Esports,astra,False,,50,0,0,0,3,False,phantom,rifle,,,,KROSTALY,FUT Esports,kayo,False,,27,1,0,0,6,False,vandal,rifle,,,,Chronicle,Team Vitality,chamber,True,100,25,0,5,1,6,False,operator,sniper,,0.5556,0.6067,Derke,Team Vitality,neon,False,,50,1,0,0,7,True,vandal,rifle,,,,Jamppi,Team Vitality,kayo,False,,26,0,1,0,5,False,vandal,rifle,,,,Sayonara,Team Vitality,sova,False,,50,1,2,0,6,False,phantom,rifle,,,,PROFEK,Team Vitality,astra,True,100,50,0,0,0,7,True,vandal,rifle,,0.5222,0.6011
3015.145,6013,ACTIVE_ROUND,20,11,10,16.000,,,s0pp,FUT Esports,chamber,False,,4,0,7,0,2,False,operator,sniper,,,,xeus,FUT Esports,jett,False,,23,0,0,0,5,False,vandal,rifle,,,,sociablEE,FUT Esports,fade,True,100,50,0,0,0,1,False,phantom,rifle,,0.8956,0.3600,yetujey,FUT Esports,astra,False,,50,0,0,0,3,False,phantom,rifle,,,,KROSTALY,FUT Esports,kayo,False,,27,1,0,0,6,False,vandal,rifle,,,,Chronicle,Team Vitality,chamber,True,100,25,0,5,1,6,False,operator,sniper,,0.5667,0.6022,Derke,Team Vitality,neon,False,,50,1,0,0,7,True,vandal,rifle,,,,Jamppi,Team Vitality,kayo,False,,26,0,1,0,5,False,vandal,rifle,,,,Sayonara,Team Vitality,sova,False,,50,1,2,0,6,False,phantom,rifle,,,,PROFEK,Team Vitality,astra,True,100,50,0,0,0,7,True,vandal,rifle,,0.5222,0.6011
3015.629,6014,ACTIVE_ROUND,20,11,10,16.000,,,s0pp,FUT Esports,chamber,False,,4,0,7,0,2,False,operator,sniper,,,,xeus,FUT Esports,jett,False,,23,0,0,0,5,False,vandal,rifle,,,,sociablEE,FUT Esports,fade,True,100,50,0,0,0,1,False,phantom,rifle,,0.8778,0.4644,yetujey,FUT Esports,astra,False,,50,0,0,0,3,False,phantom,rifle,,,,KROSTALY,FUT Esports,kayo,False,,27,1,0,0,6,False,vandal,rifle,,,,Chronicle,Team Vitality,chamber,True,100,25,0,5,1,6,False,operator,sniper,,0.5800,0.5822,Derke,Team Vitality,neon,False,,50,1,0,0,7,True,vandal,rifle,,,,Jamppi,Team Vitality,kayo,False,,26,0,1,0,5,False,vandal,rifle,,,,Sayonara,Team Vitality,sova,False,,50,1,2,0,6,False,phantom,rifle,,,,PROFEK,Team Vitality,astra,True,100,50,0,0,0,7,True,vandal,rifle,,0.5222,0.6011
3016.113,6015,ACTIVE_ROUND,20,11,10,15.000,,,s0pp,FUT Esports,chamber,False,,4,0,7,0,2,False,operator,sniper,,,,xeus,FUT Esports,jett,False,,23,0,0,0,5,False,vandal,rifle,,,,sociablEE,FUT Esports,fade,True,100,50,0,0,0,1,False,phantom,rifle,,0.8867,0.3556,yetujey,FUT Esports,astra,False,,50,0,0,0,3,False,phantom,rifle,,,,KROSTALY,FUT Esports,kayo,False,,27,1,0,0,6,False,vandal,rifle,,,,Chronicle,Team Vitality,chamber,True,100,25,0,5,1,6,False,operator,sniper,,0.5978,0.5667,Derke,Team Vitality,neon,False,,50,1,0,0,7,True,vandal,rifle,,,,Jamppi,Team Vitality,kayo,False,,26,0,1,0,5,False,vandal,rifle,,,,Sayonara,Team Vitality,sova,False,,50,1,2,0,6,False,phantom,rifle,,,,PROFEK,Team Vitality,astra,True,100,50,0,0,0,7,True,vandal,rifle,,0.5222,0.6011
3016.597,6016,ACTIVE_ROUND,20,11,10,15.000,,,s0pp,FUT Esports,chamber,False,,4,0,7,0,2,False,operator,sniper,,,,xeus,FUT Esports,jett,False,,23,0,0,0,5,False,vandal,rifle,,,,sociablEE,FUT Esports,fade,True,100,50,0,0,0,1,False,phantom,rifle,,0.8844,0.3444,yetujey,FUT Esports,astra,False,,50,0,0,0,3,False,phantom,rifle,,,,KROSTALY,FUT Esports,kayo,False,,27,1,0,0,6,False,vandal,rifle,,,,Chronicle,Team Vitality,chamber,True,100,25,0,5,1,6,False,operator,sniper,,0.6133,0.5511,Derke,Team Vitality,neon,False,,50,1,0,0,7,True,vandal,rifle,,,,Jamppi,Team Vitality,kayo,False,,26,0,1,0,5,False,vandal,rifle,,,,Sayonara,Team Vitality,sova,False,,50,1,2,0,6,False,phantom,rifle,,,,PROFEK,Team Vitality,astra,True,100,50,0,0,0,7,True,vandal,rifle,,0.5489,0.5656
3017.081,6017,ACTIVE_ROUND,20,11,10,14.650,,,s0pp,FUT Esports,chamber,False,,4,0,7,0,2,False,operator,sniper,,,,xeus,FUT Esports,jett,False,,23,0,0,0,5,False,vandal,rifle,,,,sociablEE,FUT Esports,fade,True,100,50,0,0,0,1,False,phantom,rifle,,0.8867,0.3378,yetujey,FUT Esports,astra,False,,50,0,0,0,3,False,phantom,rifle,,,,KROSTALY,FUT Esports,kayo,False,,27,1,0,0,6,False,vandal,rifle,,,,Chronicle,Team Vitality,chamber,True,100,25,0,5,1,6,False,operator,sniper,,0.6222,0.5467,Derke,Team Vitality,neon,False,,50,1,0,0,7,True,vandal,rifle,,,,Jamppi,Team Vitality,kayo,False,,26,0,1,0,5,False,vandal,rifle,,,,Sayonara,Team Vitality,sova,False,,50,1,2,0,6,False,phantom,rifle,,,,PROFEK,Team Vitality,astra,True,100,50,0,0,0,7,True,vandal,rifle,,0.5489,0.5656
3017.565,6018,ACTIVE_ROUND,20,11,10,14.150,,,s0pp,FUT Esports,chamber,False,,4,0,7,0,2,False,operator,sniper,,,,xeus,FUT Esports,jett,False,,23,0,0,0,5,False,vandal,rifle,,,,sociablEE,FUT Esports,fade,True,100,50,0,0,0,1,False,phantom,rifle,,0.8867,0.3378,yetujey,FUT Esports,astra,False,,50,0,0,0,3,False,phantom,rifle,,,,KROSTALY,FUT Esports,kayo,False,,27,1,0,0,6,False,vandal,rifle,,,,Chronicle,Team Vitality,chamber,True,100,25,0,5,1,6,False,operator,sniper,,0.6400,0.5378,Derke,Team Vitality,neon,False,,50,1,0,0,7,True,vandal,rifle,,,,Jamppi,Team Vitality,kayo,False,,26,0,1,0,5,False,vandal,rifle,,,,Sayonara,Team Vitality,sova,False,,50,1,2,0,6,False,phantom,rifle,,,,PROFEK,Team Vitality,astra,True,100,50,0,0,0,7,True,vandal,rifle,,0.5489,0.5656
3018.048,6019,ACTIVE_ROUND,20,11,10,13.680,,,s0pp,FUT Esports,chamber,False,,4,0,7,0,2,False,operator,sniper,,,,xeus,FUT Esports,jett,False,,23,0,0,0,5,False,vandal,rifle,,,,sociablEE,FUT Esports,fade,True,100,50,0,0,0,1,False,phantom,rifle,,0.8867,0.3489,yetujey,FUT Esports,astra,False,,50,0,0,0,3,False,phantom,rifle,,,,KROSTALY,FUT Esports,kayo,False,,27,1,0,0,6,False,vandal,rifle,,,,Chronicle,Team Vitality,chamber,True,100,25,0,5,1,6,False,operator,sniper,,0.6400,0.5378,Derke,Team Vitality,neon,False,,50,1,0,0,7,True,vandal,rifle,,,,Jamppi,Team Vitality,kayo,False,,26,0,1,0,5,False,vandal,rifle,,,,Sayonara,Team Vitality,sova,False,,50,1,2,0,6,False,phantom,rifle,,,,PROFEK,Team Vitality,astra,True,100,50,0,0,0,7,True,vandal,rifle,,0.5489,0.5656
3018.532,6020,ACTIVE_ROUND,20,11,10,13.160,,,s0pp,FUT Esports,chamber,False,,4,0,7,0,2,False,operator,sniper,,,,xeus,FUT Esports,jett,False,,23,0,0,0,5,False,vandal,rifle,,,,sociablEE,FUT Esports,fade,True,100,50,0,0,0,1,False,phantom,rifle,,0.8867,0.3600,yetujey,FUT Esports,astra,False,,50,0,0,0,3,False,phantom,rifle,,,,KROSTALY,FUT Esports,kayo,False,,27,1,0,0,6,False,vandal,rifle,,,,Chronicle,Team Vitality,chamber,True,100,25,0,5,1,6,False,operator,sniper,,0.6711,0.5244,Derke,Team Vitality,neon,False,,50,1,0,0,7,True,vandal,rifle,,,,Jamppi,Team Vitality,kayo,False,,26,0,1,0,5,False,vandal,rifle,,,,Sayonara,Team Vitality,sova,False,,50,1,2,0,6,False,phantom,rifle,,,,PROFEK,Team Vitality,astra,True,100,50,0,0,0,7,True,vandal,rifle,,0.5489,0.5656
3019.016,6021,ACTIVE_ROUND,20,11,10,12.720,,,s0pp,FUT Esports,chamber,False,,4,0,7,0,2,False,operator,sniper,,,,xeus,FUT Esports,jett,False,,23,0,0,0,5,False,vandal,rifle,,,,sociablEE,FUT Esports,fade,True,100,50,0,0,0,1,False,phantom,rifle,,0.8956,0.3667,yetujey,FUT Esports,astra,False,,50,0,0,0,3,False,phantom,rifle,,,,KROSTALY,FUT Esports,kayo,False,,27,1,0,0,6,False,vandal,rifle,,,,Chronicle,Team Vitality,chamber,True,100,25,0,5,1,6,False,operator,sniper,,0.6800,0.5178,Derke,Team Vitality,neon,False,,50,1,0,0,7,True,vandal,rifle,,,,Jamppi,Team Vitality,kayo,False,,26,0,1,0,5,False,vandal,rifle,,,,Sayonara,Team Vitality,sova,False,,50,1,2,0,6,False,phantom,rifle,,,,PROFEK,Team Vitality,astra,True,100,50,0,0,0,7,True,vandal,rifle,,0.5489,0.5656
3019.500,6022,ACTIVE_ROUND,20,11,10,12.220,,,s0pp,FUT Esports,chamber,False,,4,0,7,0,2,False,operator,sniper,,,,xeus,FUT Esports,jett,False,,23,0,0,0,5,False,vandal,rifle,,,,sociablEE,FUT Esports,fade,True,100,50,0,0,0,1,False,phantom,rifle,,0.9067,0.3667,yetujey,FUT Esports,astra,False,,50,0,0,0,3,False,phantom,rifle,,,,KROSTALY,FUT Esports,kayo,False,,27,1,0,0,6,False,vandal,rifle,,,,Chronicle,Team Vitality,chamber,True,100,25,0,5,1,6,False,operator,sniper,,0.6800,0.5178,Derke,Team Vitality,neon,False,,50,1,0,0,7,True,vandal,rifle,,,,Jamppi,Team Vitality,kayo,False,,26,0,1,0,5,False,vandal,rifle,,,,Sayonara,Team Vitality,sova,False,,50,1,2,0,6,False,phantom,rifle,,,,PROFEK,Team Vitality,astra,True,100,50,0,0,0,7,True,vandal,rifle,,0.5489,0.5656
3019.984,6023,ACTIVE_ROUND,20,11,10,11.740,,,s0pp,FUT Esports,chamber,False,,4,0,7,0,2,False,operator,sniper,,,,xeus,FUT Esports,jett,False,,23,0,0,0,5,False,vandal,rifle,,,,sociablEE,FUT Esports,fade,True,100,50,0,0,0,1,False,phantom,rifle,,0.9156,0.3733,yetujey,FUT Esports,astra,False,,50,0,0,0,3,False,phantom,rifle,,,,KROSTALY,FUT Esports,kayo,False,,27,1,0,0,6,False,vandal,rifle,,,,Chronicle,Team Vitality,chamber,True,100,25,0,5,1,6,False,operator,sniper,,0.6800,0.5178,Derke,Team Vitality,neon,False,,50,1,0,0,7,True,vandal,rifle,,,,Jamppi,Team Vitality,kayo,False,,26,0,1,0,5,False,vandal,rifle,,,,Sayonara,Team Vitality,sova,False,,50,1,2,0,6,False,phantom,rifle,,,,PROFEK,Team Vitality,astra,True,100,50,0,0,0,7,True,vandal,rifle,,0.5489,0.5656
3020.467,6024,ACTIVE_ROUND,20,11,10,11.260,,,s0pp,FUT Esports,chamber,False,,4,0,7,0,2,False,operator,sniper,,,,xeus,FUT Esports,jett,False,,23,0,0,0,5,False,vandal,rifle,,,,sociablEE,FUT Esports,fade,True,100,50,0,0,0,1,False,phantom,rifle,,0.8778,0.4644,yetujey,FUT Esports,astra,False,,50,0,0,0,3,False,phantom,rifle,,,,KROSTALY,FUT Esports,kayo,False,,27,1,0,0,6,False,vandal,rifle,,,,Chronicle,Team Vitality,chamber,True,100,25,0,5,1,6,False,operator,sniper,,0.6800,0.5178,Derke,Team Vitality,neon,False,,50,1,0,0,7,True,vandal,rifle,,,,Jamppi,Team Vitality,kayo,False,,26,0,1,0,5,False,vandal,rifle,,,,Sayonara,Team Vitality,sova,False,,50,1,2,0,6,False,phantom,rifle,,,,PROFEK,Team Vitality,astra,True,100,50,0,0,0,7,True,vandal,rifle,,0.5489,0.5656
3020.951,6025,ACTIVE_ROUND,20,11,10,10.780,,,s0pp,FUT Esports,chamber,False,,4,0,7,0,2,False,operator,sniper,,,,xeus,FUT Esports,jett,False,,23,0,0,0,5,False,vandal,rifle,,,,sociablEE,FUT Esports,fade,True,100,50,0,0,0,1,False,phantom,rifle,,0.8778,0.4644,yetujey,FUT Esports,astra,False,,50,0,0,0,3,False,phantom,rifle,,,,KROSTALY,FUT Esports,kayo,False,,27,1,0,0,6,False,vandal,rifle,,,,Chronicle,Team Vitality,chamber,True,100,25,0,5,1,6,False,operator,sniper,,0.6800,0.5178,Derke,Team Vitality,neon,False,,50,1,0,0,7,True,vandal,rifle,,,,Jamppi,Team Vitality,kayo,False,,26,0,1,0,5,False,vandal,rifle,,,,Sayonara,Team Vitality,sova,False,,50,1,2,0,6,False,phantom,rifle,,,,PROFEK,Team Vitality,astra,True,100,50,0,0,0,7,True,vandal,rifle,,0.5489,0.5656
3021.435,6026,ACTIVE_ROUND,20,11,10,10.290,,,s0pp,FUT Esports,chamber,False,,4,0,7,0,2,False,operator,sniper,,,,xeus,FUT Esports,jett,False,,23,0,0,0,5,False,vandal,rifle,,,,sociablEE,FUT Esports,fade,True,100,50,0,0,0,1,False,phantom,rifle,,0.8778,0.4644,yetujey,FUT Esports,astra,False,,50,0,0,0,3,False,phantom,rifle,,,,KROSTALY,FUT Esports,kayo,False,,27,1,0,0,6,False,vandal,rifle,,,,Chronicle,Team Vitality,chamber,True,100,25,0,5,1,6,False,operator,sniper,,0.6933,0.4533,Derke,Team Vitality,neon,False,,50,1,0,0,7,True,vandal,rifle,,,,Jamppi,Team Vitality,kayo,False,,26,0,1,0,5,False,vandal,rifle,,,,Sayonara,Team Vitality,sova,False,,50,1,2,0,6,False,phantom,rifle,,,,PROFEK,Team Vitality,astra,True,100,50,0,0,0,7,True,vandal,rifle,,0.6667,0.4856
3021.919,6027,ACTIVE_ROUND,20,11,10,9.810,,,s0pp,FUT Esports,chamber,False,,4,0,7,0,2,False,operator,sniper,,,,xeus,FUT Esports,jett,False,,23,0,0,0,5,False,vandal,rifle,,,,sociablEE,FUT Esports,fade,True,100,50,0,0,0,1,False,phantom,rifle,,0.8778,0.4644,yetujey,FUT Esports,astra,False,,50,0,0,0,3,False,phantom,rifle,,,,KROSTALY,FUT Esports,kayo,False,,27,1,0,0,6,False,vandal,rifle,,,,Chronicle,Team Vitality,chamber,True,100,25,0,5,1,6,False,operator,sniper,,0.6889,0.4400,Derke,Team Vitality,neon,False,,50,1,0,0,7,True,vandal,rifle,,,,Jamppi,Team Vitality,kayo,False,,26,0,1,0,5,False,vandal,rifle,,,,Sayonara,Team Vitality,sova,False,,50,1,2,0,6,False,phantom,rifle,,,,PROFEK,Team Vitality,astra,True,100,50,0,0,0,7,True,vandal,rifle,,0.6689,0.4744
3024.822,6033,ACTIVE_ROUND,20,11,10,,0.000,,s0pp,FUT Esports,chamber,False,,4,0,7,0,2,False,operator,sniper,,,,xeus,FUT Esports,jett,False,,23,0,0,0,5,False,vandal,rifle,,,,sociablEE,FUT Esports,fade,True,100,50,0,0,0,1,False,phantom,rifle,,0.8778,0.4622,yetujey,FUT Esports,astra,False,,50,0,0,0,3,False,phantom,rifle,,,,KROSTALY,FUT Esports,kayo,False,,27,1,0,0,6,False,vandal,rifle,,,,Chronicle,Team Vitality,chamber,True,100,25,0,5,1,6,False,operator,sniper,,0.6800,0.4067,Derke,Team Vitality,neon,False,,50,1,0,0,7,True,vandal,rifle,,,,Jamppi,Team Vitality,kayo,False,,26,0,1,0,5,False,vandal,rifle,,,,Sayonara,Team Vitality,sova,False,,50,1,2,0,6,False,phantom,rifle,,,,PROFEK,Team Vitality,astra,True,100,50,0,0,0,7,True,vandal,rifle,,0.8667,0.2478
3025.306,6034,ACTIVE_ROUND,20,11,10,,0.484,,s0pp,FUT Esports,chamber,False,,4,0,7,0,2,False,operator,sniper,,,,xeus,FUT Esports,jett,False,,23,0,0,0,5,False,vandal,rifle,,,,sociablEE,FUT Esports,fade,True,100,50,0,0,0,1,False,phantom,rifle,,0.8778,0.4622,yetujey,FUT Esports,astra,False,,50,0,0,0,3,False,phantom,rifle,,,,KROSTALY,FUT Esports,kayo,False,,27,1,0,0,6,False,vandal,rifle,,,,Chronicle,Team Vitality,chamber,True,100,25,0,5,1,6,False,operator,sniper,,0.6800,0.4067,Derke,Team Vitality,neon,False,,50,1,0,0,7,True,vandal,rifle,,,,Jamppi,Team Vitality,kayo,False,,26,0,1,0,5,False,vandal,rifle,,,,Sayonara,Team Vitality,sova,False,,50,1,2,0,6,False,phantom,rifle,,,,PROFEK,Team Vitality,astra,True,100,50,0,0,0,7,True,vandal,rifle,,0.8667,0.2478
3025.789,6035,ACTIVE_ROUND,20,11,10,,0.968,,s0pp,FUT Esports,chamber,False,,4,0,7,0,2,False,operator,sniper,,,,xeus,FUT Esports,jett,False,,23,0,0,0,5,False,vandal,rifle,,,,sociablEE,FUT Esports,fade,True,100,50,0,0,0,1,False,phantom,rifle,,0.9067,0.3911,yetujey,FUT Esports,astra,False,,50,0,0,0,3,False,phantom,rifle,,,,KROSTALY,FUT Esports,kayo,False,,27,1,0,0,6,False,vandal,rifle,,,,Chronicle,Team Vitality,chamber,True,100,25,0,5,1,6,False,operator,sniper,,0.6800,0.4067,Derke,Team Vitality,neon,False,,50,1,0,0,7,True,vandal,rifle,,,,Jamppi,Team Vitality,kayo,False,,26,0,1,0,5,False,vandal,rifle,,,,Sayonara,Team Vitality,sova,False,,50,1,2,0,6,False,phantom,rifle,,,,PROFEK,Team Vitality,astra,True,100,50,0,0,0,7,True,vandal,rifle,,0.8667,0.2478
3026.273,6036,ACTIVE_ROUND,20,11,10,,1.451,,s0pp,FUT Esports,chamber,False,,4,0,7,0,2,False,operator,sniper,,,,xeus,FUT Esports,jett,False,,23,0,0,0,5,False,vandal,rifle,,,,sociablEE,FUT Esports,fade,True,100,50,0,0,0,1,False,phantom,rifle,,0.8978,0.3933,yetujey,FUT Esports,astra,False,,50,0,0,0,3,False,phantom,rifle,,,,KROSTALY,FUT Esports,kayo,False,,27,1,0,0,6,False,vandal,rifle,,,,Chronicle,Team Vitality,chamber,True,100,25,0,5,1,6,False,operator,sniper,,0.6800,0.4067,Derke,Team Vitality,neon,False,,50,1,0,0,7,True,vandal,rifle,,,,Jamppi,Team Vitality,kayo,False,,26,0,1,0,5,False,vandal,rifle,,,,Sayonara,Team Vitality,sova,False,,50,1,2,0,6,False,phantom,rifle,,,,PROFEK,Team Vitality,astra,True,100,50,0,0,0,7,True,vandal,rifle,,0.8689,0.2478
3026.757,6037,ACTIVE_ROUND,20,11,10,,1.935,,s0pp,FUT Esports,chamber,False,,4,0,7,0,2,False,operator,sniper,,,,xeus,FUT Esports,jett,False,,23,0,0,0,5,False,vandal,rifle,,,,sociablEE,FUT Esports,fade,True,100,50,0,0,0,1,False,phantom,rifle,,0.8844,0.3956,yetujey,FUT Esports,astra,False,,50,0,0,0,3,False,phantom,rifle,,,,KROSTALY,FUT Esports,kayo,False,,27,1,0,0,6,False,vandal,rifle,,,,Chronicle,Team Vitality,chamber,True,100,25,0,5,1,6,False,operator,sniper,,0.6822,0.4111,Derke,Team Vitality,neon,False,,50,1,0,0,7,True,vandal,rifle,,,,Jamppi,Team Vitality,kayo,False,,26,0,1,0,5,False,vandal,rifle,,,,Sayonara,Team Vitality,sova,False,,50,1,2,0,6,False,phantom,rifle,,,,PROFEK,Team Vitality,astra,True,100,50,0,0,0,7,True,vandal,rifle,,0.8622,0.2500
3027.241,6038,ACTIVE_ROUND,20,11,10,,2.419,,s0pp,FUT Esports,chamber,False,,4,0,7,0,2,False,operator,sniper,,,,xeus,FUT Esports,jett,False,,23,0,0,0,5,False,vandal,rifle,,,,sociablEE,FUT Esports,fade,True,100,50,0,0,0,1,False,phantom,rifle,,0.8733,0.4067,yetujey,FUT Esports,astra,False,,50,0,0,0,3,False,phantom,rifle,,,,KROSTALY,FUT Esports,kayo,False,,27,1,0,0,6,False,vandal,rifle,,,,Chronicle,Team Vitality,chamber,True,100,25,0,5,1,6,False,operator,sniper,,0.6889,0.4000,Derke,Team Vitality,neon,False,,50,1,0,0,7,True,vandal,rifle,,,,Jamppi,Team Vitality,kayo,False,,26,0,1,0,5,False,vandal,rifle,,,,Sayonara,Team Vitality,sova,False,,50,1,2,0,6,False,phantom,rifle,,,,PROFEK,Team Vitality,astra,True,100,50,0,0,0,7,True,vandal,rifle,,0.8733,0.2478
3027.725,6039,ACTIVE_ROUND,20,11,10,,2.903,,s0pp,FUT Esports,chamber,False,,4,0,7,0,2,False,operator,sniper,,,,xeus,FUT Esports,jett,False,,23,0,0,0,5,False,vandal,rifle,,,,sociablEE,FUT Esports,fade,True,100,50,0,0,0,1,False,phantom,rifle,,0.8689,0.4089,yetujey,FUT Esports,astra,False,,50,0,0,0,3,False,phantom,rifle,,,,KROSTALY,FUT Esports,kayo,False,,27,1,0,0,6,False,vandal,rifle,,,,Chronicle,Team Vitality,chamber,True,100,25,0,5,1,6,False,operator,sniper,,0.7044,0.4000,Derke,Team Vitality,neon,False,,50,1,0,0,7,True,vandal,rifle,,,,Jamppi,Team Vitality,kayo,False,,26,0,1,0,5,False,vandal,rifle,,,,Sayonara,Team Vitality,sova,False,,50,1,2,0,6,False,phantom,rifle,,,,PROFEK,Team Vitality,astra,True,100,50,0,0,0,7,True,vandal,rifle,,0.8711,0.2478
3028.209,6040,ACTIVE_ROUND,20,11,10,,3.387,,s0pp,FUT Esports,chamber,False,,4,0,7,0,2,False,operator,sniper,,,,xeus,FUT Esports,jett,False,,23,0,0,0,5,False,vandal,rifle,,,,sociablEE,FUT Esports,fade,True,87,24,0,0,0,2,False,phantom,rifle,,0.8689,0.4111,yetujey,FUT Esports,astra,False,,50,0,0,0,3,False,phantom,rifle,,,,KROSTALY,FUT Esports,kayo,False,,27,1,0,0,6,False,vandal,rifle,,,,Chronicle,Team Vitality,chamber,True,100,25,0,5,1,7,False,operator,sniper,,0.7133,0.4044,Derke,Team Vitality,neon,False,,50,1,0,0,7,True,vandal,rifle,,,,Jamppi,Team Vitality,kayo,False,,26,0,1,0,5,False,vandal,rifle,,,,Sayonara,Team Vitality,sova,False,,50,1,2,0,6,False,phantom,rifle,,,,PROFEK,Team Vitality,astra,True,100,50,0,0,0,7,True,vandal,rifle,,0.6333,0.4411
3028.692,6041,ACTIVE_ROUND,20,11,10,,3.871,,s0pp,FUT Esports,chamber,False,,4,0,7,0,2,False,operator,sniper,,,,xeus,FUT Esports,jett,False,,23,0,0,0,5,False,vandal,rifle,,,,sociablEE,FUT Esports,fade,True,87,24,0,0,0,2,False,phantom,rifle,,0.8600,0.4200,yetujey,FUT Esports,astra,False,,50,0,0,0,3,False,phantom,rifle,,,,KROSTALY,FUT Esports,kayo,False,,27,1,0,0,6,False,vandal,rifle,,,,Chronicle,Team Vitality,chamber,True,100,25,0,5,1,7,False,operator,sniper,,0.7156,0.3978,Derke,Team Vitality,neon,False,,50,1,0,0,7,True,vandal,rifle,,,,Jamppi,Team Vitality,kayo,False,,26,0,1,0,5,False,vandal,rifle,,,,Sayonara,Team Vitality,sova,False,,50,1,2,0,6,False,phantom,rifle,,,,PROFEK,Team Vitality,astra,True,100,50,0,0,0,7,True,vandal,rifle,,0.6333,0.4411
3029.176,6042,ACTIVE_ROUND,20,11,10,,4.354,,s0pp,FUT Esports,chamber,False,,4,0,7,0,2,False,operator,sniper,,,,xeus,FUT Esports,jett,False,,23,0,0,0,5,False,vandal,rifle,,,,sociablEE,FUT Esports,fade,True,87,24,0,0,0,2,False,phantom,rifle,,0.8511,0.4244,yetujey,FUT Esports,astra,False,,50,0,0,0,3,False,phantom,rifle,,,,KROSTALY,FUT Esports,kayo,False,,27,1,0,0,6,False,vandal,rifle,,,,Chronicle,Team Vitality,chamber,True,100,25,0,5,1,7,False,operator,sniper,,0.7200,0.3889,Derke,Team Vitality,neon,False,,50,1,0,0,7,True,vandal,rifle,,,,Jamppi,Team Vitality,kayo,False,,26,0,1,0,5,False,vandal,rifle,,,,Sayonara,Team Vitality,sova,False,,50,1,2,0,6,False,phantom,rifle,,,,PROFEK,Team Vitality,astra,True,100,50,0,0,0,7,True,vandal,rifle,,0.6333,0.4411
3029.660,6043,ACTIVE_ROUND,20,11,10,,4.838,,s0pp,FUT Esports,chamber,False,,4,0,7,0,2,False,operator,sniper,,,,xeus,FUT Esports,jett,False,,23,0,0,0,5,False,vandal,rifle,,,,sociablEE,FUT Esports,fade,True,87,24,0,0,0,2,False,phantom,rifle,,0.8800,0.4644,yetujey,FUT Esports,astra,False,,50,0,0,0,3,False,phantom,rifle,,,,KROSTALY,FUT Esports,kayo,False,,27,1,0,0,6,False,vandal,rifle,,,,Chronicle,Team Vitality,chamber,True,100,25,0,5,1,7,False,operator,sniper,,0.7200,0.3778,Derke,Team Vitality,neon,False,,50,1,0,0,7,True,vandal,rifle,,,,Jamppi,Team Vitality,kayo,False,,26,0,1,0,5,False,vandal,rifle,,,,Sayonara,Team Vitality,sova,False,,50,1,2,0,6,False,phantom,rifle,,,,PROFEK,Team Vitality,astra,True,100,50,0,0,0,7,True,vandal,rifle,,0.6311,0.4411
3030.144,6044,ACTIVE_ROUND,20,11,10,,5.322,,s0pp,FUT Esports,chamber,False,,4,0,7,0,2,False,operator,sniper,,,,xeus,FUT Esports,jett,False,,23,0,0,0,5,False,vandal,rifle,,,,sociablEE,FUT Esports,fade,True,87,24,0,0,0,2,False,phantom,rifle,,0.8400,0.4422,yetujey,FUT Esports,astra,False,,50,0,0,0,3,False,phantom,rifle,,,,KROSTALY,FUT Esports,kayo,False,,27,1,0,0,6,False,vandal,rifle,,,,Chronicle,Team Vitality,chamber,True,100,25,0,5,1,7,False,operator,sniper,,0.7222,0.3667,Derke,Team Vitality,neon,False,,50,1,0,0,7,True,vandal,rifle,,,,Jamppi,Team Vitality,kayo,False,,26,0,1,0,5,False,vandal,rifle,,,,Sayonara,Team Vitality,sova,False,,50,1,2,0,6,False,phantom,rifle,,,,PROFEK,Team Vitality,astra,True,100,50,0,0,0,7,True,vandal,rifle,,0.6311,0.4411
3030.628,6045,ACTIVE_ROUND,20,11,10,,5.806,,s0pp,FUT Esports,chamber,False,,4,0,7,0,2,False,operator,sniper,,,,xeus,FUT Esports,jett,False,,23,0,0,0,5,False,vandal,rifle,,,,sociablEE,FUT Esports,fade,True,87,24,0,0,0,2,False,phantom,rifle,,0.8333,0.4444,yetujey,FUT Esports,astra,False,,50,0,0,0,3,False,phantom,rifle,,,,KROSTALY,FUT Esports,kayo,False,,27,1,0,0,6,False,vandal,rifle,,,,Chronicle,Team Vitality,chamber,True,100,25,0,5,1,7,False,operator,sniper,,0.7244,0.3600,Derke,Team Vitality,neon,False,,50,1,0,0,7,True,vandal,rifle,,,,Jamppi,Team Vitality,kayo,False,,26,0,1,0,5,False,vandal,rifle,,,,Sayonara,Team Vitality,sova,False,,50,1,2,0,6,False,phantom,rifle,,,,PROFEK,Team Vitality,astra,True,100,50,0,0,0,7,True,vandal,rifle,,0.6311,0.4411
3031.111,6046,ACTIVE_ROUND,20,11,10,,6.290,,s0pp,FUT Esports,chamber,False,,4,0,7,0,2,False,operator,sniper,,,,xeus,FUT Esports,jett,False,,23,0,0,0,5,False,vandal,rifle,,,,sociablEE,FUT Esports,fade,True,87,24,0,0,0,2,False,phantom,rifle,,0.8267,0.4378,yetujey,FUT Esports,astra,False,,50,0,0,0,3,False,phantom,rifle,,,,KROSTALY,FUT Esports,kayo,False,,27,1,0,0,6,False,vandal,rifle,,,,Chronicle,Team Vitality,chamber,True,100,25,0,5,1,7,False,operator,sniper,,0.7289,0.3556,Derke,Team Vitality,neon,False,,50,1,0,0,7,True,vandal,rifle,,,,Jamppi,Team Vitality,kayo,False,,26,0,1,0,5,False,vandal,rifle,,,,Sayonara,Team Vitality,sova,False,,50,1,2,0,6,False,phantom,rifle,,,,PROFEK,Team Vitality,astra,True,100,50,0,0,0,7,True,vandal,rifle,,0.6244,0.4411
3031.595,6047,ACTIVE_ROUND,20,11,10,,6.773,,s0pp,FUT Esports,chamber,False,,4,0,7,0,2,False,operator,sniper,,,,xeus,FUT Esports,jett,False,,23,0,0,0,5,False,vandal,rifle,,,,sociablEE,FUT Esports,fade,True,87,24,0,0,0,2,False,phantom,rifle,,0.8200,0.4311,yetujey,FUT Esports,astra,False,,50,0,0,0,3,False,phantom,rifle,,,,KROSTALY,FUT Esports,kayo,False,,27,1,0,0,6,False,vandal,rifle,,,,Chronicle,Team Vitality,chamber,True,100,25,0,5,1,7,False,operator,sniper,,0.7400,0.3556,Derke,Team Vitality,neon,False,,50,1,0,0,7,True,vandal,rifle,,,,Jamppi,Team Vitality,kayo,False,,26,0,1,0,5,False,vandal,rifle,,,,Sayonara,Team Vitality,sova,False,,50,1,2,0,6,False,phantom,rifle,,,,PROFEK,Team Vitality,astra,True,100,50,0,0,0,7,True,vandal,rifle,,0.6244,0.4411
3032.079,6048,ACTIVE_ROUND,20,11,10,,7.257,,s0pp,FUT Esports,chamber,False,,4,0,7,0,2,False,operator,sniper,,,,xeus,FUT Esports,jett,False,,23,0,0,0,5,False,vandal,rifle,,,,sociablEE,FUT Esports,fade,True,87,24,0,0,0,2,False,phantom,rifle,,0.8111,0.4222,yetujey,FUT Esports,astra,False,,50,0,0,0,3,False,phantom,rifle,,,,KROSTALY,FUT Esports,kayo,False,,27,1,0,0,6,False,vandal,rifle,,,,Chronicle,Team Vitality,chamber,True,100,25,0,5,1,7,False,operator,sniper,,0.7533,0.3556,Derke,Team Vitality,neon,False,,50,1,0,0,7,True,vandal,rifle,,,,Jamppi,Team Vitality,kayo,False,,26,0,1,0,5,False,vandal,rifle,,,,Sayonara,Team Vitality,sova,False,,50,1,2,0,6,False,phantom,rifle,,,,PROFEK,Team Vitality,astra,False,,50,0,0,0,7,True,vandal,rifle,,0.6244,0.4411
3032.563,6049,ACTIVE_ROUND,20,11,10,,7.741,,s0pp,FUT Esports,chamber,False,,4,0,7,0,2,False,operator,sniper,,,,xeus,FUT Esports,jett,False,,23,0,0,0,5,False,vandal,rifle,,,,sociablEE,FUT Esports,fade,True,87,24,0,0,0,2,False,phantom,rifle,,0.8067,0.4111,yetujey,FUT Esports,astra,False,,50,0,0,0,3,False,phantom,rifle,,,,KROSTALY,FUT Esports,kayo,False,,27,1,0,0,6,False,vandal,rifle,,,,Chronicle,Team Vitality,chamber,True,100,25,0,5,1,7,False,operator,sniper,,0.7667,0.3533,Derke,Team Vitality,neon,False,,50,1,0,0,7,True,vandal,rifle,,,,Jamppi,Team Vitality,kayo,False,,26,0,1,0,5,False,vandal,rifle,,,,Sayonara,Team Vitality,sova,False,,50,1,2,0,6,False,phantom,rifle,,,,PROFEK,Team Vitality,astra,False,,50,0,0,0,7,True,vandal,rifle,,,
3033.047,6050,ACTIVE_ROUND,20,11,10,,8.225,,s0pp,FUT Esports,chamber,False,,4,0,7,0,2,False,operator,sniper,,,,xeus,FUT Esports,jett,False,,23,0,0,0,5,False,vandal,rifle,,,,sociablEE,FUT Esports,fade,True,87,24,0,0,0,2,False,phantom,rifle,,0.8089,0.4067,yetujey,FUT Esports,astra,False,,50,0,0,0,3,False,phantom,rifle,,,,KROSTALY,FUT Esports,kayo,False,,27,1,0,0,6,False,vandal,rifle,,,,Chronicle,Team Vitality,chamber,True,100,25,0,5,1,7,False,operator,sniper,,0.7800,0.3533,Derke,Team Vitality,neon,False,,50,1,0,0,7,True,vandal,rifle,,,,Jamppi,Team Vitality,kayo,False,,26,0,1,0,5,False,vandal,rifle,,,,Sayonara,Team Vitality,sova,False,,50,1,2,0,6,False,phantom,rifle,,,,PROFEK,Team Vitality,astra,False,,50,0,0,0,7,True,vandal,rifle,,,
3033.530,6051,ACTIVE_ROUND,20,11,10,,8.709,,s0pp,FUT Esports,chamber,False,,4,0,7,0,2,False,operator,sniper,,,,xeus,FUT Esports,jett,False,,23,0,0,0,5,False,vandal,rifle,,,,sociablEE,FUT Esports,fade,True,87,24,0,0,0,2,False,phantom,rifle,,0.8089,0.4067,yetujey,FUT Esports,astra,False,,50,0,0,0,3,False,phantom,rifle,,,,KROSTALY,FUT Esports,kayo,False,,27,1,0,0,6,False,vandal,rifle,,,,Chronicle,Team Vitality,chamber,True,100,25,0,5,1,7,False,operator,sniper,,0.7733,0.3578,Derke,Team Vitality,neon,False,,50,1,0,0,7,True,vandal,rifle,,,,Jamppi,Team Vitality,kayo,False,,26,0,1,0,5,False,vandal,rifle,,,,Sayonara,Team Vitality,sova,False,,50,1,2,0,6,False,phantom,rifle,,,,PROFEK,Team Vitality,astra,False,,50,0,0,0,7,True,vandal,rifle,,,
3034.014,6052,ACTIVE_ROUND,20,11,10,,9.193,,s0pp,FUT Esports,chamber,False,,4,0,7,0,2,False,operator,sniper,,,,xeus,FUT Esports,jett,False,,23,0,0,0,5,False,vandal,rifle,,,,sociablEE,FUT Esports,fade,True,87,24,0,0,0,2,False,phantom,rifle,,0.8089,0.3978,yetujey,FUT Esports,astra,False,,50,0,0,0,3,False,phantom,rifle,,,,KROSTALY,FUT Esports,kayo,False,,27,1,0,0,6,False,vandal,rifle,,,,Chronicle,Team Vitality,chamber,True,100,25,0,5,1,7,False,operator,sniper,,0.7778,0.3533,Derke,Team Vitality,neon,False,,50,1,0,0,7,True,vandal,rifle,,,,Jamppi,Team Vitality,kayo,False,,26,0,1,0,5,False,vandal,rifle,,,,Sayonara,Team Vitality,sova,False,,50,1,2,0,6,False,phantom,rifle,,,,PROFEK,Team Vitality,astra,False,,50,0,0,0,7,True,vandal,rifle,,,
3034.498,6053,ACTIVE_ROUND,20,11,10,,9.676,,s0pp,FUT Esports,chamber,False,,4,0,7,0,2,False,operator,sniper,,,,xeus,FUT Esports,jett,False,,23,0,0,0,5,False,vandal,rifle,,,,sociablEE,FUT Esports,fade,True,87,24,0,0,0,2,False,phantom,rifle,,0.8089,0.4044,yetujey,FUT Esports,astra,False,,50,0,0,0,3,False,phantom,rifle,,,,KROSTALY,FUT Esports,kayo,False,,27,1,0,0,6,False,vandal,rifle,,,,Chronicle,Team Vitality,chamber,True,100,25,0,5,1,7,False,operator,sniper,,0.7800,0.3533,Derke,Team Vitality,neon,False,,50,1,0,0,7,True,vandal,rifle,,,,Jamppi,Team Vitality,kayo,False,,26,0,1,0,5,False,vandal,rifle,,,,Sayonara,Team Vitality,sova,False,,50,1,2,0,6,False,phantom,rifle,,,,PROFEK,Team Vitality,astra,False,,50,0,0,0,7,True,vandal,rifle,,,
3034.982,6054,ACTIVE_ROUND,20,11,10,,10.160,,s0pp,FUT Esports,chamber,False,,4,0,7,0,2,False,operator,sniper,,,,xeus,FUT Esports,jett,False,,23,0,0,0,5,False,vandal,rifle,,,,sociablEE,FUT Esports,fade,True,87,24,0,0,0,2,False,phantom,rifle,,0.8800,0.4644,yetujey,FUT Esports,astra,False,,50,0,0,0,3,False,phantom,rifle,,,,KROSTALY,FUT Esports,kayo,False,,27,1,0,0,6,False,vandal,rifle,,,,Chronicle,Team Vitality,chamber,True,100,25,0,5,1,7,False,operator,sniper,,0.7889,0.3533,Derke,Team Vitality,neon,False,,50,1,0,0,7,True,vandal,rifle,,,,Jamppi,Team Vitality,kayo,False,,26,0,1,0,5,False,vandal,rifle,,,,Sayonara,Team Vitality,sova,False,,50,1,2,0,6,False,phantom,rifle,,,,PROFEK,Team Vitality,astra,False,,50,0,0,0,7,True,vandal,rifle,,,
3035.466,6055,ACTIVE_ROUND,20,11,10,,10.644,,s0pp,FUT Esports,chamber,False,,4,0,7,0,2,False,operator,sniper,,,,xeus,FUT Esports,jett,False,,23,0,0,0,5,False,vandal,rifle,,,,sociablEE,FUT Esports,fade,True,87,24,0,0,0,2,False,phantom,rifle,,0.8800,0.4644,yetujey,FUT Esports,astra,False,,50,0,0,0,3,False,phantom,rifle,,,,KROSTALY,FUT Esports,kayo,False,,27,1,0,0,6,False,vandal,rifle,,,,Chronicle,Team Vitality,chamber,True,91,7,0,5,1,7,False,operator,sniper,,0.7933,0.3533,Derke,Team Vitality,neon,False,,50,1,0,0,7,True,vandal,rifle,,,,Jamppi,Team Vitality,kayo,False,,26,0,1,0,5,False,vandal,rifle,,,,Sayonara,Team Vitality,sova,False,,50,1,2,0,6,False,phantom,rifle,,,,PROFEK,Team Vitality,astra,False,,50,0,0,0,7,True,vandal,rifle,,,
3035.950,6056,ACTIVE_ROUND,20,11,10,,11.128,,s0pp,FUT Esports,chamber,False,,4,0,7,0,2,False,operator,sniper,,,,xeus,FUT Esports,jett,False,,23,0,0,0,5,False,vandal,rifle,,,,sociablEE,FUT Esports,fade,False,,24,0,0,0,3,False,unknown,unknown,,0.8800,0.4644,yetujey,FUT Esports,astra,False,,50,0,0,0,3,False,phantom,rifle,,,,KROSTALY,FUT Esports,kayo,False,,27,1,0,0,6,False,vandal,rifle,,,,Chronicle,Team Vitality,chamber,True,91,7,0,2,1,7,True,operator,sniper,,0.8156,0.3556,Derke,Team Vitality,neon,False,,50,1,0,0,7,True,vandal,rifle,,,,Jamppi,Team Vitality,kayo,False,,26,0,1,0,5,False,vandal,rifle,,,,Sayonara,Team Vitality,sova,False,,50,1,2,0,6,False,phantom,rifle,,,,PROFEK,Team Vitality,astra,False,,50,0,0,0,7,True,vandal,rifle,,,
3036.433,6057,ACTIVE_ROUND,20,11,10,,11.612,,s0pp,FUT Esports,chamber,False,,4,0,7,0,2,False,operator,sniper,,,,xeus,FUT Esports,jett,False,,23,0,0,0,5,False,vandal,rifle,,,,sociablEE,FUT Esports,fade,False,,24,0,0,0,3,False,unknown,unknown,,,,yetujey,FUT Esports,astra,False,,50,0,0,0,3,False,phantom,rifle,,,,KROSTALY,FUT Esports,kayo,False,,27,1,0,0,6,False,vandal,rifle,,,,Chronicle,Team Vitality,chamber,True,91,7,0,2,1,7,True,operator,sniper,,0.8156,0.3556,Derke,Team Vitality,neon,False,,50,1,0,0,7,True,vandal,rifle,,,,Jamppi,Team Vitality,kayo,False,,26,0,1,0,5,False,vandal,rifle,,,,Sayonara,Team Vitality,sova,False,,50,1,2,0,6,False,phantom,rifle,,,,PROFEK,Team Vitality,astra,False,,50,0,0,0,7,True,vandal,rifle,,,
3036.917,6058,ACTIVE_ROUND,20,11,10,,12.095,,s0pp,FUT Esports,chamber,False,,4,0,7,0,2,False,operator,sniper,,,,xeus,FUT Esports,jett,False,,23,0,0,0,5,False,vandal,rifle,,,,sociablEE,FUT Esports,fade,False,,24,0,0,0,3,False,unknown,unknown,,,,yetujey,FUT Esports,astra,False,,50,0,0,0,3,False,phantom,rifle,,,,KROSTALY,FUT Esports,kayo,False,,27,1,0,0,6,False,vandal,rifle,,,,Chronicle,Team Vitality,chamber,True,91,7,0,2,1,7,True,operator,sniper,,0.8356,0.3556,Derke,Team Vitality,neon,False,,50,1,0,0,7,True,vandal,rifle,,,,Jamppi,Team Vitality,kayo,False,,26,0,1,0,5,False,vandal,rifle,,,,Sayonara,Team Vitality,sova,False,,50,1,2,0,6,False,phantom,rifle,,,,PROFEK,Team Vitality,astra,False,,50,0,0,0,7,True,vandal,rifle,,,
3037.401,6059,ACTIVE_ROUND,20,11,10,,12.579,,s0pp,FUT Esports,chamber,False,,4,0,7,0,2,False,operator,sniper,,,,xeus,FUT Esports,jett,False,,23,0,0,0,5,False,vandal,rifle,,,,sociablEE,FUT Esports,fade,False,,24,0,0,0,3,False,unknown,unknown,,,,yetujey,FUT Esports,astra,False,,50,0,0,0,3,False,phantom,rifle,,,,KROSTALY,FUT Esports,kayo,False,,27,1,0,0,6,False,vandal,rifle,,,,Chronicle,Team Vitality,chamber,True,91,7,0,2,1,7,True,operator,sniper,,0.8356,0.3556,Derke,Team Vitality,neon,False,,50,1,0,0,7,True,vandal,rifle,,,,Jamppi,Team Vitality,kayo,False,,26,0,1,0,5,False,vandal,rifle,,,,Sayonara,Team Vitality,sova,False,,50,1,2,0,6,False,phantom,rifle,,,,PROFEK,Team Vitality,astra,False,,50,0,0,0,7,True,vandal,rifle,,,
3037.885,6060,ACTIVE_ROUND,20,11,10,,13.063,,s0pp,FUT Esports,chamber,False,,4,0,7,0,2,False,operator,sniper,,,,xeus,FUT Esports,jett,False,,23,0,0,0,5,False,vandal,rifle,,,,sociablEE,FUT Esports,fade,False,,24,0,0,0,3,False,unknown,unknown,,,,yetujey,FUT Esports,astra,False,,50,0,0,0,3,False,phantom,rifle,,,,KROSTALY,FUT Esports,kayo,False,,27,1,0,0,6,False,vandal,rifle,,,,Chronicle,Team Vitality,chamber,True,91,7,0,2,1,7,True,operator,sniper,,0.8356,0.3556,Derke,Team Vitality,neon,False,,50,1,0,0,7,True,vandal,rifle,,,,Jamppi,Team Vitality,kayo,False,,26,0,1,0,5,False,vandal,rifle,,,,Sayonara,Team Vitality,sova,False,,50,1,2,0,6,False,phantom,rifle,,,,PROFEK,Team Vitality,astra,False,,50,0,0,0,7,True,vandal,rifle,,,
3038.369,6061,ACTIVE_ROUND,20,11,10,,13.547,,s0pp,FUT Esports,chamber,False,,4,0,7,0,2,False,operator,sniper,,,,xeus,FUT Esports,jett,False,,23,0,0,0,5,False,vandal,rifle,,,,sociablEE,FUT Esports,fade,False,,24,0,0,0,3,False,unknown,unknown,,,,yetujey,FUT Esports,astra,False,,50,0,0,0,3,False,phantom,rifle,,,,KROSTALY,FUT Esports,kayo,False,,27,1,0,0,6,False,vandal,rifle,,,,Chronicle,Team Vitality,chamber,True,91,7,0,2,1,7,True,operator,sniper,,0.8356,0.3556,Derke,Team Vitality,neon,False,,50,1,0,0,7,True,vandal,rifle,,,,Jamppi,Team Vitality,kayo,False,,26,0,1,0,5,False,vandal,rifle,,,,Sayonara,Team Vitality,sova,False,,50,1,2,0,6,False,phantom,rifle,,,,PROFEK,Team Vitality,astra,False,,50,0,0,0,7,True,vandal,rifle,,,
3074.655,6136,PREROUND,21,11,11,,,,s0pp,FUT Esports,chamber,True,,,0,7,1,3,False,,,,,,xeus,FUT Esports,jett,True,,,2,1,1,6,False,,,,,,sociablEE,FUT Esports,fade,True,,,2,0,1,3,False,,,,,,yetujey,FUT Esports,astra,True,,,1,3,1,4,False,,,,,,KROSTALY,FUT Esports,kayo,True,,,1,2,1,7,True,,,,,,Chronicle,Team Vitality,chamber,True,,,0,8,1,7,True,,,,,,Derke,Team Vitality,neon,True,,,1,1,1,7,True,,,,,,Jamppi,Team Vitality,kayo,True,,,1,2,1,6,False,,,,,,Sayonara,Team Vitality,sova,True,,,1,2,1,7,False,,,,,,PROFEK,Team Vitality,astra,True,,,2,2,1,7,True,,,,,
3075.139,6137,PREROUND,21,11,11,,,,s0pp,FUT Esports,chamber,True,,,0,7,1,3,False,,,,,,xeus,FUT Esports,jett,True,,,2,1,1,6,False,,,,,,sociablEE,FUT Esports,fade,True,,,2,0,1,3,False,,,,,,yetujey,FUT Esports,astra,True,,,1,3,1,4,False,,,,,,KROSTALY,FUT Esports,kayo,True,,,1,2,1,7,True,,,,,,Chronicle,Team Vitality,chamber,True,,,0,8,1,7,True,,,,,,Derke,Team Vitality,neon,True,,,1,1,1,7,True,,,,,,Jamppi,Team Vitality,kayo,True,,,1,2,1,6,False,,,,,,Sayonara,Team Vitality,sova,True,,,1,2,1,7,False,,,,,,PROFEK,Team Vitality,astra,True,,,2,2,1,7,True,,,,,
3075.623,6138,PREROUND,21,11,11,,,,s0pp,FUT Esports,chamber,True,,,0,7,1,3,False,,,,,,xeus,FUT Esports,jett,True,,,2,1,1,6,False,,,,,,sociablEE,FUT Esports,fade,True,,,2,0,1,3,False,,,,,,yetujey,FUT Esports,astra,True,,,1,3,1,4,False,,,,,,KROSTALY,FUT Esports,kayo,True,,,1,2,1,7,True,,,,,,Chronicle,Team Vitality,chamber,True,,,0,8,1,7,True,,,,,,Derke,Team Vitality,neon,True,,,1,1,1,7,True,,,,,,Jamppi,Team Vitality,kayo,True,,,1,2,1,6,False,,,,,,Sayonara,Team Vitality,sova,True,,,1,2,1,7,False,,,,,,PROFEK,Team Vitality,astra,True,,,2,2,1,7,True,,,,,
3076.106,6139,PREROUND,21,11,11,,,,s0pp,FUT Esports,chamber,True,,,0,7,1,3,False,,,,,,xeus,FUT Esports,jett,True,,,2,1,1,6,False,,,,,,sociablEE,FUT Esports,fade,True,,,2,0,1,3,False,,,,,,yetujey,FUT Esports,astra,True,,,1,3,1,4,False,,,,,,KROSTALY,FUT Esports,kayo,True,,,1,2,1,7,True,,,,,,Chronicle,Team Vitality,chamber,True,,,0,8,1,7,True,,,,,,Derke,Team Vitality,neon,True,,,1,1,1,7,True,,,,,,Jamppi,Team Vitality,kayo,True,,,1,2,1,6,False,,,,,,Sayonara,Team Vitality,sova,True,,,1,2,1,7,False,,,,,,PROFEK,Team Vitality,astra,True,,,2,2,1,7,True,,,,,
3076.590,6140,PREROUND,21,11,11,,,,s0pp,FUT Esports,chamber,True,,,0,7,1,3,False,,,,,,xeus,FUT Esports,jett,True,,,2,1,1,6,False,,,,,,sociablEE,FUT Esports,fade,True,,,2,0,1,3,False,,,,,,yetujey,FUT Esports,astra,True,,,1,3,1,4,False,,,,,,KROSTALY,FUT Esports,kayo,True,,,1,2,1,7,True,,,,,,Chronicle,Team Vitality,chamber,True,,,0,8,1,7,True,,,,,,Derke,Team Vitality,neon,True,,,1,1,1,7,True,,,,,,Jamppi,Team Vitality,kayo,True,,,1,2,1,6,False,,,,,,Sayonara,Team Vitality,sova,True,,,1,2,1,7,False,,,,,,PROFEK,Team Vitality,astra,True,,,2,2,1,7,True,,,,,
3077.074,6141,PREROUND,21,11,11,,,,s0pp,FUT Esports,chamber,True,,,0,7,1,3,False,,,,,,xeus,FUT Esports,jett,True,,,2,1,1,6,False,,,,,,sociablEE,FUT Esports,fade,True,,,2,0,1,3,False,,,,,,yetujey,FUT Esports,astra,True,,,1,3,1,4,False,,,,,,KROSTALY,FUT Esports,kayo,True,,,1,2,1,7,True,,,,,,Chronicle,Team Vitality,chamber,True,,,0,8,1,7,True,,,,,,Derke,Team Vitality,neon,True,,,1,1,1,7,True,,,,,,Jamppi,Team Vitality,kayo,True,,,1,2,1,6,False,,,,,,Sayonara,Team Vitality,sova,True,,,1,2,1,7,False,,,,,,PROFEK,Team Vitality,astra,True,,,2,2,1,7,True,,,,,
3077.558,6142,PREROUND,21,11,11,,,,s0pp,FUT Esports,chamber,True,,,0,7,1,3,False,,,,,,xeus,FUT Esports,jett,True,,,2,1,1,6,False,,,,,,sociablEE,FUT Esports,fade,True,,,2,0,1,3,False,,,,,,yetujey,FUT Esports,astra,True,,,1,3,1,4,False,,,,,,KROSTALY,FUT Esports,kayo,True,,,1,2,1,7,True,,,,,,Chronicle,Team Vitality,chamber,True,,,0,8,1,7,True,,,,,,Derke,Team Vitality,neon,True,,,1,1,1,7,True,,,,,,Jamppi,Team Vitality,kayo,True,,,1,2,1,6,False,,,,,,Sayonara,Team Vitality,sova,True,,,1,2,1,7,False,,,,,,PROFEK,Team Vitality,astra,True,,,2,2,1,7,True,,,,,
3078.042,6143,PREROUND,21,11,11,,,,s0pp,FUT Esports,chamber,True,,,0,7,1,3,False,,,,,,xeus,FUT Esports,jett,True,,,2,1,1,6,False,,,,,,sociablEE,FUT Esports,fade,True,,,2,0,1,3,False,,,,,,yetujey,FUT Esports,astra,True,,,1,3,1,4,False,,,,,,KROSTALY,FUT Esports,kayo,True,,,1,2,1,7,True,,,,,,Chronicle,Team Vitality,chamber,True,,,0,8,1,7,True,,,,,,Derke,Team Vitality,neon,True,,,1,1,1,7,True,,,,,,Jamppi,Team Vitality,kayo,True,,,1,2,1,6,False,,,,,,Sayonara,Team Vitality,sova,True,,,1,2,1,7,False,,,,,,PROFEK,Team Vitality,astra,True,,,2,2,1,7,True,,,,,
3078.525,6144,PREROUND,21,11,11,,,,s0pp,FUT Esports,chamber,True,,,0,7,0,3,False,,,,,,xeus,FUT Esports,jett,True,,,2,1,1,6,False,,,,,,sociablEE,FUT Esports,fade,True,,,2,0,1,3,False,,,,,,yetujey,FUT Esports,astra,True,,,1,3,1,4,False,,,,,,KROSTALY,FUT Esports,kayo,True,,,1,2,1,7,True,,,,,,Chronicle,Team Vitality,chamber,True,,,0,8,1,7,True,,,,,,Derke,Team Vitality,neon,True,,,1,1,1,7,True,,,,,,Jamppi,Team Vitality,kayo,True,,,1,2,1,6,False,,,,,,Sayonara,Team Vitality,sova,True,,,1,2,1,7,False,,,,,,PROFEK,Team Vitality,astra,True,,,2,2,1,7,True,,,,,
3079.009,6145,PREROUND,21,11,11,,,,s0pp,FUT Esports,chamber,True,,,0,7,0,3,False,,,,,,xeus,FUT Esports,jett,True,,,2,1,1,6,False,,,,,,sociablEE,FUT Esports,fade,True,,,2,0,1,3,False,,,,,,yetujey,FUT Esports,astra,True,,,1,3,2,4,False,,,,,,KROSTALY,FUT Esports,kayo,True,,,1,2,1,7,True,,,,,,Chronicle,Team Vitality,chamber,True,,,0,8,1,7,True,,,,,,Derke,Team Vitality,neon,True,,,1,1,1,7,True,,,,,,Jamppi,Team Vitality,kayo,True,,,1,2,1,6,False,,,,,,Sayonara,Team Vitality,sova,True,,,1,2,1,7,False,,,,,,PROFEK,Team Vitality,astra,True,,,2,2,2,7,True,,,,,
3079.493,6146,PREROUND,21,11,11,,,,s0pp,FUT Esports,chamber,True,,,0,7,0,3,False,,,,,,xeus,FUT Esports,jett,True,,,2,1,1,6,False,,,,,,sociablEE,FUT Esports,fade,True,,,2,0,1,3,False,,,,,,yetujey,FUT Esports,astra,True,,,1,3,2,4,False,,,,,,KROSTALY,FUT Esports,kayo,True,,,1,2,1,7,True,,,,,,Chronicle,Team Vitality,chamber,True,,,0,8,1,7,True,,,,,,Derke,Team Vitality,neon,True,,,1,1,1,7,True,,,,,,Jamppi,Team Vitality,kayo,True,,,1,2,1,6,False,,,,,,Sayonara,Team Vitality,sova,True,,,1,2,1,7,False,,,,,,PROFEK,Team Vitality,astra,True,,,2,2,2,7,True,,,,,
3079.977,6147,PREROUND,21,11,11,,,,s0pp,FUT Esports,chamber,True,,,0,7,0,3,False,,,,,,xeus,FUT Esports,jett,True,,,2,1,1,6,False,,,,,,sociablEE,FUT Esports,fade,True,,,2,0,1,3,False,,,,,,yetujey,FUT Esports,astra,True,,,1,3,2,4,False,,,,,,KROSTALY,FUT Esports,kayo,True,,,1,2,1,7,True,,,,,,Chronicle,Team Vitality,chamber,True,,,0,8,1,7,True,,,,,,Derke,Team Vitality,neon,True,,,1,1,1,7,True,,,,,,Jamppi,Team Vitality,kayo,True,,,1,2,1,6,False,,,,,,Sayonara,Team Vitality,sova,True,,,1,2,1,7,False,,,,,,PROFEK,Team Vitality,astra,True,,,1,2,2,7,True,,,,,
3080.461,6148,PREROUND,21,11,11,,,,s0pp,FUT Esports,chamber,True,,,0,7,0,3,False,,,,,,xeus,FUT Esports,jett,True,,,2,1,1,6,False,,,,,,sociablEE,FUT Esports,fade,True,,,2,0,1,3,False,,,,,,yetujey,FUT Esports,astra,True,,,1,3,2,4,False,,,,,,KROSTALY,FUT Esports,kayo,True,,,2,3,2,0,False,,,,,,Chronicle,Team Vitality,chamber,True,,,0,8,1,7,True,,,,,,Derke,Team Vitality,neon,True,,,1,1,1,7,True,,,,,,Jamppi,Team Vitality,kayo,True,,,2,3,3,3,False,,,,,,Sayonara,Team Vitality,sova,True,,,1,2,1,7,False,,,,,,PROFEK,Team Vitality,astra,True,,,1,2,2,7,True,,,,,
3080.945,6149,ACTIVE_ROUND,21,11,11,99.000,,,s0pp,FUT Esports,chamber,True,100,25,0,7,0,3,False,,,,0.7700,0.6733,xeus,FUT Esports,jett,True,100,50,2,1,1,6,False,,,,0.6633,0.7144,sociablEE,FUT Esports,fade,True,100,25,2,0,1,3,False,,,,,,yetujey,FUT Esports,astra,True,100,50,1,3,2,4,False,,,,,,KROSTALY,FUT Esports,kayo,True,100,25,2,3,2,0,False,,,,0.7711,0.7400,Chronicle,Team Vitality,chamber,True,100,50,0,8,1,7,True,,,,0.5111,0.5089,Derke,Team Vitality,neon,True,100,50,1,1,1,7,True,,,,,,Jamppi,Team Vitality,kayo,True,100,50,2,3,3,3,False,,,,,,Sayonara,Team Vitality,sova,True,100,50,1,2,1,7,False,,,,0.1967,0.3022,PROFEK,Team Vitality,astra,True,100,25,1,2,2,7,True,,,,0.8533,0.4233
3081.428,6150,ACTIVE_ROUND,21,11,11,98.000,,,s0pp,FUT Esports,chamber,True,100,25,0,7,0,3,False,,,,0.7767,0.6622,xeus,FUT Esports,jett,True,100,50,2,1,1,6,False,,,,0.1811,0.6544,sociablEE,FUT Esports,fade,True,100,25,2,0,1,3,False,,,,,,yetujey,FUT Esports,astra,True,100,50,1,3,2,4,False,,,,,,KROSTALY,FUT Esports,kayo,True,100,25,2,3,2,0,False,,,,0.7511,0.7467,Chronicle,Team Vitality,chamber,True,100,50,0,8,1,7,True,,,,0.5311,0.5133,Derke,Team Vitality,neon,True,100,50,1,1,1,7,True,,,,,,Jamppi,Team Vitality,kayo,True,100,50,2,3,3,3,False,,,,0.1478,0.3256,Sayonara,Team Vitality,sova,True,100,50,1,2,1,7,False,,,,0.8211,0.3422,PROFEK,Team Vitality,astra,True,100,25,1,2,2,7,True,,,,0.8533,0.4233
3081.912,6151,ACTIVE_ROUND,21,11,11,98.000,,,s0pp,FUT Esports,chamber,True,100,25,0,7,0,3,False,,,,0.7767,0.6622,xeus,FUT Esports,jett,True,100,50,2,1,1,6,False,,,,0.6211,0.6922,sociablEE,FUT Esports,fade,True,100,25,2,0,1,3,False,,,,,,yetujey,FUT Esports,astra,True,100,50,1,3,2,4,False,,,,,,KROSTALY,FUT Esports,kayo,True,100,25,2,3,2,0,False,,,,0.7511,0.7467,Chronicle,Team Vitality,chamber,True,100,50,0,8,1,7,True,,,,0.5311,0.5133,Derke,Team Vitality,neon,True,100,50,1,1,1,7,True,,,,,,Jamppi,Team Vitality,kayo,True,100,50,2,3,3,3,False,,,,0.7789,0.4744,Sayonara,Team Vitality,sova,True,100,50,1,2,1,7,False,,,,0.1989,0.3022,PROFEK,Team Vitality,astra,True,100,25,1,2,2,7,True,,,,0.8533,0.4233
3082.396,6152,ACTIVE_ROUND,21,11,11,97.000,,,s0pp,FUT Esports,chamber,True,100,25,0,7,1,3,False,vandal,rifle,,0.7767,0.6622,xeus,FUT Esports,jett,True,100,50,2,1,1,6,False,vandal,rifle,,0.6233,0.6700,sociablEE,FUT Esports,fade,True,100,25,2,0,0,3,False,vandal,rifle,,,,yetujey,FUT Esports,astra,True,100,50,1,0,0,4,False,phantom,rifle,,,,KROSTALY,FUT Esports,kayo,True,100,25,1,2,0,7,True,guardian,rifle,,0.7511,0.7467,Chronicle,Team Vitality,chamber,True,100,50,0,8,1,7,True,classic,sidearm,,0.5311,0.5133,Derke,Team Vitality,neon,True,100,50,1,1,1,7,True,operator,sniper,,,,Jamppi,Team Vitality,kayo,True,100,50,1,2,1,6,False,phantom,rifle,,0.5233,0.5344,Sayonara,Team Vitality,sova,True,100,50,1,2,1,7,False,phantom,rifle,,0.8256,0.3467,PROFEK,Team Vitality,astra,True,100,25,1,1,0,7,True,vandal,rifle,,0.8489,0.4300
3082.880,6153,ACTIVE_ROUND,21,11,11,97.000,,,s0pp,FUT Esports,chamber,True,100,25,0,7,1,3,False,vandal,rifle,,0.7833,0.6289,xeus,FUT Esports,jett,True,100,50,2,1,1,6,False,vandal,rifle,,0.6256,0.6633,sociablEE,FUT Esports,fade,True,100,25,2,0,0,3,False,vandal,rifle,,0.4644,0.6444,yetujey,FUT Esports,astra,True,100,50,1,0,0,4,False,phantom,rifle,,,,KROSTALY,FUT Esports,kayo,True,100,25,1,2,0,7,True,guardian,rifle,,0.7511,0.7467,Chronicle,Team Vitality,chamber,True,100,50,0,8,1,7,True,classic,sidearm,,0.5311,0.5133,Derke,Team Vitality,neon,True,100,50,1,1,1,7,True,operator,sniper,,,,Jamppi,Team Vitality,kayo,True,100,50,1,2,1,6,False,phantom,rifle,,0.7856,0.3256,Sayonara,Team Vitality,sova,True,100,50,1,2,1,7,False,phantom,rifle,,0.8278,0.3378,PROFEK,Team Vitality,astra,True,100,25,1,1,0,7,True,vandal,rifle,,0.8489,0.4300
3083.364,6154,ACTIVE_ROUND,21,11,11,96.000,,,s0pp,FUT Esports,chamber,True,100,25,0,7,1,3,False,vandal,rifle,,0.7833,0.6178,xeus,FUT Esports,jett,True,100,50,2,1,1,6,False,vandal,rifle,,0.4567,0.5078,sociablEE,FUT Esports,fade,True,100,25,2,0,0,3,False,vandal,rifle,,0.4756,0.6311,yetujey,FUT Esports,astra,True,100,50,1,0,0,4,False,phantom,rifle,,,,KROSTALY,FUT Esports,kayo,True,100,25,1,2,0,7,True,guardian,rifle,,0.7511,0.7467,Chronicle,Team Vitality,chamber,True,100,50,0,8,1,7,True,classic,sidearm,,0.5311,0.5133,Derke,Team Vitality,neon,True,100,50,1,1,1,7,True,operator,sniper,,,,Jamppi,Team Vitality,kayo,True,100,50,1,2,1,6,False,phantom,rifle,,0.7856,0.3233,Sayonara,Team Vitality,sova,True,100,50,1,2,1,7,False,phantom,rifle,,0.8167,0.3156,PROFEK,Team Vitality,astra,True,100,25,1,1,0,7,True,vandal,rifle,,0.8489,0.4300
3083.847,6155,ACTIVE_ROUND,21,11,11,96.000,,,s0pp,FUT Esports,chamber,True,100,25,0,7,1,3,False,vandal,rifle,,0.7900,0.6111,xeus,FUT Esports,jett,True,100,50,2,1,1,6,False,vandal,rifle,,0.4567,0.5078,sociablEE,FUT Esports,fade,True,100,25,2,0,0,3,False,vandal,rifle,,0.4756,0.6311,yetujey,FUT Esports,astra,True,100,50,1,0,0,4,False,phantom,rifle,,,,KROSTALY,FUT Esports,kayo,True,100,25,1,2,0,7,True,guardian,rifle,,0.7511,0.7467,Chronicle,Team Vitality,chamber,True,100,50,0,8,1,7,True,classic,sidearm,,0.5311,0.5133,Derke,Team Vitality,neon,True,100,50,1,1,1,7,True,operator,sniper,,,,Jamppi,Team Vitality,kayo,True,100,50,1,2,1,6,False,phantom,rifle,,0.5256,0.5322,Sayonara,Team Vitality,sova,True,100,50,1,2,1,7,False,phantom,rifle,,0.8344,0.3200,PROFEK,Team Vitality,astra,True,100,25,1,1,0,7,True,vandal,rifle,,0.8489,0.4300
3084.331,6156,ACTIVE_ROUND,21,11,11,95.000,,,s0pp,FUT Esports,chamber,True,100,25,0,7,1,3,False,vandal,rifle,,0.8056,0.6111,xeus,FUT Esports,jett,True,100,50,2,1,1,6,False,vandal,rifle,,0.4567,0.5078,sociablEE,FUT Esports,fade,True,100,25,1,0,0,3,False,vandal,rifle,,0.4756,0.6311,yetujey,FUT Esports,astra,True,100,50,1,0,0,4,False,phantom,rifle,,,,KROSTALY,FUT Esports,kayo,True,100,25,1,2,0,7,True,guardian,rifle,,0.7511,0.7467,Chronicle,Team Vitality,chamber,True,100,50,0,8,1,7,True,classic,sidearm,,0.5311,0.5133,Derke,Team Vitality,neon,True,100,50,1,1,1,7,True,operator,sniper,,,,Jamppi,Team Vitality,kayo,True,100,50,1,2,1,6,False,phantom,rifle,,0.7856,0.3278,Sayonara,Team Vitality,sova,True,100,50,1,2,1,7,False,phantom,rifle,,0.8389,0.3333,PROFEK,Team Vitality,astra,True,100,25,2,1,0,7,True,vandal,rifle,,0.8489,0.4300
3084.815,6157,ACTIVE_ROUND,21,11,11,95.000,,,s0pp,FUT Esports,chamber,True,100,25,0,7,1,3,False,vandal,rifle,,0.8056,0.6111,xeus,FUT Esports,jett,True,100,50,2,1,1,6,False,vandal,rifle,,0.6389,0.6300,sociablEE,FUT Esports,fade,True,100,25,1,0,0,3,False,vandal,rifle,,0.4756,0.6311,yetujey,FUT Esports,astra,True,100,50,1,0,0,4,False,phantom,rifle,,,,KROSTALY,FUT Esports,kayo,True,100,25,1,2,0,7,True,guardian,rifle,,0.7511,0.7467,Chronicle,Team Vitality,chamber,True,100,50,0,8,1,7,True,classic,sidearm,,0.5311,0.5133,Derke,Team Vitality,neon,True,100,50,1,1,1,7,True,operator,sniper,,,,Jamppi,Team Vitality,kayo,True,100,50,1,2,1,6,False,phantom,rifle,,0.1478,0.3278,Sayonara,Team Vitality,sova,True,100,50,1,2,1,7,False,phantom,rifle,,0.8189,0.3711,PROFEK,Team Vitality,astra,True,100,25,2,1,0,7,True,vandal,rifle,,0.8489,0.4300
3085.299,6158,ACTIVE_ROUND,21,11,11,94.000,,,s0pp,FUT Esports,chamber,True,100,25,0,7,1,3,False,vandal,rifle,,0.8056,0.6111,xeus,FUT Esports,jett,True,100,50,2,1,1,6,False,vandal,rifle,,0.6322,0.6211,sociablEE,FUT Esports,fade,True,100,25,1,0,0,3,False,vandal,rifle,,0.4756,0.6311,yetujey,FUT Esports,astra,True,100,50,1,0,0,4,False,phantom,rifle,,,,KROSTALY,FUT Esports,kayo,True,100,25,1,2,0,7,True,guardian,rifle,,0.7511,0.7467,Chronicle,Team Vitality,chamber,True,100,50,0,8,1,7,True,classic,sidearm,,0.5311,0.5133,Derke,Team Vitality,neon,True,100,50,1,1,1,7,True,operator,sniper,,,,Jamppi,Team Vitality,kayo,True,100,50,1,2,1,6,False,phantom,rifle,,0.1478,0.3278,Sayonara,Team Vitality,sova,True,100,50,1,2,1,7,False,phantom,rifle,,0.1989,0.3022,PROFEK,Team Vitality,astra,True,100,25,2,1,0,7,True,vandal,rifle,,0.8444,0.4278
3085.783,6159,ACTIVE_ROUND,21,11,11,94.000,,,s0pp,FUT Esports,chamber,True,100,25,0,7,1,3,False,vandal,rifle,,0.8056,0.6111,xeus,FUT Esports,jett,True,100,50,2,1,1,6,False,vandal,rifle,,0.6233,0.6211,sociablEE,FUT Esports,fade,True,100,25,1,0,0,3,False,vandal,rifle,,0.4756,0.6311,yetujey,FUT Esports,astra,True,100,50,1,0,0,4,False,phantom,rifle,,,,KROSTALY,FUT Esports,kayo,True,100,25,1,2,0,7,True,guardian,rifle,,0.7511,0.7467,Chronicle,Team Vitality,chamber,True,100,50,0,8,1,7,True,classic,sidearm,,0.5311,0.5133,Derke,Team Vitality,neon,True,100,50,1,1,1,7,True,operator,sniper,,,,Jamppi,Team Vitality,kayo,True,100,50,1,2,1,6,False,phantom,rifle,,0.1522,0.3100,Sayonara,Team Vitality,sova,True,100,50,1,2,1,7,False,phantom,rifle,,0.1944,0.3022,PROFEK,Team Vitality,astra,True,100,25,2,1,0,7,True,vandal,rifle,,0.8444,0.4278
3086.267,6160,ACTIVE_ROUND,21,11,11,94.000,,,s0pp,FUT Esports,chamber,True,100,25,0,7,1,3,False,vandal,rifle,,0.8233,0.6156,xeus,FUT Esports,jett,True,100,50,2,1,1,6,False,vandal,rifle,,0.6189,0.6122,sociablEE,FUT Esports,fade,True,100,25,1,0,0,3,False,vandal,rifle,,0.5067,0.6133,yetujey,FUT Esports,astra,True,100,50,1,1,0,4,False,phantom,rifle,,,,KROSTALY,FUT Esports,kayo,True,100,25,1,2,0,7,True,classic,sidearm,,0.7511,0.7467,Chronicle,Team Vitality,chamber,True,100,50,0,8,0,7,True,classic,sidearm,,0.5311,0.5133,Derke,Team Vitality,neon,True,100,50,1,1,1,7,True,operator,sniper,,,,Jamppi,Team Vitality,kayo,True,100,50,1,2,1,6,False,phantom,rifle,,0.1589,0.3033,Sayonara,Team Vitality,sova,True,100,50,1,2,1,7,False,phantom,rifle,,0.8878,0.4844,PROFEK,Team Vitality,astra,True,100,25,1,1,0,7,True,vandal,rifle,,0.8311,0.4056
3086.750,6161,ACTIVE_ROUND,21,11,11,93.000,,,s0pp,FUT Esports,chamber,True,100,25,0,7,1,3,False,vandal,rifle,,0.8322,0.6111,xeus,FUT Esports,jett,True,100,50,2,1,1,6,False,vandal,rifle,,0.6144,0.6011,sociablEE,FUT Esports,fade,True,100,25,1,0,0,3,False,vandal,rifle,,0.5178,0.5956,yetujey,FUT Esports,astra,True,100,50,1,1,0,4,False,phantom,rifle,,,,KROSTALY,FUT Esports,kayo,True,100,25,1,2,0,7,True,classic,sidearm,,0.6244,0.6667,Chronicle,Team Vitality,chamber,True,100,50,0,8,0,7,True,classic,sidearm,,0.5311,0.5133,Derke,Team Vitality,neon,True,100,50,1,1,1,7,True,operator,sniper,,,,Jamppi,Team Vitality,kayo,True,100,50,1,2,1,6,False,phantom,rifle,,0.1589,0.3056,Sayonara,Team Vitality,sova,True,100,50,1,2,1,7,False,phantom,rifle,,0.1944,0.3022,PROFEK,Team Vitality,astra,True,100,25,1,1,0,7,True,vandal,rifle,,0.8311,0.4056
3087.234,6162,ACTIVE_ROUND,21,11,11,93.000,,,s0pp,FUT Esports,chamber,True,100,25,0,7,1,3,False,vandal,rifle,,0.8367,0.6133,xeus,FUT Esports,jett,True,100,50,2,1,1,6,False,vandal,rifle,,0.6100,0.5944,sociablEE,FUT Esports,fade,True,100,25,1,0,0,3,False,vandal,rifle,,0.5289,0.5756,yetujey,FUT Esports,astra,True,100,50,1,1,0,4,False,phantom,rifle,,,,KROSTALY,FUT Esports,kayo,True,100,25,1,2,0,7,True,classic,sidearm,,0.6244,0.6667,Chronicle,Team Vitality,chamber,True,100,50,0,8,0,7,True,classic,sidearm,,0.5311,0.5133,Derke,Team Vitality,neon,True,100,50,1,1,1,7,True,operator,sniper,,,,Jamppi,Team Vitality,kayo,True,100,50,1,2,1,6,False,phantom,rifle,,0.1522,0.3100,Sayonara,Team Vitality,sova,True,100,50,1,2,1,7,False,phantom,rifle,,0.8989,0.4689,PROFEK,Team Vitality,astra,True,100,25,1,1,0,7,True,vandal,rifle,,0.8267,0.3989
3087.718,6163,ACTIVE_ROUND,21,11,11,92.000,,,s0pp,FUT Esports,chamber,True,100,25,0,7,1,3,False,vandal,rifle,,0.8411,0.6022,xeus,FUT Esports,jett,True,100,50,2,1,1,6,False,vandal,rifle,,0.6056,0.5922,sociablEE,FUT Esports,fade,True,100,25,1,0,0,3,False,vandal,rifle,,0.5378,0.5556,yetujey,FUT Esports,astra,True,100,50,1,1,0,4,False,phantom,rifle,,,,KROSTALY,FUT Esports,kayo,True,100,25,1,2,0,7,True,classic,sidearm,,0.6267,0.6400,Chronicle,Team Vitality,chamber,True,100,50,0,8,0,7,True,classic,sidearm,,0.5311,0.5133,Derke,Team Vitality,neon,True,100,50,1,1,1,7,True,operator,sniper,,0.8711,0.4800,Jamppi,Team Vitality,kayo,True,100,50,1,2,1,6,False,phantom,rifle,,0.1522,0.3100,Sayonara,Team Vitality,sova,True,100,50,1,2,1,7,False,phantom,rifle,,0.1944,0.3022,PROFEK,Team Vitality,astra,True,100,25,1,1,0,7,True,vandal,rifle,,0.8178,0.3878
3088.202,6164,ACTIVE_ROUND,21,11,11,92.000,,,s0pp,FUT Esports,chamber,True,100,25,0,7,1,3,False,vandal,rifle,,0.8522,0.5978,xeus,FUT Esports,jett,True,100,50,2,1,1,6,False,vandal,rifle,,0.6033,0.5856,sociablEE,FUT Esports,fade,True,100,25,1,0,0,3,False,vandal,rifle,,0.5422,0.5444,yetujey,FUT Esports,astra,True,100,50,1,0,0,4,False,phantom,rifle,,,,KROSTALY,FUT Esports,kayo,True,100,25,1,2,0,7,True,classic,sidearm,,0.6267,0.6400,Chronicle,Team Vitality,chamber,True,100,50,0,8,0,7,True,classic,sidearm,,0.5311,0.5133,Derke,Team Vitality,neon,True,100,50,1,1,1,7,True,operator,sniper,,0.8711,0.4800,Jamppi,Team Vitality,kayo,True,100,50,1,2,1,6,False,phantom,rifle,,0.7522,0.3656,Sayonara,Team Vitality,sova,True,100,50,1,2,1,7,False,phantom,rifle,,0.1944,0.3022,PROFEK,Team Vitality,astra,True,100,25,1,1,0,7,True,vandal,rifle,,0.8067,0.3856
3088.686,6165,ACTIVE_ROUND,21,11,11,91.000,,,s0pp,FUT Esports,chamber,True,100,25,0,7,1,3,False,vandal,rifle,,0.8589,0.6000,xeus,FUT Esports,jett,True,100,50,2,1,1,6,False,vandal,rifle,,0.6033,0.5789,sociablEE,FUT Esports,fade,True,100,25,1,0,0,3,False,vandal,rifle,,0.5422,0.5444,yetujey,FUT Esports,astra,True,100,50,1,0,0,4,False,phantom,rifle,,,,KROSTALY,FUT Esports,kayo,True,100,25,1,2,0,7,True,classic,sidearm,,0.6267,0.6400,Chronicle,Team Vitality,chamber,True,100,50,0,8,0,7,True,classic,sidearm,,0.5311,0.5133,Derke,Team Vitality,neon,True,100,50,1,1,1,7,True,operator,sniper,,0.8711,0.4800,Jamppi,Team Vitality,kayo,True,100,50,1,2,1,6,False,phantom,rifle,,0.7389,0.3656,Sayonara,Team Vitality,sova,True,100,50,1,2,1,7,False,phantom,rifle,,0.1944,0.3022,PROFEK,Team Vitality,astra,True,100,25,1,1,0,7,True,vandal,rifle,,0.7978,0.3811
3089.169,6166,ACTIVE_ROUND,21,11,11,91.000,,,s0pp,FUT Esports,chamber,True,100,25,0,7,1,3,False,vandal,rifle,,0.8611,0.5956,xeus,FUT Esports,jett,True,100,50,2,1,1,6,False,vandal,rifle,,0.5989,0.5700,sociablEE,FUT Esports,fade,True,100,25,1,0,0,3,False,vandal,rifle,,0.5422,0.5444,yetujey,FUT Esports,astra,True,100,50,1,0,0,4,False,phantom,rifle,,,,KROSTALY,FUT Esports,kayo,True,100,25,1,2,0,7,True,classic,sidearm,,0.6267,0.6400,Chronicle,Team Vitality,chamber,True,100,50,0,8,0,7,True,classic,sidearm,,0.5311,0.5133,Derke,Team Vitality,neon,True,100,50,1,1,1,7,True,operator,sniper,,0.8889,0.4778,Jamppi,Team Vitality,kayo,True,100,50,1,2,1,6,False,phantom,rifle,,0.1589,0.3033,Sayonara,Team Vitality,sova,True,100,50,1,2,1,7,False,phantom,rifle,,0.1944,0.3022,PROFEK,Team Vitality,astra,True,100,25,1,1,0,7,True,vandal,rifle,,0.7911,0.3678
3089.653,6167,ACTIVE_ROUND,21,11,11,90.000,,,s0pp,FUT Esports,chamber,True,100,25,0,7,1,3,False,vandal,rifle,,0.4522,0.9311,xeus,FUT Esports,jett,True,100,50,2,1,1,6,False,vandal,rifle,,0.5967,0.5611,sociablEE,FUT Esports,fade,True,100,25,1,0,0,3,False,vandal,rifle,,0.5489,0.5711,yetujey,FUT Esports,astra,True,100,50,1,0,0,4,False,phantom,rifle,,,,KROSTALY,FUT Esports,kayo,True,100,25,1,2,0,7,True,classic,sidearm,,0.6267,0.6400,Chronicle,Team Vitality,chamber,True,100,50,0,8,0,7,True,classic,sidearm,,0.5311,0.5133,Derke,Team Vitality,neon,True,100,50,1,1,1,7,True,operator,sniper,,0.8933,0.4778,Jamppi,Team Vitality,kayo,True,100,50,1,2,1,6,False,phantom,rifle,,0.1589,0.3033,Sayonara,Team Vitality,sova,True,100,50,1,2,1,7,False,phantom,rifle,,0.9211,0.4756,PROFEK,Team Vitality,astra,True,100,25,1,1,0,7,True,vandal,rifle,,0.7911,0.3678
3090.137,6168,ACTIVE_ROUND,21,11,11,90.000,,,s0pp,FUT Esports,chamber,True,100,25,0,7,1,3,False,vandal,rifle,,0.4522,0.9311,xeus,FUT Esports,jett,True,100,50,2,1,1,6,False,vandal,rifle,,0.5967,0.5522,sociablEE,FUT Esports,fade,True,100,25,0,0,0,3,False,vandal,rifle,,0.5556,0.5844,yetujey,FUT Esports,astra,True,100,50,1,1,0,4,False,phantom,rifle,,0.5311,0.5811,KROSTALY,FUT Esports,kayo,True,100,25,1,2,0,7,True,guardian,rifle,,0.6267,0.6400,Chronicle,Team Vitality,chamber,True,100,50,0,8,0,7,True,classic,sidearm,,0.5067,0.4000,Derke,Team Vitality,neon,True,100,50,1,1,1,7,True,operator,sniper,,0.9000,0.4867,Jamppi,Team Vitality,kayo,True,100,50,1,2,1,6,False,phantom,rifle,,0.1589,0.3033,Sayonara,Team Vitality,sova,True,100,50,0,2,1,7,False,phantom,rifle,,0.1944,0.3022,PROFEK,Team Vitality,astra,True,100,25,2,1,0,7,True,vandal,rifle,,0.7911,0.3678
3090.621,6169,ACTIVE_ROUND,21,11,11,89.000,,,s0pp,FUT Esports,chamber,True,100,25,0,7,1,3,False,vandal,rifle,,0.4522,0.9311,xeus,FUT Esports,jett,True,100,50,2,1,1,6,False,vandal,rifle,,0.6056,0.5433,sociablEE,FUT Esports,fade,True,100,25,0,0,0,3,False,vandal,rifle,,0.5622,0.5978,yetujey,FUT Esports,astra,True,100,50,1,1,0,4,False,phantom,rifle,,0.5311,0.5811,KROSTALY,FUT Esports,kayo,True,100,25,1,2,0,7,True,guardian,rifle,,0.6156,0.5667,Chronicle,Team Vitality,chamber,True,100,50,0,8,0,7,True,classic,sidearm,,0.5000,0.3911,Derke,Team Vitality,neon,True,100,50,1,1,1,7,True,operator,sniper,,0.9000,0.4867,Jamppi,Team Vitality,kayo,True,100,50,1,2,1,6,False,phantom,rifle,,0.7856,0.3233,Sayonara,Team Vitality,sova,True,100,50,0,2,1,7,False,phantom,rifle,,0.5322,0.3778,PROFEK,Team Vitality,astra,True,100,25,2,1,0,7,True,vandal,rifle,,0.7911,0.3678
3091.105,6170,ACTIVE_ROUND,21,11,11,89.000,,,s0pp,FUT Esports,chamber,False,,25,0,7,1,3,False,vandal,rifle,,0.4900,0.6178,xeus,FUT Esports,jett,True,100,50,2,1,1,6,False,vandal,rifle,,0.8189,0.2856,sociablEE,FUT Esports,fade,True,100,25,0,0,0,3,False,vandal,rifle,,0.5622,0.5978,yetujey,FUT Esports,astra,True,100,50,1,1,0,4,False,phantom,rifle,,0.5311,0.5811,KROSTALY,FUT Esports,kayo,True,100,25,1,2,0,7,True,guardian,rifle,,0.6156,0.5667,Chronicle,Team Vitality,chamber,True,100,50,0,8,0,7,True,classic,sidearm,,0.5000,0.3911,Derke,Team Vitality,neon,True,100,50,1,1,1,7,True,operator,sniper,,0.8911,0.4867,Jamppi,Team Vitality,kayo,True,100,50,1,2,1,6,False,phantom,rifle,,0.1589,0.3033,Sayonara,Team Vitality,sova,True,100,50,0,2,1,7,False,phantom,rifle,,0.1944,0.3022,PROFEK,Team Vitality,astra,True,100,25,2,1,0,7,True,vandal,rifle,,0.7911,0.3678
3091.588,6171,ACTIVE_ROUND,21,11,11,88.000,,,s0pp,FUT Esports,chamber,False,,25,0,7,1,3,False,vandal,rifle,,,,xeus,FUT Esports,jett,True,100,50,2,1,1,6,False,vandal,rifle,,0.6722,0.5278,sociablEE,FUT Esports,fade,True,100,25,0,0,0,3,False,vandal,rifle,,0.5800,0.6156,yetujey,FUT Esports,astra,True,100,50,1,1,0,4,False,phantom,rifle,,0.5311,0.5811,KROSTALY,FUT Esports,kayo,True,100,25,1,2,0,7,True,guardian,rifle,,0.6156,0.5667,Chronicle,Team Vitality,chamber,True,100,50,0,8,0,7,True,classic,sidearm,,0.5000,0.3911,Derke,Team Vitality,neon,True,100,50,1,1,1,7,True,operator,sniper,,0.8911,0.4867,Jamppi,Team Vitality,kayo,True,100,50,1,2,1,6,False,phantom,rifle,,0.1589,0.3033,Sayonara,Team Vitality,sova,True,100,50,0,2,1,7,False,phantom,rifle,,0.5122,0.3822,PROFEK,Team Vitality,astra,True,100,25,2,1,0,7,True,vandal,rifle,,0.7911,0.3678
3092.072,6172,ACTIVE_ROUND,21,11,11,88.000,,,s0pp,FUT Esports,chamber,False,,25,0,7,1,3,False,vandal,rifle,,,,xeus,FUT Esports,jett,True,100,50,2,1,1,6,False,vandal,rifle,,0.7856,0.2789,sociablEE,FUT Esports,fade,True,100,25,0,0,0,3,False,vandal,rifle,,0.5844,0.6178,yetujey,FUT Esports,astra,True,100,50,1,1,0,4,False,phantom,rifle,,0.5311,0.5811,KROSTALY,FUT Esports,kayo,True,100,25,1,2,0,7,True,classic,sidearm,,0.7467,0.2578,Chronicle,Team Vitality,chamber,True,100,50,0,6,0,7,True,classic,sidearm,,0.5000,0.3911,Derke,Team Vitality,neon,True,100,50,1,1,1,7,True,operator,sniper,,0.8911,0.4867,Jamppi,Team Vitality,kayo,True,100,50,1,2,1,6,False,phantom,rifle,,0.1478,0.3344,Sayonara,Team Vitality,sova,True,100,50,0,2,1,7,False,phantom,rifle,,0.7589,0.2311,PROFEK,Team Vitality,astra,True,100,25,1,1,0,7,True,vandal,rifle,,0.7911,0.3678
3092.556,6173,ACTIVE_ROUND,21,11,11,87.000,,,s0pp,FUT Esports,chamber,False,,25,0,7,1,3,False,vandal,rifle,,,,xeus,FUT Esports,jett,True,100,50,2,1,1,6,False,vandal,rifle,,0.7722,0.2656,sociablEE,FUT Esports,fade,True,100,25,0,0,0,3,False,vandal,rifle,,0.5911,0.6022,yetujey,FUT Esports,astra,True,100,50,1,1,0,4,False,phantom,rifle,,0.5867,0.6478,KROSTALY,FUT Esports,kayo,True,100,25,1,2,0,7,True,classic,sidearm,,0.7467,0.2578,Chronicle,Team Vitality,chamber,True,100,50,0,6,0,7,True,classic,sidearm,,0.5000,0.3911,Derke,Team Vitality,neon,True,100,50,1,1,1,7,True,operator,sniper,,0.9000,0.5156,Jamppi,Team Vitality,kayo,True,100,50,1,2,1,6,False,phantom,rifle,,0.1478,0.3300,Sayonara,Team Vitality,sova,True,100,50,0,2,1,7,False,phantom,rifle,,0.1944,0.3022,PROFEK,Team Vitality,astra,True,100,25,1,1,0,7,True,vandal,rifle,,0.7511,0.2478
3093.040,6174,ACTIVE_ROUND,21,11,11,87.000,,,s0pp,FUT Esports,chamber,False,,25,0,7,1,3,False,vandal,rifle,,,,xeus,FUT Esports,jett,True,100,50,2,1,1,6,False,vandal,rifle,,0.5967,0.5500,sociablEE,FUT Esports,fade,True,100,25,0,0,0,3,False,vandal,rifle,,0.6000,0.5911,yetujey,FUT Esports,astra,True,100,50,1,1,0,4,False,phantom,rifle,,0.6022,0.6656,KROSTALY,FUT Esports,kayo,True,100,25,1,2,0,7,True,classic,sidearm,,0.7467,0.2578,Chronicle,Team Vitality,chamber,True,100,50,0,6,0,7,True,classic,sidearm,,0.5000,0.3911,Derke,Team Vitality,neon,True,100,50,1,1,1,7,True,operator,sniper,,0.9111,0.5244,Jamppi,Team Vitality,kayo,True,100,50,1,2,1,6,False,phantom,rifle,,0.1767,0.3033,Sayonara,Team Vitality,sova,True,100,50,0,2,1,7,False,phantom,rifle,,0.5122,0.3822,PROFEK,Team Vitality,astra,True,100,25,1,1,0,7,True,vandal,rifle,,0.7511,0.2478
3093.524,6175,ACTIVE_ROUND,21,11,11,86.000,,,s0pp,FUT Esports,chamber,False,,25,0,7,1,3,False,vandal,rifle,,,,xeus,FUT Esports,jett,True,100,50,2,1,1,6,False,vandal,rifle,,0.5922,0.5500,sociablEE,FUT Esports,fade,True,100,25,0,0,0,3,False,vandal,rifle,,0.6067,0.5800,yetujey,FUT Esports,astra,True,100,50,1,1,0,4,False,phantom,rifle,,0.6022,0.6656,KROSTALY,FUT Esports,kayo,True,100,25,1,2,0,7,True,classic,sidearm,,0.7467,0.2578,Chronicle,Team Vitality,chamber,True,100,50,0,6,0,7,True,classic,sidearm,,0.5000,0.3911,Derke,Team Vitality,neon,True,100,50,1,1,1,7,True,operator,sniper,,0.9200,0.5378,Jamppi,Team Vitality,kayo,True,100,50,1,2,1,6,False,phantom,rifle,,0.1944,0.3056,Sayonara,Team Vitality,sova,True,100,50,0,2,1,7,False,phantom,rifle,,0.2256,0.3022,PROFEK,Team Vitality,astra,True,100,25,1,1,0,7,True,vandal,rifle,,0.7511,0.2478
3094.008,6176,ACTIVE_ROUND,21,11,11,86.000,,,s0pp,FUT Esports,chamber,False,,25,0,7,1,3,False,vandal,rifle,,,,xeus,FUT Esports,jett,True,100,50,2,1,1,6,False,vandal,rifle,,0.6722,0.7167,sociablEE,FUT Esports,fade,True,100,25,0,0,0,3,False,vandal,rifle,,0.6067,0.5800,yetujey,FUT Esports,astra,True,100,50,1,1,0,4,False,phantom,rifle,,0.6022,0.6656,KROSTALY,FUT Esports,kayo,True,100,25,1,2,0,7,True,guardian,rifle,,0.7467,0.2578,Chronicle,Team Vitality,chamber,True,100,50,0,6,0,7,True,classic,sidearm,,0.5000,0.3911,Derke,Team Vitality,neon,True,100,50,1,1,1,7,True,operator,sniper,,0.9222,0.5400,Jamppi,Team Vitality,kayo,True,100,50,1,2,1,6,False,phantom,rifle,,0.2011,0.3056,Sayonara,Team Vitality,sova,True,100,50,0,2,1,7,False,phantom,rifle,,0.9456,0.5111,PROFEK,Team Vitality,astra,True,100,25,1,1,0,7,True,vandal,rifle,,0.7511,0.2478
3094.491,6177,ACTIVE_ROUND,21,11,11,85.000,,,s0pp,FUT Esports,chamber,False,,25,0,7,1,3,False,vandal,rifle,,,,xeus,FUT Esports,jett,True,100,50,2,1,1,6,False,vandal,rifle,,0.8878,0.5722,sociablEE,FUT Esports,fade,True,100,25,0,0,0,3,False,vandal,rifle,,0.6200,0.5556,yetujey,FUT Esports,astra,True,100,50,1,1,0,4,False,phantom,rifle,,0.6022,0.6656,KROSTALY,FUT Esports,kayo,True,100,25,1,2,0,7,True,guardian,rifle,,0.7467,0.2578,Chronicle,Team Vitality,chamber,True,100,50,0,6,0,7,True,classic,sidearm,,0.5000,0.3911,Derke,Team Vitality,neon,True,100,50,1,1,1,7,True,operator,sniper,,0.9133,0.5467,Jamppi,Team Vitality,kayo,True,100,50,1,2,1,6,False,phantom,rifle,,0.1833,0.3056,Sayonara,Team Vitality,sova,True,100,50,0,2,1,7,False,phantom,rifle,,0.2167,0.3022,PROFEK,Team Vitality,astra,True,100,25,1,1,0,7,True,vandal,rifle,,0.7511,0.2478
3094.975,6178,ACTIVE_ROUND,21,11,11,85.000,,,s0pp,FUT Esports,chamber,False,,25,0,7,1,3,False,vandal,rifle,,,,xeus,FUT Esports,jett,True,100,50,2,1,1,6,False,vandal,rifle,,0.7167,0.7767,sociablEE,FUT Esports,fade,True,100,25,0,0,0,3,False,vandal,rifle,,0.6311,0.5467,yetujey,FUT Esports,astra,True,100,50,1,1,0,4,False,phantom,rifle,,0.6689,0.7300,KROSTALY,FUT Esports,kayo,True,100,25,1,2,0,7,True,guardian,rifle,,0.7467,0.2578,Chronicle,Team Vitality,chamber,True,100,50,0,6,0,7,True,classic,sidearm,,0.5000,0.3911,Derke,Team Vitality,neon,True,100,50,1,1,1,7,True,operator,sniper,,0.9022,0.5600,Jamppi,Team Vitality,kayo,True,100,50,1,2,1,6,False,phantom,rifle,,0.1478,0.3278,Sayonara,Team Vitality,sova,True,100,50,0,2,1,7,False,phantom,rifle,,0.2011,0.3022,PROFEK,Team Vitality,astra,True,100,25,1,1,0,7,True,vandal,rifle,,0.7289,0.2056
3095.459,6179,ACTIVE_ROUND,21,11,11,84.000,,,s0pp,FUT Esports,chamber,False,,25,0,7,1,3,False,vandal,rifle,,,,xeus,FUT Esports,jett,True,100,50,2,1,1,6,False,vandal,rifle,,0.6078,0.5300,sociablEE,FUT Esports,fade,True,100,25,0,0,0,3,False,vandal,rifle,,0.6422,0.5378,yetujey,FUT Esports,astra,True,100,50,1,1,0,4,False,phantom,rifle,,0.6689,0.7300,KROSTALY,FUT Esports,kayo,True,100,25,1,2,0,7,True,guardian,rifle,,0.7467,0.2578,Chronicle,Team Vitality,chamber,True,100,50,0,6,0,7,True,classic,sidearm,,0.5000,0.3911,Derke,Team Vitality,neon,True,100,50,1,1,1,7,True,operator,sniper,,0.8867,0.5689,Jamppi,Team Vitality,kayo,True,100,50,1,2,1,6,False,phantom,rifle,,0.1678,0.3056,Sayonara,Team Vitality,sova,True,100,50,0,2,1,7,False,phantom,rifle,,0.5122,0.3822,PROFEK,Team Vitality,astra,True,100,25,1,1,0,7,True,vandal,rifle,,0.7133,0.2033
3095.943,6180,ACTIVE_ROUND,21,11,11,84.000,,,s0pp,FUT Esports,chamber,False,,25,0,7,1,3,False,vandal,rifle,,,,xeus,FUT Esports,jett,True,100,50,2,1,1,6,False,vandal,rifle,,0.6833,0.7322,sociablEE,FUT Esports,fade,True,100,25,0,0,0,3,False,vandal,rifle,,0.6533,0.5311,yetujey,FUT Esports,astra,True,100,50,1,0,0,4,False,phantom,rifle,,0.6689,0.7300,KROSTALY,FUT Esports,kayo,True,100,25,1,2,0,7,True,guardian,rifle,,0.7467,0.2578,Chronicle,Team Vitality,chamber,True,100,50,0,6,0,7,True,classic,sidearm,,0.5000,0.3911,Derke,Team Vitality,neon,True,100,50,1,1,1,7,True,operator,sniper,,0.8867,0.5689,Jamppi,Team Vitality,kayo,True,100,50,1,2,1,6,False,phantom,rifle,,0.6344,0.1811,Sayonara,Team Vitality,sova,True,100,50,0,2,1,7,False,phantom,rifle,,0.2011,0.3022,PROFEK,Team Vitality,astra,True,100,25,0,0,0,7,True,vandal,rifle,,0.6911,0.1989
3096.427,6181,ACTIVE_ROUND,21,11,11,83.000,,,s0pp,FUT Esports,chamber,False,,25,0,7,1,3,False,vandal,rifle,,,,xeus,FUT Esports,jett,True,100,50,2,1,1,6,False,vandal,rifle,,0.6278,0.5300,sociablEE,FUT Esports,fade,True,100,25,0,0,0,3,False,vandal,rifle,,0.6644,0.5244,yetujey,FUT Esports,astra,True,100,50,1,0,0,4,False,phantom,rifle,,0.6689,0.7300,KROSTALY,FUT Esports,kayo,True,100,25,1,2,0,7,True,guardian,rifle,,0.7467,0.2578,Chronicle,Team Vitality,chamber,True,100,50,0,6,0,7,True,classic,sidearm,,0.5000,0.3911,Derke,Team Vitality,neon,True,100,50,1,1,1,7,True,operator,sniper,,0.8867,0.5689,Jamppi,Team Vitality,kayo,True,100,50,1,2,1,6,False,phantom,rifle,,0.1478,0.3278,Sayonara,Team Vitality,sova,True,100,50,0,2,1,7,False,phantom,rifle,,0.5122,0.3822,PROFEK,Team Vitality,astra,True,100,25,0,0,0,7,True,vandal,rifle,,0.6689,0.1922
3096.910,6182,ACTIVE_ROUND,21,11,11,83.000,,,s0pp,FUT Esports,chamber,False,,25,0,7,1,3,False,vandal,rifle,,,,xeus,FUT Esports,jett,True,100,50,2,1,1,6,False,vandal,rifle,,0.6389,0.9256,sociablEE,FUT Esports,fade,True,100,25,0,0,0,3,False,vandal,rifle,,0.6644,0.5244,yetujey,FUT Esports,astra,True,100,50,1,0,0,4,False,phantom,rifle,,0.6689,0.7300,KROSTALY,FUT Esports,kayo,True,100,25,1,2,0,7,True,guardian,rifle,,0.7467,0.2578,Chronicle,Team Vitality,chamber,True,100,50,0,6,0,7,True,classic,sidearm,,0.5000,0.3911,Derke,Team Vitality,neon,True,100,50,1,1,1,7,True,operator,sniper,,0.8867,0.5689,Jamppi,Team Vitality,kayo,True,100,50,1,2,1,6,False,phantom,rifle,,0.1656,0.3056,Sayonara,Team Vitality,sova,True,100,50,0,2,1,7,False,phantom,rifle,,0.8878,0.4867,PROFEK,Team Vitality,astra,True,100,25,0,0,0,7,True,vandal,rifle,,0.6467,0.1944
3097.394,6183,ACTIVE_ROUND,21,11,11,82.000,,,s0pp,FUT Esports,chamber,False,,25,0,7,1,3,False,vandal,rifle,,,,xeus,FUT Esports,jett,True,100,50,2,1,1,6,False,vandal,rifle,,0.6389,0.9278,sociablEE,FUT Esports,fade,True,100,25,0,0,0,3,False,vandal,rifle,,0.6644,0.5244,yetujey,FUT Esports,astra,True,100,50,1,0,0,4,False,phantom,rifle,,0.6689,0.7300,KROSTALY,FUT Esports,kayo,True,100,25,1,2,0,7,True,guardian,rifle,,0.7467,0.2578,Chronicle,Team Vitality,chamber,True,100,50,0,6,0,7,True,classic,sidearm,,0.5000,0.3911,Derke,Team Vitality,neon,True,100,50,1,1,1,7,True,operator,sniper,,0.8867,0.5689,Jamppi,Team Vitality,kayo,True,100,50,1,2,1,6,False,phantom,rifle,,0.1656,0.3056,Sayonara,Team Vitality,sova,True,100,50,0,2,1,7,False,phantom,rifle,,0.9033,0.4911,PROFEK,Team Vitality,astra,True,100,25,0,0,0,7,True,vandal,rifle,,0.6467,0.1944
3097.878,6184,ACTIVE_ROUND,21,11,11,82.000,,,s0pp,FUT Esports,chamber,False,,25,0,7,1,3,False,vandal,rifle,,,,xeus,FUT Esports,jett,True,100,50,2,1,1,6,False,vandal,rifle,,0.8767,0.5744,sociablEE,FUT Esports,fade,True,100,25,0,0,0,3,False,vandal,rifle,,0.6644,0.5244,yetujey,FUT Esports,astra,True,100,50,1,1,0,4,False,phantom,rifle,,0.6689,0.7300,KROSTALY,FUT Esports,kayo,True,100,25,1,2,0,7,True,guardian,rifle,,0.7467,0.2578,Chronicle,Team Vitality,chamber,True,100,50,0,6,0,7,True,classic,sidearm,,0.5000,0.3911,Derke,Team Vitality,neon,True,100,50,1,1,1,7,True,operator,sniper,,0.8867,0.5689,Jamppi,Team Vitality,kayo,True,100,50,1,2,1,6,False,phantom,rifle,,0.1656,0.3056,Sayonara,Team Vitality,sova,True,100,50,0,2,1,7,True,phantom,rifle,,0.9033,0.4822,PROFEK,Team Vitality,astra,True,100,25,1,0,0,7,True,vandal,rifle,,0.6467,0.1944
3098.362,6185,ACTIVE_ROUND,21,11,11,81.000,,,s0pp,FUT Esports,chamber,False,,25,0,7,1,3,False,vandal,rifle,,,,xeus,FUT Esports,jett,True,100,50,2,1,1,6,False,vandal,rifle,,0.7389,0.7211,sociablEE,FUT Esports,fade,True,100,25,0,0,0,3,False,vandal,rifle,,0.6844,0.5000,yetujey,FUT Esports,astra,True,100,50,1,1,0,4,False,phantom,rifle,,0.6689,0.7300,KROSTALY,FUT Esports,kayo,True,100,25,1,2,0,7,True,guardian,rifle,,0.7467,0.2578,Chronicle,Team Vitality,chamber,True,100,50,0,6,0,7,True,classic,sidearm,,0.5000,0.3911,Derke,Team Vitality,neon,True,100,50,1,1,1,7,True,operator,sniper,,0.8867,0.5689,Jamppi,Team Vitality,kayo,True,100,50,1,2,1,6,False,phantom,rifle,,0.1656,0.3056,Sayonara,Team Vitality,sova,True,100,50,0,2,1,7,True,phantom,rifle,,0.8967,0.4756,PROFEK,Team Vitality,astra,True,100,25,1,0,0,7,True,vandal,rifle,,0.6467,0.1944
3098.846,6186,ACTIVE_ROUND,21,11,11,81.000,,,s0pp,FUT Esports,chamber,False,,25,0,7,1,3,False,vandal,rifle,,,,xeus,FUT Esports,jett,True,100,50,2,1,1,6,False,vandal,rifle,,0.6300,0.2167,sociablEE,FUT Esports,fade,True,100,25,0,0,0,3,False,vandal,rifle,,0.6844,0.5000,yetujey,FUT Esports,astra,True,100,50,1,1,0,4,False,phantom,rifle,,0.6689,0.7300,KROSTALY,FUT Esports,kayo,True,100,25,1,2,0,7,True,guardian,rifle,,0.7467,0.2578,Chronicle,Team Vitality,chamber,True,100,50,0,6,0,7,True,classic,sidearm,,0.5000,0.3911,Derke,Team Vitality,neon,True,100,50,1,1,1,7,True,operator,sniper,,0.8867,0.5689,Jamppi,Team Vitality,kayo,True,100,50,1,2,1,6,False,phantom,rifle,,0.1478,0.3300,Sayonara,Team Vitality,sova,True,100,50,0,2,1,7,True,phantom,rifle,,0.8211,0.5800,PROFEK,Team Vitality,astra,True,100,25,1,0,0,7,True,vandal,rifle,,0.6467,0.1944
3099.330,6187,ACTIVE_ROUND,21,11,11,80.000,,,s0pp,FUT Esports,chamber,False,,25,0,7,1,3,False,vandal,rifle,,,,xeus,FUT Esports,jett,True,100,50,2,1,1,6,False,vandal,rifle,,0.8767,0.5722,sociablEE,FUT Esports,fade,True,100,25,0,0,0,3,False,vandal,rifle,,0.6844,0.5000,yetujey,FUT Esports,astra,True,100,50,1,1,0,4,False,phantom,rifle,,0.7822,0.7100,KROSTALY,FUT Esports,kayo,True,100,25,1,2,0,7,True,guardian,rifle,,0.7467,0.2578,Chronicle,Team Vitality,chamber,True,100,50,0,6,0,7,True,classic,sidearm,,0.5000,0.3911,Derke,Team Vitality,neon,True,100,50,1,1,1,7,True,operator,sniper,,0.8867,0.5689,Jamppi,Team Vitality,kayo,True,100,50,1,2,1,6,False,phantom,rifle,,0.1656,0.3056,Sayonara,Team Vitality,sova,True,100,50,0,2,1,7,True,phantom,rifle,,0.8856,0.4756,PROFEK,Team Vitality,astra,True,100,25,1,0,0,7,True,vandal,rifle,,0.6467,0.1944
3099.813,6188,ACTIVE_ROUND,21,11,11,80.000,,,s0pp,FUT Esports,chamber,False,,25,0,7,1,3,False,vandal,rifle,,,,xeus,FUT Esports,jett,True,100,50,2,1,1,6,False,vandal,rifle,,0.7811,0.6589,sociablEE,FUT Esports,fade,True,100,25,0,0,0,3,False,vandal,rifle,,0.6844,0.4800,yetujey,FUT Esports,astra,True,100,50,1,1,0,4,False,phantom,rifle,,0.7822,0.7100,KROSTALY,FUT Esports,kayo,True,100,25,1,2,0,7,True,guardian,rifle,,0.7467,0.2578,Chronicle,Team Vitality,chamber,True,100,50,0,6,0,7,True,classic,sidearm,,0.5000,0.3911,Derke,Team Vitality,neon,True,100,50,1,1,1,7,True,operator,sniper,,0.8867,0.5689,Jamppi,Team Vitality,kayo,True,100,50,1,2,1,6,False,phantom,rifle,,0.1722,0.3056,Sayonara,Team Vitality,sova,True,100,50,0,2,1,7,True,phantom,rifle,,0.2033,0.3022,PROFEK,Team Vitality,astra,True,100,25,1,0,0,7,True,vandal,rifle,,0.6467,0.1944
3100.297,6189,ACTIVE_ROUND,21,11,11,80.000,,,s0pp,FUT Esports,chamber,False,,25,0,7,1,3,False,vandal,rifle,,,,xeus,FUT Esports,jett,True,100,50,2,1,1,6,False,vandal,rifle,,0.6033,0.2967,sociablEE,FUT Esports,fade,True,100,25,0,0,0,3,False,vandal,rifle,,0.6844,0.4800,yetujey,FUT Esports,astra,True,100,50,1,1,0,4,False,phantom,rifle,,0.7822,0.7011,KROSTALY,FUT Esports,kayo,True,100,25,1,2,0,7,True,guardian,rifle,,0.7467,0.2578,Chronicle,Team Vitality,chamber,True,100,50,0,6,0,7,True,classic,sidearm,,0.5000,0.3911,Derke,Team Vitality,neon,True,100,50,1,1,1,7,True,operator,sniper,,0.8867,0.5689,Jamppi,Team Vitality,kayo,True,100,50,1,2,1,6,False,phantom,rifle,,0.5811,0.2922,Sayonara,Team Vitality,sova,True,100,50,0,2,1,7,True,phantom,rifle,,0.5100,0.3822,PROFEK,Team Vitality,astra,True,100,25,1,0,0,7,True,vandal,rifle,,0.6467,0.1944
3100.781,6190,ACTIVE_ROUND,21,11,11,79.000,,,s0pp,FUT Esports,chamber,False,,25,0,7,1,3,False,vandal,rifle,,,,xeus,FUT Esports,jett,True,100,50,2,1,1,6,False,vandal,rifle,,0.7122,0.5033,sociablEE,FUT Esports,fade,True,100,25,0,0,0,3,False,vandal,rifle,,0.6844,0.4800,yetujey,FUT Esports,astra,True,100,50,1,1,0,4,False,phantom,rifle,,0.7822,0.7011,KROSTALY,FUT Esports,kayo,True,100,25,1,2,0,7,True,guardian,rifle,,0.7467,0.2578,Chronicle,Team Vitality,chamber,True,100,50,0,6,0,7,True,classic,sidearm,,0.5000,0.3911,Derke,Team Vitality,neon,True,100,50,1,1,1,7,True,operator,sniper,,0.8867,0.5689,Jamppi,Team Vitality,kayo,True,100,50,1,2,1,6,False,phantom,rifle,,0.1478,0.3278,Sayonara,Team Vitality,sova,True,100,50,0,2,1,7,True,phantom,rifle,,0.8878,0.4756,PROFEK,Team Vitality,astra,True,100,25,1,0,0,7,True,vandal,rifle,,0.6467,0.1944
3101.265,6191,ACTIVE_ROUND,21,11,11,79.000,,,s0pp,FUT Esports,chamber,False,,25,0,7,1,3,False,vandal,rifle,,,,xeus,FUT Esports,jett,True,100,50,2,1,1,6,False,vandal,rifle,,0.7122,0.5056,sociablEE,FUT Esports,fade,True,100,25,0,0,0,3,False,vandal,rifle,,0.6844,0.4800,yetujey,FUT Esports,astra,True,100,50,1,1,0,4,False,phantom,rifle,,0.7822,0.7011,KROSTALY,FUT Esports,kayo,True,100,25,1,2,0,7,True,guardian,rifle,,0.7467,0.2578,Chronicle,Team Vitality,chamber,True,100,50,0,6,0,7,True,classic,sidearm,,0.5000,0.3911,Derke,Team Vitality,neon,True,100,50,1,1,1,7,True,operator,sniper,,0.8867,0.5689,Jamppi,Team Vitality,kayo,True,100,50,1,2,1,6,False,phantom,rifle,,0.5811,0.2922,Sayonara,Team Vitality,sova,True,100,50,0,2,1,7,True,phantom,rifle,,0.8189,0.5867,PROFEK,Team Vitality,astra,True,100,25,1,0,0,7,True,vandal,rifle,,0.6467,0.1944
3101.749,6192,ACTIVE_ROUND,21,11,11,78.000,,,s0pp,FUT Esports,chamber,False,,25,0,7,1,3,False,vandal,rifle,,,,xeus,FUT Esports,jett,True,100,50,2,1,1,6,False,vandal,rifle,,0.7167,0.5011,sociablEE,FUT Esports,fade,True,100,25,0,0,0,3,False,vandal,rifle,,0.6844,0.4800,yetujey,FUT Esports,astra,True,100,50,1,1,0,4,False,phantom,rifle,,0.7822,0.7011,KROSTALY,FUT Esports,kayo,True,100,25,1,2,0,7,True,guardian,rifle,,0.7244,0.5333,Chronicle,Team Vitality,chamber,True,100,50,0,6,0,7,True,classic,sidearm,,0.5000,0.3911,Derke,Team Vitality,neon,True,100,50,1,1,1,7,True,operator,sniper,,0.8867,0.5689,Jamppi,Team Vitality,kayo,True,100,50,1,2,1,6,False,phantom,rifle,,0.5478,0.2522,Sayonara,Team Vitality,sova,True,100,50,0,2,1,7,True,phantom,rifle,,0.8233,0.5911,PROFEK,Team Vitality,astra,True,100,25,1,0,0,7,True,vandal,rifle,,0.6467,0.1944
3102.232,6193,ACTIVE_ROUND,21,11,11,78.000,,,s0pp,FUT Esports,chamber,False,,25,0,7,1,3,False,vandal,rifle,,,,xeus,FUT Esports,jett,True,100,50,2,1,1,6,False,vandal,rifle,,0.7189,0.4856,sociablEE,FUT Esports,fade,True,100,25,0,0,0,3,False,vandal,rifle,,0.6844,0.4800,yetujey,FUT Esports,astra,True,100,50,1,1,0,4,False,phantom,rifle,,0.7822,0.7011,KROSTALY,FUT Esports,kayo,True,100,25,1,2,0,7,True,guardian,rifle,,0.7244,0.5333,Chronicle,Team Vitality,chamber,True,100,50,0,6,0,7,True,classic,sidearm,,0.5000,0.3911,Derke,Team Vitality,neon,True,100,50,1,1,1,7,True,operator,sniper,,0.8133,0.5844,Jamppi,Team Vitality,kayo,True,100,50,1,2,1,6,False,phantom,rifle,,0.1633,0.3100,Sayonara,Team Vitality,sova,True,100,50,0,2,1,7,True,phantom,rifle,,0.8967,0.4756,PROFEK,Team Vitality,astra,True,100,25,1,0,0,7,True,vandal,rifle,,0.6467,0.1944
3102.716,6194,ACTIVE_ROUND,21,11,11,77.000,,,s0pp,FUT Esports,chamber,False,,25,0,7,1,3,False,vandal,rifle,,,,xeus,FUT Esports,jett,True,100,50,2,1,1,6,False,vandal,rifle,,0.7211,0.4322,sociablEE,FUT Esports,fade,True,100,25,0,0,0,3,False,vandal,rifle,,0.6844,0.4800,yetujey,FUT Esports,astra,True,100,50,1,1,0,4,False,phantom,rifle,,0.7822,0.7011,KROSTALY,FUT Esports,kayo,True,100,25,1,2,0,7,True,guardian,rifle,,0.7244,0.5333,Chronicle,Team Vitality,chamber,True,100,50,0,6,0,7,True,classic,sidearm,,0.5000,0.3911,Derke,Team Vitality,neon,True,100,50,1,1,1,7,True,operator,sniper,,0.8133,0.5844,Jamppi,Team Vitality,kayo,True,100,50,1,2,1,6,False,phantom,rifle,,0.1611,0.3211,Sayonara,Team Vitality,sova,True,100,50,0,2,1,7,True,phantom,rifle,,0.8922,0.4756,PROFEK,Team Vitality,astra,True,100,25,1,0,0,7,True,vandal,rifle,,0.6467,0.1944
3103.200,6195,ACTIVE_ROUND,21,11,11,77.000,,,s0pp,FUT Esports,chamber,False,,25,0,7,1,3,False,vandal,rifle,,,,xeus,FUT Esports,jett,True,100,50,2,1,1,6,False,vandal,rifle,,0.7233,0.3789,sociablEE,FUT Esports,fade,True,100,25,0,0,0,3,False,vandal,rifle,,0.6844,0.4800,yetujey,FUT Esports,astra,True,100,50,1,1,0,4,False,phantom,rifle,,0.7733,0.6878,KROSTALY,FUT Esports,kayo,True,100,25,1,2,0,7,True,guardian,rifle,,0.7244,0.5333,Chronicle,Team Vitality,chamber,True,100,50,0,6,0,7,True,classic,sidearm,,0.5000,0.3911,Derke,Team Vitality,neon,True,100,50,1,1,1,7,True,operator,sniper,,0.8133,0.5844,Jamppi,Team Vitality,kayo,True,100,50,1,2,1,6,False,phantom,rifle,,0.1633,0.3322,Sayonara,Team Vitality,sova,True,100,50,0,2,1,7,True,phantom,rifle,,0.8989,0.4756,PROFEK,Team Vitality,astra,True,100,25,1,0,0,7,True,vandal,rifle,,0.6467,0.1944
3103.684,6196,ACTIVE_ROUND,21,11,11,76.000,,,s0pp,FUT Esports,chamber,False,,25,0,7,1,3,False,vandal,rifle,,,,xeus,FUT Esports,jett,True,100,50,2,0,0,6,False,vandal,rifle,,0.7233,0.3567,sociablEE,FUT Esports,fade,True,100,25,0,0,0,3,False,vandal,rifle,,0.6844,0.4800,yetujey,FUT Esports,astra,True,100,50,1,0,0,4,False,phantom,rifle,,0.7733,0.6878,KROSTALY,FUT Esports,kayo,True,100,25,1,1,0,7,True,guardian,rifle,,0.7244,0.5333,Chronicle,Team Vitality,chamber,True,100,50,0,6,0,7,True,classic,sidearm,,0.5000,0.3911,Derke,Team Vitality,neon,True,100,50,1,1,1,7,True,operator,sniper,,0.8133,0.5844,Jamppi,Team Vitality,kayo,True,100,50,1,2,1,6,False,phantom,rifle,,0.1678,0.3433,Sayonara,Team Vitality,sova,True,100,50,0,2,1,7,True,phantom,rifle,,0.8989,0.4756,PROFEK,Team Vitality,astra,True,100,25,0,0,0,7,True,vandal,rifle,,0.6467,0.1944
3104.168,6197,ACTIVE_ROUND,21,11,11,76.000,,,s0pp,FUT Esports,chamber,False,,25,0,7,1,3,False,vandal,rifle,,,,xeus,FUT Esports,jett,True,100,50,2,0,0,6,False,vandal,rifle,,0.7233,0.3500,sociablEE,FUT Esports,fade,True,100,25,0,0,0,3,False,vandal,rifle,,0.6867,0.4778,yetujey,FUT Esports,astra,True,100,50,1,0,0,4,False,phantom,rifle,,0.7733,0.6878,KROSTALY,FUT Esports,kayo,True,100,25,1,1,0,7,True,guardian,rifle,,0.7244,0.5333,Chronicle,Team Vitality,chamber,True,100,50,0,6,0,7,True,classic,sidearm,,0.5000,0.3911,Derke,Team Vitality,neon,True,100,50,1,1,1,7,True,operator,sniper,,0.8133,0.5844,Jamppi,Team Vitality,kayo,True,100,50,1,2,1,6,False,phantom,rifle,,0.1722,0.3433,Sayonara,Team Vitality,sova,True,100,50,0,2,1,7,True,phantom,rifle,,0.8967,0.4756,PROFEK,Team Vitality,astra,True,100,25,0,0,0,7,True,vandal,rifle,,0.6467,0.1944
3104.652,6198,ACTIVE_ROUND,21,11,11,75.000,,,s0pp,FUT Esports,chamber,False,,25,0,7,1,3,False,vandal,rifle,,,,xeus,FUT Esports,jett,True,100,50,2,0,0,6,False,vandal,rifle,,0.7167,0.3544,sociablEE,FUT Esports,fade,True,100,25,0,0,0,3,False,vandal,rifle,,0.6867,0.4778,yetujey,FUT Esports,astra,True,100,50,1,0,0,4,False,phantom,rifle,,0.7733,0.6878,KROSTALY,FUT Esports,kayo,True,100,25,1,1,0,7,True,guardian,rifle,,0.7244,0.5333,Chronicle,Team Vitality,chamber,True,100,50,0,6,0,7,True,classic,sidearm,,0.5000,0.3911,Derke,Team Vitality,neon,True,100,50,1,1,1,7,True,operator,sniper,,0.8133,0.5844,Jamppi,Team Vitality,kayo,True,100,50,1,2,1,6,False,phantom,rifle,,0.1744,0.3500,Sayonara,Team Vitality,sova,True,100,50,0,2,1,7,True,phantom,rifle,,0.9011,0.4756,PROFEK,Team Vitality,astra,True,100,25,0,0,0,7,True,vandal,rifle,,0.6467,0.1944
3105.135,6199,ACTIVE_ROUND,21,11,11,75.000,,,s0pp,FUT Esports,chamber,False,,25,0,7,1,3,False,vandal,rifle,,,,xeus,FUT Esports,jett,True,100,50,2,0,0,6,False,vandal,rifle,,0.7100,0.3589,sociablEE,FUT Esports,fade,True,100,25,0,0,0,3,False,vandal,rifle,,0.6956,0.4622,yetujey,FUT Esports,astra,True,100,50,1,0,0,4,False,phantom,rifle,,0.7733,0.6878,KROSTALY,FUT Esports,kayo,True,100,25,1,1,0,7,True,guardian,rifle,,0.7244,0.5333,Chronicle,Team Vitality,chamber,True,100,50,0,6,0,7,True,classic,sidearm,,0.5000,0.3911,Derke,Team Vitality,neon,True,100,50,1,1,1,7,True,operator,sniper,,0.8133,0.5844,Jamppi,Team Vitality,kayo,True,100,50,1,2,1,6,False,phantom,rifle,,0.1722,0.3589,Sayonara,Team Vitality,sova,True,100,50,0,2,1,7,True,phantom,rifle,,0.8922,0.4844,PROFEK,Team Vitality,astra,True,100,25,0,0,0,7,True,vandal,rifle,,0.6467,0.1944
3105.619,6200,ACTIVE_ROUND,21,11,11,74.000,,,s0pp,FUT Esports,chamber,False,,25,0,7,1,3,False,vandal,rifle,,,,xeus,FUT Esports,jett,True,100,50,1,0,0,6,False,vandal,rifle,,0.7011,0.3678,sociablEE,FUT Esports,fade,True,100,25,0,0,0,3,False,vandal,rifle,,0.6956,0.4578,yetujey,FUT Esports,astra,True,100,50,1,0,0,4,False,phantom,rifle,,0.7733,0.6878,KROSTALY,FUT Esports,kayo,True,100,25,1,1,0,7,True,guardian,rifle,,0.7244,0.5333,Chronicle,Team Vitality,chamber,True,100,50,0,6,0,7,True,classic,sidearm,,0.5000,0.3911,Derke,Team Vitality,neon,True,100,50,1,1,1,7,True,operator,sniper,,0.8133,0.5844,Jamppi,Team Vitality,kayo,True,100,50,1,2,1,6,False,phantom,rifle,,0.1700,0.3633,Sayonara,Team Vitality,sova,True,100,50,0,2,1,7,True,phantom,rifle,,0.8233,0.5867,PROFEK,Team Vitality,astra,True,100,25,0,0,0,7,True,vandal,rifle,,0.6467,0.1944
3106.103,6201,ACTIVE_ROUND,21,11,11,74.000,,,s0pp,FUT Esports,chamber,False,,25,0,7,1,3,False,vandal,rifle,,,,xeus,FUT Esports,jett,True,100,50,1,0,0,6,False,vandal,rifle,,0.6944,0.3744,sociablEE,FUT Esports,fade,True,100,25,0,0,0,3,False,vandal,rifle,,0.6978,0.4467,yetujey,FUT Esports,astra,True,100,50,1,0,0,4,False,phantom,rifle,,0.7733,0.6878,KROSTALY,FUT Esports,kayo,True,100,25,1,1,0,7,True,guardian,rifle,,0.7244,0.5333,Chronicle,Team Vitality,chamber,True,100,50,0,6,0,7,True,classic,sidearm,,0.5000,0.3911,Derke,Team Vitality,neon,True,100,50,1,1,1,7,True,operator,sniper,,0.8133,0.5844,Jamppi,Team Vitality,kayo,True,100,50,1,2,1,6,False,phantom,rifle,,0.1700,0.3633,Sayonara,Team Vitality,sova,True,100,50,0,2,1,7,True,phantom,rifle,,0.8211,0.5867,PROFEK,Team Vitality,astra,True,100,25,0,0,0,7,True,vandal,rifle,,0.6467,0.1944
3106.587,6202,ACTIVE_ROUND,21,11,11,73.000,,,s0pp,FUT Esports,chamber,False,,25,0,7,1,3,False,vandal,rifle,,,,xeus,FUT Esports,jett,True,100,50,1,0,0,6,False,vandal,rifle,,0.6922,0.3811,sociablEE,FUT Esports,fade,True,100,25,0,0,0,3,False,vandal,rifle,,0.7000,0.4400,yetujey,FUT Esports,astra,True,100,50,1,0,0,4,False,phantom,rifle,,0.7733,0.6878,KROSTALY,FUT Esports,kayo,True,100,25,1,1,0,7,True,guardian,rifle,,0.7244,0.5333,Chronicle,Team Vitality,chamber,True,100,50,0,6,0,7,True,classic,sidearm,,0.5000,0.3911,Derke,Team Vitality,neon,True,100,50,1,1,1,7,True,operator,sniper,,0.8133,0.5844,Jamppi,Team Vitality,kayo,True,100,50,1,2,1,6,False,phantom,rifle,,0.1700,0.3633,Sayonara,Team Vitality,sova,True,100,50,0,2,1,7,True,phantom,rifle,,0.8144,0.5822,PROFEK,Team Vitality,astra,True,100,25,0,0,0,7,True,vandal,rifle,,0.6467,0.1944
3107.071,6203,ACTIVE_ROUND,21,11,11,73.000,,,s0pp,FUT Esports,chamber,False,,25,0,7,1,3,False,vandal,rifle,,,,xeus,FUT Esports,jett,True,100,50,1,0,0,6,False,vandal,rifle,,0.6878,0.3878,sociablEE,FUT Esports,fade,True,100,25,0,0,0,3,False,vandal,rifle,,0.7022,0.4289,yetujey,FUT Esports,astra,True,100,50,1,0,0,4,False,phantom,rifle,,0.7733,0.6878,KROSTALY,FUT Esports,kayo,True,100,25,1,1,0,7,True,guardian,rifle,,0.7244,0.5333,Chronicle,Team Vitality,chamber,True,100,50,0,6,0,7,True,classic,sidearm,,0.5000,0.3911,Derke,Team Vitality,neon,False,,50,1,1,1,7,True,operator,sniper,,0.8133,0.5844,Jamppi,Team Vitality,kayo,True,100,50,1,2,1,6,False,phantom,rifle,,0.1767,0.3567,Sayonara,Team Vitality,sova,True,100,50,0,2,1,7,True,phantom,rifle,,0.9167,0.5489,PROFEK,Team Vitality,astra,True,100,25,0,0,0,7,True,vandal,rifle,,0.6467,0.1944
3107.554,6204,ACTIVE_ROUND,21,11,11,72.000,,,s0pp,FUT Esports,chamber,False,,25,0,7,1,3,False,vandal,rifle,,,,xeus,FUT Esports,jett,True,100,50,1,0,0,6,False,vandal,rifle,,0.6856,0.3944,sociablEE,FUT Esports,fade,True,100,25,0,0,0,3,False,vandal,rifle,,0.7089,0.4200,yetujey,FUT Esports,astra,True,100,50,1,0,0,5,False,phantom,rifle,,0.7733,0.6878,KROSTALY,FUT Esports,kayo,True,100,25,1,1,0,7,True,guardian,rifle,,0.7244,0.5333,Chronicle,Team Vitality,chamber,True,100,50,0,6,0,7,True,classic,sidearm,,0.5000,0.3911,Derke,Team Vitality,neon,False,,50,1,1,1,7,True,operator,sniper,,,,Jamppi,Team Vitality,kayo,True,100,50,1,2,1,6,False,phantom,rifle,,0.1789,0.3478,Sayonara,Team Vitality,sova,True,100,50,0,2,1,7,True,classic,sidearm,,0.9144,0.5622,PROFEK,Team Vitality,astra,True,100,25,0,0,0,7,True,vandal,rifle,,0.6467,0.1944
3108.038,6205,ACTIVE_ROUND,21,11,11,72.000,,,s0pp,FUT Esports,chamber,False,,25,0,7,1,3,False,vandal,rifle,,,,xeus,FUT Esports,jett,True,100,50,1,0,0,6,False,vandal,rifle,,0.6833,0.4033,sociablEE,FUT Esports,fade,True,100,25,0,0,0,3,False,vandal,rifle,,0.7156,0.4111,yetujey,FUT Esports,astra,True,100,50,1,0,0,5,False,phantom,rifle,,0.7733,0.6878,KROSTALY,FUT Esports,kayo,True,100,25,1,1,0,7,True,guardian,rifle,,0.7244,0.5333,Chronicle,Team Vitality,chamber,True,100,50,0,6,0,7,True,classic,sidearm,,0.5000,0.3911,Derke,Team Vitality,neon,False,,50,1,1,1,7,True,operator,sniper,,,,Jamppi,Team Vitality,kayo,True,100,50,1,2,1,6,False,phantom,rifle,,0.1856,0.3389,Sayonara,Team Vitality,sova,True,100,50,0,2,1,7,True,classic,sidearm,,0.9078,0.5711,PROFEK,Team Vitality,astra,True,100,25,0,0,0,7,True,vandal,rifle,,0.6467,0.1944
3108.522,6206,ACTIVE_ROUND,21,11,11,71.000,,,s0pp,FUT Esports,chamber,False,,25,0,7,1,3,False,vandal,rifle,,,,xeus,FUT Esports,jett,True,100,50,1,0,0,6,False,vandal,rifle,,0.6856,0.4078,sociablEE,FUT Esports,fade,True,100,25,0,0,0,3,False,vandal,rifle,,0.7222,0.4022,yetujey,FUT Esports,astra,True,100,50,1,0,0,5,False,phantom,rifle,,0.7733,0.6878,KROSTALY,FUT Esports,kayo,True,100,25,1,1,0,7,True,guardian,rifle,,0.7244,0.5333,Chronicle,Team Vitality,chamber,True,100,50,0,6,0,7,True,classic,sidearm,,0.5000,0.3911,Derke,Team Vitality,neon,False,,50,1,1,1,7,True,operator,sniper,,,,Jamppi,Team Vitality,kayo,True,100,50,1,2,1,6,False,phantom,rifle,,0.1878,0.3278,Sayonara,Team Vitality,sova,True,100,50,0,2,1,7,True,classic,sidearm,,0.9033,0.5778,PROFEK,Team Vitality,astra,True,100,25,0,0,0,7,True,vandal,rifle,,0.6467,0.1944
3109.006,6207,ACTIVE_ROUND,21,11,11,71.000,,,s0pp,FUT Esports,chamber,False,,25,0,7,1,3,False,vandal,rifle,,,,xeus,FUT Esports,jett,True,100,50,1,0,0,6,False,vandal,rifle,,0.6900,0.4011,sociablEE,FUT Esports,fade,True,100,25,0,0,0,3,False,vandal,rifle,,0.7222,0.4022,yetujey,FUT Esports,astra,True,100,50,1,0,0,5,False,phantom,rifle,,0.7733,0.6878,KROSTALY,FUT Esports,kayo,True,100,25,1,1,0,7,True,guardian,rifle,,0.7244,0.5333,Chronicle,Team Vitality,chamber,True,100,50,0,6,0,7,True,classic,sidearm,,0.5000,0.3911,Derke,Team Vitality,neon,False,,50,1,1,1,7,True,operator,sniper,,,,Jamppi,Team Vitality,kayo,True,100,50,1,2,1,6,False,phantom,rifle,,0.1967,0.3211,Sayonara,Team Vitality,sova,True,100,50,0,2,1,7,True,classic,sidearm,,0.8900,0.5778,PROFEK,Team Vitality,astra,True,100,25,0,0,0,7,True,vandal,rifle,,0.6467,0.1944
3109.490,6208,ACTIVE_ROUND,21,11,11,70.000,,,s0pp,FUT Esports,chamber,False,,25,0,7,1,3,False,vandal,rifle,,,,xeus,FUT Esports,jett,True,100,50,1,0,0,6,False,vandal,rifle,,0.6989,0.3967,sociablEE,FUT Esports,fade,True,100,25,0,0,0,3,False,vandal,rifle,,0.7222,0.4022,yetujey,FUT Esports,astra,True,100,50,1,0,0,5,False,phantom,rifle,,0.7733,0.6878,KROSTALY,FUT Esports,kayo,True,100,25,1,1,0,7,True,guardian,rifle,,0.7244,0.5333,Chronicle,Team Vitality,chamber,True,100,50,0,6,0,7,True,classic,sidearm,,0.5000,0.3911,Derke,Team Vitality,neon,False,,50,1,1,1,7,True,operator,sniper,,,,Jamppi,Team Vitality,kayo,True,100,50,1,2,1,6,False,phantom,rifle,,0.2078,0.3167,Sayonara,Team Vitality,sova,True,100,50,0,2,1,7,True,phantom,rifle,,0.8767,0.5756,PROFEK,Team Vitality,astra,True,100,25,0,0,0,7,True,vandal,rifle,,0.6556,0.1789
3109.974,6209,ACTIVE_ROUND,21,11,11,70.000,,,s0pp,FUT Esports,chamber,False,,25,0,7,1,3,False,vandal,rifle,,,,xeus,FUT Esports,jett,True,100,50,1,0,0,6,False,vandal,rifle,,0.8789,0.5700,sociablEE,FUT Esports,fade,True,100,25,0,0,0,3,False,vandal,rifle,,0.7222,0.4022,yetujey,FUT Esports,astra,True,100,50,1,0,0,5,False,phantom,rifle,,0.7733,0.6878,KROSTALY,FUT Esports,kayo,True,100,25,1,1,0,7,True,guardian,rifle,,0.7244,0.5333,Chronicle,Team Vitality,chamber,True,100,50,0,6,0,7,True,classic,sidearm,,0.5000,0.3911,Derke,Team Vitality,neon,False,,50,1,1,1,7,True,operator,sniper,,,,Jamppi,Team Vitality,kayo,True,100,50,1,2,1,6,False,phantom,rifle,,0.2167,0.3100,Sayonara,Team Vitality,sova,True,100,50,0,2,1,7,True,phantom,rifle,,0.2522,0.3022,PROFEK,Team Vitality,astra,True,100,25,0,0,0,7,True,vandal,rifle,,0.6756,0.1700
3110.457,6210,ACTIVE_ROUND,21,11,11,69.000,,,s0pp,FUT Esports,chamber,False,,25,0,7,1,3,False,vandal,rifle,,,,xeus,FUT Esports,jett,True,100,50,1,0,0,6,False,vandal,rifle,,0.9767,0.5233,sociablEE,FUT Esports,fade,True,100,25,0,0,0,3,False,vandal,rifle,,0.7222,0.4022,yetujey,FUT Esports,astra,True,100,50,1,0,0,5,False,phantom,rifle,,0.7733,0.6878,KROSTALY,FUT Esports,kayo,True,100,25,1,1,0,7,True,guardian,rifle,,0.7244,0.5333,Chronicle,Team Vitality,chamber,True,100,50,0,6,0,7,True,classic,sidearm,,0.5000,0.3911,Derke,Team Vitality,neon,False,,50,1,1,1,7,True,operator,sniper,,,,Jamppi,Team Vitality,kayo,True,100,50,1,2,1,6,False,phantom,rifle,,0.2278,0.3078,Sayonara,Team Vitality,sova,True,100,50,0,2,1,7,True,phantom,rifle,,0.2633,0.3022,PROFEK,Team Vitality,astra,True,100,25,0,0,0,7,True,vandal,rifle,,0.6756,0.1700
3110.941,6211,ACTIVE_ROUND,21,11,11,69.000,,,s0pp,FUT Esports,chamber,False,,25,0,7,1,3,False,vandal,rifle,,,,xeus,FUT Esports,jett,True,100,50,1,0,0,6,False,vandal,rifle,,0.7233,0.3744,sociablEE,FUT Esports,fade,True,100,25,0,0,0,3,False,vandal,rifle,,0.7222,0.4022,yetujey,FUT Esports,astra,True,100,50,1,0,0,5,False,phantom,rifle,,0.7733,0.6878,KROSTALY,FUT Esports,kayo,True,100,25,1,1,0,7,True,guardian,rifle,,0.7244,0.5333,Chronicle,Team Vitality,chamber,True,100,50,0,6,0,7,True,classic,sidearm,,0.5000,0.3911,Derke,Team Vitality,neon,False,,50,1,1,1,7,True,operator,sniper,,,,Jamppi,Team Vitality,kayo,True,100,50,1,2,1,6,False,phantom,rifle,,0.2322,0.3078,Sayonara,Team Vitality,sova,True,100,50,0,2,1,7,True,phantom,rifle,,0.2678,0.3022,PROFEK,Team Vitality,astra,True,100,25,0,0,0,7,True,vandal,rifle,,0.6756,0.1700
3111.425,6212,ACTIVE_ROUND,21,11,11,68.000,,,s0pp,FUT Esports,chamber,False,,25,0,7,1,3,False,vandal,rifle,,,,xeus,FUT Esports,jett,True,100,50,0,0,0,6,False,vandal,rifle,,0.7367,0.3678,sociablEE,FUT Esports,fade,True,100,25,0,0,0,3,False,vandal,rifle,,0.7222,0.4022,yetujey,FUT Esports,astra,True,100,50,1,2,0,5,False,phantom,rifle,,0.7733,0.6878,KROSTALY,FUT Esports,kayo,True,100,25,1,1,0,0,False,guardian,rifle,,0.7244,0.5333,Chronicle,Team Vitality,chamber,True,100,50,0,6,0,7,True,classic,sidearm,,0.5000,0.3911,Derke,Team Vitality,neon,False,,50,1,1,1,7,True,operator,sniper,,,,Jamppi,Team Vitality,kayo,True,100,50,1,2,1,6,False,phantom,rifle,,0.2433,0.3122,Sayonara,Team Vitality,sova,True,100,50,0,2,1,7,True,phantom,rifle,,0.2811,0.3089,PROFEK,Team Vitality,astra,True,100,25,0,0,0,7,True,vandal,rifle,,0.6756,0.1700
3111.909,6213,ACTIVE_ROUND,21,11,11,68.000,,,s0pp,FUT Esports,chamber,False,,25,0,7,1,3,False,vandal,rifle,,,,xeus,FUT Esports,jett,True,100,50,0,0,0,6,False,vandal,rifle,,0.7278,0.3700,sociablEE,FUT Esports,fade,True,100,25,0,0,0,3,False,vandal,rifle,,0.7222,0.4022,yetujey,FUT Esports,astra,True,100,50,1,2,0,5,False,phantom,rifle,,0.7733,0.6878,KROSTALY,FUT Esports,kayo,True,100,25,1,1,0,0,False,guardian,rifle,,0.7244,0.5333,Chronicle,Team Vitality,chamber,True,100,50,0,6,0,7,True,classic,sidearm,,0.5000,0.3911,Derke,Team Vitality,neon,False,,50,1,1,1,7,True,operator,sniper,,,,Jamppi,Team Vitality,kayo,True,100,50,1,2,1,6,False,phantom,rifle,,0.2544,0.3144,Sayonara,Team Vitality,sova,True,100,50,0,2,1,7,True,phantom,rifle,,0.8633,0.5867,PROFEK,Team Vitality,astra,True,100,25,0,0,0,7,True,vandal,rifle,,0.6756,0.1700
3112.393,6214,ACTIVE_ROUND,21,11,11,67.000,,,s0pp,FUT Esports,chamber,False,,25,0,7,1,3,False,vandal,rifle,,,,xeus,FUT Esports,jett,True,100,50,0,0,0,6,False,vandal,rifle,,0.7211,0.3767,sociablEE,FUT Esports,fade,True,100,25,0,0,0,3,False,vandal,rifle,,0.7222,0.4022,yetujey,FUT Esports,astra,True,100,50,1,2,0,5,False,phantom,rifle,,0.7733,0.6878,KROSTALY,FUT Esports,kayo,True,100,25,1,1,0,0,False,guardian,rifle,,0.7244,0.5333,Chronicle,Team Vitality,chamber,True,100,50,0,6,0,7,True,classic,sidearm,,0.5000,0.3911,Derke,Team Vitality,neon,False,,50,1,1,1,7,True,operator,sniper,,,,Jamppi,Team Vitality,kayo,True,100,50,1,2,1,6,False,phantom,rifle,,0.2656,0.3167,Sayonara,Team Vitality,sova,True,100,50,0,2,1,7,True,phantom,rifle,,0.8789,0.5711,PROFEK,Team Vitality,astra,True,100,25,0,0,0,7,True,vandal,rifle,,0.6756,0.1700
3112.876,6215,ACTIVE_ROUND,21,11,11,67.000,,,s0pp,FUT Esports,chamber,False,,25,0,7,1,3,False,vandal,rifle,,,,xeus,FUT Esports,jett,True,100,50,0,0,0,6,False,vandal,rifle,,0.7144,0.3833,sociablEE,FUT Esports,fade,True,100,25,0,0,0,3,False,vandal,rifle,,0.7222,0.4022,yetujey,FUT Esports,astra,True,100,50,1,2,0,5,False,phantom,rifle,,0.7733,0.6878,KROSTALY,FUT Esports,kayo,True,100,25,1,1,0,0,False,guardian,rifle,,0.7244,0.5333,Chronicle,Team Vitality,chamber,True,100,50,0,6,0,7,True,classic,sidearm,,0.5000,0.3911,Derke,Team Vitality,neon,False,,50,1,1,1,7,True,operator,sniper,,,,Jamppi,Team Vitality,kayo,True,100,50,1,2,1,6,False,phantom,rifle,,0.2722,0.3211,Sayonara,Team Vitality,sova,True,100,50,0,2,1,7,True,phantom,rifle,,0.8678,0.5733,PROFEK,Team Vitality,astra,True,100,25,0,0,0,7,True,vandal,rifle,,0.6756,0.1700
3113.360,6216,ACTIVE_ROUND,21,11,11,66.000,,,s0pp,FUT Esports,chamber,False,,25,0,7,1,3,False,vandal,rifle,,,,xeus,FUT Esports,jett,True,100,50,0,0,0,6,False,vandal,rifle,,0.7033,0.3856,sociablEE,FUT Esports,fade,True,100,25,0,0,0,3,False,vandal,rifle,,0.7222,0.4022,yetujey,FUT Esports,astra,True,100,50,1,2,0,5,False,phantom,rifle,,0.7733,0.6878,KROSTALY,FUT Esports,kayo,True,100,25,1,1,0,0,False,guardian,rifle,,0.7244,0.5333,Chronicle,Team Vitality,chamber,True,100,50,0,6,0,7,True,classic,sidearm,,0.5000,0.3911,Derke,Team Vitality,neon,False,,50,1,1,1,7,True,operator,sniper,,,,Jamppi,Team Vitality,kayo,True,100,50,1,2,1,6,False,phantom,rifle,,0.2811,0.3211,Sayonara,Team Vitality,sova,True,100,50,0,2,1,7,True,phantom,rifle,,0.8367,0.5778,PROFEK,Team Vitality,astra,True,100,25,0,0,0,7,True,vandal,rifle,,0.6756,0.1700
3113.844,6217,ACTIVE_ROUND,21,11,11,66.000,,,s0pp,FUT Esports,chamber,False,,25,0,7,1,3,False,vandal,rifle,,,,xeus,FUT Esports,jett,True,100,50,0,0,0,6,False,vandal,rifle,,0.6967,0.3944,sociablEE,FUT Esports,fade,True,100,25,0,0,0,3,False,vandal,rifle,,0.7222,0.4022,yetujey,FUT Esports,astra,False,,50,1,2,0,5,False,phantom,rifle,,0.7733,0.6878,KROSTALY,FUT Esports,kayo,True,100,25,1,1,0,0,False,guardian,rifle,,0.7156,0.4289,Chronicle,Team Vitality,chamber,True,100,50,0,6,0,7,True,classic,sidearm,,0.5000,0.3911,Derke,Team Vitality,neon,False,,50,1,1,1,7,True,operator,sniper,,,,Jamppi,Team Vitality,kayo,True,100,50,1,2,1,6,False,phantom,rifle,,0.2767,0.3211,Sayonara,Team Vitality,sova,True,100,50,0,2,1,7,True,phantom,rifle,,0.6767,0.1867,PROFEK,Team Vitality,astra,True,100,25,0,0,0,7,True,vandal,rifle,,0.6756,0.1700
3114.328,6218,ACTIVE_ROUND,21,11,11,65.000,,,s0pp,FUT Esports,chamber,False,,25,0,7,1,3,False,vandal,rifle,,,,xeus,FUT Esports,jett,True,100,50,0,0,0,6,False,vandal,rifle,,0.7389,0.6322,sociablEE,FUT Esports,fade,True,100,25,0,0,0,3,False,vandal,rifle,,0.7222,0.4022,yetujey,FUT Esports,astra,False,,50,1,2,0,5,False,phantom,rifle,,,,KROSTALY,FUT Esports,kayo,True,100,25,1,1,0,0,False,guardian,rifle,,0.7156,0.4289,Chronicle,Team Vitality,chamber,True,100,50,0,6,0,7,True,classic,sidearm,,0.6444,0.1911,Derke,Team Vitality,neon,False,,50,1,1,1,7,True,operator,sniper,,,,Jamppi,Team Vitality,kayo,True,100,50,1,2,1,6,False,phantom,rifle,,0.2789,0.3167,Sayonara,Team Vitality,sova,True,100,50,0,2,1,7,True,phantom,rifle,,0.8233,0.5956,PROFEK,Team Vitality,astra,True,100,25,0,0,0,7,True,vandal,rifle,,0.6756,0.1700
3114.812,6219,ACTIVE_ROUND,21,11,11,65.000,,,s0pp,FUT Esports,chamber,False,,25,0,7,1,3,False,vandal,rifle,,,,xeus,FUT Esports,jett,True,100,50,0,0,0,6,False,vandal,rifle,,0.6389,0.9233,sociablEE,FUT Esports,fade,True,100,25,0,0,0,3,False,vandal,rifle,,0.7222,0.4022,yetujey,FUT Esports,astra,False,,50,1,2,0,5,False,phantom,rifle,,,,KROSTALY,FUT Esports,kayo,True,100,25,1,1,0,0,False,guardian,rifle,,0.7156,0.4289,Chronicle,Team Vitality,chamber,True,100,50,0,6,0,7,True,classic,sidearm,,0.6667,0.1889,Derke,Team Vitality,neon,False,,50,1,1,1,7,True,operator,sniper,,,,Jamppi,Team Vitality,kayo,True,100,50,1,2,1,6,False,phantom,rifle,,0.2789,0.3211,Sayonara,Team Vitality,sova,True,88,24,0,2,1,7,True,phantom,rifle,,0.6989,0.1778,PROFEK,Team Vitality,astra,True,100,25,0,0,0,7,True,vandal,rifle,,0.6756,0.1700
3115.296,6220,ACTIVE_ROUND,21,11,11,64.000,,,s0pp,FUT Esports,chamber,False,,25,0,7,1,3,False,vandal,rifle,,,,xeus,FUT Esports,jett,True,100,50,0,0,0,6,False,vandal,rifle,,0.6922,0.4211,sociablEE,FUT Esports,fade,True,100,25,0,0,0,3,False,vandal,rifle,,0.7222,0.4022,yetujey,FUT Esports,astra,False,,50,1,2,0,5,False,phantom,rifle,,,,KROSTALY,FUT Esports,kayo,True,100,25,1,1,0,0,False,guardian,rifle,,0.7156,0.4289,Chronicle,Team Vitality,chamber,True,100,50,0,6,0,7,True,classic,sidearm,,0.6911,0.1867,Derke,Team Vitality,neon,False,,50,1,1,1,7,True,operator,sniper,,,,Jamppi,Team Vitality,kayo,True,100,50,1,2,1,6,False,phantom,rifle,,0.2678,0.3167,Sayonara,Team Vitality,sova,True,88,24,0,2,1,7,True,phantom,rifle,,0.8456,0.2000,PROFEK,Team Vitality,astra,True,100,25,0,0,0,7,True,vandal,rifle,,0.6756,0.1700
3115.779,6221,ACTIVE_ROUND,21,11,11,64.000,,,s0pp,FUT Esports,chamber,False,,25,0,7,1,3,False,vandal,rifle,,,,xeus,FUT Esports,jett,True,100,50,0,0,0,6,False,vandal,rifle,,0.5456,0.4900,sociablEE,FUT Esports,fade,True,100,25,0,0,0,3,False,vandal,rifle,,0.7222,0.4022,yetujey,FUT Esports,astra,False,,50,1,2,0,5,False,phantom,rifle,,,,KROSTALY,FUT Esports,kayo,True,100,25,1,1,0,0,False,guardian,rifle,,0.7156,0.4289,Chronicle,Team Vitality,chamber,True,100,50,0,6,0,7,True,classic,sidearm,,0.7089,0.1867,Derke,Team Vitality,neon,False,,50,1,1,1,7,True,operator,sniper,,,,Jamppi,Team Vitality,kayo,True,100,50,1,2,1,6,False,phantom,rifle,,0.2589,0.3144,Sayonara,Team Vitality,sova,True,88,24,0,2,1,7,True,phantom,rifle,,0.7989,0.6089,PROFEK,Team Vitality,astra,True,100,25,0,0,0,7,True,vandal,rifle,,0.6756,0.1700
3116.263,6222,ACTIVE_ROUND,21,11,11,64.000,,,s0pp,FUT Esports,chamber,False,,25,0,7,1,3,False,vandal,rifle,,,,xeus,FUT Esports,jett,True,100,50,0,0,0,6,False,vandal,rifle,,0.2100,0.7544,sociablEE,FUT Esports,fade,True,100,25,0,0,0,3,False,vandal,rifle,,0.7222,0.4022,yetujey,FUT Esports,astra,False,,50,1,2,0,5,False,phantom,rifle,,,,KROSTALY,FUT Esports,kayo,True,100,25,1,1,0,0,False,guardian,rifle,,0.7156,0.4289,Chronicle,Team Vitality,chamber,True,100,50,0,6,0,7,True,classic,sidearm,,0.7178,0.1867,Derke,Team Vitality,neon,False,,50,1,1,1,7,True,operator,sniper,,,,Jamppi,Team Vitality,kayo,True,100,50,1,2,1,6,False,phantom,rifle,,0.2478,0.3078,Sayonara,Team Vitality,sova,True,88,24,0,2,1,7,True,phantom,rifle,,0.2789,0.3089,PROFEK,Team Vitality,astra,True,100,25,0,0,0,7,True,vandal,rifle,,0.6756,0.1700
3116.747,6223,ACTIVE_ROUND,21,11,11,63.000,,,s0pp,FUT Esports,chamber,False,,25,0,7,1,3,False,vandal,rifle,,,,xeus,FUT Esports,jett,True,100,50,0,0,0,6,False,vandal,rifle,,0.1211,0.3611,sociablEE,FUT Esports,fade,True,100,25,0,0,0,3,False,vandal,rifle,,0.7222,0.4022,yetujey,FUT Esports,astra,False,,50,1,2,0,5,False,phantom,rifle,,,,KROSTALY,FUT Esports,kayo,True,100,25,1,1,0,0,False,guardian,rifle,,0.7156,0.4289,Chronicle,Team Vitality,chamber,True,100,50,0,6,0,7,True,classic,sidearm,,0.7200,0.1889,Derke,Team Vitality,neon,False,,50,1,1,1,7,True,operator,sniper,,,,Jamppi,Team Vitality,kayo,True,100,50,1,2,1,6,False,phantom,rifle,,0.2389,0.3033,Sayonara,Team Vitality,sova,True,88,24,0,2,1,7,True,phantom,rifle,,0.7811,0.6533,PROFEK,Team Vitality,astra,True,100,25,0,0,0,7,True,vandal,rifle,,0.6756,0.1700
3117.231,6224,ACTIVE_ROUND,21,11,11,63.000,,,s0pp,FUT Esports,chamber,False,,25,0,7,1,3,False,vandal,rifle,,,,xeus,FUT Esports,jett,True,100,50,0,0,0,6,False,vandal,rifle,,0.7389,0.6322,sociablEE,FUT Esports,fade,True,100,25,0,0,0,3,False,vandal,rifle,,0.7133,0.4489,yetujey,FUT Esports,astra,False,,50,1,2,0,5,False,phantom,rifle,,,,KROSTALY,FUT Esports,kayo,True,100,25,1,1,0,0,False,guardian,rifle,,0.7156,0.4289,Chronicle,Team Vitality,chamber,True,100,50,0,6,1,7,True,classic,sidearm,,0.7178,0.1911,Derke,Team Vitality,neon,False,,50,1,1,1,7,True,operator,sniper,,,,Jamppi,Team Vitality,kayo,True,100,50,1,2,0,6,False,phantom,rifle,,0.2278,0.3033,Sayonara,Team Vitality,sova,True,88,24,0,2,1,7,True,phantom,rifle,,0.7678,0.6689,PROFEK,Team Vitality,astra,True,100,25,0,0,0,7,True,vandal,rifle,,0.6756,0.1700
3117.715,6225,ACTIVE_ROUND,21,11,11,62.000,,,s0pp,FUT Esports,chamber,False,,25,0,7,1,3,False,vandal,rifle,,,,xeus,FUT Esports,jett,True,100,50,0,0,0,6,False,vandal,rifle,,0.6500,0.4456,sociablEE,FUT Esports,fade,True,100,25,0,0,0,3,False,vandal,rifle,,0.7178,0.4578,yetujey,FUT Esports,astra,False,,50,1,2,0,5,False,phantom,rifle,,,,KROSTALY,FUT Esports,kayo,True,100,25,1,1,0,0,False,guardian,rifle,,0.7156,0.4289,Chronicle,Team Vitality,chamber,True,100,50,0,6,1,7,True,classic,sidearm,,0.6978,0.1911,Derke,Team Vitality,neon,False,,50,1,1,1,7,True,operator,sniper,,,,Jamppi,Team Vitality,kayo,True,100,50,1,2,0,6,False,phantom,rifle,,0.2167,0.3056,Sayonara,Team Vitality,sova,True,88,24,0,2,1,7,True,phantom,rifle,,0.7678,0.6889,PROFEK,Team Vitality,astra,True,100,25,0,0,0,7,True,vandal,rifle,,0.6756,0.1700
3118.198,6226,ACTIVE_ROUND,21,11,11,62.000,,,s0pp,FUT Esports,chamber,False,,25,0,7,1,3,False,vandal,rifle,,,,xeus,FUT Esports,jett,True,100,50,0,0,0,6,False,vandal,rifle,,0.6433,0.4478,sociablEE,FUT Esports,fade,True,100,25,0,0,0,3,False,vandal,rifle,,0.7200,0.4689,yetujey,FUT Esports,astra,False,,50,1,2,0,5,False,phantom,rifle,,,,KROSTALY,FUT Esports,kayo,True,100,25,1,1,0,0,False,guardian,rifle,,0.7156,0.4289,Chronicle,Team Vitality,chamber,True,100,50,0,6,1,7,True,classic,sidearm,,0.6756,0.1889,Derke,Team Vitality,neon,False,,50,1,1,1,7,True,operator,sniper,,,,Jamppi,Team Vitality,kayo,True,100,50,1,2,0,6,False,phantom,rifle,,0.2100,0.3056,Sayonara,Team Vitality,sova,True,88,24,0,2,1,7,True,phantom,rifle,,0.2433,0.3022,PROFEK,Team Vitality,astra,True,100,25,0,0,0,7,True,vandal,rifle,,0.6756,0.1700
3118.682,6227,ACTIVE_ROUND,21,11,11,61.000,,,s0pp,FUT Esports,chamber,False,,25,0,7,1,3,False,vandal,rifle,,,,xeus,FUT Esports,jett,True,100,50,0,0,0,6,False,vandal,rifle,,0.6456,0.4456,sociablEE,FUT Esports,fade,True,100,25,0,0,0,3,False,vandal,rifle,,0.7200,0.4689,yetujey,FUT Esports,astra,False,,50,1,2,0,5,False,phantom,rifle,,,,KROSTALY,FUT Esports,kayo,True,100,25,1,1,0,0,False,guardian,rifle,,0.7156,0.4289,Chronicle,Team Vitality,chamber,True,100,50,0,6,1,7,True,classic,sidearm,,0.6578,0.1778,Derke,Team Vitality,neon,False,,50,1,1,1,7,True,operator,sniper,,,,Jamppi,Team Vitality,kayo,True,100,50,1,2,0,6,False,phantom,rifle,,0.1989,0.3056,Sayonara,Team Vitality,sova,True,88,24,0,2,1,7,True,phantom,rifle,,0.2322,0.3022,PROFEK,Team Vitality,astra,True,100,25,0,0,0,7,True,vandal,rifle,,0.6756,0.1700
3119.166,6228,ACTIVE_ROUND,21,11,11,61.000,,,s0pp,FUT Esports,chamber,False,,25,0,7,1,3,False,vandal,rifle,,,,xeus,FUT Esports,jett,True,100,50,0,0,0,6,False,vandal,rifle,,0.6456,0.4456,sociablEE,FUT Esports,fade,True,100,25,0,0,0,3,False,vandal,rifle,,0.7200,0.4689,yetujey,FUT Esports,astra,False,,50,1,2,0,5,False,phantom,rifle,,,,KROSTALY,FUT Esports,kayo,True,100,25,1,1,0,0,False,guardian,rifle,,0.7156,0.4289,Chronicle,Team Vitality,chamber,True,100,50,0,6,1,7,True,classic,sidearm,,0.6400,0.1711,Derke,Team Vitality,neon,False,,50,1,1,1,7,True,operator,sniper,,,,Jamppi,Team Vitality,kayo,True,100,50,1,2,0,6,False,phantom,rifle,,0.2011,0.3056,Sayonara,Team Vitality,sova,True,88,24,0,2,1,7,True,phantom,rifle,,0.2322,0.3022,PROFEK,Team Vitality,astra,True,100,25,0,0,0,7,True,vandal,rifle,,0.6756,0.1700
3119.650,6229,ACTIVE_ROUND,21,11,11,60.000,,,s0pp,FUT Esports,chamber,False,,25,0,7,1,3,False,vandal,rifle,,,,xeus,FUT Esports,jett,True,100,50,0,0,0,6,False,vandal,rifle,,0.6433,0.4456,sociablEE,FUT Esports,fade,True,100,25,0,0,0,3,False,vandal,rifle,,0.7178,0.4844,yetujey,FUT Esports,astra,False,,50,1,2,0,5,False,phantom,rifle,,,,KROSTALY,FUT Esports,kayo,True,100,25,1,1,0,0,False,guardian,rifle,,0.7156,0.4289,Chronicle,Team Vitality,chamber,True,100,50,0,6,1,7,True,classic,sidearm,,0.6200,0.1667,Derke,Team Vitality,neon,False,,50,1,1,1,7,True,operator,sniper,,,,Jamppi,Team Vitality,kayo,True,100,50,1,2,0,6,False,phantom,rifle,,0.2033,0.3122,Sayonara,Team Vitality,sova,True,88,24,0,2,1,7,True,phantom,rifle,,0.6811,0.7133,PROFEK,Team Vitality,astra,True,100,25,0,0,0,7,True,vandal,rifle,,0.6756,0.1700
3120.134,6230,ACTIVE_ROUND,21,11,11,60.000,,,s0pp,FUT Esports,chamber,False,,25,0,7,1,3,False,vandal,rifle,,,,xeus,FUT Esports,jett,True,100,50,0,0,0,6,False,vandal,rifle,,0.7389,0.6322,sociablEE,FUT Esports,fade,True,100,25,0,0,0,3,False,vandal,rifle,,0.7067,0.4867,yetujey,FUT Esports,astra,False,,50,1,2,0,5,False,phantom,rifle,,,,KROSTALY,FUT Esports,kayo,True,100,25,1,1,0,0,False,guardian,rifle,,0.7156,0.4289,Chronicle,Team Vitality,chamber,True,100,50,0,6,1,7,True,classic,sidearm,,0.6000,0.1689,Derke,Team Vitality,neon,False,,50,1,1,1,7,True,operator,sniper,,,,Jamppi,Team Vitality,kayo,True,100,50,1,2,0,6,False,phantom,rifle,,0.1967,0.3122,Sayonara,Team Vitality,sova,True,88,24,0,2,1,7,True,phantom,rifle,,0.8811,0.2333,PROFEK,Team Vitality,astra,True,100,25,0,0,0,7,True,vandal,rifle,,0.6756,0.1700
3120.617,6231,ACTIVE_ROUND,21,11,11,59.000,,,s0pp,FUT Esports,chamber,False,,25,0,7,1,3,False,vandal,rifle,,,,xeus,FUT Esports,jett,True,100,50,0,0,0,6,False,vandal,rifle,,0.6500,0.4478,sociablEE,FUT Esports,fade,True,100,25,0,0,0,3,False,vandal,rifle,,0.6978,0.4933,yetujey,FUT Esports,astra,False,,50,1,2,0,5,False,phantom,rifle,,,,KROSTALY,FUT Esports,kayo,True,100,25,1,1,0,0,False,guardian,rifle,,0.7156,0.4289,Chronicle,Team Vitality,chamber,True,100,50,0,6,1,7,True,classic,sidearm,,0.5933,0.1711,Derke,Team Vitality,neon,False,,50,1,1,1,7,True,operator,sniper,,,,Jamppi,Team Vitality,kayo,True,100,50,1,2,0,6,False,phantom,rifle,,0.2033,0.3100,Sayonara,Team Vitality,sova,True,88,24,0,2,1,7,True,phantom,rifle,,0.6033,0.1356,PROFEK,Team Vitality,astra,True,100,25,0,0,0,7,True,vandal,rifle,,0.6756,0.1700
3121.101,6232,ACTIVE_ROUND,21,11,11,59.000,,,s0pp,FUT Esports,chamber,False,,25,0,7,1,3,False,vandal,rifle,,,,xeus,FUT Esports,jett,True,100,50,0,0,0,6,False,vandal,rifle,,0.6500,0.4478,sociablEE,FUT Esports,fade,True,100,25,0,0,0,3,False,vandal,rifle,,0.6889,0.5000,yetujey,FUT Esports,astra,False,,50,1,2,0,5,False,phantom,rifle,,,,KROSTALY,FUT Esports,kayo,True,100,25,1,1,0,0,False,guardian,rifle,,0.7156,0.4289,Chronicle,Team Vitality,chamber,True,100,50,0,6,1,7,True,classic,sidearm,,0.5978,0.1644,Derke,Team Vitality,neon,False,,50,1,1,1,7,True,operator,sniper,,,,Jamppi,Team Vitality,kayo,True,100,50,1,2,0,6,False,phantom,rifle,,0.1967,0.3100,Sayonara,Team Vitality,sova,True,88,24,0,2,1,7,True,phantom,rifle,,0.8967,0.2489,PROFEK,Team Vitality,astra,True,100,25,0,0,0,7,True,vandal,rifle,,0.6756,0.1700
3121.585,6233,ACTIVE_ROUND,21,11,11,58.000,,,s0pp,FUT Esports,chamber,False,,25,0,7,1,3,False,vandal,rifle,,,,xeus,FUT Esports,jett,True,100,50,0,0,0,6,False,vandal,rifle,,0.6500,0.4478,sociablEE,FUT Esports,fade,True,100,25,0,0,0,3,False,vandal,rifle,,0.6844,0.5067,yetujey,FUT Esports,astra,False,,50,1,2,0,5,False,phantom,rifle,,,,KROSTALY,FUT Esports,kayo,True,100,25,1,1,0,0,False,guardian,rifle,,0.7156,0.4289,Chronicle,Team Vitality,chamber,True,100,50,0,6,1,7,True,classic,sidearm,,0.6044,0.1533,Derke,Team Vitality,neon,False,,50,1,1,1,7,True,operator,sniper,,,,Jamppi,Team Vitality,kayo,True,100,50,1,2,0,6,False,phantom,rifle,,0.2033,0.3167,Sayonara,Team Vitality,sova,True,88,24,0,2,1,7,True,phantom,rifle,,0.9011,0.2533,PROFEK,Team Vitality,astra,True,100,25,0,0,0,7,True,vandal,rifle,,0.6756,0.1700
3122.069,6234,ACTIVE_ROUND,21,11,11,58.000,,,s0pp,FUT Esports,chamber,False,,25,0,7,1,3,False,vandal,rifle,,,,xeus,FUT Esports,jett,True,100,50,0,0,0,6,False,vandal,rifle,,0.7389,0.6322,sociablEE,FUT Esports,fade,True,100,25,0,0,0,3,False,vandal,rifle,,0.6844,0.5156,yetujey,FUT Esports,astra,False,,50,1,2,0,5,False,phantom,rifle,,,,KROSTALY,FUT Esports,kayo,True,100,25,1,1,0,0,False,guardian,rifle,,0.7156,0.4289,Chronicle,Team Vitality,chamber,True,100,50,0,6,1,7,True,classic,sidearm,,0.6133,0.1489,Derke,Team Vitality,neon,False,,50,1,1,1,7,True,operator,sniper,,,,Jamppi,Team Vitality,kayo,True,100,50,1,2,0,6,False,phantom,rifle,,0.2011,0.3211,Sayonara,Team Vitality,sova,True,88,24,0,2,1,7,True,phantom,rifle,,0.9100,0.2622,PROFEK,Team Vitality,astra,True,100,25,0,0,0,7,True,vandal,rifle,,0.6756,0.1700
3122.553,6235,ACTIVE_ROUND,21,11,11,57.000,,,s0pp,FUT Esports,chamber,False,,25,0,7,1,3,False,vandal,rifle,,,,xeus,FUT Esports,jett,True,100,50,0,0,0,6,False,vandal,rifle,,0.8767,0.5700,sociablEE,FUT Esports,fade,True,100,25,0,0,0,3,False,vandal,rifle,,0.6733,0.5156,yetujey,FUT Esports,astra,False,,50,1,2,0,5,False,phantom,rifle,,,,KROSTALY,FUT Esports,kayo,True,100,25,1,1,0,0,False,guardian,rifle,,0.7156,0.4289,Chronicle,Team Vitality,chamber,True,100,50,0,6,1,7,True,classic,sidearm,,0.6244,0.1444,Derke,Team Vitality,neon,False,,50,1,1,1,7,True,operator,sniper,,,,Jamppi,Team Vitality,kayo,True,100,50,1,2,0,6,False,phantom,rifle,,0.1967,0.3211,Sayonara,Team Vitality,sova,True,88,24,0,2,1,7,True,phantom,rifle,,0.9167,0.2711,PROFEK,Team Vitality,astra,True,100,25,0,0,0,7,True,vandal,rifle,,0.6756,0.1700
3123.037,6236,ACTIVE_ROUND,21,11,11,57.000,,,s0pp,FUT Esports,chamber,False,,25,0,7,1,3,False,vandal,rifle,,,,xeus,FUT Esports,jett,True,100,50,0,0,0,6,False,vandal,rifle,,0.8767,0.5700,sociablEE,FUT Esports,fade,True,100,25,0,0,0,3,False,vandal,rifle,,0.6622,0.5156,yetujey,FUT Esports,astra,False,,50,1,2,0,5,False,phantom,rifle,,,,KROSTALY,FUT Esports,kayo,True,100,25,1,1,0,0,False,guardian,rifle,,0.7156,0.4289,Chronicle,Team Vitality,chamber,True,100,50,0,6,1,7,True,classic,sidearm,,0.6244,0.1444,Derke,Team Vitality,neon,False,,50,1,1,1,7,True,operator,sniper,,,,Jamppi,Team Vitality,kayo,True,100,50,1,2,0,6,False,phantom,rifle,,0.2078,0.3167,Sayonara,Team Vitality,sova,True,88,24,0,2,1,7,True,phantom,rifle,,0.9189,0.2844,PROFEK,Team Vitality,astra,True,100,25,0,0,0,7,True,vandal,rifle,,0.6756,0.1700
3123.520,6237,ACTIVE_ROUND,21,11,11,56.000,,,s0pp,FUT Esports,chamber,False,,25,0,7,1,3,False,vandal,rifle,,,,xeus,FUT Esports,jett,True,100,50,0,0,0,6,False,vandal,rifle,,0.6144,0.5211,sociablEE,FUT Esports,fade,True,100,25,0,0,0,3,False,vandal,rifle,,0.6622,0.5156,yetujey,FUT Esports,astra,False,,50,1,2,0,5,False,phantom,rifle,,,,KROSTALY,FUT Esports,kayo,True,100,25,1,1,0,0,False,guardian,rifle,,0.7156,0.4289,Chronicle,Team Vitality,chamber,True,100,50,0,6,1,7,True,classic,sidearm,,0.6244,0.1444,Derke,Team Vitality,neon,False,,50,1,1,1,7,True,operator,sniper,,,,Jamppi,Team Vitality,kayo,True,100,50,1,2,0,6,False,phantom,rifle,,0.2189,0.3122,Sayonara,Team Vitality,sova,True,88,24,0,2,1,7,True,phantom,rifle,,0.2544,0.3022,PROFEK,Team Vitality,astra,True,100,25,0,0,0,7,True,vandal,rifle,,0.6756,0.1700
3124.004,6238,ACTIVE_ROUND,21,11,11,56.000,,,s0pp,FUT Esports,chamber,False,,25,0,7,1,3,False,vandal,rifle,,,,xeus,FUT Esports,jett,True,100,50,0,0,0,6,False,vandal,rifle,,0.8856,0.5678,sociablEE,FUT Esports,fade,True,100,25,0,0,0,3,False,vandal,rifle,,0.6400,0.5178,yetujey,FUT Esports,astra,False,,50,1,2,0,5,False,phantom,rifle,,,,KROSTALY,FUT Esports,kayo,True,100,25,1,1,0,0,False,guardian,rifle,,0.7156,0.4289,Chronicle,Team Vitality,chamber,True,100,50,0,6,1,7,True,classic,sidearm,,0.6244,0.1444,Derke,Team Vitality,neon,False,,50,1,1,1,7,True,operator,sniper,,,,Jamppi,Team Vitality,kayo,True,100,50,1,2,0,6,False,phantom,rifle,,0.2278,0.3100,Sayonara,Team Vitality,sova,True,88,24,0,2,1,7,True,phantom,rifle,,0.2656,0.3022,PROFEK,Team Vitality,astra,True,100,25,0,0,0,7,True,vandal,rifle,,0.6756,0.1700
3124.488,6239,ACTIVE_ROUND,21,11,11,55.000,,,s0pp,FUT Esports,chamber,False,,25,0,7,1,3,False,vandal,rifle,,,,xeus,FUT Esports,jett,True,100,50,0,0,0,6,False,vandal,rifle,,0.8856,0.5678,sociablEE,FUT Esports,fade,True,100,25,0,0,0,3,False,vandal,rifle,,0.6400,0.5178,yetujey,FUT Esports,astra,False,,50,1,2,0,5,False,phantom,rifle,,,,KROSTALY,FUT Esports,kayo,True,100,25,1,1,0,0,False,guardian,rifle,,0.7156,0.4289,Chronicle,Team Vitality,chamber,True,100,50,0,6,1,7,True,classic,sidearm,,0.6244,0.1444,Derke,Team Vitality,neon,False,,50,1,1,1,7,True,operator,sniper,,,,Jamppi,Team Vitality,kayo,True,100,50,1,2,0,6,False,phantom,rifle,,0.2411,0.3078,Sayonara,Team Vitality,sova,True,88,24,0,2,1,7,True,phantom,rifle,,0.2767,0.3022,PROFEK,Team Vitality,astra,True,100,25,0,0,0,7,True,vandal,rifle,,0.6756,0.1700
3124.972,6240,ACTIVE_ROUND,21,11,11,55.000,,,s0pp,FUT Esports,chamber,False,,25,0,7,1,3,False,vandal,rifle,,,,xeus,FUT Esports,jett,True,100,50,0,0,0,6,False,vandal,rifle,,0.8767,0.5700,sociablEE,FUT Esports,fade,False,,25,0,0,1,3,False,unknown,unknown,,0.6400,0.5178,yetujey,FUT Esports,astra,False,,50,1,2,0,5,False,phantom,rifle,,,,KROSTALY,FUT Esports,kayo,True,100,25,1,1,0,0,False,classic,sidearm,,0.7156,0.4289,Chronicle,Team Vitality,chamber,True,100,50,0,6,1,7,True,classic,sidearm,,0.6244,0.1444,Derke,Team Vitality,neon,False,,50,1,1,1,7,True,operator,sniper,,,,Jamppi,Team Vitality,kayo,True,100,50,1,2,0,6,False,phantom,rifle,,0.5811,0.2922,Sayonara,Team Vitality,sova,True,88,24,0,2,1,7,True,phantom,rifle,,0.2767,0.3022,PROFEK,Team Vitality,astra,True,100,25,0,0,0,7,True,vandal,rifle,,0.6756,0.1700
3125.456,6241,ACTIVE_ROUND,21,11,11,54.000,,,s0pp,FUT Esports,chamber,False,,25,0,7,1,3,False,vandal,rifle,,,,xeus,FUT Esports,jett,True,100,50,0,0,0,6,False,vandal,rifle,,0.6544,0.5211,sociablEE,FUT Esports,fade,False,,25,0,0,1,3,False,unknown,unknown,,,,yetujey,FUT Esports,astra,False,,50,1,2,0,5,False,phantom,rifle,,,,KROSTALY,FUT Esports,kayo,True,100,25,1,1,0,0,False,classic,sidearm,,0.7156,0.4289,Chronicle,Team Vitality,chamber,True,100,50,0,6,1,7,True,classic,sidearm,,0.6556,0.1533,Derke,Team Vitality,neon,False,,50,1,1,1,7,True,operator,sniper,,,,Jamppi,Team Vitality,kayo,True,100,50,1,2,0,6,False,phantom,rifle,,0.5811,0.2922,Sayonara,Team Vitality,sova,True,88,24,0,2,1,7,True,phantom,rifle,,0.2767,0.3022,PROFEK,Team Vitality,astra,True,100,25,0,0,0,7,True,vandal,rifle,,0.6756,0.1700
3125.939,6242,ACTIVE_ROUND,21,11,11,54.000,,,s0pp,FUT Esports,chamber,False,,25,0,7,1,3,False,vandal,rifle,,,,xeus,FUT Esports,jett,True,100,50,0,0,0,6,False,vandal,rifle,,0.6544,0.5211,sociablEE,FUT Esports,fade,False,,25,0,0,1,3,False,unknown,unknown,,,,yetujey,FUT Esports,astra,False,,50,1,2,0,5,False,phantom,rifle,,,,KROSTALY,FUT Esports,kayo,True,100,25,1,1,0,0,False,classic,sidearm,,0.7156,0.4289,Chronicle,Team Vitality,chamber,True,100,50,0,6,1,7,True,classic,sidearm,,0.6556,0.1533,Derke,Team Vitality,neon,False,,50,1,1,1,7,True,operator,sniper,,,,Jamppi,Team Vitality,kayo,True,100,50,1,2,0,6,False,phantom,rifle,,0.5811,0.2922,Sayonara,Team Vitality,sova,True,88,24,0,2,1,7,True,phantom,rifle,,0.2767,0.3022,PROFEK,Team Vitality,astra,True,100,25,0,0,0,7,True,vandal,rifle,,0.6756,0.1700
3126.423,6243,ACTIVE_ROUND,21,11,11,53.000,,,s0pp,FUT Esports,chamber,False,,25,0,7,1,3,False,vandal,rifle,,,,xeus,FUT Esports,jett,True,100,50,0,0,0,6,False,vandal,rifle,,0.6544,0.5211,sociablEE,FUT Esports,fade,False,,25,0,0,1,3,False,unknown,unknown,,,,yetujey,FUT Esports,astra,False,,50,1,2,0,5,False,phantom,rifle,,,,KROSTALY,FUT Esports,kayo,True,100,25,1,1,0,0,False,classic,sidearm,,0.7156,0.4289,Chronicle,Team Vitality,chamber,True,100,50,0,6,1,7,True,classic,sidearm,,0.6556,0.1533,Derke,Team Vitality,neon,False,,50,1,1,1,7,True,operator,sniper,,,,Jamppi,Team Vitality,kayo,True,100,50,1,2,0,6,False,phantom,rifle,,0.5811,0.2922,Sayonara,Team Vitality,sova,True,88,24,0,2,1,7,True,phantom,rifle,,0.2767,0.3022,PROFEK,Team Vitality,astra,True,100,25,0,0,0,7,True,vandal,rifle,,0.6756,0.1700
3126.907,6244,ACTIVE_ROUND,21,11,11,53.000,,,s0pp,FUT Esports,chamber,False,,25,0,7,1,3,False,vandal,rifle,,,,xeus,FUT Esports,jett,True,100,50,0,0,0,6,False,vandal,rifle,,0.9344,0.5367,sociablEE,FUT Esports,fade,False,,25,0,0,1,3,False,unknown,unknown,,,,yetujey,FUT Esports,astra,False,,50,1,2,0,5,False,phantom,rifle,,,,KROSTALY,FUT Esports,kayo,True,100,25,1,1,0,0,False,classic,sidearm,,0.7156,0.4289,Chronicle,Team Vitality,chamber,True,100,50,0,6,1,7,True,classic,sidearm,,0.6556,0.1533,Derke,Team Vitality,neon,False,,50,1,1,1,7,True,operator,sniper,,,,Jamppi,Team Vitality,kayo,True,100,50,1,2,0,6,False,phantom,rifle,,0.2611,0.3033,Sayonara,Team Vitality,sova,True,88,24,0,2,1,7,True,phantom,rifle,,0.5900,0.6489,PROFEK,Team Vitality,astra,True,100,25,1,0,0,7,True,vandal,rifle,,0.6756,0.1700
3127.391,6245,ACTIVE_ROUND,21,11,11,52.000,,,s0pp,FUT Esports,chamber,False,,25,0,7,1,3,False,vandal,rifle,,,,xeus,FUT Esports,jett,True,100,50,0,0,0,6,False,vandal,rifle,,0.7389,0.6322,sociablEE,FUT Esports,fade,False,,25,0,0,1,3,False,unknown,unknown,,,,yetujey,FUT Esports,astra,False,,50,1,2,0,5,False,phantom,rifle,,,,KROSTALY,FUT Esports,kayo,True,100,25,1,1,0,0,False,classic,sidearm,,0.7156,0.4289,Chronicle,Team Vitality,chamber,True,100,50,0,6,1,7,True,classic,sidearm,,0.6556,0.1533,Derke,Team Vitality,neon,False,,50,1,1,1,7,True,operator,sniper,,,,Jamppi,Team Vitality,kayo,True,100,50,1,2,0,6,False,phantom,rifle,,0.2589,0.3056,Sayonara,Team Vitality,sova,True,88,24,0,2,1,7,True,phantom,rifle,,0.2922,0.3022,PROFEK,Team Vitality,astra,True,100,25,1,0,0,7,True,vandal,rifle,,0.6756,0.1700
3127.875,6246,ACTIVE_ROUND,21,11,11,52.000,,,s0pp,FUT Esports,chamber,False,,25,0,7,1,3,False,vandal,rifle,,,,xeus,FUT Esports,jett,True,100,50,0,0,0,6,False,vandal,rifle,,0.7389,0.6322,sociablEE,FUT Esports,fade,False,,25,0,0,1,3,False,unknown,unknown,,,,yetujey,FUT Esports,astra,False,,50,1,2,0,5,False,phantom,rifle,,,,KROSTALY,FUT Esports,kayo,True,100,25,1,1,0,0,False,classic,sidearm,,0.7156,0.4289,Chronicle,Team Vitality,chamber,True,100,50,0,6,1,7,True,classic,sidearm,,0.6556,0.1533,Derke,Team Vitality,neon,False,,50,1,1,1,7,True,operator,sniper,,,,Jamppi,Team Vitality,kayo,True,100,50,1,2,0,6,False,phantom,rifle,,0.2500,0.3056,Sayonara,Team Vitality,sova,True,88,24,0,2,1,7,True,phantom,rifle,,0.5678,0.6356,PROFEK,Team Vitality,astra,True,100,25,1,0,0,7,True,vandal,rifle,,0.6756,0.1700
3128.359,6247,ACTIVE_ROUND,21,11,11,51.000,,,s0pp,FUT Esports,chamber,False,,25,0,7,1,3,False,vandal,rifle,,,,xeus,FUT Esports,jett,True,100,50,0,0,0,6,False,vandal,rifle,,0.7389,0.6322,sociablEE,FUT Esports,fade,False,,25,0,0,1,3,False,unknown,unknown,,,,yetujey,FUT Esports,astra,False,,50,1,2,0,5,False,phantom,rifle,,,,KROSTALY,FUT Esports,kayo,True,100,25,1,1,0,0,False,classic,sidearm,,0.7156,0.4289,Chronicle,Team Vitality,chamber,True,100,50,0,6,1,7,True,classic,sidearm,,0.6556,0.1533,Derke,Team Vitality,neon,False,,50,1,1,1,7,True,operator,sniper,,,,Jamppi,Team Vitality,kayo,True,100,50,1,2,0,6,False,phantom,rifle,,0.2389,0.3056,Sayonara,Team Vitality,sova,True,88,24,0,2,1,7,True,phantom,rifle,,0.9189,0.2733,PROFEK,Team Vitality,astra,True,100,25,1,0,0,7,True,vandal,rifle,,0.6756,0.1700
3128.842,6248,ACTIVE_ROUND,21,11,11,51.000,,,s0pp,FUT Esports,chamber,False,,25,0,7,1,3,False,vandal,rifle,,,,xeus,FUT Esports,jett,True,100,50,0,0,0,6,False,vandal,rifle,,0.7389,0.6322,sociablEE,FUT Esports,fade,False,,25,0,0,1,3,False,unknown,unknown,,,,yetujey,FUT Esports,astra,False,,50,1,2,0,5,False,phantom,rifle,,,,KROSTALY,FUT Esports,kayo,True,100,25,1,1,0,0,False,classic,sidearm,,0.7156,0.4289,Chronicle,Team Vitality,chamber,True,100,50,0,6,1,7,True,classic,sidearm,,0.6556,0.1533,Derke,Team Vitality,neon,False,,50,1,1,1,7,True,operator,sniper,,,,Jamppi,Team Vitality,kayo,True,100,50,1,2,0,6,False,phantom,rifle,,0.2278,0.3056,Sayonara,Team Vitality,sova,True,88,24,0,2,1,7,True,phantom,rifle,,0.5500,0.6267,PROFEK,Team Vitality,astra,True,100,25,1,0,0,7,True,vandal,rifle,,0.6756,0.1700
3129.326,6249,ACTIVE_ROUND,21,11,11,50.000,,,s0pp,FUT Esports,chamber,False,,25,0,7,1,3,False,vandal,rifle,,,,xeus,FUT Esports,jett,True,100,50,0,0,0,6,False,vandal,rifle,,0.7411,0.6278,sociablEE,FUT Esports,fade,False,,25,0,0,1,3,False,unknown,unknown,,,,yetujey,FUT Esports,astra,False,,50,1,2,0,5,False,phantom,rifle,,,,KROSTALY,FUT Esports,kayo,True,100,25,1,1,0,0,False,classic,sidearm,,0.7156,0.4289,Chronicle,Team Vitality,chamber,True,100,50,0,6,1,7,True,classic,sidearm,,0.6556,0.1533,Derke,Team Vitality,neon,False,,50,1,1,1,7,True,operator,sniper,,,,Jamppi,Team Vitality,kayo,True,100,50,1,2,0,6,False,phantom,rifle,,0.2167,0.3033,Sayonara,Team Vitality,sova,True,88,24,0,2,1,7,True,phantom,rifle,,0.5478,0.6222,PROFEK,Team Vitality,astra,True,100,25,1,0,0,7,True,vandal,rifle,,0.6756,0.1700
3129.810,6250,ACTIVE_ROUND,21,11,11,50.000,,,s0pp,FUT Esports,chamber,False,,25,0,7,1,3,False,vandal,rifle,,,,xeus,FUT Esports,jett,True,100,50,0,0,0,6,False,vandal,rifle,,0.7411,0.6278,sociablEE,FUT Esports,fade,False,,25,0,0,1,3,False,unknown,unknown,,,,yetujey,FUT Esports,astra,False,,50,1,2,0,5,False,phantom,rifle,,,,KROSTALY,FUT Esports,kayo,True,100,25,1,1,0,0,False,classic,sidearm,,0.7156,0.4289,Chronicle,Team Vitality,chamber,True,100,50,0,6,1,7,True,classic,sidearm,,0.6378,0.1600,Derke,Team Vitality,neon,False,,50,1,1,1,7,True,operator,sniper,,,,Jamppi,Team Vitality,kayo,True,100,50,1,2,0,6,False,phantom,rifle,,0.2078,0.3078,Sayonara,Team Vitality,sova,True,88,24,0,2,1,7,True,phantom,rifle,,0.5322,0.6089,PROFEK,Team Vitality,astra,True,100,25,1,0,0,7,True,vandal,rifle,,0.6756,0.1700
3130.294,6251,ACTIVE_ROUND,21,11,11,50.000,,,s0pp,FUT Esports,chamber,False,,25,0,7,1,3,False,vandal,rifle,,,,xeus,FUT Esports,jett,True,100,50,0,0,0,6,False,vandal,rifle,,0.7411,0.6278,sociablEE,FUT Esports,fade,False,,25,0,0,1,3,False,unknown,unknown,,,,yetujey,FUT Esports,astra,False,,50,1,2,0,5,False,phantom,rifle,,,,KROSTALY,FUT Esports,kayo,True,100,25,1,1,0,0,False,classic,sidearm,,0.7156,0.4289,Chronicle,Team Vitality,chamber,True,100,50,0,6,1,7,True,classic,sidearm,,0.6178,0.1689,Derke,Team Vitality,neon,False,,50,1,1,1,7,True,operator,sniper,,,,Jamppi,Team Vitality,kayo,True,100,50,1,2,0,6,False,phantom,rifle,,0.2078,0.3078,Sayonara,Team Vitality,sova,True,88,24,0,2,1,7,True,phantom,rifle,,0.5278,0.6000,PROFEK,Team Vitality,astra,True,100,25,1,0,0,7,True,vandal,rifle,,0.6756,0.1700
3130.778,6252,ACTIVE_ROUND,21,11,11,49.000,,,s0pp,FUT Esports,chamber,False,,25,0,7,1,3,False,vandal,rifle,,,,xeus,FUT Esports,jett,True,100,50,0,0,0,6,False,vandal,rifle,,0.3833,0.2678,sociablEE,FUT Esports,fade,False,,25,0,0,1,3,False,unknown,unknown,,,,yetujey,FUT Esports,astra,False,,50,1,2,0,5,False,phantom,rifle,,,,KROSTALY,FUT Esports,kayo,True,100,25,1,1,0,0,False,guardian,rifle,,0.7156,0.4289,Chronicle,Team Vitality,chamber,True,100,50,0,6,1,7,True,classic,sidearm,,0.5978,0.1822,Derke,Team Vitality,neon,False,,50,1,1,1,7,True,operator,sniper,,,,Jamppi,Team Vitality,kayo,True,100,50,1,2,0,6,False,phantom,rifle,,0.2056,0.3056,Sayonara,Team Vitality,sova,True,88,24,0,2,1,7,True,phantom,rifle,,0.5278,0.5867,PROFEK,Team Vitality,astra,True,100,25,0,0,0,7,True,vandal,rifle,,0.6756,0.1700
3131.261,6253,ACTIVE_ROUND,21,11,11,49.000,,,s0pp,FUT Esports,chamber,False,,25,0,7,1,3,False,vandal,rifle,,,,xeus,FUT Esports,jett,True,100,50,0,0,0,6,False,vandal,rifle,,0.7411,0.6278,sociablEE,FUT Esports,fade,False,,25,0,0,1,3,False,unknown,unknown,,,,yetujey,FUT Esports,astra,False,,50,1,2,0,5,False,phantom,rifle,,,,KROSTALY,FUT Esports,kayo,True,100,25,1,1,0,0,False,guardian,rifle,,0.7156,0.4289,Chronicle,Team Vitality,chamber,True,100,50,0,6,1,7,True,classic,sidearm,,0.5822,0.1911,Derke,Team Vitality,neon,False,,50,1,1,1,7,True,operator,sniper,,,,Jamppi,Team Vitality,kayo,True,100,50,1,2,0,6,False,phantom,rifle,,0.2167,0.3033,Sayonara,Team Vitality,sova,True,88,24,0,2,1,7,True,phantom,rifle,,0.5256,0.5733,PROFEK,Team Vitality,astra,True,100,25,0,0,0,7,True,vandal,rifle,,0.6756,0.1700
3131.745,6254,ACTIVE_ROUND,21,11,11,48.000,,,s0pp,FUT Esports,chamber,False,,25,0,7,1,3,False,vandal,rifle,,,,xeus,FUT Esports,jett,True,100,50,0,0,0,6,False,vandal,rifle,,0.7389,0.6322,sociablEE,FUT Esports,fade,False,,25,0,0,1,3,False,unknown,unknown,,,,yetujey,FUT Esports,astra,False,,50,1,2,0,5,False,phantom,rifle,,,,KROSTALY,FUT Esports,kayo,True,100,25,1,1,0,0,False,guardian,rifle,,0.7156,0.4289,Chronicle,Team Vitality,chamber,True,100,50,0,6,1,7,True,classic,sidearm,,0.5911,0.1889,Derke,Team Vitality,neon,False,,50,1,1,1,7,True,operator,sniper,,,,Jamppi,Team Vitality,kayo,True,100,50,1,2,0,6,False,phantom,rifle,,0.2278,0.3056,Sayonara,Team Vitality,sova,True,88,24,0,2,1,7,True,phantom,rifle,,0.5300,0.5644,PROFEK,Team Vitality,astra,True,100,25,0,0,0,7,True,vandal,rifle,,0.6756,0.1700
3132.229,6255,ACTIVE_ROUND,21,11,11,48.000,,,s0pp,FUT Esports,chamber,False,,25,0,7,1,3,False,vandal,rifle,,,,xeus,FUT Esports,jett,True,100,50,0,0,0,6,False,vandal,rifle,,0.7389,0.6322,sociablEE,FUT Esports,fade,False,,25,0,0,1,3,False,unknown,unknown,,,,yetujey,FUT Esports,astra,False,,50,1,2,0,5,False,phantom,rifle,,,,KROSTALY,FUT Esports,kayo,True,100,25,1,1,0,0,False,guardian,rifle,,0.7156,0.4289,Chronicle,Team Vitality,chamber,True,100,50,0,6,1,7,True,classic,sidearm,,0.5844,0.1956,Derke,Team Vitality,neon,False,,50,1,1,1,7,True,operator,sniper,,,,Jamppi,Team Vitality,kayo,True,100,50,1,2,0,6,False,phantom,rifle,,0.2389,0.3056,Sayonara,Team Vitality,sova,True,88,24,0,2,1,7,True,phantom,rifle,,0.5367,0.5556,PROFEK,Team Vitality,astra,True,100,25,0,0,0,7,True,vandal,rifle,,0.6756,0.1700
3132.713,6256,ACTIVE_ROUND,21,11,11,47.000,,,s0pp,FUT Esports,chamber,False,,25,0,7,1,3,False,vandal,rifle,,,,xeus,FUT Esports,jett,True,100,50,0,0,0,6,False,vandal,rifle,,0.7389,0.6322,sociablEE,FUT Esports,fade,False,,25,0,0,1,3,False,unknown,unknown,,,,yetujey,FUT Esports,astra,False,,50,1,2,0,5,False,phantom,rifle,,,,KROSTALY,FUT Esports,kayo,True,100,25,1,1,0,0,False,guardian,rifle,,0.7156,0.4289,Chronicle,Team Vitality,chamber,True,100,50,0,6,1,7,True,classic,sidearm,,0.5889,0.1911,Derke,Team Vitality,neon,False,,50,1,1,1,7,True,operator,sniper,,,,Jamppi,Team Vitality,kayo,True,100,50,1,2,0,6,False,phantom,rifle,,0.2500,0.3078,Sayonara,Team Vitality,sova,True,88,24,0,2,1,7,True,phantom,rifle,,0.5411,0.5511,PROFEK,Team Vitality,astra,True,100,25,0,0,0,7,True,vandal,rifle,,0.6756,0.1700
3133.197,6257,ACTIVE_ROUND,21,11,11,47.000,,,s0pp,FUT Esports,chamber,False,,25,0,7,1,3,False,vandal,rifle,,,,xeus,FUT Esports,jett,True,100,50,0,0,0,6,False,vandal,rifle,,0.9056,0.3100,sociablEE,FUT Esports,fade,False,,25,0,0,1,3,False,unknown,unknown,,,,yetujey,FUT Esports,astra,False,,50,1,2,0,5,False,phantom,rifle,,,,KROSTALY,FUT Esports,kayo,True,100,25,1,1,0,0,False,guardian,rifle,,0.7156,0.4289,Chronicle,Team Vitality,chamber,True,100,50,0,6,1,7,True,classic,sidearm,,0.5911,0.1911,Derke,Team Vitality,neon,False,,50,1,1,1,7,True,operator,sniper,,,,Jamppi,Team Vitality,kayo,True,100,50,1,2,0,6,False,phantom,rifle,,0.2589,0.3078,Sayonara,Team Vitality,sova,True,88,24,0,2,1,7,True,phantom,rifle,,0.2922,0.3022,PROFEK,Team Vitality,astra,True,100,25,0,0,0,7,True,vandal,rifle,,0.6756,0.1700
3133.681,6258,ACTIVE_ROUND,21,11,11,46.000,,,s0pp,FUT Esports,chamber,False,,25,0,7,1,3,False,vandal,rifle,,,,xeus,FUT Esports,jett,True,100,50,0,0,0,6,False,vandal,rifle,,0.9278,0.5478,sociablEE,FUT Esports,fade,False,,25,0,0,1,3,False,unknown,unknown,,,,yetujey,FUT Esports,astra,False,,50,1,2,0,5,False,phantom,rifle,,,,KROSTALY,FUT Esports,kayo,True,100,25,1,1,0,0,False,guardian,rifle,,0.7156,0.4289,Chronicle,Team Vitality,chamber,True,100,50,0,6,1,7,True,classic,sidearm,,0.5933,0.1911,Derke,Team Vitality,neon,False,,50,1,1,1,7,True,operator,sniper,,,,Jamppi,Team Vitality,kayo,True,100,50,1,2,0,6,False,phantom,rifle,,0.2633,0.3033,Sayonara,Team Vitality,sova,True,88,24,0,2,1,7,True,phantom,rifle,,0.9144,0.2667,PROFEK,Team Vitality,astra,True,100,25,0,0,0,7,True,vandal,rifle,,0.6756,0.1700
3134.164,6259,ACTIVE_ROUND,21,11,11,46.000,,,s0pp,FUT Esports,chamber,False,,25,0,7,1,3,False,vandal,rifle,,,,xeus,FUT Esports,jett,True,100,50,0,0,0,6,False,vandal,rifle,,0.9278,0.5478,sociablEE,FUT Esports,fade,False,,25,0,0,1,3,False,unknown,unknown,,,,yetujey,FUT Esports,astra,False,,50,1,2,0,5,False,phantom,rifle,,,,KROSTALY,FUT Esports,kayo,True,100,25,1,1,0,0,False,guardian,rifle,,0.7156,0.4289,Chronicle,Team Vitality,chamber,True,100,50,0,6,1,7,True,classic,sidearm,,0.5956,0.1911,Derke,Team Vitality,neon,False,,50,1,1,1,7,True,operator,sniper,,,,Jamppi,Team Vitality,kayo,True,100,50,1,2,0,6,False,phantom,rifle,,0.2656,0.3056,Sayonara,Team Vitality,sova,True,88,24,0,2,1,7,True,phantom,rifle,,0.9189,0.2711,PROFEK,Team Vitality,astra,True,100,25,0,0,0,7,True,vandal,rifle,,0.6756,0.1700
3134.648,6260,ACTIVE_ROUND,21,11,11,45.000,,,s0pp,FUT Esports,chamber,False,,25,0,7,1,3,False,vandal,rifle,,,,xeus,FUT Esports,jett,True,100,50,0,0,0,6,False,vandal,rifle,,0.5100,0.3856,sociablEE,FUT Esports,fade,False,,25,0,0,1,3,False,unknown,unknown,,,,yetujey,FUT Esports,astra,False,,50,1,2,0,5,False,phantom,rifle,,,,KROSTALY,FUT Esports,kayo,True,100,25,1,1,0,0,False,guardian,rifle,,0.7156,0.4289,Chronicle,Team Vitality,chamber,True,100,50,0,6,1,7,True,classic,sidearm,,0.5956,0.1911,Derke,Team Vitality,neon,False,,50,1,1,1,7,True,operator,sniper,,,,Jamppi,Team Vitality,kayo,True,100,50,1,2,0,6,False,phantom,rifle,,0.2678,0.3033,Sayonara,Team Vitality,sova,True,88,24,0,2,1,7,True,phantom,rifle,,0.9144,0.2667,PROFEK,Team Vitality,astra,True,100,25,0,0,0,7,True,vandal,rifle,,0.6756,0.1700
3135.132,6261,ACTIVE_ROUND,21,11,11,45.000,,,s0pp,FUT Esports,chamber,False,,25,0,7,1,3,False,vandal,rifle,,,,xeus,FUT Esports,jett,True,100,50,0,0,0,6,False,vandal,rifle,,0.4989,0.3878,sociablEE,FUT Esports,fade,False,,25,0,0,1,3,False,unknown,unknown,,,,yetujey,FUT Esports,astra,False,,50,1,2,0,5,False,phantom,rifle,,,,KROSTALY,FUT Esports,kayo,True,100,25,1,1,0,0,False,guardian,rifle,,0.7156,0.4289,Chronicle,Team Vitality,chamber,True,100,50,0,6,1,7,True,classic,sidearm,,0.6089,0.1889,Derke,Team Vitality,neon,False,,50,1,1,1,7,True,operator,sniper,,,,Jamppi,Team Vitality,kayo,True,100,50,1,2,0,6,False,phantom,rifle,,0.2789,0.3033,Sayonara,Team Vitality,sova,True,88,24,0,2,1,7,True,phantom,rifle,,0.9167,0.2711,PROFEK,Team Vitality,astra,True,100,25,0,0,0,7,True,vandal,rifle,,0.6756,0.1700
3135.616,6262,ACTIVE_ROUND,21,11,11,44.000,,,s0pp,FUT Esports,chamber,False,,25,0,7,1,3,False,vandal,rifle,,,,xeus,FUT Esports,jett,True,100,50,0,0,0,6,False,vandal,rifle,,0.4944,0.3900,sociablEE,FUT Esports,fade,False,,25,0,0,1,3,False,unknown,unknown,,,,yetujey,FUT Esports,astra,False,,50,1,2,0,5,False,phantom,rifle,,,,KROSTALY,FUT Esports,kayo,True,100,25,1,1,0,0,False,guardian,rifle,,0.7156,0.4289,Chronicle,Team Vitality,chamber,True,100,50,0,6,1,7,True,classic,sidearm,,0.6133,0.1911,Derke,Team Vitality,neon,False,,50,1,1,1,7,True,operator,sniper,,,,Jamppi,Team Vitality,kayo,True,100,50,1,2,0,6,False,phantom,rifle,,0.2700,0.3033,Sayonara,Team Vitality,sova,True,88,24,0,2,1,7,True,phantom,rifle,,0.9167,0.2711,PROFEK,Team Vitality,astra,True,100,25,0,0,0,7,True,vandal,rifle,,0.6756,0.1700
3136.100,6263,ACTIVE_ROUND,21,11,11,44.000,,,s0pp,FUT Esports,chamber,False,,25,0,7,1,3,False,vandal,rifle,,,,xeus,FUT Esports,jett,True,100,50,0,0,0,6,False,vandal,rifle,,0.4900,0.4011,sociablEE,FUT Esports,fade,False,,25,0,0,1,3,False,unknown,unknown,,,,yetujey,FUT Esports,astra,False,,50,1,2,0,5,False,phantom,rifle,,,,KROSTALY,FUT Esports,kayo,True,100,25,1,1,0,0,False,guardian,rifle,,0.7156,0.4289,Chronicle,Team Vitality,chamber,True,100,50,0,6,1,7,True,classic,sidearm,,0.6178,0.1911,Derke,Team Vitality,neon,False,,50,1,1,1,7,True,operator,sniper,,,,Jamppi,Team Vitality,kayo,True,100,50,1,2,0,6,False,phantom,rifle,,0.2589,0.3033,Sayonara,Team Vitality,sova,True,88,24,0,2,1,7,True,phantom,rifle,,0.9167,0.2689,PROFEK,Team Vitality,astra,True,100,25,0,0,0,7,True,vandal,rifle,,0.6756,0.1700
3136.583,6264,ACTIVE_ROUND,21,11,11,43.000,,,s0pp,FUT Esports,chamber,False,,25,0,7,1,3,False,vandal,rifle,,,,xeus,FUT Esports,jett,True,100,50,0,0,0,6,False,vandal,rifle,,0.4878,0.4100,sociablEE,FUT Esports,fade,False,,25,0,0,1,3,False,unknown,unknown,,,,yetujey,FUT Esports,astra,False,,50,1,2,0,5,False,phantom,rifle,,,,KROSTALY,FUT Esports,kayo,True,100,25,1,1,0,0,False,guardian,rifle,,0.7156,0.4289,Chronicle,Team Vitality,chamber,True,100,50,0,6,1,7,True,classic,sidearm,,0.6178,0.1889,Derke,Team Vitality,neon,False,,50,1,1,1,7,True,operator,sniper,,,,Jamppi,Team Vitality,kayo,True,100,50,1,2,0,6,False,phantom,rifle,,0.2478,0.3033,Sayonara,Team Vitality,sova,True,88,24,0,2,1,7,True,phantom,rifle,,0.9189,0.2711,PROFEK,Team Vitality,astra,True,100,25,0,0,0,7,True,vandal,rifle,,0.6756,0.1700
3137.067,6265,ACTIVE_ROUND,21,11,11,43.000,,,s0pp,FUT Esports,chamber,False,,25,0,7,1,3,False,vandal,rifle,,,,xeus,FUT Esports,jett,True,100,50,0,0,0,6,False,vandal,rifle,,0.4856,0.4211,sociablEE,FUT Esports,fade,False,,25,0,0,1,3,False,unknown,unknown,,,,yetujey,FUT Esports,astra,False,,50,1,2,0,5,False,phantom,rifle,,,,KROSTALY,FUT Esports,kayo,True,100,25,1,1,0,0,False,guardian,rifle,,0.7156,0.4289,Chronicle,Team Vitality,chamber,True,100,50,0,6,1,7,True,classic,sidearm,,0.6178,0.1889,Derke,Team Vitality,neon,False,,50,1,1,1,7,True,operator,sniper,,,,Jamppi,Team Vitality,kayo,True,100,50,1,2,0,6,False,phantom,rifle,,0.2367,0.3056,Sayonara,Team Vitality,sova,True,88,24,0,2,1,7,True,phantom,rifle,,0.9189,0.2733,PROFEK,Team Vitality,astra,True,100,25,0,0,0,7,True,vandal,rifle,,0.6756,0.1700
3137.551,6266,ACTIVE_ROUND,21,11,11,42.000,,,s0pp,FUT Esports,chamber,False,,25,0,7,1,3,False,vandal,rifle,,,,xeus,FUT Esports,jett,True,100,50,0,0,0,6,False,vandal,rifle,,0.4833,0.4322,sociablEE,FUT Esports,fade,False,,25,0,0,1,3,False,unknown,unknown,,,,yetujey,FUT Esports,astra,False,,50,1,2,0,5,False,phantom,rifle,,,,KROSTALY,FUT Esports,kayo,True,100,25,1,1,0,0,False,guardian,rifle,,0.7156,0.4289,Chronicle,Team Vitality,chamber,True,100,50,0,6,1,7,True,classic,sidearm,,0.6200,0.1911,Derke,Team Vitality,neon,False,,50,1,1,1,7,True,operator,sniper,,,,Jamppi,Team Vitality,kayo,True,100,50,1,2,0,6,False,phantom,rifle,,0.2256,0.3056,Sayonara,Team Vitality,sova,True,88,24,0,2,1,7,True,phantom,rifle,,0.9189,0.2711,PROFEK,Team Vitality,astra,True,100,25,0,0,0,7,True,vandal,rifle,,0.6756,0.1700
3138.035,6267,ACTIVE_ROUND,21,11,11,42.000,,,s0pp,FUT Esports,chamber,False,,25,0,7,1,3,False,vandal,rifle,,,,xeus,FUT Esports,jett,True,100,50,0,0,0,6,False,vandal,rifle,,0.4811,0.4411,sociablEE,FUT Esports,fade,False,,25,0,0,1,3,False,unknown,unknown,,,,yetujey,FUT Esports,astra,False,,50,1,2,0,5,False,phantom,rifle,,,,KROSTALY,FUT Esports,kayo,True,100,25,1,1,0,0,False,guardian,rifle,,0.7156,0.4289,Chronicle,Team Vitality,chamber,True,100,50,0,6,1,7,True,classic,sidearm,,0.6244,0.1956,Derke,Team Vitality,neon,False,,50,1,1,1,7,True,operator,sniper,,,,Jamppi,Team Vitality,kayo,True,100,50,1,2,0,6,False,phantom,rifle,,0.2144,0.3056,Sayonara,Team Vitality,sova,True,88,24,0,2,1,7,True,phantom,rifle,,0.9233,0.2800,PROFEK,Team Vitality,astra,True,100,25,0,0,0,7,True,vandal,rifle,,0.6756,0.1700
3138.519,6268,POST_ROUND,21,11,12,,,0.000,s0pp,FUT Esports,chamber,False,,25,0,7,1,3,False,vandal,rifle,,,,xeus,FUT Esports,jett,False,,50,0,0,1,7,False,unknown,unknown,,0.4811,0.4411,sociablEE,FUT Esports,fade,False,,25,0,0,1,3,False,unknown,unknown,,,,yetujey,FUT Esports,astra,False,,50,1,2,0,5,False,phantom,rifle,,,,KROSTALY,FUT Esports,kayo,False,,25,0,0,0,0,False,unknown,unknown,,0.7156,0.4289,Chronicle,Team Vitality,chamber,True,100,50,0,6,1,7,True,classic,sidearm,,0.6244,0.1956,Derke,Team Vitality,neon,False,,50,1,1,1,7,True,operator,sniper,,,,Jamppi,Team Vitality,kayo,True,100,50,1,2,0,6,False,phantom,rifle,,0.2144,0.3056,Sayonara,Team Vitality,sova,True,71,24,0,2,1,7,True,phantom,rifle,,0.9233,0.2800,PROFEK,Team Vitality,astra,True,100,25,0,0,0,7,True,vandal,rifle,,0.6756,0.1700
3139.003,6269,POST_ROUND,21,11,12,,,0.484,s0pp,FUT Esports,chamber,False,,25,0,7,1,3,False,vandal,rifle,,,,xeus,FUT Esports,jett,False,,50,0,0,1,7,False,unknown,unknown,,0.4811,0.4411,sociablEE,FUT Esports,fade,False,,25,0,0,1,3,False,unknown,unknown,,,,yetujey,FUT Esports,astra,False,,50,1,2,0,5,False,phantom,rifle,,,,KROSTALY,FUT Esports,kayo,False,,25,0,0,0,0,False,unknown,unknown,,0.7156,0.4289,Chronicle,Team Vitality,chamber,True,100,50,0,6,1,7,True,classic,sidearm,,0.6244,0.1956,Derke,Team Vitality,neon,False,,50,1,1,1,7,True,operator,sniper,,,,Jamppi,Team Vitality,kayo,True,100,50,1,2,0,6,False,phantom,rifle,,0.2144,0.3056,Sayonara,Team Vitality,sova,True,71,24,0,2,1,7,True,phantom,rifle,,0.9233,0.2800,PROFEK,Team Vitality,astra,True,100,25,0,0,0,7,True,vandal,rifle,,0.6756,0.1700
3139.486,6270,POST_ROUND,21,11,12,,,0.968,s0pp,FUT Esports,chamber,False,,25,0,7,1,3,False,vandal,rifle,,,,xeus,FUT Esports,jett,False,,50,0,0,1,7,False,unknown,unknown,,0.4811,0.4411,sociablEE,FUT Esports,fade,False,,25,0,0,1,3,False,unknown,unknown,,,,yetujey,FUT Esports,astra,False,,50,1,2,0,5,False,phantom,rifle,,,,KROSTALY,FUT Esports,kayo,False,,25,0,0,0,0,False,unknown,unknown,,0.7156,0.4289,Chronicle,Team Vitality,chamber,True,100,50,0,6,1,7,True,classic,sidearm,,0.6244,0.1956,Derke,Team Vitality,neon,False,,50,1,1,1,7,True,operator,sniper,,,,Jamppi,Team Vitality,kayo,True,100,50,1,2,0,6,False,phantom,rifle,,0.2144,0.3056,Sayonara,Team Vitality,sova,True,71,24,0,2,1,7,True,phantom,rifle,,0.9233,0.2800,PROFEK,Team Vitality,astra,True,100,25,0,0,0,7,True,vandal,rifle,,0.6756,0.1700
3139.970,6271,POST_ROUND,21,11,12,,,1.451,s0pp,FUT Esports,chamber,False,,25,0,7,1,3,False,vandal,rifle,,,,xeus,FUT Esports,jett,False,,50,0,0,1,7,False,unknown,unknown,,0.4811,0.4411,sociablEE,FUT Esports,fade,False,,25,0,0,1,3,False,unknown,unknown,,,,yetujey,FUT Esports,astra,False,,50,1,2,0,5,False,phantom,rifle,,,,KROSTALY,FUT Esports,kayo,False,,25,0,0,0,0,False,unknown,unknown,,0.7156,0.4289,Chronicle,Team Vitality,chamber,True,100,50,0,6,1,7,True,classic,sidearm,,0.6244,0.1956,Derke,Team Vitality,neon,False,,50,1,1,1,7,True,operator,sniper,,,,Jamppi,Team Vitality,kayo,True,100,50,1,2,0,6,False,phantom,rifle,,0.2144,0.3056,Sayonara,Team Vitality,sova,True,71,24,0,2,1,7,True,phantom,rifle,,0.9233,0.2800,PROFEK,Team Vitality,astra,True,100,25,0,0,0,7,True,vandal,rifle,,0.6756,0.1700
3140.454,6272,POST_ROUND,21,11,12,,,1.935,s0pp,FUT Esports,chamber,False,,25,0,7,1,3,False,vandal,rifle,,,,xeus,FUT Esports,jett,False,,50,0,0,1,7,False,unknown,unknown,,0.4811,0.4411,sociablEE,FUT Esports,fade,False,,25,0,0,1,3,False,unknown,unknown,,,,yetujey,FUT Esports,astra,False,,50,1,2,0,5,False,phantom,rifle,,,,KROSTALY,FUT Esports,kayo,False,,25,0,0,0,0,False,unknown,unknown,,0.7156,0.4289,Chronicle,Team Vitality,chamber,True,100,50,0,6,1,7,True,classic,sidearm,,0.6244,0.1956,Derke,Team Vitality,neon,False,,50,1,1,1,7,True,operator,sniper,,,,Jamppi,Team Vitality,kayo,True,100,50,1,2,0,6,False,phantom,rifle,,0.2144,0.3056,Sayonara,Team Vitality,sova,True,71,24,0,2,1,7,True,classic,sidearm,,0.9233,0.2800,PROFEK,Team Vitality,astra,True,100,25,0,0,0,7,True,vandal,rifle,,0.6756,0.1700
3140.938,6273,POST_ROUND,21,11,12,,,2.419,s0pp,FUT Esports,chamber,False,,25,0,7,1,3,False,vandal,rifle,,,,xeus,FUT Esports,jett,False,,50,0,0,1,7,False,unknown,unknown,,0.4811,0.4411,sociablEE,FUT Esports,fade,False,,25,0,0,1,3,False,unknown,unknown,,,,yetujey,FUT Esports,astra,False,,50,1,2,0,5,False,phantom,rifle,,,,KROSTALY,FUT Esports,kayo,False,,25,0,0,0,0,False,unknown,unknown,,0.7156,0.4289,Chronicle,Team Vitality,chamber,True,100,50,0,6,1,7,True,classic,sidearm,,0.6244,0.1956,Derke,Team Vitality,neon,False,,50,1,1,1,7,True,operator,sniper,,,,Jamppi,Team Vitality,kayo,True,100,50,1,2,0,6,False,phantom,rifle,,0.2144,0.3056,Sayonara,Team Vitality,sova,True,71,24,0,2,1,7,True,classic,sidearm,,0.9233,0.2800,PROFEK,Team Vitality,astra,True,100,25,0,0,0,7,True,vandal,rifle,,0.6756,0.1700
3141.422,6274,POST_ROUND,21,11,12,,,2.903,s0pp,FUT Esports,chamber,False,,25,0,7,1,3,False,vandal,rifle,,,,xeus,FUT Esports,jett,False,,50,0,0,1,7,False,unknown,unknown,,0.4811,0.4411,sociablEE,FUT Esports,fade,False,,25,0,0,1,3,False,unknown,unknown,,,,yetujey,FUT Esports,astra,False,,50,1,2,0,5,False,phantom,rifle,,,,KROSTALY,FUT Esports,kayo,False,,25,0,0,0,0,False,unknown,unknown,,0.7156,0.4289,Chronicle,Team Vitality,chamber,True,100,50,0,6,1,7,True,classic,sidearm,,0.6244,0.1956,Derke,Team Vitality,neon,False,,50,1,1,1,7,True,operator,sniper,,,,Jamppi,Team Vitality,kayo,True,100,50,1,2,0,6,False,phantom,rifle,,0.2144,0.3056,Sayonara,Team Vitality,sova,True,71,24,0,2,1,7,True,classic,sidearm,,0.9233,0.2800,PROFEK,Team Vitality,astra,True,100,25,0,0,0,7,True,vandal,rifle,,0.6756,0.1700
3141.905,6275,POST_ROUND,21,11,12,,,3.387,s0pp,FUT Esports,chamber,False,,25,0,7,1,3,False,vandal,rifle,,,,xeus,FUT Esports,jett,False,,50,0,0,1,7,False,unknown,unknown,,0.4811,0.4411,sociablEE,FUT Esports,fade,False,,25,0,0,1,3,False,unknown,unknown,,,,yetujey,FUT Esports,astra,False,,50,1,2,0,5,False,phantom,rifle,,,,KROSTALY,FUT Esports,kayo,False,,25,0,0,0,0,False,unknown,unknown,,0.7156,0.4289,Chronicle,Team Vitality,chamber,True,100,50,0,6,1,7,True,classic,sidearm,,0.6244,0.1956,Derke,Team Vitality,neon,False,,50,1,1,1,7,True,operator,sniper,,,,Jamppi,Team Vitality,kayo,True,100,50,1,2,0,6,False,phantom,rifle,,0.2144,0.3056,Sayonara,Team Vitality,sova,True,71,24,0,2,1,7,True,classic,sidearm,,0.9233,0.2800,PROFEK,Team Vitality,astra,True,100,25,0,0,0,7,True,vandal,rifle,,0.6756,0.1700
3142.389,6276,POST_ROUND,21,11,12,,,3.871,s0pp,FUT Esports,chamber,False,,25,0,7,1,3,False,vandal,rifle,,,,xeus,FUT Esports,jett,False,,50,0,0,1,7,False,unknown,unknown,,0.4811,0.4411,sociablEE,FUT Esports,fade,False,,25,0,0,1,3,False,unknown,unknown,,,,yetujey,FUT Esports,astra,False,,50,1,2,0,5,False,phantom,rifle,,,,KROSTALY,FUT Esports,kayo,False,,25,0,0,0,0,False,unknown,unknown,,0.7156,0.4289,Chronicle,Team Vitality,chamber,True,100,50,0,6,1,7,True,classic,sidearm,,0.6244,0.1956,Derke,Team Vitality,neon,False,,50,1,1,1,7,True,operator,sniper,,,,Jamppi,Team Vitality,kayo,True,100,50,1,2,0,6,False,phantom,rifle,,0.2144,0.3056,Sayonara,Team Vitality,sova,True,71,24,0,2,1,7,True,phantom,rifle,,0.9233,0.2800,PROFEK,Team Vitality,astra,True,100,25,0,0,0,7,True,vandal,rifle,,0.6756,0.1700
3142.873,6277,POST_ROUND,21,11,12,,,4.354,s0pp,FUT Esports,chamber,False,,25,0,7,1,3,False,vandal,rifle,,,,xeus,FUT Esports,jett,False,,50,0,0,1,7,False,unknown,unknown,,0.4811,0.4411,sociablEE,FUT Esports,fade,False,,25,0,0,1,3,False,unknown,unknown,,,,yetujey,FUT Esports,astra,False,,50,1,2,0,5,False,phantom,rifle,,,,KROSTALY,FUT Esports,kayo,False,,25,0,0,0,0,False,unknown,unknown,,0.7156,0.4289,Chronicle,Team Vitality,chamber,True,100,50,0,6,1,7,True,classic,sidearm,,0.6244,0.1956,Derke,Team Vitality,neon,False,,50,1,1,1,7,True,operator,sniper,,,,Jamppi,Team Vitality,kayo,True,100,50,1,2,0,6,False,phantom,rifle,,0.2144,0.3056,Sayonara,Team Vitality,sova,True,71,24,0,2,1,7,True,phantom,rifle,,0.9233,0.2800,PROFEK,Team Vitality,astra,True,100,25,0,0,0,7,True,vandal,rifle,,0.6756,0.1700
3143.357,6278,POST_ROUND,21,11,12,,,4.838,s0pp,FUT Esports,chamber,False,,25,0,7,1,3,False,vandal,rifle,,,,xeus,FUT Esports,jett,False,,50,0,0,1,7,False,unknown,unknown,,0.4811,0.4411,sociablEE,FUT Esports,fade,False,,25,0,0,1,3,False,unknown,unknown,,,,yetujey,FUT Esports,astra,False,,50,1,2,0,5,False,phantom,rifle,,,,KROSTALY,FUT Esports,kayo,False,,25,0,0,0,0,False,unknown,unknown,,0.7156,0.4289,Chronicle,Team Vitality,chamber,True,100,50,0,6,1,7,True,classic,sidearm,,0.6244,0.1956,Derke,Team Vitality,neon,False,,50,1,1,1,7,True,operator,sniper,,,,Jamppi,Team Vitality,kayo,True,100,50,1,2,0,6,False,phantom,rifle,,0.2144,0.3056,Sayonara,Team Vitality,sova,True,71,24,0,2,1,7,True,phantom,rifle,,0.9233,0.2800,PROFEK,Team Vitality,astra,True,100,25,0,0,0,7,True,vandal,rifle,,0.6756,0.1700
3162.710,6318,PREROUND,22,11,12,,,,s0pp,FUT Esports,chamber,True,,,1,8,1,4,False,,,,,,xeus,FUT Esports,jett,True,,,2,1,1,7,False,,,,,,sociablEE,FUT Esports,fade,True,,,2,1,1,4,False,,,,,,yetujey,FUT Esports,astra,True,,,1,3,1,6,False,,,,,,KROSTALY,FUT Esports,kayo,True,,,1,2,1,1,False,,,,,,Chronicle,Team Vitality,chamber,True,,,0,8,1,0,False,,,,,,Derke,Team Vitality,neon,True,,,1,1,1,7,True,,,,,,Jamppi,Team Vitality,kayo,True,,,1,2,1,6,False,,,,,,Sayonara,Team Vitality,sova,True,,,1,2,1,7,True,,,,,,PROFEK,Team Vitality,astra,True,,,2,2,1,7,True,,,,,
3163.193,6319,PREROUND,22,11,12,,,,s0pp,FUT Esports,chamber,True,,,1,8,1,4,False,,,,,,xeus,FUT Esports,jett,True,,,2,1,1,7,False,,,,,,sociablEE,FUT Esports,fade,True,,,2,1,1,4,False,,,,,,yetujey,FUT Esports,astra,True,,,1,3,1,6,False,,,,,,KROSTALY,FUT Esports,kayo,True,,,1,2,1,1,False,,,,,,Chronicle,Team Vitality,chamber,True,,,0,8,1,0,False,,,,,,Derke,Team Vitality,neon,True,,,1,1,1,7,True,,,,,,Jamppi,Team Vitality,kayo,True,,,1,2,1,6,False,,,,,,Sayonara,Team Vitality,sova,True,,,1,2,1,7,True,,,,,,PROFEK,Team Vitality,astra,True,,,2,2,1,7,True,,,,,
3163.677,6320,PREROUND,22,11,12,,,,s0pp,FUT Esports,chamber,True,,,1,8,1,4,False,,,,,,xeus,FUT Esports,jett,True,,,2,1,1,7,False,,,,,,sociablEE,FUT Esports,fade,True,,,2,1,1,4,False,,,,,,yetujey,FUT Esports,astra,True,,,1,3,1,6,False,,,,,,KROSTALY,FUT Esports,kayo,True,,,1,2,1,1,False,,,,,,Chronicle,Team Vitality,chamber,True,,,0,8,1,0,False,,,,,,Derke,Team Vitality,neon,True,,,1,1,1,7,True,,,,,,Jamppi,Team Vitality,kayo,True,,,1,2,1,6,False,,,,,,Sayonara,Team Vitality,sova,True,,,1,2,1,7,True,,,,,,PROFEK,Team Vitality,astra,True,,,2,2,1,7,True,,,,,
3164.161,6321,PREROUND,22,11,12,,,,s0pp,FUT Esports,chamber,True,,,1,8,1,4,False,,,,,,xeus,FUT Esports,jett,True,,,2,1,1,7,False,,,,,,sociablEE,FUT Esports,fade,True,,,2,1,1,4,False,,,,,,yetujey,FUT Esports,astra,True,,,1,3,1,6,False,,,,,,KROSTALY,FUT Esports,kayo,True,,,1,2,1,1,False,,,,,,Chronicle,Team Vitality,chamber,True,,,0,8,1,0,False,,,,,,Derke,Team Vitality,neon,True,,,1,1,1,7,True,,,,,,Jamppi,Team Vitality,kayo,True,,,1,2,1,6,False,,,,,,Sayonara,Team Vitality,sova,True,,,1,2,1,7,True,,,,,,PROFEK,Team Vitality,astra,True,,,2,2,1,7,True,,,,,
3164.645,6322,PREROUND,22,11,12,,,,s0pp,FUT Esports,chamber,True,,,1,8,1,4,False,,,,,,xeus,FUT Esports,jett,True,,,2,1,1,7,False,,,,,,sociablEE,FUT Esports,fade,True,,,2,1,1,4,False,,,,,,yetujey,FUT Esports,astra,True,,,1,3,1,6,False,,,,,,KROSTALY,FUT Esports,kayo,True,,,1,2,1,1,False,,,,,,Chronicle,Team Vitality,chamber,True,,,0,8,1,0,False,,,,,,Derke,Team Vitality,neon,True,,,1,1,1,7,True,,,,,,Jamppi,Team Vitality,kayo,True,,,1,2,1,6,False,,,,,,Sayonara,Team Vitality,sova,True,,,1,2,1,7,True,,,,,,PROFEK,Team Vitality,astra,True,,,2,2,1,7,True,,,,,
3165.129,6323,PREROUND,22,11,12,,,,s0pp,FUT Esports,chamber,True,,,1,8,1,4,False,,,,,,xeus,FUT Esports,jett,True,,,2,1,1,7,False,,,,,,sociablEE,FUT Esports,fade,True,,,2,1,1,4,False,,,,,,yetujey,FUT Esports,astra,True,,,1,3,1,6,False,,,,,,KROSTALY,FUT Esports,kayo,True,,,1,2,1,1,False,,,,,,Chronicle,Team Vitality,chamber,True,,,0,8,1,0,False,,,,,,Derke,Team Vitality,neon,True,,,1,1,1,7,True,,,,,,Jamppi,Team Vitality,kayo,True,,,1,2,1,6,False,,,,,,Sayonara,Team Vitality,sova,True,,,1,2,1,7,True,,,,,,PROFEK,Team Vitality,astra,True,,,2,2,1,7,True,,,,,
3165.612,6324,PREROUND,22,11,12,,,,s0pp,FUT Esports,chamber,True,,,1,8,1,4,False,,,,,,xeus,FUT Esports,jett,True,,,2,1,1,7,False,,,,,,sociablEE,FUT Esports,fade,True,,,2,1,1,4,False,,,,,,yetujey,FUT Esports,astra,True,,,1,3,1,6,False,,,,,,KROSTALY,FUT Esports,kayo,True,,,1,2,1,1,False,,,,,,Chronicle,Team Vitality,chamber,True,,,0,8,1,0,False,,,,,,Derke,Team Vitality,neon,True,,,1,1,1,7,True,,,,,,Jamppi,Team Vitality,kayo,True,,,1,2,1,6,False,,,,,,Sayonara,Team Vitality,sova,True,,,1,2,1,7,True,,,,,,PROFEK,Team Vitality,astra,True,,,2,2,1,7,True,,,,,
3166.096,6325,PREROUND,22,11,12,,,,s0pp,FUT Esports,chamber,True,,,1,8,1,4,False,,,,,,xeus,FUT Esports,jett,True,,,2,1,1,7,False,,,,,,sociablEE,FUT Esports,fade,True,,,2,1,1,4,False,,,,,,yetujey,FUT Esports,astra,True,,,1,3,1,6,False,,,,,,KROSTALY,FUT Esports,kayo,True,,,1,2,1,1,False,,,,,,Chronicle,Team Vitality,chamber,True,,,0,8,1,0,False,,,,,,Derke,Team Vitality,neon,True,,,1,1,1,7,True,,,,,,Jamppi,Team Vitality,kayo,True,,,1,2,1,6,False,,,,,,Sayonara,Team Vitality,sova,True,,,1,2,1,7,True,,,,,,PROFEK,Team Vitality,astra,True,,,2,2,1,7,True,,,,,
3166.580,6326,PREROUND,22,11,12,,,,s0pp,FUT Esports,chamber,True,,,1,8,1,4,False,,,,,,xeus,FUT Esports,jett,True,,,2,1,1,7,False,,,,,,sociablEE,FUT Esports,fade,True,,,2,1,1,4,False,,,,,,yetujey,FUT Esports,astra,True,,,1,3,1,6,False,,,,,,KROSTALY,FUT Esports,kayo,True,,,1,2,1,1,False,,,,,,Chronicle,Team Vitality,chamber,True,,,0,8,1,0,False,,,,,,Derke,Team Vitality,neon,True,,,1,1,1,7,True,,,,,,Jamppi,Team Vitality,kayo,True,,,1,2,1,6,False,,,,,,Sayonara,Team Vitality,sova,True,,,1,2,1,7,True,,,,,,PROFEK,Team Vitality,astra,True,,,2,2,1,7,True,,,,,
3167.064,6327,PREROUND,22,11,12,,,,s0pp,FUT Esports,chamber,True,,,1,8,1,4,False,,,,,,xeus,FUT Esports,jett,True,,,2,1,1,7,False,,,,,,sociablEE,FUT Esports,fade,True,,,2,1,1,4,False,,,,,,yetujey,FUT Esports,astra,True,,,1,3,1,6,False,,,,,,KROSTALY,FUT Esports,kayo,True,,,1,2,1,1,False,,,,,,Chronicle,Team Vitality,chamber,True,,,0,8,1,0,False,,,,,,Derke,Team Vitality,neon,True,,,1,1,1,7,True,,,,,,Jamppi,Team Vitality,kayo,True,,,1,2,1,6,False,,,,,,Sayonara,Team Vitality,sova,True,,,1,2,1,7,True,,,,,,PROFEK,Team Vitality,astra,True,,,2,2,1,7,True,,,,,
3167.548,6328,PREROUND,22,11,12,,,,s0pp,FUT Esports,chamber,True,,,1,8,1,4,False,,,,,,xeus,FUT Esports,jett,True,,,2,1,1,7,False,,,,,,sociablEE,FUT Esports,fade,True,,,2,1,1,4,False,,,,,,yetujey,FUT Esports,astra,True,,,1,3,1,6,False,,,,,,KROSTALY,FUT Esports,kayo,True,,,1,2,1,1,False,,,,,,Chronicle,Team Vitality,chamber,True,,,0,8,1,0,False,,,,,,Derke,Team Vitality,neon,True,,,1,1,1,7,True,,,,,,Jamppi,Team Vitality,kayo,True,,,1,2,1,6,False,,,,,,Sayonara,Team Vitality,sova,True,,,1,2,1,7,True,,,,,,PROFEK,Team Vitality,astra,True,,,2,2,1,7,True,,,,,
3168.032,6329,PREROUND,22,11,12,,,,s0pp,FUT Esports,chamber,True,,,1,8,1,4,False,,,,,,xeus,FUT Esports,jett,True,,,2,1,1,7,False,,,,,,sociablEE,FUT Esports,fade,True,,,2,1,1,4,False,,,,,,yetujey,FUT Esports,astra,True,,,1,3,1,6,False,,,,,,KROSTALY,FUT Esports,kayo,True,,,1,2,1,1,False,,,,,,Chronicle,Team Vitality,chamber,True,,,0,8,1,0,False,,,,,,Derke,Team Vitality,neon,True,,,1,1,1,7,True,,,,,,Jamppi,Team Vitality,kayo,True,,,1,2,1,6,False,,,,,,Sayonara,Team Vitality,sova,True,,,1,2,1,7,True,,,,,,PROFEK,Team Vitality,astra,True,,,2,2,1,7,True,,,,,
3168.515,6330,PREROUND,22,11,12,,,,s0pp,FUT Esports,chamber,True,,,1,8,1,4,False,,,,,,xeus,FUT Esports,jett,True,,,2,1,1,7,False,,,,,,sociablEE,FUT Esports,fade,True,,,2,1,1,4,False,,,,,,yetujey,FUT Esports,astra,True,,,1,3,1,6,False,,,,,,KROSTALY,FUT Esports,kayo,True,,,1,2,1,1,False,,,,,,Chronicle,Team Vitality,chamber,True,,,0,8,1,0,False,,,,,,Derke,Team Vitality,neon,True,,,1,1,1,7,True,,,,,,Jamppi,Team Vitality,kayo,True,,,1,2,1,6,False,,,,,,Sayonara,Team Vitality,sova,True,,,1,2,1,7,True,,,,,,PROFEK,Team Vitality,astra,True,,,2,2,1,7,True,,,,,
3168.999,6331,PREROUND,22,11,12,,,,s0pp,FUT Esports,chamber,True,,,1,8,1,4,False,,,,,,xeus,FUT Esports,jett,True,,,2,1,1,7,False,,,,,,sociablEE,FUT Esports,fade,True,,,2,1,1,4,False,,,,,,yetujey,FUT Esports,astra,True,,,1,3,1,6,False,,,,,,KROSTALY,FUT Esports,kayo,True,,,1,2,1,1,False,,,,,,Chronicle,Team Vitality,chamber,True,,,0,8,1,0,False,,,,,,Derke,Team Vitality,neon,True,,,1,1,1,7,True,,,,,,Jamppi,Team Vitality,kayo,True,,,1,2,1,6,False,,,,,,Sayonara,Team Vitality,sova,True,,,1,2,1,7,True,,,,,,PROFEK,Team Vitality,astra,True,,,2,2,1,7,True,,,,,
3169.483,6332,PREROUND,22,11,12,,,,s0pp,FUT Esports,chamber,True,,,1,8,1,4,False,,,,,,xeus,FUT Esports,jett,True,,,2,1,1,7,False,,,,,,sociablEE,FUT Esports,fade,True,,,2,1,1,4,False,,,,,,yetujey,FUT Esports,astra,True,,,1,3,1,6,False,,,,,,KROSTALY,FUT Esports,kayo,True,,,1,2,1,1,False,,,,,,Chronicle,Team Vitality,chamber,True,,,0,8,1,0,False,,,,,,Derke,Team Vitality,neon,True,,,1,1,1,7,True,,,,,,Jamppi,Team Vitality,kayo,True,,,1,2,1,6,False,,,,,,Sayonara,Team Vitality,sova,True,,,1,2,1,7,True,,,,,,PROFEK,Team Vitality,astra,True,,,2,2,1,7,True,,,,,
3169.967,6333,PREROUND,22,11,12,,,,s0pp,FUT Esports,chamber,True,,,1,8,1,4,False,,,,,,xeus,FUT Esports,jett,True,,,2,1,1,7,False,,,,,,sociablEE,FUT Esports,fade,True,,,2,1,1,4,False,,,,,,yetujey,FUT Esports,astra,True,,,1,3,1,6,False,,,,,,KROSTALY,FUT Esports,kayo,True,,,1,2,1,1,False,,,,,,Chronicle,Team Vitality,chamber,True,,,0,8,1,0,False,,,,,,Derke,Team Vitality,neon,True,,,1,1,1,7,True,,,,,,Jamppi,Team Vitality,kayo,True,,,1,2,1,6,False,,,,,,Sayonara,Team Vitality,sova,True,,,1,2,1,7,True,,,,,,PROFEK,Team Vitality,astra,True,,,2,2,1,7,True,,,,,
3170.451,6334,PREROUND,22,11,12,,,,s0pp,FUT Esports,chamber,True,,,1,8,1,4,False,,,,,,xeus,FUT Esports,jett,True,,,2,1,1,7,False,,,,,,sociablEE,FUT Esports,fade,True,,,2,1,1,4,False,,,,,,yetujey,FUT Esports,astra,True,,,1,3,1,6,False,,,,,,KROSTALY,FUT Esports,kayo,True,,,1,2,1,1,False,,,,,,Chronicle,Team Vitality,chamber,True,,,0,8,1,0,False,,,,,,Derke,Team Vitality,neon,True,,,1,1,1,7,True,,,,,,Jamppi,Team Vitality,kayo,True,,,1,2,1,6,False,,,,,,Sayonara,Team Vitality,sova,True,,,1,2,1,7,True,,,,,,PROFEK,Team Vitality,astra,True,,,1,2,1,7,True,,,,,
3170.934,6335,PREROUND,22,11,12,,,,s0pp,FUT Esports,chamber,True,,,1,8,1,4,False,,,,,,xeus,FUT Esports,jett,True,,,2,1,1,7,False,,,,,,sociablEE,FUT Esports,fade,True,,,2,1,1,4,False,,,,,,yetujey,FUT Esports,astra,True,,,1,3,1,6,False,,,,,,KROSTALY,FUT Esports,kayo,True,,,1,2,1,1,False,,,,,,Chronicle,Team Vitality,chamber,True,,,0,8,1,0,False,,,,,,Derke,Team Vitality,neon,True,,,1,1,1,7,True,,,,,,Jamppi,Team Vitality,kayo,True,,,1,2,1,6,False,,,,,,Sayonara,Team Vitality,sova,True,,,1,2,1,7,True,,,,,,PROFEK,Team Vitality,astra,True,,,1,2,1,7,True,,,,,
3171.418,6336,PREROUND,22,11,12,,,,s0pp,FUT Esports,chamber,True,,,1,8,1,4,False,,,,,,xeus,FUT Esports,jett,True,,,2,1,1,7,False,,,,,,sociablEE,FUT Esports,fade,True,,,2,1,1,4,False,,,,,,yetujey,FUT Esports,astra,True,,,1,3,1,6,False,,,,,,KROSTALY,FUT Esports,kayo,True,,,1,2,1,1,False,,,,,,Chronicle,Team Vitality,chamber,True,,,0,8,1,0,False,,,,,,Derke,Team Vitality,neon,True,,,1,1,1,7,True,,,,,,Jamppi,Team Vitality,kayo,True,,,1,2,1,6,False,,,,,,Sayonara,Team Vitality,sova,True,,,1,2,1,7,True,,,,,,PROFEK,Team Vitality,astra,True,,,1,2,1,7,True,,,,,
3171.902,6337,PREROUND,22,11,12,,,,s0pp,FUT Esports,chamber,True,,,1,8,1,4,False,,,,,,xeus,FUT Esports,jett,True,,,2,1,1,7,False,,,,,,sociablEE,FUT Esports,fade,True,,,2,1,1,4,False,,,,,,yetujey,FUT Esports,astra,True,,,1,3,1,6,False,,,,,,KROSTALY,FUT Esports,kayo,True,,,1,2,1,1,False,,,,,,Chronicle,Team Vitality,chamber,True,,,0,8,1,0,False,,,,,,Derke,Team Vitality,neon,True,,,1,1,1,7,True,,,,,,Jamppi,Team Vitality,kayo,True,,,1,2,1,6,False,,,,,,Sayonara,Team Vitality,sova,True,,,1,2,1,7,True,,,,,,PROFEK,Team Vitality,astra,True,,,1,2,1,7,True,,,,,
3172.386,6338,PREROUND,22,11,12,,,,s0pp,FUT Esports,chamber,True,,,1,8,1,4,False,,,,,,xeus,FUT Esports,jett,True,,,2,1,1,7,False,,,,,,sociablEE,FUT Esports,fade,True,,,2,1,1,4,False,,,,,,yetujey,FUT Esports,astra,True,,,1,3,1,6,False,,,,,,KROSTALY,FUT Esports,kayo,True,,,1,2,1,1,False,,,,,,Chronicle,Team Vitality,chamber,True,,,0,8,1,0,False,,,,,,Derke,Team Vitality,neon,True,,,1,1,1,7,True,,,,,,Jamppi,Team Vitality,kayo,True,,,1,2,1,6,False,,,,,,Sayonara,Team Vitality,sova,True,,,1,2,1,7,True,,,,,,PROFEK,Team Vitality,astra,True,,,1,2,1,7,True,,,,,
3172.870,6339,PREROUND,22,11,12,,,,s0pp,FUT Esports,chamber,True,,,1,8,1,4,False,,,,,,xeus,FUT Esports,jett,True,,,2,1,1,7,False,,,,,,sociablEE,FUT Esports,fade,True,,,2,1,1,4,False,,,,,,yetujey,FUT Esports,astra,True,,,1,3,1,6,False,,,,,,KROSTALY,FUT Esports,kayo,True,,,1,2,1,1,False,,,,,,Chronicle,Team Vitality,chamber,True,,,0,8,1,0,False,,,,,,Derke,Team Vitality,neon,True,,,1,1,1,7,True,,,,,,Jamppi,Team Vitality,kayo,True,,,1,2,1,6,False,,,,,,Sayonara,Team Vitality,sova,True,,,1,2,1,7,True,,,,,,PROFEK,Team Vitality,astra,True,,,1,2,1,7,True,,,,,
3173.354,6340,PREROUND,22,11,12,,,,s0pp,FUT Esports,chamber,True,,,1,8,1,4,False,,,,,,xeus,FUT Esports,jett,True,,,2,1,1,7,False,,,,,,sociablEE,FUT Esports,fade,True,,,2,1,1,4,False,,,,,,yetujey,FUT Esports,astra,True,,,1,3,1,6,False,,,,,,KROSTALY,FUT Esports,kayo,True,,,1,2,1,1,False,,,,,,Chronicle,Team Vitality,chamber,True,,,0,8,1,0,False,,,,,,Derke,Team Vitality,neon,True,,,1,1,1,7,True,,,,,,Jamppi,Team Vitality,kayo,True,,,1,2,1,6,False,,,,,,Sayonara,Team Vitality,sova,True,,,1,2,1,7,True,,,,,,PROFEK,Team Vitality,astra,True,,,1,2,1,7,True,,,,,
3173.837,6341,PREROUND,22,11,12,,,,s0pp,FUT Esports,chamber,True,,,1,8,1,4,False,,,,,,xeus,FUT Esports,jett,True,,,2,1,1,7,False,,,,,,sociablEE,FUT Esports,fade,True,,,2,1,1,4,False,,,,,,yetujey,FUT Esports,astra,True,,,1,3,1,6,False,,,,,,KROSTALY,FUT Esports,kayo,True,,,1,2,1,1,False,,,,,,Chronicle,Team Vitality,chamber,True,,,0,8,1,0,False,,,,,,Derke,Team Vitality,neon,True,,,1,1,1,7,True,,,,,,Jamppi,Team Vitality,kayo,True,,,1,2,1,6,False,,,,,,Sayonara,Team Vitality,sova,True,,,1,2,1,7,True,,,,,,PROFEK,Team Vitality,astra,True,,,1,2,1,7,True,,,,,
3174.321,6342,PREROUND,22,11,12,,,,s0pp,FUT Esports,chamber,True,,,1,8,1,4,False,,,,,,xeus,FUT Esports,jett,True,,,2,1,1,7,False,,,,,,sociablEE,FUT Esports,fade,True,,,2,1,1,4,False,,,,,,yetujey,FUT Esports,astra,True,,,1,3,1,6,False,,,,,,KROSTALY,FUT Esports,kayo,True,,,1,2,1,1,False,,,,,,Chronicle,Team Vitality,chamber,True,,,0,8,1,0,False,,,,,,Derke,Team Vitality,neon,True,,,1,1,1,7,True,,,,,,Jamppi,Team Vitality,kayo,True,,,1,2,1,6,False,,,,,,Sayonara,Team Vitality,sova,True,,,1,2,1,7,True,,,,,,PROFEK,Team Vitality,astra,True,,,1,2,1,7,True,,,,,
3174.805,6343,PREROUND,22,11,12,,,,s0pp,FUT Esports,chamber,True,,,1,8,1,4,False,,,,,,xeus,FUT Esports,jett,True,,,2,1,1,7,False,,,,,,sociablEE,FUT Esports,fade,True,,,2,1,1,4,False,,,,,,yetujey,FUT Esports,astra,True,,,1,3,1,6,False,,,,,,KROSTALY,FUT Esports,kayo,True,,,1,2,1,1,False,,,,,,Chronicle,Team Vitality,chamber,True,,,0,8,1,0,False,,,,,,Derke,Team Vitality,neon,True,,,1,1,1,7,True,,,,,,Jamppi,Team Vitality,kayo,True,,,1,2,1,6,False,,,,,,Sayonara,Team Vitality,sova,True,,,1,2,1,7,True,,,,,,PROFEK,Team Vitality,astra,True,,,2,2,1,7,True,,,,,
3175.289,6344,PREROUND,22,11,12,,,,s0pp,FUT Esports,chamber,True,,,1,8,1,4,False,,,,,,xeus,FUT Esports,jett,True,,,2,1,1,7,False,,,,,,sociablEE,FUT Esports,fade,True,,,2,1,1,4,False,,,,,,yetujey,FUT Esports,astra,True,,,1,3,1,6,False,,,,,,KROSTALY,FUT Esports,kayo,True,,,1,2,1,1,False,,,,,,Chronicle,Team Vitality,chamber,True,,,0,8,1,0,False,,,,,,Derke,Team Vitality,neon,True,,,1,1,1,7,True,,,,,,Jamppi,Team Vitality,kayo,True,,,1,2,1,6,False,,,,,,Sayonara,Team Vitality,sova,True,,,1,2,1,7,True,,,,,,PROFEK,Team Vitality,astra,True,,,2,2,1,7,True,,,,,
3175.773,6345,ACTIVE_ROUND,22,11,12,99.000,,,s0pp,FUT Esports,chamber,True,100,50,1,8,1,4,False,,,,,,xeus,FUT Esports,jett,True,100,25,2,1,1,7,False,,,,0.3611,0.7611,sociablEE,FUT Esports,fade,True,100,25,2,1,1,4,False,,,,,,yetujey,FUT Esports,astra,True,100,25,1,3,1,6,False,,,,0.3911,0.7922,KROSTALY,FUT Esports,kayo,True,100,50,1,2,1,1,False,,,,,,Chronicle,Team Vitality,chamber,True,100,50,0,8,1,0,False,,,,,,Derke,Team Vitality,neon,True,100,50,1,1,1,7,True,,,,0.8222,0.4311,Jamppi,Team Vitality,kayo,True,100,50,1,2,1,6,False,,,,0.2700,0.5011,Sayonara,Team Vitality,sova,True,100,50,1,2,1,7,True,,,,0.7389,0.3533,PROFEK,Team Vitality,astra,True,100,50,2,2,1,7,True,,,,,
3176.256,6346,ACTIVE_ROUND,22,11,12,99.000,,,s0pp,FUT Esports,chamber,True,100,50,1,8,1,4,False,,,,,,xeus,FUT Esports,jett,True,100,25,2,1,1,7,False,,,,0.8011,0.6122,sociablEE,FUT Esports,fade,True,100,25,2,1,1,4,False,,,,,,yetujey,FUT Esports,astra,True,100,25,1,3,1,6,False,,,,0.3911,0.7922,KROSTALY,FUT Esports,kayo,True,100,50,1,2,1,1,False,,,,,,Chronicle,Team Vitality,chamber,True,100,50,0,8,1,0,False,,,,,,Derke,Team Vitality,neon,True,100,50,1,1,1,7,True,,,,0.8222,0.4311,Jamppi,Team Vitality,kayo,True,100,50,1,2,1,6,False,,,,0.2700,0.5078,Sayonara,Team Vitality,sova,True,100,50,1,2,1,7,True,,,,0.8411,0.4022,PROFEK,Team Vitality,astra,True,100,50,2,2,1,7,True,,,,,
3176.740,6347,ACTIVE_ROUND,22,11,12,98.000,,,s0pp,FUT Esports,chamber,True,100,50,1,8,1,4,False,,,,,,xeus,FUT Esports,jett,True,100,25,2,1,1,7,False,,,,0.3611,0.7678,sociablEE,FUT Esports,fade,True,100,25,2,1,1,4,False,,,,,,yetujey,FUT Esports,astra,True,100,25,1,3,1,6,False,,,,0.3911,0.7922,KROSTALY,FUT Esports,kayo,True,100,50,1,2,1,1,False,,,,0.7489,0.6778,Chronicle,Team Vitality,chamber,True,100,50,0,8,1,0,False,,,,,,Derke,Team Vitality,neon,True,100,50,1,1,1,7,True,,,,0.8222,0.4311,Jamppi,Team Vitality,kayo,True,100,50,1,2,1,6,False,,,,0.2700,0.5167,Sayonara,Team Vitality,sova,True,100,50,1,2,1,7,True,,,,0.8433,0.4067,PROFEK,Team Vitality,astra,True,100,50,2,2,1,7,True,,,,,
3177.224,6348,ACTIVE_ROUND,22,11,12,98.000,,,s0pp,FUT Esports,chamber,True,100,50,1,8,1,4,False,stinger,smg,,0.2633,0.7622,xeus,FUT Esports,jett,True,100,25,1,1,1,7,False,vandal,rifle,,0.3611,0.7722,sociablEE,FUT Esports,fade,True,100,25,2,1,1,4,False,sheriff,sidearm,,,,yetujey,FUT Esports,astra,True,100,25,1,1,0,6,False,guardian,rifle,,0.3911,0.7922,KROSTALY,FUT Esports,kayo,True,100,50,1,1,1,1,False,sheriff,sidearm,,0.7489,0.6889,Chronicle,Team Vitality,chamber,True,100,50,0,8,1,0,False,outlaw,sniper,,,,Derke,Team Vitality,neon,True,100,50,1,1,1,7,True,outlaw,sniper,,0.8222,0.4311,Jamppi,Team Vitality,kayo,True,100,50,1,2,1,6,False,phantom,rifle,,0.2678,0.5211,Sayonara,Team Vitality,sova,True,100,50,1,2,1,7,True,phantom,rifle,,0.1389,0.5156,PROFEK,Team Vitality,astra,True,100,50,1,1,0,7,True,vandal,rifle,,,
3177.708,6349,ACTIVE_ROUND,22,11,12,97.000,,,s0pp,FUT Esports,chamber,True,100,50,1,8,1,4,False,stinger,smg,,0.2633,0.7622,xeus,FUT Esports,jett,True,100,25,1,1,1,7,False,vandal,rifle,,0.3611,0.7611,sociablEE,FUT Esports,fade,True,100,25,2,1,1,4,False,sheriff,sidearm,,,,yetujey,FUT Esports,astra,True,100,25,1,1,0,6,False,guardian,rifle,,0.3911,0.7922,KROSTALY,FUT Esports,kayo,True,100,50,1,1,1,1,False,sheriff,sidearm,,0.7511,0.7000,Chronicle,Team Vitality,chamber,True,100,50,0,8,1,0,False,outlaw,sniper,,,,Derke,Team Vitality,neon,True,100,50,1,1,1,7,True,outlaw,sniper,,0.8333,0.4267,Jamppi,Team Vitality,kayo,True,100,50,1,2,1,6,False,phantom,rifle,,0.7856,0.3256,Sayonara,Team Vitality,sova,True,100,50,1,2,1,7,True,phantom,rifle,,0.3100,0.5178,PROFEK,Team Vitality,astra,True,100,50,1,1,0,7,True,vandal,rifle,,,
3178.192,6350,ACTIVE_ROUND,22,11,12,97.000,,,s0pp,FUT Esports,chamber,True,100,50,1,8,1,4,False,stinger,smg,,0.2633,0.7622,xeus,FUT Esports,jett,True,100,25,1,1,1,7,False,vandal,rifle,,0.3611,0.7589,sociablEE,FUT Esports,fade,True,100,25,2,1,1,4,False,sheriff,sidearm,,0.7911,0.6311,yetujey,FUT Esports,astra,True,100,25,1,1,0,6,False,guardian,rifle,,0.3911,0.7922,KROSTALY,FUT Esports,kayo,True,100,50,1,1,1,1,False,sheriff,sidearm,,0.7489,0.7111,Chronicle,Team Vitality,chamber,True,100,50,0,8,1,0,False,outlaw,sniper,,,,Derke,Team Vitality,neon,True,100,50,1,1,1,7,True,outlaw,sniper,,0.8333,0.4267,Jamppi,Team Vitality,kayo,True,100,50,1,2,1,6,False,phantom,rifle,,0.7856,0.3256,Sayonara,Team Vitality,sova,True,100,50,1,2,1,7,True,phantom,rifle,,0.1344,0.5378,PROFEK,Team Vitality,astra,True,100,50,1,1,0,7,True,vandal,rifle,,0.7644,0.3700
3178.676,6351,ACTIVE_ROUND,22,11,12,96.000,,,s0pp,FUT Esports,chamber,True,100,50,1,8,1,4,False,stinger,smg,,0.2633,0.7622,xeus,FUT Esports,jett,True,100,25,1,1,1,7,False,vandal,rifle,,0.3611,0.7611,sociablEE,FUT Esports,fade,True,100,25,2,1,1,4,False,sheriff,sidearm,,0.7911,0.6311,yetujey,FUT Esports,astra,True,100,25,1,1,0,6,False,guardian,rifle,,0.3533,0.7944,KROSTALY,FUT Esports,kayo,True,100,50,1,1,1,1,False,sheriff,sidearm,,0.7422,0.7222,Chronicle,Team Vitality,chamber,True,100,50,0,8,1,0,False,outlaw,sniper,,,,Derke,Team Vitality,neon,True,100,50,1,1,1,7,True,outlaw,sniper,,0.8333,0.4267,Jamppi,Team Vitality,kayo,True,100,50,1,2,1,6,False,phantom,rifle,,0.1011,0.5256,Sayonara,Team Vitality,sova,True,100,50,1,2,1,7,True,phantom,rifle,,0.2967,0.5022,PROFEK,Team Vitality,astra,True,100,50,1,1,0,7,True,vandal,rifle,,0.7689,0.3767
3179.159,6352,ACTIVE_ROUND,22,11,12,96.000,,,s0pp,FUT Esports,chamber,True,100,50,1,8,1,4,False,stinger,smg,,0.2633,0.7622,xeus,FUT Esports,jett,True,100,25,1,1,1,7,False,vandal,rifle,,0.7833,0.6167,sociablEE,FUT Esports,fade,True,100,25,2,1,0,4,False,sheriff,sidearm,,0.7733,0.6489,yetujey,FUT Esports,astra,True,100,25,1,0,0,6,False,classic,sidearm,,0.3400,0.7922,KROSTALY,FUT Esports,kayo,True,100,50,1,1,1,1,False,sheriff,sidearm,,0.7422,0.7222,Chronicle,Team Vitality,chamber,True,100,50,0,8,1,0,False,outlaw,sniper,,,,Derke,Team Vitality,neon,True,100,50,1,1,1,7,True,outlaw,sniper,,0.8844,0.4067,Jamppi,Team Vitality,kayo,True,100,50,1,2,1,6,False,phantom,rifle,,0.2700,0.5078,Sayonara,Team Vitality,sova,True,100,50,1,2,1,7,True,phantom,rifle,,0.1300,0.5356,PROFEK,Team Vitality,astra,True,100,50,2,1,0,7,True,vandal,rifle,,0.7689,0.3767
3179.643,6353,ACTIVE_ROUND,22,11,12,95.000,,,s0pp,FUT Esports,chamber,True,100,50,1,8,1,4,False,stinger,smg,,0.2633,0.7622,xeus,FUT Esports,jett,True,100,25,1,1,1,7,False,vandal,rifle,,0.7789,0.6278,sociablEE,FUT Esports,fade,True,100,25,2,1,0,4,False,sheriff,sidearm,,0.7689,0.6667,yetujey,FUT Esports,astra,True,100,25,1,0,0,6,False,classic,sidearm,,0.3267,0.7856,KROSTALY,FUT Esports,kayo,True,100,50,1,1,1,1,False,sheriff,sidearm,,0.7422,0.7222,Chronicle,Team Vitality,chamber,True,100,50,0,8,1,0,False,outlaw,sniper,,,,Derke,Team Vitality,neon,True,100,50,1,1,1,7,True,outlaw,sniper,,0.8978,0.3978,Jamppi,Team Vitality,kayo,True,100,50,1,2,1,6,False,phantom,rifle,,0.2722,0.4989,Sayonara,Team Vitality,sova,True,100,50,1,2,1,7,True,phantom,rifle,,0.9078,0.3622,PROFEK,Team Vitality,astra,True,100,50,2,1,0,7,True,vandal,rifle,,0.7689,0.3767
3180.127,6354,ACTIVE_ROUND,22,11,12,95.000,,,s0pp,FUT Esports,chamber,False,,50,1,8,1,4,False,stinger,smg,,0.8456,0.4089,xeus,FUT Esports,jett,True,100,25,1,1,1,7,False,vandal,rifle,,0.7767,0.6433,sociablEE,FUT Esports,fade,True,100,25,2,1,0,4,False,sheriff,sidearm,,0.7644,0.6889,yetujey,FUT Esports,astra,True,100,25,1,0,0,6,False,classic,sidearm,,0.3267,0.7856,KROSTALY,FUT Esports,kayo,True,100,50,1,1,1,1,False,sheriff,sidearm,,0.7422,0.7222,Chronicle,Team Vitality,chamber,True,100,50,0,8,1,0,False,outlaw,sniper,,,,Derke,Team Vitality,neon,True,100,50,1,1,1,7,True,outlaw,sniper,,0.8956,0.3933,Jamppi,Team Vitality,kayo,True,100,50,1,2,1,6,False,phantom,rifle,,0.2767,0.5056,Sayonara,Team Vitality,sova,True,100,50,1,2,1,7,True,phantom,rifle,,0.9078,0.3622,PROFEK,Team Vitality,astra,True,100,50,2,1,0,7,True,vandal,rifle,,0.7689,0.3767
3180.611,6355,ACTIVE_ROUND,22,11,12,94.000,,,s0pp,FUT Esports,chamber,False,,50,1,8,1,4,False,stinger,smg,,,,xeus,FUT Esports,jett,True,100,25,1,1,1,7,False,vandal,rifle,,0.7722,0.6678,sociablEE,FUT Esports,fade,True,100,25,2,1,0,4,False,sheriff,sidearm,,0.7533,0.7111,yetujey,FUT Esports,astra,True,100,25,1,0,0,6,False,classic,sidearm,,0.3267,0.7856,KROSTALY,FUT Esports,kayo,True,100,50,1,1,1,1,False,sheriff,sidearm,,0.7422,0.7222,Chronicle,Team Vitality,chamber,True,100,50,0,8,1,0,False,outlaw,sniper,,,,Derke,Team Vitality,neon,True,100,50,1,1,1,7,True,outlaw,sniper,,0.8822,0.3822,Jamppi,Team Vitality,kayo,True,100,50,1,2,1,6,False,phantom,rifle,,0.2722,0.4989,Sayonara,Team Vitality,sova,True,100,50,1,2,1,7,True,phantom,rifle,,0.8056,0.3578,PROFEK,Team Vitality,astra,True,100,50,2,1,0,7,True,vandal,rifle,,0.7756,0.3767
3181.095,6356,ACTIVE_ROUND,22,11,12,94.000,,,s0pp,FUT Esports,chamber,False,,50,1,8,1,4,False,stinger,smg,,,,xeus,FUT Esports,jett,True,100,25,1,1,1,7,False,vandal,rifle,,0.7633,0.6900,sociablEE,FUT Esports,fade,True,100,25,2,1,0,4,False,sheriff,sidearm,,0.7422,0.7333,yetujey,FUT Esports,astra,True,100,25,1,1,0,6,False,guardian,rifle,,0.3178,0.7544,KROSTALY,FUT Esports,kayo,True,100,50,1,1,1,1,False,sheriff,sidearm,,0.7422,0.7222,Chronicle,Team Vitality,chamber,True,100,50,0,8,1,1,False,outlaw,sniper,,0.7711,0.3644,Derke,Team Vitality,neon,True,100,50,1,1,1,7,True,outlaw,sniper,,0.8733,0.3733,Jamppi,Team Vitality,kayo,True,100,50,1,2,1,6,False,phantom,rifle,,0.2700,0.5011,Sayonara,Team Vitality,sova,True,100,50,1,2,1,7,True,phantom,rifle,,0.8100,0.3556,PROFEK,Team Vitality,astra,True,100,50,1,1,0,7,True,vandal,rifle,,0.7756,0.3767
3181.578,6357,ACTIVE_ROUND,22,11,12,93.000,,,s0pp,FUT Esports,chamber,False,,50,1,8,1,4,False,stinger,smg,,,,xeus,FUT Esports,jett,True,100,25,1,1,1,7,False,vandal,rifle,,0.7544,0.7122,sociablEE,FUT Esports,fade,True,100,25,2,1,0,4,False,sheriff,sidearm,,0.7311,0.7467,yetujey,FUT Esports,astra,True,100,25,1,1,0,6,False,guardian,rifle,,0.3178,0.7544,KROSTALY,FUT Esports,kayo,True,100,50,1,1,1,1,False,sheriff,sidearm,,0.7422,0.7222,Chronicle,Team Vitality,chamber,True,100,50,0,8,1,1,False,outlaw,sniper,,0.7711,0.3644,Derke,Team Vitality,neon,True,100,50,1,1,1,7,True,outlaw,sniper,,0.8556,0.3733,Jamppi,Team Vitality,kayo,True,100,50,1,2,1,6,False,phantom,rifle,,0.2789,0.5056,Sayonara,Team Vitality,sova,True,100,50,1,2,1,7,True,phantom,rifle,,0.7367,0.1778,PROFEK,Team Vitality,astra,True,100,50,1,1,0,7,True,vandal,rifle,,0.7756,0.3767
3182.062,6358,ACTIVE_ROUND,22,11,12,93.000,,,s0pp,FUT Esports,chamber,False,,50,1,8,1,4,False,stinger,smg,,,,xeus,FUT Esports,jett,True,100,25,1,1,1,7,False,vandal,rifle,,0.7411,0.7300,sociablEE,FUT Esports,fade,True,100,25,2,1,0,4,False,sheriff,sidearm,,0.7222,0.7533,yetujey,FUT Esports,astra,True,100,25,1,1,0,6,False,guardian,rifle,,0.3178,0.7544,KROSTALY,FUT Esports,kayo,True,100,50,1,1,1,1,False,sheriff,sidearm,,0.7422,0.7222,Chronicle,Team Vitality,chamber,True,100,50,0,8,1,1,False,outlaw,sniper,,0.1111,0.5578,Derke,Team Vitality,neon,True,100,50,1,1,1,7,True,outlaw,sniper,,0.8378,0.3733,Jamppi,Team Vitality,kayo,True,100,50,1,2,1,6,False,phantom,rifle,,0.2722,0.4989,Sayonara,Team Vitality,sova,True,100,50,1,2,1,7,True,phantom,rifle,,0.1344,0.5333,PROFEK,Team Vitality,astra,True,100,50,1,1,0,7,True,vandal,rifle,,0.7756,0.3767
3182.546,6359,ACTIVE_ROUND,22,11,12,92.000,,,s0pp,FUT Esports,chamber,False,,50,1,8,1,4,False,stinger,smg,,,,xeus,FUT Esports,jett,True,100,25,1,1,1,7,False,vandal,rifle,,0.7300,0.7389,sociablEE,FUT Esports,fade,True,100,25,2,1,0,4,False,sheriff,sidearm,,0.7222,0.7533,yetujey,FUT Esports,astra,True,100,25,1,1,0,6,False,guardian,rifle,,0.3178,0.7544,KROSTALY,FUT Esports,kayo,True,100,50,1,1,1,1,False,sheriff,sidearm,,0.7422,0.7222,Chronicle,Team Vitality,chamber,True,100,50,0,8,1,1,False,outlaw,sniper,,0.1222,0.5511,Derke,Team Vitality,neon,True,100,50,1,1,1,7,True,outlaw,sniper,,0.8178,0.3756,Jamppi,Team Vitality,kayo,True,100,50,1,2,1,6,False,phantom,rifle,,0.2700,0.4989,Sayonara,Team Vitality,sova,True,100,50,1,2,1,7,True,phantom,rifle,,0.1500,0.5333,PROFEK,Team Vitality,astra,True,100,50,1,1,0,7,True,vandal,rifle,,0.7756,0.3767
3183.030,6360,ACTIVE_ROUND,22,11,12,92.000,,,s0pp,FUT Esports,chamber,False,,50,1,8,1,4,False,stinger,smg,,,,xeus,FUT Esports,jett,True,100,25,1,1,1,7,False,vandal,rifle,,0.7233,0.7500,sociablEE,FUT Esports,fade,True,100,25,2,1,0,4,False,sheriff,sidearm,,0.7222,0.7533,yetujey,FUT Esports,astra,True,100,25,1,1,0,6,False,guardian,rifle,,0.3267,0.7256,KROSTALY,FUT Esports,kayo,True,100,50,1,1,1,1,False,sheriff,sidearm,,0.6289,0.8022,Chronicle,Team Vitality,chamber,True,100,50,0,8,1,1,False,outlaw,sniper,,0.1200,0.5533,Derke,Team Vitality,neon,True,100,50,1,0,1,7,True,outlaw,sniper,,0.8067,0.3778,Jamppi,Team Vitality,kayo,True,100,50,1,2,1,6,False,phantom,rifle,,0.2789,0.5100,Sayonara,Team Vitality,sova,True,100,50,1,2,1,7,True,phantom,rifle,,0.7344,0.1778,PROFEK,Team Vitality,astra,True,100,50,0,1,0,7,True,vandal,rifle,,0.7756,0.3767
3183.514,6361,ACTIVE_ROUND,22,11,12,91.000,,,s0pp,FUT Esports,chamber,False,,50,1,8,1,4,False,stinger,smg,,,,xeus,FUT Esports,jett,True,100,25,1,1,1,7,False,vandal,rifle,,0.7167,0.7767,sociablEE,FUT Esports,fade,True,100,25,2,1,0,4,False,sheriff,sidearm,,0.7222,0.7533,yetujey,FUT Esports,astra,True,100,25,1,1,0,6,False,guardian,rifle,,0.3267,0.7256,KROSTALY,FUT Esports,kayo,True,100,50,1,1,1,1,False,sheriff,sidearm,,0.6156,0.8067,Chronicle,Team Vitality,chamber,True,100,50,0,8,1,1,False,outlaw,sniper,,0.1222,0.5511,Derke,Team Vitality,neon,True,100,50,1,0,1,7,True,outlaw,sniper,,0.8067,0.3778,Jamppi,Team Vitality,kayo,True,100,50,1,2,1,6,False,phantom,rifle,,0.2811,0.5011,Sayonara,Team Vitality,sova,True,100,50,1,2,1,7,True,phantom,rifle,,0.1544,0.5400,PROFEK,Team Vitality,astra,True,100,50,0,1,0,7,True,vandal,rifle,,0.7756,0.3767
3183.997,6362,ACTIVE_ROUND,22,11,12,91.000,,,s0pp,FUT Esports,chamber,False,,50,1,8,1,4,False,stinger,smg,,,,xeus,FUT Esports,jett,True,100,25,1,1,1,7,False,vandal,rifle,,0.8522,0.5767,sociablEE,FUT Esports,fade,True,100,25,2,1,0,4,False,sheriff,sidearm,,0.7222,0.7533,yetujey,FUT Esports,astra,True,100,25,1,1,0,6,False,guardian,rifle,,0.3267,0.7256,KROSTALY,FUT Esports,kayo,True,100,50,1,1,1,1,False,sheriff,sidearm,,0.6156,0.8067,Chronicle,Team Vitality,chamber,True,100,50,0,8,1,1,False,outlaw,sniper,,0.1222,0.5511,Derke,Team Vitality,neon,True,100,50,1,0,1,7,True,outlaw,sniper,,0.8067,0.3778,Jamppi,Team Vitality,kayo,True,100,50,1,2,1,6,False,phantom,rifle,,0.2722,0.5011,Sayonara,Team Vitality,sova,True,100,50,1,2,1,7,True,phantom,rifle,,0.1500,0.5333,PROFEK,Team Vitality,astra,True,100,50,0,1,0,7,True,vandal,rifle,,0.7756,0.3767
3184.481,6363,ACTIVE_ROUND,22,11,12,90.000,,,s0pp,FUT Esports,chamber,False,,50,1,8,1,4,False,stinger,smg,,,,xeus,FUT Esports,jett,True,100,25,1,1,1,7,False,vandal,rifle,,0.8678,0.5744,sociablEE,FUT Esports,fade,True,100,25,2,1,0,4,False,sheriff,sidearm,,0.7222,0.7533,yetujey,FUT Esports,astra,True,100,25,1,1,0,6,False,guardian,rifle,,0.3267,0.7256,KROSTALY,FUT Esports,kayo,True,100,50,1,1,1,1,False,sheriff,sidearm,,0.6156,0.8067,Chronicle,Team Vitality,chamber,True,100,50,0,8,1,1,False,outlaw,sniper,,0.1111,0.5578,Derke,Team Vitality,neon,True,100,50,1,0,1,7,True,outlaw,sniper,,0.8067,0.3778,Jamppi,Team Vitality,kayo,True,100,50,1,2,1,6,False,phantom,rifle,,0.7900,0.4078,Sayonara,Team Vitality,sova,True,100,50,1,2,1,7,True,phantom,rifle,,0.1500,0.5333,PROFEK,Team Vitality,astra,True,100,50,0,1,0,7,True,vandal,rifle,,0.8289,0.3100
3184.965,6364,ACTIVE_ROUND,22,11,12,90.000,,,s0pp,FUT Esports,chamber,False,,50,1,8,1,4,False,stinger,smg,,,,xeus,FUT Esports,jett,True,100,25,1,1,1,7,False,vandal,rifle,,0.6433,0.6611,sociablEE,FUT Esports,fade,True,100,25,2,1,0,4,False,sheriff,sidearm,,0.7222,0.7533,yetujey,FUT Esports,astra,True,100,25,1,1,0,6,False,guardian,rifle,,0.3267,0.7256,KROSTALY,FUT Esports,kayo,True,100,50,1,1,1,1,False,sheriff,sidearm,,0.6156,0.8067,Chronicle,Team Vitality,chamber,True,100,50,0,8,1,1,False,outlaw,sniper,,0.1111,0.5578,Derke,Team Vitality,neon,True,100,50,1,0,1,7,True,outlaw,sniper,,0.8067,0.3778,Jamppi,Team Vitality,kayo,True,100,50,1,2,1,6,False,phantom,rifle,,0.2744,0.5056,Sayonara,Team Vitality,sova,True,100,50,1,2,1,7,True,phantom,rifle,,0.6967,0.1778,PROFEK,Team Vitality,astra,True,100,50,1,1,0,7,True,vandal,rifle,,0.8511,0.3033
3185.449,6365,ACTIVE_ROUND,22,11,12,89.000,,,s0pp,FUT Esports,chamber,False,,50,1,8,1,4,False,stinger,smg,,,,xeus,FUT Esports,jett,True,100,25,1,1,1,7,False,vandal,rifle,,0.6833,0.7456,sociablEE,FUT Esports,fade,True,100,25,2,1,0,4,False,sheriff,sidearm,,0.7222,0.7533,yetujey,FUT Esports,astra,True,100,25,1,1,0,6,False,guardian,rifle,,0.3267,0.7256,KROSTALY,FUT Esports,kayo,True,100,50,1,1,1,1,False,sheriff,sidearm,,0.6156,0.8067,Chronicle,Team Vitality,chamber,True,100,50,0,8,1,1,False,outlaw,sniper,,0.1111,0.5578,Derke,Team Vitality,neon,True,100,50,1,0,1,7,True,outlaw,sniper,,0.8067,0.3778,Jamppi,Team Vitality,kayo,True,100,50,1,2,1,6,False,phantom,rifle,,0.2744,0.5056,Sayonara,Team Vitality,sova,True,100,50,1,2,1,7,True,phantom,rifle,,0.6878,0.1778,PROFEK,Team Vitality,astra,True,100,50,1,1,0,7,True,vandal,rifle,,0.8511,0.3033
3185.933,6366,ACTIVE_ROUND,22,11,12,89.000,,,s0pp,FUT Esports,chamber,False,,50,1,8,1,4,False,stinger,smg,,,,xeus,FUT Esports,jett,True,100,25,1,1,1,7,False,vandal,rifle,,0.7522,0.1900,sociablEE,FUT Esports,fade,True,100,25,2,1,0,4,False,sheriff,sidearm,,0.7222,0.7533,yetujey,FUT Esports,astra,True,100,25,1,1,0,6,False,guardian,rifle,,0.3267,0.7256,KROSTALY,FUT Esports,kayo,True,100,50,1,1,1,1,False,sheriff,sidearm,,0.6156,0.8067,Chronicle,Team Vitality,chamber,True,100,50,0,8,1,1,False,outlaw,sniper,,0.1111,0.5578,Derke,Team Vitality,neon,True,100,50,1,0,1,7,True,outlaw,sniper,,0.8067,0.3778,Jamppi,Team Vitality,kayo,True,100,50,1,2,1,6,False,phantom,rifle,,0.2744,0.5056,Sayonara,Team Vitality,sova,True,100,50,1,2,1,7,True,phantom,rifle,,0.6700,0.1733,PROFEK,Team Vitality,astra,True,100,50,1,1,0,7,True,vandal,rifle,,0.8889,0.3033
3186.417,6367,ACTIVE_ROUND,22,11,12,88.000,,,s0pp,FUT Esports,chamber,False,,50,1,8,1,4,False,stinger,smg,,,,xeus,FUT Esports,jett,True,100,25,1,1,1,7,False,vandal,rifle,,0.6656,0.7322,sociablEE,FUT Esports,fade,True,100,25,2,1,0,4,False,sheriff,sidearm,,0.7222,0.7533,yetujey,FUT Esports,astra,True,100,25,1,1,0,6,False,guardian,rifle,,0.3267,0.7256,KROSTALY,FUT Esports,kayo,True,100,50,1,1,1,1,False,sheriff,sidearm,,0.6156,0.8067,Chronicle,Team Vitality,chamber,True,100,50,0,8,1,1,False,outlaw,sniper,,0.1111,0.5578,Derke,Team Vitality,neon,True,100,50,1,0,1,7,True,outlaw,sniper,,0.8067,0.3778,Jamppi,Team Vitality,kayo,True,100,50,1,2,1,6,False,phantom,rifle,,0.2744,0.5078,Sayonara,Team Vitality,sova,True,100,50,1,2,1,7,True,phantom,rifle,,0.6411,0.1622,PROFEK,Team Vitality,astra,True,100,50,1,1,0,7,True,vandal,rifle,,0.8933,0.3167
3186.900,6368,ACTIVE_ROUND,22,11,12,88.000,,,s0pp,FUT Esports,chamber,False,,50,1,8,1,4,False,stinger,smg,,,,xeus,FUT Esports,jett,True,100,25,1,1,1,7,False,vandal,rifle,,0.6544,0.7278,sociablEE,FUT Esports,fade,True,100,25,2,1,0,4,False,sheriff,sidearm,,0.7222,0.7533,yetujey,FUT Esports,astra,True,100,25,1,1,0,6,False,guardian,rifle,,0.3267,0.7256,KROSTALY,FUT Esports,kayo,True,100,50,1,1,1,1,False,sheriff,sidearm,,0.6156,0.8067,Chronicle,Team Vitality,chamber,True,100,50,0,8,1,1,False,outlaw,sniper,,0.1111,0.5578,Derke,Team Vitality,neon,True,100,50,1,0,1,7,True,outlaw,sniper,,0.8067,0.3778,Jamppi,Team Vitality,kayo,True,100,50,1,2,1,6,False,phantom,rifle,,0.2744,0.5056,Sayonara,Team Vitality,sova,True,100,50,1,2,1,7,True,phantom,rifle,,0.6433,0.1778,PROFEK,Team Vitality,astra,True,100,50,1,1,0,7,True,vandal,rifle,,0.8911,0.3278
3187.384,6369,ACTIVE_ROUND,22,11,12,87.000,,,s0pp,FUT Esports,chamber,False,,50,1,8,1,4,False,stinger,smg,,,,xeus,FUT Esports,jett,True,100,25,1,1,1,7,False,vandal,rifle,,0.6478,0.7300,sociablEE,FUT Esports,fade,True,100,25,2,1,0,4,False,sheriff,sidearm,,0.7222,0.7533,yetujey,FUT Esports,astra,True,100,25,1,1,0,6,False,guardian,rifle,,0.3267,0.7256,KROSTALY,FUT Esports,kayo,True,100,50,1,1,1,1,False,sheriff,sidearm,,0.6156,0.8067,Chronicle,Team Vitality,chamber,True,100,50,0,8,1,1,False,outlaw,sniper,,0.1111,0.5578,Derke,Team Vitality,neon,True,100,50,1,0,1,7,True,outlaw,sniper,,0.8067,0.3778,Jamppi,Team Vitality,kayo,True,100,50,1,2,1,6,False,phantom,rifle,,0.2744,0.5056,Sayonara,Team Vitality,sova,True,100,50,1,2,1,7,True,phantom,rifle,,0.6300,0.1756,PROFEK,Team Vitality,astra,True,100,50,1,1,0,7,True,vandal,rifle,,0.8911,0.3344
3187.868,6370,ACTIVE_ROUND,22,11,12,87.000,,,s0pp,FUT Esports,chamber,False,,50,1,8,1,4,False,stinger,smg,,,,xeus,FUT Esports,jett,True,100,25,1,1,1,7,False,vandal,rifle,,0.6389,0.9256,sociablEE,FUT Esports,fade,True,100,25,2,1,0,4,False,sheriff,sidearm,,0.7222,0.7533,yetujey,FUT Esports,astra,True,100,25,1,1,0,6,False,guardian,rifle,,0.3267,0.7256,KROSTALY,FUT Esports,kayo,True,100,50,1,1,1,1,False,sheriff,sidearm,,0.6156,0.8067,Chronicle,Team Vitality,chamber,True,100,50,0,8,1,1,False,outlaw,sniper,,0.1111,0.5578,Derke,Team Vitality,neon,True,100,50,1,0,1,7,True,outlaw,sniper,,0.8067,0.3778,Jamppi,Team Vitality,kayo,True,100,50,1,2,1,6,False,phantom,rifle,,0.2744,0.5033,Sayonara,Team Vitality,sova,True,100,50,1,2,1,7,True,phantom,rifle,,0.8944,0.3089,PROFEK,Team Vitality,astra,True,100,50,1,1,0,7,True,vandal,rifle,,0.8911,0.3344
3188.352,6371,ACTIVE_ROUND,22,11,12,86.000,,,s0pp,FUT Esports,chamber,False,,50,1,8,1,4,False,stinger,smg,,,,xeus,FUT Esports,jett,True,100,25,1,1,1,7,False,vandal,rifle,,0.6367,0.7167,sociablEE,FUT Esports,fade,True,100,25,2,1,0,4,False,sheriff,sidearm,,0.7222,0.7533,yetujey,FUT Esports,astra,True,100,25,1,1,0,6,False,guardian,rifle,,0.3267,0.7256,KROSTALY,FUT Esports,kayo,True,100,50,1,1,1,1,False,sheriff,sidearm,,0.6156,0.8067,Chronicle,Team Vitality,chamber,True,100,50,0,8,1,1,False,outlaw,sniper,,0.1111,0.5578,Derke,Team Vitality,neon,True,100,50,1,0,1,7,True,outlaw,sniper,,0.8067,0.3778,Jamppi,Team Vitality,kayo,True,100,50,1,2,1,6,False,phantom,rifle,,0.2744,0.5078,Sayonara,Team Vitality,sova,True,100,50,1,2,1,7,True,phantom,rifle,,0.8967,0.3133,PROFEK,Team Vitality,astra,True,100,50,1,1,0,7,True,vandal,rifle,,0.8911,0.3344
3188.836,6372,ACTIVE_ROUND,22,11,12,86.000,,,s0pp,FUT Esports,chamber,False,,50,1,8,1,4,False,stinger,smg,,,,xeus,FUT Esports,jett,True,100,25,1,1,1,7,False,vandal,rifle,,0.6300,0.7144,sociablEE,FUT Esports,fade,True,100,25,2,1,0,4,False,sheriff,sidearm,,0.7222,0.7533,yetujey,FUT Esports,astra,True,100,25,1,1,0,6,False,guardian,rifle,,0.3267,0.7256,KROSTALY,FUT Esports,kayo,True,100,50,1,1,1,1,False,sheriff,sidearm,,0.4644,0.8067,Chronicle,Team Vitality,chamber,True,100,50,0,8,1,1,False,outlaw,sniper,,0.1111,0.5578,Derke,Team Vitality,neon,True,100,50,1,0,1,7,True,outlaw,sniper,,0.8067,0.3778,Jamppi,Team Vitality,kayo,True,100,50,1,2,1,6,False,phantom,rifle,,0.2767,0.5033,Sayonara,Team Vitality,sova,True,100,50,1,2,1,7,True,phantom,rifle,,0.6256,0.1756,PROFEK,Team Vitality,astra,True,100,50,1,1,0,7,True,vandal,rifle,,0.8911,0.3344
3189.319,6373,ACTIVE_ROUND,22,11,12,85.000,,,s0pp,FUT Esports,chamber,False,,50,1,8,1,4,False,stinger,smg,,,,xeus,FUT Esports,jett,True,100,25,1,1,1,7,False,vandal,rifle,,0.6233,0.7122,sociablEE,FUT Esports,fade,True,100,25,2,1,0,4,False,sheriff,sidearm,,0.6111,0.6711,yetujey,FUT Esports,astra,True,100,25,1,1,0,6,False,guardian,rifle,,0.3267,0.7256,KROSTALY,FUT Esports,kayo,True,100,50,1,1,1,1,False,sheriff,sidearm,,0.4644,0.8067,Chronicle,Team Vitality,chamber,True,100,50,0,8,1,1,False,outlaw,sniper,,0.1111,0.5578,Derke,Team Vitality,neon,True,100,50,1,0,1,7,True,outlaw,sniper,,0.8067,0.3778,Jamppi,Team Vitality,kayo,True,100,50,1,2,1,6,False,phantom,rifle,,0.2722,0.4967,Sayonara,Team Vitality,sova,True,100,50,1,2,1,7,True,phantom,rifle,,0.6233,0.1778,PROFEK,Team Vitality,astra,True,100,50,1,1,0,7,True,vandal,rifle,,0.8911,0.3344
3189.803,6374,ACTIVE_ROUND,22,11,12,85.000,,,s0pp,FUT Esports,chamber,False,,50,1,8,1,4,False,stinger,smg,,,,xeus,FUT Esports,jett,True,100,25,1,1,1,7,False,vandal,rifle,,0.6167,0.7011,sociablEE,FUT Esports,fade,True,100,25,2,1,0,4,False,sheriff,sidearm,,0.6067,0.6600,yetujey,FUT Esports,astra,True,100,25,1,1,0,6,False,guardian,rifle,,0.3267,0.7256,KROSTALY,FUT Esports,kayo,True,100,50,1,1,1,1,False,sheriff,sidearm,,0.4511,0.7844,Chronicle,Team Vitality,chamber,True,100,50,0,8,1,1,False,outlaw,sniper,,0.1111,0.5578,Derke,Team Vitality,neon,True,100,50,1,0,1,7,True,outlaw,sniper,,0.8067,0.3778,Jamppi,Team Vitality,kayo,True,100,50,1,2,1,6,False,phantom,rifle,,0.2722,0.5011,Sayonara,Team Vitality,sova,True,100,50,1,2,1,7,True,phantom,rifle,,0.8944,0.3133,PROFEK,Team Vitality,astra,True,100,50,1,1,0,7,True,vandal,rifle,,0.8911,0.3344
3190.287,6375,ACTIVE_ROUND,22,11,12,84.000,,,s0pp,FUT Esports,chamber,False,,50,1,8,1,4,False,stinger,smg,,,,xeus,FUT Esports,jett,True,100,25,1,1,1,7,False,vandal,rifle,,0.6100,0.6922,sociablEE,FUT Esports,fade,True,100,25,2,1,0,4,False,sheriff,sidearm,,0.6022,0.6511,yetujey,FUT Esports,astra,True,100,25,1,1,0,6,False,guardian,rifle,,0.3267,0.7256,KROSTALY,FUT Esports,kayo,True,100,50,1,1,1,1,False,sheriff,sidearm,,0.4467,0.7689,Chronicle,Team Vitality,chamber,True,100,50,0,8,1,1,False,outlaw,sniper,,0.1111,0.5578,Derke,Team Vitality,neon,True,100,50,1,0,1,7,True,outlaw,sniper,,0.8067,0.3778,Jamppi,Team Vitality,kayo,True,100,50,1,2,1,6,False,phantom,rifle,,0.2744,0.4989,Sayonara,Team Vitality,sova,True,100,50,1,2,1,7,True,phantom,rifle,,0.8944,0.3133,PROFEK,Team Vitality,astra,True,100,50,1,1,0,7,True,vandal,rifle,,0.8911,0.3344
3190.771,6376,ACTIVE_ROUND,22,11,12,84.000,,,s0pp,FUT Esports,chamber,False,,50,1,8,1,4,False,stinger,smg,,,,xeus,FUT Esports,jett,True,100,25,1,1,1,7,False,vandal,rifle,,0.6056,0.6833,sociablEE,FUT Esports,fade,True,100,25,2,1,0,4,False,sheriff,sidearm,,0.6022,0.6511,yetujey,FUT Esports,astra,True,100,25,1,1,0,6,False,guardian,rifle,,0.3267,0.7256,KROSTALY,FUT Esports,kayo,True,100,50,1,1,1,1,False,sheriff,sidearm,,0.4467,0.7556,Chronicle,Team Vitality,chamber,True,100,50,0,8,1,1,False,outlaw,sniper,,0.1111,0.5578,Derke,Team Vitality,neon,True,100,50,1,0,1,7,True,outlaw,sniper,,0.8067,0.3778,Jamppi,Team Vitality,kayo,True,100,50,1,2,1,6,False,phantom,rifle,,0.2700,0.4989,Sayonara,Team Vitality,sova,True,100,50,1,2,1,7,True,phantom,rifle,,0.9033,0.5244,PROFEK,Team Vitality,astra,True,100,50,1,1,0,7,True,vandal,rifle,,0.8911,0.3344
3191.255,6377,ACTIVE_ROUND,22,11,12,84.000,,,s0pp,FUT Esports,chamber,False,,50,1,8,1,4,False,stinger,smg,,,,xeus,FUT Esports,jett,True,100,25,1,1,1,7,False,vandal,rifle,,0.5989,0.6722,sociablEE,FUT Esports,fade,True,100,25,2,1,0,4,False,sheriff,sidearm,,0.6022,0.6511,yetujey,FUT Esports,astra,True,100,25,1,1,0,6,False,guardian,rifle,,0.3267,0.7256,KROSTALY,FUT Esports,kayo,True,100,50,1,1,1,1,False,sheriff,sidearm,,0.4467,0.7422,Chronicle,Team Vitality,chamber,True,100,50,0,8,1,1,False,outlaw,sniper,,0.1111,0.5578,Derke,Team Vitality,neon,True,100,50,1,0,1,7,True,outlaw,sniper,,0.8067,0.3778,Jamppi,Team Vitality,kayo,True,100,50,1,2,1,6,False,phantom,rifle,,0.8344,0.3233,Sayonara,Team Vitality,sova,True,100,50,1,2,1,7,True,phantom,rifle,,0.9033,0.5244,PROFEK,Team Vitality,astra,True,100,50,1,1,0,7,True,vandal,rifle,,0.8911,0.3344
3191.739,6378,ACTIVE_ROUND,22,11,12,83.000,,,s0pp,FUT Esports,chamber,False,,50,1,8,1,4,False,stinger,smg,,,,xeus,FUT Esports,jett,True,100,25,1,1,1,7,False,vandal,rifle,,0.5944,0.6633,sociablEE,FUT Esports,fade,True,100,25,2,1,0,4,False,sheriff,sidearm,,0.5800,0.6244,yetujey,FUT Esports,astra,True,100,25,1,1,0,6,False,guardian,rifle,,0.3267,0.7256,KROSTALY,FUT Esports,kayo,True,100,50,1,1,1,1,False,sheriff,sidearm,,0.4467,0.7422,Chronicle,Team Vitality,chamber,True,100,50,0,8,1,1,False,outlaw,sniper,,0.1111,0.5578,Derke,Team Vitality,neon,True,100,50,1,0,1,7,True,outlaw,sniper,,0.8067,0.3778,Jamppi,Team Vitality,kayo,True,100,50,1,2,1,6,False,phantom,rifle,,0.2789,0.5078,Sayonara,Team Vitality,sova,True,100,50,1,2,1,7,True,phantom,rifle,,0.9033,0.5244,PROFEK,Team Vitality,astra,True,100,50,1,1,0,7,True,vandal,rifle,,0.8911,0.3344
3192.222,6379,ACTIVE_ROUND,22,11,12,83.000,,,s0pp,FUT Esports,chamber,False,,50,1,8,1,4,False,stinger,smg,,,,xeus,FUT Esports,jett,True,100,25,1,1,1,7,False,vandal,rifle,,0.5878,0.6522,sociablEE,FUT Esports,fade,True,100,25,2,1,0,4,False,sheriff,sidearm,,0.5800,0.6244,yetujey,FUT Esports,astra,True,100,25,1,1,0,6,False,guardian,rifle,,0.3267,0.7256,KROSTALY,FUT Esports,kayo,True,100,50,1,1,1,1,False,sheriff,sidearm,,0.4467,0.7422,Chronicle,Team Vitality,chamber,True,100,50,0,8,1,1,False,outlaw,sniper,,0.1111,0.5578,Derke,Team Vitality,neon,True,100,50,1,0,1,7,True,outlaw,sniper,,0.8067,0.3778,Jamppi,Team Vitality,kayo,True,100,50,1,2,1,6,False,phantom,rifle,,0.2744,0.4967,Sayonara,Team Vitality,sova,True,100,50,1,2,1,7,True,phantom,rifle,,0.9033,0.5244,PROFEK,Team Vitality,astra,True,100,50,1,1,0,7,True,vandal,rifle,,0.8911,0.3344
3192.706,6380,ACTIVE_ROUND,22,11,12,82.000,,,s0pp,FUT Esports,chamber,False,,50,1,8,1,4,False,stinger,smg,,,,xeus,FUT Esports,jett,True,100,25,1,1,1,7,False,vandal,rifle,,0.5811,0.6433,sociablEE,FUT Esports,fade,True,100,25,2,1,0,4,False,sheriff,sidearm,,0.5800,0.6244,yetujey,FUT Esports,astra,True,100,25,1,1,0,6,False,classic,sidearm,,0.3244,0.7344,KROSTALY,FUT Esports,kayo,True,100,50,1,1,1,1,False,sheriff,sidearm,,0.4467,0.7422,Chronicle,Team Vitality,chamber,True,100,50,0,8,1,1,False,outlaw,sniper,,0.1111,0.5578,Derke,Team Vitality,neon,True,100,50,1,0,1,7,True,outlaw,sniper,,0.8067,0.3778,Jamppi,Team Vitality,kayo,True,100,50,1,2,1,6,False,phantom,rifle,,0.2700,0.4944,Sayonara,Team Vitality,sova,True,100,50,1,2,1,7,True,phantom,rifle,,0.9033,0.5244,PROFEK,Team Vitality,astra,True,100,50,1,1,0,7,True,vandal,rifle,,0.8911,0.3344
3193.190,6381,ACTIVE_ROUND,22,11,12,82.000,,,s0pp,FUT Esports,chamber,False,,50,1,8,1,4,False,stinger,smg,,,,xeus,FUT Esports,jett,True,100,25,1,1,1,7,False,vandal,rifle,,0.5744,0.6344,sociablEE,FUT Esports,fade,True,100,25,2,1,0,4,False,sheriff,sidearm,,0.5800,0.6244,yetujey,FUT Esports,astra,True,100,25,1,1,0,6,False,classic,sidearm,,0.3222,0.7433,KROSTALY,FUT Esports,kayo,True,100,50,1,1,1,1,False,sheriff,sidearm,,0.4467,0.7422,Chronicle,Team Vitality,chamber,True,100,50,0,8,1,1,False,outlaw,sniper,,0.1111,0.5578,Derke,Team Vitality,neon,True,100,50,1,0,1,7,True,outlaw,sniper,,0.8067,0.3778,Jamppi,Team Vitality,kayo,True,100,50,1,2,1,6,False,phantom,rifle,,0.2744,0.5056,Sayonara,Team Vitality,sova,True,100,50,1,2,1,7,True,phantom,rifle,,0.9033,0.5244,PROFEK,Team Vitality,astra,True,100,50,1,1,0,7,True,vandal,rifle,,0.8911,0.3344
3193.674,6382,ACTIVE_ROUND,22,11,12,81.000,,,s0pp,FUT Esports,chamber,False,,50,1,8,1,4,False,stinger,smg,,,,xeus,FUT Esports,jett,True,100,25,1,1,1,7,False,vandal,rifle,,0.5700,0.6233,sociablEE,FUT Esports,fade,True,100,25,2,1,0,4,False,sheriff,sidearm,,0.5800,0.6244,yetujey,FUT Esports,astra,True,100,25,1,1,0,6,False,classic,sidearm,,0.3178,0.7500,KROSTALY,FUT Esports,kayo,True,100,50,1,1,1,1,False,sheriff,sidearm,,0.4467,0.7422,Chronicle,Team Vitality,chamber,True,100,50,0,8,1,1,False,outlaw,sniper,,0.1111,0.5578,Derke,Team Vitality,neon,True,100,50,1,0,1,7,True,outlaw,sniper,,0.8067,0.3778,Jamppi,Team Vitality,kayo,True,100,50,1,2,1,6,False,phantom,rifle,,0.2833,0.5033,Sayonara,Team Vitality,sova,True,100,50,1,2,1,7,True,phantom,rifle,,0.8833,0.3089,PROFEK,Team Vitality,astra,True,100,50,1,1,0,7,True,vandal,rifle,,0.8911,0.3367
3194.158,6383,ACTIVE_ROUND,22,11,12,81.000,,,s0pp,FUT Esports,chamber,False,,50,1,8,1,4,False,stinger,smg,,,,xeus,FUT Esports,jett,True,100,25,1,1,1,7,False,vandal,rifle,,0.5656,0.6211,sociablEE,FUT Esports,fade,True,100,25,2,1,0,4,False,sheriff,sidearm,,0.5800,0.6244,yetujey,FUT Esports,astra,True,100,25,1,1,0,6,False,classic,sidearm,,0.3133,0.7611,KROSTALY,FUT Esports,kayo,True,100,50,1,1,1,1,False,sheriff,sidearm,,0.4467,0.7422,Chronicle,Team Vitality,chamber,True,100,50,0,8,1,1,False,outlaw,sniper,,0.1111,0.5578,Derke,Team Vitality,neon,True,100,50,1,0,1,7,True,outlaw,sniper,,0.8067,0.3778,Jamppi,Team Vitality,kayo,True,100,50,1,2,1,6,False,phantom,rifle,,0.2722,0.4989,Sayonara,Team Vitality,sova,True,100,50,1,2,1,7,True,phantom,rifle,,0.8789,0.3022,PROFEK,Team Vitality,astra,True,100,50,1,1,0,7,True,vandal,rifle,,0.8911,0.3344
3194.641,6384,ACTIVE_ROUND,22,11,12,80.000,,,s0pp,FUT Esports,chamber,False,,50,1,8,1,4,False,stinger,smg,,,,xeus,FUT Esports,jett,True,100,25,1,1,1,7,False,vandal,rifle,,0.5611,0.6167,sociablEE,FUT Esports,fade,True,100,25,2,1,0,4,False,sheriff,sidearm,,0.5600,0.5733,yetujey,FUT Esports,astra,True,100,25,1,1,0,6,False,guardian,rifle,,0.3089,0.7700,KROSTALY,FUT Esports,kayo,True,100,50,1,1,1,1,False,sheriff,sidearm,,0.4467,0.7422,Chronicle,Team Vitality,chamber,True,100,50,0,8,1,1,False,outlaw,sniper,,0.1111,0.5578,Derke,Team Vitality,neon,True,100,50,1,0,1,7,True,outlaw,sniper,,0.8067,0.3778,Jamppi,Team Vitality,kayo,True,100,50,1,2,1,6,False,phantom,rifle,,0.2700,0.4967,Sayonara,Team Vitality,sova,True,100,50,1,2,1,7,True,phantom,rifle,,0.8789,0.3022,PROFEK,Team Vitality,astra,True,100,50,1,1,0,7,True,vandal,rifle,,0.8911,0.3344
3195.125,6385,ACTIVE_ROUND,22,11,12,80.000,,,s0pp,FUT Esports,chamber,False,,50,1,8,1,4,False,stinger,smg,,,,xeus,FUT Esports,jett,True,100,25,1,1,1,7,False,vandal,rifle,,0.5589,0.6078,sociablEE,FUT Esports,fade,True,100,25,2,1,0,4,False,sheriff,sidearm,,0.5578,0.5711,yetujey,FUT Esports,astra,True,100,25,1,1,0,6,False,guardian,rifle,,0.3089,0.7700,KROSTALY,FUT Esports,kayo,True,100,50,1,1,1,1,False,sheriff,sidearm,,0.4467,0.7422,Chronicle,Team Vitality,chamber,True,100,50,0,8,1,1,False,outlaw,sniper,,0.1111,0.5578,Derke,Team Vitality,neon,True,100,50,1,0,1,7,True,outlaw,sniper,,0.8067,0.3778,Jamppi,Team Vitality,kayo,True,100,50,1,2,1,6,False,phantom,rifle,,0.2722,0.5078,Sayonara,Team Vitality,sova,True,100,50,1,2,1,7,True,phantom,rifle,,0.8789,0.3022,PROFEK,Team Vitality,astra,True,100,50,1,1,0,7,True,vandal,rifle,,0.8911,0.3344
3195.609,6386,ACTIVE_ROUND,22,11,12,79.000,,,s0pp,FUT Esports,chamber,False,,50,1,8,1,4,False,stinger,smg,,,,xeus,FUT Esports,jett,True,100,25,1,1,1,7,False,vandal,rifle,,0.4989,0.5656,sociablEE,FUT Esports,fade,True,100,25,2,1,0,4,False,sheriff,sidearm,,0.5578,0.5711,yetujey,FUT Esports,astra,True,100,25,1,1,0,6,False,guardian,rifle,,0.3089,0.7700,KROSTALY,FUT Esports,kayo,True,100,50,1,1,1,1,False,sheriff,sidearm,,0.4467,0.7422,Chronicle,Team Vitality,chamber,True,100,50,0,8,1,1,False,outlaw,sniper,,0.1111,0.5578,Derke,Team Vitality,neon,True,100,50,1,0,1,7,True,outlaw,sniper,,0.8067,0.3778,Jamppi,Team Vitality,kayo,True,100,50,1,2,1,6,False,phantom,rifle,,0.2789,0.5011,Sayonara,Team Vitality,sova,True,100,50,1,2,1,7,True,phantom,rifle,,0.8878,0.2956,PROFEK,Team Vitality,astra,True,100,50,1,1,0,7,True,vandal,rifle,,0.8911,0.3322
3196.093,6387,ACTIVE_ROUND,22,11,12,79.000,,,s0pp,FUT Esports,chamber,False,,50,1,8,1,4,False,stinger,smg,,,,xeus,FUT Esports,jett,True,100,25,1,1,1,7,False,vandal,rifle,,0.5433,0.4900,sociablEE,FUT Esports,fade,True,100,25,2,1,0,4,False,sheriff,sidearm,,0.5333,0.5356,yetujey,FUT Esports,astra,True,100,25,1,1,0,6,False,guardian,rifle,,0.3089,0.7700,KROSTALY,FUT Esports,kayo,True,100,50,1,1,1,1,False,sheriff,sidearm,,0.4467,0.7422,Chronicle,Team Vitality,chamber,True,100,50,0,8,1,1,False,outlaw,sniper,,0.1111,0.5578,Derke,Team Vitality,neon,True,100,50,1,0,1,7,True,outlaw,sniper,,0.8067,0.3778,Jamppi,Team Vitality,kayo,True,100,50,1,2,1,6,False,phantom,rifle,,0.2722,0.4989,Sayonara,Team Vitality,sova,True,100,50,1,2,1,7,True,phantom,rifle,,0.1256,0.5489,PROFEK,Team Vitality,astra,True,100,50,1,1,0,7,True,vandal,rifle,,0.8911,0.3322
3196.577,6388,ACTIVE_ROUND,22,11,12,78.000,,,s0pp,FUT Esports,chamber,False,,50,1,8,1,4,False,stinger,smg,,,,xeus,FUT Esports,jett,True,100,25,1,1,1,7,False,vandal,rifle,,0.5456,0.4900,sociablEE,FUT Esports,fade,True,100,25,2,1,0,4,False,sheriff,sidearm,,0.5333,0.5356,yetujey,FUT Esports,astra,True,100,25,1,0,0,6,False,guardian,rifle,,0.3089,0.7700,KROSTALY,FUT Esports,kayo,True,100,50,1,1,1,1,False,sheriff,sidearm,,0.4467,0.7422,Chronicle,Team Vitality,chamber,True,100,50,0,8,1,1,False,outlaw,sniper,,0.1111,0.5578,Derke,Team Vitality,neon,True,100,50,1,0,1,7,True,outlaw,sniper,,0.8067,0.3778,Jamppi,Team Vitality,kayo,True,100,50,1,2,1,6,False,phantom,rifle,,0.2700,0.5100,Sayonara,Team Vitality,sova,True,100,50,1,2,1,7,True,phantom,rifle,,0.1256,0.5489,PROFEK,Team Vitality,astra,True,100,50,1,1,0,7,True,vandal,rifle,,0.8911,0.3322
3197.061,6389,ACTIVE_ROUND,22,11,12,78.000,,,s0pp,FUT Esports,chamber,False,,50,1,8,1,4,False,stinger,smg,,,,xeus,FUT Esports,jett,True,100,25,1,1,1,7,False,vandal,rifle,,0.4589,0.4900,sociablEE,FUT Esports,fade,True,100,25,2,1,0,4,False,sheriff,sidearm,,0.5333,0.5356,yetujey,FUT Esports,astra,True,100,25,1,0,0,6,False,guardian,rifle,,0.3089,0.7700,KROSTALY,FUT Esports,kayo,True,100,50,1,1,1,1,False,sheriff,sidearm,,0.4467,0.7422,Chronicle,Team Vitality,chamber,True,100,50,0,8,1,1,False,outlaw,sniper,,0.1111,0.5578,Derke,Team Vitality,neon,True,100,50,1,0,1,7,True,outlaw,sniper,,0.8067,0.3778,Jamppi,Team Vitality,kayo,True,100,50,1,2,1,6,False,phantom,rifle,,0.2700,0.5011,Sayonara,Team Vitality,sova,True,100,50,1,2,1,7,True,phantom,rifle,,0.1256,0.5489,PROFEK,Team Vitality,astra,True,100,50,1,1,0,7,True,vandal,rifle,,0.8911,0.3322
3197.544,6390,ACTIVE_ROUND,22,11,12,77.000,,,s0pp,FUT Esports,chamber,False,,50,1,8,1,4,False,stinger,smg,,,,xeus,FUT Esports,jett,True,100,25,1,1,1,7,False,vandal,rifle,,0.5367,0.5567,sociablEE,FUT Esports,fade,True,100,25,2,1,0,4,False,sheriff,sidearm,,0.5333,0.5356,yetujey,FUT Esports,astra,True,100,25,1,0,0,6,False,guardian,rifle,,0.3089,0.7700,KROSTALY,FUT Esports,kayo,True,100,50,1,1,1,1,False,sheriff,sidearm,,0.4467,0.7422,Chronicle,Team Vitality,chamber,True,100,50,0,8,1,1,False,outlaw,sniper,,0.1111,0.5578,Derke,Team Vitality,neon,True,100,50,1,0,1,7,True,outlaw,sniper,,0.8067,0.3778,Jamppi,Team Vitality,kayo,True,100,50,1,2,1,6,False,phantom,rifle,,0.8322,0.3233,Sayonara,Team Vitality,sova,True,100,50,1,2,1,7,True,phantom,rifle,,0.8833,0.3022,PROFEK,Team Vitality,astra,True,100,50,1,1,0,7,True,vandal,rifle,,0.8911,0.3322
3198.028,6391,ACTIVE_ROUND,22,11,12,77.000,,,s0pp,FUT Esports,chamber,False,,50,1,8,1,4,False,stinger,smg,,,,xeus,FUT Esports,jett,True,100,25,1,1,1,7,False,vandal,rifle,,0.5367,0.5567,sociablEE,FUT Esports,fade,True,100,25,2,1,0,4,False,sheriff,sidearm,,0.5333,0.5356,yetujey,FUT Esports,astra,True,100,25,1,0,0,6,False,guardian,rifle,,0.3089,0.7700,KROSTALY,FUT Esports,kayo,True,100,50,1,1,1,1,False,sheriff,sidearm,,0.5178,0.5889,Chronicle,Team Vitality,chamber,True,100,50,0,8,1,1,False,outlaw,sniper,,0.1111,0.5578,Derke,Team Vitality,neon,True,100,50,1,0,1,7,True,outlaw,sniper,,0.8067,0.3778,Jamppi,Team Vitality,kayo,True,100,50,1,2,1,6,False,phantom,rifle,,0.2789,0.4944,Sayonara,Team Vitality,sova,True,100,50,1,2,1,7,True,phantom,rifle,,0.8833,0.3022,PROFEK,Team Vitality,astra,True,100,50,1,1,0,7,True,vandal,rifle,,0.8911,0.3322
3198.512,6392,ACTIVE_ROUND,22,11,12,76.000,,,s0pp,FUT Esports,chamber,False,,50,1,8,1,4,False,stinger,smg,,,,xeus,FUT Esports,jett,True,100,25,1,1,1,7,False,vandal,rifle,,0.6389,0.9300,sociablEE,FUT Esports,fade,True,100,25,1,1,0,4,False,sheriff,sidearm,,0.5333,0.5356,yetujey,FUT Esports,astra,True,100,25,1,0,0,6,False,guardian,rifle,,0.3089,0.7700,KROSTALY,FUT Esports,kayo,True,100,50,1,1,1,1,False,sheriff,sidearm,,0.5178,0.5889,Chronicle,Team Vitality,chamber,True,100,50,0,8,1,1,False,outlaw,sniper,,0.1111,0.5578,Derke,Team Vitality,neon,True,100,50,1,0,1,7,True,outlaw,sniper,,0.8067,0.3778,Jamppi,Team Vitality,kayo,True,100,50,1,2,1,6,False,phantom,rifle,,0.2744,0.4922,Sayonara,Team Vitality,sova,True,100,50,1,2,1,7,True,phantom,rifle,,0.8833,0.3022,PROFEK,Team Vitality,astra,True,100,50,1,1,0,7,True,vandal,rifle,,0.8911,0.3322
3198.996,6393,ACTIVE_ROUND,22,11,12,76.000,,,s0pp,FUT Esports,chamber,False,,50,1,8,1,4,False,stinger,smg,,,,xeus,FUT Esports,jett,True,100,25,1,1,1,7,False,vandal,rifle,,0.5233,0.5233,sociablEE,FUT Esports,fade,True,100,25,1,1,0,4,False,sheriff,sidearm,,0.5333,0.5356,yetujey,FUT Esports,astra,True,100,25,1,0,0,6,False,guardian,rifle,,0.3089,0.7700,KROSTALY,FUT Esports,kayo,True,100,50,1,1,1,1,False,sheriff,sidearm,,0.5222,0.5822,Chronicle,Team Vitality,chamber,True,100,50,0,8,1,1,False,outlaw,sniper,,0.1111,0.5578,Derke,Team Vitality,neon,True,100,50,1,0,1,7,True,outlaw,sniper,,0.8067,0.3778,Jamppi,Team Vitality,kayo,True,100,50,1,2,1,6,False,phantom,rifle,,0.2744,0.4922,Sayonara,Team Vitality,sova,True,100,50,1,2,1,7,True,phantom,rifle,,0.1233,0.5511,PROFEK,Team Vitality,astra,True,100,50,1,1,0,7,True,vandal,rifle,,0.8911,0.3322
3199.480,6394,ACTIVE_ROUND,22,11,12,75.000,,,s0pp,FUT Esports,chamber,False,,50,1,8,1,4,False,stinger,smg,,,,xeus,FUT Esports,jett,True,100,25,1,1,1,7,False,vandal,rifle,,0.5456,0.5256,sociablEE,FUT Esports,fade,True,100,25,1,1,0,4,False,sheriff,sidearm,,0.5333,0.5356,yetujey,FUT Esports,astra,True,100,25,1,0,0,6,False,guardian,rifle,,0.3089,0.7700,KROSTALY,FUT Esports,kayo,True,100,50,1,1,1,1,False,sheriff,sidearm,,0.5178,0.5889,Chronicle,Team Vitality,chamber,True,100,50,0,8,1,1,False,outlaw,sniper,,0.1111,0.5578,Derke,Team Vitality,neon,True,100,50,1,0,1,7,True,outlaw,sniper,,0.8067,0.3778,Jamppi,Team Vitality,kayo,True,100,50,1,2,1,6,False,phantom,rifle,,0.2744,0.5056,Sayonara,Team Vitality,sova,True,100,50,1,2,1,7,True,phantom,rifle,,0.6411,0.1778,PROFEK,Team Vitality,astra,True,100,50,1,1,0,7,True,vandal,rifle,,0.8911,0.3300
3199.963,6395,ACTIVE_ROUND,22,11,12,75.000,,,s0pp,FUT Esports,chamber,False,,50,1,8,1,4,False,stinger,smg,,,,xeus,FUT Esports,jett,True,100,25,1,1,1,7,False,vandal,rifle,,0.5456,0.5256,sociablEE,FUT Esports,fade,True,100,25,1,1,0,4,False,sheriff,sidearm,,0.5333,0.5356,yetujey,FUT Esports,astra,True,100,25,1,0,0,6,False,guardian,rifle,,0.3089,0.7700,KROSTALY,FUT Esports,kayo,True,100,50,1,1,1,1,False,sheriff,sidearm,,0.5156,0.5978,Chronicle,Team Vitality,chamber,True,100,50,0,8,1,1,False,outlaw,sniper,,0.1111,0.5578,Derke,Team Vitality,neon,True,100,50,1,0,1,7,True,outlaw,sniper,,0.8067,0.3778,Jamppi,Team Vitality,kayo,True,100,50,1,2,1,6,False,phantom,rifle,,0.2744,0.5078,Sayonara,Team Vitality,sova,True,100,50,1,2,1,7,True,phantom,rifle,,0.6433,0.1667,PROFEK,Team Vitality,astra,True,100,50,1,1,0,7,True,vandal,rifle,,0.8911,0.3300
3200.447,6396,ACTIVE_ROUND,22,11,12,74.000,,,s0pp,FUT Esports,chamber,False,,50,1,8,1,4,False,stinger,smg,,,,xeus,FUT Esports,jett,True,100,25,1,1,1,7,False,vandal,rifle,,0.5278,0.5678,sociablEE,FUT Esports,fade,True,100,25,1,1,0,4,False,sheriff,sidearm,,0.5333,0.5356,yetujey,FUT Esports,astra,True,100,25,1,1,0,6,False,guardian,rifle,,0.3089,0.7700,KROSTALY,FUT Esports,kayo,True,100,50,1,1,1,1,False,sheriff,sidearm,,0.5111,0.6044,Chronicle,Team Vitality,chamber,True,100,50,0,8,1,1,False,outlaw,sniper,,0.1111,0.5578,Derke,Team Vitality,neon,True,100,50,1,0,1,7,True,outlaw,sniper,,0.8067,0.3778,Jamppi,Team Vitality,kayo,True,100,50,1,2,0,6,False,phantom,rifle,,0.2744,0.5011,Sayonara,Team Vitality,sova,True,100,50,1,2,1,7,True,phantom,rifle,,0.6433,0.1600,PROFEK,Team Vitality,astra,True,100,50,1,1,0,7,True,vandal,rifle,,0.8911,0.3322
3200.931,6397,ACTIVE_ROUND,22,11,12,74.000,,,s0pp,FUT Esports,chamber,False,,50,1,8,1,4,False,stinger,smg,,,,xeus,FUT Esports,jett,True,100,25,1,1,1,7,False,vandal,rifle,,0.5344,0.5589,sociablEE,FUT Esports,fade,True,100,25,1,1,0,4,False,sheriff,sidearm,,0.5333,0.5356,yetujey,FUT Esports,astra,True,100,25,1,1,0,6,False,guardian,rifle,,0.3089,0.7700,KROSTALY,FUT Esports,kayo,True,100,50,1,1,1,1,False,sheriff,sidearm,,0.5089,0.6133,Chronicle,Team Vitality,chamber,True,100,50,0,8,1,1,False,outlaw,sniper,,0.1111,0.5578,Derke,Team Vitality,neon,True,100,50,1,0,1,7,True,outlaw,sniper,,0.8067,0.3778,Jamppi,Team Vitality,kayo,True,100,50,1,2,0,6,False,phantom,rifle,,0.2744,0.5011,Sayonara,Team Vitality,sova,True,100,50,1,2,1,7,True,phantom,rifle,,0.8967,0.2956,PROFEK,Team Vitality,astra,True,100,50,1,1,0,7,True,vandal,rifle,,0.8911,0.3322
3201.415,6398,ACTIVE_ROUND,22,11,12,73.000,,,s0pp,FUT Esports,chamber,False,,50,1,8,1,4,False,stinger,smg,,,,xeus,FUT Esports,jett,True,100,25,1,1,1,7,False,vandal,rifle,,0.5344,0.5567,sociablEE,FUT Esports,fade,True,100,25,1,1,0,4,False,sheriff,sidearm,,0.5333,0.5356,yetujey,FUT Esports,astra,True,100,25,1,1,0,6,False,guardian,rifle,,0.3089,0.7700,KROSTALY,FUT Esports,kayo,True,100,50,1,1,1,1,False,sheriff,sidearm,,0.5089,0.6133,Chronicle,Team Vitality,chamber,True,100,50,0,8,1,1,False,outlaw,sniper,,0.1111,0.5578,Derke,Team Vitality,neon,True,100,50,1,0,1,7,True,outlaw,sniper,,0.8067,0.3778,Jamppi,Team Vitality,kayo,True,100,50,1,2,0,6,False,phantom,rifle,,0.2744,0.4989,Sayonara,Team Vitality,sova,True,100,50,1,2,1,7,True,phantom,rifle,,0.6411,0.1733,PROFEK,Team Vitality,astra,True,100,50,1,1,0,7,True,vandal,rifle,,0.8911,0.3322
3201.899,6399,ACTIVE_ROUND,22,11,12,73.000,,,s0pp,FUT Esports,chamber,False,,50,1,8,1,4,False,stinger,smg,,,,xeus,FUT Esports,jett,True,100,25,1,1,1,7,False,vandal,rifle,,0.5367,0.5544,sociablEE,FUT Esports,fade,True,100,25,1,1,0,4,False,sheriff,sidearm,,0.5600,0.5867,yetujey,FUT Esports,astra,True,100,25,1,1,0,6,False,guardian,rifle,,0.3089,0.7700,KROSTALY,FUT Esports,kayo,True,100,50,1,1,1,1,False,sheriff,sidearm,,0.5089,0.6133,Chronicle,Team Vitality,chamber,True,100,50,0,8,1,1,False,outlaw,sniper,,0.8933,0.3311,Derke,Team Vitality,neon,True,100,50,1,0,1,7,True,outlaw,sniper,,0.8067,0.3778,Jamppi,Team Vitality,kayo,True,100,50,1,2,0,6,False,phantom,rifle,,0.2744,0.5100,Sayonara,Team Vitality,sova,True,100,50,1,2,1,7,True,phantom,rifle,,0.1233,0.5511,PROFEK,Team Vitality,astra,True,100,50,1,1,0,7,True,vandal,rifle,,0.8911,0.3322
3202.383,6400,ACTIVE_ROUND,22,11,12,72.000,,,s0pp,FUT Esports,chamber,False,,50,1,8,1,4,False,stinger,smg,,,,xeus,FUT Esports,jett,True,100,25,1,1,1,7,False,vandal,rifle,,0.5389,0.5544,sociablEE,FUT Esports,fade,True,100,25,1,1,0,4,False,sheriff,sidearm,,0.5622,0.6089,yetujey,FUT Esports,astra,True,100,25,1,1,0,6,False,guardian,rifle,,0.3156,0.7767,KROSTALY,FUT Esports,kayo,True,100,50,1,1,1,1,False,sheriff,sidearm,,0.5089,0.6133,Chronicle,Team Vitality,chamber,True,100,50,0,8,1,1,False,outlaw,sniper,,0.8933,0.3311,Derke,Team Vitality,neon,True,100,50,1,0,1,7,True,outlaw,sniper,,0.8067,0.3778,Jamppi,Team Vitality,kayo,True,100,50,1,2,0,6,False,phantom,rifle,,0.2722,0.5011,Sayonara,Team Vitality,sova,True,100,50,1,2,1,0,False,phantom,rifle,,0.6033,0.9178,PROFEK,Team Vitality,astra,True,100,50,2,1,0,7,True,vandal,rifle,,0.8933,0.3256
3202.866,6401,ACTIVE_ROUND,22,11,12,72.000,,,s0pp,FUT Esports,chamber,False,,50,1,8,1,4,False,stinger,smg,,,,xeus,FUT Esports,jett,True,100,25,1,1,1,7,False,vandal,rifle,,0.5389,0.5567,sociablEE,FUT Esports,fade,True,100,25,1,1,0,4,False,sheriff,sidearm,,0.5800,0.6244,yetujey,FUT Esports,astra,True,100,25,1,1,0,6,False,guardian,rifle,,0.3244,0.7833,KROSTALY,FUT Esports,kayo,True,100,50,1,1,1,1,False,sheriff,sidearm,,0.5089,0.6133,Chronicle,Team Vitality,chamber,True,100,50,0,8,1,1,False,outlaw,sniper,,0.8933,0.3311,Derke,Team Vitality,neon,True,100,50,1,0,1,7,True,outlaw,sniper,,0.8067,0.3778,Jamppi,Team Vitality,kayo,True,100,50,1,2,0,6,False,phantom,rifle,,0.2722,0.5011,Sayonara,Team Vitality,sova,True,100,50,1,2,1,0,False,phantom,rifle,,0.8833,0.3000,PROFEK,Team Vitality,astra,True,100,50,2,1,0,7,True,vandal,rifle,,0.8933,0.3256
3203.350,6402,ACTIVE_ROUND,22,11,12,71.000,,,s0pp,FUT Esports,chamber,False,,50,1,8,1,4,False,stinger,smg,,,,xeus,FUT Esports,jett,True,100,25,1,1,1,7,False,vandal,rifle,,0.5367,0.5567,sociablEE,FUT Esports,fade,True,100,25,1,1,0,4,False,sheriff,sidearm,,0.6000,0.6333,yetujey,FUT Esports,astra,True,100,25,1,1,0,6,False,guardian,rifle,,0.3244,0.7878,KROSTALY,FUT Esports,kayo,True,100,50,1,1,1,1,False,sheriff,sidearm,,0.5089,0.6133,Chronicle,Team Vitality,chamber,True,100,50,0,8,1,1,False,outlaw,sniper,,0.8933,0.3311,Derke,Team Vitality,neon,True,100,50,1,0,1,7,True,outlaw,sniper,,0.8067,0.3778,Jamppi,Team Vitality,kayo,True,100,50,1,2,0,6,False,phantom,rifle,,0.2833,0.5100,Sayonara,Team Vitality,sova,True,100,50,1,2,1,0,False,phantom,rifle,,0.8989,0.2956,PROFEK,Team Vitality,astra,True,100,50,2,1,0,7,True,vandal,rifle,,0.8933,0.3322
3203.834,6403,ACTIVE_ROUND,22,11,12,71.000,,,s0pp,FUT Esports,chamber,False,,50,1,8,1,4,False,stinger,smg,,,,xeus,FUT Esports,jett,True,100,25,1,1,1,7,False,vandal,rifle,,0.5344,0.5567,sociablEE,FUT Esports,fade,True,100,25,1,1,0,4,False,sheriff,sidearm,,0.6178,0.6444,yetujey,FUT Esports,astra,True,100,25,1,1,0,6,False,guardian,rifle,,0.3178,0.7922,KROSTALY,FUT Esports,kayo,True,100,50,1,1,1,1,False,sheriff,sidearm,,0.5089,0.6133,Chronicle,Team Vitality,chamber,True,100,50,0,8,1,1,False,outlaw,sniper,,0.8933,0.3311,Derke,Team Vitality,neon,True,100,50,1,0,1,7,True,outlaw,sniper,,0.8067,0.3778,Jamppi,Team Vitality,kayo,True,100,50,1,2,0,6,False,phantom,rifle,,0.2900,0.5033,Sayonara,Team Vitality,sova,True,100,50,1,2,1,0,False,phantom,rifle,,0.6144,0.1956,PROFEK,Team Vitality,astra,True,100,50,2,1,0,7,True,vandal,rifle,,0.8933,0.3367
3204.318,6404,ACTIVE_ROUND,22,11,12,70.000,,,s0pp,FUT Esports,chamber,False,,50,1,8,1,4,False,stinger,smg,,,,xeus,FUT Esports,jett,True,100,25,1,1,0,7,False,vandal,rifle,,0.5367,0.5567,sociablEE,FUT Esports,fade,True,100,25,1,1,0,4,False,sheriff,sidearm,,0.6356,0.6533,yetujey,FUT Esports,astra,True,100,25,1,0,0,6,False,classic,sidearm,,0.3111,0.7944,KROSTALY,FUT Esports,kayo,True,100,50,1,1,1,1,False,sheriff,sidearm,,0.5089,0.6133,Chronicle,Team Vitality,chamber,True,100,50,0,8,1,1,False,outlaw,sniper,,0.8933,0.3311,Derke,Team Vitality,neon,True,100,50,1,0,1,7,True,outlaw,sniper,,0.8067,0.3778,Jamppi,Team Vitality,kayo,True,100,50,1,2,0,6,False,phantom,rifle,,0.2856,0.5033,Sayonara,Team Vitality,sova,True,100,50,1,2,1,0,False,phantom,rifle,,0.6167,0.1956,PROFEK,Team Vitality,astra,True,100,50,0,0,0,7,True,vandal,rifle,,0.8933,0.3367
3204.802,6405,ACTIVE_ROUND,22,11,12,70.000,,,s0pp,FUT Esports,chamber,False,,50,1,8,1,4,False,stinger,smg,,,,xeus,FUT Esports,jett,True,100,25,1,1,0,7,False,vandal,rifle,,0.5322,0.5589,sociablEE,FUT Esports,fade,True,100,25,1,1,0,4,False,sheriff,sidearm,,0.6356,0.6533,yetujey,FUT Esports,astra,True,100,25,1,0,0,6,False,classic,sidearm,,0.3111,0.7944,KROSTALY,FUT Esports,kayo,True,100,50,1,1,1,1,False,sheriff,sidearm,,0.5089,0.6133,Chronicle,Team Vitality,chamber,True,100,50,0,8,1,1,False,outlaw,sniper,,0.8933,0.3311,Derke,Team Vitality,neon,True,100,50,1,0,1,7,True,outlaw,sniper,,0.8067,0.3778,Jamppi,Team Vitality,kayo,True,100,50,1,2,0,6,False,phantom,rifle,,0.2856,0.5033,Sayonara,Team Vitality,sova,True,100,50,1,2,1,0,False,phantom,rifle,,0.6167,0.1956,PROFEK,Team Vitality,astra,True,100,50,0,0,0,7,True,vandal,rifle,,0.8933,0.3367
3205.285,6406,ACTIVE_ROUND,22,11,12,69.000,,,s0pp,FUT Esports,chamber,False,,50,1,8,1,4,False,stinger,smg,,,,xeus,FUT Esports,jett,True,100,25,1,1,0,7,False,vandal,rifle,,0.5344,0.5567,sociablEE,FUT Esports,fade,True,100,25,1,1,0,4,False,sheriff,sidearm,,0.6356,0.6533,yetujey,FUT Esports,astra,True,100,25,1,0,0,6,False,classic,sidearm,,0.3111,0.7944,KROSTALY,FUT Esports,kayo,True,100,50,1,1,1,1,False,sheriff,sidearm,,0.5089,0.6133,Chronicle,Team Vitality,chamber,True,100,50,0,8,1,1,False,outlaw,sniper,,0.8933,0.3311,Derke,Team Vitality,neon,True,100,50,1,0,1,7,True,outlaw,sniper,,0.8067,0.3778,Jamppi,Team Vitality,kayo,True,100,50,1,2,0,6,False,phantom,rifle,,0.2833,0.5033,Sayonara,Team Vitality,sova,True,100,50,1,2,1,0,False,phantom,rifle,,0.6189,0.1889,PROFEK,Team Vitality,astra,True,100,50,0,0,0,7,True,vandal,rifle,,0.8933,0.3367
3205.769,6407,ACTIVE_ROUND,22,11,12,69.000,,,s0pp,FUT Esports,chamber,False,,50,1,8,1,4,False,stinger,smg,,,,xeus,FUT Esports,jett,True,100,25,1,1,0,7,False,vandal,rifle,,0.5456,0.5522,sociablEE,FUT Esports,fade,True,100,25,1,1,0,4,False,sheriff,sidearm,,0.6356,0.6533,yetujey,FUT Esports,astra,True,100,25,1,0,0,6,False,classic,sidearm,,0.3111,0.7944,KROSTALY,FUT Esports,kayo,True,100,50,1,1,1,1,False,sheriff,sidearm,,0.5089,0.6133,Chronicle,Team Vitality,chamber,True,100,50,0,8,1,1,False,outlaw,sniper,,0.8933,0.3311,Derke,Team Vitality,neon,True,100,50,1,0,1,7,True,outlaw,sniper,,0.8067,0.3778,Jamppi,Team Vitality,kayo,True,100,50,1,2,0,6,False,phantom,rifle,,0.2922,0.5144,Sayonara,Team Vitality,sova,True,100,50,1,2,1,0,False,phantom,rifle,,0.1233,0.5511,PROFEK,Team Vitality,astra,True,100,50,0,0,0,7,True,vandal,rifle,,0.8933,0.3367
3206.253,6408,ACTIVE_ROUND,22,11,12,69.000,,,s0pp,FUT Esports,chamber,False,,50,1,8,1,4,False,stinger,smg,,,,xeus,FUT Esports,jett,True,100,25,1,1,0,7,False,vandal,rifle,,0.5478,0.5522,sociablEE,FUT Esports,fade,True,100,25,1,1,0,4,False,sheriff,sidearm,,0.6356,0.6533,yetujey,FUT Esports,astra,True,100,25,1,0,0,6,False,guardian,rifle,,0.3111,0.7944,KROSTALY,FUT Esports,kayo,True,100,50,1,1,1,1,False,sheriff,sidearm,,0.5089,0.6133,Chronicle,Team Vitality,chamber,True,100,50,0,8,1,1,False,outlaw,sniper,,0.8933,0.3356,Derke,Team Vitality,neon,True,100,50,1,0,1,7,True,outlaw,sniper,,0.8067,0.3778,Jamppi,Team Vitality,kayo,True,100,50,1,2,0,6,False,phantom,rifle,,0.2944,0.5078,Sayonara,Team Vitality,sova,True,100,50,1,2,1,0,False,phantom,rifle,,0.8811,0.3089,PROFEK,Team Vitality,astra,True,100,50,1,1,0,7,True,vandal,rifle,,0.8933,0.3367
3206.737,6409,ACTIVE_ROUND,22,11,12,68.000,,,s0pp,FUT Esports,chamber,False,,50,1,8,1,4,False,stinger,smg,,,,xeus,FUT Esports,jett,True,100,25,1,1,0,7,False,vandal,rifle,,0.5500,0.5456,sociablEE,FUT Esports,fade,True,100,25,1,1,0,4,False,sheriff,sidearm,,0.6356,0.6533,yetujey,FUT Esports,astra,True,100,25,1,0,0,6,False,guardian,rifle,,0.3111,0.7944,KROSTALY,FUT Esports,kayo,True,100,50,1,1,1,1,False,sheriff,sidearm,,0.5089,0.6133,Chronicle,Team Vitality,chamber,True,100,50,0,8,1,1,False,outlaw,sniper,,0.8933,0.3356,Derke,Team Vitality,neon,True,100,50,1,0,1,7,True,outlaw,sniper,,0.8067,0.3778,Jamppi,Team Vitality,kayo,True,100,50,1,2,0,6,False,phantom,rifle,,0.2878,0.5056,Sayonara,Team Vitality,sova,True,100,50,1,2,1,0,False,phantom,rifle,,0.8811,0.3089,PROFEK,Team Vitality,astra,True,100,50,1,1,0,7,True,vandal,rifle,,0.8933,0.3367
3207.221,6410,ACTIVE_ROUND,22,11,12,68.000,,,s0pp,FUT Esports,chamber,False,,50,1,8,1,4,False,stinger,smg,,,,xeus,FUT Esports,jett,True,100,25,1,1,0,7,False,vandal,rifle,,0.6144,0.5856,sociablEE,FUT Esports,fade,True,100,25,1,1,0,4,False,sheriff,sidearm,,0.6267,0.6244,yetujey,FUT Esports,astra,True,100,25,1,0,0,6,False,guardian,rifle,,0.3111,0.7944,KROSTALY,FUT Esports,kayo,True,100,50,1,1,1,1,False,sheriff,sidearm,,0.5089,0.6133,Chronicle,Team Vitality,chamber,True,100,50,0,8,1,1,False,outlaw,sniper,,0.8933,0.3356,Derke,Team Vitality,neon,True,100,50,1,0,1,7,True,outlaw,sniper,,0.8067,0.3778,Jamppi,Team Vitality,kayo,True,100,50,1,2,0,6,False,phantom,rifle,,0.2789,0.5056,Sayonara,Team Vitality,sova,True,100,50,1,2,1,0,False,phantom,rifle,,0.8833,0.3089,PROFEK,Team Vitality,astra,True,100,50,1,1,0,7,True,vandal,rifle,,0.8933,0.3367
3207.705,6411,ACTIVE_ROUND,22,11,12,67.000,,,s0pp,FUT Esports,chamber,False,,50,1,8,1,4,False,stinger,smg,,,,xeus,FUT Esports,jett,True,100,25,1,1,0,7,False,vandal,rifle,,0.5478,0.5278,sociablEE,FUT Esports,fade,True,100,25,1,1,0,4,False,sheriff,sidearm,,0.6089,0.6244,yetujey,FUT Esports,astra,True,100,25,1,0,0,6,False,guardian,rifle,,0.3111,0.7944,KROSTALY,FUT Esports,kayo,True,100,50,1,1,1,1,False,sheriff,sidearm,,0.5089,0.6133,Chronicle,Team Vitality,chamber,True,100,50,0,8,1,1,False,outlaw,sniper,,0.8933,0.3356,Derke,Team Vitality,neon,True,100,50,1,0,1,7,True,outlaw,sniper,,0.8067,0.3778,Jamppi,Team Vitality,kayo,True,100,50,1,2,0,6,False,phantom,rifle,,0.2833,0.5122,Sayonara,Team Vitality,sova,True,100,50,1,2,1,0,False,phantom,rifle,,0.6122,0.9178,PROFEK,Team Vitality,astra,True,100,50,1,1,0,7,True,vandal,rifle,,0.8933,0.3367
3208.188,6412,ACTIVE_ROUND,22,11,12,67.000,,,s0pp,FUT Esports,chamber,False,,50,1,8,1,4,False,stinger,smg,,,,xeus,FUT Esports,jett,True,100,25,1,1,0,7,False,vandal,rifle,,0.5456,0.5233,sociablEE,FUT Esports,fade,True,100,25,1,1,0,4,False,sheriff,sidearm,,0.5911,0.6222,yetujey,FUT Esports,astra,True,100,25,1,0,0,6,False,guardian,rifle,,0.3111,0.7944,KROSTALY,FUT Esports,kayo,True,100,50,1,1,1,1,False,sheriff,sidearm,,0.5089,0.6133,Chronicle,Team Vitality,chamber,True,100,50,0,8,1,1,False,outlaw,sniper,,0.8933,0.3356,Derke,Team Vitality,neon,True,100,50,1,0,1,7,True,outlaw,sniper,,0.8067,0.3778,Jamppi,Team Vitality,kayo,True,100,50,1,2,0,6,False,phantom,rifle,,0.2856,0.5033,Sayonara,Team Vitality,sova,True,100,50,1,2,1,0,False,phantom,rifle,,0.6522,0.1778,PROFEK,Team Vitality,astra,True,100,50,1,1,0,7,True,vandal,rifle,,0.8933,0.3367
3208.672,6413,ACTIVE_ROUND,22,11,12,66.000,,,s0pp,FUT Esports,chamber,False,,50,1,8,1,4,False,stinger,smg,,,,xeus,FUT Esports,jett,True,45,25,1,1,0,7,False,vandal,rifle,,0.5456,0.5233,sociablEE,FUT Esports,fade,True,100,25,1,1,0,4,False,sheriff,sidearm,,0.5711,0.6178,yetujey,FUT Esports,astra,True,100,25,1,0,0,6,False,guardian,rifle,,0.3111,0.7944,KROSTALY,FUT Esports,kayo,True,100,50,1,1,1,1,False,sheriff,sidearm,,0.5089,0.6133,Chronicle,Team Vitality,chamber,True,100,50,0,8,1,1,False,outlaw,sniper,,0.8933,0.3356,Derke,Team Vitality,neon,True,100,50,1,0,1,7,True,outlaw,sniper,,0.8067,0.3778,Jamppi,Team Vitality,kayo,True,87,24,1,2,0,6,False,phantom,rifle,,0.2856,0.4967,Sayonara,Team Vitality,sova,True,100,50,1,2,1,0,False,phantom,rifle,,0.6611,0.1778,PROFEK,Team Vitality,astra,True,100,50,1,1,0,7,True,vandal,rifle,,0.8933,0.3367
3209.156,6414,ACTIVE_ROUND,22,11,12,66.000,,,s0pp,FUT Esports,chamber,False,,50,1,8,1,4,False,stinger,smg,,,,xeus,FUT Esports,jett,True,45,25,1,1,0,7,False,vandal,rifle,,0.5456,0.5233,sociablEE,FUT Esports,fade,True,100,25,1,1,0,4,False,sheriff,sidearm,,0.5578,0.6067,yetujey,FUT Esports,astra,True,100,25,1,0,0,6,False,guardian,rifle,,0.3111,0.7944,KROSTALY,FUT Esports,kayo,True,100,50,1,1,1,1,False,sheriff,sidearm,,0.5089,0.6133,Chronicle,Team Vitality,chamber,True,100,50,0,8,1,1,False,outlaw,sniper,,0.8933,0.3356,Derke,Team Vitality,neon,True,100,50,1,0,1,7,True,outlaw,sniper,,0.8067,0.3778,Jamppi,Team Vitality,kayo,True,87,24,1,2,0,6,False,phantom,rifle,,0.2856,0.4856,Sayonara,Team Vitality,sova,True,100,50,1,2,1,0,False,phantom,rifle,,0.6478,0.1822,PROFEK,Team Vitality,astra,True,100,50,1,1,0,7,True,vandal,rifle,,0.8933,0.3367
3209.640,6415,ACTIVE_ROUND,22,11,12,65.000,,,s0pp,FUT Esports,chamber,False,,50,1,8,1,4,False,stinger,smg,,,,xeus,FUT Esports,jett,True,45,25,1,1,0,7,False,vandal,rifle,,0.5389,0.5544,sociablEE,FUT Esports,fade,True,100,25,1,1,0,4,False,sheriff,sidearm,,0.5489,0.5889,yetujey,FUT Esports,astra,True,100,25,1,0,0,6,False,guardian,rifle,,0.3111,0.7944,KROSTALY,FUT Esports,kayo,True,100,50,1,1,1,1,False,sheriff,sidearm,,0.5089,0.6133,Chronicle,Team Vitality,chamber,True,100,50,0,8,1,1,False,outlaw,sniper,,0.8933,0.3356,Derke,Team Vitality,neon,True,100,50,1,0,1,7,True,outlaw,sniper,,0.8067,0.3778,Jamppi,Team Vitality,kayo,True,82,13,1,2,0,6,False,phantom,rifle,,0.2833,0.4722,Sayonara,Team Vitality,sova,True,100,50,1,2,1,0,False,phantom,rifle,,0.6344,0.1778,PROFEK,Team Vitality,astra,True,100,50,1,1,0,7,True,vandal,rifle,,0.8933,0.3367
3210.124,6416,ACTIVE_ROUND,22,11,12,65.000,,,s0pp,FUT Esports,chamber,False,,50,1,8,1,4,False,stinger,smg,,,,xeus,FUT Esports,jett,True,45,25,1,1,0,7,False,vandal,rifle,,0.1811,0.6011,sociablEE,FUT Esports,fade,True,100,25,1,1,0,4,False,sheriff,sidearm,,0.5489,0.5889,yetujey,FUT Esports,astra,True,100,25,1,1,0,6,False,guardian,rifle,,0.3111,0.7944,KROSTALY,FUT Esports,kayo,True,100,50,1,1,1,1,False,sheriff,sidearm,,0.5089,0.6133,Chronicle,Team Vitality,chamber,True,100,50,0,8,1,1,False,outlaw,sniper,,0.8933,0.3356,Derke,Team Vitality,neon,True,100,50,1,0,1,7,True,outlaw,sniper,,0.8000,0.3822,Jamppi,Team Vitality,kayo,True,82,13,1,2,0,6,False,phantom,rifle,,0.2833,0.4678,Sayonara,Team Vitality,sova,True,100,50,1,2,1,0,False,phantom,rifle,,0.6256,0.1778,PROFEK,Team Vitality,astra,True,100,50,1,1,0,7,True,vandal,rifle,,0.8933,0.3367
3210.607,6417,ACTIVE_ROUND,22,11,12,64.000,,,s0pp,FUT Esports,chamber,False,,50,1,8,1,4,False,stinger,smg,,,,xeus,FUT Esports,jett,True,45,25,1,1,0,7,False,vandal,rifle,,0.2100,0.7589,sociablEE,FUT Esports,fade,True,100,25,1,1,0,4,False,sheriff,sidearm,,0.5489,0.5889,yetujey,FUT Esports,astra,True,100,25,1,1,0,6,False,guardian,rifle,,0.3111,0.7944,KROSTALY,FUT Esports,kayo,True,100,50,1,1,1,1,False,sheriff,sidearm,,0.5089,0.6133,Chronicle,Team Vitality,chamber,True,100,50,0,8,1,1,False,outlaw,sniper,,0.8933,0.3356,Derke,Team Vitality,neon,True,100,50,1,0,1,7,True,outlaw,sniper,,0.8000,0.3822,Jamppi,Team Vitality,kayo,True,82,13,1,2,0,6,False,phantom,rifle,,0.2811,0.4567,Sayonara,Team Vitality,sova,True,100,50,1,2,1,0,False,phantom,rifle,,0.6122,0.1778,PROFEK,Team Vitality,astra,True,100,50,1,1,0,7,True,vandal,rifle,,0.8933,0.3367
3211.091,6418,ACTIVE_ROUND,22,11,12,64.000,,,s0pp,FUT Esports,chamber,False,,50,1,8,1,4,False,stinger,smg,,,,xeus,FUT Esports,jett,True,45,25,1,1,0,7,False,vandal,rifle,,0.5456,0.4900,sociablEE,FUT Esports,fade,True,100,25,1,1,0,4,False,sheriff,sidearm,,0.5489,0.5889,yetujey,FUT Esports,astra,True,100,25,1,1,0,6,False,guardian,rifle,,0.3111,0.7944,KROSTALY,FUT Esports,kayo,True,100,50,1,1,1,1,False,sheriff,sidearm,,0.5089,0.6133,Chronicle,Team Vitality,chamber,True,100,50,0,8,1,1,False,outlaw,sniper,,0.8933,0.3356,Derke,Team Vitality,neon,True,100,50,1,0,1,7,True,outlaw,sniper,,0.8000,0.3822,Jamppi,Team Vitality,kayo,True,82,13,1,2,0,6,False,phantom,rifle,,0.2744,0.4456,Sayonara,Team Vitality,sova,True,100,50,1,2,1,0,False,phantom,rifle,,0.6144,0.1778,PROFEK,Team Vitality,astra,True,100,50,1,1,0,7,True,vandal,rifle,,0.8933,0.3367
3211.575,6419,ACTIVE_ROUND,22,11,12,63.000,,,s0pp,FUT Esports,chamber,False,,50,1,8,1,4,False,stinger,smg,,,,xeus,FUT Esports,jett,True,45,25,1,1,0,7,False,vandal,rifle,,0.4722,0.4900,sociablEE,FUT Esports,fade,True,100,25,1,1,0,4,False,sheriff,sidearm,,0.5489,0.5889,yetujey,FUT Esports,astra,True,100,25,1,1,0,6,False,guardian,rifle,,0.3111,0.7944,KROSTALY,FUT Esports,kayo,True,100,50,1,1,1,1,False,sheriff,sidearm,,0.5089,0.6133,Chronicle,Team Vitality,chamber,True,100,50,0,8,1,1,False,outlaw,sniper,,0.8933,0.3356,Derke,Team Vitality,neon,True,100,50,1,0,1,7,True,outlaw,sniper,,0.8000,0.3822,Jamppi,Team Vitality,kayo,True,82,13,1,2,0,6,False,phantom,rifle,,0.2678,0.4367,Sayonara,Team Vitality,sova,True,100,50,1,2,1,0,False,phantom,rifle,,0.6256,0.1800,PROFEK,Team Vitality,astra,True,100,50,1,1,0,7,True,vandal,rifle,,0.8933,0.3367
3212.059,6420,ACTIVE_ROUND,22,11,12,63.000,,,s0pp,FUT Esports,chamber,False,,50,1,8,1,4,False,stinger,smg,,,,xeus,FUT Esports,jett,True,45,25,1,1,0,7,False,vandal,rifle,,0.4544,0.4900,sociablEE,FUT Esports,fade,True,100,25,0,1,0,4,False,sheriff,sidearm,,0.5489,0.5889,yetujey,FUT Esports,astra,True,100,25,1,1,0,6,False,guardian,rifle,,0.3111,0.7944,KROSTALY,FUT Esports,kayo,True,100,50,1,1,1,1,False,sheriff,sidearm,,0.5089,0.6133,Chronicle,Team Vitality,chamber,True,100,50,0,8,1,1,False,outlaw,sniper,,0.8933,0.3356,Derke,Team Vitality,neon,True,100,50,1,0,1,7,True,outlaw,sniper,,0.8000,0.3822,Jamppi,Team Vitality,kayo,True,82,13,1,2,0,6,False,phantom,rifle,,0.2633,0.4278,Sayonara,Team Vitality,sova,True,100,50,1,2,1,0,False,phantom,rifle,,0.2922,0.4089,PROFEK,Team Vitality,astra,True,100,50,1,1,0,7,True,vandal,rifle,,0.8933,0.3322
3212.543,6421,ACTIVE_ROUND,22,11,12,62.000,,,s0pp,FUT Esports,chamber,False,,50,1,8,1,4,False,stinger,smg,,,,xeus,FUT Esports,jett,True,45,25,1,1,0,7,False,vandal,rifle,,0.5322,0.4900,sociablEE,FUT Esports,fade,True,100,25,0,1,0,4,False,sheriff,sidearm,,0.5489,0.5889,yetujey,FUT Esports,astra,True,100,25,1,1,0,6,False,guardian,rifle,,0.3111,0.7944,KROSTALY,FUT Esports,kayo,True,100,50,1,1,1,1,False,sheriff,sidearm,,0.5089,0.6133,Chronicle,Team Vitality,chamber,True,100,50,0,8,1,1,False,outlaw,sniper,,0.8933,0.3356,Derke,Team Vitality,neon,True,100,50,1,0,1,7,True,outlaw,sniper,,0.8000,0.3822,Jamppi,Team Vitality,kayo,True,82,13,1,2,0,6,False,phantom,rifle,,0.2589,0.4211,Sayonara,Team Vitality,sova,True,100,50,1,2,1,0,False,phantom,rifle,,0.6478,0.1733,PROFEK,Team Vitality,astra,True,100,50,1,1,0,7,True,vandal,rifle,,0.8956,0.3189
3213.026,6422,ACTIVE_ROUND,22,11,12,62.000,,,s0pp,FUT Esports,chamber,False,,50,1,8,1,4,False,stinger,smg,,,,xeus,FUT Esports,jett,True,45,25,1,1,0,7,False,vandal,rifle,,0.5233,0.3789,sociablEE,FUT Esports,fade,True,100,25,0,1,0,4,False,sheriff,sidearm,,0.5489,0.5889,yetujey,FUT Esports,astra,True,100,25,1,1,0,6,False,guardian,rifle,,0.3111,0.7944,KROSTALY,FUT Esports,kayo,True,100,50,1,1,1,1,False,sheriff,sidearm,,0.5089,0.6133,Chronicle,Team Vitality,chamber,True,100,50,0,8,1,1,False,outlaw,sniper,,0.8933,0.3356,Derke,Team Vitality,neon,True,100,50,1,0,1,7,True,outlaw,sniper,,0.8000,0.3822,Jamppi,Team Vitality,kayo,True,82,13,1,2,0,6,False,phantom,rifle,,0.2544,0.4100,Sayonara,Team Vitality,sova,True,100,50,1,2,1,0,False,phantom,rifle,,0.6544,0.1733,PROFEK,Team Vitality,astra,True,100,50,1,1,0,7,True,vandal,rifle,,0.9089,0.3189
3213.510,6423,ACTIVE_ROUND,22,11,12,61.000,,,s0pp,FUT Esports,chamber,False,,50,1,8,1,4,False,stinger,smg,,,,xeus,FUT Esports,jett,True,45,25,1,1,0,7,False,vandal,rifle,,0.2100,0.7433,sociablEE,FUT Esports,fade,True,100,25,0,1,0,4,False,sheriff,sidearm,,0.5489,0.5889,yetujey,FUT Esports,astra,True,100,25,1,1,0,6,False,guardian,rifle,,0.3111,0.7944,KROSTALY,FUT Esports,kayo,True,100,50,1,1,1,1,False,sheriff,sidearm,,0.5089,0.6133,Chronicle,Team Vitality,chamber,True,100,50,0,8,1,1,False,outlaw,sniper,,0.8933,0.3356,Derke,Team Vitality,neon,True,100,50,1,0,1,7,True,outlaw,sniper,,0.8000,0.3822,Jamppi,Team Vitality,kayo,True,82,13,1,2,0,6,False,phantom,rifle,,0.2567,0.4144,Sayonara,Team Vitality,sova,True,100,50,1,2,1,0,False,phantom,rifle,,0.6589,0.1711,PROFEK,Team Vitality,astra,True,100,50,1,1,0,7,True,vandal,rifle,,0.9111,0.3189
3213.994,6424,ACTIVE_ROUND,22,11,12,61.000,,,s0pp,FUT Esports,chamber,False,,50,1,8,1,4,False,stinger,smg,,,,xeus,FUT Esports,jett,True,45,25,1,1,0,7,False,sheriff,sidearm,,0.6389,0.9233,sociablEE,FUT Esports,fade,True,100,25,0,1,0,4,False,vandal,rifle,,0.5489,0.5889,yetujey,FUT Esports,astra,True,100,25,1,1,0,6,False,guardian,rifle,,0.3111,0.7944,KROSTALY,FUT Esports,kayo,True,100,50,1,1,1,1,False,classic,sidearm,,0.5089,0.6133,Chronicle,Team Vitality,chamber,True,100,50,0,8,1,1,False,outlaw,sniper,,0.8933,0.3356,Derke,Team Vitality,neon,True,100,50,1,0,1,7,True,outlaw,sniper,,0.8000,0.3822,Jamppi,Team Vitality,kayo,True,82,13,1,2,0,6,False,phantom,rifle,,0.2567,0.4233,Sayonara,Team Vitality,sova,True,100,50,1,2,1,0,False,phantom,rifle,,0.6611,0.1711,PROFEK,Team Vitality,astra,True,100,50,1,1,0,7,True,vandal,rifle,,0.9111,0.3189
3214.478,6425,ACTIVE_ROUND,22,11,12,60.000,,,s0pp,FUT Esports,chamber,False,,50,1,8,1,4,False,stinger,smg,,,,xeus,FUT Esports,jett,True,45,25,1,1,0,7,False,sheriff,sidearm,,0.5433,0.5389,sociablEE,FUT Esports,fade,True,100,25,0,1,0,4,False,vandal,rifle,,0.5489,0.5889,yetujey,FUT Esports,astra,True,100,25,1,1,0,6,False,guardian,rifle,,0.3111,0.7944,KROSTALY,FUT Esports,kayo,True,100,50,1,1,1,1,False,classic,sidearm,,0.5089,0.6133,Chronicle,Team Vitality,chamber,True,100,50,0,8,1,1,False,outlaw,sniper,,0.8933,0.3356,Derke,Team Vitality,neon,True,100,50,1,0,1,7,True,outlaw,sniper,,0.8000,0.3822,Jamppi,Team Vitality,kayo,True,82,13,1,2,0,6,False,phantom,rifle,,0.2544,0.4189,Sayonara,Team Vitality,sova,True,100,50,1,2,1,0,False,phantom,rifle,,0.9056,0.2889,PROFEK,Team Vitality,astra,True,100,50,1,1,0,7,True,vandal,rifle,,0.9111,0.3189
3214.962,6426,ACTIVE_ROUND,22,11,12,60.000,,,s0pp,FUT Esports,chamber,False,,50,1,8,1,4,False,stinger,smg,,,,xeus,FUT Esports,jett,True,45,25,1,1,0,7,False,sheriff,sidearm,,0.5456,0.5300,sociablEE,FUT Esports,fade,True,100,25,0,1,0,4,False,vandal,rifle,,0.5489,0.5889,yetujey,FUT Esports,astra,True,100,25,1,1,0,6,False,guardian,rifle,,0.3111,0.7944,KROSTALY,FUT Esports,kayo,True,100,50,1,1,1,1,False,classic,sidearm,,0.5089,0.6133,Chronicle,Team Vitality,chamber,True,100,50,0,8,1,1,False,outlaw,sniper,,0.8933,0.3356,Derke,Team Vitality,neon,True,100,50,1,0,1,7,True,outlaw,sniper,,0.8000,0.3822,Jamppi,Team Vitality,kayo,True,82,13,1,2,0,6,False,phantom,rifle,,0.2478,0.4122,Sayonara,Team Vitality,sova,True,100,50,1,2,1,0,False,phantom,rifle,,0.9189,0.2800,PROFEK,Team Vitality,astra,True,100,50,1,1,0,7,True,vandal,rifle,,0.9133,0.3167
3215.446,6427,ACTIVE_ROUND,22,11,12,59.000,,,s0pp,FUT Esports,chamber,False,,50,1,8,1,4,False,stinger,smg,,,,xeus,FUT Esports,jett,True,45,25,1,1,0,7,False,sheriff,sidearm,,0.5411,0.5211,sociablEE,FUT Esports,fade,True,100,25,0,1,0,4,False,vandal,rifle,,0.5444,0.5800,yetujey,FUT Esports,astra,True,100,25,1,1,0,6,False,guardian,rifle,,0.3111,0.7944,KROSTALY,FUT Esports,kayo,True,100,50,1,1,1,1,False,classic,sidearm,,0.5089,0.6133,Chronicle,Team Vitality,chamber,True,100,50,0,8,1,1,False,outlaw,sniper,,0.8933,0.3356,Derke,Team Vitality,neon,True,100,50,1,0,1,7,True,outlaw,sniper,,0.8000,0.3822,Jamppi,Team Vitality,kayo,True,82,13,1,2,0,6,False,phantom,rifle,,0.2500,0.4100,Sayonara,Team Vitality,sova,True,100,50,1,2,1,0,False,phantom,rifle,,0.6344,0.1889,PROFEK,Team Vitality,astra,True,100,50,1,1,0,7,True,vandal,rifle,,0.9089,0.3011
3215.929,6428,ACTIVE_ROUND,22,11,12,59.000,,,s0pp,FUT Esports,chamber,False,,50,1,8,1,4,False,stinger,smg,,,,xeus,FUT Esports,jett,True,45,25,1,1,0,7,False,sheriff,sidearm,,0.6389,0.9300,sociablEE,FUT Esports,fade,True,100,25,0,1,0,4,False,vandal,rifle,,0.5444,0.5800,yetujey,FUT Esports,astra,True,100,25,1,1,0,6,False,guardian,rifle,,0.3111,0.7944,KROSTALY,FUT Esports,kayo,True,100,50,1,1,1,1,False,classic,sidearm,,0.5089,0.6133,Chronicle,Team Vitality,chamber,True,100,50,0,8,1,1,False,outlaw,sniper,,0.8933,0.3356,Derke,Team Vitality,neon,True,100,50,1,0,1,7,True,outlaw,sniper,,0.8000,0.3822,Jamppi,Team Vitality,kayo,True,82,13,1,2,0,6,False,phantom,rifle,,0.2478,0.4122,Sayonara,Team Vitality,sova,True,100,50,1,2,1,0,False,phantom,rifle,,0.8944,0.2644,PROFEK,Team Vitality,astra,True,100,50,1,0,0,7,True,vandal,rifle,,0.8933,0.3011
3216.413,6429,ACTIVE_ROUND,22,11,12,58.000,,,s0pp,FUT Esports,chamber,False,,50,1,8,1,4,False,stinger,smg,,,,xeus,FUT Esports,jett,True,45,25,1,1,0,7,False,sheriff,sidearm,,0.9767,0.5500,sociablEE,FUT Esports,fade,True,100,25,0,1,0,4,False,vandal,rifle,,0.5444,0.5800,yetujey,FUT Esports,astra,True,100,25,1,1,0,6,False,guardian,rifle,,0.3111,0.7944,KROSTALY,FUT Esports,kayo,True,100,50,1,1,1,1,False,classic,sidearm,,0.5089,0.6133,Chronicle,Team Vitality,chamber,True,100,50,0,8,1,1,False,outlaw,sniper,,0.8933,0.3356,Derke,Team Vitality,neon,True,100,50,1,0,1,7,True,outlaw,sniper,,0.8000,0.3822,Jamppi,Team Vitality,kayo,True,82,13,1,2,0,6,False,phantom,rifle,,0.2367,0.4078,Sayonara,Team Vitality,sova,True,100,50,1,2,1,0,False,phantom,rifle,,0.2656,0.3911,PROFEK,Team Vitality,astra,True,100,50,1,0,0,7,True,vandal,rifle,,0.8889,0.3144
3216.897,6430,ACTIVE_ROUND,22,11,12,58.000,,,s0pp,FUT Esports,chamber,False,,50,1,8,1,4,False,stinger,smg,,,,xeus,FUT Esports,jett,True,45,25,1,1,0,7,False,sheriff,sidearm,,0.6389,0.9278,sociablEE,FUT Esports,fade,True,100,25,0,1,0,4,False,vandal,rifle,,0.5422,0.5644,yetujey,FUT Esports,astra,True,100,25,1,1,0,6,False,guardian,rifle,,0.3111,0.7944,KROSTALY,FUT Esports,kayo,True,100,50,1,1,1,1,False,classic,sidearm,,0.5089,0.6133,Chronicle,Team Vitality,chamber,True,100,50,0,8,1,1,False,outlaw,sniper,,0.8933,0.3356,Derke,Team Vitality,neon,True,100,50,1,0,1,7,True,outlaw,sniper,,0.8000,0.3822,Jamppi,Team Vitality,kayo,True,82,13,1,2,0,6,False,phantom,rifle,,0.2367,0.4033,Sayonara,Team Vitality,sova,True,100,50,1,2,1,0,False,phantom,rifle,,0.2633,0.3867,PROFEK,Team Vitality,astra,True,100,50,1,0,0,7,True,vandal,rifle,,0.8800,0.3300
3217.381,6431,ACTIVE_ROUND,22,11,12,57.000,,,s0pp,FUT Esports,chamber,False,,50,1,8,1,4,False,stinger,smg,,,,xeus,FUT Esports,jett,True,45,25,1,1,0,7,False,sheriff,sidearm,,0.6433,0.6567,sociablEE,FUT Esports,fade,True,100,25,0,1,0,4,False,vandal,rifle,,0.5467,0.5756,yetujey,FUT Esports,astra,True,100,25,1,1,0,6,False,guardian,rifle,,0.3111,0.7944,KROSTALY,FUT Esports,kayo,True,100,50,1,1,1,1,False,classic,sidearm,,0.5089,0.6133,Chronicle,Team Vitality,chamber,True,100,50,0,8,1,1,False,outlaw,sniper,,0.8933,0.3356,Derke,Team Vitality,neon,True,100,50,1,0,1,7,True,outlaw,sniper,,0.8000,0.3822,Jamppi,Team Vitality,kayo,True,82,13,1,2,0,6,False,phantom,rifle,,0.2322,0.3944,Sayonara,Team Vitality,sova,True,100,50,1,2,1,0,False,phantom,rifle,,0.6367,0.1867,PROFEK,Team Vitality,astra,True,100,50,1,0,0,7,True,vandal,rifle,,0.8600,0.3344
3217.865,6432,ACTIVE_ROUND,22,11,12,57.000,,,s0pp,FUT Esports,chamber,False,,50,1,8,1,4,False,stinger,smg,,,,xeus,FUT Esports,jett,True,45,25,1,1,0,7,False,sheriff,sidearm,,0.1211,0.3611,sociablEE,FUT Esports,fade,True,100,25,0,1,0,4,False,vandal,rifle,,0.5489,0.5867,yetujey,FUT Esports,astra,True,100,25,1,0,0,6,False,guardian,rifle,,0.3067,0.7767,KROSTALY,FUT Esports,kayo,True,100,50,1,1,1,1,False,classic,sidearm,,0.5089,0.6133,Chronicle,Team Vitality,chamber,True,100,50,0,8,1,1,False,outlaw,sniper,,0.8933,0.3356,Derke,Team Vitality,neon,True,100,50,1,0,1,7,True,outlaw,sniper,,0.8000,0.3822,Jamppi,Team Vitality,kayo,True,82,19,1,2,0,6,False,phantom,rifle,,0.2233,0.3922,Sayonara,Team Vitality,sova,True,100,50,1,2,1,0,False,phantom,rifle,,0.2522,0.3778,PROFEK,Team Vitality,astra,True,100,50,0,0,0,7,True,vandal,rifle,,0.8533,0.3278
3218.348,6433,ACTIVE_ROUND,22,11,12,56.000,,,s0pp,FUT Esports,chamber,False,,50,1,8,1,4,False,stinger,smg,,,,xeus,FUT Esports,jett,True,45,25,1,1,0,7,False,sheriff,sidearm,,0.4433,0.2478,sociablEE,FUT Esports,fade,True,100,25,0,1,0,4,False,vandal,rifle,,0.5533,0.5956,yetujey,FUT Esports,astra,True,100,25,1,0,0,6,False,guardian,rifle,,0.3133,0.7856,KROSTALY,FUT Esports,kayo,True,100,50,1,1,1,1,False,classic,sidearm,,0.5089,0.6133,Chronicle,Team Vitality,chamber,True,100,50,0,8,1,1,False,outlaw,sniper,,0.8933,0.3356,Derke,Team Vitality,neon,True,100,50,1,0,1,7,True,outlaw,sniper,,0.8000,0.3822,Jamppi,Team Vitality,kayo,True,82,13,1,2,0,6,False,phantom,rifle,,0.2256,0.3922,Sayonara,Team Vitality,sova,True,100,50,1,2,1,0,False,phantom,rifle,,0.2544,0.3711,PROFEK,Team Vitality,astra,True,100,50,0,0,0,7,True,vandal,rifle,,0.8444,0.3256
3218.832,6434,ACTIVE_ROUND,22,11,12,56.000,,,s0pp,FUT Esports,chamber,False,,50,1,8,1,4,False,stinger,smg,,,,xeus,FUT Esports,jett,True,45,25,1,1,0,7,False,sheriff,sidearm,,0.5278,0.3767,sociablEE,FUT Esports,fade,True,100,25,0,1,0,4,False,vandal,rifle,,0.5600,0.6067,yetujey,FUT Esports,astra,True,100,25,1,0,0,6,False,guardian,rifle,,0.3200,0.7922,KROSTALY,FUT Esports,kayo,True,100,50,1,1,1,1,False,classic,sidearm,,0.5089,0.6133,Chronicle,Team Vitality,chamber,True,100,50,0,8,1,1,False,outlaw,sniper,,0.8933,0.3356,Derke,Team Vitality,neon,True,100,50,1,0,1,7,True,outlaw,sniper,,0.8000,0.3822,Jamppi,Team Vitality,kayo,True,82,13,1,2,0,6,False,phantom,rifle,,0.2322,0.3900,Sayonara,Team Vitality,sova,True,100,50,1,2,1,0,False,phantom,rifle,,0.1256,0.5511,PROFEK,Team Vitality,astra,True,100,50,0,0,0,7,True,vandal,rifle,,0.8333,0.3256
3219.316,6435,ACTIVE_ROUND,22,11,12,55.000,,,s0pp,FUT Esports,chamber,False,,50,1,8,1,4,False,stinger,smg,,,,xeus,FUT Esports,jett,True,45,25,1,1,0,7,False,sheriff,sidearm,,0.3078,0.7589,sociablEE,FUT Esports,fade,True,100,25,0,1,0,4,False,vandal,rifle,,0.5644,0.6111,yetujey,FUT Esports,astra,True,100,25,1,0,0,6,False,guardian,rifle,,0.8289,0.3256,KROSTALY,FUT Esports,kayo,True,100,50,1,1,1,1,False,classic,sidearm,,0.5089,0.6133,Chronicle,Team Vitality,chamber,True,100,50,0,8,1,1,False,outlaw,sniper,,0.8933,0.3356,Derke,Team Vitality,neon,True,100,50,1,0,1,7,True,outlaw,sniper,,0.8000,0.3822,Jamppi,Team Vitality,kayo,True,82,13,1,2,0,6,False,phantom,rifle,,0.2300,0.3922,Sayonara,Team Vitality,sova,True,100,50,1,2,1,0,False,phantom,rifle,,0.2611,0.3822,PROFEK,Team Vitality,astra,True,100,50,0,0,0,7,True,vandal,rifle,,0.8267,0.3256
3219.800,6436,ACTIVE_ROUND,22,11,12,55.000,,,s0pp,FUT Esports,chamber,False,,50,1,8,1,4,False,stinger,smg,,,,xeus,FUT Esports,jett,True,45,25,1,1,0,7,False,sheriff,sidearm,,0.3167,0.7700,sociablEE,FUT Esports,fade,True,100,25,0,1,0,4,False,vandal,rifle,,0.5689,0.6156,yetujey,FUT Esports,astra,True,100,25,1,1,0,6,False,guardian,rifle,,0.8289,0.3278,KROSTALY,FUT Esports,kayo,True,100,50,1,1,1,1,False,classic,sidearm,,0.5089,0.6133,Chronicle,Team Vitality,chamber,True,100,50,0,8,1,1,False,outlaw,sniper,,0.8933,0.3356,Derke,Team Vitality,neon,True,100,50,1,0,1,7,True,outlaw,sniper,,0.8000,0.3822,Jamppi,Team Vitality,kayo,True,82,13,1,2,0,6,False,phantom,rifle,,0.2300,0.3922,Sayonara,Team Vitality,sova,True,100,50,1,2,1,0,False,phantom,rifle,,0.2611,0.3778,PROFEK,Team Vitality,astra,True,100,50,0,0,0,7,True,vandal,rifle,,0.8267,0.3256
3220.284,6437,ACTIVE_ROUND,22,11,12,54.000,,,s0pp,FUT Esports,chamber,False,,50,1,8,1,4,False,stinger,smg,,,,xeus,FUT Esports,jett,True,45,25,1,1,0,7,False,sheriff,sidearm,,0.3167,0.7789,sociablEE,FUT Esports,fade,True,100,25,0,1,0,4,False,vandal,rifle,,0.5800,0.6133,yetujey,FUT Esports,astra,True,100,25,1,1,0,6,False,guardian,rifle,,0.8289,0.3278,KROSTALY,FUT Esports,kayo,True,100,50,1,1,1,1,False,classic,sidearm,,0.5089,0.6133,Chronicle,Team Vitality,chamber,True,100,50,0,8,1,1,False,outlaw,sniper,,0.8933,0.3356,Derke,Team Vitality,neon,True,100,50,1,0,1,7,True,outlaw,sniper,,0.8000,0.3822,Jamppi,Team Vitality,kayo,True,82,13,1,2,0,6,False,phantom,rifle,,0.2344,0.3900,Sayonara,Team Vitality,sova,True,100,50,1,2,1,0,False,phantom,rifle,,0.1233,0.5511,PROFEK,Team Vitality,astra,True,100,50,0,0,0,7,True,vandal,rifle,,0.8267,0.3256
3220.768,6438,ACTIVE_ROUND,22,11,12,54.000,,,s0pp,FUT Esports,chamber,False,,50,1,8,1,4,False,stinger,smg,,,,xeus,FUT Esports,jett,True,45,25,1,1,0,7,False,sheriff,sidearm,,0.3300,0.7811,sociablEE,FUT Esports,fade,True,100,25,0,1,0,4,False,vandal,rifle,,0.5844,0.6044,yetujey,FUT Esports,astra,True,100,25,1,1,0,6,False,guardian,rifle,,0.3578,0.8144,KROSTALY,FUT Esports,kayo,True,100,50,1,1,1,1,False,classic,sidearm,,0.5089,0.6133,Chronicle,Team Vitality,chamber,True,100,50,0,8,1,1,False,outlaw,sniper,,0.8933,0.3356,Derke,Team Vitality,neon,True,100,50,1,0,1,7,True,outlaw,sniper,,0.8000,0.3822,Jamppi,Team Vitality,kayo,True,82,13,1,2,0,6,False,phantom,rifle,,0.2322,0.3922,Sayonara,Team Vitality,sova,True,100,50,1,2,1,0,False,phantom,rifle,,0.2611,0.3778,PROFEK,Team Vitality,astra,True,100,50,0,0,0,7,True,vandal,rifle,,0.8267,0.3256
3221.251,6439,ACTIVE_ROUND,22,11,12,54.000,,,s0pp,FUT Esports,chamber,False,,50,1,8,1,4,False,stinger,smg,,,,xeus,FUT Esports,jett,True,45,25,1,1,0,7,False,sheriff,sidearm,,0.3389,0.7811,sociablEE,FUT Esports,fade,True,100,25,0,1,0,4,False,vandal,rifle,,0.5867,0.5933,yetujey,FUT Esports,astra,True,100,25,1,1,0,6,False,guardian,rifle,,0.3689,0.8144,KROSTALY,FUT Esports,kayo,True,100,50,1,1,1,1,False,classic,sidearm,,0.5089,0.6133,Chronicle,Team Vitality,chamber,True,100,50,0,8,1,1,False,outlaw,sniper,,0.8933,0.3356,Derke,Team Vitality,neon,True,100,50,1,0,1,7,True,outlaw,sniper,,0.8000,0.3822,Jamppi,Team Vitality,kayo,True,82,13,1,2,0,6,False,phantom,rifle,,0.2300,0.3922,Sayonara,Team Vitality,sova,True,100,50,1,2,1,0,False,phantom,rifle,,0.6367,0.1867,PROFEK,Team Vitality,astra,True,100,50,0,0,0,7,True,vandal,rifle,,0.8267,0.3256
3221.735,6440,ACTIVE_ROUND,22,11,12,53.000,,,s0pp,FUT Esports,chamber,False,,50,1,8,1,4,False,stinger,smg,,,,xeus,FUT Esports,jett,True,45,25,0,1,0,7,False,sheriff,sidearm,,0.5922,0.5500,sociablEE,FUT Esports,fade,True,100,25,0,1,0,4,False,vandal,rifle,,0.5889,0.5844,yetujey,FUT Esports,astra,True,100,25,1,0,0,6,False,guardian,rifle,,0.3800,0.8122,KROSTALY,FUT Esports,kayo,True,100,50,1,1,1,1,False,classic,sidearm,,0.5089,0.6133,Chronicle,Team Vitality,chamber,True,100,50,0,8,1,1,False,outlaw,sniper,,0.8933,0.3356,Derke,Team Vitality,neon,True,100,50,1,0,1,7,True,outlaw,sniper,,0.8000,0.3822,Jamppi,Team Vitality,kayo,True,82,13,1,2,0,6,False,phantom,rifle,,0.2322,0.3900,Sayonara,Team Vitality,sova,True,100,50,1,2,1,0,False,phantom,rifle,,0.8300,0.3000,PROFEK,Team Vitality,astra,True,100,50,0,0,0,7,True,vandal,rifle,,0.8400,0.3278
3222.219,6441,ACTIVE_ROUND,22,11,12,53.000,,,s0pp,FUT Esports,chamber,False,,50,1,8,1,4,False,stinger,smg,,,,xeus,FUT Esports,jett,True,45,25,0,1,0,7,False,sheriff,sidearm,,0.3611,0.7722,sociablEE,FUT Esports,fade,True,100,25,0,1,0,4,False,vandal,rifle,,0.5867,0.5778,yetujey,FUT Esports,astra,True,100,25,1,0,0,6,False,guardian,rifle,,0.3800,0.8122,KROSTALY,FUT Esports,kayo,True,100,50,1,1,1,1,False,classic,sidearm,,0.5089,0.6133,Chronicle,Team Vitality,chamber,True,100,50,0,8,1,1,False,outlaw,sniper,,0.8933,0.3356,Derke,Team Vitality,neon,True,100,50,1,0,1,7,True,outlaw,sniper,,0.8000,0.3822,Jamppi,Team Vitality,kayo,True,82,13,1,2,0,6,False,phantom,rifle,,0.2344,0.3900,Sayonara,Team Vitality,sova,True,100,50,1,2,1,0,False,phantom,rifle,,0.8300,0.3000,PROFEK,Team Vitality,astra,True,100,50,0,0,0,7,True,vandal,rifle,,0.8400,0.3256
3222.703,6442,ACTIVE_ROUND,22,11,12,52.000,,,s0pp,FUT Esports,chamber,False,,50,1,8,1,4,False,stinger,smg,,,,xeus,FUT Esports,jett,True,45,25,0,1,0,7,False,sheriff,sidearm,,0.5922,0.5367,sociablEE,FUT Esports,fade,True,100,25,0,1,0,4,False,vandal,rifle,,0.5844,0.5689,yetujey,FUT Esports,astra,True,100,25,1,0,0,6,False,guardian,rifle,,0.3800,0.8122,KROSTALY,FUT Esports,kayo,True,100,50,1,1,1,1,False,classic,sidearm,,0.5089,0.6133,Chronicle,Team Vitality,chamber,True,100,50,0,8,1,1,False,outlaw,sniper,,0.8933,0.3356,Derke,Team Vitality,neon,True,100,50,1,0,1,7,True,outlaw,sniper,,0.8000,0.3822,Jamppi,Team Vitality,kayo,True,82,13,1,2,0,6,False,phantom,rifle,,0.2300,0.3922,Sayonara,Team Vitality,sova,True,100,50,1,2,1,0,False,phantom,rifle,,0.2589,0.3778,PROFEK,Team Vitality,astra,True,100,50,0,0,0,7,True,vandal,rifle,,0.8400,0.3278
3223.187,6443,ACTIVE_ROUND,22,11,12,52.000,,,s0pp,FUT Esports,chamber,False,,50,1,8,1,4,False,stinger,smg,,,,xeus,FUT Esports,jett,True,45,25,0,1,0,7,False,sheriff,sidearm,,0.5922,0.5344,sociablEE,FUT Esports,fade,True,100,25,0,1,0,4,False,vandal,rifle,,0.5933,0.5667,yetujey,FUT Esports,astra,True,100,25,1,0,0,6,False,guardian,rifle,,0.3800,0.8122,KROSTALY,FUT Esports,kayo,True,100,50,1,1,1,1,False,classic,sidearm,,0.5089,0.6133,Chronicle,Team Vitality,chamber,True,100,50,0,8,1,1,False,outlaw,sniper,,0.8933,0.3356,Derke,Team Vitality,neon,True,100,50,1,0,1,7,True,outlaw,sniper,,0.8000,0.3822,Jamppi,Team Vitality,kayo,True,82,13,1,2,0,6,False,phantom,rifle,,0.2300,0.3922,Sayonara,Team Vitality,sova,True,100,50,1,2,1,0,False,phantom,rifle,,0.8411,0.2911,PROFEK,Team Vitality,astra,True,100,50,0,0,0,7,True,vandal,rifle,,0.8400,0.3278
3223.670,6444,ACTIVE_ROUND,22,11,12,51.000,,,s0pp,FUT Esports,chamber,False,,50,1,8,1,4,False,stinger,smg,,,,xeus,FUT Esports,jett,True,45,25,0,1,0,7,False,sheriff,sidearm,,0.5922,0.5278,sociablEE,FUT Esports,fade,True,100,25,0,1,0,4,False,vandal,rifle,,0.5978,0.5600,yetujey,FUT Esports,astra,True,100,25,1,0,0,6,False,guardian,rifle,,0.3800,0.8122,KROSTALY,FUT Esports,kayo,True,100,50,1,1,1,1,False,classic,sidearm,,0.5956,0.5978,Chronicle,Team Vitality,chamber,True,100,50,0,8,1,1,False,outlaw,sniper,,0.8933,0.3356,Derke,Team Vitality,neon,True,100,50,1,0,1,7,True,outlaw,sniper,,0.8000,0.3822,Jamppi,Team Vitality,kayo,True,82,13,1,2,0,6,False,phantom,rifle,,0.2322,0.3900,Sayonara,Team Vitality,sova,True,100,50,1,2,1,0,False,phantom,rifle,,0.6367,0.1844,PROFEK,Team Vitality,astra,True,100,50,0,0,0,7,True,vandal,rifle,,0.8400,0.3278
3224.154,6445,ACTIVE_ROUND,22,11,12,51.000,,,s0pp,FUT Esports,chamber,False,,50,1,8,1,4,False,stinger,smg,,,,xeus,FUT Esports,jett,True,45,25,0,1,0,7,False,sheriff,sidearm,,0.5922,0.5233,sociablEE,FUT Esports,fade,True,100,25,0,1,0,4,False,vandal,rifle,,0.5978,0.5533,yetujey,FUT Esports,astra,True,100,25,1,0,0,6,False,guardian,rifle,,0.3800,0.8122,KROSTALY,FUT Esports,kayo,True,100,50,1,1,1,1,False,classic,sidearm,,0.6044,0.5889,Chronicle,Team Vitality,chamber,True,100,50,0,8,1,1,False,outlaw,sniper,,0.8933,0.3356,Derke,Team Vitality,neon,True,100,50,1,0,1,7,True,outlaw,sniper,,0.8000,0.3822,Jamppi,Team Vitality,kayo,True,82,13,1,2,0,6,False,phantom,rifle,,0.2322,0.3900,Sayonara,Team Vitality,sova,True,100,50,1,2,1,0,False,phantom,rifle,,0.1256,0.5489,PROFEK,Team Vitality,astra,True,100,50,0,0,0,7,True,vandal,rifle,,0.8400,0.3278
3224.638,6446,ACTIVE_ROUND,22,11,12,50.000,,,s0pp,FUT Esports,chamber,False,,50,1,8,1,4,False,stinger,smg,,,,xeus,FUT Esports,jett,True,45,25,0,1,0,7,False,sheriff,sidearm,,0.6456,0.6056,sociablEE,FUT Esports,fade,True,100,25,0,1,0,4,False,vandal,rifle,,0.6000,0.5467,yetujey,FUT Esports,astra,True,100,25,1,0,0,6,False,guardian,rifle,,0.3800,0.8122,KROSTALY,FUT Esports,kayo,True,100,50,1,1,1,1,False,classic,sidearm,,0.6044,0.5889,Chronicle,Team Vitality,chamber,True,100,50,0,8,1,1,False,outlaw,sniper,,0.8933,0.3356,Derke,Team Vitality,neon,True,100,50,1,0,1,7,True,outlaw,sniper,,0.8000,0.3822,Jamppi,Team Vitality,kayo,True,82,13,1,2,0,6,False,phantom,rifle,,0.2300,0.3922,Sayonara,Team Vitality,sova,True,100,50,1,2,1,0,False,phantom,rifle,,0.1256,0.5489,PROFEK,Team Vitality,astra,True,100,50,0,0,0,7,True,vandal,rifle,,0.8356,0.3300
3225.122,6447,ACTIVE_ROUND,22,11,12,50.000,,,s0pp,FUT Esports,chamber,False,,50,1,8,1,4,False,stinger,smg,,,,xeus,FUT Esports,jett,True,45,25,0,1,0,7,False,sheriff,sidearm,,0.1833,0.6700,sociablEE,FUT Esports,fade,True,100,25,0,1,0,4,False,vandal,rifle,,0.6067,0.5378,yetujey,FUT Esports,astra,True,100,25,1,0,0,6,False,guardian,rifle,,0.3800,0.8122,KROSTALY,FUT Esports,kayo,True,100,50,1,1,1,1,False,classic,sidearm,,0.6133,0.5733,Chronicle,Team Vitality,chamber,True,100,50,0,8,1,1,False,outlaw,sniper,,0.8933,0.3356,Derke,Team Vitality,neon,True,100,50,1,0,1,7,True,outlaw,sniper,,0.8000,0.3822,Jamppi,Team Vitality,kayo,True,82,13,1,2,0,6,False,phantom,rifle,,0.2300,0.3922,Sayonara,Team Vitality,sova,True,100,50,1,2,1,0,False,phantom,rifle,,0.1256,0.5489,PROFEK,Team Vitality,astra,True,100,50,0,0,0,7,True,vandal,rifle,,0.8356,0.3300
3225.606,6448,ACTIVE_ROUND,22,11,12,49.000,,,s0pp,FUT Esports,chamber,False,,50,1,8,1,4,False,stinger,smg,,,,xeus,FUT Esports,jett,True,45,25,0,1,0,7,False,sheriff,sidearm,,0.1833,0.6700,sociablEE,FUT Esports,fade,True,100,25,0,1,0,4,False,vandal,rifle,,0.6111,0.5289,yetujey,FUT Esports,astra,True,100,25,1,0,0,6,False,classic,sidearm,,0.3800,0.8122,KROSTALY,FUT Esports,kayo,True,100,50,1,1,1,1,False,classic,sidearm,,0.6133,0.5733,Chronicle,Team Vitality,chamber,True,100,50,0,8,1,1,False,outlaw,sniper,,0.8933,0.3356,Derke,Team Vitality,neon,True,100,50,1,0,1,7,True,outlaw,sniper,,0.8000,0.3822,Jamppi,Team Vitality,kayo,True,82,13,1,2,0,6,False,phantom,rifle,,0.2322,0.3900,Sayonara,Team Vitality,sova,True,100,50,1,2,1,0,False,phantom,rifle,,0.1256,0.5489,PROFEK,Team Vitality,astra,True,100,50,0,0,0,7,True,vandal,rifle,,0.8356,0.3300
3226.090,6449,ACTIVE_ROUND,22,11,12,49.000,,,s0pp,FUT Esports,chamber,False,,50,1,8,1,4,False,stinger,smg,,,,xeus,FUT Esports,jett,True,45,25,0,1,0,7,False,sheriff,sidearm,,0.1833,0.6700,sociablEE,FUT Esports,fade,True,100,25,0,1,0,4,False,vandal,rifle,,0.6111,0.5289,yetujey,FUT Esports,astra,True,100,25,1,0,0,6,False,classic,sidearm,,0.4333,0.7878,KROSTALY,FUT Esports,kayo,True,100,50,1,1,1,1,False,classic,sidearm,,0.6133,0.5733,Chronicle,Team Vitality,chamber,True,100,50,0,8,1,1,False,outlaw,sniper,,0.8933,0.3356,Derke,Team Vitality,neon,True,100,50,1,0,1,7,True,outlaw,sniper,,0.8000,0.3822,Jamppi,Team Vitality,kayo,True,82,13,1,2,0,6,False,phantom,rifle,,0.2322,0.3900,Sayonara,Team Vitality,sova,True,100,50,1,2,1,0,False,phantom,rifle,,0.8322,0.3000,PROFEK,Team Vitality,astra,True,100,50,0,0,0,7,True,vandal,rifle,,0.8400,0.3278
3226.573,6450,ACTIVE_ROUND,22,11,12,48.000,,,s0pp,FUT Esports,chamber,False,,50,1,8,1,4,False,stinger,smg,,,,xeus,FUT Esports,jett,True,45,25,0,1,0,7,False,sheriff,sidearm,,0.1833,0.6700,sociablEE,FUT Esports,fade,True,100,25,0,1,0,4,False,vandal,rifle,,0.6111,0.5289,yetujey,FUT Esports,astra,True,100,25,1,0,0,6,False,classic,sidearm,,0.4422,0.7967,KROSTALY,FUT Esports,kayo,True,100,50,1,1,1,1,False,classic,sidearm,,0.6133,0.5733,Chronicle,Team Vitality,chamber,True,100,50,0,8,1,1,False,outlaw,sniper,,0.8933,0.3356,Derke,Team Vitality,neon,True,100,50,1,0,1,7,True,outlaw,sniper,,0.8000,0.3822,Jamppi,Team Vitality,kayo,True,82,13,1,2,0,6,False,phantom,rifle,,0.2300,0.3900,Sayonara,Team Vitality,sova,True,100,50,1,2,1,0,False,phantom,rifle,,0.8322,0.3000,PROFEK,Team Vitality,astra,True,100,50,0,0,0,7,True,vandal,rifle,,0.8400,0.3278
3227.057,6451,ACTIVE_ROUND,22,11,12,48.000,,,s0pp,FUT Esports,chamber,False,,50,1,8,1,4,False,stinger,smg,,,,xeus,FUT Esports,jett,True,45,25,0,1,0,7,False,sheriff,sidearm,,0.1811,0.6700,sociablEE,FUT Esports,fade,True,100,25,0,1,0,4,False,vandal,rifle,,0.6111,0.5289,yetujey,FUT Esports,astra,True,100,25,1,0,0,6,False,classic,sidearm,,0.4422,0.7967,KROSTALY,FUT Esports,kayo,True,100,50,1,1,1,1,False,classic,sidearm,,0.6133,0.5733,Chronicle,Team Vitality,chamber,True,100,50,0,8,1,1,False,outlaw,sniper,,0.8933,0.3356,Derke,Team Vitality,neon,True,100,50,1,0,1,7,True,outlaw,sniper,,0.8000,0.3822,Jamppi,Team Vitality,kayo,True,82,13,1,2,0,6,False,phantom,rifle,,0.2300,0.3922,Sayonara,Team Vitality,sova,True,100,50,1,2,1,0,False,phantom,rifle,,0.8300,0.3022,PROFEK,Team Vitality,astra,True,100,50,0,0,0,7,True,vandal,rifle,,0.8400,0.3278
3227.541,6452,ACTIVE_ROUND,22,11,12,47.000,,,s0pp,FUT Esports,chamber,False,,50,1,8,1,4,False,stinger,smg,,,,xeus,FUT Esports,jett,True,45,25,0,1,0,7,False,sheriff,sidearm,,0.1811,0.6700,sociablEE,FUT Esports,fade,True,100,25,0,1,0,4,False,vandal,rifle,,0.6111,0.5289,yetujey,FUT Esports,astra,True,100,25,1,0,1,6,False,guardian,rifle,,0.4422,0.7967,KROSTALY,FUT Esports,kayo,True,100,50,1,1,1,1,False,classic,sidearm,,0.6133,0.5733,Chronicle,Team Vitality,chamber,True,100,50,0,8,1,1,False,outlaw,sniper,,0.8933,0.3356,Derke,Team Vitality,neon,True,100,50,1,0,1,7,True,outlaw,sniper,,0.8000,0.3822,Jamppi,Team Vitality,kayo,True,82,13,1,2,0,6,False,phantom,rifle,,0.2300,0.3922,Sayonara,Team Vitality,sova,True,100,50,1,2,1,0,False,phantom,rifle,,0.8300,0.3022,PROFEK,Team Vitality,astra,True,100,50,0,0,0,7,True,vandal,rifle,,0.8400,0.3300
3228.025,6453,ACTIVE_ROUND,22,11,12,47.000,,,s0pp,FUT Esports,chamber,False,,50,1,8,1,4,False,stinger,smg,,,,xeus,FUT Esports,jett,True,45,25,0,1,0,7,False,sheriff,sidearm,,0.1811,0.6633,sociablEE,FUT Esports,fade,True,100,25,0,1,0,4,False,vandal,rifle,,0.6111,0.5289,yetujey,FUT Esports,astra,True,100,25,1,0,1,6,False,guardian,rifle,,0.4422,0.7967,KROSTALY,FUT Esports,kayo,True,100,50,1,1,1,1,False,classic,sidearm,,0.6133,0.5733,Chronicle,Team Vitality,chamber,True,100,50,0,8,1,1,False,outlaw,sniper,,0.8933,0.3356,Derke,Team Vitality,neon,True,100,50,1,0,1,7,True,outlaw,sniper,,0.8000,0.3822,Jamppi,Team Vitality,kayo,True,82,13,1,2,0,6,False,phantom,rifle,,0.2322,0.3900,Sayonara,Team Vitality,sova,True,100,50,1,2,1,0,False,phantom,rifle,,0.1233,0.5511,PROFEK,Team Vitality,astra,True,100,50,0,0,0,7,True,vandal,rifle,,0.8400,0.3300
3228.509,6454,ACTIVE_ROUND,22,11,12,46.000,,,s0pp,FUT Esports,chamber,False,,50,1,8,1,4,False,stinger,smg,,,,xeus,FUT Esports,jett,True,45,25,0,1,0,7,False,sheriff,sidearm,,0.1811,0.6611,sociablEE,FUT Esports,fade,True,100,25,0,1,0,4,False,vandal,rifle,,0.6111,0.5289,yetujey,FUT Esports,astra,True,100,25,1,0,1,6,False,guardian,rifle,,0.4422,0.7967,KROSTALY,FUT Esports,kayo,True,100,50,1,1,1,1,False,classic,sidearm,,0.6133,0.5733,Chronicle,Team Vitality,chamber,True,100,50,0,8,1,1,False,outlaw,sniper,,0.8933,0.3356,Derke,Team Vitality,neon,True,100,50,1,0,1,7,True,outlaw,sniper,,0.8000,0.3822,Jamppi,Team Vitality,kayo,True,82,13,1,2,0,6,False,phantom,rifle,,0.2322,0.3900,Sayonara,Team Vitality,sova,True,100,50,1,2,1,0,False,phantom,rifle,,0.1233,0.5511,PROFEK,Team Vitality,astra,True,100,50,0,0,0,7,True,vandal,rifle,,0.8422,0.3278
3228.992,6455,ACTIVE_ROUND,22,11,12,46.000,,,s0pp,FUT Esports,chamber,False,,50,1,8,1,4,False,stinger,smg,,,,xeus,FUT Esports,jett,True,45,25,0,1,0,7,False,sheriff,sidearm,,0.1811,0.6611,sociablEE,FUT Esports,fade,True,100,25,0,1,0,4,False,vandal,rifle,,0.6111,0.5289,yetujey,FUT Esports,astra,True,100,25,1,0,1,6,False,guardian,rifle,,0.4422,0.7967,KROSTALY,FUT Esports,kayo,True,100,50,1,1,1,1,False,classic,sidearm,,0.6133,0.5733,Chronicle,Team Vitality,chamber,True,100,50,0,8,1,1,False,outlaw,sniper,,0.8933,0.3356,Derke,Team Vitality,neon,True,100,50,1,0,1,7,True,outlaw,sniper,,0.8422,0.3289,Jamppi,Team Vitality,kayo,True,82,13,1,2,0,6,False,phantom,rifle,,0.2300,0.3922,Sayonara,Team Vitality,sova,True,100,50,1,2,1,0,False,phantom,rifle,,0.1211,0.5533,PROFEK,Team Vitality,astra,True,100,50,0,0,0,7,True,vandal,rifle,,0.8422,0.3278
3229.476,6456,ACTIVE_ROUND,22,11,12,45.000,,,s0pp,FUT Esports,chamber,False,,50,1,8,1,4,False,stinger,smg,,,,xeus,FUT Esports,jett,True,45,25,0,1,0,7,False,sheriff,sidearm,,0.1811,0.6611,sociablEE,FUT Esports,fade,True,100,25,0,1,0,4,False,vandal,rifle,,0.6111,0.5289,yetujey,FUT Esports,astra,True,100,25,1,0,0,6,False,guardian,rifle,,0.4978,0.8367,KROSTALY,FUT Esports,kayo,True,100,50,1,1,1,1,False,classic,sidearm,,0.6133,0.5733,Chronicle,Team Vitality,chamber,True,100,50,0,8,1,1,False,outlaw,sniper,,0.8933,0.3356,Derke,Team Vitality,neon,True,100,50,1,0,1,7,True,outlaw,sniper,,0.8422,0.3289,Jamppi,Team Vitality,kayo,True,82,13,1,2,0,6,False,phantom,rifle,,0.2300,0.3922,Sayonara,Team Vitality,sova,True,100,50,1,2,1,0,False,phantom,rifle,,0.1211,0.5556,PROFEK,Team Vitality,astra,True,100,50,1,0,0,7,True,vandal,rifle,,0.8356,0.3300
3229.960,6457,ACTIVE_ROUND,22,11,12,45.000,,,s0pp,FUT Esports,chamber,False,,50,1,8,1,4,False,stinger,smg,,,,xeus,FUT Esports,jett,True,45,25,0,1,0,7,False,sheriff,sidearm,,0.1811,0.6611,sociablEE,FUT Esports,fade,True,100,25,0,1,0,4,False,vandal,rifle,,0.6111,0.5289,yetujey,FUT Esports,astra,True,100,25,1,0,0,6,False,guardian,rifle,,0.4978,0.8367,KROSTALY,FUT Esports,kayo,True,100,50,1,1,1,1,False,classic,sidearm,,0.6133,0.5733,Chronicle,Team Vitality,chamber,True,100,50,0,8,1,1,False,outlaw,sniper,,0.8933,0.3356,Derke,Team Vitality,neon,True,100,50,1,0,1,7,True,outlaw,sniper,,0.8422,0.3289,Jamppi,Team Vitality,kayo,True,82,13,1,2,0,6,False,phantom,rifle,,0.2322,0.3900,Sayonara,Team Vitality,sova,True,100,50,1,2,1,0,False,phantom,rifle,,0.1233,0.5511,PROFEK,Team Vitality,astra,True,100,50,1,0,0,7,True,vandal,rifle,,0.8356,0.3300
3230.444,6458,ACTIVE_ROUND,22,11,12,44.000,,,s0pp,FUT Esports,chamber,False,,50,1,8,1,4,False,stinger,smg,,,,xeus,FUT Esports,jett,True,45,25,0,1,0,7,False,sheriff,sidearm,,0.1811,0.6611,sociablEE,FUT Esports,fade,True,100,25,0,1,0,4,False,vandal,rifle,,0.6111,0.5289,yetujey,FUT Esports,astra,True,100,25,1,0,0,6,False,guardian,rifle,,0.4978,0.8367,KROSTALY,FUT Esports,kayo,True,100,50,1,1,1,1,False,classic,sidearm,,0.6133,0.5733,Chronicle,Team Vitality,chamber,True,100,50,0,8,1,1,False,outlaw,sniper,,0.8933,0.3356,Derke,Team Vitality,neon,True,100,50,1,0,1,7,True,outlaw,sniper,,0.8422,0.3289,Jamppi,Team Vitality,kayo,True,82,13,1,2,0,6,False,phantom,rifle,,0.2233,0.3967,Sayonara,Team Vitality,sova,True,100,50,1,2,1,0,False,phantom,rifle,,0.1233,0.5511,PROFEK,Team Vitality,astra,True,100,50,1,0,0,7,True,vandal,rifle,,0.8356,0.3300
3230.928,6459,ACTIVE_ROUND,22,11,12,44.000,,,s0pp,FUT Esports,chamber,False,,50,1,8,1,4,False,stinger,smg,,,,xeus,FUT Esports,jett,True,45,25,0,1,0,7,False,sheriff,sidearm,,0.1811,0.6611,sociablEE,FUT Esports,fade,True,100,25,0,1,0,4,False,vandal,rifle,,0.6111,0.5289,yetujey,FUT Esports,astra,True,100,25,1,0,0,6,False,guardian,rifle,,0.4978,0.8367,KROSTALY,FUT Esports,kayo,True,100,50,1,1,1,1,False,classic,sidearm,,0.6133,0.5733,Chronicle,Team Vitality,chamber,True,100,50,0,8,1,1,False,outlaw,sniper,,0.8933,0.3356,Derke,Team Vitality,neon,True,100,50,1,0,1,7,True,outlaw,sniper,,0.8422,0.3289,Jamppi,Team Vitality,kayo,True,82,13,1,2,0,6,False,phantom,rifle,,0.2144,0.4033,Sayonara,Team Vitality,sova,True,100,50,1,2,1,0,False,phantom,rifle,,0.2500,0.4022,PROFEK,Team Vitality,astra,True,100,50,1,0,0,7,True,vandal,rifle,,0.8356,0.3300
3231.412,6460,ACTIVE_ROUND,22,11,12,43.000,,,s0pp,FUT Esports,chamber,False,,50,1,8,1,4,False,stinger,smg,,,,xeus,FUT Esports,jett,True,45,25,0,1,0,7,False,sheriff,sidearm,,0.1811,0.6611,sociablEE,FUT Esports,fade,True,100,25,0,1,0,4,False,vandal,rifle,,0.6111,0.5289,yetujey,FUT Esports,astra,True,100,25,1,0,0,6,False,guardian,rifle,,0.4978,0.8367,KROSTALY,FUT Esports,kayo,True,100,50,1,1,1,1,False,classic,sidearm,,0.6133,0.5733,Chronicle,Team Vitality,chamber,True,100,50,0,8,1,1,False,outlaw,sniper,,0.8933,0.3356,Derke,Team Vitality,neon,True,100,50,1,0,1,7,True,outlaw,sniper,,0.8422,0.3289,Jamppi,Team Vitality,kayo,True,82,13,1,2,0,6,False,phantom,rifle,,0.2033,0.4078,Sayonara,Team Vitality,sova,True,100,50,1,2,1,0,False,phantom,rifle,,0.2300,0.3889,PROFEK,Team Vitality,astra,True,100,50,0,0,0,7,True,vandal,rifle,,0.8356,0.3300
3231.895,6461,ACTIVE_ROUND,22,11,12,43.000,,,s0pp,FUT Esports,chamber,False,,50,1,8,1,4,False,stinger,smg,,,,xeus,FUT Esports,jett,True,45,25,0,1,0,7,False,sheriff,sidearm,,0.1811,0.6611,sociablEE,FUT Esports,fade,True,100,25,0,1,0,4,False,vandal,rifle,,0.6111,0.5289,yetujey,FUT Esports,astra,True,100,25,1,0,0,6,False,guardian,rifle,,0.5422,0.7989,KROSTALY,FUT Esports,kayo,True,100,50,1,1,1,1,False,classic,sidearm,,0.6133,0.5733,Chronicle,Team Vitality,chamber,True,100,50,0,8,1,1,False,outlaw,sniper,,0.8933,0.3356,Derke,Team Vitality,neon,True,100,50,1,0,1,7,True,outlaw,sniper,,0.8422,0.3289,Jamppi,Team Vitality,kayo,True,82,13,1,2,0,6,False,phantom,rifle,,0.1967,0.4167,Sayonara,Team Vitality,sova,True,100,50,1,2,1,0,False,phantom,rifle,,0.6433,0.1778,PROFEK,Team Vitality,astra,True,100,50,0,0,0,7,True,vandal,rifle,,0.8356,0.3300
3232.379,6462,ACTIVE_ROUND,22,11,12,42.000,,,s0pp,FUT Esports,chamber,False,,50,1,8,1,4,False,stinger,smg,,,,xeus,FUT Esports,jett,True,45,25,0,1,0,7,False,sheriff,sidearm,,0.1811,0.6611,sociablEE,FUT Esports,fade,True,100,25,0,1,0,4,False,vandal,rifle,,0.6111,0.5289,yetujey,FUT Esports,astra,True,100,25,1,0,0,6,False,guardian,rifle,,0.5422,0.7989,KROSTALY,FUT Esports,kayo,True,100,50,1,1,1,1,False,classic,sidearm,,0.6133,0.5733,Chronicle,Team Vitality,chamber,True,100,50,0,8,1,1,False,outlaw,sniper,,0.8933,0.3356,Derke,Team Vitality,neon,True,100,50,1,0,1,7,True,outlaw,sniper,,0.8422,0.3289,Jamppi,Team Vitality,kayo,True,82,13,1,2,0,6,False,phantom,rifle,,0.1900,0.4256,Sayonara,Team Vitality,sova,True,100,50,1,2,1,0,False,phantom,rifle,,0.6433,0.1778,PROFEK,Team Vitality,astra,True,100,50,0,0,0,7,True,vandal,rifle,,0.8244,0.3256
3232.863,6463,ACTIVE_ROUND,22,11,12,42.000,,,s0pp,FUT Esports,chamber,False,,50,1,8,1,4,False,stinger,smg,,,,xeus,FUT Esports,jett,True,45,25,0,1,0,7,False,sheriff,sidearm,,0.1811,0.6589,sociablEE,FUT Esports,fade,True,100,25,0,1,0,4,False,vandal,rifle,,0.6111,0.5289,yetujey,FUT Esports,astra,True,100,25,1,0,0,6,False,guardian,rifle,,0.5622,0.7833,KROSTALY,FUT Esports,kayo,True,100,50,1,1,1,1,False,classic,sidearm,,0.6133,0.5733,Chronicle,Team Vitality,chamber,True,100,50,0,8,1,1,False,outlaw,sniper,,0.8933,0.3356,Derke,Team Vitality,neon,True,100,50,1,0,1,7,True,outlaw,sniper,,0.8422,0.3289,Jamppi,Team Vitality,kayo,True,82,13,1,2,0,6,False,phantom,rifle,,0.1878,0.4322,Sayonara,Team Vitality,sova,True,100,50,1,2,1,0,False,phantom,rifle,,0.2256,0.4267,PROFEK,Team Vitality,astra,True,100,50,0,0,0,7,True,vandal,rifle,,0.8244,0.3278
3233.347,6464,ACTIVE_ROUND,22,11,12,41.000,,,s0pp,FUT Esports,chamber,False,,50,1,8,1,4,False,stinger,smg,,,,xeus,FUT Esports,jett,True,45,25,0,1,0,7,False,sheriff,sidearm,,0.1811,0.6589,sociablEE,FUT Esports,fade,True,100,25,0,1,0,4,False,vandal,rifle,,0.6111,0.5289,yetujey,FUT Esports,astra,True,100,25,1,0,0,6,False,guardian,rifle,,0.5622,0.7833,KROSTALY,FUT Esports,kayo,True,100,50,1,1,1,1,False,classic,sidearm,,0.6133,0.5733,Chronicle,Team Vitality,chamber,True,100,50,0,8,1,1,False,outlaw,sniper,,0.8933,0.3356,Derke,Team Vitality,neon,True,100,50,1,0,1,7,True,outlaw,sniper,,0.8422,0.3289,Jamppi,Team Vitality,kayo,True,82,13,1,2,0,6,False,phantom,rifle,,0.1900,0.4344,Sayonara,Team Vitality,sova,True,100,50,1,2,1,0,False,phantom,rifle,,0.2256,0.4267,PROFEK,Team Vitality,astra,True,100,50,1,0,0,7,True,vandal,rifle,,0.8311,0.3300
3233.831,6465,ACTIVE_ROUND,22,11,12,41.000,,,s0pp,FUT Esports,chamber,False,,50,1,8,1,4,False,stinger,smg,,,,xeus,FUT Esports,jett,True,45,25,0,1,0,7,False,sheriff,sidearm,,0.1811,0.6589,sociablEE,FUT Esports,fade,True,100,25,0,1,0,4,False,vandal,rifle,,0.6111,0.5289,yetujey,FUT Esports,astra,True,100,25,1,0,0,6,False,guardian,rifle,,0.5822,0.7767,KROSTALY,FUT Esports,kayo,True,100,50,1,1,1,1,False,classic,sidearm,,0.6133,0.5733,Chronicle,Team Vitality,chamber,True,100,50,0,8,1,1,False,outlaw,sniper,,0.8933,0.3356,Derke,Team Vitality,neon,True,100,50,1,0,1,7,True,outlaw,sniper,,0.8422,0.3289,Jamppi,Team Vitality,kayo,True,82,13,1,2,0,6,False,phantom,rifle,,0.1900,0.4344,Sayonara,Team Vitality,sova,True,100,50,1,2,1,0,False,phantom,rifle,,0.6433,0.1778,PROFEK,Team Vitality,astra,True,100,50,1,0,0,7,True,vandal,rifle,,0.8400,0.3300
3234.314,6466,ACTIVE_ROUND,22,11,12,40.000,,,s0pp,FUT Esports,chamber,False,,50,1,8,1,4,False,stinger,smg,,,,xeus,FUT Esports,jett,True,45,25,0,1,0,7,False,sheriff,sidearm,,0.1811,0.6589,sociablEE,FUT Esports,fade,True,100,25,0,1,0,4,False,vandal,rifle,,0.6111,0.5289,yetujey,FUT Esports,astra,True,100,25,1,0,0,6,False,guardian,rifle,,0.5933,0.7722,KROSTALY,FUT Esports,kayo,True,100,50,1,1,1,1,False,classic,sidearm,,0.6133,0.5733,Chronicle,Team Vitality,chamber,True,100,50,0,8,1,1,False,outlaw,sniper,,0.8933,0.3356,Derke,Team Vitality,neon,True,100,50,1,0,1,7,True,outlaw,sniper,,0.8422,0.3289,Jamppi,Team Vitality,kayo,True,82,13,1,2,0,6,False,phantom,rifle,,0.1878,0.4367,Sayonara,Team Vitality,sova,True,100,50,1,2,1,0,False,phantom,rifle,,0.6433,0.1778,PROFEK,Team Vitality,astra,True,100,50,1,0,0,7,True,vandal,rifle,,0.8422,0.3322
3234.798,6467,ACTIVE_ROUND,22,11,12,40.000,,,s0pp,FUT Esports,chamber,False,,50,1,8,1,4,False,stinger,smg,,,,xeus,FUT Esports,jett,True,45,25,0,1,0,7,False,sheriff,sidearm,,0.1811,0.6589,sociablEE,FUT Esports,fade,True,100,25,0,1,0,4,False,vandal,rifle,,0.6111,0.5289,yetujey,FUT Esports,astra,True,100,25,1,0,0,6,False,guardian,rifle,,0.6044,0.7700,KROSTALY,FUT Esports,kayo,True,100,50,1,1,1,1,False,classic,sidearm,,0.6133,0.5733,Chronicle,Team Vitality,chamber,True,100,50,0,8,1,1,False,outlaw,sniper,,0.8933,0.3356,Derke,Team Vitality,neon,True,100,50,1,0,1,7,True,outlaw,sniper,,0.8422,0.3289,Jamppi,Team Vitality,kayo,True,82,13,1,2,0,6,False,phantom,rifle,,0.1878,0.4278,Sayonara,Team Vitality,sova,True,100,50,1,2,1,0,False,phantom,rifle,,0.6433,0.1778,PROFEK,Team Vitality,astra,True,100,50,1,0,0,7,True,vandal,rifle,,0.8422,0.3300
3235.282,6468,ACTIVE_ROUND,22,11,12,39.000,,,s0pp,FUT Esports,chamber,False,,50,1,8,1,4,False,stinger,smg,,,,xeus,FUT Esports,jett,True,45,25,0,1,0,7,False,sheriff,sidearm,,0.1811,0.6589,sociablEE,FUT Esports,fade,True,100,25,0,1,0,4,False,vandal,rifle,,0.6111,0.5289,yetujey,FUT Esports,astra,True,100,25,1,0,0,6,False,guardian,rifle,,0.6044,0.7700,KROSTALY,FUT Esports,kayo,True,100,50,1,1,1,1,False,classic,sidearm,,0.6133,0.5733,Chronicle,Team Vitality,chamber,True,100,50,0,8,1,1,False,outlaw,sniper,,0.8933,0.3356,Derke,Team Vitality,neon,True,100,50,1,0,1,7,True,outlaw,sniper,,0.8422,0.3289,Jamppi,Team Vitality,kayo,True,82,13,1,2,0,6,False,phantom,rifle,,0.1833,0.4256,Sayonara,Team Vitality,sova,True,100,50,1,2,1,0,False,phantom,rifle,,0.6433,0.1778,PROFEK,Team Vitality,astra,True,100,50,1,0,0,7,True,vandal,rifle,,0.8422,0.3300
3235.766,6469,ACTIVE_ROUND,22,11,12,39.000,,,s0pp,FUT Esports,chamber,False,,50,1,8,1,4,False,stinger,smg,,,,xeus,FUT Esports,jett,True,45,25,0,1,0,7,False,sheriff,sidearm,,0.1811,0.6589,sociablEE,FUT Esports,fade,True,100,25,0,1,0,4,False,vandal,rifle,,0.6111,0.5289,yetujey,FUT Esports,astra,True,100,25,1,0,0,6,False,guardian,rifle,,0.6267,0.7700,KROSTALY,FUT Esports,kayo,True,100,50,1,1,1,1,False,classic,sidearm,,0.6133,0.5733,Chronicle,Team Vitality,chamber,True,100,50,0,8,1,1,False,outlaw,sniper,,0.8933,0.3356,Derke,Team Vitality,neon,True,100,50,1,0,1,7,True,outlaw,sniper,,0.8422,0.3289,Jamppi,Team Vitality,kayo,True,82,13,1,2,0,6,False,phantom,rifle,,0.1833,0.4300,Sayonara,Team Vitality,sova,True,100,50,1,2,1,0,False,phantom,rifle,,0.6433,0.1778,PROFEK,Team Vitality,astra,True,100,50,1,0,0,7,True,vandal,rifle,,0.8422,0.3300
3236.250,6470,ACTIVE_ROUND,22,11,12,39.000,,,s0pp,FUT Esports,chamber,False,,50,1,8,1,4,False,stinger,smg,,,,xeus,FUT Esports,jett,True,45,25,0,1,0,7,False,sheriff,sidearm,,0.1811,0.6589,sociablEE,FUT Esports,fade,True,100,25,0,1,0,4,False,vandal,rifle,,0.6111,0.5289,yetujey,FUT Esports,astra,True,100,25,1,0,0,6,False,guardian,rifle,,0.6267,0.7700,KROSTALY,FUT Esports,kayo,True,100,50,1,1,1,1,False,classic,sidearm,,0.6133,0.5733,Chronicle,Team Vitality,chamber,True,100,50,0,8,1,1,False,outlaw,sniper,,0.8933,0.3356,Derke,Team Vitality,neon,True,100,50,1,0,1,7,True,outlaw,sniper,,0.8422,0.3289,Jamppi,Team Vitality,kayo,True,82,13,1,2,0,6,False,phantom,rifle,,0.1811,0.4367,Sayonara,Team Vitality,sova,True,100,50,1,2,1,0,False,phantom,rifle,,0.1256,0.5511,PROFEK,Team Vitality,astra,True,100,50,1,0,0,7,True,vandal,rifle,,0.8489,0.3278
3236.734,6471,ACTIVE_ROUND,22,11,12,38.000,,,s0pp,FUT Esports,chamber,False,,50,1,8,1,4,False,stinger,smg,,,,xeus,FUT Esports,jett,True,45,25,0,1,0,7,False,sheriff,sidearm,,0.7544,0.1989,sociablEE,FUT Esports,fade,True,100,25,0,1,0,4,False,vandal,rifle,,0.6111,0.5289,yetujey,FUT Esports,astra,True,100,25,1,0,0,6,False,guardian,rifle,,0.6267,0.7700,KROSTALY,FUT Esports,kayo,True,100,50,1,1,1,1,False,classic,sidearm,,0.6133,0.5733,Chronicle,Team Vitality,chamber,True,100,50,0,8,1,1,False,outlaw,sniper,,0.8933,0.3356,Derke,Team Vitality,neon,True,100,50,1,0,1,7,True,outlaw,sniper,,0.8422,0.3289,Jamppi,Team Vitality,kayo,True,82,13,1,2,0,6,False,phantom,rifle,,0.1811,0.4344,Sayonara,Team Vitality,sova,True,100,50,1,2,1,0,False,phantom,rifle,,0.1944,0.3978,PROFEK,Team Vitality,astra,True,100,50,1,0,0,7,True,vandal,rifle,,0.8533,0.3256
3237.217,6472,ACTIVE_ROUND,22,11,12,38.000,,,s0pp,FUT Esports,chamber,False,,50,1,8,1,4,False,stinger,smg,,,,xeus,FUT Esports,jett,True,45,25,0,1,0,7,False,sheriff,sidearm,,0.1811,0.6589,sociablEE,FUT Esports,fade,True,100,25,0,1,0,4,False,vandal,rifle,,0.6111,0.5289,yetujey,FUT Esports,astra,True,100,25,1,0,0,6,False,guardian,rifle,,0.6267,0.7700,KROSTALY,FUT Esports,kayo,True,100,50,1,1,1,1,False,classic,sidearm,,0.6133,0.5733,Chronicle,Team Vitality,chamber,True,100,50,0,8,1,1,False,outlaw,sniper,,0.1022,0.5667,Derke,Team Vitality,neon,True,100,50,1,0,1,7,True,outlaw,sniper,,0.8422,0.3289,Jamppi,Team Vitality,kayo,True,82,13,1,2,0,6,False,phantom,rifle,,0.1744,0.4389,Sayonara,Team Vitality,sova,True,100,50,1,2,1,0,False,phantom,rifle,,0.2100,0.4267,PROFEK,Team Vitality,astra,True,100,50,0,0,0,7,True,vandal,rifle,,0.8533,0.3233
3237.701,6473,ACTIVE_ROUND,22,11,12,37.000,,,s0pp,FUT Esports,chamber,False,,50,1,8,1,4,False,stinger,smg,,,,xeus,FUT Esports,jett,True,45,25,0,1,0,7,False,sheriff,sidearm,,0.1811,0.6589,sociablEE,FUT Esports,fade,True,100,25,0,1,0,4,False,vandal,rifle,,0.6111,0.5289,yetujey,FUT Esports,astra,True,100,25,1,0,0,6,False,guardian,rifle,,0.6689,0.7656,KROSTALY,FUT Esports,kayo,True,100,50,1,1,1,1,False,classic,sidearm,,0.6133,0.5733,Chronicle,Team Vitality,chamber,True,100,50,0,8,1,1,False,outlaw,sniper,,0.1044,0.5689,Derke,Team Vitality,neon,True,100,50,1,0,1,7,True,outlaw,sniper,,0.8422,0.3289,Jamppi,Team Vitality,kayo,True,82,13,1,2,0,6,False,phantom,rifle,,0.1722,0.4367,Sayonara,Team Vitality,sova,True,100,50,1,2,1,0,False,phantom,rifle,,0.2100,0.4267,PROFEK,Team Vitality,astra,True,100,50,0,0,0,7,True,vandal,rifle,,0.8533,0.3233
3238.185,6474,ACTIVE_ROUND,22,11,12,37.000,,,s0pp,FUT Esports,chamber,False,,50,1,8,1,4,False,stinger,smg,,,,xeus,FUT Esports,jett,True,45,25,0,1,0,7,False,sheriff,sidearm,,0.9100,0.3789,sociablEE,FUT Esports,fade,True,100,25,0,1,0,4,False,vandal,rifle,,0.6111,0.5289,yetujey,FUT Esports,astra,True,100,25,1,0,0,6,False,guardian,rifle,,0.6689,0.7656,KROSTALY,FUT Esports,kayo,True,100,50,1,1,1,1,False,classic,sidearm,,0.6133,0.5733,Chronicle,Team Vitality,chamber,True,100,50,0,8,1,1,False,outlaw,sniper,,0.1044,0.5689,Derke,Team Vitality,neon,True,100,50,1,0,1,7,True,outlaw,sniper,,0.8422,0.3289,Jamppi,Team Vitality,kayo,True,82,13,1,2,0,6,False,phantom,rifle,,0.1744,0.4389,Sayonara,Team Vitality,sova,True,100,50,1,2,1,0,False,phantom,rifle,,0.2100,0.4267,PROFEK,Team Vitality,astra,True,100,50,0,0,0,7,True,vandal,rifle,,0.8533,0.3233
3238.669,6475,ACTIVE_ROUND,22,11,12,36.000,,,s0pp,FUT Esports,chamber,False,,50,1,8,1,4,False,stinger,smg,,,,xeus,FUT Esports,jett,True,45,25,0,1,0,7,False,sheriff,sidearm,,0.1811,0.6589,sociablEE,FUT Esports,fade,True,100,25,0,1,0,4,False,vandal,rifle,,0.6111,0.5289,yetujey,FUT Esports,astra,True,100,25,1,0,0,6,False,guardian,rifle,,0.6689,0.7656,KROSTALY,FUT Esports,kayo,True,100,50,1,1,1,1,False,classic,sidearm,,0.6133,0.5733,Chronicle,Team Vitality,chamber,True,100,50,0,8,1,1,False,outlaw,sniper,,0.1044,0.5689,Derke,Team Vitality,neon,True,100,50,1,0,1,7,True,outlaw,sniper,,0.8422,0.3289,Jamppi,Team Vitality,kayo,True,82,13,1,2,0,6,False,phantom,rifle,,0.1744,0.4389,Sayonara,Team Vitality,sova,True,100,50,1,2,1,0,False,phantom,rifle,,0.2100,0.4267,PROFEK,Team Vitality,astra,True,100,50,0,0,0,7,True,vandal,rifle,,0.8533,0.3233
3239.153,6476,ACTIVE_ROUND,22,11,12,36.000,,,s0pp,FUT Esports,chamber,False,,50,1,8,1,4,False,stinger,smg,,,,xeus,FUT Esports,jett,True,45,25,0,1,0,7,False,sheriff,sidearm,,0.1811,0.6589,sociablEE,FUT Esports,fade,True,100,25,0,1,1,4,False,vandal,rifle,,0.6111,0.5289,yetujey,FUT Esports,astra,True,100,25,1,0,0,6,False,guardian,rifle,,0.6689,0.7656,KROSTALY,FUT Esports,kayo,True,100,50,1,1,1,1,False,classic,sidearm,,0.6133,0.5733,Chronicle,Team Vitality,chamber,True,100,50,0,8,1,1,False,outlaw,sniper,,0.1044,0.5689,Derke,Team Vitality,neon,True,100,50,1,0,1,7,True,outlaw,sniper,,0.8422,0.3289,Jamppi,Team Vitality,kayo,True,82,13,1,2,0,6,False,phantom,rifle,,0.1744,0.4389,Sayonara,Team Vitality,sova,True,100,50,1,2,1,0,False,phantom,rifle,,0.2100,0.4267,PROFEK,Team Vitality,astra,True,100,50,0,0,0,7,True,vandal,rifle,,0.8533,0.3233
3239.636,6477,ACTIVE_ROUND,22,11,12,35.000,,,s0pp,FUT Esports,chamber,False,,50,1,8,1,4,False,stinger,smg,,,,xeus,FUT Esports,jett,True,45,25,0,1,0,7,False,sheriff,sidearm,,0.1211,0.3611,sociablEE,FUT Esports,fade,True,100,25,0,1,1,4,False,vandal,rifle,,0.6111,0.5289,yetujey,FUT Esports,astra,True,100,25,1,0,0,6,False,guardian,rifle,,0.6689,0.7656,KROSTALY,FUT Esports,kayo,True,100,50,1,1,1,1,False,classic,sidearm,,0.6133,0.5733,Chronicle,Team Vitality,chamber,True,100,50,0,8,1,1,False,outlaw,sniper,,0.1044,0.5689,Derke,Team Vitality,neon,True,100,50,1,0,1,7,True,outlaw,sniper,,0.8422,0.3289,Jamppi,Team Vitality,kayo,True,82,13,1,2,0,6,False,phantom,rifle,,0.1700,0.4367,Sayonara,Team Vitality,sova,True,100,50,1,2,1,0,False,phantom,rifle,,0.2078,0.4289,PROFEK,Team Vitality,astra,True,100,50,0,0,0,7,True,vandal,rifle,,0.8533,0.3256
3240.120,6478,ACTIVE_ROUND,22,11,12,35.000,,,s0pp,FUT Esports,chamber,False,,50,1,8,1,4,False,stinger,smg,,,,xeus,FUT Esports,jett,True,45,25,0,1,0,7,False,sheriff,sidearm,,0.1211,0.3611,sociablEE,FUT Esports,fade,True,100,25,0,1,1,4,False,vandal,rifle,,0.6111,0.5289,yetujey,FUT Esports,astra,True,100,25,1,0,0,6,False,guardian,rifle,,0.6689,0.7656,KROSTALY,FUT Esports,kayo,True,100,50,1,1,1,1,False,classic,sidearm,,0.6133,0.5733,Chronicle,Team Vitality,chamber,True,100,50,0,8,1,1,False,outlaw,sniper,,0.1044,0.5689,Derke,Team Vitality,neon,True,100,50,1,0,1,7,True,outlaw,sniper,,0.8422,0.3289,Jamppi,Team Vitality,kayo,True,82,13,1,2,0,6,False,phantom,rifle,,0.1700,0.4456,Sayonara,Team Vitality,sova,True,100,50,1,2,1,0,False,phantom,rifle,,0.2078,0.4333,PROFEK,Team Vitality,astra,True,100,50,0,0,0,7,True,vandal,rifle,,0.8533,0.3256
3240.604,6479,ACTIVE_ROUND,22,11,12,34.000,,,s0pp,FUT Esports,chamber,False,,50,1,8,1,4,False,stinger,smg,,,,xeus,FUT Esports,jett,True,45,25,0,1,0,7,False,sheriff,sidearm,,0.1811,0.6589,sociablEE,FUT Esports,fade,True,100,25,0,1,1,4,False,vandal,rifle,,0.7067,0.5133,yetujey,FUT Esports,astra,True,100,25,1,0,0,6,False,guardian,rifle,,0.6689,0.7656,KROSTALY,FUT Esports,kayo,True,100,50,1,1,1,1,False,classic,sidearm,,0.6133,0.5733,Chronicle,Team Vitality,chamber,True,100,50,0,8,1,1,False,outlaw,sniper,,0.1044,0.5689,Derke,Team Vitality,neon,True,100,50,1,0,1,7,True,outlaw,sniper,,0.8422,0.3289,Jamppi,Team Vitality,kayo,True,82,13,1,2,0,6,False,phantom,rifle,,0.1722,0.4433,Sayonara,Team Vitality,sova,True,100,50,1,2,1,0,False,phantom,rifle,,0.2100,0.4356,PROFEK,Team Vitality,astra,True,100,50,0,0,0,7,True,vandal,rifle,,0.8533,0.3233
3241.088,6480,ACTIVE_ROUND,22,11,12,34.000,,,s0pp,FUT Esports,chamber,False,,50,1,8,1,4,False,stinger,smg,,,,xeus,FUT Esports,jett,True,45,25,0,1,0,7,False,sheriff,sidearm,,0.1811,0.6589,sociablEE,FUT Esports,fade,True,100,25,0,1,1,4,False,vandal,rifle,,0.7178,0.5000,yetujey,FUT Esports,astra,True,100,25,1,1,0,6,False,guardian,rifle,,0.6689,0.7656,KROSTALY,FUT Esports,kayo,True,100,50,1,1,1,1,False,classic,sidearm,,0.6133,0.5733,Chronicle,Team Vitality,chamber,True,100,50,0,8,1,1,False,outlaw,sniper,,0.1089,0.5689,Derke,Team Vitality,neon,True,100,50,1,0,1,7,True,outlaw,sniper,,0.8422,0.3289,Jamppi,Team Vitality,kayo,True,82,13,1,2,0,6,False,phantom,rifle,,0.1789,0.4344,Sayonara,Team Vitality,sova,True,100,50,1,2,1,0,False,phantom,rifle,,0.6433,0.1778,PROFEK,Team Vitality,astra,True,100,50,0,0,0,7,True,vandal,rifle,,0.8556,0.3144
3241.572,6481,ACTIVE_ROUND,22,11,12,33.000,,,s0pp,FUT Esports,chamber,False,,50,1,8,1,4,False,stinger,smg,,,,xeus,FUT Esports,jett,True,45,25,0,1,0,7,False,sheriff,sidearm,,0.1811,0.6589,sociablEE,FUT Esports,fade,True,100,25,0,1,1,4,False,vandal,rifle,,0.7178,0.5000,yetujey,FUT Esports,astra,True,100,25,1,1,0,6,False,guardian,rifle,,0.6689,0.7656,KROSTALY,FUT Esports,kayo,True,100,50,1,1,1,1,False,classic,sidearm,,0.6133,0.5733,Chronicle,Team Vitality,chamber,True,100,50,0,8,1,1,False,outlaw,sniper,,0.1156,0.5733,Derke,Team Vitality,neon,True,100,50,1,0,1,7,True,outlaw,sniper,,0.8422,0.3289,Jamppi,Team Vitality,kayo,True,82,13,1,2,0,6,False,phantom,rifle,,0.1811,0.4278,Sayonara,Team Vitality,sova,True,100,50,1,2,1,0,False,phantom,rifle,,0.2100,0.4089,PROFEK,Team Vitality,astra,True,100,50,0,0,0,7,True,vandal,rifle,,0.8644,0.2989
3242.055,6482,ACTIVE_ROUND,22,11,12,33.000,,,s0pp,FUT Esports,chamber,False,,50,1,8,1,4,False,stinger,smg,,,,xeus,FUT Esports,jett,True,45,25,0,1,0,7,False,sheriff,sidearm,,0.1811,0.6589,sociablEE,FUT Esports,fade,True,100,25,0,1,1,4,False,vandal,rifle,,0.7178,0.5000,yetujey,FUT Esports,astra,True,100,25,1,1,0,6,False,guardian,rifle,,0.6689,0.7656,KROSTALY,FUT Esports,kayo,True,100,50,1,1,1,1,False,classic,sidearm,,0.6133,0.5733,Chronicle,Team Vitality,chamber,True,100,50,0,8,1,1,False,outlaw,sniper,,0.1200,0.5800,Derke,Team Vitality,neon,True,100,50,1,0,1,7,True,outlaw,sniper,,0.8156,0.3156,Jamppi,Team Vitality,kayo,True,82,13,1,2,0,6,False,phantom,rifle,,0.1878,0.4211,Sayonara,Team Vitality,sova,True,100,50,1,2,1,0,False,phantom,rifle,,0.6611,0.1844,PROFEK,Team Vitality,astra,True,100,50,0,0,0,7,True,vandal,rifle,,0.8733,0.2922
3242.539,6483,ACTIVE_ROUND,22,11,12,32.000,,,s0pp,FUT Esports,chamber,False,,50,1,8,1,4,False,stinger,smg,,,,xeus,FUT Esports,jett,True,45,25,0,1,0,7,False,sheriff,sidearm,,0.7300,0.4211,sociablEE,FUT Esports,fade,True,100,25,0,1,1,4,False,vandal,rifle,,0.7178,0.5000,yetujey,FUT Esports,astra,True,100,25,1,1,0,6,False,guardian,rifle,,0.6689,0.7656,KROSTALY,FUT Esports,kayo,True,100,50,1,1,1,1,False,classic,sidearm,,0.6133,0.5733,Chronicle,Team Vitality,chamber,True,100,50,0,8,1,1,False,outlaw,sniper,,0.1200,0.5889,Derke,Team Vitality,neon,True,100,50,1,0,1,7,True,outlaw,sniper,,0.8333,0.3022,Jamppi,Team Vitality,kayo,True,82,19,1,2,0,6,False,phantom,rifle,,0.1967,0.4122,Sayonara,Team Vitality,sova,True,100,50,1,2,1,0,False,phantom,rifle,,0.6611,0.1822,PROFEK,Team Vitality,astra,True,100,50,0,0,0,7,True,vandal,rifle,,0.8911,0.2833
3243.023,6484,ACTIVE_ROUND,22,11,12,32.000,,,s0pp,FUT Esports,chamber,False,,50,1,8,1,4,False,stinger,smg,,,,xeus,FUT Esports,jett,True,45,25,0,1,0,7,False,sheriff,sidearm,,0.7856,0.3611,sociablEE,FUT Esports,fade,True,100,25,0,1,1,4,False,vandal,rifle,,0.7178,0.5000,yetujey,FUT Esports,astra,True,100,25,1,0,0,6,False,guardian,rifle,,0.6689,0.7656,KROSTALY,FUT Esports,kayo,True,100,50,1,1,1,1,False,classic,sidearm,,0.6133,0.5733,Chronicle,Team Vitality,chamber,True,100,50,0,8,1,1,False,outlaw,sniper,,0.1200,0.5889,Derke,Team Vitality,neon,True,100,50,1,0,1,7,True,outlaw,sniper,,0.8578,0.2867,Jamppi,Team Vitality,kayo,True,82,19,1,2,0,6,False,phantom,rifle,,0.2056,0.4100,Sayonara,Team Vitality,sova,True,100,50,1,2,1,0,False,phantom,rifle,,0.6544,0.1800,PROFEK,Team Vitality,astra,True,100,50,1,0,0,7,True,vandal,rifle,,0.8911,0.2833
3243.507,6485,ACTIVE_ROUND,22,11,12,31.000,,,s0pp,FUT Esports,chamber,False,,50,1,8,1,4,False,stinger,smg,,,,xeus,FUT Esports,jett,True,45,25,0,1,0,7,False,sheriff,sidearm,,0.7856,0.3611,sociablEE,FUT Esports,fade,True,100,25,0,1,1,4,False,vandal,rifle,,0.7178,0.5000,yetujey,FUT Esports,astra,True,100,25,1,0,0,6,False,guardian,rifle,,0.6689,0.7656,KROSTALY,FUT Esports,kayo,True,100,50,1,1,1,1,False,classic,sidearm,,0.6133,0.5733,Chronicle,Team Vitality,chamber,True,100,50,0,8,1,1,False,outlaw,sniper,,0.1200,0.5889,Derke,Team Vitality,neon,True,100,50,1,0,1,7,True,outlaw,sniper,,0.8578,0.2867,Jamppi,Team Vitality,kayo,True,82,19,1,2,0,6,False,phantom,rifle,,0.2122,0.4078,Sayonara,Team Vitality,sova,True,100,50,1,2,1,0,False,phantom,rifle,,0.2389,0.3911,PROFEK,Team Vitality,astra,True,100,50,1,0,0,7,True,vandal,rifle,,0.8911,0.2833
3243.991,6486,ACTIVE_ROUND,22,11,12,31.000,,,s0pp,FUT Esports,chamber,False,,50,1,8,1,4,False,stinger,smg,,,,xeus,FUT Esports,jett,True,45,25,0,1,0,7,False,sheriff,sidearm,,0.7278,0.4367,sociablEE,FUT Esports,fade,True,100,25,0,1,1,4,False,vandal,rifle,,0.7178,0.5000,yetujey,FUT Esports,astra,True,100,25,1,0,0,6,False,guardian,rifle,,0.6689,0.7656,KROSTALY,FUT Esports,kayo,True,100,50,1,1,1,1,False,classic,sidearm,,0.6133,0.5733,Chronicle,Team Vitality,chamber,True,100,50,0,8,1,1,False,outlaw,sniper,,0.1200,0.5889,Derke,Team Vitality,neon,True,100,50,1,0,1,7,True,outlaw,sniper,,0.8778,0.2489,Jamppi,Team Vitality,kayo,True,82,19,1,2,0,6,False,phantom,rifle,,0.2100,0.4122,Sayonara,Team Vitality,sova,True,100,50,1,2,1,0,False,phantom,rifle,,0.2367,0.3911,PROFEK,Team Vitality,astra,True,100,50,1,0,0,7,True,vandal,rifle,,0.8911,0.2833
3244.475,6487,ACTIVE_ROUND,22,11,12,30.000,,,s0pp,FUT Esports,chamber,False,,50,1,8,1,4,False,stinger,smg,,,,xeus,FUT Esports,jett,True,45,25,0,1,0,7,False,sheriff,sidearm,,0.6856,0.7322,sociablEE,FUT Esports,fade,True,100,25,0,1,1,4,False,vandal,rifle,,0.7178,0.5000,yetujey,FUT Esports,astra,True,100,25,1,0,0,6,False,guardian,rifle,,0.6689,0.7656,KROSTALY,FUT Esports,kayo,True,100,50,1,1,1,1,False,classic,sidearm,,0.6133,0.5733,Chronicle,Team Vitality,chamber,True,100,50,0,8,1,1,False,outlaw,sniper,,0.1200,0.5889,Derke,Team Vitality,neon,True,100,50,1,0,1,7,True,outlaw,sniper,,0.8867,0.2511,Jamppi,Team Vitality,kayo,True,82,19,1,2,0,6,False,phantom,rifle,,0.2211,0.4167,Sayonara,Team Vitality,sova,True,100,50,1,2,1,0,False,phantom,rifle,,0.2478,0.3956,PROFEK,Team Vitality,astra,True,100,50,1,0,0,7,True,vandal,rifle,,0.8911,0.2833
3244.958,6488,ACTIVE_ROUND,22,11,12,30.000,,,s0pp,FUT Esports,chamber,False,,50,1,8,1,4,False,stinger,smg,,,,xeus,FUT Esports,jett,True,45,25,0,0,0,7,False,sheriff,sidearm,,0.7344,0.3611,sociablEE,FUT Esports,fade,True,100,25,0,1,1,4,False,vandal,rifle,,0.7178,0.5000,yetujey,FUT Esports,astra,True,100,25,1,0,0,6,False,guardian,rifle,,0.6689,0.7656,KROSTALY,FUT Esports,kayo,True,100,50,1,1,1,1,False,classic,sidearm,,0.6133,0.5733,Chronicle,Team Vitality,chamber,True,100,50,0,8,1,1,False,outlaw,sniper,,0.1200,0.5889,Derke,Team Vitality,neon,True,100,50,1,0,1,7,True,outlaw,sniper,,0.8778,0.2444,Jamppi,Team Vitality,kayo,True,82,19,1,2,0,6,False,phantom,rifle,,0.2100,0.4256,Sayonara,Team Vitality,sova,True,100,50,1,2,1,0,False,phantom,rifle,,0.6478,0.1822,PROFEK,Team Vitality,astra,True,100,50,1,0,0,7,True,vandal,rifle,,0.8911,0.2833
3245.442,6489,ACTIVE_ROUND,22,11,12,29.000,,,s0pp,FUT Esports,chamber,False,,50,1,8,1,4,False,stinger,smg,,,,xeus,FUT Esports,jett,True,45,25,0,0,0,7,False,sheriff,sidearm,,0.4700,0.8011,sociablEE,FUT Esports,fade,True,100,25,0,1,1,4,False,vandal,rifle,,0.7178,0.5000,yetujey,FUT Esports,astra,True,100,25,1,0,0,6,False,guardian,rifle,,0.6689,0.7656,KROSTALY,FUT Esports,kayo,True,100,50,1,1,1,1,False,classic,sidearm,,0.6133,0.5733,Chronicle,Team Vitality,chamber,True,100,50,0,8,1,1,False,outlaw,sniper,,0.1200,0.5889,Derke,Team Vitality,neon,True,100,50,1,0,1,7,True,outlaw,sniper,,0.8778,0.2444,Jamppi,Team Vitality,kayo,True,82,19,1,2,0,6,False,phantom,rifle,,0.2122,0.4211,Sayonara,Team Vitality,sova,True,100,50,1,2,1,0,False,phantom,rifle,,0.2411,0.4044,PROFEK,Team Vitality,astra,True,100,50,1,0,0,7,True,vandal,rifle,,0.8911,0.2833
3245.926,6490,ACTIVE_ROUND,22,11,12,29.000,,,s0pp,FUT Esports,chamber,False,,50,1,8,1,4,False,stinger,smg,,,,xeus,FUT Esports,jett,True,45,25,0,0,0,7,False,sheriff,sidearm,,0.6833,0.7344,sociablEE,FUT Esports,fade,True,100,25,0,1,1,4,False,vandal,rifle,,0.7178,0.5000,yetujey,FUT Esports,astra,True,100,25,1,0,0,6,False,guardian,rifle,,0.6689,0.7656,KROSTALY,FUT Esports,kayo,True,100,50,1,1,1,1,False,classic,sidearm,,0.6133,0.5733,Chronicle,Team Vitality,chamber,True,100,50,0,8,1,1,False,outlaw,sniper,,0.1200,0.5889,Derke,Team Vitality,neon,True,100,50,1,0,1,7,True,outlaw,sniper,,0.8778,0.2444,Jamppi,Team Vitality,kayo,True,82,13,1,2,0,6,False,phantom,rifle,,0.2189,0.4144,Sayonara,Team Vitality,sova,True,100,50,1,2,1,0,False,phantom,rifle,,0.1456,0.6289,PROFEK,Team Vitality,astra,True,100,50,1,0,0,7,True,vandal,rifle,,0.8911,0.2833
3246.410,6491,ACTIVE_ROUND,22,11,12,28.000,,,s0pp,FUT Esports,chamber,False,,50,1,8,1,4,False,stinger,smg,,,,xeus,FUT Esports,jett,True,45,25,0,0,0,7,False,sheriff,sidearm,,0.6833,0.7278,sociablEE,FUT Esports,fade,True,100,25,0,1,1,4,False,vandal,rifle,,0.7244,0.3867,yetujey,FUT Esports,astra,True,100,25,1,0,0,6,False,guardian,rifle,,0.6689,0.7656,KROSTALY,FUT Esports,kayo,True,100,50,1,1,1,1,False,classic,sidearm,,0.6133,0.5733,Chronicle,Team Vitality,chamber,True,100,50,0,8,1,1,False,outlaw,sniper,,0.1200,0.5889,Derke,Team Vitality,neon,True,100,50,1,0,1,7,True,outlaw,sniper,,0.8667,0.2222,Jamppi,Team Vitality,kayo,True,82,13,1,2,0,6,False,phantom,rifle,,0.2256,0.4056,Sayonara,Team Vitality,sova,True,100,50,1,2,1,0,False,phantom,rifle,,0.2522,0.3911,PROFEK,Team Vitality,astra,True,100,50,1,0,0,7,True,vandal,rifle,,0.8911,0.3144
3246.894,6492,ACTIVE_ROUND,22,11,12,28.000,,,s0pp,FUT Esports,chamber,False,,50,1,8,1,4,False,stinger,smg,,,,xeus,FUT Esports,jett,True,45,25,0,0,0,7,False,sheriff,sidearm,,0.6833,0.7322,sociablEE,FUT Esports,fade,True,100,25,0,1,0,4,False,vandal,rifle,,0.7244,0.3867,yetujey,FUT Esports,astra,True,100,25,1,0,0,6,False,classic,sidearm,,0.6689,0.7656,KROSTALY,FUT Esports,kayo,True,100,50,1,1,0,1,False,classic,sidearm,,0.6133,0.5733,Chronicle,Team Vitality,chamber,True,100,50,0,8,1,1,False,outlaw,sniper,,0.1200,0.5889,Derke,Team Vitality,neon,True,100,50,1,0,1,7,True,outlaw,sniper,,0.8667,0.2222,Jamppi,Team Vitality,kayo,True,82,19,0,2,0,6,False,phantom,rifle,,0.2411,0.3944,Sayonara,Team Vitality,sova,True,100,50,1,2,1,0,False,phantom,rifle,,0.7011,0.1778,PROFEK,Team Vitality,astra,False,,50,0,0,0,7,True,unknown,unknown,,0.8911,0.3144
3247.377,6493,ACTIVE_ROUND,22,11,12,27.000,,,s0pp,FUT Esports,chamber,False,,50,1,8,1,4,False,stinger,smg,,,,xeus,FUT Esports,jett,True,45,25,0,0,0,7,False,sheriff,sidearm,,0.7256,0.3944,sociablEE,FUT Esports,fade,True,100,25,0,1,0,4,False,vandal,rifle,,0.7244,0.3867,yetujey,FUT Esports,astra,True,100,25,1,0,0,6,False,classic,sidearm,,0.6689,0.7656,KROSTALY,FUT Esports,kayo,True,100,50,1,1,0,1,False,classic,sidearm,,0.6133,0.5733,Chronicle,Team Vitality,chamber,True,100,50,0,8,1,1,False,outlaw,sniper,,0.1200,0.5889,Derke,Team Vitality,neon,True,100,50,1,0,1,7,True,outlaw,sniper,,0.8667,0.2222,Jamppi,Team Vitality,kayo,True,82,19,0,2,0,6,False,phantom,rifle,,0.2567,0.3856,Sayonara,Team Vitality,sova,True,100,50,1,2,1,0,False,phantom,rifle,,0.8856,0.2378,PROFEK,Team Vitality,astra,False,,50,0,0,0,7,True,unknown,unknown,,,
3247.861,6494,ACTIVE_ROUND,22,11,12,27.000,,,s0pp,FUT Esports,chamber,False,,50,1,8,1,4,False,stinger,smg,,,,xeus,FUT Esports,jett,True,45,25,0,0,0,7,False,sheriff,sidearm,,0.7278,0.4033,sociablEE,FUT Esports,fade,True,100,25,0,1,0,4,False,vandal,rifle,,0.7244,0.3867,yetujey,FUT Esports,astra,True,100,25,1,0,0,6,False,classic,sidearm,,0.7022,0.7700,KROSTALY,FUT Esports,kayo,True,100,50,1,1,0,1,False,classic,sidearm,,0.6133,0.5733,Chronicle,Team Vitality,chamber,True,100,50,0,8,1,1,False,outlaw,sniper,,0.1200,0.5889,Derke,Team Vitality,neon,True,100,50,1,0,1,7,True,outlaw,sniper,,0.8667,0.2222,Jamppi,Team Vitality,kayo,True,82,13,0,2,0,6,False,phantom,rifle,,0.2767,0.3789,Sayonara,Team Vitality,sova,True,100,50,1,2,1,0,False,phantom,rifle,,0.7411,0.1778,PROFEK,Team Vitality,astra,False,,50,0,0,0,7,True,unknown,unknown,,,
3248.345,6495,ACTIVE_ROUND,22,11,12,26.000,,,s0pp,FUT Esports,chamber,False,,50,1,8,1,4,False,stinger,smg,,,,xeus,FUT Esports,jett,True,45,25,0,0,0,7,False,sheriff,sidearm,,0.8078,0.3456,sociablEE,FUT Esports,fade,True,100,25,0,1,0,4,False,vandal,rifle,,0.7244,0.3867,yetujey,FUT Esports,astra,True,100,25,1,0,0,6,False,classic,sidearm,,0.7089,0.7700,KROSTALY,FUT Esports,kayo,True,100,50,1,1,0,1,False,classic,sidearm,,0.6133,0.5733,Chronicle,Team Vitality,chamber,True,100,50,0,8,1,1,False,outlaw,sniper,,0.1200,0.5889,Derke,Team Vitality,neon,True,100,50,1,0,1,7,True,outlaw,sniper,,0.8667,0.2222,Jamppi,Team Vitality,kayo,True,82,13,0,2,0,6,False,phantom,rifle,,0.2944,0.3789,Sayonara,Team Vitality,sova,True,100,50,1,2,1,0,False,phantom,rifle,,0.1478,0.6711,PROFEK,Team Vitality,astra,False,,50,0,0,0,7,True,unknown,unknown,,,
3248.829,6496,ACTIVE_ROUND,22,11,12,26.000,,,s0pp,FUT Esports,chamber,False,,50,1,8,1,4,False,stinger,smg,,,,xeus,FUT Esports,jett,True,45,25,0,0,0,7,True,sheriff,sidearm,,0.1411,0.6967,sociablEE,FUT Esports,fade,True,100,25,0,1,0,4,False,vandal,rifle,,0.7244,0.3867,yetujey,FUT Esports,astra,True,100,25,1,0,0,6,False,guardian,rifle,,0.7089,0.7700,KROSTALY,FUT Esports,kayo,True,100,50,1,1,0,1,False,classic,sidearm,,0.6133,0.5733,Chronicle,Team Vitality,chamber,True,100,50,0,8,1,1,False,outlaw,sniper,,0.1200,0.5889,Derke,Team Vitality,neon,True,100,50,1,0,1,7,True,outlaw,sniper,,0.8667,0.2222,Jamppi,Team Vitality,kayo,True,82,13,0,2,0,6,False,phantom,rifle,,0.3144,0.3722,Sayonara,Team Vitality,sova,True,100,50,1,2,1,0,False,phantom,rifle,,0.3500,0.3556,PROFEK,Team Vitality,astra,False,,50,0,0,0,7,True,unknown,unknown,,,
3249.313,6497,ACTIVE_ROUND,22,11,12,25.000,,,s0pp,FUT Esports,chamber,False,,50,1,8,1,4,False,stinger,smg,,,,xeus,FUT Esports,jett,True,45,25,0,0,0,7,True,sheriff,sidearm,,0.7278,0.7189,sociablEE,FUT Esports,fade,True,100,25,0,1,0,4,False,vandal,rifle,,0.7244,0.3867,yetujey,FUT Esports,astra,True,100,25,1,0,0,6,False,guardian,rifle,,0.7089,0.7700,KROSTALY,FUT Esports,kayo,True,100,50,1,1,0,1,False,classic,sidearm,,0.7933,0.3667,Chronicle,Team Vitality,chamber,True,100,50,0,8,1,1,False,outlaw,sniper,,0.1244,0.6644,Derke,Team Vitality,neon,True,100,50,1,0,1,7,True,outlaw,sniper,,0.8667,0.2222,Jamppi,Team Vitality,kayo,True,82,13,0,2,0,6,False,phantom,rifle,,0.3367,0.3700,Sayonara,Team Vitality,sova,True,100,50,1,2,1,0,False,phantom,rifle,,0.1589,0.6556,PROFEK,Team Vitality,astra,False,,50,0,0,0,7,True,unknown,unknown,,,
3249.797,6498,ACTIVE_ROUND,22,11,12,25.000,,,s0pp,FUT Esports,chamber,False,,50,1,8,1,4,False,stinger,smg,,,,xeus,FUT Esports,jett,True,45,25,0,0,0,7,True,sheriff,sidearm,,0.7300,0.7189,sociablEE,FUT Esports,fade,True,100,25,0,1,0,4,False,vandal,rifle,,0.8244,0.3800,yetujey,FUT Esports,astra,True,100,25,1,0,0,6,False,guardian,rifle,,0.7089,0.7700,KROSTALY,FUT Esports,kayo,True,100,50,1,1,0,1,False,classic,sidearm,,0.7933,0.3667,Chronicle,Team Vitality,chamber,True,100,50,0,8,1,1,False,outlaw,sniper,,0.1333,0.6467,Derke,Team Vitality,neon,True,100,50,1,0,1,7,True,outlaw,sniper,,0.8289,0.1933,Jamppi,Team Vitality,kayo,True,82,13,0,2,0,6,False,phantom,rifle,,0.3611,0.3633,Sayonara,Team Vitality,sova,True,100,50,1,2,1,0,False,phantom,rifle,,0.3856,0.3222,PROFEK,Team Vitality,astra,False,,50,0,0,0,7,True,unknown,unknown,,,
3250.280,6499,ACTIVE_ROUND,22,11,12,24.000,,,s0pp,FUT Esports,chamber,False,,50,1,8,1,4,False,stinger,smg,,,,xeus,FUT Esports,jett,True,45,25,0,0,0,7,True,sheriff,sidearm,,0.7300,0.7189,sociablEE,FUT Esports,fade,True,100,25,0,1,0,4,False,vandal,rifle,,0.8289,0.3733,yetujey,FUT Esports,astra,True,100,25,1,0,0,6,False,guardian,rifle,,0.7089,0.7700,KROSTALY,FUT Esports,kayo,True,100,50,1,1,0,1,False,classic,sidearm,,0.7911,0.3644,Chronicle,Team Vitality,chamber,True,100,50,0,8,1,1,False,outlaw,sniper,,0.1333,0.6244,Derke,Team Vitality,neon,True,100,50,1,0,1,7,True,outlaw,sniper,,0.8311,0.2089,Jamppi,Team Vitality,kayo,True,82,13,0,2,0,6,False,phantom,rifle,,0.3722,0.3433,Sayonara,Team Vitality,sova,True,100,50,1,2,1,0,False,phantom,rifle,,0.3900,0.3000,PROFEK,Team Vitality,astra,False,,50,0,0,0,7,True,unknown,unknown,,,
3250.764,6500,ACTIVE_ROUND,22,11,12,24.000,,,s0pp,FUT Esports,chamber,False,,50,1,8,1,4,False,stinger,smg,,,,xeus,FUT Esports,jett,True,45,25,0,0,0,7,True,sheriff,sidearm,,0.7344,0.7144,sociablEE,FUT Esports,fade,True,100,25,0,1,0,4,False,vandal,rifle,,0.8333,0.3689,yetujey,FUT Esports,astra,True,100,25,1,0,0,6,False,classic,sidearm,,0.7356,0.7567,KROSTALY,FUT Esports,kayo,True,100,50,1,1,0,1,False,classic,sidearm,,0.8000,0.3644,Chronicle,Team Vitality,chamber,True,100,50,0,8,1,1,False,outlaw,sniper,,0.1333,0.6244,Derke,Team Vitality,neon,True,100,50,1,0,1,7,True,outlaw,sniper,,0.8422,0.2133,Jamppi,Team Vitality,kayo,True,82,13,0,2,0,6,False,phantom,rifle,,0.3789,0.3211,Sayonara,Team Vitality,sova,True,100,50,1,2,0,0,False,phantom,rifle,,0.3944,0.2800,PROFEK,Team Vitality,astra,False,,50,0,0,0,7,True,unknown,unknown,,,
3251.248,6501,ACTIVE_ROUND,22,11,12,24.000,,,s0pp,FUT Esports,chamber,False,,50,1,8,1,4,False,stinger,smg,,,,xeus,FUT Esports,jett,True,45,25,0,0,0,7,True,sheriff,sidearm,,0.7344,0.7056,sociablEE,FUT Esports,fade,True,100,25,0,1,0,4,False,vandal,rifle,,0.8333,0.3689,yetujey,FUT Esports,astra,True,100,25,1,0,0,6,False,classic,sidearm,,0.7467,0.7433,KROSTALY,FUT Esports,kayo,True,100,50,1,1,0,1,False,classic,sidearm,,0.8133,0.3644,Chronicle,Team Vitality,chamber,True,100,50,0,8,1,1,False,outlaw,sniper,,0.1333,0.6244,Derke,Team Vitality,neon,True,100,50,1,0,1,7,True,outlaw,sniper,,0.8644,0.2267,Jamppi,Team Vitality,kayo,True,82,13,0,2,0,6,False,phantom,rifle,,0.3767,0.2989,Sayonara,Team Vitality,sova,True,100,50,1,2,0,0,False,phantom,rifle,,0.1500,0.5556,PROFEK,Team Vitality,astra,False,,50,0,0,0,7,True,unknown,unknown,,,
3251.732,6502,ACTIVE_ROUND,22,11,12,23.000,,,s0pp,FUT Esports,chamber,False,,50,1,8,1,4,False,stinger,smg,,,,xeus,FUT Esports,jett,True,45,25,0,0,0,7,True,sheriff,sidearm,,0.7633,0.3767,sociablEE,FUT Esports,fade,True,100,25,0,1,0,4,False,vandal,rifle,,0.8333,0.3689,yetujey,FUT Esports,astra,True,100,25,1,0,0,6,False,classic,sidearm,,0.7600,0.7300,KROSTALY,FUT Esports,kayo,True,100,50,1,1,0,1,False,classic,sidearm,,0.8289,0.3556,Chronicle,Team Vitality,chamber,True,100,50,0,8,1,1,False,outlaw,sniper,,0.1200,0.5756,Derke,Team Vitality,neon,True,100,50,1,0,1,7,True,outlaw,sniper,,0.8644,0.2267,Jamppi,Team Vitality,kayo,True,82,13,0,2,0,6,False,phantom,rifle,,0.3633,0.2789,Sayonara,Team Vitality,sova,True,100,50,1,2,0,0,False,phantom,rifle,,0.1456,0.5378,PROFEK,Team Vitality,astra,False,,50,0,0,0,7,True,unknown,unknown,,,
3252.216,6503,ACTIVE_ROUND,22,11,12,23.000,,,s0pp,FUT Esports,chamber,False,,50,1,8,1,4,False,stinger,smg,,,,xeus,FUT Esports,jett,True,45,25,0,0,0,7,True,sheriff,sidearm,,0.7544,0.3656,sociablEE,FUT Esports,fade,True,100,25,0,1,0,4,False,vandal,rifle,,0.8333,0.3689,yetujey,FUT Esports,astra,True,100,25,1,0,0,6,False,classic,sidearm,,0.7711,0.7122,KROSTALY,FUT Esports,kayo,True,100,50,1,1,0,1,False,classic,sidearm,,0.8289,0.3556,Chronicle,Team Vitality,chamber,True,100,50,0,8,1,1,False,outlaw,sniper,,0.1244,0.5511,Derke,Team Vitality,neon,True,100,50,1,0,1,7,True,outlaw,sniper,,0.8644,0.2267,Jamppi,Team Vitality,kayo,True,82,13,0,2,0,6,False,phantom,rifle,,0.3433,0.2878,Sayonara,Team Vitality,sova,True,100,50,1,2,0,0,False,phantom,rifle,,0.1656,0.5111,PROFEK,Team Vitality,astra,False,,50,0,0,0,7,True,unknown,unknown,,,
3252.699,6504,ACTIVE_ROUND,22,11,12,22.000,,,s0pp,FUT Esports,chamber,False,,50,1,8,1,4,False,stinger,smg,,,,xeus,FUT Esports,jett,True,45,25,0,0,0,7,True,sheriff,sidearm,,0.7456,0.3567,sociablEE,FUT Esports,fade,True,100,25,0,0,0,4,False,vandal,rifle,,0.8333,0.3689,yetujey,FUT Esports,astra,True,100,25,0,0,0,6,False,guardian,rifle,,0.7733,0.6944,KROSTALY,FUT Esports,kayo,True,100,50,0,1,0,1,False,classic,sidearm,,0.8289,0.3556,Chronicle,Team Vitality,chamber,True,100,50,0,8,1,1,False,outlaw,sniper,,0.1356,0.5356,Derke,Team Vitality,neon,True,100,50,1,0,1,7,True,outlaw,sniper,,0.8644,0.2267,Jamppi,Team Vitality,kayo,True,82,13,0,2,0,6,False,phantom,rifle,,0.1011,0.5300,Sayonara,Team Vitality,sova,True,100,50,1,2,0,0,False,phantom,rifle,,0.6678,0.1844,PROFEK,Team Vitality,astra,False,,50,0,0,0,7,True,unknown,unknown,,,
3253.183,6505,ACTIVE_ROUND,22,11,12,22.000,,,s0pp,FUT Esports,chamber,False,,50,1,8,1,4,False,stinger,smg,,,,xeus,FUT Esports,jett,True,45,25,0,0,0,7,True,sheriff,sidearm,,0.7322,0.3522,sociablEE,FUT Esports,fade,True,100,25,0,0,0,4,False,vandal,rifle,,0.8333,0.3689,yetujey,FUT Esports,astra,True,100,25,0,0,0,6,False,guardian,rifle,,0.7756,0.6833,KROSTALY,FUT Esports,kayo,True,100,50,0,1,0,1,False,classic,sidearm,,0.8289,0.3556,Chronicle,Team Vitality,chamber,True,100,50,0,8,1,1,False,outlaw,sniper,,0.1444,0.5200,Derke,Team Vitality,neon,True,100,50,1,0,1,7,True,outlaw,sniper,,0.8644,0.2267,Jamppi,Team Vitality,kayo,True,82,13,0,2,0,6,False,phantom,rifle,,0.3389,0.3344,Sayonara,Team Vitality,sova,True,100,50,1,2,0,0,False,phantom,rifle,,0.6544,0.1778,PROFEK,Team Vitality,astra,False,,50,0,0,0,7,True,unknown,unknown,,,
3253.667,6506,ACTIVE_ROUND,22,11,12,21.000,,,s0pp,FUT Esports,chamber,False,,50,1,8,1,4,False,stinger,smg,,,,xeus,FUT Esports,jett,True,45,25,0,0,0,7,True,sheriff,sidearm,,0.7211,0.3478,sociablEE,FUT Esports,fade,True,100,25,0,0,0,4,False,vandal,rifle,,0.8333,0.3689,yetujey,FUT Esports,astra,True,100,25,0,0,0,6,False,guardian,rifle,,0.7756,0.6833,KROSTALY,FUT Esports,kayo,True,100,50,0,1,0,1,False,classic,sidearm,,0.8289,0.3556,Chronicle,Team Vitality,chamber,True,100,50,0,8,1,1,False,outlaw,sniper,,0.1422,0.5000,Derke,Team Vitality,neon,True,100,50,1,0,1,7,True,outlaw,sniper,,0.8644,0.2267,Jamppi,Team Vitality,kayo,True,82,13,0,2,0,6,False,phantom,rifle,,0.3389,0.3522,Sayonara,Team Vitality,sova,True,100,50,1,2,0,0,False,phantom,rifle,,0.6922,0.1578,PROFEK,Team Vitality,astra,False,,50,0,0,0,7,True,unknown,unknown,,,
3254.151,6507,ACTIVE_ROUND,22,11,12,21.000,,,s0pp,FUT Esports,chamber,False,,50,1,8,1,4,False,stinger,smg,,,,xeus,FUT Esports,jett,True,45,25,0,0,0,7,True,sheriff,sidearm,,0.7122,0.3433,sociablEE,FUT Esports,fade,True,100,25,0,0,0,4,False,vandal,rifle,,0.8089,0.4044,yetujey,FUT Esports,astra,True,100,25,0,0,0,6,False,guardian,rifle,,0.7756,0.6833,KROSTALY,FUT Esports,kayo,True,100,50,0,1,0,1,False,classic,sidearm,,0.8289,0.3556,Chronicle,Team Vitality,chamber,True,100,50,0,8,1,1,False,outlaw,sniper,,0.1422,0.4822,Derke,Team Vitality,neon,True,100,50,1,0,1,7,True,outlaw,sniper,,0.8644,0.2267,Jamppi,Team Vitality,kayo,True,82,13,0,2,0,6,False,phantom,rifle,,0.3389,0.3500,Sayonara,Team Vitality,sova,True,100,50,1,2,0,0,False,phantom,rifle,,0.7144,0.1578,PROFEK,Team Vitality,astra,False,,50,0,0,0,7,True,unknown,unknown,,,
3254.635,6508,ACTIVE_ROUND,22,11,12,20.000,,,s0pp,FUT Esports,chamber,False,,50,1,8,1,4,False,stinger,smg,,,,xeus,FUT Esports,jett,True,45,25,0,0,0,7,True,sheriff,sidearm,,0.7033,0.3433,sociablEE,FUT Esports,fade,True,100,25,0,0,0,4,False,vandal,rifle,,0.8089,0.4044,yetujey,FUT Esports,astra,True,100,25,0,0,0,6,False,guardian,rifle,,0.7756,0.6833,KROSTALY,FUT Esports,kayo,True,100,50,0,1,0,1,False,classic,sidearm,,0.8289,0.3556,Chronicle,Team Vitality,chamber,True,100,50,0,8,1,1,False,outlaw,sniper,,0.1489,0.4644,Derke,Team Vitality,neon,True,100,50,1,0,1,7,True,outlaw,sniper,,0.8644,0.2267,Jamppi,Team Vitality,kayo,True,82,13,0,2,0,6,False,phantom,rifle,,0.3456,0.3344,Sayonara,Team Vitality,sova,True,100,50,1,2,0,0,False,phantom,rifle,,0.3767,0.3022,PROFEK,Team Vitality,astra,False,,50,0,0,0,7,True,unknown,unknown,,,
3255.119,6509,ACTIVE_ROUND,22,11,12,20.000,,,s0pp,FUT Esports,chamber,False,,50,1,8,1,4,False,stinger,smg,,,,xeus,FUT Esports,jett,True,45,25,0,0,0,7,True,sheriff,sidearm,,0.7033,0.3433,sociablEE,FUT Esports,fade,True,100,25,0,0,0,4,False,vandal,rifle,,0.8089,0.4044,yetujey,FUT Esports,astra,True,100,25,0,0,0,6,False,guardian,rifle,,0.7756,0.6833,KROSTALY,FUT Esports,kayo,True,100,50,0,1,0,1,False,classic,sidearm,,0.8289,0.3556,Chronicle,Team Vitality,chamber,True,100,50,0,8,1,1,False,outlaw,sniper,,0.1600,0.4511,Derke,Team Vitality,neon,True,100,50,1,0,1,7,True,outlaw,sniper,,0.8644,0.2267,Jamppi,Team Vitality,kayo,True,82,13,0,2,0,6,False,phantom,rifle,,0.3433,0.3122,Sayonara,Team Vitality,sova,True,100,50,1,2,0,0,False,phantom,rifle,,0.7589,0.1556,PROFEK,Team Vitality,astra,False,,50,0,0,0,7,True,unknown,unknown,,,
3255.602,6510,ACTIVE_ROUND,22,11,12,19.000,,,s0pp,FUT Esports,chamber,False,,50,1,8,1,4,False,stinger,smg,,,,xeus,FUT Esports,jett,True,45,25,0,0,0,7,True,sheriff,sidearm,,0.7011,0.3411,sociablEE,FUT Esports,fade,True,100,25,0,0,0,4,False,vandal,rifle,,0.8089,0.4089,yetujey,FUT Esports,astra,True,100,25,0,0,0,6,False,guardian,rifle,,0.7756,0.6833,KROSTALY,FUT Esports,kayo,False,,50,0,1,0,1,False,classic,sidearm,,0.8289,0.3556,Chronicle,Team Vitality,chamber,True,100,50,0,8,1,1,False,outlaw,sniper,,0.1778,0.4378,Derke,Team Vitality,neon,True,100,50,1,0,1,7,True,outlaw,sniper,,0.8644,0.2267,Jamppi,Team Vitality,kayo,True,82,13,0,2,0,6,False,phantom,rifle,,0.3478,0.2922,Sayonara,Team Vitality,sova,True,100,50,1,2,0,0,False,phantom,rifle,,0.2078,0.4178,PROFEK,Team Vitality,astra,False,,50,0,0,0,7,True,unknown,unknown,,,
3256.086,6511,ACTIVE_ROUND,22,11,12,19.000,,,s0pp,FUT Esports,chamber,False,,50,1,8,1,4,False,stinger,smg,,,,xeus,FUT Esports,jett,True,45,25,0,0,0,7,True,sheriff,sidearm,,0.7100,0.3456,sociablEE,FUT Esports,fade,True,100,25,0,0,0,4,False,vandal,rifle,,0.8089,0.4089,yetujey,FUT Esports,astra,True,100,25,0,0,0,6,False,guardian,rifle,,0.7756,0.6833,KROSTALY,FUT Esports,kayo,False,,50,0,1,0,1,False,classic,sidearm,,,,Chronicle,Team Vitality,chamber,True,100,50,0,8,1,1,False,outlaw,sniper,,0.1933,0.4267,Derke,Team Vitality,neon,True,100,50,1,0,1,7,True,outlaw,sniper,,0.8644,0.2267,Jamppi,Team Vitality,kayo,True,82,13,0,2,0,6,False,phantom,rifle,,0.3567,0.2789,Sayonara,Team Vitality,sova,True,100,50,1,2,0,0,False,phantom,rifle,,0.3967,0.2644,PROFEK,Team Vitality,astra,False,,50,0,0,0,7,True,unknown,unknown,,,
3256.570,6512,ACTIVE_ROUND,22,11,12,18.000,,,s0pp,FUT Esports,chamber,False,,50,1,8,1,4,False,stinger,smg,,,,xeus,FUT Esports,jett,True,45,25,0,0,0,7,True,sheriff,sidearm,,0.7278,0.3589,sociablEE,FUT Esports,fade,True,17,25,0,0,0,4,False,vandal,rifle,,0.8089,0.4089,yetujey,FUT Esports,astra,True,100,25,0,0,0,6,False,guardian,rifle,,0.7756,0.6833,KROSTALY,FUT Esports,kayo,False,,50,0,1,0,1,False,classic,sidearm,,,,Chronicle,Team Vitality,chamber,True,100,50,0,8,0,1,False,outlaw,sniper,,0.2089,0.4178,Derke,Team Vitality,neon,False,,50,0,0,0,7,True,unknown,unknown,,0.8644,0.2267,Jamppi,Team Vitality,kayo,True,82,13,0,2,0,6,False,phantom,rifle,,0.3744,0.2722,Sayonara,Team Vitality,sova,True,100,50,1,2,0,0,False,phantom,rifle,,0.4167,0.2578,PROFEK,Team Vitality,astra,False,,50,0,0,0,7,True,unknown,unknown,,,
3257.054,6513,ACTIVE_ROUND,22,11,12,18.000,,,s0pp,FUT Esports,chamber,False,,50,1,8,1,4,False,stinger,smg,,,,xeus,FUT Esports,jett,True,45,25,0,0,0,7,True,sheriff,sidearm,,0.7478,0.3678,sociablEE,FUT Esports,fade,True,17,25,0,0,0,4,False,vandal,rifle,,0.8200,0.4022,yetujey,FUT Esports,astra,True,100,25,0,0,0,6,False,guardian,rifle,,0.7756,0.6833,KROSTALY,FUT Esports,kayo,False,,50,0,1,0,1,False,classic,sidearm,,,,Chronicle,Team Vitality,chamber,True,100,50,0,8,0,1,False,outlaw,sniper,,0.2267,0.4089,Derke,Team Vitality,neon,False,,50,0,0,0,7,True,unknown,unknown,,,,Jamppi,Team Vitality,kayo,True,82,13,0,2,0,6,False,phantom,rifle,,0.5811,0.2922,Sayonara,Team Vitality,sova,True,100,50,1,2,0,0,False,phantom,rifle,,0.4167,0.2578,PROFEK,Team Vitality,astra,False,,50,0,0,0,7,True,unknown,unknown,,,
3257.538,6514,ACTIVE_ROUND,22,11,12,17.000,,,s0pp,FUT Esports,chamber,False,,50,1,8,1,4,False,stinger,smg,,,,xeus,FUT Esports,jett,True,45,25,0,0,0,7,True,sheriff,sidearm,,0.8878,0.5678,sociablEE,FUT Esports,fade,True,17,25,0,0,0,4,False,vandal,rifle,,0.8378,0.3956,yetujey,FUT Esports,astra,True,100,25,0,0,0,6,False,guardian,rifle,,0.7756,0.6833,KROSTALY,FUT Esports,kayo,False,,50,0,1,0,1,False,classic,sidearm,,,,Chronicle,Team Vitality,chamber,True,100,50,0,8,0,1,False,outlaw,sniper,,0.2400,0.4022,Derke,Team Vitality,neon,False,,50,0,0,0,7,True,unknown,unknown,,,,Jamppi,Team Vitality,kayo,True,82,13,0,2,0,6,False,phantom,rifle,,0.7633,0.6167,Sayonara,Team Vitality,sova,True,100,50,1,2,0,0,False,phantom,rifle,,0.4167,0.2578,PROFEK,Team Vitality,astra,False,,50,0,0,0,7,True,unknown,unknown,,,
3258.021,6515,ACTIVE_ROUND,22,11,12,17.000,,,s0pp,FUT Esports,chamber,False,,50,1,8,1,4,False,stinger,smg,,,,xeus,FUT Esports,jett,True,45,25,0,0,0,7,True,sheriff,sidearm,,0.7656,0.3656,sociablEE,FUT Esports,fade,True,17,25,0,0,0,4,False,vandal,rifle,,0.8489,0.3844,yetujey,FUT Esports,astra,True,100,25,0,0,0,6,False,guardian,rifle,,0.7756,0.6833,KROSTALY,FUT Esports,kayo,False,,50,0,1,0,1,False,classic,sidearm,,,,Chronicle,Team Vitality,chamber,True,100,50,0,8,0,1,False,outlaw,sniper,,0.2556,0.3956,Derke,Team Vitality,neon,False,,50,0,0,0,7,True,unknown,unknown,,,,Jamppi,Team Vitality,kayo,True,82,13,0,2,0,6,False,phantom,rifle,,0.4278,0.2589,Sayonara,Team Vitality,sova,True,100,50,1,2,0,0,False,phantom,rifle,,0.4678,0.2400,PROFEK,Team Vitality,astra,False,,50,0,0,0,7,True,unknown,unknown,,,
3258.505,6516,ACTIVE_ROUND,22,11,12,16.000,,,s0pp,FUT Esports,chamber,False,,50,1,8,1,4,False,stinger,smg,,,,xeus,FUT Esports,jett,True,45,25,0,0,0,7,True,sheriff,sidearm,,0.7633,0.3544,sociablEE,FUT Esports,fade,True,17,25,0,0,0,5,False,vandal,rifle,,0.8489,0.3844,yetujey,FUT Esports,astra,True,100,25,0,0,0,6,False,guardian,rifle,,0.7756,0.6833,KROSTALY,FUT Esports,kayo,False,,50,0,1,0,1,False,classic,sidearm,,,,Chronicle,Team Vitality,chamber,True,100,50,0,8,0,1,False,outlaw,sniper,,0.2778,0.3911,Derke,Team Vitality,neon,False,,50,0,0,0,7,True,unknown,unknown,,,,Jamppi,Team Vitality,kayo,True,82,13,0,2,1,6,False,phantom,rifle,,0.7656,0.6144,Sayonara,Team Vitality,sova,True,100,50,1,2,0,0,False,phantom,rifle,,0.4678,0.2400,PROFEK,Team Vitality,astra,False,,50,0,0,0,7,True,unknown,unknown,,,
3258.989,6517,ACTIVE_ROUND,22,11,12,16.000,,,s0pp,FUT Esports,chamber,False,,50,1,8,1,4,False,stinger,smg,,,,xeus,FUT Esports,jett,True,45,25,0,0,0,7,True,sheriff,sidearm,,0.7522,0.3544,sociablEE,FUT Esports,fade,True,17,25,0,0,0,5,False,vandal,rifle,,0.8489,0.3844,yetujey,FUT Esports,astra,True,100,25,0,0,0,6,False,guardian,rifle,,0.9022,0.5433,KROSTALY,FUT Esports,kayo,False,,50,0,1,0,1,False,classic,sidearm,,,,Chronicle,Team Vitality,chamber,True,100,50,0,8,0,1,False,outlaw,sniper,,0.3000,0.3867,Derke,Team Vitality,neon,False,,50,0,0,0,7,True,unknown,unknown,,,,Jamppi,Team Vitality,kayo,True,82,13,0,2,1,6,False,phantom,rifle,,0.4656,0.2500,Sayonara,Team Vitality,sova,True,100,50,1,2,0,0,False,phantom,rifle,,0.8767,0.2311,PROFEK,Team Vitality,astra,False,,50,0,0,0,7,True,unknown,unknown,,,
3259.473,6518,ACTIVE_ROUND,22,11,12,15.000,,,s0pp,FUT Esports,chamber,False,,50,1,8,1,4,False,stinger,smg,,,,xeus,FUT Esports,jett,True,45,25,0,0,0,7,True,sheriff,sidearm,,0.7389,0.3544,sociablEE,FUT Esports,fade,True,17,5,0,0,0,5,False,vandal,rifle,,0.8489,0.3844,yetujey,FUT Esports,astra,True,100,25,0,0,0,6,False,guardian,rifle,,0.8933,0.5300,KROSTALY,FUT Esports,kayo,False,,50,0,1,0,1,False,classic,sidearm,,,,Chronicle,Team Vitality,chamber,True,100,50,0,8,0,1,False,outlaw,sniper,,0.3222,0.3800,Derke,Team Vitality,neon,False,,50,0,0,0,7,True,unknown,unknown,,,,Jamppi,Team Vitality,kayo,True,82,13,0,2,1,6,False,phantom,rifle,,0.4833,0.2456,Sayonara,Team Vitality,sova,True,100,50,1,2,0,0,False,phantom,rifle,,0.8878,0.2400,PROFEK,Team Vitality,astra,False,,50,0,0,0,7,True,unknown,unknown,,,
3259.957,6519,ACTIVE_ROUND,22,11,12,15.000,,,s0pp,FUT Esports,chamber,False,,50,1,8,1,4,False,stinger,smg,,,,xeus,FUT Esports,jett,True,45,25,0,0,0,7,True,sheriff,sidearm,,0.7256,0.3500,sociablEE,FUT Esports,fade,True,17,5,0,0,0,5,False,vandal,rifle,,0.8489,0.3844,yetujey,FUT Esports,astra,True,100,25,0,0,0,6,False,guardian,rifle,,0.8800,0.5211,KROSTALY,FUT Esports,kayo,False,,50,0,1,0,1,False,classic,sidearm,,,,Chronicle,Team Vitality,chamber,True,100,50,0,8,0,1,False,outlaw,sniper,,0.3444,0.3711,Derke,Team Vitality,neon,False,,50,0,0,0,7,True,unknown,unknown,,,,Jamppi,Team Vitality,kayo,True,82,13,0,2,1,6,False,phantom,rifle,,0.5011,0.2500,Sayonara,Team Vitality,sova,True,100,50,1,2,0,0,False,phantom,rifle,,0.5433,0.2333,PROFEK,Team Vitality,astra,False,,50,0,0,0,7,True,unknown,unknown,,,
3260.441,6520,ACTIVE_ROUND,22,11,12,14.830,,,s0pp,FUT Esports,chamber,False,,50,1,8,1,4,False,stinger,smg,,,,xeus,FUT Esports,jett,True,45,25,0,0,0,7,True,sheriff,sidearm,,0.5456,0.4900,sociablEE,FUT Esports,fade,True,17,25,0,0,0,5,False,vandal,rifle,,0.8489,0.3844,yetujey,FUT Esports,astra,True,100,25,0,0,0,6,False,guardian,rifle,,0.8711,0.5211,KROSTALY,FUT Esports,kayo,False,,50,0,1,0,1,False,classic,sidearm,,,,Chronicle,Team Vitality,chamber,True,100,50,0,8,0,1,False,outlaw,sniper,,0.3622,0.3600,Derke,Team Vitality,neon,False,,50,0,0,0,7,True,unknown,unknown,,,,Jamppi,Team Vitality,kayo,True,82,13,0,2,1,6,False,phantom,rifle,,0.5189,0.2478,Sayonara,Team Vitality,sova,True,100,50,0,2,0,0,False,phantom,rifle,,0.3878,0.3222,PROFEK,Team Vitality,astra,False,,50,0,0,0,7,True,unknown,unknown,,,
3260.924,6521,ACTIVE_ROUND,22,11,12,14.360,,,s0pp,FUT Esports,chamber,False,,50,1,8,1,4,False,stinger,smg,,,,xeus,FUT Esports,jett,True,45,25,0,0,0,7,True,sheriff,sidearm,,0.7033,0.3433,sociablEE,FUT Esports,fade,True,17,25,0,0,0,5,False,vandal,rifle,,0.8489,0.3844,yetujey,FUT Esports,astra,True,100,25,0,0,0,6,False,guardian,rifle,,0.8689,0.5211,KROSTALY,FUT Esports,kayo,False,,50,0,1,0,1,False,classic,sidearm,,,,Chronicle,Team Vitality,chamber,True,100,50,0,8,0,1,False,outlaw,sniper,,0.3756,0.3400,Derke,Team Vitality,neon,False,,50,0,0,0,7,True,unknown,unknown,,,,Jamppi,Team Vitality,kayo,True,82,13,0,2,1,6,False,phantom,rifle,,0.5389,0.2433,Sayonara,Team Vitality,sova,True,100,50,0,2,0,0,False,phantom,rifle,,0.5722,0.2133,PROFEK,Team Vitality,astra,False,,50,0,0,0,7,True,unknown,unknown,,,
3261.408,6522,ACTIVE_ROUND,22,11,12,13.870,,,s0pp,FUT Esports,chamber,False,,50,1,8,1,4,False,stinger,smg,,,,xeus,FUT Esports,jett,True,45,25,0,0,0,7,True,sheriff,sidearm,,0.7011,0.3411,sociablEE,FUT Esports,fade,True,17,25,0,0,0,5,False,vandal,rifle,,0.8489,0.3844,yetujey,FUT Esports,astra,True,100,25,0,0,0,6,False,guardian,rifle,,0.8600,0.5211,KROSTALY,FUT Esports,kayo,False,,50,0,1,0,1,False,classic,sidearm,,,,Chronicle,Team Vitality,chamber,True,100,50,0,8,0,1,False,outlaw,sniper,,0.3756,0.3400,Derke,Team Vitality,neon,False,,50,0,0,0,7,True,unknown,unknown,,,,Jamppi,Team Vitality,kayo,True,82,13,0,2,1,6,False,phantom,rifle,,0.5522,0.2300,Sayonara,Team Vitality,sova,True,100,50,0,2,0,0,False,phantom,rifle,,0.8922,0.2444,PROFEK,Team Vitality,astra,False,,50,0,0,0,7,True,unknown,unknown,,,
3261.892,6523,ACTIVE_ROUND,22,11,12,13.380,,,s0pp,FUT Esports,chamber,False,,50,1,8,1,4,False,stinger,smg,,,,xeus,FUT Esports,jett,True,45,25,0,0,0,7,True,sheriff,sidearm,,0.6989,0.3389,sociablEE,FUT Esports,fade,True,17,25,0,0,0,5,False,vandal,rifle,,0.8289,0.3533,yetujey,FUT Esports,astra,True,100,25,0,0,0,6,False,guardian,rifle,,0.8600,0.5211,KROSTALY,FUT Esports,kayo,False,,50,0,1,0,1,False,classic,sidearm,,,,Chronicle,Team Vitality,chamber,True,100,50,0,8,0,1,False,outlaw,sniper,,0.3756,0.3400,Derke,Team Vitality,neon,False,,50,0,0,0,7,True,unknown,unknown,,,,Jamppi,Team Vitality,kayo,True,82,13,0,2,1,6,False,phantom,rifle,,0.5700,0.2211,Sayonara,Team Vitality,sova,True,100,50,0,2,0,0,False,phantom,rifle,,0.4344,0.2711,PROFEK,Team Vitality,astra,False,,50,0,0,0,7,True,unknown,unknown,,,
3262.376,6524,ACTIVE_ROUND,22,11,12,12.900,,,s0pp,FUT Esports,chamber,False,,50,1,8,1,4,False,stinger,smg,,,,xeus,FUT Esports,jett,True,45,25,0,0,0,7,True,sheriff,sidearm,,0.7722,0.3589,sociablEE,FUT Esports,fade,True,17,25,0,0,0,5,False,vandal,rifle,,0.8289,0.3533,yetujey,FUT Esports,astra,True,100,25,0,0,0,6,False,guardian,rifle,,0.8511,0.5167,KROSTALY,FUT Esports,kayo,False,,50,0,1,0,1,False,classic,sidearm,,,,Chronicle,Team Vitality,chamber,True,100,50,0,8,0,1,False,outlaw,sniper,,0.4133,0.2822,Derke,Team Vitality,neon,False,,50,0,0,0,7,True,unknown,unknown,,,,Jamppi,Team Vitality,kayo,True,82,13,0,2,1,6,False,phantom,rifle,,0.5878,0.2144,Sayonara,Team Vitality,sova,True,100,50,0,2,0,0,False,phantom,rifle,,0.4522,0.2578,PROFEK,Team Vitality,astra,False,,50,0,0,0,7,True,unknown,unknown,,,
3263.827,6527,ACTIVE_ROUND,22,11,12,,0.000,,s0pp,FUT Esports,chamber,False,,50,1,8,1,4,False,stinger,smg,,,,xeus,FUT Esports,jett,True,45,25,0,0,0,7,True,sheriff,sidearm,,0.7011,0.3411,sociablEE,FUT Esports,fade,True,17,25,0,0,0,5,False,vandal,rifle,,0.8067,0.3711,yetujey,FUT Esports,astra,True,100,25,0,0,0,6,False,guardian,rifle,,0.8822,0.5011,KROSTALY,FUT Esports,kayo,False,,50,0,1,0,1,False,classic,sidearm,,,,Chronicle,Team Vitality,chamber,True,100,50,0,8,0,1,False,outlaw,sniper,,0.4133,0.2822,Derke,Team Vitality,neon,False,,50,0,0,0,7,True,unknown,unknown,,,,Jamppi,Team Vitality,kayo,True,82,13,0,2,1,6,False,phantom,rifle,,0.6100,0.1678,Sayonara,Team Vitality,sova,True,100,50,0,2,0,0,False,phantom,rifle,,0.6478,0.1600,PROFEK,Team Vitality,astra,False,,50,0,0,0,7,True,unknown,unknown,,,
3264.311,6528,ACTIVE_ROUND,22,11,12,,0.484,,s0pp,FUT Esports,chamber,False,,50,1,8,1,4,False,stinger,smg,,,,xeus,FUT Esports,jett,True,45,25,0,0,0,7,True,sheriff,sidearm,,0.6989,0.3411,sociablEE,FUT Esports,fade,True,17,25,0,0,0,6,False,vandal,rifle,,0.7844,0.3733,yetujey,FUT Esports,astra,True,100,25,0,0,0,6,False,guardian,rifle,,0.8822,0.4944,KROSTALY,FUT Esports,kayo,False,,50,0,1,0,1,False,classic,sidearm,,,,Chronicle,Team Vitality,chamber,True,100,50,0,8,0,1,False,outlaw,sniper,,0.4133,0.2822,Derke,Team Vitality,neon,False,,50,0,0,0,7,True,unknown,unknown,,,,Jamppi,Team Vitality,kayo,True,82,13,0,1,1,6,False,phantom,rifle,,0.6256,0.1589,Sayonara,Team Vitality,sova,True,100,50,0,2,0,0,False,phantom,rifle,,0.5456,0.2333,PROFEK,Team Vitality,astra,False,,50,0,0,0,7,True,unknown,unknown,,,
3264.795,6529,ACTIVE_ROUND,22,11,12,,0.968,,s0pp,FUT Esports,chamber,False,,50,1,8,1,4,False,stinger,smg,,,,xeus,FUT Esports,jett,True,45,25,0,0,0,7,True,sheriff,sidearm,,0.7011,0.3411,sociablEE,FUT Esports,fade,True,17,25,0,0,0,6,False,vandal,rifle,,0.7644,0.3733,yetujey,FUT Esports,astra,True,100,25,0,0,0,6,False,guardian,rifle,,0.8778,0.4900,KROSTALY,FUT Esports,kayo,False,,50,0,1,0,1,False,classic,sidearm,,,,Chronicle,Team Vitality,chamber,True,100,50,0,8,0,1,False,outlaw,sniper,,0.5244,0.2422,Derke,Team Vitality,neon,False,,50,0,0,0,7,True,unknown,unknown,,,,Jamppi,Team Vitality,kayo,True,82,13,0,1,1,6,False,phantom,rifle,,0.6433,0.1589,Sayonara,Team Vitality,sova,True,100,50,0,2,0,0,False,phantom,rifle,,0.8744,0.2467,PROFEK,Team Vitality,astra,False,,50,0,0,0,7,True,unknown,unknown,,,
3265.279,6530,ACTIVE_ROUND,22,11,12,,1.451,,s0pp,FUT Esports,chamber,False,,50,1,8,1,4,False,stinger,smg,,,,xeus,FUT Esports,jett,True,45,25,0,0,0,7,True,sheriff,sidearm,,0.6989,0.3389,sociablEE,FUT Esports,fade,True,17,25,0,0,0,6,False,vandal,rifle,,0.7556,0.3600,yetujey,FUT Esports,astra,True,100,25,0,0,0,6,False,guardian,rifle,,0.8800,0.4944,KROSTALY,FUT Esports,kayo,False,,50,0,1,0,1,False,classic,sidearm,,,,Chronicle,Team Vitality,chamber,True,100,50,0,8,0,1,False,outlaw,sniper,,0.5244,0.2422,Derke,Team Vitality,neon,False,,50,0,0,0,7,True,unknown,unknown,,,,Jamppi,Team Vitality,kayo,True,82,13,0,1,1,6,False,phantom,rifle,,0.6611,0.1678,Sayonara,Team Vitality,sova,True,100,50,0,2,0,0,False,phantom,rifle,,0.5722,0.1956,PROFEK,Team Vitality,astra,False,,50,0,0,0,7,True,unknown,unknown,,,
3265.763,6531,ACTIVE_ROUND,22,11,12,,1.935,,s0pp,FUT Esports,chamber,False,,50,1,8,1,4,False,stinger,smg,,,,xeus,FUT Esports,jett,True,45,25,0,0,0,7,True,sheriff,sidearm,,0.7011,0.3411,sociablEE,FUT Esports,fade,True,17,25,0,0,0,6,False,vandal,rifle,,0.7644,0.3511,yetujey,FUT Esports,astra,True,100,25,0,0,0,6,False,guardian,rifle,,0.8733,0.4856,KROSTALY,FUT Esports,kayo,False,,50,0,1,0,1,False,classic,sidearm,,,,Chronicle,Team Vitality,chamber,True,100,50,0,8,0,1,False,outlaw,sniper,,0.5244,0.2422,Derke,Team Vitality,neon,False,,50,0,0,0,7,True,unknown,unknown,,,,Jamppi,Team Vitality,kayo,True,82,13,0,1,1,6,False,phantom,rifle,,0.6656,0.1833,Sayonara,Team Vitality,sova,True,100,50,0,2,0,0,False,phantom,rifle,,0.8989,0.2578,PROFEK,Team Vitality,astra,False,,50,0,0,0,7,True,unknown,unknown,,,
3266.246,6532,ACTIVE_ROUND,22,11,12,,2.419,,s0pp,FUT Esports,chamber,False,,50,1,8,1,4,False,stinger,smg,,,,xeus,FUT Esports,jett,True,45,25,0,0,0,7,True,sheriff,sidearm,,0.6989,0.3389,sociablEE,FUT Esports,fade,True,17,25,0,0,0,6,False,vandal,rifle,,0.7644,0.3511,yetujey,FUT Esports,astra,True,100,25,0,0,0,6,False,guardian,rifle,,0.8667,0.4789,KROSTALY,FUT Esports,kayo,False,,50,0,1,0,1,False,classic,sidearm,,,,Chronicle,Team Vitality,chamber,True,100,50,0,8,0,1,False,outlaw,sniper,,0.5244,0.2422,Derke,Team Vitality,neon,False,,50,0,0,0,7,True,unknown,unknown,,,,Jamppi,Team Vitality,kayo,True,82,13,0,1,1,6,False,phantom,rifle,,0.6789,0.1944,Sayonara,Team Vitality,sova,True,100,50,0,2,0,0,False,phantom,rifle,,0.9056,0.2756,PROFEK,Team Vitality,astra,False,,50,0,0,0,7,True,unknown,unknown,,,
3266.730,6533,ACTIVE_ROUND,22,11,12,,2.903,,s0pp,FUT Esports,chamber,False,,50,1,8,1,4,False,stinger,smg,,,,xeus,FUT Esports,jett,True,45,25,0,0,0,7,True,sheriff,sidearm,,0.7033,0.3411,sociablEE,FUT Esports,fade,True,17,25,0,0,0,6,False,vandal,rifle,,0.7467,0.3556,yetujey,FUT Esports,astra,True,100,25,0,0,0,6,False,guardian,rifle,,0.8667,0.4789,KROSTALY,FUT Esports,kayo,False,,50,0,1,0,1,False,classic,sidearm,,,,Chronicle,Team Vitality,chamber,True,100,50,0,8,0,1,False,outlaw,sniper,,0.5244,0.2422,Derke,Team Vitality,neon,False,,50,0,0,0,7,True,unknown,unknown,,,,Jamppi,Team Vitality,kayo,True,82,13,0,1,1,6,False,phantom,rifle,,0.7011,0.1944,Sayonara,Team Vitality,sova,True,100,50,0,2,0,0,False,phantom,rifle,,0.7322,0.1822,PROFEK,Team Vitality,astra,False,,50,0,0,0,7,True,unknown,unknown,,,
3267.214,6534,ACTIVE_ROUND,22,11,12,,3.387,,s0pp,FUT Esports,chamber,False,,50,1,8,1,4,False,stinger,smg,,,,xeus,FUT Esports,jett,True,45,25,0,0,0,7,True,sheriff,sidearm,,0.7078,0.3433,sociablEE,FUT Esports,fade,True,17,25,0,0,0,6,False,vandal,rifle,,0.7467,0.3556,yetujey,FUT Esports,astra,True,100,25,0,0,0,6,False,guardian,rifle,,0.8667,0.4789,KROSTALY,FUT Esports,kayo,False,,50,0,1,0,1,False,classic,sidearm,,,,Chronicle,Team Vitality,chamber,True,100,50,0,8,0,1,False,outlaw,sniper,,0.5667,0.1556,Derke,Team Vitality,neon,False,,50,0,0,0,7,True,unknown,unknown,,,,Jamppi,Team Vitality,kayo,True,82,13,0,1,1,6,False,phantom,rifle,,0.7011,0.1944,Sayonara,Team Vitality,sova,True,100,50,0,2,0,0,False,phantom,rifle,,0.7033,0.4467,PROFEK,Team Vitality,astra,False,,50,0,0,0,7,True,unknown,unknown,,,
3267.698,6535,ACTIVE_ROUND,22,11,12,,3.871,,s0pp,FUT Esports,chamber,False,,50,1,8,1,4,False,stinger,smg,,,,xeus,FUT Esports,jett,True,45,25,0,0,0,7,True,sheriff,sidearm,,0.7033,0.3411,sociablEE,FUT Esports,fade,True,17,25,0,0,0,6,False,vandal,rifle,,0.7222,0.3667,yetujey,FUT Esports,astra,True,100,25,0,0,0,6,False,guardian,rifle,,0.8667,0.4789,KROSTALY,FUT Esports,kayo,False,,50,0,1,0,1,False,classic,sidearm,,,,Chronicle,Team Vitality,chamber,True,100,50,0,8,0,1,False,outlaw,sniper,,0.5756,0.1400,Derke,Team Vitality,neon,False,,50,0,0,0,7,True,unknown,unknown,,,,Jamppi,Team Vitality,kayo,True,82,13,0,1,1,6,False,phantom,rifle,,0.7233,0.2322,Sayonara,Team Vitality,sova,True,100,50,0,2,0,0,False,phantom,rifle,,0.8833,0.3067,PROFEK,Team Vitality,astra,False,,50,0,0,0,7,True,unknown,unknown,,,
3268.182,6536,ACTIVE_ROUND,22,11,12,,4.354,,s0pp,FUT Esports,chamber,False,,50,1,8,1,4,False,stinger,smg,,,,xeus,FUT Esports,jett,True,45,25,0,0,0,7,True,sheriff,sidearm,,0.7033,0.3433,sociablEE,FUT Esports,fade,True,17,25,0,0,0,6,False,vandal,rifle,,0.7222,0.3667,yetujey,FUT Esports,astra,True,100,25,0,0,0,6,False,guardian,rifle,,0.8689,0.4811,KROSTALY,FUT Esports,kayo,False,,50,0,1,0,1,False,classic,sidearm,,,,Chronicle,Team Vitality,chamber,True,100,50,0,8,0,1,False,outlaw,sniper,,0.5867,0.1244,Derke,Team Vitality,neon,False,,50,0,0,0,7,True,unknown,unknown,,,,Jamppi,Team Vitality,kayo,True,82,13,0,1,0,6,False,phantom,rifle,,0.7233,0.2322,Sayonara,Team Vitality,sova,True,100,50,0,2,0,0,False,phantom,rifle,,0.6211,0.1067,PROFEK,Team Vitality,astra,False,,50,0,0,0,7,True,unknown,unknown,,,
3268.665,6537,ACTIVE_ROUND,22,11,12,,4.838,,s0pp,FUT Esports,chamber,False,,50,1,8,1,4,False,stinger,smg,,,,xeus,FUT Esports,jett,True,45,25,0,0,0,7,True,sheriff,sidearm,,0.6967,0.3389,sociablEE,FUT Esports,fade,False,,25,0,0,0,6,False,vandal,rifle,,0.7222,0.3667,yetujey,FUT Esports,astra,True,100,25,0,0,0,6,False,guardian,rifle,,0.8733,0.4900,KROSTALY,FUT Esports,kayo,False,,50,0,1,0,1,False,classic,sidearm,,,,Chronicle,Team Vitality,chamber,True,100,50,0,8,0,1,False,outlaw,sniper,,0.6044,0.1200,Derke,Team Vitality,neon,False,,50,0,0,0,7,True,unknown,unknown,,,,Jamppi,Team Vitality,kayo,True,82,13,0,1,0,6,False,phantom,rifle,,0.7344,0.2211,Sayonara,Team Vitality,sova,True,100,50,0,2,0,0,False,phantom,rifle,,0.8944,0.3178,PROFEK,Team Vitality,astra,False,,50,0,0,0,7,True,unknown,unknown,,,
3269.149,6538,ACTIVE_ROUND,22,11,12,,5.322,,s0pp,FUT Esports,chamber,False,,50,1,8,1,4,False,stinger,smg,,,,xeus,FUT Esports,jett,True,45,25,0,0,0,7,True,sheriff,sidearm,,0.6900,0.3522,sociablEE,FUT Esports,fade,False,,25,0,0,0,6,False,vandal,rifle,,,,yetujey,FUT Esports,astra,True,100,25,0,0,0,6,False,guardian,rifle,,0.8756,0.4922,KROSTALY,FUT Esports,kayo,False,,50,0,1,0,1,False,classic,sidearm,,,,Chronicle,Team Vitality,chamber,True,100,50,0,8,0,1,False,outlaw,sniper,,0.6222,0.1244,Derke,Team Vitality,neon,False,,50,0,0,0,7,True,unknown,unknown,,,,Jamppi,Team Vitality,kayo,True,82,13,0,1,0,6,False,phantom,rifle,,0.7389,0.2367,Sayonara,Team Vitality,sova,True,100,50,0,2,0,0,False,phantom,rifle,,0.9078,0.3089,PROFEK,Team Vitality,astra,False,,50,0,0,0,7,True,unknown,unknown,,,
3269.633,6539,ACTIVE_ROUND,22,11,12,,5.806,,s0pp,FUT Esports,chamber,False,,50,1,8,1,4,False,stinger,smg,,,,xeus,FUT Esports,jett,True,45,25,0,0,0,7,True,sheriff,sidearm,,0.6922,0.3544,sociablEE,FUT Esports,fade,False,,25,0,0,0,6,False,vandal,rifle,,,,yetujey,FUT Esports,astra,True,100,25,0,0,0,6,False,guardian,rifle,,0.8667,0.4856,KROSTALY,FUT Esports,kayo,False,,50,0,1,0,1,False,classic,sidearm,,,,Chronicle,Team Vitality,chamber,True,100,50,0,8,0,1,False,outlaw,sniper,,0.6333,0.1400,Derke,Team Vitality,neon,False,,50,0,0,0,7,True,unknown,unknown,,,,Jamppi,Team Vitality,kayo,True,82,13,0,1,0,6,False,phantom,rifle,,0.7522,0.2500,Sayonara,Team Vitality,sova,True,100,50,0,2,0,0,False,phantom,rifle,,0.9122,0.2933,PROFEK,Team Vitality,astra,False,,50,0,0,0,7,True,unknown,unknown,,,
3270.117,6540,ACTIVE_ROUND,22,11,12,,6.290,,s0pp,FUT Esports,chamber,False,,50,1,8,1,4,False,stinger,smg,,,,xeus,FUT Esports,jett,True,45,25,0,0,0,7,True,sheriff,sidearm,,0.6989,0.3411,sociablEE,FUT Esports,fade,False,,25,0,0,0,6,False,vandal,rifle,,,,yetujey,FUT Esports,astra,True,100,25,0,0,0,6,False,guardian,rifle,,0.8556,0.4878,KROSTALY,FUT Esports,kayo,False,,50,0,1,0,1,False,classic,sidearm,,,,Chronicle,Team Vitality,chamber,True,100,50,0,8,0,1,False,vandal,rifle,,0.6467,0.1533,Derke,Team Vitality,neon,False,,50,0,0,0,7,True,unknown,unknown,,,,Jamppi,Team Vitality,kayo,True,82,13,0,1,0,6,False,phantom,rifle,,0.7611,0.2611,Sayonara,Team Vitality,sova,True,100,50,0,2,0,1,False,phantom,rifle,,0.9033,0.2867,PROFEK,Team Vitality,astra,False,,50,0,0,0,7,True,unknown,unknown,,,
3270.601,6541,ACTIVE_ROUND,22,11,12,,6.773,,s0pp,FUT Esports,chamber,False,,50,1,8,1,4,False,stinger,smg,,,,xeus,FUT Esports,jett,True,45,25,0,0,0,7,True,sheriff,sidearm,,0.7100,0.3433,sociablEE,FUT Esports,fade,False,,25,0,0,0,6,False,vandal,rifle,,,,yetujey,FUT Esports,astra,True,100,25,0,0,0,6,False,guardian,rifle,,0.8533,0.4967,KROSTALY,FUT Esports,kayo,False,,50,0,1,0,1,False,classic,sidearm,,,,Chronicle,Team Vitality,chamber,True,100,50,0,8,0,1,False,vandal,rifle,,0.6511,0.1644,Derke,Team Vitality,neon,False,,50,0,0,0,7,True,unknown,unknown,,,,Jamppi,Team Vitality,kayo,True,82,13,0,1,0,6,False,phantom,rifle,,0.7700,0.2656,Sayonara,Team Vitality,sova,True,100,50,0,2,0,1,False,phantom,rifle,,0.8944,0.2822,PROFEK,Team Vitality,astra,False,,50,0,0,0,7,True,unknown,unknown,,,
3271.084,6542,ACTIVE_ROUND,22,11,12,,7.257,,s0pp,FUT Esports,chamber,False,,50,1,8,1,4,False,stinger,smg,,,,xeus,FUT Esports,jett,True,45,25,0,0,0,7,True,sheriff,sidearm,,0.7211,0.3500,sociablEE,FUT Esports,fade,False,,25,0,0,0,6,False,vandal,rifle,,,,yetujey,FUT Esports,astra,True,100,25,0,0,0,6,False,guardian,rifle,,0.8556,0.5056,KROSTALY,FUT Esports,kayo,False,,50,0,1,0,1,False,classic,sidearm,,,,Chronicle,Team Vitality,chamber,True,100,50,0,8,0,1,False,vandal,rifle,,0.6511,0.1667,Derke,Team Vitality,neon,False,,50,0,0,0,7,True,unknown,unknown,,,,Jamppi,Team Vitality,kayo,True,82,13,0,1,0,6,False,phantom,rifle,,0.7700,0.2656,Sayonara,Team Vitality,sova,True,100,50,0,2,0,1,False,phantom,rifle,,0.6856,0.1533,PROFEK,Team Vitality,astra,False,,50,0,0,0,7,True,unknown,unknown,,,
3271.568,6543,ACTIVE_ROUND,22,11,12,,7.741,,s0pp,FUT Esports,chamber,False,,50,1,8,1,4,False,stinger,smg,,,,xeus,FUT Esports,jett,True,45,25,0,0,0,7,True,sheriff,sidearm,,0.7278,0.3589,sociablEE,FUT Esports,fade,False,,25,0,0,0,6,False,vandal,rifle,,,,yetujey,FUT Esports,astra,True,100,25,0,0,0,6,False,guardian,rifle,,0.8644,0.5122,KROSTALY,FUT Esports,kayo,False,,50,0,1,0,1,False,classic,sidearm,,,,Chronicle,Team Vitality,chamber,True,100,50,0,8,0,1,False,vandal,rifle,,0.6533,0.1800,Derke,Team Vitality,neon,False,,50,0,0,0,7,True,unknown,unknown,,,,Jamppi,Team Vitality,kayo,True,82,13,0,1,0,6,False,phantom,rifle,,0.7900,0.2744,Sayonara,Team Vitality,sova,True,100,50,0,2,0,1,False,phantom,rifle,,0.8744,0.2778,PROFEK,Team Vitality,astra,False,,50,0,0,0,7,True,unknown,unknown,,,
3272.052,6544,ACTIVE_ROUND,22,11,12,,8.225,,s0pp,FUT Esports,chamber,False,,50,1,8,1,4,False,stinger,smg,,,,xeus,FUT Esports,jett,True,45,25,0,0,0,7,True,sheriff,sidearm,,0.7389,0.3678,sociablEE,FUT Esports,fade,False,,25,0,0,0,6,False,vandal,rifle,,,,yetujey,FUT Esports,astra,True,100,25,0,0,0,6,False,guardian,rifle,,0.8689,0.5211,KROSTALY,FUT Esports,kayo,False,,50,0,1,0,1,False,classic,sidearm,,,,Chronicle,Team Vitality,chamber,True,100,50,0,8,0,1,False,vandal,rifle,,0.6644,0.1889,Derke,Team Vitality,neon,False,,50,0,0,0,7,True,unknown,unknown,,,,Jamppi,Team Vitality,kayo,True,82,13,0,1,0,6,False,phantom,rifle,,0.8011,0.2789,Sayonara,Team Vitality,sova,True,100,50,0,2,0,1,False,phantom,rifle,,0.8722,0.2778,PROFEK,Team Vitality,astra,False,,50,0,0,0,7,True,unknown,unknown,,,
3272.536,6545,ACTIVE_ROUND,22,11,12,,8.709,,s0pp,FUT Esports,chamber,False,,50,1,8,1,4,False,stinger,smg,,,,xeus,FUT Esports,jett,True,45,25,0,0,0,7,True,sheriff,sidearm,,0.7478,0.3744,sociablEE,FUT Esports,fade,False,,25,0,0,0,6,False,vandal,rifle,,,,yetujey,FUT Esports,astra,True,100,25,0,0,0,6,False,guardian,rifle,,0.8689,0.5211,KROSTALY,FUT Esports,kayo,False,,50,0,1,0,1,False,classic,sidearm,,,,Chronicle,Team Vitality,chamber,True,100,50,0,8,0,1,False,vandal,rifle,,0.6667,0.1889,Derke,Team Vitality,neon,False,,50,0,0,0,7,True,unknown,unknown,,,,Jamppi,Team Vitality,kayo,True,82,13,0,1,0,6,False,phantom,rifle,,0.8078,0.2878,Sayonara,Team Vitality,sova,True,100,50,0,2,0,1,False,phantom,rifle,,0.8744,0.2778,PROFEK,Team Vitality,astra,False,,50,0,0,0,7,True,unknown,unknown,,,
3273.020,6546,ACTIVE_ROUND,22,11,12,,9.193,,s0pp,FUT Esports,chamber,False,,50,1,8,1,4,False,stinger,smg,,,,xeus,FUT Esports,jett,True,45,25,0,0,0,7,True,sheriff,sidearm,,0.7611,0.3811,sociablEE,FUT Esports,fade,False,,25,0,0,0,6,False,vandal,rifle,,,,yetujey,FUT Esports,astra,True,100,25,0,0,0,6,False,guardian,rifle,,0.8689,0.5211,KROSTALY,FUT Esports,kayo,False,,50,0,1,0,1,False,classic,sidearm,,,,Chronicle,Team Vitality,chamber,True,100,50,0,8,0,1,False,vandal,rifle,,0.6556,0.1844,Derke,Team Vitality,neon,False,,50,0,0,0,7,True,unknown,unknown,,,,Jamppi,Team Vitality,kayo,True,82,13,0,1,0,6,False,phantom,rifle,,0.8100,0.2944,Sayonara,Team Vitality,sova,True,100,50,0,2,0,1,False,phantom,rifle,,0.8744,0.2778,PROFEK,Team Vitality,astra,False,,50,0,0,0,7,True,unknown,unknown,,,
3273.504,6547,ACTIVE_ROUND,22,11,12,,9.676,,s0pp,FUT Esports,chamber,False,,50,1,8,1,4,False,stinger,smg,,,,xeus,FUT Esports,jett,True,45,25,0,0,0,7,True,sheriff,sidearm,,0.7678,0.3878,sociablEE,FUT Esports,fade,False,,25,0,0,0,6,False,vandal,rifle,,,,yetujey,FUT Esports,astra,True,100,25,0,0,0,6,False,guardian,rifle,,0.8689,0.5211,KROSTALY,FUT Esports,kayo,False,,50,0,1,0,1,False,classic,sidearm,,,,Chronicle,Team Vitality,chamber,True,100,50,0,8,0,1,False,vandal,rifle,,0.6489,0.1800,Derke,Team Vitality,neon,False,,50,0,0,0,7,True,unknown,unknown,,,,Jamppi,Team Vitality,kayo,True,82,13,0,1,0,6,False,phantom,rifle,,0.8078,0.3011,Sayonara,Team Vitality,sova,True,100,50,0,2,0,1,False,phantom,rifle,,0.8744,0.2778,PROFEK,Team Vitality,astra,False,,50,0,0,0,7,True,unknown,unknown,,,
3273.987,6548,ACTIVE_ROUND,22,11,12,,10.160,,s0pp,FUT Esports,chamber,False,,50,1,8,1,4,False,stinger,smg,,,,xeus,FUT Esports,jett,True,45,25,0,0,0,7,True,sheriff,sidearm,,0.7744,0.3900,sociablEE,FUT Esports,fade,False,,25,0,0,0,6,False,vandal,rifle,,,,yetujey,FUT Esports,astra,True,100,25,0,0,0,6,False,guardian,rifle,,0.8711,0.5211,KROSTALY,FUT Esports,kayo,False,,50,0,1,0,1,False,classic,sidearm,,,,Chronicle,Team Vitality,chamber,True,100,50,0,8,0,1,False,vandal,rifle,,0.6444,0.1800,Derke,Team Vitality,neon,False,,50,0,0,0,7,True,unknown,unknown,,,,Jamppi,Team Vitality,kayo,True,82,13,0,1,0,6,False,phantom,rifle,,0.8078,0.3078,Sayonara,Team Vitality,sova,True,100,50,0,2,0,1,False,phantom,rifle,,0.8789,0.2778,PROFEK,Team Vitality,astra,False,,50,0,0,0,7,True,unknown,unknown,,,
3274.471,6549,ACTIVE_ROUND,22,11,12,,10.644,,s0pp,FUT Esports,chamber,False,,50,1,8,1,4,False,stinger,smg,,,,xeus,FUT Esports,jett,True,45,25,0,0,0,7,True,sheriff,sidearm,,0.7767,0.3900,sociablEE,FUT Esports,fade,False,,25,0,0,0,6,False,vandal,rifle,,,,yetujey,FUT Esports,astra,True,100,25,0,0,0,6,False,guardian,rifle,,0.8733,0.5211,KROSTALY,FUT Esports,kayo,False,,50,0,1,0,1,False,classic,sidearm,,,,Chronicle,Team Vitality,chamber,True,100,50,0,8,0,1,False,vandal,rifle,,0.6444,0.1800,Derke,Team Vitality,neon,False,,50,0,0,0,7,True,unknown,unknown,,,,Jamppi,Team Vitality,kayo,True,82,13,0,1,0,6,False,phantom,rifle,,0.8078,0.3144,Sayonara,Team Vitality,sova,True,100,50,0,2,0,1,False,phantom,rifle,,0.8833,0.2889,PROFEK,Team Vitality,astra,False,,50,0,0,0,7,True,unknown,unknown,,,
3274.955,6550,ACTIVE_ROUND,22,11,12,,11.128,,s0pp,FUT Esports,chamber,False,,50,1,8,1,4,False,stinger,smg,,,,xeus,FUT Esports,jett,True,45,25,0,0,0,7,True,sheriff,sidearm,,0.7789,0.3900,sociablEE,FUT Esports,fade,False,,25,0,0,0,6,False,vandal,rifle,,,,yetujey,FUT Esports,astra,True,100,25,0,0,0,6,False,guardian,rifle,,0.8756,0.5189,KROSTALY,FUT Esports,kayo,False,,50,0,1,0,1,False,classic,sidearm,,,,Chronicle,Team Vitality,chamber,True,100,50,0,8,0,1,False,vandal,rifle,,0.6467,0.1844,Derke,Team Vitality,neon,False,,50,0,0,0,7,True,unknown,unknown,,,,Jamppi,Team Vitality,kayo,True,82,13,0,1,0,6,False,phantom,rifle,,0.8056,0.3189,Sayonara,Team Vitality,sova,True,100,50,0,2,0,1,False,phantom,rifle,,0.8922,0.2956,PROFEK,Team Vitality,astra,False,,50,0,0,0,7,True,unknown,unknown,,,
3275.439,6551,ACTIVE_ROUND,22,11,12,,11.612,,s0pp,FUT Esports,chamber,False,,50,1,8,1,4,False,stinger,smg,,,,xeus,FUT Esports,jett,True,45,25,0,0,0,7,True,sheriff,sidearm,,0.7789,0.3900,sociablEE,FUT Esports,fade,False,,25,0,0,0,6,False,vandal,rifle,,,,yetujey,FUT Esports,astra,True,100,25,0,0,0,6,False,guardian,rifle,,0.8756,0.5189,KROSTALY,FUT Esports,kayo,False,,50,0,1,0,1,False,classic,sidearm,,,,Chronicle,Team Vitality,chamber,True,100,50,0,8,0,1,False,vandal,rifle,,0.6467,0.1844,Derke,Team Vitality,neon,False,,50,0,0,0,7,True,unknown,unknown,,,,Jamppi,Team Vitality,kayo,True,82,13,0,1,0,6,False,phantom,rifle,,0.8056,0.3211,Sayonara,Team Vitality,sova,True,100,50,0,2,0,1,False,phantom,rifle,,0.8367,0.3022,PROFEK,Team Vitality,astra,False,,50,0,0,0,7,True,unknown,unknown,,,
3275.923,6552,ACTIVE_ROUND,22,11,12,,12.095,,s0pp,FUT Esports,chamber,False,,50,1,8,1,4,False,stinger,smg,,,,xeus,FUT Esports,jett,True,45,25,0,0,0,7,True,sheriff,sidearm,,0.8078,0.4167,sociablEE,FUT Esports,fade,False,,25,0,0,0,6,False,vandal,rifle,,,,yetujey,FUT Esports,astra,True,100,25,0,0,0,6,False,guardian,rifle,,0.8756,0.5189,KROSTALY,FUT Esports,kayo,False,,50,0,1,0,1,False,classic,sidearm,,,,Chronicle,Team Vitality,chamber,True,100,50,0,8,0,1,False,vandal,rifle,,0.6489,0.1844,Derke,Team Vitality,neon,False,,50,0,0,0,7,True,unknown,unknown,,,,Jamppi,Team Vitality,kayo,True,82,13,0,1,0,6,False,phantom,rifle,,0.8056,0.3233,Sayonara,Team Vitality,sova,True,100,50,0,2,0,1,False,phantom,rifle,,0.8944,0.3222,PROFEK,Team Vitality,astra,False,,50,0,0,0,7,True,unknown,unknown,,,
3276.406,6553,ACTIVE_ROUND,22,11,12,,12.579,,s0pp,FUT Esports,chamber,False,,50,1,8,1,4,False,stinger,smg,,,,xeus,FUT Esports,jett,True,45,25,0,0,0,7,True,sheriff,sidearm,,0.7811,0.3833,sociablEE,FUT Esports,fade,False,,25,0,0,0,6,False,vandal,rifle,,,,yetujey,FUT Esports,astra,True,100,25,0,0,0,6,False,guardian,rifle,,0.8756,0.5189,KROSTALY,FUT Esports,kayo,False,,50,0,1,0,1,False,classic,sidearm,,,,Chronicle,Team Vitality,chamber,True,100,50,0,8,0,1,False,vandal,rifle,,0.6600,0.1911,Derke,Team Vitality,neon,False,,50,0,0,0,7,True,unknown,unknown,,,,Jamppi,Team Vitality,kayo,True,82,13,0,1,0,6,False,phantom,rifle,,0.8078,0.3233,Sayonara,Team Vitality,sova,True,100,50,0,2,0,1,False,phantom,rifle,,0.8922,0.3222,PROFEK,Team Vitality,astra,False,,50,0,0,0,7,True,unknown,unknown,,,
3276.890,6554,ACTIVE_ROUND,22,11,12,,13.063,,s0pp,FUT Esports,chamber,False,,50,1,8,1,4,False,stinger,smg,,,,xeus,FUT Esports,jett,False,,25,0,0,0,7,True,sheriff,sidearm,,0.7678,0.3589,sociablEE,FUT Esports,fade,False,,25,0,0,0,6,False,vandal,rifle,,,,yetujey,FUT Esports,astra,True,100,25,0,0,0,6,False,guardian,rifle,,0.8711,0.5211,KROSTALY,FUT Esports,kayo,False,,50,0,1,0,1,False,classic,sidearm,,,,Chronicle,Team Vitality,chamber,True,100,50,0,8,0,1,False,vandal,rifle,,0.6756,0.1956,Derke,Team Vitality,neon,False,,50,0,0,0,7,True,unknown,unknown,,,,Jamppi,Team Vitality,kayo,True,82,13,0,1,0,6,False,phantom,rifle,,0.8078,0.3233,Sayonara,Team Vitality,sova,True,100,50,0,2,0,1,False,phantom,rifle,,0.8944,0.3244,PROFEK,Team Vitality,astra,False,,50,0,0,0,7,True,unknown,unknown,,,
3277.374,6555,ACTIVE_ROUND,22,11,12,,13.547,,s0pp,FUT Esports,chamber,False,,50,1,8,1,4,False,stinger,smg,,,,xeus,FUT Esports,jett,False,,25,0,0,0,7,True,sheriff,sidearm,,,,sociablEE,FUT Esports,fade,False,,25,0,0,0,6,False,vandal,rifle,,,,yetujey,FUT Esports,astra,True,100,25,0,0,0,6,False,guardian,rifle,,0.8711,0.5189,KROSTALY,FUT Esports,kayo,False,,50,0,1,0,1,False,classic,sidearm,,,,Chronicle,Team Vitality,chamber,True,100,50,0,8,0,1,False,vandal,rifle,,0.6756,0.1956,Derke,Team Vitality,neon,False,,50,0,0,0,7,True,unknown,unknown,,,,Jamppi,Team Vitality,kayo,True,82,13,0,1,0,6,False,phantom,rifle,,0.8078,0.3211,Sayonara,Team Vitality,sova,True,100,50,0,2,0,1,False,phantom,rifle,,0.8856,0.3267,PROFEK,Team Vitality,astra,False,,50,0,0,0,7,True,unknown,unknown,,,
3277.858,6556,ACTIVE_ROUND,22,11,12,,14.031,,s0pp,FUT Esports,chamber,False,,50,1,8,1,4,False,stinger,smg,,,,xeus,FUT Esports,jett,False,,25,0,0,0,7,True,sheriff,sidearm,,,,sociablEE,FUT Esports,fade,False,,25,0,0,0,6,False,vandal,rifle,,,,yetujey,FUT Esports,astra,True,100,25,0,0,0,6,False,guardian,rifle,,0.8622,0.5189,KROSTALY,FUT Esports,kayo,False,,50,0,1,0,1,False,classic,sidearm,,,,Chronicle,Team Vitality,chamber,True,100,50,0,8,0,1,False,vandal,rifle,,0.6756,0.1956,Derke,Team Vitality,neon,False,,50,0,0,0,7,True,unknown,unknown,,,,Jamppi,Team Vitality,kayo,True,82,13,0,1,0,6,False,phantom,rifle,,0.8078,0.3211,Sayonara,Team Vitality,sova,True,100,50,0,2,0,2,False,phantom,rifle,,0.7211,0.1800,PROFEK,Team Vitality,astra,False,,50,0,0,0,7,True,unknown,unknown,,,
3278.342,6557,ACTIVE_ROUND,22,11,12,,14.514,,s0pp,FUT Esports,chamber,False,,50,1,8,1,4,False,stinger,smg,,,,xeus,FUT Esports,jett,False,,25,0,0,0,7,True,sheriff,sidearm,,,,sociablEE,FUT Esports,fade,False,,25,0,0,0,6,False,vandal,rifle,,,,yetujey,FUT Esports,astra,True,100,25,0,0,0,6,False,guardian,rifle,,0.8667,0.5167,KROSTALY,FUT Esports,kayo,False,,50,0,1,0,1,False,classic,sidearm,,,,Chronicle,Team Vitality,chamber,True,100,50,0,8,0,1,False,vandal,rifle,,0.6756,0.1956,Derke,Team Vitality,neon,False,,50,0,0,0,7,True,unknown,unknown,,,,Jamppi,Team Vitality,kayo,True,82,13,0,1,0,6,False,phantom,rifle,,0.8033,0.3344,Sayonara,Team Vitality,sova,True,100,50,0,2,0,2,False,phantom,rifle,,0.8367,0.3244,PROFEK,Team Vitality,astra,False,,50,0,0,0,7,True,unknown,unknown,,,
3278.826,6558,ACTIVE_ROUND,22,11,12,,14.998,,s0pp,FUT Esports,chamber,False,,50,1,8,1,4,False,stinger,smg,,,,xeus,FUT Esports,jett,False,,25,0,0,0,7,True,sheriff,sidearm,,,,sociablEE,FUT Esports,fade,False,,25,0,0,0,6,False,vandal,rifle,,,,yetujey,FUT Esports,astra,True,100,25,0,0,0,6,False,guardian,rifle,,0.8778,0.5122,KROSTALY,FUT Esports,kayo,False,,50,0,1,0,1,False,classic,sidearm,,,,Chronicle,Team Vitality,chamber,True,100,50,0,8,0,1,False,vandal,rifle,,0.6756,0.1956,Derke,Team Vitality,neon,False,,50,0,0,0,7,True,unknown,unknown,,,,Jamppi,Team Vitality,kayo,True,82,13,0,1,0,6,False,phantom,rifle,,0.7233,0.2300,Sayonara,Team Vitality,sova,True,100,50,0,2,0,2,False,phantom,rifle,,0.8367,0.3244,PROFEK,Team Vitality,astra,False,,50,0,0,0,7,True,unknown,unknown,,,
3279.309,6559,ACTIVE_ROUND,22,11,12,,15.482,,s0pp,FUT Esports,chamber,False,,50,1,8,1,4,False,stinger,smg,,,,xeus,FUT Esports,jett,False,,25,0,0,0,7,True,sheriff,sidearm,,,,sociablEE,FUT Esports,fade,False,,25,0,0,0,6,False,vandal,rifle,,,,yetujey,FUT Esports,astra,True,100,25,0,0,0,6,False,guardian,rifle,,0.8822,0.5100,KROSTALY,FUT Esports,kayo,False,,50,0,1,0,1,False,classic,sidearm,,,,Chronicle,Team Vitality,chamber,True,100,50,0,8,0,1,False,vandal,rifle,,0.6756,0.1956,Derke,Team Vitality,neon,False,,50,0,0,0,7,True,unknown,unknown,,,,Jamppi,Team Vitality,kayo,True,82,13,0,1,0,6,False,phantom,rifle,,0.7811,0.3633,Sayonara,Team Vitality,sova,True,100,50,0,2,0,2,False,phantom,rifle,,0.8122,0.3556,PROFEK,Team Vitality,astra,False,,50,0,0,0,7,True,unknown,unknown,,,
3279.793,6560,ACTIVE_ROUND,22,11,12,,15.966,,s0pp,FUT Esports,chamber,False,,50,1,8,1,4,False,stinger,smg,,,,xeus,FUT Esports,jett,False,,25,0,0,0,7,True,sheriff,sidearm,,,,sociablEE,FUT Esports,fade,False,,25,0,0,0,6,False,vandal,rifle,,,,yetujey,FUT Esports,astra,True,100,25,0,0,0,6,False,guardian,rifle,,0.8844,0.5100,KROSTALY,FUT Esports,kayo,False,,50,0,1,0,1,False,classic,sidearm,,,,Chronicle,Team Vitality,chamber,True,100,50,0,8,0,1,False,vandal,rifle,,0.6756,0.1956,Derke,Team Vitality,neon,False,,50,0,0,0,7,True,unknown,unknown,,,,Jamppi,Team Vitality,kayo,True,82,13,0,0,0,6,False,phantom,rifle,,0.7678,0.3633,Sayonara,Team Vitality,sova,True,100,50,0,2,0,2,False,phantom,rifle,,0.8011,0.3556,PROFEK,Team Vitality,astra,False,,50,0,0,0,7,True,unknown,unknown,,,
3280.277,6561,ACTIVE_ROUND,22,11,12,,16.450,,s0pp,FUT Esports,chamber,False,,50,1,8,1,4,False,stinger,smg,,,,xeus,FUT Esports,jett,False,,25,0,0,0,7,True,sheriff,sidearm,,,,sociablEE,FUT Esports,fade,False,,25,0,0,0,6,False,vandal,rifle,,,,yetujey,FUT Esports,astra,True,100,25,0,0,0,6,False,guardian,rifle,,0.8844,0.5100,KROSTALY,FUT Esports,kayo,False,,50,0,1,0,1,False,classic,sidearm,,,,Chronicle,Team Vitality,chamber,True,100,50,0,8,0,1,False,vandal,rifle,,0.6756,0.1956,Derke,Team Vitality,neon,False,,50,0,0,0,7,True,unknown,unknown,,,,Jamppi,Team Vitality,kayo,True,82,13,0,0,0,6,False,phantom,rifle,,0.7722,0.3656,Sayonara,Team Vitality,sova,True,100,50,0,2,0,2,False,phantom,rifle,,0.8256,0.3822,PROFEK,Team Vitality,astra,False,,50,0,0,0,7,True,unknown,unknown,,,
3280.761,6562,ACTIVE_ROUND,22,11,12,,16.934,,s0pp,FUT Esports,chamber,False,,50,1,8,1,4,False,stinger,smg,,,,xeus,FUT Esports,jett,False,,25,0,0,0,7,True,sheriff,sidearm,,,,sociablEE,FUT Esports,fade,False,,25,0,0,0,6,False,vandal,rifle,,,,yetujey,FUT Esports,astra,True,100,25,0,0,0,6,False,guardian,rifle,,0.8822,0.5100,KROSTALY,FUT Esports,kayo,False,,50,0,1,0,1,False,classic,sidearm,,,,Chronicle,Team Vitality,chamber,True,100,50,0,8,0,1,False,vandal,rifle,,0.6756,0.1956,Derke,Team Vitality,neon,False,,50,0,0,0,7,True,unknown,unknown,,,,Jamppi,Team Vitality,kayo,True,82,13,0,0,0,6,False,phantom,rifle,,0.7878,0.3589,Sayonara,Team Vitality,sova,True,100,50,0,2,0,2,False,phantom,rifle,,0.8433,0.3822,PROFEK,Team Vitality,astra,False,,50,0,0,0,7,True,unknown,unknown,,,
3281.245,6563,ACTIVE_ROUND,22,11,12,,17.417,,s0pp,FUT Esports,chamber,False,,50,1,8,1,4,False,stinger,smg,,,,xeus,FUT Esports,jett,False,,25,0,0,0,7,True,sheriff,sidearm,,,,sociablEE,FUT Esports,fade,False,,25,0,0,0,6,False,vandal,rifle,,,,yetujey,FUT Esports,astra,True,100,25,0,0,0,6,False,guardian,rifle,,0.8733,0.5167,KROSTALY,FUT Esports,kayo,False,,50,0,1,0,1,False,classic,sidearm,,,,Chronicle,Team Vitality,chamber,True,100,50,0,8,0,1,False,vandal,rifle,,0.6756,0.1956,Derke,Team Vitality,neon,False,,50,0,0,0,7,True,unknown,unknown,,,,Jamppi,Team Vitality,kayo,True,82,13,0,0,0,6,False,phantom,rifle,,0.7944,0.3544,Sayonara,Team Vitality,sova,True,100,50,0,2,0,2,False,phantom,rifle,,0.8256,0.2844,PROFEK,Team Vitality,astra,False,,50,0,0,0,7,True,unknown,unknown,,,
3281.728,6564,ACTIVE_ROUND,22,11,12,,17.901,,s0pp,FUT Esports,chamber,False,,50,1,8,1,4,False,stinger,smg,,,,xeus,FUT Esports,jett,False,,25,0,0,0,7,True,sheriff,sidearm,,,,sociablEE,FUT Esports,fade,False,,25,0,0,0,6,False,vandal,rifle,,,,yetujey,FUT Esports,astra,True,100,25,0,0,0,6,False,unknown,unknown,,0.8689,0.4811,KROSTALY,FUT Esports,kayo,False,,50,0,1,0,1,False,classic,sidearm,,,,Chronicle,Team Vitality,chamber,True,100,50,0,8,0,1,False,vandal,rifle,,0.6756,0.1956,Derke,Team Vitality,neon,False,,50,0,0,0,7,True,unknown,unknown,,,,Jamppi,Team Vitality,kayo,True,82,13,0,0,0,6,False,phantom,rifle,,0.7900,0.4100,Sayonara,Team Vitality,sova,True,100,50,0,2,0,2,False,phantom,rifle,,0.8256,0.2844,PROFEK,Team Vitality,astra,False,,50,0,0,0,7,True,unknown,unknown,,,
3282.212,6565,ACTIVE_ROUND,22,11,12,,18.385,,s0pp,FUT Esports,chamber,False,,50,1,8,1,4,False,stinger,smg,,,,xeus,FUT Esports,jett,False,,25,0,0,0,7,True,sheriff,sidearm,,,,sociablEE,FUT Esports,fade,False,,25,0,0,0,6,False,vandal,rifle,,,,yetujey,FUT Esports,astra,False,,25,0,0,0,6,False,unknown,unknown,,0.8689,0.4811,KROSTALY,FUT Esports,kayo,False,,50,0,1,0,1,False,classic,sidearm,,,,Chronicle,Team Vitality,chamber,True,100,50,0,8,0,1,False,vandal,rifle,,0.6756,0.1956,Derke,Team Vitality,neon,False,,50,0,0,0,7,True,unknown,unknown,,,,Jamppi,Team Vitality,kayo,True,82,13,0,0,0,6,False,phantom,rifle,,0.7967,0.3611,Sayonara,Team Vitality,sova,True,100,50,0,2,0,2,False,phantom,rifle,,0.8300,0.3156,PROFEK,Team Vitality,astra,False,,50,0,0,0,7,True,unknown,unknown,,,
3282.696,6566,ACTIVE_ROUND,22,11,12,,18.869,,s0pp,FUT Esports,chamber,False,,50,1,8,1,4,False,stinger,smg,,,,xeus,FUT Esports,jett,False,,25,0,0,0,7,True,sheriff,sidearm,,,,sociablEE,FUT Esports,fade,False,,25,0,0,0,6,False,vandal,rifle,,,,yetujey,FUT Esports,astra,False,,25,0,0,0,6,False,unknown,unknown,,,,KROSTALY,FUT Esports,kayo,False,,50,0,1,0,1,False,classic,sidearm,,,,Chronicle,Team Vitality,chamber,True,100,50,0,8,0,1,False,vandal,rifle,,0.6756,0.1956,Derke,Team Vitality,neon,False,,50,0,0,0,7,True,unknown,unknown,,,,Jamppi,Team Vitality,kayo,True,82,13,0,0,0,6,False,phantom,rifle,,0.8011,0.3678,Sayonara,Team Vitality,sova,True,100,50,0,2,0,2,False,phantom,rifle,,0.8367,0.3511,PROFEK,Team Vitality,astra,False,,50,0,0,0,7,True,unknown,unknown,,,
3283.180,6567,ACTIVE_ROUND,22,11,12,,19.353,,s0pp,FUT Esports,chamber,False,,50,1,8,1,4,False,stinger,smg,,,,xeus,FUT Esports,jett,False,,25,0,0,0,7,True,sheriff,sidearm,,,,sociablEE,FUT Esports,fade,False,,25,0,0,0,6,False,vandal,rifle,,,,yetujey,FUT Esports,astra,False,,25,0,0,0,6,False,unknown,unknown,,,,KROSTALY,FUT Esports,kayo,False,,50,0,1,0,1,False,classic,sidearm,,,,Chronicle,Team Vitality,chamber,True,100,50,0,8,0,1,False,vandal,rifle,,0.8022,0.3622,Derke,Team Vitality,neon,False,,50,0,0,0,7,True,unknown,unknown,,,,Jamppi,Team Vitality,kayo,True,82,13,0,0,0,6,False,phantom,rifle,,0.8033,0.4611,Sayonara,Team Vitality,sova,True,100,50,0,2,0,2,False,phantom,rifle,,0.8611,0.4200,PROFEK,Team Vitality,astra,False,,50,0,0,0,7,True,unknown,unknown,,,
3283.664,6568,ACTIVE_ROUND,22,11,12,,19.836,,s0pp,FUT Esports,chamber,False,,50,1,8,1,4,False,stinger,smg,,,,xeus,FUT Esports,jett,False,,25,0,0,0,7,True,sheriff,sidearm,,,,sociablEE,FUT Esports,fade,False,,25,0,0,0,6,False,vandal,rifle,,,,yetujey,FUT Esports,astra,False,,25,0,0,0,6,False,unknown,unknown,,,,KROSTALY,FUT Esports,kayo,False,,50,0,1,0,1,False,classic,sidearm,,,,Chronicle,Team Vitality,chamber,True,100,50,0,8,0,1,False,vandal,rifle,,0.8022,0.3622,Derke,Team Vitality,neon,False,,50,0,0,0,7,True,unknown,unknown,,,,Jamppi,Team Vitality,kayo,True,82,13,0,0,0,7,False,phantom,rifle,,0.8033,0.4611,Sayonara,Team Vitality,sova,True,100,50,0,2,0,2,False,phantom,rifle,,0.8611,0.4200,PROFEK,Team Vitality,astra,False,,50,0,0,0,7,True,unknown,unknown,,,
3284.148,6569,ACTIVE_ROUND,22,11,12,,20.320,,s0pp,FUT Esports,chamber,False,,50,1,8,1,4,False,stinger,smg,,,,xeus,FUT Esports,jett,False,,25,0,0,0,7,True,sheriff,sidearm,,,,sociablEE,FUT Esports,fade,False,,25,0,0,0,6,False,vandal,rifle,,,,yetujey,FUT Esports,astra,False,,25,0,0,0,6,False,unknown,unknown,,,,KROSTALY,FUT Esports,kayo,False,,50,0,1,0,1,False,classic,sidearm,,,,Chronicle,Team Vitality,chamber,True,100,50,0,8,0,1,False,vandal,rifle,,0.8022,0.3622,Derke,Team Vitality,neon,False,,50,0,0,0,7,True,unknown,unknown,,,,Jamppi,Team Vitality,kayo,True,82,19,0,0,0,7,False,phantom,rifle,,0.7944,0.4078,Sayonara,Team Vitality,sova,True,100,50,0,2,0,2,False,phantom,rifle,,0.8589,0.4200,PROFEK,Team Vitality,astra,False,,50,0,0,0,7,True,unknown,unknown,,,
3284.631,6570,ACTIVE_ROUND,22,11,12,,20.804,,s0pp,FUT Esports,chamber,False,,50,1,8,1,4,False,stinger,smg,,,,xeus,FUT Esports,jett,False,,25,0,0,0,7,True,sheriff,sidearm,,,,sociablEE,FUT Esports,fade,False,,25,0,0,0,6,False,vandal,rifle,,,,yetujey,FUT Esports,astra,False,,25,0,0,0,6,False,unknown,unknown,,,,KROSTALY,FUT Esports,kayo,False,,50,0,1,0,1,False,classic,sidearm,,,,Chronicle,Team Vitality,chamber,True,100,50,0,8,0,1,False,vandal,rifle,,0.8200,0.3622,Derke,Team Vitality,neon,False,,50,0,0,0,7,True,unknown,unknown,,,,Jamppi,Team Vitality,kayo,True,82,13,0,0,0,7,False,phantom,rifle,,0.7944,0.4078,Sayonara,Team Vitality,sova,True,100,50,0,2,0,2,False,phantom,rifle,,0.8567,0.4200,PROFEK,Team Vitality,astra,False,,50,0,0,0,7,True,unknown,unknown,,,
